66,15.15,-192.03,0
77,90.91,-190.98,0
89,83.33,-189.88,0
100,90.91,-188.22,0
111,90.91,-187.42,0
123,83.33,-187.48,0
135,83.33,-188.52,0
146,90.91,-190.20,0
157,90.91,-191.37,0
168,90.91,-191.28,0
180,83.33,-190.10,0
192,83.33,-189.29,0
203,90.91,-188.31,0
215,83.33,-188.09,0
226,90.91,-188.76,0
237,90.91,-190.24,0
248,90.91,-192.00,0
261,76.92,-192.27,0
272,90.91,-191.17,0
283,90.91,-189.54,0
294,90.91,-188.77,0
306,83.33,-188.59,0
317,90.91,-188.84,0
329,83.33,-190.33,0
340,90.91,-191.79,0
352,83.33,-191.94,0
363,90.91,-191.62,0
374,90.91,-190.20,0
386,83.33,-189.22,0
398,83.33,-187.80,0
409,90.91,-187.91,0
420,90.91,-189.31,0
432,83.33,-190.88,0
443,90.91,-192.54,0
454,90.91,-192.70,0
466,83.33,-191.15,0
478,83.33,-189.32,0
489,90.91,-188.35,0
500,90.91,-187.59,0
512,83.33,-188.17,0
523,90.91,-190.11,0
535,83.33,-191.95,0
546,90.91,-192.71,0
558,83.33,-191.85,0
569,90.91,-190.38,0
580,90.91,-188.84,0
591,90.91,-188.40,0
604,76.92,-188.69,0
615,90.91,-188.80,0
626,90.91,-189.54,0
637,90.91,-190.69,0
649,83.33,-190.94,0
660,90.91,-190.51,0
672,83.33,-189.62,0
684,83.33,-188.25,0
695,90.91,-188.64,0
706,90.91,-188.84,0
717,90.91,-189.69,0
729,83.33,-191.37,0
741,90.91,-192.35,0
752,83.33,-191.35,0
763,90.91,-189.90,0
775,83.33,-188.75,0
786,90.91,-188.23,0
797,90.91,-187.41,0
809,90.91,-188.55,0
821,76.92,-190.27,0
832,90.91,-191.23,0
843,90.91,-191.65,0
855,83.33,-190.82,0
866,90.91,-189.56,0
878,90.91,-188.28,0
889,83.33,-187.88,0
901,83.33,-188.61,0
912,90.91,-189.96,0
923,90.91,-191.91,0
934,90.91,-193.35,0
947,83.33,-191.96,0
958,83.33,-190.18,0
969,90.91,-189.47,0
980,90.91,-188.84,0
992,83.33,-188.16,0
1003,90.91,-189.01,0
1014,90.91,-190.71,0
1027,76.92,-191.72,0
1038,90.91,-191.42,0
1049,90.91,-190.18,0
1060,90.91,-189.33,0
1072,83.33,-187.87,0
1083,90.91,-188.02,0
1095,83.33,-188.80,0
1106,90.91,-190.03,0
1118,83.33,-191.47,0
1129,90.91,-192.08,0
1140,90.91,-191.82,0
1152,83.33,-190.15,0
1164,83.33,-188.39,0
1175,90.91,-188.04,0
1186,90.91,-187.73,0
1198,83.33,-189.17,0
1209,90.91,-191.00,0
1220,90.91,-192.00,0
1232,83.33,-191.84,0
1244,83.33,-190.40,0
1255,90.91,-189.90,0
1266,90.91,-188.58,0
1277,90.91,-187.58,0
1289,83.33,-188.09,0
1301,83.33,-189.96,0
1312,90.91,-192.03,0
1324,83.33,-192.32,0
1335,90.91,-190.87,0
1346,90.91,-190.05,0
1357,90.91,-189.57,0
1370,76.92,-188.38,0
1381,90.91,-188.14,0
1392,90.91,-189.28,0
1403,90.91,-190.97,0
1415,83.33,-191.88,0
1426,90.91,-191.88,0
1438,83.33,-190.78,0
1449,90.91,-189.14,0
1461,83.33,-187.81,0
1472,90.91,-188.10,0
1483,90.91,-188.69,0
1495,83.33,-189.60,0
1507,83.33,-191.03,0
1518,90.91,-191.97,0
1529,90.91,-191.30,0
1541,83.33,-189.42,0
1552,90.91,-187.96,0
1563,90.91,-187.85,0
1575,83.33,-188.18,0
1587,83.33,-189.27,0
1598,90.91,-190.94,0
1609,90.91,-192.39,0
1620,90.91,-191.93,0
1632,83.33,-189.97,0
1644,83.33,-188.65,0
1655,90.91,-187.97,0
1667,83.33,-187.75,0
1678,90.91,-188.29,0
1689,90.91,-189.78,0
1700,90.91,-191.33,0
1713,76.92,-191.28,0
1724,90.91,-190.97,0
1735,90.91,-190.09,0
1746,90.91,-188.69,0
1758,83.33,-188.49,0
1769,90.91,-189.31,0
1781,83.33,-189.84,0
1793,83.33,-191.34,0
1804,90.91,-192.94,0
1815,90.91,-191.89,0
1826,90.91,-190.57,0
1838,83.33,-189.60,0
1850,83.33,-188.21,0
1861,90.91,-188.00,0
1872,90.91,-189.00,0
1884,83.33,-190.99,0
1895,90.91,-192.09,0
1906,90.91,-192.23,0
1918,83.33,-191.27,0
1930,83.33,-189.60,0
1941,90.91,-188.57,0
1952,90.91,-188.33,0
1964,83.33,-188.56,0
1975,90.91,-189.70,0
1987,90.91,-191.34,0
1998,90.91,-191.74,0
2010,83.33,-191.37,0
2021,90.91,-189.95,0
2032,90.91,-188.64,0
2043,90.91,-187.92,0
2056,83.33,-187.47,0
2067,83.33,-188.71,0
2078,90.91,-190.79,0
2089,90.91,-191.61,0
2101,83.33,-191.21,0
2112,90.91,-190.09,0
2124,90.91,-189.66,0
2136,76.92,-188.32,0
2147,90.91,-187.41,0
2158,90.91,-188.41,0
2169,90.91,-189.96,0
2181,83.33,-191.39,0
2193,90.91,-192.14,0
2204,83.33,-191.49,0
2215,90.91,-189.88,0
2227,83.33,-188.23,0
2238,90.91,-187.63,0
2249,90.91,-188.06,0
2262,90.91,-188.45,0
2273,76.92,-190.12,0
2284,90.91,-191.46,0
2295,90.91,-191.45,0
2307,83.33,-189.74,0
2318,90.91,-188.02,0
2329,90.91,-187.25,0
2341,83.33,-186.61,0
2353,83.33,-187.63,0
2364,90.91,-189.23,0
2375,90.91,-191.30,0
2386,90.91,-191.64,0
2398,83.33,-191.09,0
2410,83.33,-189.71,0
2421,90.91,-188.40,0
2433,83.33,-187.77,0
2444,90.91,-189.07,0
2455,90.91,-189.77,0
2466,90.91,-191.51,0
2479,76.92,-191.65,0
2490,90.91,-191.96,0
2501,90.91,-190.95,0
2512,90.91,-189.71,0
2524,83.33,-188.38,0
2535,90.91,-188.05,0
2547,83.33,-188.68,0
2558,90.91,-190.26,0
2570,83.33,-191.89,0
2581,90.91,-192.56,0
2592,90.91,-191.41,0
2604,83.33,-189.93,0
2616,83.33,-188.57,0
2627,90.91,-187.70,0
2638,90.91,-188.18,0
2650,83.33,-189.32,0
2661,90.91,-191.37,0
2672,90.91,-192.16,0
2684,83.33,-191.93,0
2696,83.33,-190.03,0
2707,90.91,-188.81,0
2718,90.91,-188.54,0
2729,90.91,-188.55,0
2741,83.33,-189.03,0
2753,83.33,-190.32,0
2764,90.91,-192.06,0
2776,83.33,-192.22,0
2787,90.91,-191.41,0
2798,90.91,-189.66,0
2809,90.91,-188.63,0
2822,76.92,-187.92,0
2833,90.91,-188.36,0
2844,90.91,-190.12,0
2855,90.91,-191.39,0
2867,83.33,-191.73,0
2878,90.91,-191.57,0
2890,83.33,-190.52,0
2902,83.33,-188.56,0
2913,90.91,-187.36,0
2924,90.91,-187.79,0
2935,90.91,-188.87,0
2947,83.33,-190.88,0
2959,83.33,-191.99,0
2970,90.91,-192.64,0
2981,90.91,-191.57,0
2993,83.33,-190.12,0
3004,90.91,-188.45,0
3015,90.91,-187.80,0
3027,83.33,-188.29,0
3039,83.33,-189.70,0
3050,90.91,-191.42,0
3061,90.91,-192.51,0
3073,83.33,-191.51,0
3084,90.91,-190.04,0
3096,83.33,-188.67,0
3107,90.91,-188.20,0
3119,83.33,-189.06,0
3130,90.91,-189.52,0
3141,90.91,-190.87,0
3152,90.91,-192.87,0
3165,76.92,-192.18,0
3176,90.91,-190.50,0
3187,90.91,-189.19,0
3198,90.91,-188.72,0
3210,83.33,-187.82,0
3221,90.91,-188.01,0
3233,83.33,-189.49,0
3245,83.33,-190.88,0
3256,90.91,-191.61,0
3267,90.91,-190.82,0
3278,90.91,-189.59,0
3290,83.33,-188.41,0
3302,83.33,-188.09,0
3313,90.91,-188.49,0
3324,90.91,-188.90,0
3336,83.33,-190.60,0
3347,90.91,-191.88,0
3358,90.91,-191.45,0
3371,90.91,-191.12,0
3382,90.91,-189.83,0
3393,90.91,-188.21,0
3404,90.91,-188.01,0
3416,83.33,-188.60,0
3427,90.91,-190.18,0
3439,90.91,-191.42,0
3450,83.33,-191.87,0
3462,83.33,-191.87,0
3473,90.91,-189.93,0
3484,90.91,-188.40,0
3495,90.91,-187.77,0
3508,83.33,-187.91,0
3519,83.33,-189.24,0
3530,90.91,-191.30,0
3542,83.33,-192.37,0
3553,90.91,-191.77,0
3564,90.91,-189.89,0
3576,90.91,-189.02,0
3588,76.92,-187.76,0
3599,90.91,-187.64,0
3610,90.91,-188.96,0
3621,90.91,-189.60,0
3633,83.33,-190.88,0
3644,90.91,-191.78,0
3656,83.33,-191.88,0
3667,90.91,-189.94,0
3679,83.33,-189.07,0
3690,90.91,-187.65,0
3701,90.91,-187.49,0
3713,83.33,-188.58,0
3725,83.33,-190.48,0
3736,90.91,-192.30,0
3747,90.91,-192.23,0
3759,83.33,-190.93,0
3770,90.91,-189.08,0
3781,90.91,-187.65,0
3793,83.33,-188.32,0
3805,83.33,-188.65,0
3816,90.91,-189.90,0
3827,90.91,-191.64,0
3838,90.91,-192.12,0
3850,83.33,-191.50,0
3862,83.33,-189.68,0
3873,90.91,-188.64,0
3885,83.33,-188.21,0
3896,90.91,-188.44,0
3907,90.91,-189.31,0
3918,90.91,-190.50,0
3931,76.92,-191.76,0
3942,90.91,-191.54,0
3953,90.91,-190.22,0
3964,90.91,-189.99,0
3976,83.33,-188.30,0
3987,90.91,-188.34,0
3999,83.33,-188.69,0
4011,83.33,-190.48,0
4022,90.91,-192.17,0
4033,90.91,-192.43,0
4044,90.91,-191.21,0
4056,83.33,-189.74,0
4068,83.33,-188.75,0
4079,90.91,-188.14,0
4090,90.91,-187.87,0
4102,83.33,-189.33,0
4113,90.91,-190.87,0
4124,90.91,-191.88,0
4136,83.33,-192.27,0
4148,83.33,-190.11,0
4159,90.91,-188.37,0
4170,90.91,-187.80,0
4182,83.33,-187.67,0
4193,90.91,-187.95,0
4205,83.33,-189.67,0
4216,90.91,-191.81,0
4228,83.33,-191.85,0
4239,90.91,-190.46,0
4250,90.91,-189.49,0
4261,90.91,-188.00,0
4274,76.92,-187.75,0
4285,90.91,-187.52,0
4296,90.91,-189.19,0
4307,90.91,-191.55,0
4319,83.33,-192.81,0
4330,90.91,-192.40,0
4342,83.33,-190.98,0
4354,83.33,-188.90,0
4365,90.91,-187.44,0
4376,90.91,-188.69,0
4387,90.91,-189.09,0
4399,83.33,-190.84,0
4411,83.33,-192.55,0
4422,90.91,-192.45,0
4433,90.91,-191.07,0
4445,83.33,-189.48,0
4456,90.91,-188.75,0
4467,90.91,-188.68,0
4480,76.92,-189.03,0
4491,90.91,-190.32,0
4502,90.91,-191.98,0
4513,90.91,-192.93,0
4525,83.33,-191.95,0
4536,90.91,-190.77,0
4548,83.33,-189.29,0
4559,90.91,-188.60,0
4571,83.33,-188.09,0
4582,90.91,-189.06,0
4593,90.91,-190.51,0
4604,90.91,-192.33,0
4617,76.92,-192.50,0
4628,90.91,-190.88,0
4639,90.91,-189.04,0
4651,83.33,-188.09,0
4662,90.91,-187.99,0
4673,90.91,-188.20,0
4685,83.33,-189.88,0
4697,83.33,-191.23,0
4708,90.91,-192.20,0
4719,90.91,-190.94,0
4730,90.91,-189.89,0
4742,83.33,-188.69,0
4754,83.33,-188.21,0
4765,90.91,-187.98,0
4776,90.91,-188.91,0
4788,83.33,-189.92,0
4799,90.91,-191.43,0
4810,90.91,-191.49,0
4823,76.92,-190.58,0
4834,90.91,-189.16,0
4845,90.91,-187.81,0
4856,90.91,-187.58,0
4868,83.33,-188.30,0
4879,90.91,-189.73,0
4891,83.33,-191.06,0
4902,90.91,-192.19,0
4914,83.33,-192.01,0
4925,90.91,-190.11,0
4936,90.91,-188.68,0
4947,90.91,-188.24,0
4960,76.92,-188.43,0
4971,90.91,-189.52,0
4982,90.91,-191.13,0
4994,83.33,-192.70,0
5005,90.91,-192.73,0
5016,90.91,-190.59,0
5028,90.91,-189.40,0
5040,76.92,-188.32,0
5051,90.91,-188.80,0
5062,90.91,-189.43,0
5073,90.91,-191.00,0
5085,83.33,-192.38,0
5097,90.91,-193.33,0
5108,83.33,-191.56,0
5120,83.33,-189.73,0
5131,90.91,-188.52,0
5142,90.91,-187.22,0
5153,90.91,-187.49,0
5166,83.33,-189.16,0
5177,83.33,-190.87,0
5188,90.91,-192.46,0
5199,90.91,-192.36,0
5211,83.33,-190.73,0
5222,90.91,-189.05,0
5234,90.91,-188.45,0
5245,83.33,-188.27,0
5257,83.33,-188.37,0
5268,90.91,-190.44,0
5279,90.91,-191.63,0
5291,83.33,-191.50,0
5303,90.91,-191.16,0
5314,83.33,-189.70,0
5325,90.91,-188.13,0
5337,83.33,-187.27,0
5348,90.91,-187.50,0
5359,90.91,-188.57,0
5370,90.91,-190.42,0
5383,76.92,-191.79,0
5394,90.91,-191.36,0
5405,90.91,-190.28,0
5416,90.91,-189.11,0
5428,83.33,-188.63,0
5439,90.91,-188.15,0
5451,83.33,-188.88,0
5463,83.33,-190.73,0
5474,90.91,-192.13,0
5485,90.91,-192.44,0
5496,90.91,-191.89,0
5508,83.33,-190.55,0
5520,83.33,-189.05,0
5531,90.91,-188.43,0
5542,90.91,-188.77,0
5554,83.33,-189.96,0
5565,90.91,-190.68,0
5576,90.91,-191.86,0
5588,83.33,-191.88,0
5600,83.33,-190.67,0
5611,90.91,-189.64,0
5622,90.91,-189.04,0
5634,83.33,-188.48,0
5645,90.91,-188.64,0
5657,83.33,-190.65,0
5668,90.91,-191.89,0
5680,83.33,-192.27,0
5691,90.91,-191.36,0
5702,90.91,-189.76,0
5713,90.91,-188.33,0
5726,76.92,-188.16,0
5737,90.91,-188.52,0
5748,90.91,-189.77,0
5760,83.33,-190.94,0
5771,90.91,-192.09,0
5782,90.91,-191.69,0
5794,83.33,-190.16,0
5806,83.33,-189.31,0
5817,90.91,-187.74,0
5828,90.91,-187.04,0
5839,90.91,-188.54,0
5851,83.33,-190.50,0
5863,83.33,-191.69,0
5874,90.91,-192.32,0
5885,90.91,-191.65,0
5897,83.33,-189.63,0
5908,90.91,-188.21,0
5919,90.91,-187.76,0
5932,76.92,-188.00,0
5943,90.91,-189.38,0
5954,90.91,-191.45,0
5965,90.91,-192.13,0
5977,83.33,-191.20,0
5988,90.91,-189.97,0
6000,83.33,-189.03,0
6011,90.91,-188.11,0
6023,83.33,-188.39,0
6034,90.91,-189.04,0
6045,90.91,-190.91,0
6056,90.91,-192.10,0
6069,76.92,-192.10,0
6080,90.91,-190.70,0
6091,90.91,-189.64,0
6103,83.33,-188.39,0
6114,90.91,-187.90,0
6125,90.91,-188.17,0
6137,83.33,-189.77,0
6149,83.33,-191.82,0
6160,90.91,-192.31,0
6171,90.91,-190.77,0
6182,90.91,-190.08,0
6194,83.33,-188.91,0
6206,83.33,-188.15,0
6217,90.91,-188.03,0
6228,90.91,-188.86,0
6240,83.33,-190.83,0
6251,90.91,-192.80,0
6262,90.91,-191.92,0
6275,76.92,-191.29,0
6286,90.91,-189.97,0
6297,90.91,-188.32,0
6308,90.91,-186.82,0
6320,83.33,-187.97,0
6331,90.91,-189.81,0
6343,90.91,-191.44,0
6354,83.33,-191.81,0
6366,83.33,-190.34,0
6377,90.91,-189.31,0
6388,90.91,-188.50,0
6400,83.33,-188.16,0
6412,90.91,-188.31,0
6423,83.33,-189.68,0
6434,90.91,-191.33,0
6446,83.33,-192.57,0
6457,90.91,-191.84,0
6468,90.91,-190.37,0
6480,90.91,-188.89,0
6492,76.92,-187.68,0
6503,90.91,-187.96,0
6514,90.91,-189.13,0
6525,90.91,-190.46,0
6537,83.33,-191.63,0
6549,90.91,-192.27,0
6560,83.33,-190.97,0
6572,83.33,-189.22,0
6583,90.91,-188.10,0
6594,90.91,-187.90,0
6605,90.91,-188.41,0
6618,83.33,-189.35,0
6629,83.33,-190.57,0
6640,90.91,-191.98,0
6651,90.91,-191.76,0
6663,83.33,-190.69,0
6674,90.91,-189.53,0
6685,90.91,-187.94,0
6697,83.33,-188.05,0
6709,83.33,-188.28,0
6720,90.91,-190.04,0
6731,90.91,-191.59,0
6743,83.33,-191.98,0
6754,90.91,-190.48,0
6766,83.33,-188.92,0
6777,90.91,-188.44,0
6789,83.33,-187.89,0
6800,90.91,-187.81,0
6811,90.91,-189.28,0
6822,90.91,-191.17,0
6835,76.92,-192.54,0
6846,90.91,-191.64,0
6857,90.91,-190.05,0
6868,90.91,-189.11,0
6880,83.33,-188.14,0
6891,90.91,-187.80,0
6903,83.33,-188.78,0
6915,83.33,-190.57,0
6926,90.91,-191.07,0
6937,90.91,-191.27,0
6948,90.91,-190.14,0
6960,83.33,-189.02,0
6972,83.33,-188.12,0
6983,90.91,-186.97,0
6994,90.91,-187.77,0
7006,83.33,-189.47,0
7017,90.91,-191.29,0
7028,90.91,-192.40,0
7041,76.92,-191.19,0
7052,90.91,-189.79,0
7063,90.91,-188.98,0
7074,90.91,-188.18,0
7086,83.33,-189.07,0
7097,90.91,-189.51,0
7109,83.33,-190.63,0
7120,90.91,-191.77,0
7132,83.33,-191.46,0
7143,90.91,-190.45,0
7154,90.91,-189.32,0
7165,90.91,-187.88,0
7178,76.92,-187.09,0
7189,90.91,-187.95,0
7200,90.91,-189.97,0
7212,83.33,-191.30,0
7223,90.91,-192.42,0
7234,90.91,-191.48,0
7246,83.33,-190.33,0
7258,83.33,-188.92,0
7269,90.91,-188.06,0
7280,90.91,-188.59,0
7291,90.91,-189.28,0
7303,83.33,-190.94,0
7315,83.33,-191.75,0
7326,90.91,-191.57,0
7337,90.91,-190.03,0
7349,83.33,-189.14,0
7360,90.91,-188.25,0
7371,90.91,-187.64,0
7384,76.92,-187.88,0
7395,90.91,-189.70,0
7406,90.91,-191.11,0
7417,90.91,-192.43,0
7429,83.33,-192.07,0
7440,90.91,-190.93,0
7452,83.33,-189.59,0
7463,90.91,-188.36,0
7475,83.33,-188.95,0
7486,90.91,-189.86,0
7497,90.91,-191.35,0
7508,90.91,-192.33,0
7521,76.92,-191.64,0
7532,90.91,-190.12,0
7543,90.91,-188.83,0
7555,83.33,-187.90,0
7566,90.91,-187.25,0
7577,90.91,-187.98,0
7589,83.33,-190.10,0
7601,83.33,-191.92,0
7612,90.91,-192.63,0
7623,90.91,-191.39,0
7634,90.91,-189.94,0
7646,83.33,-188.90,0
7658,83.33,-188.90,0
7669,90.91,-189.03,0
7681,83.33,-190.07,0
7692,90.91,-191.39,0
7703,90.91,-192.06,0
7714,90.91,-191.16,0
7727,76.92,-190.10,0
7738,90.91,-188.72,0
7749,90.91,-187.54,0
7760,90.91,-187.11,0
7772,83.33,-187.81,0
7783,90.91,-190.23,0
7795,83.33,-191.42,0
7806,90.91,-192.07,0
7818,83.33,-190.69,0
7829,90.91,-189.25,0
7840,90.91,-188.40,0
7852,83.33,-187.95,0
7864,90.91,-188.26,0
7875,83.33,-190.02,0
7886,90.91,-191.50,0
7898,83.33,-191.91,0
7909,90.91,-191.81,0
7920,90.91,-190.35,0
7932,90.91,-188.82,0
7944,76.92,-188.03,0
7955,90.91,-187.63,0
7966,90.91,-188.38,0
7977,90.91,-190.03,0
7989,83.33,-191.44,0
8001,90.91,-191.62,0
8012,83.33,-190.46,0
8024,83.33,-189.27,0
8035,90.91,-188.66,0
8046,90.91,-188.67,0
8057,90.91,-189.02,0
8070,83.33,-189.81,0
8081,83.33,-191.87,0
8092,90.91,-192.91,0
8103,90.91,-192.25,0
8115,83.33,-190.42,0
8126,90.91,-189.31,0
8138,90.91,-187.95,0
8150,76.92,-188.13,0
8161,90.91,-188.74,0
8172,90.91,-190.13,0
8183,90.91,-191.27,0
8195,83.33,-191.59,0
8206,90.91,-190.49,0
8218,83.33,-189.01,0
8229,90.91,-187.55,0
8241,83.33,-187.56,0
8252,90.91,-188.23,0
8263,90.91,-189.46,0
8274,90.91,-191.08,0
8287,76.92,-191.96,0
8298,90.91,-190.86,0
8309,90.91,-189.52,0
8321,83.33,-189.13,0
8332,90.91,-188.52,0
8343,90.91,-188.41,0
8355,83.33,-188.81,0
8367,83.33,-190.38,0
8378,90.91,-191.54,0
8389,90.91,-191.89,0
8400,90.91,-191.56,0
8412,83.33,-190.17,0
8424,83.33,-188.50,0
8435,90.91,-187.76,0
8446,90.91,-188.77,0
8458,83.33,-190.22,0
8469,90.91,-191.39,0
8480,90.91,-192.26,0
8493,76.92,-191.00,0
8504,90.91,-189.64,0
8515,90.91,-187.46,0
8526,90.91,-187.19,0
8538,83.33,-186.93,0
8549,90.91,-187.80,0
8561,83.33,-190.35,0
8572,90.91,-191.66,0
8584,83.33,-191.70,0
8595,90.91,-189.65,0
8606,90.91,-188.78,0
8617,90.91,-189.04,0
8630,76.92,-188.70,0
8641,90.91,-189.00,0
8652,90.91,-190.68,0
8664,83.33,-192.16,0
8675,90.91,-192.30,0
8686,90.91,-191.81,0
8698,83.33,-190.34,0
8710,83.33,-188.67,0
8721,90.91,-188.12,0
8732,90.91,-188.19,0
8743,90.91,-189.68,0
8755,83.33,-191.32,0
8767,83.33,-191.53,0
8778,90.91,-191.59,0
8790,83.33,-189.90,0
8801,90.91,-188.57,0
8812,90.91,-187.94,0
8823,90.91,-187.89,0
8836,76.92,-189.01,0
8847,90.91,-190.75,0
8858,90.91,-192.83,0
8869,90.91,-193.00,0
8881,83.33,-191.50,0
8892,90.91,-189.93,0
8904,83.33,-189.11,0
8915,90.91,-188.35,0
8927,83.33,-188.62,0
8938,90.91,-189.29,0
8949,90.91,-190.95,0
8961,83.33,-192.15,0
8973,83.33,-191.75,0
8984,90.91,-190.40,0
8995,90.91,-188.97,0
9007,83.33,-188.60,0
9018,90.91,-188.12,0
9029,90.91,-189.05,0
9041,83.33,-190.47,0
9053,83.33,-192.14,0
9064,90.91,-192.35,0
9075,90.91,-190.87,0
9086,90.91,-189.40,0
9098,83.33,-188.19,0
9110,83.33,-187.64,0
9121,90.91,-187.99,0
9133,83.33,-189.56,0
9144,90.91,-191.21,0
9155,90.91,-191.95,0
9166,90.91,-191.51,0
9179,76.92,-189.77,0
9190,90.91,-188.20,0
9201,90.91,-187.96,0
9212,90.91,-187.39,0
9224,83.33,-188.73,0
9235,90.91,-190.95,0
9247,83.33,-191.74,0
9259,83.33,-192.12,0
9270,90.91,-191.09,0
9281,90.91,-189.98,0
9292,90.91,-188.56,0
9304,83.33,-187.86,0
9316,83.33,-188.27,0
9327,90.91,-190.16,0
9338,90.91,-191.81,0
9350,83.33,-192.27,0
9361,90.91,-191.02,0
9372,90.91,-189.37,0
9384,83.33,-188.28,0
9396,83.33,-187.98,0
9407,90.91,-187.94,0
9418,90.91,-189.15,0
9430,83.33,-190.42,0
9441,90.91,-192.38,0
9453,83.33,-192.01,0
9464,90.91,-190.54,0
9476,83.33,-189.61,0
9487,90.91,-188.03,0
9498,90.91,-187.73,0
9509,90.91,-187.79,0
9522,76.92,-189.63,0
9533,90.91,-191.63,0
9544,90.91,-192.28,0
9555,90.91,-191.85,0
9567,83.33,-190.21,0
9578,90.91,-189.06,0
9590,83.33,-188.00,0
9602,83.33,-188.12,0
9613,90.91,-189.19,0
9624,90.91,-191.08,0
9635,90.91,-193.07,0
9647,83.33,-192.22,0
9659,90.91,-190.71,0
9670,83.33,-189.69,0
9681,90.91,-188.09,0
9693,83.33,-187.73,0
9704,90.91,-188.97,0
9715,90.91,-190.17,0
9728,90.91,-192.33,0
9739,76.92,-192.36,0
9750,90.91,-191.30,0
9761,90.91,-190.49,0
9773,83.33,-189.36,0
9784,90.91,-187.97,0
9796,90.91,-188.25,0
9807,83.33,-190.07,0
9819,83.33,-191.62,0
9830,90.91,-192.34,0
9841,90.91,-191.92,0
9852,90.91,-190.95,0
9865,83.33,-189.26,0
9876,83.33,-188.06,0
9887,90.91,-187.39,0
9899,83.33,-188.66,0
9910,90.91,-189.91,0
9921,90.91,-191.43,0
9933,90.91,-191.43,0
9945,76.92,-191.04,0
9956,90.91,-189.69,0
9967,90.91,-189.01,0
9978,90.91,-188.24,0
9990,83.33,-188.11,0
10001,90.91,-189.71,0
10013,83.33,-191.47,0
10024,90.91,-192.50,0
10036,83.33,-192.04,0
10047,90.91,-190.85,0
10058,90.91,-189.46,0
10070,83.33,-188.52,0
10082,83.33,-188.78,0
10093,90.91,-189.07,0
10104,90.91,-191.25,0
10116,83.33,-192.05,0
10127,90.91,-192.03,0
10138,90.91,-190.89,0
10150,83.33,-189.64,0
10162,83.33,-188.60,0
10173,90.91,-187.85,0
10184,90.91,-187.92,0
10195,90.91,-189.66,0
10207,83.33,-191.37,0
10219,83.33,-191.81,0
10230,90.91,-191.10,0
10242,83.33,-190.59,0
10253,90.91,-189.08,0
10264,90.91,-188.01,0
10275,90.91,-188.15,0
10288,76.92,-188.84,0
10299,90.91,-190.95,0
10310,90.91,-191.75,0
10321,90.91,-191.66,0
10333,83.33,-190.86,0
10344,90.91,-189.46,0
10356,83.33,-188.72,0
10368,83.33,-188.09,0
10379,90.91,-188.44,0
10390,90.91,-189.88,0
10401,90.91,-191.41,0
10413,83.33,-192.48,0
10425,83.33,-191.28,0
10436,90.91,-190.11,0
10447,90.91,-189.15,0
10459,83.33,-187.59,0
10470,90.91,-187.87,0
10481,90.91,-189.23,0
10493,83.33,-190.62,0
10505,83.33,-191.92,0
10516,90.91,-191.56,0
10527,90.91,-190.36,0
10539,83.33,-189.24,0
10550,90.91,-188.57,0
10562,83.33,-187.96,0
10573,90.91,-188.48,0
10585,83.33,-189.91,0
10596,90.91,-191.66,0
10607,90.91,-192.53,0
10618,90.91,-191.86,0
10631,76.92,-190.17,0
10642,90.91,-189.23,0
10653,90.91,-187.85,0
10664,90.91,-187.06,0
10676,83.33,-188.27,0
10687,90.91,-190.52,0
10699,83.33,-191.83,0
10711,83.33,-191.91,0
10722,90.91,-190.92,0
10733,90.91,-189.05,0
10744,90.91,-188.01,0
10756,83.33,-187.78,0
10768,83.33,-187.91,0
10779,90.91,-190.00,0
10790,90.91,-192.06,0
10802,83.33,-192.30,0
10813,90.91,-191.20,0
10824,90.91,-189.80,0
10836,83.33,-189.19,0
10848,83.33,-188.53,0
10859,90.91,-188.23,0
10870,90.91,-189.51,0
10882,83.33,-191.23,0
10893,90.91,-192.05,0
10905,83.33,-191.57,0
10916,90.91,-190.24,0
10928,83.33,-189.15,0
10939,90.91,-188.62,0
10950,90.91,-188.22,0
10961,90.91,-188.45,0
10974,76.92,-190.26,0
10985,90.91,-192.02,0
10996,90.91,-192.16,0
11008,83.33,-191.43,0
11019,90.91,-189.94,0
11030,90.91,-188.91,0
11042,83.33,-188.03,0
11054,83.33,-188.25,0
11065,90.91,-189.54,0
11076,90.91,-190.64,0
11087,90.91,-191.70,0
11099,83.33,-191.15,0
11111,83.33,-189.51,0
11122,90.91,-188.87,0
11133,90.91,-188.09,0
11145,83.33,-187.99,0
11156,90.91,-188.68,0
11167,90.91,-190.39,0
11180,76.92,-192.00,0
11191,90.91,-192.38,0
11202,90.91,-191.76,0
11213,90.91,-190.38,0
11225,83.33,-188.66,0
11236,90.91,-188.31,0
11248,83.33,-187.95,0
11259,90.91,-189.35,0
11271,83.33,-191.32,0
11282,90.91,-191.53,0
11293,90.91,-191.70,0
11304,90.91,-190.45,0
11317,83.33,-189.06,0
11328,83.33,-188.03,0
11339,90.91,-187.52,0
11351,83.33,-188.35,0
11362,90.91,-189.96,0
11373,90.91,-191.98,0
11385,90.91,-192.36,0
11397,76.92,-191.13,0
11408,90.91,-189.87,0
11419,90.91,-188.40,0
11430,90.91,-187.36,0
11442,83.33,-188.08,0
11454,90.91,-188.88,0
11465,83.33,-190.71,0
11476,90.91,-191.45,0
11488,83.33,-190.96,0
11499,90.91,-189.60,0
11510,90.91,-188.28,0
11523,83.33,-187.91,0
11534,83.33,-187.82,0
11545,90.91,-188.24,0
11556,90.91,-190.08,0
11568,83.33,-191.55,0
11579,90.91,-191.62,0
11591,90.91,-191.35,0
11602,83.33,-190.07,0
11614,83.33,-189.18,0
11625,90.91,-187.88,0
11636,90.91,-188.14,0
11648,83.33,-188.96,0
11659,90.91,-190.50,0
11671,83.33,-191.38,0
11682,90.91,-190.85,0
11694,83.33,-189.37,0
11705,90.91,-188.28,0
11716,90.91,-187.35,0
11727,90.91,-187.45,0
11740,76.92,-188.82,0
11751,90.91,-191.07,0
11762,90.91,-192.19,0
11773,90.91,-192.32,0
11785,83.33,-191.08,0
11796,90.91,-189.83,0
11808,83.33,-188.48,0
11820,83.33,-188.28,0
11831,90.91,-188.29,0
11842,90.91,-189.80,0
11853,90.91,-191.18,0
11865,83.33,-192.22,0
11877,83.33,-191.38,0
11888,90.91,-190.00,0
11899,90.91,-188.22,0
11911,83.33,-187.94,0
11922,90.91,-187.80,0
11933,90.91,-188.84,0
11945,83.33,-191.55,0
11957,83.33,-192.50,0
11968,90.91,-193.14,0
11979,90.91,-192.14,0
11991,83.33,-189.89,0
12002,90.91,-188.89,0
12014,83.33,-188.15,0
12025,90.91,-188.54,0
12037,83.33,-190.12,0
12048,90.91,-191.32,0
12059,90.91,-191.51,0
12070,90.91,-190.47,0
12083,76.92,-189.35,0
12094,90.91,-188.48,0
12105,90.91,-187.92,0
12116,90.91,-188.27,0
12128,83.33,-189.36,0
12139,90.91,-191.48,0
12151,83.33,-192.21,0
12163,83.33,-191.94,0
12174,90.91,-190.61,0
12185,90.91,-189.37,0
12196,90.91,-189.16,0
12208,83.33,-188.05,0
12220,83.33,-188.59,0
12231,90.91,-190.32,0
12242,90.91,-191.81,0
12254,83.33,-192.17,0
12265,90.91,-190.50,0
12276,90.91,-189.38,0
12289,76.92,-188.29,0
12300,90.91,-187.89,0
12311,90.91,-188.60,0
12322,90.91,-189.15,0
12334,83.33,-191.71,0
12345,90.91,-192.80,0
12357,83.33,-192.55,0
12368,90.91,-191.21,0
12380,83.33,-189.94,0
12391,90.91,-188.96,0
12402,90.91,-188.89,0
12413,90.91,-189.57,0
12426,76.92,-190.85,0
12437,90.91,-192.41,0
12448,90.91,-193.07,0
12460,83.33,-192.08,0
12471,90.91,-190.40,0
12482,90.91,-189.15,0
12494,83.33,-188.21,0
12506,83.33,-188.64,0
12517,90.91,-189.87,0
12528,90.91,-191.92,0
12539,90.91,-192.37,0
12551,83.33,-191.69,0
12563,83.33,-190.40,0
12574,90.91,-189.43,0
12585,90.91,-189.10,0
12597,83.33,-188.57,0
12608,90.91,-189.20,0
12619,90.91,-190.41,0
12632,83.33,-191.00,0
12643,83.33,-191.28,0
12654,90.91,-189.94,0
12665,90.91,-189.39,0
12677,83.33,-188.53,0
12688,90.91,-187.57,0
12700,90.91,-187.44,0
12711,83.33,-189.03,0
12723,83.33,-191.12,0
12734,90.91,-191.25,0
12745,90.91,-190.86,0
12756,90.91,-190.05,0
12769,83.33,-188.84,0
12780,83.33,-188.50,0
12791,90.91,-188.74,0
12803,83.33,-189.24,0
12814,90.91,-190.46,0
12825,90.91,-191.38,0
12836,90.91,-191.52,0
12849,76.92,-190.75,0
12860,90.91,-189.73,0
12871,90.91,-188.77,0
12882,90.91,-188.07,0
12894,83.33,-188.40,0
12905,90.91,-189.85,0
12917,83.33,-191.68,0
12929,83.33,-192.81,0
12940,90.91,-191.70,0
12951,90.91,-189.91,0
12962,90.91,-189.20,0
12974,83.33,-189.09,0
12986,83.33,-188.58,0
12997,90.91,-189.38,0
13008,90.91,-190.73,0
13020,83.33,-191.89,0
13031,90.91,-191.83,0
13042,90.91,-190.16,0
13054,83.33,-188.89,0
13066,83.33,-188.00,0
13077,90.91,-187.94,0
13088,90.91,-188.66,0
13100,83.33,-189.67,0
13111,90.91,-191.40,0
13123,83.33,-192.43,0
13134,90.91,-191.48,0
13146,83.33,-189.83,0
13157,90.91,-189.09,0
13168,90.91,-188.51,0
13179,90.91,-188.59,0
13192,76.92,-190.14,0
13203,90.91,-191.29,0
13214,90.91,-192.06,0
13225,90.91,-192.12,0
13237,83.33,-190.80,0
13248,90.91,-189.12,0
13260,83.33,-187.48,0
13272,83.33,-187.30,0
13283,90.91,-187.82,0
13294,90.91,-189.53,0
13305,90.91,-191.07,0
13317,83.33,-191.93,0
13329,83.33,-191.01,0
13340,90.91,-190.18,0
13351,90.91,-189.26,0
13363,83.33,-188.39,0
13374,90.91,-188.83,0
13385,90.91,-189.88,0
13398,76.92,-191.49,0
13409,90.91,-192.60,0
13420,90.91,-192.01,0
13431,90.91,-190.42,0
13443,83.33,-189.19,0
13454,90.91,-188.24,0
13466,83.33,-187.76,0
13477,90.91,-187.91,0
13489,83.33,-189.98,0
13500,90.91,-191.39,0
13511,90.91,-191.80,0
13522,90.91,-191.18,0
13535,76.92,-189.52,0
13546,90.91,-188.58,0
13557,90.91,-188.57,0
13569,83.33,-188.90,0
13580,90.91,-190.00,0
13591,90.91,-190.97,0
13603,83.33,-191.93,0
13615,83.33,-191.86,0
13626,90.91,-190.14,0
13637,90.91,-189.03,0
13648,90.91,-188.48,0
13660,83.33,-188.54,0
13672,83.33,-188.65,0
13683,90.91,-189.96,0
13694,90.91,-191.14,0
13706,83.33,-191.78,0
13717,90.91,-191.98,0
13728,90.91,-190.06,0
13741,76.92,-189.39,0
13752,90.91,-189.43,0
13763,90.91,-189.67,0
13774,90.91,-190.52,0
13786,83.33,-191.35,0
13797,90.91,-192.14,0
13809,83.33,-191.60,0
13820,90.91,-190.37,0
13832,83.33,-189.43,0
13843,90.91,-188.74,0
13854,90.91,-188.55,0
13865,90.91,-188.71,0
13878,76.92,-189.79,0
13889,90.91,-191.30,0
13900,90.91,-192.01,0
13912,83.33,-191.06,0
13923,90.91,-189.82,0
13934,90.91,-188.74,0
13946,83.33,-188.41,0
13958,83.33,-188.62,0
13969,90.91,-189.98,0
13980,90.91,-191.56,0
13991,90.91,-192.81,0
14003,83.33,-192.28,0
14015,90.91,-190.18,0
14026,83.33,-188.91,0
14038,83.33,-187.33,0
14049,90.91,-187.13,0
14060,90.91,-188.52,0
14071,90.91,-190.74,0
14084,83.33,-191.78,0
14095,83.33,-191.63,0
14106,90.91,-190.96,0
14117,90.91,-190.19,0
14129,83.33,-188.69,0
14140,90.91,-188.04,0
14152,90.91,-189.02,0
14163,83.33,-190.82,0
14175,83.33,-191.98,0
14186,90.91,-192.39,0
14197,90.91,-192.01,0
14209,83.33,-190.66,0
14221,90.91,-189.29,0
14232,83.33,-187.56,0
14243,90.91,-188.07,0
14255,83.33,-189.03,0
14266,90.91,-190.48,0
14277,90.91,-191.97,0
14288,90.91,-192.31,0
14301,76.92,-191.10,0
14312,90.91,-189.46,0
14323,90.91,-189.24,0
14334,90.91,-188.13,0
14346,83.33,-188.30,0
14357,90.91,-189.28,0
14369,83.33,-191.50,0
14381,83.33,-192.08,0
14392,90.91,-191.30,0
14403,90.91,-190.33,0
14414,90.91,-189.01,0
14426,83.33,-187.72,0
14438,83.33,-187.94,0
14449,90.91,-188.27,0
14460,90.91,-190.62,0
14472,83.33,-192.07,0
14483,90.91,-192.18,0
14494,90.91,-191.14,0
14507,76.92,-189.31,0
14518,90.91,-188.63,0
14529,90.91,-188.44,0
14540,90.91,-189.38,0
14552,83.33,-190.31,0
14563,90.91,-192.09,0
14575,83.33,-192.96,0
14586,90.91,-191.68,0
14598,83.33,-190.37,0
14609,90.91,-188.62,0
14620,90.91,-187.67,0
14631,90.91,-187.48,0
14644,76.92,-188.34,0
14655,90.91,-191.52,0
14666,90.91,-192.34,0
14678,83.33,-192.10,0
14689,90.91,-191.29,0
14700,90.91,-189.93,0
14712,83.33,-188.57,0
14724,83.33,-187.84,0
14735,90.91,-188.36,0
14746,90.91,-190.21,0
14757,90.91,-191.47,0
14769,83.33,-192.10,0
14781,83.33,-191.63,0
14792,90.91,-190.06,0
14803,90.91,-189.34,0
14815,83.33,-187.94,0
14826,90.91,-187.87,0
14837,90.91,-188.81,0
14850,76.92,-190.31,0
14861,90.91,-191.45,0
14872,90.91,-191.79,0
14883,90.91,-190.86,0
14895,83.33,-189.38,0
14906,90.91,-188.12,0
14918,83.33,-187.72,0
14929,90.91,-188.33,0
14941,83.33,-189.48,0
14952,90.91,-191.33,0
14963,90.91,-192.48,0
14974,90.91,-191.84,0
14987,76.92,-189.80,0
14998,90.91,-188.45,0
15009,90.91,-188.28,0
15021,83.33,-188.57,0
15032,90.91,-189.33,0
15043,90.91,-190.61,0
15055,83.33,-192.02,0
15067,83.33,-191.48,0
15078,90.91,-190.55,0
15089,90.91,-188.80,0
15100,90.91,-188.57,0
15112,83.33,-188.02,0
15124,83.33,-188.25,0
15135,90.91,-190.28,0
15147,83.33,-191.89,0
15158,90.91,-192.67,0
15169,90.91,-191.89,0
15180,90.91,-189.82,0
15193,76.92,-188.71,0
15204,90.91,-187.85,0
15215,90.91,-188.10,0
15226,90.91,-189.00,0
15238,83.33,-191.02,0
15249,90.91,-191.96,0
15261,83.33,-191.84,0
15272,90.91,-190.49,0
15284,83.33,-189.21,0
15295,90.91,-187.88,0
15306,90.91,-187.96,0
15318,83.33,-189.41,0
15330,83.33,-191.23,0
15341,90.91,-191.87,0
15352,90.91,-191.92,0
15364,83.33,-191.05,0
15375,90.91,-189.63,0
15386,90.91,-188.95,0
15398,83.33,-188.42,0
15410,83.33,-188.55,0
15421,90.91,-190.30,0
15432,90.91,-191.40,0
15443,90.91,-192.13,0
15455,83.33,-191.98,0
15467,83.33,-190.36,0
15478,90.91,-189.30,0
15490,83.33,-188.06,0
15501,90.91,-187.88,0
15512,90.91,-188.87,0
15523,90.91,-190.84,0
15536,76.92,-192.07,0
15547,90.91,-192.14,0
15558,90.91,-190.88,0
15569,90.91,-190.14,0
15581,83.33,-188.60,0
15592,90.91,-188.04,0
15604,83.33,-189.12,0
15616,83.33,-190.30,0
15627,90.91,-192.36,0
15638,90.91,-192.59,0
15649,90.91,-191.37,0
15661,83.33,-189.35,0
15673,83.33,-188.70,0
15684,90.91,-187.65,0
15695,90.91,-187.92,0
15707,83.33,-189.46,0
15718,90.91,-190.82,0
15729,90.91,-192.38,0
15741,83.33,-192.55,0
15753,83.33,-191.89,0
15764,90.91,-190.38,0
15775,90.91,-188.41,0
15787,83.33,-187.91,0
15798,90.91,-188.85,0
15810,90.91,-190.86,0
15821,83.33,-191.98,0
15833,83.33,-192.09,0
15844,90.91,-191.83,0
15855,90.91,-190.24,0
15866,90.91,-188.47,0
15879,83.33,-187.28,0
15890,83.33,-187.17,0
15901,90.91,-188.48,0
15912,90.91,-190.99,0
15924,83.33,-192.59,0
15935,90.91,-192.02,0
15947,90.91,-191.21,0
15959,76.92,-189.74,0
15970,90.91,-188.94,0
15981,90.91,-188.37,0
15992,90.91,-188.46,0
16004,83.33,-190.39,0
16016,90.91,-192.26,0
16027,83.33,-192.79,0
16038,90.91,-192.25,0
16050,83.33,-190.27,0
16061,90.91,-188.55,0
16072,90.91,-187.74,0
16084,90.91,-187.59,0
16096,76.92,-188.36,0
16107,90.91,-190.10,0
16118,90.91,-191.66,0
16130,83.33,-191.89,0
16141,90.91,-191.22,0
16152,90.91,-189.31,0
16164,83.33,-187.81,0
16176,83.33,-186.95,0
16187,90.91,-187.74,0
16198,90.91,-189.73,0
16209,90.91,-191.38,0
16221,83.33,-191.71,0
16233,83.33,-190.69,0
16244,90.91,-189.19,0
16256,83.33,-188.03,0
16267,90.91,-186.96,0
16278,90.91,-187.47,0
16289,90.91,-188.70,0
16302,76.92,-190.58,0
16313,90.91,-192.10,0
16324,90.91,-191.79,0
16335,90.91,-190.99,0
16347,83.33,-189.86,0
16358,90.91,-189.36,0
16370,83.33,-188.90,0
16381,90.91,-189.13,0
16393,83.33,-190.87,0
16404,90.91,-192.22,0
16415,90.91,-192.52,0
16427,83.33,-191.53,0
16439,83.33,-189.96,0
16450,90.91,-188.79,0
16461,90.91,-187.99,0
16473,83.33,-187.79,0
16484,90.91,-188.23,0
16495,90.91,-190.23,0
16507,83.33,-191.91,0
16519,83.33,-191.71,0
16530,90.91,-190.61,0
16541,90.91,-189.45,0
16552,90.91,-188.84,0
16564,83.33,-188.38,0
16576,83.33,-188.71,0
16587,90.91,-190.32,0
16599,83.33,-191.97,0
16610,90.91,-192.44,0
16621,90.91,-191.54,0
16632,90.91,-189.18,0
16645,76.92,-188.44,0
16656,90.91,-188.30,0
16667,90.91,-187.88,0
16678,90.91,-189.25,0
16690,83.33,-190.89,0
16701,90.91,-191.81,0
16713,83.33,-191.09,0
16724,90.91,-190.25,0
16736,83.33,-189.69,0
16747,90.91,-188.78,0
16758,90.91,-187.75,0
16770,83.33,-188.77,0
16782,83.33,-190.59,0
16793,90.91,-191.83,0
16804,90.91,-191.71,0
16816,83.33,-191.21,0
16827,90.91,-189.51,0
16838,90.91,-188.08,0
16850,83.33,-187.50,0
16862,83.33,-186.92,0
16873,90.91,-188.75,0
16884,90.91,-191.23,0
16896,83.33,-191.73,0
16907,90.91,-190.96,0
16919,83.33,-189.87,0
16930,90.91,-189.28,0
16942,83.33,-188.68,0
16953,90.91,-189.16,0
16964,90.91,-189.87,0
16975,90.91,-191.47,0
16988,76.92,-191.98,0
16999,90.91,-191.83,0
17010,90.91,-190.62,0
17021,90.91,-189.14,0
17033,83.33,-187.95,0
17044,90.91,-187.56,0
17056,83.33,-187.93,0
17068,83.33,-189.39,0
17079,90.91,-191.17,0
17090,90.91,-192.25,0
17101,90.91,-191.72,0
17113,83.33,-190.10,0
17125,83.33,-188.92,0
17136,90.91,-188.64,0
17147,90.91,-188.67,0
17159,83.33,-189.53,0
17170,90.91,-191.19,0
17181,90.91,-192.02,0
17193,83.33,-191.87,0
17205,83.33,-190.10,0
17216,90.91,-188.35,0
17227,90.91,-187.05,0
17239,83.33,-186.86,0
17250,90.91,-188.05,0
17262,83.33,-188.95,0
17273,90.91,-190.67,0
17285,83.33,-191.61,0
17296,90.91,-190.64,0
17307,90.91,-189.44,0
17318,90.91,-188.33,0
17331,76.92,-188.24,0
17342,90.91,-188.32,0
17353,90.91,-189.96,0
17364,90.91,-191.70,0
17376,83.33,-191.84,0
17387,90.91,-191.62,0
17399,83.33,-190.24,0
17411,83.33,-188.26,0
17422,90.91,-186.71,0
17433,90.91,-186.37,0
17444,90.91,-187.41,0
17456,83.33,-188.90,0
17468,83.33,-190.79,0
17479,90.91,-191.55,0
17490,90.91,-190.45,0
17502,83.33,-189.35,0
17513,90.91,-188.40,0
17524,90.91,-188.40,0
17537,76.92,-188.63,0
17548,90.91,-190.26,0
17559,90.91,-192.06,0
17570,90.91,-192.44,0
17582,83.33,-192.50,0
17593,90.91,-190.47,0
17605,83.33,-188.67,0
17616,90.91,-188.02,0
17628,83.33,-188.36,0
17639,90.91,-188.52,0
17650,90.91,-189.72,0
17661,90.91,-191.88,0
17674,83.33,-192.03,0
17685,83.33,-190.91,0
17696,90.91,-190.15,0
17708,83.33,-189.14,0
17719,90.91,-189.37,0
17730,90.91,-189.71,0
17742,90.91,-190.57,0
17754,76.92,-192.61,0
17765,90.91,-193.28,0
17776,90.91,-193.10,0
17787,90.91,-190.64,0
17799,83.33,-188.77,0
17811,90.91,-188.24,0
17822,83.33,-187.89,0
17833,90.91,-188.04,0
17845,83.33,-189.56,0
17856,90.91,-191.10,0
17867,90.91,-191.77,0
17880,83.33,-190.35,0
17891,83.33,-189.64,0
17902,90.91,-188.62,0
17913,90.91,-188.56,0
17925,83.33,-188.86,0
17936,90.91,-189.50,0
17948,90.91,-191.11,0
17959,83.33,-191.67,0
17971,83.33,-191.14,0
17982,90.91,-189.72,0
17993,90.91,-188.42,0
18004,90.91,-187.80,0
18016,83.33,-187.59,0
18028,83.33,-187.92,0
18039,90.91,-189.58,0
18051,83.33,-191.34,0
18062,90.91,-191.31,0
18073,90.91,-190.54,0
18084,90.91,-189.83,0
18097,76.92,-188.58,0
18108,90.91,-187.65,0
18119,90.91,-188.15,0
18130,90.91,-190.37,0
18142,83.33,-192.41,0
18153,90.91,-192.85,0
18165,83.33,-192.13,0
18177,83.33,-190.47,0
18188,90.91,-189.47,0
18199,90.91,-188.53,0
18210,90.91,-188.47,0
18222,83.33,-188.89,0
18234,83.33,-190.37,0
18245,90.91,-191.52,0
18256,90.91,-192.14,0
18268,83.33,-190.63,0
18279,90.91,-188.98,0
18290,90.91,-188.09,0
18302,83.33,-188.43,0
18314,83.33,-189.35,0
18325,90.91,-190.20,0
18336,90.91,-191.78,0
18348,83.33,-192.64,0
18359,90.91,-192.20,0
18371,83.33,-190.88,0
18382,90.91,-189.17,0
18394,83.33,-188.38,0
18405,90.91,-187.74,0
18416,90.91,-188.67,0
18427,90.91,-190.29,0
18440,76.92,-191.29,0
18451,90.91,-190.89,0
18462,90.91,-189.80,0
18473,90.91,-188.65,0
18485,83.33,-188.12,0
18496,90.91,-187.57,0
18508,83.33,-188.03,0
18520,83.33,-189.63,0
18531,90.91,-191.53,0
18542,90.91,-192.26,0
18553,90.91,-192.08,0
18565,83.33,-190.56,0
18577,83.33,-189.62,0
18588,90.91,-188.56,0
18599,90.91,-188.54,0
18611,83.33,-188.87,0
18622,90.91,-190.71,0
18633,90.91,-192.15,0
18646,76.92,-191.64,0
18657,90.91,-190.37,0
18668,90.91,-188.88,0
18679,90.91,-187.85,0
18691,83.33,-187.84,0
18702,90.91,-188.25,0
18714,83.33,-190.11,0
18725,90.91,-192.38,0
18737,83.33,-192.66,0
18748,90.91,-192.10,0
18759,90.91,-190.50,0
18770,90.91,-189.26,0
18783,76.92,-188.75,0
18794,90.91,-187.87,0
18805,90.91,-189.41,0
18817,83.33,-191.14,0
18828,90.91,-191.95,0
18839,90.91,-191.92,0
18851,83.33,-189.97,0
18863,83.33,-188.44,0
18874,90.91,-187.53,0
18885,90.91,-187.52,0
18896,90.91,-188.27,0
18908,83.33,-190.21,0
18920,83.33,-192.37,0
18931,90.91,-192.30,0
18942,90.91,-191.67,0
18954,83.33,-189.96,0
18965,90.91,-188.71,0
18976,90.91,-187.94,0
18989,76.92,-187.98,0
19000,90.91,-189.46,0
19011,90.91,-191.42,0
19022,90.91,-192.43,0
19034,83.33,-192.05,0
19045,90.91,-190.34,0
19057,83.33,-188.74,0
19068,90.91,-187.92,0
19080,83.33,-187.30,0
19091,90.91,-188.15,0
19102,90.91,-190.38,0
19113,90.91,-192.18,0
19126,76.92,-192.09,0
19137,90.91,-191.48,0
19148,90.91,-190.56,0
19160,83.33,-188.97,0
19171,90.91,-187.89,0
19182,90.91,-187.89,0
19194,90.91,-189.24,0
19206,76.92,-191.78,0
19217,90.91,-192.19,0
19228,90.91,-191.66,0
19239,90.91,-190.47,0
19251,83.33,-188.79,0
19263,90.91,-187.63,0
19274,83.33,-187.19,0
19286,83.33,-188.56,0
19297,90.91,-190.28,0
19308,90.91,-191.61,0
19319,90.91,-192.10,0
19332,83.33,-191.39,0
19343,83.33,-189.87,0
19354,90.91,-188.92,0
19365,90.91,-188.32,0
19377,83.33,-188.51,0
19388,90.91,-189.95,0
19400,90.91,-192.05,0
19411,83.33,-192.65,0
19423,83.33,-191.62,0
19434,90.91,-190.08,0
19445,90.91,-188.76,0
19457,83.33,-187.84,0
19469,90.91,-187.56,0
19480,83.33,-188.37,0
19491,90.91,-190.23,0
19503,83.33,-192.15,0
19514,90.91,-192.41,0
19525,90.91,-190.89,0
19537,90.91,-190.05,0
19549,76.92,-188.36,0
19560,90.91,-187.80,0
19571,90.91,-188.24,0
19582,90.91,-189.84,0
19594,83.33,-191.54,0
19605,90.91,-192.42,0
19617,83.33,-191.87,0
19629,83.33,-190.29,0
19640,90.91,-188.57,0
19651,90.91,-186.93,0
19662,90.91,-187.66,0
19674,83.33,-188.38,0
19686,83.33,-190.35,0
19697,90.91,-191.35,0
19708,90.91,-192.00,0
19720,83.33,-191.24,0
19731,90.91,-189.79,0
19742,90.91,-188.55,0
19755,76.92,-187.88,0
19766,90.91,-188.10,0
19777,90.91,-190.31,0
19788,90.91,-192.19,0
19800,83.33,-192.23,0
19811,90.91,-191.64,0
19823,83.33,-190.26,0
19834,90.91,-188.61,0
19846,83.33,-187.64,0
19857,90.91,-187.78,0
19868,90.91,-188.81,0
19879,90.91,-191.02,0
19892,76.92,-193.18,0
19903,90.91,-193.12,0
19914,90.91,-191.02,0
19926,83.33,-189.54,0
19937,90.91,-188.09,0
19948,90.91,-187.76,0
19960,83.33,-188.32,0
19972,83.33,-189.69,0
19983,90.91,-191.83,0
19994,90.91,-192.74,0
20005,90.91,-191.85,0
20017,83.33,-190.83,0
20029,83.33,-189.18,0
20040,90.91,-187.88,0
20051,90.91,-188.12,0
20063,83.33,-188.88,0
20074,90.91,-190.41,0
20085,90.91,-191.99,0
20098,76.92,-191.93,0
20109,90.91,-191.02,0
20120,90.91,-189.53,0
20131,90.91,-189.03,0
20143,83.33,-188.41,0
20154,90.91,-188.78,0
20166,83.33,-189.96,0
20177,90.91,-192.04,0
20189,83.33,-192.61,0
20200,90.91,-192.32,0
20211,90.91,-190.55,0
20222,90.91,-189.10,0
20235,76.92,-188.77,0
20246,90.91,-188.58,0
20257,90.91,-188.90,0
20269,83.33,-190.82,0
20280,90.91,-192.47,0
20291,90.91,-192.88,0
20303,83.33,-191.12,0
20315,83.33,-188.40,0
20326,90.91,-187.84,0
20337,90.91,-187.40,0
20348,90.91,-188.20,0
20360,83.33,-190.08,0
20372,83.33,-191.89,0
20383,90.91,-192.37,0
20395,83.33,-191.66,0
20406,90.91,-191.01,0
20417,90.91,-189.74,0
20428,90.91,-188.10,0
20441,83.33,-187.81,0
20452,83.33,-189.16,0
20463,90.91,-190.81,0
20474,90.91,-192.04,0
20486,83.33,-191.83,0
20497,90.91,-190.50,0
20509,90.91,-189.22,0
20520,83.33,-188.43,0
20532,83.33,-187.49,0
20543,90.91,-187.65,0
20554,90.91,-189.07,0
20566,83.33,-191.42,0
20578,90.91,-192.17,0
20589,83.33,-191.69,0
20600,90.91,-190.11,0
20612,83.33,-188.88,0
20623,90.91,-187.77,0
20634,90.91,-188.03,0
20645,90.91,-189.22,0
20658,76.92,-190.59,0
20669,90.91,-192.03,0
20680,90.91,-191.64,0
20691,90.91,-189.66,0
20703,83.33,-188.74,0
20714,90.91,-188.40,0
20726,83.33,-187.73,0
20738,83.33,-188.47,0
20749,90.91,-190.04,0
20760,90.91,-192.04,0
20771,90.91,-193.11,0
20783,83.33,-192.07,0
20795,83.33,-190.36,0
20806,90.91,-189.04,0
20817,90.91,-188.08,0
20829,83.33,-187.98,0
20840,90.91,-189.17,0
20851,90.91,-191.31,0
20864,76.92,-192.33,0
20875,90.91,-192.02,0
20886,90.91,-190.62,0
20897,90.91,-189.14,0
20909,83.33,-187.99,0
20920,90.91,-187.39,0
20932,83.33,-188.02,0
20943,90.91,-190.06,0
20955,83.33,-191.73,0
20966,90.91,-191.80,0
20977,90.91,-190.81,0
20988,90.91,-190.01,0
21001,76.92,-188.82,0
21012,90.91,-187.94,0
21023,90.91,-188.06,0
21035,83.33,-189.37,0
21046,90.91,-191.21,0
21057,90.91,-191.79,0
21069,83.33,-191.86,0
21081,83.33,-189.88,0
21092,90.91,-189.28,0
21103,90.91,-188.33,0
21114,90.91,-187.49,0
21126,83.33,-188.17,0
21138,83.33,-189.95,0
21149,90.91,-191.66,0
21160,90.91,-192.42,0
21172,83.33,-191.64,0
21183,90.91,-190.56,0
21194,90.91,-188.78,0
21207,76.92,-188.29,0
21218,90.91,-188.58,0
21229,90.91,-190.42,0
21240,90.91,-192.29,0
21252,83.33,-192.20,0
21263,90.91,-191.75,0
21275,83.33,-190.38,0
21286,90.91,-189.21,0
21298,83.33,-187.96,0
21309,90.91,-187.84,0
21320,90.91,-188.42,0
21331,90.91,-189.85,0
21344,76.92,-191.87,0
21355,90.91,-191.72,0
21366,90.91,-190.63,0
21378,83.33,-189.93,0
21389,90.91,-188.91,0
21400,90.91,-188.24,0
21412,83.33,-188.73,0
21424,83.33,-189.53,0
21435,90.91,-191.27,0
21446,90.91,-192.69,0
21457,90.91,-191.95,0
21469,83.33,-190.32,0
21481,83.33,-188.86,0
21492,90.91,-187.68,0
21504,83.33,-187.07,0
21515,90.91,-187.51,0
21526,90.91,-189.85,0
21537,90.91,-191.48,0
21550,76.92,-191.47,0
21561,90.91,-190.57,0
21572,90.91,-189.21,0
21583,90.91,-188.41,0
21595,83.33,-187.31,0
21606,90.91,-188.00,0
21618,90.91,-190.18,0
21629,90.91,-191.87,0
21641,83.33,-192.47,0
21652,90.91,-191.81,0
21663,90.91,-190.25,0
21675,83.33,-189.02,0
21687,90.91,-188.08,0
21698,83.33,-187.51,0
21709,90.91,-188.03,0
21721,83.33,-190.24,0
21732,90.91,-192.10,0
21743,90.91,-192.50,0
21755,90.91,-191.12,0
21767,76.92,-189.59,0
21778,90.91,-188.96,0
21789,90.91,-188.54,0
21800,90.91,-189.48,0
21812,83.33,-190.81,0
21824,90.91,-192.02,0
21835,83.33,-193.02,0
21847,83.33,-192.37,0
21858,90.91,-190.63,0
21869,90.91,-188.86,0
21880,90.91,-187.82,0
21892,83.33,-187.86,0
21904,83.33,-188.59,0
21915,90.91,-190.36,0
21926,90.91,-191.77,0
21938,83.33,-191.72,0
21949,90.91,-190.97,0
21960,90.91,-190.09,0
21972,83.33,-188.89,0
21984,83.33,-187.74,0
21995,90.91,-188.52,0
22006,90.91,-190.65,0
22018,83.33,-192.03,0
22029,90.91,-192.98,0
22041,83.33,-191.46,0
22052,90.91,-190.26,0
22064,83.33,-189.37,0
22075,90.91,-187.68,0
22086,90.91,-187.28,0
22097,90.91,-188.67,0
22110,76.92,-191.09,0
22121,90.91,-192.06,0
22132,90.91,-191.73,0
22144,83.33,-190.49,0
22155,90.91,-188.97,0
22166,90.91,-188.08,0
22178,83.33,-187.32,0
22190,83.33,-188.12,0
22201,90.91,-190.14,0
22212,90.91,-191.67,0
22223,90.91,-192.07,0
22235,83.33,-191.22,0
22247,83.33,-189.03,0
22258,90.91,-188.08,0
22269,90.91,-187.92,0
22281,83.33,-187.61,0
22292,90.91,-188.86,0
22303,90.91,-190.78,0
22316,76.92,-191.97,0
22327,90.91,-191.69,0
22338,90.91,-190.10,0
22349,90.91,-189.54,0
22361,83.33,-188.49,0
22372,90.91,-187.69,0
22384,83.33,-188.59,0
22395,90.91,-190.33,0
22407,83.33,-192.10,0
22418,90.91,-192.57,0
22429,90.91,-191.65,0
22440,90.91,-190.37,0
22453,76.92,-188.84,0
22464,90.91,-188.70,0
22475,90.91,-189.35,0
22487,83.33,-190.35,0
22498,90.91,-191.63,0
22509,90.91,-192.65,0
22521,83.33,-192.04,0
22533,83.33,-191.28,0
22544,90.91,-189.28,0
22555,90.91,-187.74,0
22566,90.91,-187.34,0
22578,83.33,-188.60,0
22590,83.33,-190.65,0
22601,90.91,-192.30,0
22612,90.91,-192.20,0
22624,83.33,-190.85,0
22635,90.91,-189.47,0
22646,90.91,-188.24,0
22659,76.92,-188.18,0
22670,90.91,-187.92,0
22681,90.91,-189.56,0
22692,90.91,-191.48,0
22704,83.33,-192.18,0
22715,90.91,-191.33,0
22727,83.33,-190.29,0
22738,90.91,-188.72,0
22750,83.33,-187.69,0
22761,90.91,-187.54,0
22772,90.91,-188.93,0
22784,83.33,-190.52,0
22796,83.33,-191.24,0
22807,90.91,-191.98,0
22818,90.91,-191.00,0
22830,83.33,-189.51,0
22841,90.91,-188.64,0
22852,90.91,-187.80,0
22864,83.33,-188.33,0
22876,83.33,-190.13,0
22887,90.91,-191.89,0
22898,90.91,-193.17,0
22909,90.91,-192.33,0
22921,83.33,-190.35,0
22933,83.33,-188.88,0
22944,90.91,-188.02,0
22956,83.33,-187.70,0
22967,90.91,-188.46,0
22978,90.91,-190.66,0
22989,90.91,-192.57,0
23002,83.33,-193.18,0
23013,90.91,-191.07,0
23024,90.91,-189.90,0
23035,90.91,-189.47,0
23047,83.33,-188.02,0
23058,90.91,-188.50,0
23070,90.91,-190.23,0
23081,83.33,-191.75,0
23093,83.33,-193.04,0
23104,90.91,-192.54,0
23115,90.91,-191.19,0
23127,83.33,-189.36,0
23139,90.91,-188.21,0
23150,83.33,-188.03,0
23161,90.91,-188.21,0
23173,83.33,-189.83,0
23184,90.91,-191.78,0
23195,90.91,-192.47,0
23207,90.91,-191.32,0
23219,76.92,-189.12,0
23230,90.91,-188.11,0
23241,90.91,-187.27,0
23252,90.91,-187.15,0
23264,83.33,-188.62,0
23275,90.91,-191.62,0
23287,83.33,-193.04,0
23299,83.33,-191.38,0
23310,90.91,-189.80,0
23321,90.91,-188.95,0
23332,90.91,-188.02,0
23344,83.33,-188.36,0
23356,83.33,-188.62,0
23367,90.91,-190.40,0
23378,90.91,-192.74,0
23390,83.33,-192.55,0
23401,90.91,-191.61,0
23412,90.91,-190.35,0
23425,76.92,-188.69,0
23436,90.91,-188.31,0
23447,90.91,-187.82,0
23458,90.91,-189.07,0
23470,83.33,-191.40,0
23481,90.91,-193.02,0
23493,83.33,-192.25,0
23504,90.91,-190.11,0
23516,83.33,-189.29,0
23527,90.91,-188.01,0
23538,90.91,-187.69,0
23549,90.91,-188.99,0
23562,76.92,-190.65,0
23573,90.91,-192.64,0
23584,90.91,-192.14,0
23596,83.33,-190.35,0
23607,90.91,-189.24,0
23618,90.91,-188.83,0
23630,83.33,-187.93,0
23642,83.33,-187.84,0
23653,90.91,-188.97,0
23664,90.91,-190.97,0
23675,90.91,-191.83,0
23687,83.33,-191.48,0
23699,83.33,-190.00,0
23710,90.91,-188.90,0
23721,90.91,-187.67,0
23733,83.33,-187.93,0
23744,90.91,-188.64,0
23755,90.91,-189.95,0
23768,76.92,-192.17,0
23779,90.91,-192.20,0
23790,90.91,-190.82,0
23801,90.91,-189.41,0
23813,83.33,-187.74,0
23824,90.91,-187.63,0
23836,83.33,-187.97,0
23847,90.91,-189.30,0
23859,83.33,-191.64,0
23870,90.91,-192.35,0
23881,90.91,-191.69,0
23892,90.91,-190.53,0
23905,76.92,-189.49,0
23916,90.91,-188.07,0
23927,90.91,-187.95,0
23939,83.33,-189.16,0
23950,90.91,-190.43,0
23961,90.91,-191.50,0
23973,83.33,-191.65,0
23985,83.33,-190.73,0
23996,90.91,-189.52,0
24007,90.91,-188.84,0
24018,90.91,-188.45,0
24030,83.33,-188.67,0
24042,83.33,-189.82,0
24053,90.91,-191.45,0
24065,83.33,-192.44,0
24076,90.91,-191.96,0
24087,90.91,-190.75,0
24098,90.91,-189.41,0
24111,76.92,-188.08,0
24122,90.91,-187.56,0
24133,90.91,-189.08,0
24144,90.91,-190.46,0
24156,83.33,-191.78,0
24167,90.91,-192.21,0
24179,83.33,-190.92,0
24190,90.91,-190.14,0
24202,83.33,-188.65,0
24213,90.91,-188.09,0
24224,90.91,-188.34,0
24236,83.33,-190.11,0
24248,83.33,-192.01,0
24259,90.91,-192.88,0
24270,90.91,-191.59,0
24282,83.33,-190.08,0
24293,90.91,-188.69,0
24304,90.91,-188.23,0
24316,83.33,-188.08,0
24328,83.33,-189.25,0
24339,90.91,-190.66,0
24350,90.91,-192.26,0
24361,90.91,-192.20,0
24373,83.33,-191.03,0
24385,83.33,-189.59,0
24396,90.91,-188.12,0
24408,83.33,-187.85,0
24419,90.91,-188.23,0
24430,90.91,-189.20,0
24441,90.91,-190.98,0
24454,76.92,-191.65,0
24465,90.91,-190.85,0
24476,90.91,-188.69,0
24487,90.91,-187.43,0
24499,83.33,-187.54,0
24510,90.91,-188.07,0
24522,90.91,-189.21,0
24534,76.92,-191.08,0
24545,90.91,-192.04,0
24556,90.91,-192.20,0
24567,90.91,-190.27,0
24579,83.33,-189.30,0
24591,90.91,-187.93,0
24602,83.33,-187.47,0
24613,90.91,-188.28,0
24625,83.33,-189.81,0
24636,90.91,-191.36,0
24647,90.91,-191.58,0
24659,90.91,-190.97,0
24671,76.92,-190.30,0
24682,90.91,-189.41,0
24693,90.91,-188.76,0
24705,83.33,-188.71,0
24716,90.91,-190.45,0
24728,90.91,-192.09,0
24739,83.33,-192.58,0
24751,83.33,-192.52,0
24762,90.91,-190.54,0
24773,90.91,-189.79,0
24784,90.91,-188.79,0
24796,83.33,-188.22,0
24808,83.33,-188.88,0
24819,90.91,-190.60,0
24830,90.91,-192.66,0
24842,83.33,-192.22,0
24853,90.91,-190.83,0
24864,90.91,-190.14,0
24877,76.92,-188.39,0
24888,90.91,-188.02,0
24899,90.91,-188.78,0
24910,90.91,-190.30,0
24922,83.33,-192.56,0
24933,90.91,-192.71,0
24945,83.33,-191.99,0
24956,90.91,-190.65,0
24968,83.33,-189.33,0
24979,90.91,-188.51,0
24990,90.91,-187.61,0
25001,90.91,-188.32,0
25014,76.92,-190.03,0
25025,90.91,-191.74,0
25036,90.91,-192.22,0
25048,83.33,-190.72,0
25059,90.91,-189.74,0
25070,90.91,-189.01,0
25082,83.33,-188.24,0
25094,83.33,-188.43,0
25105,90.91,-189.57,0
25116,90.91,-191.44,0
25127,90.91,-192.35,0
25139,83.33,-192.11,0
25151,83.33,-190.72,0
25162,90.91,-188.87,0
25174,83.33,-187.70,0
25185,90.91,-186.90,0
25196,90.91,-188.22,0
25207,90.91,-190.02,0
25220,76.92,-191.82,0
25231,90.91,-192.01,0
25242,90.91,-190.73,0
25253,90.91,-188.94,0
25265,83.33,-188.06,0
25276,90.91,-187.77,0
25288,83.33,-188.08,0
25299,90.91,-189.46,0
25311,83.33,-191.52,0
25322,90.91,-192.22,0
25333,90.91,-191.22,0
25345,83.33,-189.67,0
25357,83.33,-188.22,0
25368,90.91,-187.54,0
25379,90.91,-188.05,0
25391,83.33,-189.04,0
25402,90.91,-191.13,0
25413,90.91,-192.52,0
25425,83.33,-192.45,0
25437,83.33,-191.11,0
25448,90.91,-189.58,0
25459,90.91,-188.45,0
25470,90.91,-188.27,0
25482,83.33,-188.73,0
25494,83.33,-190.07,0
25505,90.91,-191.57,0
25517,83.33,-192.64,0
25528,90.91,-191.75,0
25539,90.91,-189.82,0
25550,90.91,-188.77,0
25563,76.92,-187.56,0
25574,90.91,-187.10,0
25585,90.91,-188.11,0
25596,90.91,-190.11,0
25608,83.33,-191.89,0
25619,90.91,-192.16,0
25631,83.33,-190.63,0
25643,83.33,-189.46,0
25654,90.91,-188.27,0
25665,90.91,-187.75,0
25676,90.91,-188.11,0
25688,83.33,-190.39,0
25700,83.33,-192.00,0
25711,90.91,-192.50,0
25722,90.91,-191.62,0
25734,83.33,-190.25,0
25745,90.91,-189.04,0
25756,90.91,-188.35,0
25768,83.33,-188.45,0
25780,83.33,-189.21,0
25791,90.91,-191.11,0
25802,90.91,-193.04,0
25814,83.33,-192.78,0
25825,90.91,-191.08,0
25837,83.33,-190.11,0
25848,90.91,-189.01,0
25860,83.33,-188.32,0
25871,90.91,-188.11,0
25882,90.91,-190.01,0
25893,90.91,-192.46,0
25906,83.33,-192.21,0
25917,90.91,-191.31,0
25928,90.91,-189.81,0
25939,90.91,-188.41,0
25951,83.33,-187.55,0
25962,90.91,-187.65,0
25974,90.91,-188.42,0
25986,76.92,-190.30,0
25997,90.91,-191.57,0
26008,90.91,-191.51,0
26019,90.91,-190.00,0
26031,83.33,-188.60,0
26043,90.91,-187.47,0
26054,83.33,-186.87,0
26065,90.91,-187.74,0
26077,83.33,-189.51,0
26088,90.91,-191.13,0
26099,90.91,-191.73,0
26112,90.91,-191.05,0
26123,76.92,-189.63,0
26134,90.91,-188.39,0
26145,90.91,-188.56,0
26157,83.33,-188.32,0
26168,90.91,-189.75,0
26180,90.91,-191.08,0
26191,83.33,-192.21,0
26203,83.33,-192.45,0
26214,90.91,-191.16,0
26225,90.91,-189.19,0
26236,90.91,-188.23,0
26248,83.33,-188.13,0
26260,83.33,-188.12,0
26271,90.91,-189.62,0
26283,83.33,-191.86,0
26294,90.91,-192.93,0
26305,90.91,-191.67,0
26316,90.91,-190.25,0
26329,76.92,-189.14,0
26340,90.91,-188.15,0
26351,90.91,-188.35,0
26362,90.91,-189.29,0
26374,83.33,-191.43,0
26385,90.91,-192.55,0
26397,83.33,-191.98,0
26408,90.91,-190.58,0
26420,83.33,-189.44,0
26431,90.91,-188.35,0
26442,90.91,-188.30,0
26454,83.33,-188.54,0
26466,83.33,-190.71,0
26477,90.91,-191.62,0
26488,90.91,-191.86,0
26500,83.33,-190.93,0
26511,90.91,-189.84,0
26522,90.91,-188.49,0
26534,83.33,-187.66,0
26546,83.33,-187.85,0
26557,90.91,-189.21,0
26568,90.91,-191.33,0
26579,90.91,-192.14,0
26591,83.33,-191.54,0
26603,83.33,-190.12,0
26614,90.91,-189.20,0
26626,83.33,-188.33,0
26637,90.91,-187.40,0
26648,90.91,-187.81,0
26659,90.91,-189.91,0
26672,76.92,-191.72,0
26683,90.91,-192.26,0
26694,90.91,-190.53,0
26705,90.91,-189.47,0
26717,83.33,-188.43,0
26728,90.91,-187.42,0
26740,83.33,-187.55,0
26752,83.33,-188.68,0
26763,90.91,-190.90,0
26774,90.91,-192.57,0
26785,90.91,-191.93,0
26797,83.33,-190.49,0
26809,83.33,-189.03,0
26820,90.91,-188.70,0
26831,90.91,-188.49,0
26843,83.33,-188.99,0
26854,90.91,-191.11,0
26865,90.91,-192.45,0
26877,83.33,-192.66,0
26889,83.33,-191.51,0
26900,90.91,-190.04,0
26911,90.91,-189.05,0
26923,83.33,-187.96,0
26934,90.91,-188.25,0
26946,83.33,-190.05,0
26957,90.91,-191.66,0
26969,83.33,-192.61,0
26980,90.91,-191.64,0
26991,90.91,-190.03,0
27002,90.91,-188.73,0
27015,76.92,-187.67,0
27026,90.91,-187.35,0
27037,90.91,-188.27,0
27048,90.91,-190.79,0
27060,83.33,-192.58,0
27071,90.91,-192.86,0
27083,83.33,-191.15,0
27095,83.33,-189.30,0
27106,90.91,-187.76,0
27117,90.91,-187.50,0
27128,90.91,-187.93,0
27140,83.33,-190.16,0
27152,90.91,-191.57,0
27163,83.33,-192.32,0
27174,90.91,-191.22,0
27186,83.33,-190.07,0
27197,90.91,-189.04,0
27208,90.91,-187.58,0
27220,90.91,-187.75,0
27232,76.92,-188.46,0
27243,90.91,-190.69,0
27254,90.91,-192.34,0
27266,83.33,-192.74,0
27277,90.91,-190.96,0
27289,90.91,-189.25,0
27300,83.33,-187.90,0
27312,83.33,-187.66,0
27323,90.91,-188.07,0
27334,90.91,-189.71,0
27345,90.91,-191.56,0
27358,83.33,-192.72,0
27369,83.33,-192.06,0
27380,90.91,-190.25,0
27392,83.33,-188.61,0
27403,90.91,-187.31,0
27414,90.91,-187.68,0
27425,90.91,-188.55,0
27438,76.92,-190.35,0
27449,90.91,-192.05,0
27460,90.91,-191.74,0
27471,90.91,-190.85,0
27483,83.33,-189.76,0
27494,90.91,-188.52,0
27506,83.33,-188.41,0
27517,90.91,-188.36,0
27529,83.33,-190.46,0
27540,90.91,-192.52,0
27551,90.91,-193.13,0
27563,83.33,-192.02,0
27575,83.33,-190.66,0
27586,90.91,-189.19,0
27597,90.91,-188.12,0
27609,83.33,-188.28,0
27620,90.91,-189.04,0
27631,90.91,-190.84,0
27643,83.33,-191.93,0
27655,83.33,-191.76,0
27666,90.91,-191.12,0
27677,90.91,-190.02,0
27688,90.91,-188.63,0
27700,83.33,-187.60,0
27712,83.33,-188.39,0
27723,90.91,-189.91,0
27735,83.33,-191.53,0
27746,90.91,-192.44,0
27757,90.91,-192.10,0
27768,90.91,-190.41,0
27781,76.92,-189.00,0
27792,90.91,-188.25,0
27803,90.91,-187.82,0
27814,90.91,-189.10,0
27826,83.33,-190.58,0
27837,90.91,-191.48,0
27849,83.33,-191.86,0
27860,90.91,-190.71,0
27872,83.33,-189.17,0
27883,90.91,-188.23,0
27894,90.91,-187.61,0
27906,83.33,-187.46,0
27918,83.33,-189.50,0
27929,90.91,-191.31,0
27940,90.91,-191.46,0
27952,83.33,-191.22,0
27963,90.91,-189.51,0
27974,90.91,-188.12,0
27986,83.33,-187.71,0
27998,83.33,-187.86,0
28009,90.91,-188.84,0
28020,90.91,-190.60,0
28032,83.33,-192.01,0
28043,90.91,-191.51,0
28055,83.33,-190.02,0
28066,90.91,-188.86,0
28078,83.33,-188.13,0
28089,90.91,-188.05,0
28100,90.91,-188.44,0
28111,90.91,-190.36,0
28124,76.92,-192.59,0
28135,90.91,-193.03,0
28146,90.91,-191.79,0
28157,90.91,-189.88,0
28169,83.33,-189.22,0
28180,90.91,-188.57,0
28192,83.33,-188.57,0
28204,83.33,-189.54,0
28215,90.91,-191.21,0
28226,90.91,-192.47,0
28237,90.91,-192.84,0
28249,83.33,-191.93,0
28261,83.33,-189.96,0
28272,90.91,-188.95,0
28283,90.91,-188.10,0
28295,83.33,-188.69,0
28306,90.91,-191.04,0
28317,90.91,-193.03,0
28329,90.91,-193.01,0
28341,76.92,-191.28,0
28352,90.91,-189.71,0
28363,90.91,-188.44,0
28375,83.33,-188.02,0
28386,90.91,-187.45,0
28398,90.91,-188.80,0
28409,83.33,-190.87,0
28421,83.33,-191.35,0
28432,90.91,-190.99,0
28443,90.91,-189.45,0
28454,90.91,-188.21,0
28467,83.33,-187.48,0
28478,83.33,-187.72,0
28489,90.91,-189.12,0
28500,90.91,-191.67,0
28512,83.33,-192.60,0
28523,90.91,-192.30,0
28535,90.91,-191.40,0
28547,76.92,-189.75,0
28558,90.91,-188.08,0
28569,90.91,-188.27,0
28580,90.91,-188.22,0
28592,83.33,-189.96,0
28603,90.91,-192.20,0
28615,83.33,-192.60,0
28626,90.91,-191.56,0
28638,83.33,-190.86,0
28649,90.91,-188.91,0
28660,90.91,-187.34,0
28672,83.33,-187.10,0
28684,83.33,-188.27,0
28695,90.91,-190.26,0
28706,90.91,-191.89,0
28718,83.33,-192.54,0
28729,90.91,-190.79,0
28740,90.91,-189.46,0
28752,83.33,-188.17,0
28764,83.33,-187.23,0
28775,90.91,-187.72,0
28786,90.91,-189.74,0
28797,90.91,-191.58,0
28809,83.33,-192.65,0
28821,83.33,-191.78,0
28832,90.91,-190.40,0
28844,83.33,-188.76,0
28855,90.91,-187.86,0
28866,90.91,-187.84,0
28877,90.91,-188.33,0
28890,76.92,-190.21,0
28901,90.91,-192.22,0
28912,90.91,-192.72,0
28923,90.91,-190.91,0
28935,83.33,-189.40,0
28946,90.91,-188.18,0
28958,83.33,-187.37,0
28969,90.91,-187.56,0
28981,83.33,-189.44,0
28992,90.91,-190.99,0
29003,90.91,-192.78,0
29015,83.33,-191.83,0
29027,83.33,-189.78,0
29038,90.91,-188.35,0
29049,90.91,-187.84,0
29061,83.33,-187.91,0
29072,90.91,-188.79,0
29083,90.91,-190.57,0
29095,83.33,-192.55,0
29107,83.33,-192.28,0
29118,90.91,-190.89,0
29129,90.91,-189.28,0
29140,90.91,-187.55,0
29152,83.33,-187.11,0
29164,83.33,-187.78,0
29175,90.91,-189.63,0
29187,83.33,-191.57,0
29198,90.91,-193.12,0
29209,90.91,-192.50,0
29220,90.91,-190.09,0
29233,76.92,-188.13,0
29244,90.91,-187.52,0
29255,90.91,-187.51,0
29266,90.91,-188.69,0
29278,83.33,-190.61,0
29289,90.91,-192.31,0
29301,83.33,-191.80,0
29313,83.33,-190.97,0
29324,90.91,-190.29,0
29335,90.91,-188.82,0
29346,90.91,-187.94,0
29358,83.33,-187.24,0
29370,83.33,-189.13,0
29381,90.91,-191.69,0
29392,90.91,-192.28,0
29404,83.33,-191.87,0
29415,90.91,-190.10,0
29426,90.91,-188.95,0
29438,83.33,-187.67,0
29450,83.33,-187.07,0
29461,90.91,-188.50,0
29472,90.91,-190.55,0
29484,83.33,-191.93,0
29495,90.91,-192.07,0
29507,83.33,-190.88,0
29518,90.91,-189.60,0
29530,83.33,-187.99,0
29541,90.91,-187.57,0
29552,90.91,-188.37,0
29563,90.91,-189.47,0
29576,83.33,-191.66,0
29587,83.33,-192.21,0
29598,90.91,-191.79,0
29609,90.91,-189.96,0
29621,83.33,-188.94,0
29632,90.91,-187.99,0
29644,90.91,-187.57,0
29656,76.92,-187.83,0
29667,90.91,-190.01,0
29678,90.91,-191.63,0
29689,90.91,-191.70,0
29701,83.33,-190.33,0
29713,90.91,-189.38,0
29724,83.33,-187.99,0
29735,90.91,-187.25,0
29747,83.33,-187.78,0
29758,90.91,-189.26,0
29769,90.91,-191.70,0
29782,90.91,-191.97,0
29793,76.92,-191.27,0
29804,90.91,-190.19,0
29815,90.91,-189.45,0
29827,83.33,-188.35,0
29838,90.91,-188.52,0
29849,90.91,-189.64,0
29861,83.33,-190.72,0
29873,83.33,-191.69,0
29884,90.91,-191.55,0
29895,90.91,-190.90,0
29906,90.91,-189.47,0
29918,83.33,-188.41,0
29930,83.33,-188.15,0
29941,90.91,-188.26,0
29953,83.33,-190.47,0
29964,90.91,-191.74,0
29975,90.91,-192.41,0
29986,90.91,-191.50,0
29999,76.92,-190.79,0
30010,90.91,-189.17,0
30021,90.91,-187.67,0
30032,90.91,-187.84,0
30044,83.33,-188.86,0
30055,90.91,-190.40,0
30067,83.33,-191.55,0
30078,90.91,-191.00,0
30090,83.33,-190.06,0
30101,90.91,-188.82,0
30112,90.91,-187.57,0
30124,83.33,-187.54,0
30136,83.33,-188.14,0
30147,90.91,-190.14,0
30158,90.91,-191.38,0
30170,83.33,-192.10,0
30181,90.91,-191.37,0
30192,90.91,-189.85,0
30204,83.33,-189.06,0
30216,83.33,-188.33,0
30227,90.91,-188.25,0
30238,90.91,-189.57,0
30249,90.91,-191.40,0
30261,83.33,-192.74,0
30273,83.33,-191.84,0
30284,90.91,-190.59,0
30296,83.33,-188.91,0
30307,90.91,-188.08,0
30318,90.91,-188.42,0
30329,90.91,-188.86,0
30342,76.92,-191.14,0
30353,90.91,-192.69,0
30364,90.91,-192.10,0
30375,90.91,-190.62,0
30387,83.33,-189.28,0
30398,90.91,-188.71,0
30410,83.33,-188.43,0
30422,83.33,-188.45,0
30433,90.91,-189.36,0
30444,90.91,-191.48,0
30455,90.91,-192.97,0
30467,83.33,-192.23,0
30479,83.33,-190.19,0
30490,90.91,-188.32,0
30501,90.91,-187.15,0
30513,83.33,-187.54,0
30524,90.91,-188.41,0
30535,90.91,-190.34,0
30547,83.33,-191.96,0
30559,83.33,-192.35,0
30570,90.91,-191.18,0
30581,90.91,-189.62,0
30593,83.33,-188.98,0
30604,90.91,-188.30,0
30616,83.33,-188.72,0
30627,90.91,-189.69,0
30639,83.33,-192.07,0
30650,90.91,-193.39,0
30661,90.91,-192.62,0
30672,90.91,-190.41,0
30685,76.92,-188.96,0
30696,90.91,-187.46,0
30707,90.91,-187.46,0
30718,90.91,-188.51,0
30730,83.33,-189.86,0
30741,90.91,-191.56,0
30753,83.33,-191.03,0
30765,83.33,-190.31,0
30776,90.91,-189.52,0
30787,90.91,-188.78,0
30798,90.91,-188.08,0
30810,83.33,-188.37,0
30822,83.33,-190.12,0
30833,90.91,-191.51,0
30844,90.91,-192.52,0
30856,83.33,-191.83,0
30867,90.91,-190.32,0
30878,90.91,-188.59,0
30891,76.92,-187.41,0
30902,90.91,-187.80,0
30913,90.91,-188.58,0
30924,90.91,-190.10,0
30936,83.33,-191.91,0
30947,90.91,-191.75,0
30959,83.33,-190.74,0
30970,90.91,-189.36,0
30982,83.33,-188.11,0
30993,90.91,-187.78,0
31004,90.91,-188.14,0
31015,90.91,-189.72,0
31028,76.92,-191.60,0
31039,90.91,-192.54,0
31050,90.91,-191.96,0
31062,83.33,-190.68,0
31073,90.91,-189.24,0
31084,90.91,-187.84,0
31096,83.33,-187.74,0
31108,83.33,-188.71,0
31119,90.91,-189.99,0
31130,90.91,-191.25,0
31141,90.91,-191.69,0
31153,83.33,-190.95,0
31165,83.33,-189.68,0
31176,90.91,-188.45,0
31187,90.91,-188.30,0
31199,83.33,-188.20,0
31210,90.91,-190.53,0
31221,90.91,-192.82,0
31234,83.33,-192.94,0
31245,90.91,-191.74,0
31256,90.91,-189.91,0
31267,90.91,-188.97,0
31279,83.33,-187.14,0
31290,90.91,-187.17,0
31302,90.91,-188.46,0
31313,83.33,-189.97,0
31325,83.33,-191.56,0
31336,90.91,-191.26,0
31347,90.91,-190.12,0
31358,90.91,-189.40,0
31371,83.33,-188.00,0
31382,83.33,-188.18,0
31393,90.91,-189.21,0
31405,83.33,-190.46,0
31416,90.91,-192.12,0
31427,90.91,-192.58,0
31439,90.91,-191.23,0
31451,76.92,-190.22,0
31462,90.91,-188.66,0
31473,90.91,-187.75,0
31484,90.91,-187.58,0
31496,83.33,-189.09,0
31508,90.91,-191.00,0
31519,83.33,-191.81,0
31531,83.33,-191.39,0
31542,90.91,-190.26,0
31553,90.91,-189.19,0
31564,90.91,-188.34,0
31577,83.33,-188.43,0
31588,83.33,-188.50,0
31599,90.91,-189.84,0
31610,90.91,-191.62,0
31622,83.33,-192.25,0
31633,90.91,-191.73,0
31644,90.91,-189.89,0
31656,83.33,-188.43,0
31668,83.33,-187.38,0
31679,90.91,-187.12,0
31690,90.91,-189.42,0
31702,83.33,-191.72,0
31713,90.91,-192.07,0
31725,83.33,-191.43,0
31736,90.91,-189.80,0
31748,83.33,-188.40,0
31759,90.91,-187.44,0
31770,90.91,-187.41,0
31781,90.91,-188.51,0
31794,76.92,-190.79,0
31805,90.91,-192.46,0
31816,90.91,-192.28,0
31827,90.91,-191.35,0
31839,83.33,-189.73,0
31850,90.91,-188.98,0
31862,83.33,-188.32,0
31874,83.33,-187.88,0
31885,90.91,-189.10,0
31896,90.91,-191.35,0
31907,90.91,-192.25,0
31919,83.33,-191.39,0
31931,83.33,-189.89,0
31942,90.91,-188.89,0
31953,90.91,-188.02,0
31965,83.33,-187.81,0
31976,90.91,-188.73,0
31987,90.91,-191.25,0
32000,76.92,-192.48,0
32011,90.91,-191.97,0
32022,90.91,-191.15,0
32033,90.91,-189.39,0
32045,83.33,-187.71,0
32056,90.91,-187.43,0
32068,83.33,-187.48,0
32079,90.91,-188.93,0
32091,83.33,-191.25,0
32102,90.91,-192.56,0
32113,90.91,-192.16,0
32124,90.91,-190.53,0
32137,76.92,-189.13,0
32148,90.91,-187.98,0
32159,90.91,-187.56,0
32171,83.33,-188.22,0
32182,90.91,-190.19,0
32193,90.91,-192.35,0
32205,83.33,-191.70,0
32217,83.33,-190.37,0
32228,90.91,-190.08,0
32239,90.91,-188.55,0
32250,90.91,-187.66,0
32262,83.33,-188.38,0
32274,83.33,-190.33,0
32285,90.91,-191.54,0
32296,90.91,-192.33,0
32308,83.33,-191.79,0
32319,90.91,-190.74,0
32330,90.91,-189.72,0
32343,76.92,-188.59,0
32354,90.91,-188.25,0
32365,90.91,-189.26,0
32376,90.91,-190.99,0
32388,83.33,-191.90,0
32399,90.91,-191.57,0
32411,83.33,-190.07,0
32422,90.91,-189.54,0
32434,83.33,-188.37,0
32445,90.91,-187.90,0
32456,90.91,-188.55,0
32467,90.91,-189.84,0
32480,76.92,-191.60,0
32491,90.91,-192.14,0
32502,90.91,-191.45,0
32514,83.33,-191.54,0
32525,90.91,-189.83,0
32536,90.91,-189.07,0
32548,83.33,-188.32,0
32560,83.33,-189.54,0
32571,90.91,-191.36,0
32582,90.91,-192.28,0
32593,90.91,-191.83,0
32605,83.33,-190.67,0
32617,83.33,-189.68,0
32628,90.91,-188.75,0
32640,83.33,-188.23,0
32651,90.91,-188.31,0
32662,90.91,-190.11,0
32673,90.91,-191.66,0
32686,76.92,-191.64,0
32697,90.91,-190.59,0
32708,90.91,-189.83,0
32719,90.91,-188.93,0
32731,83.33,-188.15,0
32742,90.91,-188.45,0
32754,83.33,-189.75,0
32765,90.91,-191.34,0
32777,83.33,-192.04,0
32788,90.91,-192.19,0
32799,90.91,-191.16,0
32811,83.33,-190.22,0
32823,83.33,-188.41,0
32834,90.91,-188.34,0
32845,90.91,-189.26,0
32857,83.33,-190.42,0
32868,90.91,-192.36,0
32879,90.91,-192.02,0
32891,83.33,-191.24,0
32903,83.33,-190.73,0
32914,90.91,-188.61,0
32925,90.91,-188.05,0
32936,90.91,-188.63,0
32948,83.33,-190.16,0
32960,83.33,-191.29,0
32971,90.91,-191.76,0
32983,83.33,-192.05,0
32994,90.91,-190.69,0
33005,90.91,-189.94,0
33016,90.91,-188.69,0
33029,76.92,-187.91,0
33040,90.91,-189.26,0
33051,90.91,-190.54,0
33062,90.91,-191.64,0
33074,83.33,-192.00,0
33085,90.91,-191.39,0
33097,90.91,-190.31,0
33108,83.33,-188.96,0
33120,83.33,-188.59,0
33131,90.91,-188.29,0
33142,90.91,-189.75,0
33154,83.33,-191.92,0
33166,90.91,-192.30,0
33177,83.33,-191.86,0
33188,90.91,-190.63,0
33200,83.33,-189.59,0
33211,90.91,-188.06,0
33222,90.91,-186.52,0
33234,90.91,-187.99,0
33246,76.92,-189.55,0
33257,90.91,-190.69,0
33268,90.91,-191.50,0
33280,83.33,-190.67,0
33291,90.91,-189.74,0
33303,90.91,-188.35,0
33314,83.33,-187.64,0
33326,83.33,-187.53,0
33337,90.91,-189.34,0
33348,90.91,-191.50,0
33359,90.91,-192.48,0
33372,83.33,-192.22,0
33383,83.33,-190.01,0
33394,90.91,-188.94,0
33405,90.91,-188.48,0
33417,83.33,-187.76,0
33428,90.91,-188.68,0
33439,90.91,-190.56,0
33452,76.92,-192.09,0
33463,90.91,-191.98,0
33474,90.91,-191.28,0
33485,90.91,-189.98,0
33497,83.33,-188.44,0
33508,90.91,-187.63,0
33520,83.33,-187.87,0
33531,90.91,-189.19,0
33543,83.33,-190.89,0
33554,90.91,-192.04,0
33565,90.91,-191.92,0
33576,90.91,-190.64,0
33589,76.92,-189.60,0
33600,90.91,-188.26,0
33611,90.91,-187.33,0
33623,83.33,-188.76,0
33634,90.91,-190.40,0
33645,90.91,-191.94,0
33657,83.33,-192.06,0
33669,83.33,-190.97,0
33680,90.91,-189.96,0
33691,90.91,-189.04,0
33702,90.91,-188.11,0
33714,83.33,-187.70,0
33726,83.33,-188.87,0
33737,90.91,-190.90,0
33748,90.91,-191.90,0
33760,83.33,-191.53,0
33771,90.91,-190.43,0
33782,90.91,-188.83,0
33795,76.92,-187.42,0
33806,90.91,-187.57,0
33817,90.91,-188.48,0
33828,90.91,-190.12,0
33840,83.33,-191.10,0
33851,90.91,-191.22,0
33863,83.33,-190.51,0
33874,90.91,-189.63,0
33886,83.33,-188.15,0
33897,90.91,-188.20,0
33908,90.91,-189.55,0
33920,83.33,-190.44,0
33932,83.33,-192.17,0
33943,90.91,-191.72,0
33954,90.91,-191.36,0
33966,83.33,-190.71,0
33977,90.91,-188.91,0
33988,90.91,-187.49,0
34000,83.33,-187.80,0
34012,83.33,-189.65,0
34023,90.91,-190.64,0
34034,90.91,-192.29,0
34045,90.91,-192.27,0
34057,83.33,-191.04,0
34069,83.33,-189.62,0
34080,90.91,-189.15,0
34092,83.33,-188.90,0
34103,90.91,-189.88,0
34114,90.91,-190.73,0
34125,90.91,-192.79,0
34138,76.92,-192.80,0
34149,90.91,-192.10,0
34160,90.91,-190.14,0
34171,90.91,-188.70,0
34183,83.33,-187.83,0
34194,90.91,-188.03,0
34206,83.33,-189.73,0
34217,90.91,-191.32,0
34229,83.33,-191.83,0
34240,90.91,-190.94,0
34251,90.91,-189.74,0
34263,83.33,-189.40,0
34275,83.33,-187.97,0
34286,90.91,-187.32,0
34297,90.91,-188.01,0
34309,83.33,-190.35,0
34320,90.91,-191.80,0
34331,90.91,-192.09,0
34343,83.33,-191.23,0
34355,83.33,-190.09,0
34366,90.91,-189.10,0
34377,90.91,-188.27,0
34388,90.91,-188.12,0
34400,83.33,-189.85,0
34412,83.33,-191.09,0
34423,90.91,-191.46,0
34435,83.33,-191.41,0
34446,90.91,-189.56,0
34457,90.91,-189.04,0
34468,90.91,-188.09,0
34481,76.92,-187.26,0
34492,90.91,-188.38,0
34503,90.91,-190.60,0
34514,90.91,-192.31,0
34526,83.33,-191.54,0
34537,90.91,-190.66,0
34549,83.33,-190.31,0
34561,83.33,-188.43,0
34572,90.91,-187.93,0
34583,90.91,-187.70,0
34594,90.91,-189.64,0
34606,83.33,-191.69,0
34618,83.33,-192.32,0
34629,90.91,-191.73,0
34640,90.91,-190.28,0
34652,83.33,-189.14,0
34663,90.91,-188.70,0
34674,90.91,-188.08,0
34686,83.33,-188.79,0
34698,83.33,-191.00,0
34709,90.91,-192.67,0
34720,90.91,-192.28,0
34732,83.33,-191.19,0
34743,90.91,-189.66,0
34755,90.91,-188.48,0
34766,83.33,-188.25,0
34778,83.33,-188.64,0
34789,90.91,-190.24,0
34800,90.91,-191.88,0
34811,90.91,-192.30,0
34824,83.33,-191.70,0
34835,83.33,-190.04,0
34846,90.91,-188.90,0
34857,90.91,-187.45,0
34869,83.33,-187.25,0
34880,90.91,-188.60,0
34892,90.91,-190.27,0
34904,76.92,-191.96,0
34915,90.91,-192.00,0
34926,90.91,-190.93,0
34937,90.91,-189.43,0
34949,83.33,-188.25,0
34961,90.91,-187.14,0
34972,83.33,-187.82,0
34983,90.91,-189.60,0
34995,83.33,-190.87,0
35006,90.91,-192.14,0
35017,90.91,-191.95,0
35030,90.91,-190.58,0
35041,76.92,-188.64,0
35052,90.91,-188.04,0
35063,90.91,-187.84,0
35075,83.33,-189.31,0
35086,90.91,-190.85,0
35097,90.91,-191.96,0
35109,83.33,-192.63,0
35121,83.33,-191.44,0
35132,90.91,-189.92,0
35143,90.91,-188.94,0
35154,90.91,-187.53,0
35166,83.33,-188.03,0
35178,83.33,-189.87,0
35189,90.91,-191.54,0
35201,83.33,-192.21,0
35212,90.91,-191.13,0
35223,90.91,-189.73,0
35234,90.91,-188.54,0
35247,76.92,-187.58,0
35258,90.91,-187.93,0
35269,90.91,-189.39,0
35280,90.91,-191.45,0
35292,83.33,-191.74,0
35303,90.91,-191.95,0
35315,83.33,-190.87,0
35326,90.91,-189.29,0
35338,83.33,-188.67,0
35349,90.91,-187.91,0
35360,90.91,-189.06,0
35372,83.33,-190.94,0
35384,83.33,-191.46,0
35395,90.91,-192.06,0
35406,90.91,-191.61,0
35418,83.33,-189.69,0
35429,90.91,-188.16,0
35440,90.91,-187.52,0
35452,83.33,-187.89,0
35464,83.33,-189.43,0
35475,90.91,-190.80,0
35486,90.91,-191.67,0
35497,90.91,-191.72,0
35509,83.33,-190.92,0
35521,83.33,-189.17,0
35532,90.91,-187.92,0
35544,83.33,-187.59,0
35555,90.91,-188.00,0
35566,90.91,-189.58,0
35577,90.91,-190.88,0
35590,76.92,-191.74,0
35601,90.91,-190.84,0
35612,90.91,-189.64,0
35623,90.91,-188.89,0
35635,83.33,-187.73,0
35646,90.91,-187.53,0
35658,83.33,-189.35,0
35670,83.33,-190.97,0
35681,90.91,-191.89,0
35692,90.91,-191.24,0
35703,90.91,-189.64,0
35715,83.33,-188.52,0
35727,83.33,-187.32,0
35738,90.91,-187.41,0
35749,90.91,-188.02,0
35761,83.33,-190.61,0
35772,90.91,-191.60,0
35783,90.91,-192.56,0
35795,83.33,-191.41,0
35807,83.33,-189.71,0
35818,90.91,-189.57,0
35829,90.91,-188.55,0
35841,83.33,-188.79,0
35852,90.91,-190.02,0
35864,83.33,-191.92,0
35875,90.91,-192.63,0
35887,83.33,-191.45,0
35898,90.91,-190.07,0
35909,90.91,-188.91,0
35920,90.91,-187.51,0
35933,76.92,-188.34,0
35944,90.91,-189.30,0
35955,90.91,-190.47,0
35966,90.91,-191.24,0
35978,83.33,-191.26,0
35989,90.91,-190.42,0
36001,83.33,-189.69,0
36013,83.33,-188.59,0
36024,90.91,-188.04,0
36035,90.91,-188.30,0
36046,90.91,-189.21,0
36058,83.33,-190.67,0
36070,83.33,-191.26,0
36081,90.91,-190.81,0
36092,90.91,-189.75,0
36104,83.33,-188.64,0
36115,90.91,-188.00,0
36126,90.91,-187.51,0
36139,76.92,-188.81,0
36150,90.91,-190.96,0
36161,90.91,-191.51,0
36172,90.91,-191.95,0
36184,83.33,-190.71,0
36195,90.91,-189.72,0
36207,83.33,-189.17,0
36218,90.91,-188.25,0
36230,83.33,-188.81,0
36241,90.91,-190.44,0
36252,90.91,-192.01,0
36263,90.91,-192.10,0
36276,76.92,-191.21,0
36287,90.91,-190.35,0
36298,90.91,-188.75,0
36310,83.33,-187.64,0
36321,90.91,-187.73,0
36332,90.91,-189.55,0
36344,90.91,-190.58,0
36356,76.92,-191.28,0
36367,90.91,-191.45,0
36378,90.91,-190.23,0
36389,90.91,-189.62,0
36401,83.33,-188.41,0
36413,90.91,-187.97,0
36424,83.33,-188.98,0
36435,90.91,-190.43,0
36447,83.33,-191.70,0
36458,90.91,-191.56,0
36469,90.91,-190.88,0
36482,83.33,-190.29,0
36493,83.33,-188.38,0
36504,90.91,-188.00,0
36515,90.91,-187.72,0
36527,83.33,-189.18,0
36538,90.91,-191.08,0
36550,90.91,-191.44,0
36561,83.33,-191.30,0
36573,83.33,-190.25,0
36584,90.91,-189.65,0
36595,90.91,-188.61,0
36606,90.91,-187.29,0
36619,83.33,-188.18,0
36630,83.33,-190.25,0
36641,90.91,-192.03,0
36653,83.33,-191.74,0
36664,90.91,-190.76,0
36675,90.91,-189.61,0
36686,90.91,-188.26,0
36699,76.92,-188.25,0
36710,90.91,-188.29,0
36721,90.91,-189.42,0
36732,90.91,-191.58,0
36744,83.33,-192.11,0
36755,90.91,-191.65,0
36767,83.33,-190.23,0
36779,83.33,-189.09,0
36790,90.91,-187.50,0
36801,90.91,-186.96,0
36812,90.91,-188.52,0
36824,83.33,-190.50,0
36836,83.33,-191.29,0
36847,90.91,-191.77,0
36858,90.91,-190.90,0
36870,83.33,-189.78,0
36881,90.91,-188.46,0
36892,90.91,-187.49,0
36904,83.33,-187.87,0
36916,83.33,-189.71,0
36927,90.91,-192.18,0
36938,90.91,-192.65,0
36950,83.33,-191.72,0
36961,90.91,-190.06,0
36973,83.33,-188.57,0
36984,90.91,-188.51,0
36996,83.33,-188.38,0
37007,90.91,-189.27,0
37018,90.91,-191.12,0
37029,90.91,-191.96,0
37042,76.92,-192.11,0
37053,90.91,-190.45,0
37064,90.91,-189.73,0
37075,90.91,-188.42,0
37087,83.33,-188.19,0
37098,90.91,-189.07,0
37110,83.33,-190.29,0
37122,83.33,-191.97,0
37133,90.91,-192.81,0
37144,90.91,-192.05,0
37155,90.91,-189.74,0
37167,83.33,-187.81,0
37179,83.33,-187.02,0
37190,90.91,-187.42,0
