66,15.15,595.39,0
77,90.91,595.10,0
89,83.33,593.80,0
100,90.91,593.28,0
111,90.91,587.66,0
123,83.33,584.68,0
135,83.33,592.48,0
146,90.91,597.26,0
157,90.91,593.64,0
168,90.91,597.53,0
180,83.33,596.98,0
192,83.33,588.12,0
203,90.91,585.85,0
215,83.33,594.72,0
226,90.91,597.40,0
237,90.91,594.40,0
248,90.91,594.40,0
261,76.92,592.47,0
272,90.91,584.90,0
283,90.91,586.12,0
294,90.91,594.83,0
306,83.33,596.05,0
317,90.91,594.01,0
329,83.33,595.96,0
340,90.91,592.51,0
352,83.33,584.95,0
363,90.91,591.38,0
374,90.91,597.03,0
387,83.33,590.75,0
398,83.33,594.72,0
409,90.91,600.71,0
420,90.91,589.75,0
432,83.33,582.55,0
443,90.91,592.43,0
455,83.33,593.64,0
466,90.91,592.99,0
478,83.33,597.65,0
489,90.91,594.69,0
500,90.91,582.98,0
512,83.33,587.02,0
524,83.33,596.97,0
535,90.91,594.46,0
546,90.91,597.35,0
558,83.33,602.87,0
569,90.91,588.99,0
580,90.91,580.56,0
592,83.33,592.77,0
604,83.33,597.24,0
615,90.91,590.67,0
626,90.91,595.07,0
637,90.91,597.53,0
649,83.33,585.17,0
661,83.33,586.41,0
672,90.91,595.66,0
684,83.33,591.92,0
695,90.91,592.99,0
706,90.91,599.76,0
717,90.91,594.94,0
730,76.92,586.42,0
741,90.91,590.05,0
752,90.91,592.01,0
763,90.91,587.43,0
775,83.33,598.77,0
787,90.91,602.59,0
798,83.33,588.15,0
809,90.91,580.25,0
821,83.33,589.58,0
832,90.91,595.78,0
843,90.91,595.76,0
856,83.33,598.07,0
867,83.33,592.29,0
878,90.91,580.52,0
889,90.91,583.34,0
901,83.33,596.89,0
912,90.91,600.21,0
924,83.33,595.56,0
935,90.91,596.27,0
947,83.33,587.67,0
958,90.91,582.06,0
969,90.91,594.38,0
980,90.91,601.04,0
993,76.92,593.12,0
1004,90.91,586.08,0
1015,90.91,590.62,0
1027,83.33,591.88,0
1038,90.91,591.62,0
1049,90.91,598.03,0
1061,83.33,595.82,0
1073,83.33,589.76,0
1084,90.91,595.81,0
1095,90.91,600.02,0
1106,90.91,592.05,0
1118,83.33,587.46,0
1130,83.33,591.08,0
1141,90.91,591.96,0
1153,83.33,592.78,0
1164,90.91,602.37,0
1175,90.91,599.89,0
1186,90.91,581.74,0
1199,76.92,583.79,0
1210,90.91,594.90,0
1221,90.91,595.47,0
1232,90.91,601.56,0
1244,83.33,603.20,0
1256,90.91,587.39,0
1267,83.33,580.14,0
1278,90.91,591.97,0
1290,83.33,600.36,0
1301,90.91,598.16,0
1312,90.91,599.21,0
1325,83.33,592.88,0
1336,83.33,580.43,0
1347,90.91,586.76,0
1358,90.91,601.63,0
1370,83.33,598.89,0
1381,90.91,591.50,0
1393,83.33,591.86,0
1404,90.91,588.88,0
1416,83.33,586.49,0
1427,90.91,595.18,0
1438,90.91,599.69,0
1449,90.91,592.42,0
1462,76.92,592.20,0
1473,90.91,595.73,0
1484,90.91,591.42,0
1496,83.33,587.11,0
1507,90.91,592.70,0
1518,90.91,592.66,0
1530,83.33,590.27,0
1542,83.33,598.62,0
1553,90.91,596.56,0
1564,90.91,585.63,0
1575,90.91,587.67,0
1587,83.33,594.71,0
1599,83.33,597.29,0
1610,90.91,600.40,0
1622,83.33,596.53,0
1633,90.91,587.27,0
1644,90.91,583.27,0
1655,90.91,591.89,0
1668,76.92,598.85,0
1679,90.91,597.08,0
1690,90.91,595.87,0
1701,90.91,592.06,0
1713,83.33,585.29,0
1725,90.91,586.05,0
1736,83.33,596.80,0
1747,90.91,598.94,0
1759,83.33,594.86,0
1770,90.91,595.17,0
1781,90.91,592.92,0
1794,76.92,587.36,0
1805,90.91,591.02,0
1816,90.91,596.71,0
1827,90.91,591.01,0
1839,83.33,593.48,0
1850,90.91,603.25,0
1862,83.33,594.77,0
1873,90.91,584.79,0
1885,83.33,589.98,0
1896,90.91,593.72,0
1907,90.91,594.78,0
1918,90.91,601.70,0
1931,76.92,600.70,0
1942,90.91,588.07,0
1953,90.91,581.45,0
1965,83.33,589.52,0
1976,90.91,595.26,0
1987,90.91,598.73,0
1999,83.33,602.54,0
2011,83.33,593.33,0
2022,90.91,583.18,0
2033,90.91,586.54,0
2044,90.91,596.68,0
2056,83.33,596.63,0
2068,83.33,597.37,0
2079,90.91,599.20,0
2091,83.33,590.63,0
2102,90.91,585.28,0
2113,90.91,592.16,0
2125,90.91,597.45,0
2137,76.92,592.70,0
2148,90.91,595.52,0
2159,90.91,596.28,0
2170,90.91,588.07,0
2182,83.33,589.10,0
2194,90.91,594.59,0
2205,83.33,593.05,0
2216,90.91,592.24,0
2228,83.33,599.59,0
2239,90.91,598.55,0
2250,90.91,585.62,0
2263,76.92,587.79,0
2274,90.91,596.04,0
2285,90.91,595.36,0
2296,90.91,596.87,0
2308,83.33,599.08,0
2319,90.91,591.46,0
2331,83.33,581.04,0
2342,90.91,586.75,0
2354,83.33,597.17,0
2365,90.91,599.05,0
2376,90.91,599.45,0
2387,90.91,596.68,0
2400,76.92,582.75,0
2411,90.91,583.44,0
2422,90.91,598.74,0
2434,83.33,600.74,0
2445,90.91,595.69,0
2456,90.91,598.75,0
2468,83.33,589.23,0
2480,83.33,582.44,0
2491,90.91,590.77,0
2502,90.91,599.51,0
2513,90.91,592.33,0
2525,83.33,592.13,0
2537,83.33,595.30,0
2548,90.91,589.11,0
2560,83.33,589.58,0
2571,90.91,596.98,0
2582,90.91,593.41,0
2594,90.91,590.91,0
2606,76.92,597.21,0
2617,90.91,599.30,0
2628,90.91,589.46,0
2639,90.91,586.79,0
2651,83.33,588.64,0
2663,83.33,589.09,0
2674,90.91,593.19,0
2685,90.91,600.12,0
2697,83.33,592.07,0
2708,90.91,583.50,0
2719,90.91,584.93,0
2732,76.92,592.62,0
2743,90.91,596.47,0
2754,90.91,598.54,0
2765,90.91,595.82,0
2777,83.33,589.07,0
2788,90.91,585.99,0
2800,83.33,591.68,0
2811,90.91,595.85,0
2823,83.33,595.47,0
2834,90.91,592.60,0
2845,90.91,589.10,0
2856,90.91,586.21,0
2869,76.92,586.78,0
2880,90.91,594.00,0
2891,90.91,595.32,0
2903,83.33,592.86,0
2914,90.91,594.50,0
2925,90.91,595.25,0
2937,83.33,588.33,0
2949,83.33,591.00,0
2960,90.91,592.94,0
2971,90.91,591.40,0
2982,90.91,597.31,0
2995,83.33,599.75,0
3006,83.33,589.17,0
3017,90.91,580.07,0
3028,90.91,586.62,0
3040,83.33,595.45,0
3051,90.91,596.26,0
3063,83.33,597.82,0
3075,83.33,593.44,0
3086,90.91,581.85,0
3097,90.91,584.32,0
3108,90.91,597.96,0
3120,83.33,596.77,0
3132,83.33,595.78,0
3143,90.91,597.12,0
3154,90.91,590.48,0
3166,83.33,584.05,0
3177,90.91,593.05,0
3188,90.91,596.54,0
3201,76.92,591.77,0
3212,90.91,592.79,0
3223,90.91,593.23,0
3234,90.91,587.14,0
3246,83.33,588.82,0
3257,90.91,596.19,0
3269,83.33,592.96,0
3280,90.91,591.48,0
3292,83.33,601.65,0
3303,90.91,599.65,0
3314,90.91,588.72,0
3325,90.91,587.45,0
3338,76.92,591.90,0
3349,90.91,589.50,0
3360,90.91,598.24,0
3372,83.33,602.08,0
3383,90.91,591.63,0
3395,90.91,583.41,0
3406,83.33,587.59,0
3418,83.33,592.90,0
3429,90.91,596.24,0
3440,90.91,600.40,0
3451,90.91,597.77,0
3464,83.33,584.72,0
3475,83.33,587.50,0
3486,90.91,597.73,0
3497,90.91,597.67,0
3509,83.33,595.07,0
3520,90.91,596.40,0
3532,83.33,591.01,0
3544,83.33,585.15,0
3555,90.91,591.38,0
3566,90.91,596.96,0
3577,90.91,591.31,0
3589,83.33,594.51,0
3601,83.33,596.48,0
3612,90.91,589.47,0
3623,90.91,587.67,0
3635,83.33,591.70,0
3646,90.91,594.05,0
3657,90.91,593.26,0
3670,76.92,600.21,0
3681,90.91,601.84,0
3692,90.91,591.60,0
3703,90.91,586.51,0
3715,83.33,591.77,0
3726,90.91,595.30,0
3738,83.33,596.27,0
3749,90.91,598.88,0
3761,83.33,593.38,0
3772,90.91,582.68,0
3783,90.91,586.76,0
3794,90.91,595.97,0
3807,76.92,595.59,0
3818,90.91,594.22,0
3829,90.91,597.54,0
3841,83.33,588.26,0
3852,90.91,584.88,0
3863,90.91,591.68,0
3875,83.33,595.96,0
3887,83.33,593.03,0
3898,90.91,591.90,0
3909,90.91,590.14,0
3920,90.91,585.37,0
3933,83.33,588.53,0
3944,83.33,595.66,0
3955,90.91,594.20,0
3966,90.91,593.60,0
3978,83.33,596.86,0
3989,90.91,594.64,0
4001,83.33,588.51,0
4013,83.33,589.57,0
4024,90.91,592.42,0
4035,90.91,592.85,0
4046,90.91,596.82,0
4058,83.33,598.45,0
4070,83.33,587.68,0
4081,90.91,582.28,0
4092,90.91,587.91,0
4104,83.33,592.00,0
4115,90.91,594.91,0
4126,90.91,600.73,0
4139,76.92,595.30,0
4150,90.91,581.70,0
4161,90.91,586.56,0
4172,90.91,597.24,0
4184,83.33,600.37,0
4195,90.91,597.04,0
4207,83.33,595.70,0
4218,90.91,587.15,0
4230,83.33,582.12,0
4241,90.91,591.75,0
4252,90.91,598.61,0
4263,90.91,595.18,0
4276,76.92,593.92,0
4287,90.91,593.16,0
4298,90.91,587.46,0
4310,83.33,587.84,0
4321,90.91,594.87,0
4333,90.91,595.83,0
4344,83.33,593.32,0
4356,83.33,594.21,0
4367,90.91,594.52,0
4378,90.91,590.11,0
4389,90.91,587.60,0
4402,76.92,594.63,0
4413,90.91,593.65,0
4424,90.91,592.39,0
4435,90.91,598.98,0
4447,83.33,593.78,0
4458,90.91,582.40,0
4470,83.33,587.10,0
4482,83.33,593.19,0
4493,90.91,590.61,0
4504,90.91,595.05,0
4515,90.91,599.79,0
4527,83.33,590.52,0
4539,83.33,584.54,0
4550,90.91,590.45,0
4561,90.91,597.30,0
4573,83.33,599.90,0
4584,90.91,599.99,0
4595,90.91,593.66,0
4608,76.92,580.63,0
4619,90.91,583.20,0
4630,90.91,594.30,0
4641,90.91,594.79,0
4653,83.33,593.24,0
4664,90.91,592.25,0
4676,83.33,588.79,0
4687,90.91,587.68,0
4699,83.33,594.76,0
4710,90.91,598.26,0
4721,90.91,593.08,0
4733,90.91,595.30,0
4745,76.92,596.93,0
4756,90.91,589.40,0
4767,90.91,586.46,0
4779,83.33,595.19,0
4790,90.91,592.32,0
4802,90.91,591.45,0
4813,83.33,601.12,0
4825,83.33,598.50,0
4836,90.91,585.96,0
4847,90.91,584.70,0
4858,90.91,592.27,0
4871,76.92,594.29,0
4882,90.91,599.45,0
4893,90.91,600.52,0
4904,90.91,588.87,0
4916,83.33,580.51,0
4927,90.91,590.22,0
4939,83.33,599.37,0
4951,83.33,599.49,0
4962,90.91,598.13,0
4973,90.91,592.09,0
4984,90.91,580.19,0
4996,83.33,584.17,0
5008,83.33,594.81,0
5019,90.91,596.01,0
5030,90.91,588.94,0
5042,83.33,592.56,0
5053,90.91,593.78,0
5064,90.91,586.55,0
5076,83.33,590.07,0
5088,83.33,595.59,0
5099,90.91,590.43,0
5110,90.91,590.34,0
5122,83.33,598.54,0
5133,90.91,591.04,0
5145,83.33,583.37,0
5156,90.91,587.91,0
5168,83.33,594.04,0
5179,90.91,592.16,0
5190,90.91,596.66,0
5202,90.91,595.98,0
5214,76.92,582.32,0
5225,90.91,583.38,0
5236,90.91,595.65,0
5248,83.33,595.85,0
5259,90.91,594.15,0
5271,83.33,598.50,0
5282,90.91,590.44,0
5294,83.33,584.18,0
5305,90.91,591.90,0
5316,90.91,596.57,0
5327,90.91,593.70,0
5340,76.92,596.84,0
5351,90.91,595.94,0
5362,90.91,585.20,0
5373,90.91,587.73,0
5385,83.33,594.94,0
5396,90.91,592.48,0
5408,83.33,592.77,0
5420,83.33,599.09,0
5431,90.91,596.50,0
5442,90.91,585.43,0
5453,90.91,588.16,0
5465,83.33,594.87,0
5477,83.33,594.74,0
5488,90.91,596.91,0
5499,90.91,598.78,0
5511,83.33,593.23,0
5522,90.91,586.91,0
5533,90.91,588.39,0
5545,83.33,593.37,0
5557,83.33,595.92,0
5568,90.91,600.17,0
5579,90.91,597.71,0
5591,83.33,588.66,0
5602,90.91,586.01,0
5614,83.33,589.70,0
5625,90.91,594.54,0
5637,83.33,595.08,0
5648,90.91,597.76,0
5659,90.91,594.66,0
5671,90.91,585.63,0
5683,76.92,586.55,0
5694,90.91,594.94,0
5705,90.91,596.49,0
5716,90.91,595.81,0
5728,83.33,596.28,0
5740,83.33,592.74,0
5751,90.91,584.76,0
5763,83.33,587.49,0
5774,90.91,593.27,0
5785,90.91,592.44,0
5796,90.91,592.98,0
5809,76.92,596.48,0
5820,90.91,591.03,0
5831,90.91,584.57,0
5842,90.91,591.59,0
5854,83.33,599.49,0
5865,90.91,595.74,0
5877,83.33,598.40,0
5889,83.33,598.89,0
5900,90.91,585.74,0
5911,90.91,585.00,0
5922,90.91,596.43,0
5934,83.33,593.16,0
5946,83.33,593.48,0
5957,90.91,601.12,0
5968,90.91,589.90,0
5980,83.33,580.00,0
5991,90.91,589.83,0
6002,90.91,598.54,0
6014,83.33,596.30,0
6026,83.33,600.00,0
6037,90.91,600.02,0
6048,90.91,587.11,0
6060,83.33,580.38,0
6072,90.91,591.78,0
6083,83.33,595.61,0
6094,90.91,591.90,0
6106,83.33,597.00,0
6117,90.91,591.20,0
6128,90.91,580.03,0
6140,90.91,588.03,0
6152,76.92,599.95,0
6163,90.91,595.89,0
6174,90.91,594.56,0
6185,90.91,598.01,0
6197,83.33,589.80,0
6209,83.33,584.94,0
6220,90.91,590.71,0
6232,83.33,593.70,0
6243,90.91,590.91,0
6254,90.91,593.95,0
6265,90.91,597.36,0
6278,76.92,592.28,0
6289,90.91,586.50,0
6300,90.91,589.55,0
6311,90.91,591.56,0
6323,83.33,592.20,0
6334,90.91,602.40,0
6346,83.33,598.58,0
6358,83.33,587.81,0
6369,90.91,585.33,0
6380,90.91,591.30,0
6391,90.91,596.22,0
6403,83.33,598.36,0
6415,83.33,599.57,0
6426,90.91,592.03,0
6437,90.91,583.65,0
6449,83.33,590.45,0
6460,90.91,594.93,0
6471,90.91,593.56,0
6483,83.33,598.38,0
6495,83.33,596.69,0
6506,90.91,583.37,0
6517,90.91,583.59,0
6529,83.33,595.18,0
6541,90.91,598.46,0
6552,83.33,595.07,0
6563,90.91,595.55,0
6575,83.33,592.35,0
6586,90.91,584.83,0
6597,90.91,588.56,0
6609,83.33,596.38,0
6621,83.33,592.26,0
6632,90.91,593.32,0
6643,90.91,596.98,0
6654,90.91,589.00,0
6666,83.33,584.84,0
6678,83.33,591.46,0
6689,90.91,595.41,0
6701,83.33,593.35,0
6712,90.91,597.68,0
6723,90.91,595.75,0
6734,90.91,585.78,0
6747,76.92,587.05,0
6758,90.91,594.84,0
6769,90.91,594.12,0
6780,90.91,596.47,0
6792,83.33,602.35,0
6803,90.91,594.38,0
6815,83.33,587.15,0
6827,83.33,590.67,0
6838,90.91,592.62,0
6849,90.91,590.86,0
6860,90.91,598.00,0
6872,83.33,598.78,0
6884,83.33,589.47,0
6895,90.91,585.61,0
6906,90.91,590.25,0
6918,83.33,591.84,0
6929,90.91,594.23,0
6940,90.91,600.07,0
6952,83.33,598.02,0
6964,83.33,583.18,0
6975,90.91,578.61,0
6986,90.91,589.47,0
6998,83.33,594.74,0
7010,90.91,597.91,0
7021,83.33,599.88,0
7032,90.91,590.41,0
7044,83.33,583.07,0
7055,90.91,587.48,0
7066,90.91,595.95,0
7078,83.33,595.30,0
7090,83.33,594.68,0
7101,90.91,593.34,0
7112,90.91,587.13,0
7123,90.91,585.41,0
7135,83.33,594.67,0
7147,83.33,599.91,0
7158,90.91,594.59,0
7170,83.33,591.79,0
7181,90.91,595.54,0
7192,90.91,589.55,0
7203,90.91,587.25,0
7216,76.92,594.05,0
7227,90.91,592.44,0
7238,90.91,592.38,0
7249,90.91,598.11,0
7261,83.33,595.02,0
7272,90.91,585.99,0
7284,83.33,590.02,0
7296,83.33,591.77,0
7307,90.91,589.72,0
7318,90.91,597.74,0
7329,90.91,599.16,0
7341,83.33,586.26,0
7353,83.33,584.54,0
7364,90.91,593.87,0
7375,90.91,598.42,0
7387,83.33,598.49,0
7398,90.91,596.36,0
7409,90.91,591.87,0
7421,83.33,584.59,0
7433,83.33,592.20,0
7444,90.91,598.38,0
7455,90.91,595.64,0
7467,83.33,595.64,0
7479,90.91,597.62,0
7490,83.33,591.53,0
7501,90.91,586.03,0
7513,83.33,591.02,0
7524,90.91,595.76,0
7535,90.91,591.63,0
7547,90.91,596.81,0
7559,83.33,599.16,0
7570,90.91,588.53,0
7581,90.91,581.49,0
7592,90.91,588.03,0
7604,83.33,595.39,0
7616,83.33,596.37,0
7627,90.91,601.22,0
7639,83.33,597.06,0
7650,90.91,585.24,0
7661,90.91,587.22,0
7672,90.91,599.44,0
7685,76.92,598.16,0
7696,90.91,593.67,0
7707,90.91,597.24,0
7718,90.91,588.45,0
7730,83.33,576.08,0
7741,90.91,590.03,0
7753,83.33,603.55,0
7764,90.91,595.54,0
7776,83.33,590.89,0
7787,90.91,594.60,0
7798,90.91,584.56,0
7810,83.33,587.73,0
7822,83.33,602.17,0
7833,90.91,598.36,0
7844,90.91,585.94,0
7856,83.33,591.18,0
7867,90.91,594.31,0
7878,90.91,588.42,0
7890,83.33,591.90,0
7902,83.33,598.28,0
7913,90.91,588.67,0
7924,90.91,589.97,0
7936,83.33,600.09,0
7948,90.91,596.42,0
7959,83.33,586.27,0
7970,90.91,589.23,0
7982,83.33,589.51,0
7993,90.91,592.39,0
8004,90.91,600.53,0
8016,83.33,603.26,0
8028,83.33,588.49,0
8039,90.91,579.12,0
8050,90.91,588.47,0
8061,90.91,596.00,0
8073,83.33,599.59,0
8085,83.33,602.75,0
8096,90.91,590.50,0
8108,83.33,576.54,0
8119,90.91,584.05,0
8130,90.91,600.45,0
8141,90.91,600.81,0
8154,76.92,595.73,0
8165,90.91,590.99,0
8176,90.91,583.32,0
8187,90.91,586.49,0
8199,83.33,597.81,0
8210,90.91,601.36,0
8222,83.33,591.23,0
8233,90.91,589.99,0
8245,83.33,591.70,0
8256,90.91,589.02,0
8267,90.91,591.37,0
8279,83.33,594.92,0
8291,83.33,590.80,0
8302,90.91,589.58,0
8313,90.91,595.75,0
8325,83.33,595.84,0
8336,90.91,589.11,0
8347,90.91,589.15,0
8359,83.33,592.37,0
8371,83.33,590.71,0
8382,90.91,597.08,0
8393,90.91,602.92,0
8404,90.91,590.81,0
8417,83.33,581.30,0
8428,83.33,588.58,0
8439,90.91,596.46,0
8451,83.33,597.52,0
8462,90.91,601.36,0
8473,90.91,594.83,0
8485,90.91,582.87,0
8497,83.33,583.85,0
8508,90.91,595.98,0
8519,90.91,601.02,0
8530,90.91,594.45,0
8542,83.33,594.68,0
8554,83.33,590.85,0
8565,90.91,584.36,0
8577,83.33,592.86,0
8588,90.91,599.39,0
8599,90.91,591.53,0
8610,90.91,591.00,0
8623,76.92,596.09,0
8634,90.91,591.87,0
8645,90.91,589.00,0
8656,90.91,594.55,0
8668,83.33,597.13,0
8679,90.91,594.40,0
8691,83.33,600.36,0
8702,90.91,602.00,0
8714,83.33,589.72,0
8725,90.91,583.65,0
8736,90.91,589.71,0
8748,83.33,594.35,0
8760,83.33,601.08,0
8771,90.91,605.29,0
8782,90.91,592.80,0
8794,83.33,578.82,0
8805,90.91,586.93,0
8816,90.91,596.87,0
8828,83.33,598.69,0
8840,83.33,598.43,0
8851,90.91,594.85,0
8862,90.91,584.08,0
8873,90.91,584.58,0
8886,83.33,596.37,0
8897,83.33,598.75,0
8908,90.91,594.20,0
8920,83.33,596.82,0
8931,90.91,592.23,0
8942,90.91,585.85,0
8954,83.33,587.25,0
8966,83.33,595.64,0
8977,90.91,593.48,0
8988,90.91,593.51,0
8999,90.91,597.73,0
9011,83.33,593.52,0
9023,83.33,588.60,0
9034,90.91,589.86,0
9046,83.33,593.54,0
9057,90.91,594.54,0
9068,90.91,596.34,0
9079,90.91,598.26,0
9092,76.92,589.14,0
9103,90.91,582.57,0
9114,90.91,588.56,0
9125,90.91,593.14,0
9137,83.33,598.58,0
9148,90.91,603.06,0
9160,83.33,598.25,0
9171,90.91,584.47,0
9183,83.33,582.09,0
9194,90.91,596.40,0
9205,90.91,601.49,0
9217,83.33,600.43,0
9229,83.33,599.06,0
9240,90.91,587.37,0
9251,90.91,582.62,0
9263,83.33,592.50,0
9274,90.91,601.39,0
9285,90.91,596.66,0
9297,83.33,594.52,0
9309,83.33,595.78,0
9320,90.91,589.11,0
9331,90.91,590.07,0
9342,90.91,599.24,0
9355,83.33,596.67,0
9366,83.33,592.23,0
9377,90.91,598.77,0
9389,83.33,596.35,0
9400,90.91,584.48,0
9411,90.91,586.36,0
9423,83.33,592.91,0
9435,83.33,592.61,0
9446,90.91,596.43,0
9457,90.91,601.42,0
9468,90.91,591.98,0
9480,83.33,586.46,0
9492,83.33,591.16,0
9503,90.91,596.19,0
9515,83.33,595.01,0
9526,90.91,596.95,0
9537,90.91,593.87,0
9548,90.91,584.01,0
9561,76.92,584.41,0
9572,90.91,596.31,0
9583,90.91,598.34,0
9594,90.91,594.32,0
9606,83.33,594.54,0
9617,90.91,590.82,0
9629,83.33,586.48,0
9640,90.91,593.60,0
9652,83.33,596.98,0
9663,90.91,595.69,0
9674,90.91,595.52,0
9686,83.33,595.37,0
9698,83.33,590.10,0
9709,90.91,586.10,0
9720,90.91,591.38,0
9732,83.33,594.88,0
9743,90.91,588.73,0
9755,90.91,595.40,0
9766,83.33,598.44,0
9778,83.33,587.42,0
9789,90.91,579.47,0
9800,90.91,586.92,0
9811,90.91,594.17,0
9824,83.33,596.86,0
9835,83.33,601.19,0
9846,90.91,596.22,0
9858,83.33,581.93,0
9869,90.91,583.99,0
9880,90.91,596.11,0
9892,83.33,597.70,0
9904,83.33,593.13,0
9915,90.91,593.75,0
9926,90.91,584.83,0
9937,90.91,582.54,0
9949,83.33,593.58,0
9961,83.33,599.81,0
9972,90.91,592.67,0
9984,83.33,592.37,0
9995,90.91,593.92,0
10006,90.91,588.53,0
10017,90.91,589.69,0
10030,76.92,595.77,0
10041,90.91,593.28,0
10052,90.91,590.61,0
10063,90.91,595.18,0
10075,83.33,592.89,0
10086,90.91,587.20,0
10098,83.33,588.66,0
10109,90.91,592.54,0
10121,83.33,589.46,0
10132,90.91,594.36,0
10143,90.91,600.98,0
10155,83.33,590.65,0
10167,83.33,582.49,0
10178,90.91,591.88,0
10189,90.91,594.43,0
10201,83.33,596.73,0
10212,90.91,602.58,0
10224,90.91,596.15,0
10235,83.33,582.38,0
10247,83.33,586.12,0
10258,90.91,593.85,0
10269,90.91,594.60,0
10280,90.91,592.84,0
10293,83.33,596.78,0
10304,83.33,588.12,0
10315,90.91,582.99,0
10327,83.33,590.16,0
10338,90.91,594.81,0
10349,90.91,591.87,0
10361,83.33,595.52,0
10373,83.33,595.68,0
10384,90.91,588.54,0
10395,90.91,587.30,0
10406,90.91,594.34,0
10418,83.33,594.42,0
10430,83.33,593.71,0
10441,90.91,596.06,0
10452,90.91,592.60,0
10464,83.33,585.38,0
10475,90.91,590.13,0
10486,90.91,597.46,0
10499,76.92,593.83,0
10510,90.91,592.47,0
10521,90.91,596.12,0
10532,90.91,589.69,0
10544,83.33,586.48,0
10555,90.91,591.35,0
10567,83.33,595.75,0
10578,90.91,596.47,0
10590,83.33,600.42,0
10601,90.91,596.10,0
10612,90.91,587.53,0
10624,83.33,586.71,0
10636,83.33,591.93,0
10647,90.91,596.41,0
10658,90.91,598.28,0
10670,83.33,597.96,0
10681,90.91,597.76,0
10692,90.91,586.17,0
10704,83.33,584.11,0
10716,83.33,594.23,0
10727,90.91,595.03,0
10738,90.91,596.13,0
10749,90.91,596.65,0
10762,83.33,589.97,0
10773,83.33,584.85,0
10784,90.91,586.74,0
10796,83.33,596.11,0
10807,90.91,596.69,0
10818,90.91,594.73,0
10830,83.33,596.89,0
10842,83.33,592.43,0
10853,90.91,587.45,0
10864,90.91,592.23,0
10875,90.91,596.06,0
10887,83.33,591.37,0
10899,83.33,594.85,0
10910,90.91,596.85,0
10921,90.91,589.74,0
10933,83.33,590.10,0
10944,90.91,593.31,0
10955,90.91,592.68,0
10968,76.92,594.00,0
10979,90.91,595.82,0
10990,90.91,592.48,0
11001,90.91,585.61,0
11013,83.33,587.41,0
11024,90.91,595.87,0
11036,83.33,594.56,0
11047,90.91,594.13,0
11059,83.33,598.16,0
11070,90.91,589.99,0
11081,90.91,584.69,0
11092,90.91,591.57,0
11105,76.92,593.99,0
11116,90.91,591.79,0
11127,90.91,596.98,0
11139,83.33,593.51,0
11150,90.91,583.00,0
11161,90.91,585.97,0
11173,83.33,595.43,0
11185,83.33,593.35,0
11196,90.91,595.80,0
11207,90.91,601.22,0
11218,90.91,590.80,0
11231,83.33,583.01,0
11242,83.33,592.52,0
11253,90.91,593.50,0
11265,83.33,589.83,0
11276,90.91,597.17,0
11287,90.91,600.50,0
11299,83.33,585.65,0
11311,83.33,586.71,0
11322,90.91,596.83,0
11333,90.91,593.15,0
11344,90.91,590.91,0
11356,83.33,597.34,0
11368,83.33,594.33,0
11379,90.91,582.15,0
11390,90.91,589.58,0
11402,83.33,600.73,0
11413,90.91,596.07,0
11424,90.91,593.59,0
11437,76.92,598.08,0
11448,90.91,592.25,0
11459,90.91,582.95,0
11470,90.91,590.54,0
11482,83.33,595.76,0
11493,90.91,593.19,0
11505,83.33,597.95,0
11516,90.91,598.47,0
11528,83.33,587.56,0
11539,90.91,585.99,0
11550,90.91,596.04,0
11561,90.91,597.22,0
11574,76.92,596.24,0
11585,90.91,599.55,0
11596,90.91,593.98,0
11608,83.33,585.55,0
11619,90.91,585.41,0
11630,90.91,595.54,0
11642,83.33,595.28,0
11654,83.33,595.45,0
11665,90.91,598.48,0
11676,90.91,591.33,0
11687,90.91,584.81,0
11700,83.33,592.99,0
11711,83.33,597.23,0
11722,90.91,596.35,0
11734,83.33,599.23,0
11745,90.91,594.75,0
11756,90.91,584.31,0
11768,90.91,583.71,0
11780,76.92,594.48,0
11791,90.91,596.31,0
11802,90.91,594.63,0
11813,90.91,596.64,0
11825,83.33,590.47,0
11837,83.33,583.15,0
11848,90.91,586.38,0
11859,90.91,594.77,0
11871,83.33,594.55,0
11882,90.91,595.04,0
11893,90.91,597.35,0
11906,76.92,588.75,0
11917,90.91,582.47,0
11928,90.91,587.08,0
11939,90.91,592.71,0
11951,83.33,593.95,0
11962,90.91,594.50,0
11974,83.33,594.84,0
11985,90.91,587.51,0
11997,83.33,586.89,0
12008,90.91,594.33,0
12019,90.91,597.36,0
12030,90.91,594.75,0
12043,76.92,597.54,0
12054,90.91,594.72,0
12065,90.91,584.36,0
12077,83.33,588.89,0
12088,90.91,598.51,0
12099,90.91,594.71,0
12111,83.33,592.13,0
12123,83.33,596.41,0
12134,90.91,591.80,0
12145,90.91,584.11,0
12156,90.91,591.30,0
12169,83.33,596.84,0
12180,83.33,593.78,0
12191,90.91,598.13,0
12203,83.33,599.84,0
12214,90.91,586.80,0
12225,90.91,585.42,0
12237,83.33,594.79,0
12249,83.33,593.51,0
12260,90.91,597.30,0
12271,90.91,603.63,0
12282,90.91,593.35,0
12294,83.33,582.16,0
12306,83.33,585.76,0
12317,90.91,596.25,0
12328,90.91,595.39,0
12340,83.33,597.89,0
12351,90.91,597.69,0
12362,90.91,582.93,0
12375,76.92,582.88,0
12386,90.91,597.50,0
12397,90.91,598.44,0
12408,90.91,593.54,0
12420,83.33,595.20,0
12431,90.91,593.94,0
12443,83.33,587.74,0
12454,90.91,591.91,0
12466,83.33,595.66,0
12477,90.91,591.82,0
12488,90.91,592.24,0
12499,90.91,596.50,0
12512,76.92,591.50,0
12523,90.91,587.94,0
12534,90.91,592.34,0
12546,83.33,595.28,0
12557,90.91,589.25,0
12569,90.91,593.34,0
12580,83.33,601.16,0
12592,83.33,596.88,0
12603,90.91,587.01,0
12614,90.91,588.58,0
12625,90.91,594.10,0
12638,83.33,597.87,0
12649,83.33,603.37,0
12660,90.91,598.65,0
12672,83.33,584.18,0
12683,90.91,581.06,0
12694,90.91,592.92,0
12706,83.33,601.79,0
12718,83.33,598.81,0
12729,90.91,593.63,0
12740,90.91,583.43,0
12751,90.91,581.10,0
12763,83.33,589.60,0
12775,83.33,597.88,0
12786,90.91,595.60,0
12797,90.91,590.12,0
12809,83.33,591.82,0
12820,90.91,591.77,0
12831,90.91,590.59,0
12844,76.92,596.05,0
12855,90.91,596.69,0
12866,90.91,589.45,0
12877,90.91,593.78,0
12889,83.33,598.51,0
12900,90.91,590.04,0
12912,83.33,584.70,0
12923,90.91,590.06,0
12935,83.33,592.53,0
12946,90.91,596.34,0
12957,90.91,604.91,0
12969,90.91,597.38,0
12981,76.92,578.86,0
12992,90.91,582.38,0
13003,90.91,594.75,0
13015,83.33,599.93,0
13026,90.91,601.07,0
13038,83.33,595.33,0
13049,90.91,578.79,0
13061,83.33,581.22,0
13072,90.91,596.81,0
13083,90.91,602.48,0
13094,90.91,597.15,0
13107,76.92,595.99,0
13118,90.91,592.64,0
13129,90.91,581.34,0
13140,90.91,591.32,0
13152,83.33,601.60,0
13163,90.91,593.02,0
13175,83.33,590.97,0
13187,83.33,596.36,0
13198,90.91,590.41,0
13209,90.91,586.74,0
13220,90.91,595.86,0
13232,83.33,596.90,0
13244,83.33,590.59,0
13255,90.91,598.22,0
13266,90.91,603.19,0
13278,83.33,590.92,0
13289,90.91,585.78,0
13300,90.91,591.41,0
13313,76.92,592.28,0
13324,90.91,596.36,0
13335,90.91,600.61,0
13346,90.91,596.58,0
13358,83.33,584.08,0
13369,90.91,585.17,0
13381,83.33,592.72,0
13392,90.91,594.12,0
13404,83.33,598.19,0
13415,90.91,599.06,0
13426,90.91,588.19,0
13438,90.91,583.59,0
13450,76.92,592.39,0
13461,90.91,596.39,0
13472,90.91,596.58,0
13484,83.33,595.51,0
13495,90.91,595.80,0
13507,83.33,588.09,0
13518,90.91,588.72,0
13530,83.33,594.97,0
13541,90.91,593.58,0
13552,90.91,591.96,0
13563,90.91,598.55,0
13576,76.92,595.28,0
13587,90.91,585.30,0
13598,90.91,588.36,0
13609,90.91,594.41,0
13621,83.33,596.86,0
13632,90.91,600.25,0
13644,83.33,598.76,0
13656,83.33,588.72,0
13667,90.91,581.90,0
13678,90.91,588.49,0
13689,90.91,596.18,0
13701,83.33,594.96,0
13713,83.33,596.02,0
13724,90.91,593.52,0
13735,90.91,584.00,0
13747,83.33,587.62,0
13758,90.91,596.97,0
13769,90.91,596.45,0
13782,76.92,593.01,0
13793,90.91,595.08,0
13804,90.91,591.36,0
13815,90.91,586.17,0
13827,83.33,590.27,0
13838,90.91,598.78,0
13850,83.33,590.68,0
13861,90.91,589.44,0
13873,83.33,600.09,0
13884,90.91,593.38,0
13895,90.91,584.54,0
13907,90.91,590.42,0
13919,76.92,591.64,0
13930,90.91,588.04,0
13941,90.91,597.40,0
13953,83.33,600.45,0
13964,90.91,586.59,0
13976,90.91,583.37,0
13987,90.91,592.49,0
13999,83.33,592.77,0
14010,90.91,594.83,0
14021,90.91,601.89,0
14032,90.91,590.36,0
14045,76.92,579.64,0
14056,90.91,586.87,0
14067,90.91,594.77,0
14078,90.91,596.55,0
14090,83.33,601.43,0
14101,90.91,598.58,0
14113,83.33,583.60,0
14125,83.33,582.27,0
14136,90.91,598.91,0
14147,90.91,603.77,0
14158,90.91,595.62,0
14170,83.33,593.12,0
14182,83.33,591.69,0
14193,90.91,586.53,0
14204,90.91,592.76,0
14216,83.33,598.46,0
14227,90.91,590.97,0
14238,90.91,589.79,0
14251,76.92,599.91,0
14262,90.91,598.84,0
14273,90.91,590.60,0
14284,90.91,586.88,0
14296,83.33,588.04,0
14307,90.91,589.65,0
14319,83.33,598.71,0
14330,90.91,599.16,0
14342,83.33,587.36,0
14353,90.91,582.87,0
14364,90.91,587.87,0
14376,90.91,593.38,0
14388,76.92,600.34,0
14399,90.91,602.06,0
14410,90.91,593.14,0
14422,83.33,580.76,0
14433,90.91,582.99,0
14445,90.91,595.84,0
14456,83.33,599.09,0
14468,83.33,597.37,0
14479,90.91,592.26,0
14490,90.91,582.48,0
14501,90.91,583.67,0
14514,76.92,594.09,0
14525,90.91,597.11,0
14536,90.91,592.78,0
14547,90.91,588.75,0
14559,83.33,593.21,0
14570,90.91,590.38,0
14582,83.33,592.87,0
14594,83.33,594.29,0
14605,90.91,589.18,0
14616,90.91,586.07,0
14627,90.91,597.05,0
14639,83.33,601.91,0
14651,83.33,590.68,0
14662,90.91,583.91,0
14673,90.91,585.00,0
14685,83.33,587.91,0
14696,90.91,598.63,0
14707,90.91,604.71,0
14720,76.92,595.12,0
14731,90.91,579.73,0
14742,90.91,581.12,0
14753,90.91,589.65,0
14765,83.33,593.37,0
14776,90.91,598.82,0
14788,83.33,599.52,0
14799,90.91,582.20,0
14811,83.33,578.61,0
14822,90.91,594.09,0
14833,90.91,600.19,0
14845,90.91,594.79,0
14857,76.92,596.21,0
14868,90.91,590.82,0
14879,90.91,580.76,0
14891,83.33,587.38,0
14902,90.91,600.51,0
14914,90.91,594.96,0
14925,90.91,593.73,0
14937,83.33,596.40,0
14948,90.91,587.82,0
14959,90.91,585.63,0
14970,90.91,597.59,0
14983,76.92,596.64,0
14994,90.91,589.08,0
15005,90.91,594.80,0
15016,90.91,597.97,0
15028,83.33,590.84,0
15039,90.91,586.73,0
15051,83.33,592.72,0
15063,83.33,592.34,0
15074,90.91,590.70,0
15085,90.91,598.39,0
15096,90.91,596.77,0
15108,83.33,583.24,0
15120,83.33,586.16,0
15131,90.91,594.34,0
15142,90.91,593.29,0
15154,83.33,595.24,0
15165,90.91,602.33,0
15176,90.91,589.02,0
15188,83.33,580.02,0
15200,83.33,588.90,0
15211,90.91,598.29,0
15222,90.91,597.30,0
15234,83.33,595.62,0
15245,90.91,589.90,0
15257,83.33,584.64,0
15268,90.91,586.94,0
15280,83.33,596.16,0
15291,90.91,596.62,0
15302,90.91,592.54,0
15314,90.91,594.98,0
15326,76.92,595.43,0
15337,90.91,590.03,0
15348,90.91,592.72,0
15360,83.33,598.49,0
15371,90.91,592.99,0
15383,83.33,591.17,0
15394,90.91,595.11,0
15406,83.33,589.56,0
15417,90.91,586.26,0
15428,90.91,588.24,0
15439,90.91,592.20,0
15452,76.92,594.29,0
15463,90.91,600.60,0
15474,90.91,596.57,0
15485,90.91,583.82,0
15497,83.33,584.61,0
15508,90.91,595.91,0
15520,83.33,599.03,0
15532,83.33,597.56,0
15543,90.91,598.65,0
15554,90.91,591.23,0
15565,90.91,580.23,0
15577,83.33,587.80,0
15589,83.33,596.11,0
15600,90.91,594.54,0
15611,90.91,596.33,0
15623,83.33,594.37,0
15634,90.91,585.89,0
15645,90.91,584.05,0
15657,83.33,595.45,0
15669,83.33,597.06,0
15680,90.91,588.23,0
15691,90.91,592.98,0
15703,83.33,595.57,0
15715,90.91,586.04,0
15726,83.33,585.49,0
15737,90.91,593.32,0
15749,83.33,591.67,0
15760,90.91,591.16,0
15771,90.91,597.99,0
15783,90.91,595.85,0
15795,76.92,584.93,0
15806,90.91,587.25,0
15817,90.91,594.48,0
15828,90.91,593.31,0
15840,83.33,599.49,0
15852,83.33,598.98,0
15863,90.91,583.60,0
15875,83.33,582.12,0
15886,90.91,594.76,0
15897,90.91,599.10,0
15908,90.91,593.53,0
15921,76.92,596.72,0
15932,90.91,591.94,0
15943,90.91,582.96,0
15954,90.91,589.95,0
15966,83.33,594.80,0
15977,90.91,591.03,0
15989,83.33,592.67,0
16001,83.33,596.43,0
16012,90.91,591.23,0
16023,90.91,586.27,0
16034,90.91,592.33,0
16046,83.33,594.80,0
16058,83.33,590.70,0
16069,90.91,594.64,0
16080,90.91,596.13,0
16092,83.33,590.06,0
16103,90.91,587.81,0
16114,90.91,590.89,0
16126,83.33,594.80,0
16138,83.33,595.12,0
16149,90.91,600.68,0
16160,90.91,596.04,0
16172,83.33,584.03,0
16184,90.91,584.38,0
16195,83.33,595.51,0
16206,90.91,597.37,0
16218,83.33,594.79,0
16229,90.91,594.62,0
16240,90.91,588.16,0
16252,83.33,581.38,0
16264,83.33,589.20,0
16275,90.91,597.57,0
16286,90.91,594.84,0
16297,90.91,594.01,0
16309,83.33,593.10,0
16321,83.33,585.71,0
16332,90.91,585.02,0
16344,83.33,595.16,0
16355,90.91,596.84,0
16366,90.91,589.07,0
16377,90.91,597.54,0
16390,76.92,596.92,0
16401,90.91,589.13,0
16412,90.91,588.66,0
16423,90.91,593.46,0
16435,83.33,590.15,0
16446,90.91,592.37,0
16458,83.33,602.25,0
16470,83.33,595.77,0
16481,90.91,584.37,0
16492,90.91,591.80,0
16503,90.91,595.07,0
16515,83.33,595.31,0
16527,83.33,599.49,0
16538,90.91,600.24,0
16549,90.91,585.57,0
16561,83.33,581.75,0
16572,90.91,594.33,0
16583,90.91,597.00,0
16595,83.33,595.58,0
16607,83.33,597.53,0
16618,90.91,589.64,0
16629,90.91,581.42,0
16641,83.33,590.47,0
16653,90.91,599.71,0
16664,83.33,595.77,0
16675,90.91,595.86,0
16687,83.33,596.67,0
16698,90.91,588.16,0
16709,90.91,586.22,0
16721,83.33,592.87,0
16733,83.33,597.10,0
16744,90.91,592.54,0
16755,90.91,596.11,0
16766,90.91,597.99,0
16778,83.33,588.75,0
16790,83.33,588.56,0
16801,90.91,589.97,0
16813,83.33,588.01,0
16824,90.91,596.25,0
16835,90.91,601.66,0
16846,90.91,593.87,0
16859,76.92,586.70,0
16870,90.91,587.19,0
16881,90.91,592.27,0
16892,90.91,595.80,0
16904,83.33,601.51,0
16915,90.91,598.11,0
16927,83.33,586.06,0
16939,83.33,575.29,0
16950,90.91,586.27,0
16961,90.91,600.17,0
16972,90.91,599.29,0
16984,83.33,596.41,0
16996,83.33,592.72,0
17007,90.91,582.51,0
17018,90.91,584.69,0
17030,83.33,598.77,0
17041,90.91,600.12,0
17053,90.91,592.96,0
17064,83.33,592.17,0
17076,83.33,588.81,0
17087,90.91,586.41,0
17098,90.91,594.07,0
17110,83.33,600.87,0
17122,90.91,592.25,0
17133,83.33,590.06,0
17144,90.91,594.73,0
17156,83.33,590.80,0
17167,90.91,590.31,0
17178,90.91,592.36,0
17190,83.33,590.41,0
17202,83.33,588.85,0
17213,90.91,598.41,0
17224,90.91,599.91,0
17235,90.91,585.30,0
17247,83.33,586.18,0
17259,83.33,590.86,0
17270,90.91,592.22,0
17282,83.33,597.89,0
17293,90.91,602.75,0
17304,90.91,589.59,0
17315,90.91,578.06,0
17328,76.92,586.81,0
17339,90.91,597.77,0
17350,90.91,599.30,0
17361,90.91,600.02,0
17373,83.33,594.37,0
17384,90.91,582.02,0
17396,83.33,582.69,0
17408,83.33,595.05,0
17419,90.91,598.54,0
17430,90.91,593.33,0
17441,90.91,593.85,0
17453,83.33,592.68,0
17465,83.33,590.47,0
17476,90.91,594.49,0
17487,90.91,597.67,0
17499,83.33,592.24,0
17510,90.91,589.86,0
17522,90.91,597.44,0
17533,83.33,595.38,0
17545,83.33,591.45,0
17556,90.91,593.21,0
17567,90.91,593.11,0
17579,83.33,590.14,0
17591,83.33,598.38,0
17602,90.91,600.93,0
17613,90.91,590.69,0
17625,83.33,583.84,0
17636,90.91,587.73,0
17647,90.91,592.61,0
17659,83.33,595.79,0
17671,83.33,601.30,0
17682,90.91,595.19,0
17693,90.91,581.01,0
17704,90.91,587.92,0
17716,83.33,596.21,0
17728,83.33,598.22,0
17739,90.91,596.17,0
17751,83.33,593.83,0
17762,90.91,586.52,0
17773,90.91,585.53,0
17784,90.91,594.82,0
17797,76.92,598.39,0
17808,90.91,590.79,0
17819,90.91,588.83,0
17830,90.91,594.24,0
17842,83.33,593.37,0
17853,90.91,589.64,0
17865,83.33,597.13,0
17876,90.91,594.58,0
17888,83.33,588.58,0
17899,90.91,598.49,0
17910,90.91,600.76,0
17923,83.33,583.79,0
17934,83.33,582.73,0
17945,90.91,591.68,0
17956,90.91,593.87,0
17968,83.33,599.58,0
17979,90.91,604.12,0
17991,90.91,590.98,0
18002,83.33,577.05,0
18014,83.33,589.98,0
18025,90.91,603.52,0
18036,90.91,595.43,0
18048,83.33,595.20,0
18060,83.33,593.69,0
18071,90.91,580.73,0
18082,90.91,588.55,0
18094,83.33,603.13,0
18105,90.91,598.58,0
18116,90.91,592.58,0
18128,83.33,591.54,0
18140,83.33,589.77,0
18151,90.91,587.49,0
18162,90.91,593.90,0
18173,90.91,598.36,0
18185,83.33,590.00,0
18197,83.33,589.11,0
18208,90.91,596.32,0
18220,83.33,592.05,0
18231,90.91,587.06,0
18242,90.91,588.71,0
18253,90.91,590.28,0
18266,76.92,590.87,0
18277,90.91,597.46,0
18288,90.91,597.30,0
18299,90.91,586.63,0
18311,83.33,584.04,0
18322,90.91,587.02,0
18334,83.33,591.29,0
18345,90.91,600.66,0
18357,83.33,603.95,0
18368,90.91,593.25,0
18379,90.91,580.26,0
18391,83.33,585.73,0
18403,83.33,598.19,0
18414,90.91,598.88,0
18425,90.91,596.05,0
18437,83.33,593.97,0
18448,90.91,584.98,0
18460,90.91,580.62,0
18471,83.33,592.68,0
18483,83.33,600.34,0
18494,90.91,593.54,0
18505,90.91,591.93,0
18516,90.91,588.71,0
18529,76.92,581.75,0
18540,90.91,588.92,0
18551,90.91,599.99,0
18563,83.33,595.34,0
18574,90.91,590.08,0
18585,90.91,595.80,0
18597,83.33,595.17,0
18609,83.33,587.35,0
18620,90.91,589.10,0
18631,90.91,595.19,0
18642,90.91,591.63,0
18654,83.33,592.66,0
18666,83.33,597.06,0
18677,90.91,590.32,0
18689,83.33,584.41,0
18700,90.91,591.06,0
18711,90.91,593.47,0
18722,90.91,590.20,0
18735,76.92,597.22,0
18746,90.91,597.92,0
18757,90.91,587.09,0
18768,90.91,587.21,0
18780,83.33,595.53,0
18791,90.91,597.12,0
18803,83.33,596.91,0
18814,90.91,598.67,0
18826,83.33,595.05,0
18837,90.91,584.60,0
18848,90.91,587.92,0
18860,83.33,593.53,0
18872,83.33,593.46,0
18883,90.91,598.33,0
18894,90.91,597.71,0
18906,83.33,587.86,0
18917,90.91,581.53,0
18929,90.91,591.53,0
18940,83.33,592.95,0
18952,83.33,591.96,0
18963,90.91,596.53,0
18974,90.91,594.16,0
18985,90.91,583.74,0
18998,83.33,587.41,0
19009,83.33,595.94,0
19020,90.91,592.67,0
19032,83.33,592.54,0
19043,90.91,598.29,0
19054,90.91,592.16,0
19066,83.33,583.71,0
19078,83.33,589.34,0
19089,90.91,595.21,0
19100,90.91,594.56,0
19111,90.91,600.12,0
19123,83.33,600.23,0
19135,83.33,586.65,0
19146,90.91,584.43,0
19158,83.33,592.52,0
19169,90.91,596.40,0
19180,90.91,594.69,0
19191,90.91,597.39,0
19204,76.92,590.29,0
19215,90.91,583.71,0
19226,90.91,590.22,0
19237,90.91,598.85,0
19249,83.33,595.02,0
19260,90.91,596.85,0
19272,83.33,596.51,0
19283,90.91,588.41,0
19295,83.33,586.34,0
19306,90.91,595.68,0
19317,90.91,595.70,0
19329,83.33,591.09,0
19341,83.33,593.12,0
19352,90.91,599.29,0
19363,90.91,590.25,0
19375,83.33,586.23,0
19386,90.91,593.92,0
19398,90.91,594.83,0
19409,83.33,595.74,0
19421,83.33,604.31,0
19432,90.91,599.06,0
19443,90.91,589.03,0
19454,90.91,586.71,0
19467,83.33,591.54,0
19478,83.33,590.95,0
19489,90.91,597.03,0
19501,83.33,599.96,0
19512,90.91,592.68,0
19523,90.91,583.07,0
19535,83.33,589.90,0
19547,83.33,597.94,0
19558,90.91,596.98,0
19569,90.91,599.23,0
19580,90.91,597.72,0
19592,83.33,585.46,0
19604,83.33,583.38,0
19615,90.91,596.64,0
19627,83.33,599.23,0
19638,90.91,596.16,0
19649,90.91,596.02,0
19660,90.91,589.27,0
19673,76.92,582.49,0
19684,90.91,587.94,0
19695,90.91,597.18,0
19706,90.91,595.13,0
19718,83.33,592.66,0
19729,90.91,596.23,0
19741,83.33,592.58,0
19752,90.91,587.27,0
19764,83.33,594.03,0
19775,90.91,596.53,0
19786,90.91,591.25,0
19798,83.33,596.92,0
19810,83.33,596.66,0
19821,90.91,585.58,0
19832,90.91,588.06,0
19844,83.33,594.64,0
19855,90.91,592.26,0
19867,90.91,594.19,0
19878,83.33,597.59,0
19890,83.33,593.28,0
19901,90.91,586.85,0
19912,90.91,588.31,0
19923,90.91,593.60,0
19936,83.33,593.85,0
19947,83.33,599.74,0
19958,90.91,598.99,0
19970,83.33,591.13,0
19981,90.91,585.62,0
19992,90.91,588.56,0
20004,83.33,590.02,0
20016,83.33,594.86,0
20027,90.91,598.88,0
20038,90.91,594.66,0
20049,90.91,584.21,0
20061,83.33,584.40,0
20073,83.33,590.80,0
20084,90.91,594.06,0
20096,83.33,596.56,0
20107,90.91,596.66,0
20118,90.91,590.96,0
20129,90.91,582.26,0
20142,76.92,585.65,0
20153,90.91,597.28,0
20164,90.91,594.91,0
20175,90.91,595.13,0
20187,83.33,596.70,0
20198,90.91,591.10,0
20210,83.33,585.08,0
20221,90.91,591.60,0
20233,83.33,594.11,0
20244,90.91,592.93,0
20255,90.91,596.27,0
20267,83.33,597.78,0
20279,83.33,585.64,0
20290,90.91,583.60,0
20301,90.91,593.13,0
20313,83.33,596.96,0
20324,90.91,595.04,0
20335,90.91,601.63,0
20347,83.33,595.26,0
20359,83.33,581.31,0
20370,90.91,585.61,0
20381,90.91,597.55,0
20392,90.91,593.51,0
20405,83.33,596.33,0
20416,83.33,597.97,0
20427,90.91,590.40,0
20439,83.33,585.06,0
20450,90.91,593.36,0
20461,90.91,595.95,0
20473,90.91,592.10,0
20485,76.92,598.29,0
20496,90.91,597.68,0
20507,90.91,583.98,0
20518,90.91,584.20,0
20530,83.33,591.86,0
20542,83.33,594.17,0
20553,90.91,593.38,0
20564,90.91,597.65,0
20576,83.33,592.86,0
20587,90.91,583.63,0
20598,90.91,589.18,0
20611,76.92,596.54,0
20622,90.91,592.04,0
20633,90.91,598.71,0
20644,90.91,598.85,0
20656,83.33,587.60,0
20667,90.91,586.55,0
20679,83.33,592.34,0
20690,90.91,592.19,0
20702,83.33,595.41,0
20713,90.91,598.26,0
20724,90.91,592.67,0
20736,83.33,583.82,0
20748,83.33,588.72,0
20759,90.91,593.97,0
20770,90.91,592.39,0
20782,83.33,593.60,0
20793,90.91,597.30,0
20804,90.91,590.72,0
20816,83.33,587.95,0
20828,83.33,590.16,0
20839,90.91,592.38,0
20850,90.91,592.11,0
20861,90.91,596.61,0
20873,83.33,596.95,0
20885,83.33,589.96,0
20896,90.91,586.57,0
20908,83.33,590.66,0
20919,90.91,593.44,0
20930,90.91,594.95,0
20942,90.91,597.51,0
20954,76.92,595.52,0
20965,90.91,588.50,0
20976,90.91,589.16,0
20987,90.91,595.33,0
20999,83.33,597.60,0
21011,83.33,592.98,0
21022,90.91,598.54,0
21033,90.91,594.28,0
21045,83.33,584.19,0
21056,90.91,586.50,0
21067,90.91,597.40,0
21080,76.92,595.92,0
21091,90.91,595.06,0
21102,90.91,595.11,0
21113,90.91,588.37,0
21125,83.33,582.66,0
21136,90.91,593.74,0
21148,83.33,599.67,0
21159,90.91,594.90,0
21171,83.33,596.13,0
21182,90.91,596.34,0
21193,90.91,585.71,0
21204,90.91,586.22,0
21217,76.92,598.88,0
21228,90.91,598.41,0
21239,90.91,591.85,0
21251,83.33,594.88,0
21262,90.91,590.43,0
21273,90.91,586.19,0
21285,83.33,590.19,0
21297,83.33,595.50,0
21308,90.91,592.09,0
21319,90.91,598.43,0
21330,90.91,602.69,0
21342,83.33,589.28,0
21354,83.33,583.66,0
21365,90.91,593.00,0
21377,83.33,593.90,0
21388,90.91,595.06,0
21399,90.91,600.15,0
21411,90.91,591.44,0
21423,76.92,582.91,0
21434,90.91,588.01,0
21445,90.91,594.76,0
21456,90.91,592.10,0
21468,83.33,597.32,0
21480,83.33,598.94,0
21491,90.91,590.06,0
21502,90.91,584.87,0
21514,83.33,591.67,0
21525,90.91,591.92,0
21536,90.91,592.47,0
21549,76.92,597.22,0
21560,90.91,594.15,0
21571,90.91,585.51,0
21582,90.91,582.85,0
21594,83.33,587.21,0
21605,90.91,589.99,0
21617,83.33,597.91,0
21628,90.91,600.94,0
21640,83.33,594.60,0
21651,90.91,585.88,0
21662,90.91,585.13,0
21673,90.91,591.00,0
21686,76.92,592.78,0
21697,90.91,596.46,0
21708,90.91,600.80,0
21720,83.33,591.11,0
21731,90.91,580.02,0
21742,90.91,587.40,0
21754,83.33,596.60,0
21766,83.33,596.40,0
21777,90.91,597.59,0
21788,90.91,595.16,0
21799,90.91,587.57,0
21811,83.33,588.60,0
21823,83.33,596.34,0
21834,90.91,597.03,0
21846,83.33,592.17,0
21857,90.91,593.35,0
21868,90.91,595.29,0
21880,90.91,587.79,0
21892,76.92,590.57,0
21903,90.91,597.67,0
21914,90.91,594.64,0
21925,90.91,594.40,0
21937,83.33,599.03,0
21949,83.33,592.63,0
21960,90.91,585.53,0
21971,90.91,589.02,0
21983,83.33,592.93,0
21994,90.91,593.58,0
22005,90.91,596.60,0
22018,76.92,598.82,0
22029,90.91,587.18,0
22040,90.91,583.86,0
22051,90.91,592.60,0
22063,83.33,596.83,0
22074,90.91,596.51,0
22086,83.33,600.06,0
22097,90.91,596.15,0
22109,83.33,582.47,0
22120,90.91,587.25,0
22131,90.91,600.52,0
22142,90.91,597.04,0
22155,76.92,595.62,0
22166,90.91,596.03,0
22177,90.91,585.61,0
22189,83.33,583.76,0
22200,90.91,595.30,0
22211,90.91,598.94,0
22223,83.33,595.07,0
22235,83.33,593.93,0
22246,90.91,595.89,0
22257,90.91,592.09,0
22268,90.91,590.61,0
22281,83.33,592.84,0
22292,83.33,591.39,0
22303,90.91,591.01,0
22315,83.33,599.81,0
22326,90.91,597.02,0
22337,90.91,587.09,0
22349,90.91,588.33,0
22361,76.92,588.90,0
22372,90.91,592.23,0
22383,90.91,599.88,0
22394,90.91,602.30,0
22406,83.33,593.75,0
22418,83.33,584.09,0
22429,90.91,586.76,0
22440,90.91,594.90,0
22452,83.33,597.07,0
22463,90.91,599.87,0
22474,90.91,593.55,0
22487,76.92,582.25,0
22498,90.91,580.25,0
22509,90.91,591.31,0
22520,90.91,599.24,0
22532,83.33,599.16,0
22543,90.91,598.81,0
22555,83.33,589.21,0
22566,90.91,582.66,0
22578,83.33,591.46,0
22589,90.91,597.60,0
22600,90.91,595.35,0
22611,90.91,591.79,0
22624,76.92,595.18,0
22635,90.91,590.04,0
22646,90.91,586.10,0
22658,83.33,594.96,0
22669,90.91,596.74,0
22680,90.91,590.14,0
22692,83.33,597.17,0
22704,83.33,598.37,0
22715,90.91,586.05,0
22726,90.91,585.49,0
22737,90.91,593.67,0
22749,83.33,592.47,0
22761,83.33,593.31,0
22772,90.91,600.65,0
22784,83.33,593.83,0
22795,90.91,582.17,0
22806,90.91,588.44,0
22818,90.91,594.44,0
22830,76.92,593.14,0
22841,90.91,598.15,0
22852,90.91,600.86,0
22863,90.91,586.61,0
22875,83.33,579.72,0
22887,83.33,594.33,0
22898,90.91,599.44,0
22909,90.91,594.33,0
22921,83.33,596.90,0
22932,90.91,596.07,0
22943,90.91,586.18,0
22956,76.92,587.87,0
22967,90.91,596.63,0
22978,90.91,594.06,0
22989,90.91,593.36,0
23001,83.33,596.41,0
23012,90.91,591.71,0
23024,83.33,584.28,0
23035,90.91,590.24,0
23047,83.33,596.94,0
23058,90.91,594.27,0
23069,90.91,597.82,0
23080,90.91,597.08,0
23093,76.92,586.84,0
23104,90.91,588.06,0
23115,90.91,593.53,0
23127,83.33,593.97,0
23138,90.91,595.26,0
23149,90.91,594.98,0
23161,83.33,593.19,0
23173,83.33,586.45,0
23184,90.91,586.65,0
23195,90.91,590.64,0
23206,90.91,592.01,0
23218,83.33,592.36,0
23230,83.33,594.56,0
23241,90.91,590.77,0
23252,90.91,584.92,0
23264,83.33,588.45,0
23275,90.91,593.66,0
23287,90.91,595.42,0
23299,76.92,598.22,0
23310,90.91,597.00,0
23321,90.91,588.10,0
23332,90.91,582.71,0
23344,83.33,590.84,0
23356,83.33,599.65,0
23367,90.91,593.98,0
23378,90.91,596.25,0
23390,83.33,594.08,0
23401,90.91,586.19,0
23412,90.91,587.71,0
23425,76.92,596.10,0
23436,90.91,594.46,0
23447,90.91,594.73,0
23458,90.91,598.10,0
23470,83.33,593.47,0
23481,90.91,585.21,0
23493,83.33,591.72,0
23504,90.91,596.52,0
23516,83.33,594.50,0
23527,90.91,599.13,0
23538,90.91,598.93,0
23549,90.91,583.89,0
23562,76.92,582.14,0
23573,90.91,595.42,0
23584,90.91,598.39,0
23596,83.33,591.67,0
23607,90.91,596.70,0
23618,90.91,595.34,0
23630,83.33,590.11,0
23642,83.33,589.69,0
23653,90.91,596.58,0
23664,90.91,593.71,0
23675,90.91,593.73,0
23688,83.33,595.13,0
23699,83.33,590.20,0
23710,90.91,585.51,0
23721,90.91,592.28,0
23733,83.33,591.25,0
23744,90.91,588.94,0
23756,90.91,595.40,0
23768,76.92,599.19,0
23779,90.91,589.86,0
23790,90.91,586.07,0
23801,90.91,590.59,0
23813,83.33,593.85,0
23825,83.33,594.98,0
23836,90.91,597.02,0
23847,90.91,597.43,0
23859,83.33,585.57,0
23870,90.91,585.23,0
23881,90.91,593.70,0
23894,76.92,595.65,0
23905,90.91,598.43,0
23916,90.91,597.54,0
23927,90.91,587.34,0
23939,83.33,582.83,0
23950,90.91,589.15,0
23962,83.33,599.12,0
23973,90.91,596.68,0
23985,83.33,595.99,0
23996,90.91,593.51,0
24007,90.91,587.68,0
24018,90.91,587.41,0
24031,76.92,594.83,0
24042,90.91,594.55,0
24053,90.91,593.42,0
24065,83.33,595.63,0
24076,90.91,590.60,0
24087,90.91,585.81,0
24099,83.33,589.68,0
24111,83.33,595.27,0
24122,90.91,593.09,0
24133,90.91,594.76,0
24144,90.91,600.61,0
24156,83.33,591.97,0
24168,83.33,583.20,0
24179,90.91,588.13,0
24190,90.91,598.24,0
24202,83.33,597.31,0
24213,90.91,598.68,0
24225,90.91,595.80,0
24237,76.92,585.29,0
24248,90.91,584.81,0
24259,90.91,596.95,0
24270,90.91,599.84,0
24282,83.33,591.47,0
24294,83.33,594.55,0
24305,90.91,595.51,0
24316,90.91,585.81,0
24328,83.33,589.55,0
24339,90.91,598.55,0
24350,90.91,590.88,0
24363,76.92,591.21,0
24374,90.91,596.84,0
24385,90.91,591.05,0
24396,90.91,583.43,0
24408,83.33,591.92,0
24419,90.91,593.34,0
24431,83.33,589.78,0
24442,90.91,597.71,0
24454,83.33,600.96,0
24465,90.91,586.40,0
24476,90.91,584.71,0
24487,90.91,597.86,0
24500,76.92,592.81,0
24511,90.91,592.39,0
24522,90.91,603.16,0
24534,83.33,593.73,0
24545,90.91,582.86,0
24556,90.91,587.84,0
24568,83.33,590.80,0
24580,83.33,591.68,0
24591,90.91,600.00,0
24602,90.91,599.65,0
24613,90.91,588.78,0
24625,83.33,583.52,0
24637,83.33,591.62,0
24648,90.91,597.83,0
24659,90.91,596.42,0
24671,83.33,600.08,0
24682,90.91,593.31,0
24694,90.91,582.83,0
24706,76.92,587.88,0
24717,90.91,597.48,0
24728,90.91,596.76,0
24739,90.91,597.35,0
24751,83.33,596.93,0
24763,83.33,587.49,0
24774,90.91,585.10,0
24785,90.91,591.38,0
24797,83.33,596.00,0
24808,90.91,595.45,0
24819,90.91,595.87,0
24832,76.92,594.22,0
24843,90.91,589.77,0
24854,90.91,588.58,0
24865,90.91,592.52,0
24877,83.33,593.55,0
24888,90.91,595.59,0
24900,83.33,597.43,0
24911,90.91,594.34,0
24923,83.33,589.63,0
24934,90.91,588.62,0
24945,90.91,592.03,0
24956,90.91,592.49,0
24969,76.92,593.71,0
24980,90.91,598.10,0
24991,90.91,595.85,0
25003,83.33,587.83,0
25014,90.91,589.46,0
25025,90.91,593.68,0
25037,83.33,592.11,0
25049,83.33,593.13,0
25060,90.91,594.39,0
25071,90.91,589.81,0
25082,90.91,581.69,0
25094,83.33,588.61,0
25106,83.33,595.54,0
25117,90.91,594.94,0
25128,90.91,595.40,0
25140,83.33,594.11,0
25151,90.91,583.94,0
25163,90.91,583.73,0
25175,76.92,595.03,0
25186,90.91,594.38,0
25197,90.91,590.44,0
25208,90.91,596.27,0
25220,83.33,593.06,0
25232,83.33,581.02,0
25243,90.91,588.80,0
25254,90.91,596.87,0
25266,83.33,594.17,0
25277,90.91,593.68,0
25288,90.91,598.01,0
25300,83.33,587.28,0
25312,83.33,581.78,0
25323,90.91,591.60,0
25334,90.91,595.68,0
25346,83.33,592.85,0
25357,90.91,597.07,0
25369,83.33,596.60,0
25380,90.91,583.17,0
25392,83.33,586.17,0
25403,90.91,597.46,0
25414,90.91,597.78,0
25425,90.91,593.16,0
25438,76.92,596.74,0
25449,90.91,587.42,0
25460,90.91,580.84,0
25472,83.33,592.83,0
25483,90.91,598.49,0
25494,90.91,590.84,0
25506,83.33,592.44,0
25518,83.33,597.80,0
25529,90.91,590.66,0
25540,90.91,589.39,0
25551,90.91,595.82,0
25563,83.33,592.03,0
25575,83.33,591.10,0
25586,90.91,597.62,0
25597,90.91,596.20,0
25609,83.33,587.18,0
25620,90.91,592.18,0
25632,90.91,594.74,0
25644,76.92,591.16,0
25655,90.91,597.55,0
25666,90.91,599.93,0
25677,90.91,591.77,0
25689,83.33,585.49,0
25701,83.33,589.98,0
25712,90.91,594.66,0
25723,90.91,594.05,0
25735,83.33,597.27,0
25746,90.91,595.93,0
25757,90.91,585.14,0
25769,83.33,584.86,0
25781,83.33,593.08,0
25792,90.91,593.32,0
25803,90.91,593.43,0
25815,83.33,595.73,0
25826,90.91,590.54,0
25838,83.33,582.00,0
25849,90.91,588.62,0
25861,83.33,595.81,0
25872,90.91,592.21,0
25883,90.91,595.97,0
25894,90.91,600.51,0
25907,76.92,591.46,0
25918,90.91,583.55,0
25929,90.91,590.66,0
25940,90.91,597.78,0
25952,83.33,593.49,0
25963,90.91,592.76,0
25975,83.33,592.09,0
25987,83.33,584.50,0
25998,90.91,587.78,0
26009,90.91,596.52,0
26020,90.91,595.47,0
26033,83.33,590.78,0
26044,83.33,597.10,0
26055,90.91,593.58,0
26066,90.91,585.47,0
26078,83.33,588.90,0
26089,90.91,595.25,0
26101,90.91,591.75,0
26113,83.33,594.49,0
26124,90.91,595.49,0
26135,90.91,586.24,0
26146,90.91,581.74,0
26158,83.33,592.69,0
26170,83.33,594.46,0
26181,90.91,594.40,0
26192,90.91,595.64,0
26204,83.33,596.25,0
26215,90.91,584.73,0
26226,90.91,585.88,0
26238,83.33,596.90,0
26250,83.33,596.28,0
26261,90.91,591.69,0
26272,90.91,595.33,0
26284,83.33,593.21,0
26295,90.91,586.71,0
26307,83.33,587.00,0
26318,90.91,593.22,0
26330,83.33,591.46,0
26341,90.91,593.83,0
26352,90.91,596.63,0
26363,90.91,590.97,0
26376,76.92,585.16,0
26387,90.91,592.10,0
26398,90.91,595.82,0
26409,90.91,593.17,0
26421,83.33,595.90,0
26432,90.91,599.28,0
26444,83.33,589.72,0
26456,83.33,583.46,0
26467,90.91,590.88,0
26478,90.91,597.07,0
26489,90.91,597.95,0
26502,83.33,596.13,0
26513,83.33,590.05,0
26524,90.91,581.30,0
26535,90.91,587.01,0
26547,83.33,596.98,0
26558,90.91,596.48,0
26570,90.91,595.71,0
26582,76.92,597.13,0
26593,90.91,589.91,0
26604,90.91,584.12,0
26615,90.91,591.20,0
26627,83.33,598.34,0
26639,83.33,591.57,0
26650,90.91,592.15,0
26661,90.91,594.23,0
26673,83.33,585.13,0
26684,90.91,583.79,0
26695,90.91,595.27,0
26707,83.33,593.33,0
26719,83.33,592.49,0
26730,90.91,597.85,0
26741,90.91,595.52,0
26753,83.33,586.37,0
26764,90.91,589.08,0
26776,83.33,598.32,0
26787,90.91,594.71,0
26799,83.33,595.26,0
26810,90.91,598.28,0
26821,90.91,587.52,0
26832,90.91,584.40,0
26845,76.92,594.17,0
26856,90.91,596.47,0
26867,90.91,593.42,0
26878,90.91,598.82,0
26890,83.33,596.53,0
26901,90.91,584.29,0
26913,83.33,589.04,0
26925,83.33,597.29,0
26936,90.91,597.95,0
26947,90.91,597.54,0
26958,90.91,595.41,0
26970,83.33,588.95,0
26982,83.33,585.29,0
26993,90.91,594.50,0
27004,90.91,599.65,0
27016,83.33,593.53,0
27027,90.91,594.48,0
27039,90.91,596.26,0
27051,76.92,589.90,0
27062,90.91,587.37,0
27073,90.91,591.41,0
27084,90.91,592.70,0
27096,83.33,591.79,0
27108,83.33,596.85,0
27119,90.91,598.79,0
27130,90.91,588.24,0
27142,83.33,586.23,0
27153,90.91,592.75,0
27164,90.91,591.90,0
27176,83.33,595.75,0
27188,83.33,600.05,0
27199,90.91,592.71,0
27210,90.91,581.16,0
27222,83.33,586.72,0
27233,90.91,595.85,0
27245,83.33,595.59,0
27256,90.91,597.99,0
27268,83.33,599.71,0
27279,90.91,585.27,0
27290,90.91,581.70,0
27301,90.91,592.99,0
27314,76.92,598.69,0
27325,90.91,595.72,0
27336,90.91,597.57,0
27347,90.91,595.06,0
27359,83.33,585.31,0
27370,90.91,591.50,0
27382,83.33,596.04,0
27394,83.33,591.13,0
27405,90.91,591.98,0
27416,90.91,598.27,0
27427,90.91,592.41,0
27439,83.33,584.22,0
27451,83.33,587.48,0
27462,90.91,590.99,0
27473,90.91,593.72,0
27485,83.33,598.83,0
27496,90.91,595.09,0
27508,90.91,588.40,0
27520,76.92,585.01,0
27531,90.91,591.60,0
27542,90.91,594.62,0
27553,90.91,594.40,0
27565,83.33,598.17,0
27577,90.91,590.60,0
27588,83.33,583.14,0
27599,90.91,587.38,0
27611,83.33,597.13,0
27622,90.91,594.97,0
27633,90.91,595.67,0
27645,83.33,595.59,0
27657,83.33,591.94,0
27668,90.91,589.95,0
27679,90.91,594.36,0
27691,83.33,596.58,0
27702,90.91,594.13,0
27714,83.33,594.64,0
27725,90.91,598.01,0
27737,83.33,589.67,0
27748,90.91,588.07,0
27759,90.91,592.65,0
27770,90.91,596.46,0
27783,76.92,595.21,0
27794,90.91,598.67,0
27805,90.91,600.85,0
27816,90.91,586.55,0
27828,83.33,582.70,0
27839,90.91,595.81,0
27851,83.33,595.90,0
27863,83.33,595.98,0
27874,90.91,599.04,0
27885,90.91,590.94,0
27896,90.91,579.71,0
27908,83.33,588.53,0
27920,83.33,598.86,0
27931,90.91,597.33,0
27942,90.91,596.18,0
27954,83.33,596.32,0
27965,90.91,585.88,0
27977,90.91,585.07,0
27988,83.33,598.82,0
28000,83.33,599.26,0
28011,90.91,592.51,0
28022,90.91,595.15,0
28034,83.33,593.06,0
28046,83.33,586.70,0
28057,90.91,591.32,0
28068,90.91,597.37,0
28080,83.33,589.69,0
28091,90.91,592.25,0
28102,90.91,599.58,0
28114,83.33,591.70,0
28126,83.33,584.99,0
28137,90.91,591.31,0
28148,90.91,591.63,0
28160,83.33,593.12,0
28171,90.91,600.33,0
28183,83.33,600.28,0
28194,90.91,584.51,0
28206,83.33,581.13,0
28217,90.91,591.93,0
28228,90.91,597.95,0
28239,90.91,598.53,0
28252,76.92,597.27,0
28263,90.91,588.71,0
28274,90.91,580.09,0
28285,90.91,590.62,0
28297,83.33,602.37,0
28308,90.91,597.29,0
28320,83.33,594.02,0
28332,83.33,593.51,0
28343,90.91,589.29,0
28354,90.91,585.95,0
28365,90.91,594.18,0
28378,83.33,597.33,0
28389,83.33,593.03,0
28400,90.91,592.91,0
28411,90.91,596.37,0
28423,83.33,590.09,0
28434,90.91,587.74,0
28446,90.91,593.67,0
28457,83.33,592.61,0
28469,83.33,596.01,0
28480,90.91,601.67,0
28491,90.91,594.63,0
28503,83.33,581.94,0
28515,83.33,586.70,0
28526,90.91,592.79,0
28537,90.91,594.00,0
28549,83.33,598.85,0
28560,90.91,602.81,0
28571,90.91,588.99,0
28583,83.33,580.86,0
28595,83.33,590.19,0
28606,90.91,598.13,0
28617,90.91,598.40,0
28628,90.91,598.24,0
28640,83.33,590.47,0
28652,83.33,580.34,0
28663,90.91,585.06,0
28675,83.33,597.23,0
28686,90.91,599.08,0
28697,90.91,593.64,0
28708,90.91,593.08,0
28721,76.92,587.40,0
28732,90.91,584.08,0
28743,90.91,594.66,0
28754,90.91,600.64,0
28766,83.33,592.68,0
28777,90.91,593.99,0
28789,83.33,596.71,0
28801,83.33,590.03,0
28812,90.91,589.23,0
28823,90.91,590.85,0
28834,90.91,591.35,0
28847,83.33,594.98,0
28858,83.33,603.28,0
28869,90.91,599.54,0
28880,90.91,589.26,0
28892,83.33,587.23,0
28903,90.91,590.50,0
28915,90.91,593.33,0
28926,83.33,596.82,0
28938,83.33,599.88,0
28949,90.91,591.80,0
28960,90.91,583.27,0
28972,83.33,588.26,0
28984,83.33,597.88,0
28995,90.91,596.45,0
29006,90.91,597.38,0
29018,83.33,592.20,0
29029,90.91,585.36,0
29040,90.91,583.98,0
29052,83.33,595.09,0
29064,83.33,600.53,0
29075,90.91,595.76,0
29086,90.91,595.07,0
29097,90.91,592.11,0
29109,83.33,583.76,0
29121,83.33,589.65,0
29132,90.91,596.35,0
29144,83.33,594.15,0
29155,90.91,591.07,0
29166,90.91,597.48,0
29177,90.91,594.05,0
29190,76.92,585.51,0
29201,90.91,591.34,0
29212,90.91,596.43,0
29223,90.91,592.24,0
29235,83.33,595.32,0
29246,90.91,600.90,0
29258,83.33,591.18,0
29270,83.33,584.02,0
29281,90.91,594.82,0
29292,90.91,595.05,0
29303,90.91,592.19,0
29316,83.33,598.62,0
29327,83.33,593.81,0
29338,90.91,583.01,0
29349,90.91,588.69,0
29361,83.33,597.58,0
29372,90.91,593.58,0
29384,83.33,593.11,0
29395,90.91,599.01,0
29407,83.33,591.07,0
29418,90.91,584.63,0
29429,90.91,592.73,0
29441,83.33,595.65,0
29453,83.33,591.23,0
29464,90.91,596.58,0
29475,90.91,598.22,0
29487,83.33,587.70,0
29498,90.91,587.42,0
29509,90.91,596.38,0
29521,83.33,594.03,0
29533,83.33,593.85,0
29544,90.91,599.36,0
29555,90.91,594.43,0
29566,90.91,586.12,0
29578,83.33,590.32,0
29590,83.33,595.99,0
29601,90.91,593.91,0
29613,83.33,598.65,0
29624,90.91,599.16,0
29635,90.91,589.60,0
29646,90.91,586.10,0
29659,76.92,589.83,0
29670,90.91,594.89,0
29681,90.91,597.27,0
29692,90.91,596.80,0
29704,83.33,593.35,0
29716,90.91,586.21,0
29727,83.33,584.48,0
29739,83.33,593.23,0
29750,90.91,596.52,0
29761,90.91,593.23,0
29772,90.91,594.32,0
29785,76.92,594.64,0
29796,90.91,587.29,0
29807,90.91,588.61,0
29818,90.91,596.21,0
29830,83.33,596.90,0
29841,90.91,596.37,0
29853,83.33,593.50,0
29864,90.91,588.09,0
29876,83.33,587.81,0
29887,90.91,592.60,0
29898,90.91,597.33,0
29910,83.33,595.36,0
29922,83.33,595.23,0
29933,90.91,595.73,0
29944,90.91,586.93,0
29956,83.33,588.02,0
29967,90.91,594.14,0
29978,90.91,596.20,0
29990,83.33,594.20,0
30002,83.33,596.15,0
30013,90.91,592.69,0
30024,90.91,582.16,0
30035,90.91,588.16,0
30047,83.33,595.78,0
30059,83.33,592.59,0
30070,90.91,594.32,0
30082,83.33,596.78,0
30093,90.91,590.91,0
30104,90.91,587.97,0
30115,90.91,589.59,0
30128,76.92,594.93,0
30139,90.91,591.83,0
30150,90.91,596.51,0
30161,90.91,596.07,0
30173,83.33,584.75,0
30185,90.91,583.34,0
30196,83.33,591.56,0
30208,83.33,593.71,0
30219,90.91,594.67,0
30230,90.91,599.89,0
30241,90.91,595.40,0
30254,76.92,583.55,0
30265,90.91,585.95,0
30276,90.91,592.60,0
30287,90.91,594.03,0
30299,83.33,595.79,0
30310,90.91,598.17,0
30322,83.33,585.39,0
30333,90.91,582.52,0
30345,83.33,591.89,0
30356,90.91,599.51,0
30367,90.91,595.65,0
30379,83.33,594.39,0
30391,83.33,593.43,0
30402,90.91,584.50,0
30413,90.91,585.32,0
30425,83.33,600.09,0
30436,90.91,600.69,0
30447,90.91,593.76,0
30459,83.33,597.09,0
30471,83.33,590.85,0
30482,90.91,582.97,0
30493,90.91,590.53,0
30504,90.91,597.87,0
30516,83.33,591.42,0
30528,83.33,591.36,0
30539,90.91,599.26,0
30551,83.33,590.52,0
30562,90.91,586.41,0
30573,90.91,592.87,0
30585,90.91,592.31,0
30597,76.92,590.33,0
30608,90.91,599.19,0
30619,90.91,598.11,0
30630,90.91,585.90,0
30642,83.33,586.57,0
30654,83.33,595.30,0
30665,90.91,596.64,0
30676,90.91,595.69,0
30688,83.33,596.55,0
30699,90.91,590.43,0
30710,90.91,583.32,0
30723,76.92,592.19,0
30734,90.91,597.14,0
30745,90.91,595.16,0
30756,90.91,593.96,0
30768,83.33,597.20,0
30779,90.91,588.79,0
30791,83.33,588.32,0
30802,90.91,592.53,0
30814,83.33,593.64,0
30825,90.91,593.23,0
30836,90.91,598.95,0
30848,83.33,598.78,0
30860,83.33,590.52,0
30871,90.91,587.92,0
30882,90.91,593.01,0
30894,83.33,590.03,0
30905,90.91,594.01,0
30916,90.91,597.97,0
30928,83.33,593.83,0
30940,83.33,584.82,0
30951,90.91,586.12,0
30962,90.91,593.43,0
30973,90.91,599.56,0
30985,83.33,601.58,0
30997,83.33,598.12,0
31008,90.91,584.58,0
31020,83.33,582.42,0
31031,90.91,590.40,0
31042,90.91,599.18,0
31054,90.91,594.93,0
31066,76.92,593.18,0
31077,90.91,589.56,0
31088,90.91,582.57,0
31099,90.91,586.73,0
31111,83.33,597.42,0
31123,83.33,596.28,0
31134,90.91,591.86,0
31145,90.91,595.60,0
31157,83.33,593.20,0
31168,90.91,585.00,0
31179,90.91,589.80,0
31192,76.92,595.59,0
31203,90.91,591.12,0
31214,90.91,591.55,0
31225,90.91,597.64,0
31237,83.33,589.44,0
31248,90.91,583.57,0
31260,83.33,594.06,0
31271,90.91,594.61,0
31283,83.33,591.60,0
31294,90.91,597.43,0
31305,90.91,597.83,0
31316,90.91,587.45,0
31329,76.92,586.30,0
31340,90.91,596.02,0
31351,90.91,593.16,0
31363,83.33,594.01,0
31374,90.91,598.32,0
31385,90.91,589.86,0
31397,83.33,584.59,0
31409,83.33,591.77,0
31420,90.91,596.83,0
31431,90.91,592.80,0
31442,90.91,597.88,0
31454,83.33,597.91,0
31466,83.33,585.85,0
31477,90.91,584.97,0
31489,83.33,592.05,0
31500,90.91,595.73,0
31511,90.91,596.77,0
31523,90.91,596.62,0
31535,76.92,593.93,0
31546,90.91,583.26,0
31557,90.91,587.93,0
31568,90.91,596.65,0
31580,83.33,594.87,0
31592,83.33,594.69,0
31603,90.91,597.93,0
31614,90.91,588.96,0
31626,83.33,587.86,0
31637,90.91,593.37,0
31648,90.91,595.57,0
31661,76.92,593.48,0
31672,90.91,597.42,0
31683,90.91,596.98,0
31694,90.91,590.89,0
31706,83.33,589.76,0
31717,90.91,594.18,0
31729,83.33,592.99,0
31740,90.91,592.15,0
31752,83.33,597.96,0
31763,90.91,598.04,0
31774,90.91,587.92,0
31785,90.91,588.95,0
31798,76.92,593.37,0
31809,90.91,590.29,0
31820,90.91,593.24,0
31832,83.33,599.54,0
31843,90.91,592.11,0
31854,90.91,585.08,0
31866,83.33,588.60,0
31878,83.33,593.22,0
31889,90.91,594.42,0
31900,90.91,597.11,0
31911,90.91,598.46,0
31924,83.33,584.63,0
31935,83.33,582.40,0
31946,90.91,592.68,0
31958,83.33,597.33,0
31969,90.91,596.69,0
31980,90.91,596.46,0
31992,83.33,587.98,0
32004,83.33,582.13,0
32015,90.91,590.02,0
32026,90.91,597.88,0
32037,90.91,597.85,0
32049,83.33,598.20,0
32061,83.33,597.06,0
32072,90.91,590.79,0
32083,90.91,588.01,0
32095,83.33,592.28,0
32106,90.91,594.35,0
32117,90.91,591.51,0
32130,76.92,592.54,0
32141,90.91,597.30,0
32152,90.91,589.61,0
32163,90.91,586.62,0
32175,83.33,594.75,0
32186,90.91,593.00,0
32198,83.33,588.50,0
32209,90.91,597.64,0
32221,83.33,595.26,0
32232,90.91,582.63,0
32243,90.91,586.57,0
32254,90.91,592.88,0
32267,76.92,592.02,0
32278,90.91,595.85,0
32289,90.91,600.72,0
32301,83.33,590.63,0
32312,90.91,584.07,0
32323,90.91,591.14,0
32335,83.33,598.28,0
32347,83.33,593.52,0
32358,90.91,595.00,0
32369,90.91,595.43,0
32380,90.91,584.47,0
32393,83.33,585.83,0
32404,83.33,596.51,0
32415,90.91,593.64,0
32427,83.33,590.88,0
32438,90.91,596.29,0
32449,90.91,588.78,0
32461,83.33,580.89,0
32473,83.33,591.94,0
32484,90.91,598.68,0
32495,90.91,592.63,0
32506,90.91,594.86,0
32518,83.33,601.86,0
32530,83.33,593.13,0
32541,90.91,588.52,0
32552,90.91,592.38,0
32564,83.33,593.32,0
32575,90.91,595.06,0
32586,90.91,602.85,0
32599,76.92,600.56,0
32610,90.91,584.92,0
32621,90.91,581.91,0
32632,90.91,591.96,0
32644,83.33,594.77,0
32655,90.91,599.27,0
32667,83.33,599.02,0
32678,90.91,588.63,0
32690,83.33,581.37,0
32701,90.91,591.35,0
32712,90.91,601.22,0
32723,90.91,596.84,0
32736,76.92,593.76,0
32747,90.91,592.64,0
32758,90.91,584.48,0
32770,83.33,587.41,0
32781,90.91,595.92,0
32792,90.91,598.68,0
32804,83.33,592.01,0
32816,83.33,593.71,0
32827,90.91,593.71,0
32838,90.91,587.29,0
32849,90.91,588.39,0
32862,83.33,593.92,0
32873,83.33,587.90,0
32884,90.91,589.86,0
32896,83.33,598.19,0
32907,90.91,596.35,0
32918,90.91,586.89,0
32930,90.91,588.40,0
32942,76.92,591.44,0
32953,90.91,595.79,0
32964,90.91,601.08,0
32975,90.91,600.86,0
32987,83.33,587.03,0
32999,83.33,580.37,0
33010,90.91,590.90,0
33021,90.91,600.55,0
33033,83.33,598.93,0
33044,90.91,598.08,0
33055,90.91,590.48,0
33068,76.92,581.96,0
33079,90.91,587.16,0
33090,90.91,601.25,0
33101,90.91,596.54,0
33113,83.33,592.34,0
33124,90.91,592.12,0
33136,83.33,587.63,0
33147,90.91,584.88,0
33159,83.33,596.62,0
33170,90.91,598.12,0
33181,90.91,589.51,0
33192,90.91,596.58,0
33205,76.92,603.64,0
33216,90.91,591.42,0
33227,90.91,588.64,0
33239,83.33,594.16,0
33250,90.91,594.06,0
33261,90.91,593.08,0
33273,83.33,600.94,0
33285,83.33,600.43,0
33296,90.91,583.60,0
33307,90.91,581.28,0
33318,90.91,593.75,0
33331,83.33,595.99,0
33342,83.33,598.33,0
33353,90.91,600.10,0
33364,90.91,586.96,0
33376,83.33,579.92,0
33387,90.91,591.03,0
33399,90.91,600.68,0
33411,76.92,597.68,0
33422,90.91,595.31,0
33433,90.91,589.65,0
33444,90.91,579.50,0
33456,83.33,588.30,0
33468,83.33,598.12,0
33479,90.91,596.04,0
33490,90.91,590.76,0
33502,83.33,590.94,0
33513,90.91,590.17,0
33524,90.91,589.60,0
33537,76.92,594.90,0
33548,90.91,594.25,0
33559,90.91,587.03,0
33570,90.91,590.92,0
33582,83.33,602.35,0
33593,90.91,595.45,0
33605,83.33,584.12,0
33616,90.91,586.74,0
33628,83.33,591.13,0
33639,90.91,593.51,0
33650,90.91,599.30,0
33661,90.91,597.72,0
33674,76.92,585.68,0
33685,90.91,582.55,0
33696,90.91,591.47,0
33708,83.33,598.31,0
33719,90.91,598.78,0
33730,90.91,595.98,0
33742,83.33,586.85,0
33754,83.33,582.25,0
33765,90.91,590.55,0
33776,90.91,600.13,0
33787,90.91,598.84,0
33799,83.33,595.58,0
33811,83.33,593.93,0
33822,90.91,588.53,0
33833,90.91,588.30,0
33845,83.33,593.64,0
33856,90.91,594.23,0
33868,90.91,591.87,0
33880,76.92,595.05,0
33891,90.91,595.19,0
33902,90.91,588.61,0
33913,90.91,590.52,0
33925,83.33,594.65,0
33937,83.33,593.79,0
33948,90.91,596.31,0
33959,90.91,601.18,0
33971,83.33,593.91,0
33982,90.91,584.61,0
33993,90.91,588.12,0
34006,76.92,596.61,0
34017,90.91,597.54,0
34028,90.91,596.42,0
34039,90.91,597.91,0
34051,83.33,590.53,0
34062,90.91,582.65,0
34074,83.33,592.30,0
34085,90.91,599.48,0
34097,83.33,597.31,0
34108,90.91,599.43,0
34119,90.91,592.60,0
34130,90.91,583.39,0
34143,76.92,588.22,0
34154,90.91,598.36,0
34165,90.91,596.39,0
34177,83.33,594.70,0
34188,90.91,597.21,0
34199,90.91,594.88,0
34211,83.33,585.66,0
34223,83.33,590.89,0
34234,90.91,597.66,0
34245,90.91,592.58,0
34256,90.91,593.03,0
34269,83.33,597.77,0
34280,83.33,590.08,0
34291,90.91,583.84,0
34302,90.91,590.44,0
34314,83.33,595.37,0
34325,90.91,594.99,0
34337,90.91,596.92,0
34349,76.92,595.89,0
34360,90.91,585.48,0
34371,90.91,585.53,0
34382,90.91,595.85,0
34394,83.33,599.61,0
34406,83.33,598.54,0
34417,90.91,598.76,0
34428,90.91,589.67,0
34440,83.33,582.45,0
34451,90.91,588.08,0
34462,90.91,595.63,0
34475,76.92,593.81,0
34486,90.91,592.01,0
34497,90.91,594.21,0
34508,90.91,591.43,0
34520,83.33,590.38,0
34531,90.91,596.55,0
34543,83.33,595.88,0
34554,90.91,593.45,0
34566,83.33,594.94,0
34577,90.91,595.97,0
34588,90.91,586.45,0
34599,90.91,586.81,0
34612,76.92,589.22,0
34623,90.91,588.45,0
34634,90.91,595.28,0
34646,83.33,600.78,0
34657,90.91,596.51,0
34668,90.91,585.12,0
34680,83.33,583.78,0
34692,83.33,591.74,0
34703,90.91,594.08,0
34714,90.91,599.67,0
34725,90.91,597.44,0
34738,83.33,582.84,0
34749,83.33,578.79,0
34760,90.91,592.54,0
34771,90.91,598.86,0
34783,83.33,595.69,0
34794,90.91,596.78,0
34806,83.33,590.66,0
34818,83.33,580.31,0
34829,90.91,588.12,0
34840,90.91,600.52,0
34851,90.91,595.52,0
34863,83.33,592.26,0
34875,83.33,595.01,0
34886,90.91,591.41,0
34897,90.91,587.72,0
34909,83.33,596.46,0
34920,90.91,596.52,0
34931,90.91,588.43,0
34944,76.92,593.71,0
34955,90.91,599.80,0
34966,90.91,590.29,0
34977,90.91,587.25,0
34989,83.33,592.00,0
35000,90.91,590.85,0
35012,83.33,593.41,0
35023,90.91,600.31,0
35035,83.33,595.73,0
35046,90.91,583.76,0
35057,90.91,586.13,0
35068,90.91,592.29,0
35081,76.92,594.04,0
35092,90.91,598.15,0
35103,90.91,601.79,0
35115,83.33,592.30,0
35126,90.91,582.52,0
35138,90.91,587.81,0
35149,83.33,598.35,0
35161,83.33,597.51,0
35172,90.91,596.27,0
35183,90.91,594.66,0
35194,90.91,585.77,0
35207,83.33,585.11,0
35218,83.33,595.05,0
35229,90.91,595.98,0
35240,90.91,592.54,0
35252,83.33,596.26,0
35263,90.91,595.84,0
35275,83.33,585.91,0
35287,83.33,585.36,0
35298,90.91,592.76,0
35309,90.91,593.22,0
35320,90.91,593.32,0
35332,83.33,595.31,0
35344,83.33,588.14,0
35355,90.91,581.88,0
35366,90.91,587.63,0
35378,83.33,590.89,0
35389,90.91,590.59,0
35400,90.91,595.46,0
35412,83.33,592.61,0
35424,83.33,581.59,0
35435,90.91,584.48,0
35446,90.91,594.89,0
35458,83.33,599.12,0
35469,90.91,595.04,0
35481,83.33,596.18,0
35492,90.91,591.94,0
35504,83.33,583.41,0
35515,90.91,588.74,0
35526,90.91,597.41,0
35537,90.91,592.32,0
35550,76.92,590.73,0
35561,90.91,596.12,0
35572,90.91,591.43,0
35584,83.33,586.75,0
35595,90.91,593.30,0
35607,90.91,593.91,0
35618,83.33,593.19,0
35630,83.33,598.51,0
35641,90.91,599.86,0
35652,90.91,588.77,0
35663,90.91,585.06,0
35676,76.92,590.09,0
35687,90.91,593.27,0
35698,90.91,598.80,0
35709,90.91,605.46,0
35721,83.33,592.13,0
35732,90.91,580.47,0
35744,83.33,588.30,0
35756,83.33,596.63,0
35767,90.91,594.60,0
35778,90.91,599.99,0
35789,90.91,598.71,0
35801,83.33,585.30,0
35813,83.33,581.93,0
35824,90.91,595.87,0
35835,90.91,602.25,0
35847,83.33,596.69,0
35858,90.91,595.54,0
35869,90.91,593.02,0
35881,83.33,585.71,0
35893,83.33,590.39,0
35904,90.91,598.31,0
35915,90.91,592.49,0
35927,83.33,589.49,0
35938,90.91,594.74,0
35950,83.33,593.20,0
35961,90.91,588.26,0
35973,83.33,592.56,0
35984,90.91,593.36,0
35995,90.91,590.32,0
36006,90.91,592.45,0
36019,76.92,599.97,0
36030,90.91,593.28,0
36041,90.91,588.62,0
36052,90.91,591.81,0
36064,83.33,595.00,0
36076,90.91,593.77,0
36087,83.33,597.53,0
36099,83.33,597.42,0
36110,90.91,587.41,0
36121,90.91,585.94,0
36132,90.91,591.03,0
36145,76.92,594.42,0
36156,90.91,598.61,0
36167,90.91,601.15,0
36178,90.91,593.18,0
36190,83.33,581.09,0
36201,90.91,587.27,0
36213,83.33,599.31,0
36225,83.33,597.38,0
36236,90.91,594.70,0
36247,90.91,594.69,0
36258,90.91,586.39,0
36270,83.33,584.77,0
36282,83.33,589.65,0
36293,90.91,594.60,0
36304,90.91,593.14,0
36316,83.33,595.47,0
36327,90.91,595.16,0
36338,90.91,586.80,0
36350,83.33,588.36,0
36362,83.33,596.27,0
36373,90.91,594.97,0
36384,90.91,594.36,0
36396,83.33,600.22,0
36407,90.91,593.99,0
36419,83.33,583.08,0
36430,90.91,588.35,0
36442,83.33,594.64,0
36453,90.91,593.99,0
36464,90.91,594.97,0
36476,90.91,597.00,0
36488,76.92,585.99,0
36499,90.91,583.82,0
36510,90.91,594.53,0
36521,90.91,594.34,0
36533,83.33,595.04,0
36545,90.91,598.58,0
36556,83.33,592.56,0
36568,83.33,580.02,0
36579,90.91,586.91,0
36590,90.91,600.47,0
36601,90.91,596.27,0
36614,76.92,593.09,0
36625,90.91,596.65,0
36636,90.91,590.33,0
36647,90.91,587.81,0
36659,83.33,594.17,0
36670,90.91,594.28,0
36682,83.33,590.73,0
36694,83.33,596.91,0
36705,90.91,599.43,0
36716,90.91,586.54,0
36727,90.91,583.13,0
36739,83.33,589.72,0
36751,83.33,595.26,0
36762,90.91,593.14,0
36773,90.91,597.47,0
36785,83.33,595.85,0
36796,90.91,584.38,0
36807,90.91,583.56,0
36819,83.33,596.47,0
36831,83.33,599.18,0
36842,90.91,598.92,0
36853,90.91,598.70,0
36865,83.33,589.22,0
36876,90.91,582.63,0
36888,83.33,591.54,0
36899,90.91,599.19,0
36911,83.33,593.44,0
36922,90.91,593.29,0
36933,90.91,594.84,0
36945,90.91,585.38,0
36957,76.92,585.69,0
36968,90.91,600.05,0
36979,90.91,596.48,0
36990,90.91,589.44,0
37002,83.33,594.54,0
37014,90.91,598.49,0
37025,83.33,588.47,0
37037,83.33,589.23,0
37048,90.91,595.46,0
37059,90.91,592.60,0
37070,90.91,599.17,0
37083,76.92,604.02,0
37094,90.91,590.42,0
37105,90.91,581.62,0
37116,90.91,588.57,0
37128,83.33,594.01,0
37139,90.91,595.02,0
37151,83.33,599.80,0
37163,83.33,597.97,0
37174,90.91,585.80,0
37185,90.91,586.05,0
37196,90.91,593.39,0
37208,83.33,597.06,0
37220,83.33,599.04,0
37231,90.91,597.70,0
37242,90.91,588.48,0
37254,83.33,584.40,0
37265,90.91,589.75,0
37276,90.91,596.37,0
37288,83.33,591.82,0
37300,83.33,592.74,0
37311,90.91,597.82,0
37322,90.91,591.25,0
37334,83.33,587.80,0
37345,90.91,593.51,0
37357,83.33,595.86,0
37368,90.91,593.50,0
37380,83.33,594.79,0
37391,90.91,597.72,0
37402,90.91,588.45,0
37414,90.91,583.84,0
37426,76.92,589.55,0
37437,90.91,594.35,0
37448,90.91,593.21,0
37459,90.91,594.16,0
37471,83.33,594.16,0
37483,90.91,586.02,0
37494,83.33,588.64,0
37506,83.33,597.35,0
37517,90.91,595.44,0
37528,90.91,595.93,0
37539,90.91,598.91,0
37552,76.92,591.72,0
37563,90.91,585.98,0
37574,90.91,592.99,0
37585,90.91,597.75,0
37597,83.33,596.08,0
37608,90.91,599.63,0
37620,83.33,596.67,0
37632,83.33,586.47,0
37643,90.91,589.36,0
37654,90.91,599.10,0
37665,90.91,599.49,0
37677,83.33,593.17,0
37689,83.33,594.84,0
37700,90.91,588.73,0
37711,90.91,580.93,0
37723,83.33,594.08,0
37734,90.91,600.01,0
37745,90.91,590.11,0
37757,83.33,595.20,0
37769,83.33,599.83,0
37780,90.91,587.74,0
37791,90.91,586.12,0
37803,83.33,598.20,0
37814,90.91,596.33,0
37826,83.33,588.73,0
37837,90.91,594.21,0
37849,83.33,596.04,0
37860,90.91,585.73,0
37871,90.91,586.38,0
37883,90.91,596.57,0
37895,76.92,597.07,0
37906,90.91,594.51,0
37917,90.91,595.60,0
37928,90.91,589.52,0
37940,83.33,586.05,0
37952,83.33,592.57,0
37963,90.91,595.42,0
37975,83.33,589.79,0
37986,90.91,594.68,0
37997,90.91,599.69,0
38008,90.91,589.59,0
38021,76.92,584.66,0
38032,90.91,595.03,0
38043,90.91,596.89,0
38054,90.91,592.34,0
38066,83.33,595.89,0
38077,90.91,598.52,0
38089,83.33,586.17,0
38100,90.91,585.41,0
38112,83.33,590.62,0
38123,90.91,593.03,0
38134,90.91,597.85,0
38146,83.33,596.79,0
38158,83.33,589.94,0
38169,90.91,582.02,0
38180,90.91,587.33,0
38192,83.33,600.27,0
38203,90.91,598.59,0
38214,90.91,595.37,0
38226,83.33,592.62,0
38238,83.33,586.62,0
38249,90.91,589.30,0
38260,90.91,599.33,0
38272,83.33,599.32,0
38284,90.91,593.54,0
38295,83.33,595.02,0
38306,90.91,589.35,0
38318,83.33,586.50,0
38329,90.91,592.38,0
38340,90.91,598.06,0
38352,90.91,592.93,0
38364,76.92,592.65,0
38375,90.91,597.25,0
38386,90.91,596.03,0
38397,90.91,590.88,0
38409,83.33,590.04,0
38421,83.33,593.43,0
38432,90.91,594.37,0
38444,83.33,599.02,0
38455,90.91,600.84,0
38466,90.91,589.22,0
38477,90.91,584.90,0
38490,76.92,588.68,0
38501,90.91,594.40,0
38512,90.91,595.96,0
38523,90.91,597.12,0
38535,83.33,592.21,0
38546,90.91,580.01,0