66,15.15,182.12,0
77,90.91,183.64,0
89,83.33,184.44,0
100,90.91,182.72,0
111,90.91,179.64,0
123,83.33,181.29,0
135,83.33,181.07,0
146,90.91,181.56,0
157,90.91,182.35,0
168,90.91,180.81,0
180,83.33,180.09,0
192,83.33,180.05,0
203,90.91,183.48,0
215,83.33,182.79,0
226,90.91,182.86,0
237,90.91,182.53,0
248,90.91,179.34,0
261,76.92,182.30,0
272,90.91,179.39,0
283,90.91,179.19,0
294,90.91,180.39,0
306,83.33,182.36,0
318,90.91,183.38,0
329,83.33,184.12,0
340,90.91,182.60,0
352,83.33,182.70,0
363,90.91,181.27,0
374,90.91,182.22,0
387,83.33,183.56,0
398,83.33,181.62,0
409,90.91,179.63,0
420,90.91,183.11,0
432,83.33,183.43,0
443,90.91,182.24,0
455,83.33,184.27,0
466,90.91,184.05,0
478,83.33,184.18,0
489,90.91,185.69,0
500,90.91,182.15,0
512,83.33,181.53,0
524,83.33,184.12,0
535,90.91,181.92,0
546,90.91,181.77,0
558,83.33,182.32,0
569,90.91,180.74,0
580,90.91,181.84,0
592,83.33,185.04,0
604,83.33,181.38,0
615,90.91,179.79,0
626,90.91,179.10,0
637,90.91,182.53,0
649,83.33,182.97,0
661,83.33,181.68,0
672,90.91,183.66,0
684,83.33,182.64,0
695,90.91,181.44,0
706,90.91,180.26,0
717,90.91,180.02,0
730,76.92,184.19,0
741,90.91,183.84,0
752,90.91,184.13,0
763,90.91,181.69,0
775,83.33,180.07,0
787,90.91,180.11,0
798,83.33,181.70,0
809,90.91,182.53,0
821,83.33,181.59,0
832,90.91,182.49,0
843,90.91,182.63,0
856,76.92,183.89,0
867,90.91,185.21,0
878,90.91,182.82,0
889,90.91,181.69,0
901,83.33,181.48,0
912,90.91,182.66,0
924,83.33,182.33,0
935,90.91,184.54,0
947,83.33,185.58,0
958,90.91,179.99,0
969,90.91,178.88,0
980,90.91,181.99,0
993,76.92,183.35,0
1004,90.91,182.40,0
1015,90.91,185.07,0
1027,83.33,185.64,0
1038,90.91,183.63,0
1049,90.91,184.01,0
1061,83.33,183.24,0
1073,83.33,184.84,0
1084,90.91,183.83,0
1095,90.91,183.72,0
1106,90.91,181.07,0
1118,83.33,184.77,0
1130,83.33,185.81,0
1141,90.91,186.61,0
1153,83.33,184.78,0
1164,90.91,182.72,0
1175,90.91,184.20,0
1186,90.91,183.17,0
1199,76.92,182.33,0
1210,90.91,183.74,0
1221,90.91,184.02,0
1232,90.91,179.40,0
1244,83.33,180.92,0
1256,90.91,184.51,0
1267,83.33,184.75,0
1278,90.91,181.80,0
1290,83.33,180.59,0
1301,90.91,180.17,0
1312,90.91,183.23,0
1325,76.92,184.08,0
1336,90.91,182.16,0
1347,90.91,184.34,0
1358,90.91,185.31,0
1370,83.33,184.01,0
1381,90.91,185.74,0
1393,83.33,186.15,0
1404,90.91,182.35,0
1416,83.33,180.42,0
1427,90.91,183.50,0
1438,90.91,184.94,0
1449,90.91,185.31,0
1462,76.92,185.67,0
1473,90.91,185.11,0
1484,90.91,181.03,0
1496,83.33,182.52,0
1507,90.91,179.69,0
1518,90.91,179.02,0
1530,83.33,181.12,0
1542,83.33,181.50,0
1553,90.91,182.17,0
1564,90.91,182.06,0
1575,90.91,182.33,0
1587,83.33,180.39,0
1599,83.33,179.53,0
1610,90.91,182.71,0
1622,83.33,182.00,0
1633,90.91,182.02,0
1644,90.91,180.25,0
1655,90.91,184.84,0
1668,76.92,184.10,0
1679,90.91,181.45,0
1690,90.91,182.03,0
1701,90.91,181.78,0
1713,83.33,180.93,0
1725,90.91,181.04,0
1736,83.33,180.32,0
1747,90.91,180.59,0
1759,83.33,180.77,0
1770,90.91,182.30,0
1781,90.91,183.53,0
1794,76.92,183.01,0
1805,90.91,186.14,0
1816,90.91,183.85,0
1827,90.91,181.70,0
1839,83.33,182.64,0
1850,90.91,178.97,0
1862,83.33,180.26,0
1873,90.91,182.20,0
1885,83.33,179.74,0
1896,90.91,182.32,0
1907,90.91,180.62,0
1918,90.91,179.74,0
1931,76.92,182.51,0
1942,90.91,184.36,0
1953,90.91,180.20,0
1965,83.33,180.07,0
1976,90.91,182.68,0
1987,90.91,184.35,0
1999,83.33,183.24,0
2011,83.33,181.30,0
2022,90.91,182.51,0
2033,90.91,183.80,0
2044,90.91,181.83,0
2056,83.33,184.45,0
2068,83.33,184.51,0
2079,90.91,183.08,0
2091,83.33,183.13,0
2102,90.91,182.15,0
2113,90.91,181.80,0
2124,90.91,181.61,0
2137,76.92,183.53,0
2148,90.91,183.05,0
2159,90.91,179.24,0
2170,90.91,177.91,0
2182,83.33,179.91,0
2194,90.91,181.88,0
2205,83.33,184.24,0
2216,90.91,181.72,0
2228,83.33,180.01,0
2239,90.91,178.67,0
2250,90.91,180.71,0
2263,76.92,181.35,0
2274,90.91,181.16,0
2285,90.91,181.30,0
2296,90.91,181.23,0
2308,83.33,180.83,0
2319,90.91,182.89,0
2331,83.33,183.96,0
2342,90.91,184.32,0
2354,83.33,181.37,0
2365,90.91,180.17,0
2376,90.91,182.87,0
2387,90.91,185.10,0
2400,76.92,184.61,0
2411,90.91,185.03,0
2422,90.91,185.80,0
2434,83.33,182.08,0
2445,90.91,180.54,0
2456,90.91,184.60,0
2468,83.33,184.57,0
2480,83.33,183.27,0
2491,90.91,182.23,0
2502,90.91,182.10,0
2513,90.91,180.11,0
2525,83.33,183.47,0
2537,83.33,183.77,0
2548,90.91,182.05,0
2560,83.33,177.79,0
2571,90.91,179.63,0
2582,90.91,182.44,0
2593,90.91,184.98,0
2606,76.92,185.90,0
2617,90.91,179.76,0
2628,90.91,178.13,0
2639,90.91,180.89,0
2651,83.33,182.76,0
2663,90.91,183.22,0
2674,83.33,184.25,0
2685,90.91,181.89,0
2697,83.33,181.16,0
2708,90.91,183.41,0
2719,90.91,184.24,0
2732,83.33,185.19,0
2743,90.91,182.30,0
2754,90.91,184.46,0
2765,90.91,185.36,0
2777,83.33,184.09,0
2788,90.91,183.92,0
2800,83.33,184.44,0
2811,90.91,184.36,0
2823,83.33,182.59,0
2834,90.91,182.51,0
2845,90.91,183.74,0
2856,90.91,183.13,0
2869,76.92,183.84,0
2880,90.91,182.10,0
2891,90.91,179.36,0
2903,83.33,183.78,0
2914,90.91,186.53,0
2925,90.91,187.58,0
2937,83.33,183.89,0
2949,83.33,181.59,0
2960,90.91,180.02,0
2971,90.91,181.70,0
2982,90.91,184.42,0
2994,83.33,185.51,0
3006,83.33,183.29,0
3017,90.91,178.78,0
3028,90.91,178.99,0
3040,83.33,184.17,0
3051,90.91,185.15,0
3062,90.91,183.62,0
3075,76.92,180.80,0
3086,90.91,181.03,0
3097,90.91,180.82,0
3108,90.91,183.98,0
3120,83.33,182.85,0
3132,90.91,182.71,0
3143,83.33,180.52,0
3154,90.91,179.03,0
3166,83.33,181.17,0
3177,90.91,184.39,0
3188,90.91,185.53,0
3201,76.92,183.87,0
3212,90.91,180.68,0
3223,90.91,179.76,0
3234,90.91,185.42,0
3246,83.33,185.84,0
3257,90.91,182.71,0
3269,83.33,181.80,0
3280,90.91,179.18,0
3292,83.33,182.71,0
3303,90.91,185.25,0
3314,90.91,182.50,0
3325,90.91,182.62,0
3338,76.92,179.25,0
3349,90.91,178.21,0
3360,90.91,182.71,0
3372,83.33,186.13,0
3383,90.91,185.16,0
3394,90.91,182.60,0
3406,83.33,179.39,0
3418,83.33,179.78,0
3429,90.91,182.96,0
3440,90.91,183.86,0
3451,90.91,181.61,0
3463,83.33,181.15,0
3475,83.33,179.91,0
3486,90.91,185.42,0
3497,90.91,186.54,0
3509,83.33,183.20,0
3520,90.91,182.10,0
3532,90.91,179.02,0
3544,76.92,177.48,0
3555,90.91,178.76,0
3566,90.91,182.45,0
3577,90.91,187.08,0
3589,83.33,184.67,0
3601,90.91,182.90,0
3612,83.33,184.46,0
3623,90.91,183.72,0
3635,83.33,183.84,0
3646,90.91,183.89,0
3657,90.91,181.93,0
3670,76.92,179.95,0
3681,90.91,183.90,0
3692,90.91,183.20,0
3703,90.91,181.51,0
3715,83.33,183.63,0
3726,90.91,182.90,0
3738,83.33,184.06,0
3749,90.91,182.79,0
3761,83.33,182.26,0
3772,90.91,183.56,0
3783,90.91,181.02,0
3794,90.91,183.61,0
3807,76.92,183.47,0
3818,90.91,179.46,0
3829,90.91,181.61,0
3841,83.33,184.24,0
3852,90.91,183.20,0
3863,90.91,183.06,0
3875,83.33,185.60,0
3887,83.33,180.56,0
3898,90.91,182.98,0
3909,90.91,185.61,0
3920,90.91,179.96,0
3932,83.33,178.21,0
3944,83.33,183.06,0
3955,90.91,181.88,0
3966,90.91,180.67,0
3978,83.33,181.72,0
3989,90.91,180.83,0
4001,90.91,181.64,0
4013,76.92,182.94,0
4024,90.91,182.64,0
4035,90.91,185.36,0
4046,90.91,184.91,0
4058,83.33,184.88,0
4070,90.91,184.77,0
4081,83.33,184.35,0
4092,90.91,184.75,0
4104,83.33,183.88,0
4115,90.91,181.91,0
4126,90.91,183.46,0
4139,76.92,183.87,0
4150,90.91,185.42,0
4161,90.91,184.97,0
4172,90.91,184.46,0
4184,83.33,182.35,0
4195,90.91,178.29,0
4207,83.33,179.80,0
4218,90.91,181.60,0
4230,83.33,183.98,0
4241,90.91,181.90,0
4252,90.91,180.64,0
4263,90.91,181.80,0
4276,76.92,181.04,0
4287,90.91,183.29,0
4298,90.91,183.77,0
4310,83.33,181.22,0
4321,90.91,183.16,0
4332,90.91,184.44,0
4344,83.33,184.43,0
4356,83.33,182.54,0
4367,90.91,180.22,0
4378,90.91,179.11,0
4389,90.91,180.26,0
4401,83.33,182.29,0
4413,83.33,186.79,0
4424,90.91,183.61,0
4435,90.91,181.96,0
4447,83.33,184.18,0
4458,90.91,185.37,0
4469,90.91,182.78,0
4482,76.92,182.27,0
4493,90.91,178.81,0
4504,90.91,181.00,0
4515,90.91,180.68,0
4527,83.33,179.46,0
4539,90.91,181.03,0
4550,83.33,184.19,0
4561,90.91,180.28,0
4573,83.33,181.57,0
4584,90.91,185.20,0
4595,90.91,186.44,0
4608,90.91,186.14,0
4619,90.91,183.27,0
4630,90.91,181.86,0
4641,90.91,181.86,0
4653,83.33,183.53,0
4664,90.91,186.98,0
4676,83.33,186.07,0
4687,90.91,180.55,0
4699,83.33,180.20,0
4710,90.91,182.19,0
4721,90.91,181.59,0
4732,90.91,182.76,0
4745,76.92,179.80,0
4756,90.91,178.97,0
4767,90.91,180.90,0
4779,83.33,181.30,0
4790,90.91,183.34,0
4801,90.91,184.35,0
4813,83.33,185.10,0
4825,83.33,183.41,0
4836,90.91,184.57,0
4847,90.91,183.49,0
4858,90.91,184.94,0
4870,83.33,181.20,0
4882,83.33,180.34,0
4893,90.91,181.32,0
4904,90.91,182.86,0
4916,83.33,184.13,0
4927,90.91,184.64,0
4938,90.91,179.95,0
4951,76.92,181.20,0
4962,90.91,184.22,0
4973,90.91,184.76,0
4984,90.91,182.58,0
4996,83.33,181.05,0
5008,90.91,179.35,0
5019,83.33,179.20,0
5030,90.91,179.75,0
5042,83.33,182.24,0
5053,90.91,184.66,0
5064,90.91,183.23,0
5076,90.91,185.34,0
5088,76.92,184.00,0
5099,90.91,181.57,0
5110,90.91,181.86,0
5122,83.33,183.96,0
5133,90.91,188.26,0
5145,83.33,186.41,0
5156,90.91,180.68,0
5168,83.33,181.28,0
5179,90.91,182.21,0
5190,90.91,177.58,0
5201,90.91,181.02,0
5214,76.92,182.92,0
5225,90.91,180.99,0
5236,90.91,182.72,0
5248,83.33,184.95,0
5259,90.91,183.10,0
5270,90.91,182.72,0
5282,83.33,182.14,0
5294,83.33,185.29,0
5305,90.91,183.84,0
5316,90.91,182.16,0
5327,90.91,180.70,0
5339,83.33,181.36,0
5351,83.33,182.09,0
5362,90.91,184.03,0
5373,90.91,184.72,0
5385,83.33,184.02,0
5396,90.91,182.31,0
5407,90.91,184.28,0
5420,76.92,185.23,0
5431,90.91,183.30,0
5442,90.91,183.54,0
5453,90.91,183.90,0
5465,83.33,181.73,0
5476,90.91,182.73,0
5488,83.33,184.43,0
5499,90.91,183.61,0
5511,83.33,182.87,0
5522,90.91,182.22,0
5533,90.91,182.64,0
5545,90.91,181.91,0
5557,76.92,181.54,0
5568,90.91,181.35,0
5579,90.91,182.00,0
5591,83.33,177.72,0
5602,90.91,179.48,0
5614,83.33,185.00,0
5625,90.91,186.53,0
5637,83.33,187.10,0
5648,90.91,185.03,0
5659,90.91,183.85,0
5670,90.91,180.21,0
5683,76.92,178.06,0
5694,90.91,181.85,0
5705,90.91,182.00,0
5716,90.91,183.10,0
5728,83.33,181.72,0
5739,90.91,181.97,0
5751,83.33,182.29,0
5763,83.33,182.81,0
5774,90.91,183.44,0
5785,90.91,182.86,0
5796,90.91,181.85,0
5808,83.33,183.96,0
5820,83.33,182.79,0
5831,90.91,180.98,0
5842,90.91,180.59,0
5854,83.33,178.98,0
5865,90.91,180.17,0
5876,90.91,182.58,0
5889,76.92,183.88,0
5900,90.91,182.93,0
5911,90.91,182.56,0
5922,90.91,184.35,0
5934,83.33,183.80,0
5945,90.91,185.11,0
5957,83.33,184.98,0
5968,90.91,180.84,0
5980,83.33,181.25,0
5991,90.91,182.74,0
6002,90.91,180.95,0
6014,90.91,182.93,0
6026,76.92,184.26,0
6037,90.91,180.83,0
6048,90.91,182.27,0
6060,83.33,183.12,0
6071,90.91,181.88,0
6083,83.33,182.39,0
6094,90.91,184.82,0
6106,83.33,181.80,0
6117,90.91,182.56,0
6128,90.91,183.21,0
6139,90.91,181.28,0
6152,76.92,179.74,0
6163,90.91,181.43,0
6174,90.91,181.18,0
6185,90.91,184.72,0
6197,83.33,185.44,0
6208,90.91,185.25,0
6220,83.33,186.02,0
6232,83.33,182.67,0
6243,90.91,181.38,0
6254,90.91,186.27,0
6265,90.91,181.32,0
6277,83.33,178.72,0
6289,83.33,176.70,0
6300,90.91,184.22,0
6311,90.91,188.37,0
6323,83.33,186.88,0
6334,90.91,182.96,0
6345,90.91,181.42,0
6358,76.92,179.28,0
6369,90.91,183.17,0
6380,90.91,187.05,0
6391,90.91,188.72,0
6403,83.33,185.43,0
6414,90.91,180.94,0
6426,83.33,180.18,0
6437,90.91,179.79,0
6449,83.33,183.08,0
6460,90.91,185.22,0
6471,90.91,183.40,0
6483,90.91,179.38,0
6495,76.92,181.49,0
6506,90.91,185.61,0
6517,90.91,187.80,0
6529,83.33,184.36,0
6540,90.91,179.76,0
6552,83.33,177.77,0
6563,90.91,180.64,0
6575,83.33,184.85,0
6586,90.91,186.69,0
6597,90.91,183.21,0
6608,90.91,177.23,0
6621,76.92,177.17,0
6632,90.91,183.21,0
6643,90.91,189.09,0
6654,90.91,187.85,0
6666,83.33,179.95,0
6677,90.91,175.52,0
6689,83.33,179.35,0
6701,83.33,182.89,0
6712,90.91,184.25,0
6723,90.91,182.26,0
6734,90.91,177.62,0
6746,83.33,178.08,0
6758,83.33,182.67,0
6769,90.91,190.32,0
6780,90.91,188.29,0
6792,83.33,181.00,0
6803,90.91,178.52,0
6814,90.91,179.52,0
6827,76.92,180.04,0
6838,90.91,185.65,0
6849,90.91,182.80,0
6860,90.91,180.14,0
6872,83.33,180.39,0
6883,90.91,181.38,0
6895,83.33,186.87,0
6906,90.91,189.18,0
6918,83.33,183.34,0
6929,90.91,180.22,0
6940,90.91,180.18,0
6952,90.91,182.20,0
6964,76.92,186.19,0
6975,90.91,185.34,0
6986,90.91,177.63,0
6998,83.33,175.27,0
7009,90.91,177.46,0
7021,90.91,182.48,0
7032,83.33,183.92,0
7044,83.33,183.07,0
7055,90.91,180.73,0
7066,90.91,180.69,0
7077,90.91,182.39,0
7090,76.92,184.53,0
7101,90.91,184.87,0
7112,90.91,180.77,0
7123,90.91,179.18,0
7135,83.33,180.69,0
7146,90.91,182.65,0
7158,83.33,182.80,0
7170,83.33,184.43,0
7181,90.91,184.87,0
7192,90.91,183.45,0
7203,90.91,181.81,0
7215,83.33,182.16,0
7227,83.33,184.80,0
7238,90.91,183.80,0
7249,90.91,178.81,0
7261,83.33,177.55,0
7272,90.91,182.82,0
7283,90.91,183.17,0
7296,76.92,184.40,0
7307,90.91,183.92,0
7318,90.91,182.77,0
7329,90.91,180.55,0
7341,83.33,180.47,0
7352,90.91,185.82,0
7364,83.33,183.21,0
7375,90.91,179.40,0
7387,83.33,180.43,0
7398,90.91,179.24,0
7409,90.91,181.12,0
7420,90.91,186.32,0
7433,76.92,188.19,0
7444,90.91,181.64,0
7455,90.91,180.79,0
7467,83.33,178.53,0
7478,90.91,181.62,0
7490,90.91,187.27,0
7501,83.33,185.34,0
7513,83.33,185.31,0
7524,90.91,183.94,0
7535,90.91,181.45,0
7546,90.91,181.71,0
7559,83.33,183.02,0
7570,83.33,181.31,0
7581,90.91,181.82,0
7592,90.91,181.47,0
7604,83.33,180.89,0
7615,90.91,181.69,0
7627,83.33,180.46,0
7639,83.33,185.76,0
7650,90.91,184.66,0
7661,90.91,179.56,0
7672,90.91,179.31,0
7684,83.33,185.35,0
7696,83.33,185.26,0
7707,90.91,178.16,0
7718,90.91,180.59,0
7730,83.33,178.43,0
7741,90.91,181.02,0
7752,90.91,187.73,0
7764,83.33,183.95,0
7776,83.33,180.29,0
7787,90.91,182.48,0
7798,90.91,182.17,0
7810,83.33,176.89,0
7821,90.91,182.76,0
7833,83.33,188.75,0
7844,90.91,181.36,0
7856,83.33,179.50,0
7867,90.91,185.72,0
7878,90.91,187.87,0
7889,90.91,183.81,0
7902,76.92,185.53,0
7913,90.91,183.04,0
7924,90.91,178.68,0
7936,83.33,182.86,0
7947,90.91,184.46,0
7958,90.91,182.38,0
7970,83.33,183.95,0
7982,83.33,176.71,0
7993,90.91,173.85,0
8004,90.91,178.78,0
8015,90.91,185.08,0
8028,83.33,187.40,0
8039,83.33,183.55,0
8050,90.91,182.69,0
8061,90.91,182.86,0
8073,83.33,181.87,0
8084,90.91,182.10,0
8096,90.91,183.79,0
8108,76.92,180.45,0
8119,90.91,181.60,0
8130,90.91,183.49,0
8141,90.91,181.71,0
8153,83.33,184.62,0
8165,83.33,183.90,0
8176,90.91,179.61,0
8187,90.91,180.70,0
8199,83.33,184.03,0
8210,90.91,183.39,0
8221,90.91,180.63,0
8233,83.33,180.14,0
8245,83.33,180.34,0
8256,90.91,179.06,0
8267,90.91,182.95,0
8279,83.33,185.89,0
8290,90.91,182.81,0
8302,83.33,181.02,0
8313,90.91,180.30,0
8325,83.33,181.05,0
8336,90.91,183.55,0
8347,90.91,187.05,0
8358,90.91,182.10,0
8371,76.92,181.05,0
8382,90.91,184.44,0
8393,90.91,183.86,0
8404,90.91,182.85,0
8416,83.33,185.73,0
8427,90.91,185.95,0
8439,83.33,181.00,0
8451,83.33,181.04,0
8462,90.91,188.69,0
8473,90.91,189.36,0
8484,90.91,186.24,0
8496,83.33,180.97,0
8508,83.33,178.31,0
8519,90.91,185.05,0
8530,90.91,188.32,0
8542,83.33,183.62,0
8553,90.91,160.43,0
8565,90.91,162.44,0
8577,76.92,202.24,0
8588,90.91,223.11,0
8599,90.91,204.27,0
8610,90.91,169.69,0
8622,83.33,150.27,0
8634,90.91,174.86,0
8645,83.33,205.09,0
8656,90.91,175.19,0
8668,83.33,135.09,0
8679,90.91,165.52,0
8690,90.91,226.32,0
8702,83.33,235.79,0
8714,83.33,176.59,0
8725,90.91,118.94,0
8736,90.91,127.38,0
8748,83.33,194.69,0
8759,90.91,248.74,0
8771,83.33,239.86,0
8782,90.91,198.43,0
8794,83.33,167.79,0
8805,90.91,136.07,0
8816,90.91,122.17,0
8827,90.91,152.65,0
8840,76.92,196.24,0
8851,90.91,219.95,0
8862,90.91,227.19,0
8873,90.91,217.20,0
8885,83.33,178.53,0
8896,90.91,126.43,0
8908,83.33,112.44,0
8920,83.33,156.73,0
8931,90.91,226.74,0
8942,90.91,260.78,0
8953,90.91,222.44,0
8965,83.33,161.97,0
8977,83.33,134.95,0
8988,90.91,142.72,0
8999,90.91,173.83,0
9011,83.33,208.81,0
9022,90.91,226.42,0
9033,90.91,206.44,0
9046,76.92,168.28,0
9057,90.91,141.05,0
9068,90.91,148.40,0
9079,90.91,182.23,0
9091,83.33,214.18,0
9103,90.91,217.10,0
9114,83.33,196.95,0
9125,90.91,174.74,0
9137,83.33,158.53,0
9148,90.91,156.10,0
9159,90.91,180.31,0
9171,90.91,211.78,0
9183,76.92,215.57,0
9194,90.91,191.35,0
9205,90.91,169.14,0
9217,83.33,157.71,0
9228,90.91,169.68,0
9240,83.33,188.24,0
9251,90.91,196.33,0
9263,83.33,193.29,0
9274,90.91,185.30,0
9285,90.91,174.02,0
9296,90.91,164.02,0
9309,76.92,171.93,0
9320,90.91,186.18,0
9331,90.91,194.36,0
9342,90.91,191.10,0
9354,83.33,184.20,0
9365,90.91,174.42,0
9377,83.33,174.47,0
9389,83.33,181.60,0
9400,90.91,191.06,0
9411,90.91,190.26,0
9422,90.91,185.21,0
9434,83.33,177.97,0
9446,83.33,178.58,0
9457,90.91,185.47,0
9468,90.91,190.43,0
9480,83.33,186.81,0
9491,90.91,183.09,0
9502,90.91,179.92,0
9515,76.92,178.02,0
9526,90.91,182.20,0
9537,90.91,186.06,0
9548,90.91,187.04,0
9560,83.33,181.58,0
9571,90.91,175.11,0
9583,83.33,176.07,0
9594,90.91,188.30,0
9606,83.33,199.79,0
9617,90.91,196.03,0
9628,90.91,176.76,0
9640,90.91,164.20,0
9652,76.92,173.26,0
9663,90.91,192.45,0
9674,90.91,199.31,0
9686,83.33,191.37,0
9697,90.91,174.17,0
9709,90.91,169.70,0
9720,83.33,175.86,0
9732,83.33,183.30,0
9743,90.91,189.81,0
9754,90.91,195.12,0
9765,90.91,193.67,0
9778,76.92,182.78,0
9789,90.91,177.51,0
9800,90.91,181.43,0
9811,90.91,188.00,0
9823,83.33,185.05,0
9834,90.91,177.94,0
9846,83.33,170.64,0
9858,83.33,175.75,0
9869,90.91,186.36,0
9880,90.91,187.81,0
9891,90.91,181.26,0
9903,83.33,178.23,0
9915,83.33,177.37,0
9926,90.91,180.91,0
9937,90.91,191.10,0
9949,83.33,194.66,0
9960,90.91,189.60,0
9971,90.91,181.18,0
9984,76.92,173.72,0
9995,90.91,178.19,0
10006,90.91,187.41,0
10017,90.91,190.86,0
10029,83.33,183.64,0
10040,90.91,171.30,0
10052,83.33,174.69,0
10063,90.91,180.31,0
10075,83.33,187.91,0
10086,90.91,193.82,0
10097,90.91,189.99,0
10108,90.91,178.44,0
10121,76.92,175.12,0
10132,90.91,181.52,0
10143,90.91,186.27,0
10155,83.33,189.16,0
10166,90.91,181.32,0
10177,90.91,175.39,0
10189,83.33,179.91,0
10201,83.33,185.14,0
10212,90.91,190.11,0
10223,90.91,190.51,0
10234,90.91,183.31,0
10247,83.33,175.97,0
10258,83.33,180.10,0
10269,90.91,182.58,0
10280,90.91,185.14,0
10292,83.33,186.48,0
10303,90.91,183.02,0
10315,90.91,176.15,0
10327,76.92,176.53,0
10338,90.91,186.57,0
10349,90.91,192.62,0
10360,90.91,187.27,0
10372,83.33,183.57,0
10384,83.33,178.49,0
10395,90.91,175.96,0
10406,90.91,185.54,0
10418,83.33,185.64,0
10429,90.91,183.15,0
10440,90.91,178.70,0
10452,83.33,176.91,0
10464,83.33,180.02,0
10475,90.91,185.37,0
10486,90.91,186.59,0
10498,83.33,187.09,0
10509,90.91,182.52,0
10521,83.33,181.75,0
10532,90.91,180.55,0
10544,83.33,185.93,0
10555,90.91,186.67,0
10566,90.91,184.98,0
10577,90.91,180.35,0
10590,76.92,178.33,0
10601,90.91,184.65,0
10612,90.91,184.48,0
10624,83.33,182.80,0
10635,90.91,183.48,0
10646,90.91,180.29,0
10658,83.33,179.61,0
10670,83.33,184.82,0
10681,90.91,186.11,0
10692,90.91,182.97,0
10703,90.91,179.57,0
10715,83.33,178.86,0
10727,83.33,179.90,0
10738,90.91,183.35,0
10749,90.91,184.55,0
10761,83.33,185.41,0
10772,90.91,183.99,0
10783,90.91,182.40,0
10796,76.92,180.34,0
10807,90.91,182.33,0
10818,90.91,184.37,0
10829,90.91,183.98,0
10841,83.33,180.41,0
10853,90.91,180.04,0
10864,83.33,180.70,0
10875,90.91,184.67,0
10887,83.33,184.80,0
10898,90.91,181.88,0
10909,90.91,180.66,0
10921,83.33,182.17,0
10933,83.33,185.63,0
10944,90.91,189.51,0
10955,90.91,188.16,0
10967,83.33,183.92,0
10978,90.91,180.64,0
10990,83.33,181.06,0
11001,90.91,184.89,0
11013,83.33,186.85,0
11024,90.91,184.97,0
11035,90.91,181.81,0
11046,90.91,181.13,0
11059,76.92,180.47,0
11070,90.91,181.70,0
11081,90.91,185.56,0
11092,90.91,184.71,0
11104,83.33,181.36,0
11115,90.91,179.46,0
11127,83.33,181.47,0
11139,83.33,184.80,0
11150,90.91,184.81,0
11161,90.91,185.72,0
11172,90.91,181.84,0
11184,83.33,181.60,0
11196,83.33,182.73,0
11207,90.91,184.72,0
11218,90.91,182.34,0
11230,83.33,178.48,0
11241,90.91,176.85,0
11252,90.91,178.93,0
11265,76.92,180.96,0
11276,90.91,185.48,0
11287,90.91,187.72,0
11298,90.91,182.52,0
11310,83.33,177.42,0
11321,90.91,183.03,0
11333,83.33,186.13,0
11344,90.91,187.72,0
11356,83.33,183.35,0
11367,90.91,179.43,0
11378,90.91,178.28,0
11389,90.91,181.14,0
11402,76.92,183.80,0
11413,90.91,184.35,0
11424,90.91,182.29,0
11436,83.33,178.68,0
11447,90.91,179.22,0
11459,90.91,183.86,0
11470,83.33,184.98,0
11482,83.33,183.98,0
11493,90.91,184.47,0
11504,90.91,179.48,0
11515,90.91,181.02,0
11528,76.92,184.61,0
11539,90.91,186.32,0
11550,90.91,184.30,0
11561,90.91,182.29,0
11573,83.33,181.62,0
11584,90.91,181.70,0
11596,83.33,181.58,0
11608,83.33,184.98,0
11619,90.91,183.52,0
11630,90.91,181.18,0
11641,90.91,180.57,0
11653,83.33,180.77,0
11665,83.33,182.88,0
11676,90.91,182.43,0
11687,90.91,181.43,0
11699,83.33,181.96,0
11710,90.91,183.01,0
11721,90.91,183.48,0
11734,76.92,185.68,0
11745,90.91,185.65,0
11756,90.91,179.64,0
11767,90.91,181.08,0
11779,83.33,182.11,0
11790,90.91,182.54,0
11802,83.33,181.77,0
11813,90.91,181.33,0
11825,83.33,180.60,0
11836,90.91,178.72,0
11847,90.91,182.66,0
11858,90.91,184.53,0
11871,76.92,183.75,0
11882,90.91,182.74,0
11893,90.91,181.15,0
11905,83.33,178.48,0
11916,90.91,180.75,0
11927,90.91,185.29,0
11939,83.33,186.42,0
11951,83.33,181.60,0
11962,90.91,178.75,0
11973,90.91,180.55,0
11984,90.91,184.82,0
11997,83.33,184.89,0
12008,83.33,182.48,0
12019,90.91,178.55,0
12030,90.91,180.66,0
12042,83.33,181.03,0
12053,90.91,184.90,0
12065,90.91,185.17,0
12077,76.92,185.36,0
12088,90.91,182.87,0
12099,90.91,184.09,0
12110,90.91,186.44,0
12122,83.33,185.38,0
12134,90.91,186.35,0
12145,83.33,184.04,0
12156,90.91,182.98,0
12168,83.33,182.63,0
12179,90.91,182.19,0
12190,90.91,182.65,0
12203,76.92,183.28,0
12214,90.91,182.48,0
12225,90.91,182.32,0
12236,90.91,181.14,0
12248,83.33,182.22,0
12259,90.91,184.55,0
12271,83.33,183.87,0
12282,90.91,181.43,0
12294,83.33,184.00,0
12305,90.91,182.65,0
12316,90.91,183.36,0
12327,90.91,183.23,0
12340,76.92,181.94,0
12351,90.91,182.48,0
12362,90.91,181.76,0
12374,83.33,181.94,0
12385,90.91,182.63,0
12396,90.91,184.91,0
12408,83.33,182.93,0
12420,83.33,182.71,0
12431,90.91,183.03,0
12442,90.91,182.83,0
12453,90.91,181.74,0
12465,83.33,181.40,0
12477,83.33,179.51,0
12488,90.91,178.61,0
12499,90.91,183.24,0
12511,83.33,183.00,0
12522,90.91,176.82,0
12533,90.91,181.05,0
12546,76.92,183.89,0
12557,90.91,183.98,0
12568,90.91,185.09,0
12579,90.91,183.43,0
12591,83.33,180.54,0
12602,90.91,180.65,0
12614,83.33,180.84,0
12625,90.91,180.87,0
12637,83.33,183.96,0
12648,90.91,186.79,0
12659,90.91,183.50,0
12672,90.91,179.18,0
12683,76.92,182.06,0
12694,90.91,184.58,0
12705,90.91,183.35,0
12717,83.33,182.28,0
12728,90.91,182.45,0
12740,90.91,182.78,0
12751,83.33,186.42,0
12763,83.33,186.68,0
12774,90.91,183.49,0
12785,90.91,181.64,0
12796,90.91,181.16,0
12809,76.92,184.01,0
12820,90.91,184.72,0
12831,90.91,185.03,0
12843,83.33,181.12,0
12854,90.91,180.42,0
12865,90.91,179.75,0
12877,83.33,180.05,0
12889,83.33,180.83,0
12900,90.91,184.12,0
12911,90.91,185.69,0
12922,90.91,182.01,0
12934,83.33,178.71,0
12946,83.33,183.16,0
12957,90.91,183.62,0
12968,90.91,183.94,0
12980,83.33,180.41,0
12991,90.91,178.11,0
13002,90.91,181.11,0
13015,76.92,180.77,0
13026,90.91,184.39,0
13037,90.91,184.08,0
13048,90.91,181.63,0
13060,83.33,181.45,0
13071,90.91,180.63,0
13083,83.33,183.19,0
13094,90.91,184.06,0
13106,83.33,182.65,0
13117,90.91,179.93,0
13128,90.91,181.28,0
13139,90.91,181.33,0
13152,76.92,182.67,0
13163,90.91,184.71,0
13174,90.91,181.10,0
13186,83.33,181.00,0
13197,90.91,183.56,0
13208,90.91,183.26,0
13220,83.33,183.01,0
13232,83.33,181.15,0
13243,90.91,181.13,0
13254,90.91,182.59,0
13265,90.91,183.07,0
13278,83.33,182.66,0
13289,83.33,183.53,0
13300,90.91,186.60,0
13312,83.33,185.84,0
13323,90.91,181.89,0
13334,90.91,182.13,0
13346,90.91,185.25,0
13358,76.92,184.22,0
13369,90.91,182.64,0
13380,90.91,182.02,0
13391,90.91,181.40,0
13403,83.33,184.36,0
13415,83.33,184.17,0
13426,90.91,183.14,0
13437,90.91,181.25,0
13449,83.33,180.20,0
13460,90.91,182.11,0
13471,90.91,182.72,0
13484,76.92,182.59,0
13495,90.91,181.07,0
13506,90.91,182.94,0
13517,90.91,181.39,0
13529,83.33,182.45,0
13540,90.91,182.81,0
13552,83.33,182.03,0
13563,90.91,185.40,0
13575,83.33,185.78,0
13586,90.91,183.51,0
13597,90.91,184.55,0
13608,90.91,183.07,0
13621,76.92,183.60,0
13632,90.91,182.41,0
13643,90.91,182.99,0
13655,83.33,183.64,0
13666,90.91,183.52,0
13677,90.91,183.10,0
13689,83.33,183.28,0
13701,83.33,182.74,0
13712,90.91,181.36,0
13723,90.91,181.46,0
13734,90.91,181.97,0
13746,83.33,182.41,0
13758,83.33,182.63,0
13769,90.91,184.00,0
13780,90.91,183.52,0
13792,83.33,184.01,0
13803,90.91,185.26,0
13815,90.91,184.40,0
13827,76.92,181.47,0
13838,90.91,182.22,0
13849,90.91,182.29,0
13860,90.91,183.95,0
13872,83.33,185.06,0
13884,90.91,179.59,0
13895,83.33,181.16,0
13906,90.91,185.18,0
13918,83.33,178.07,0
13929,90.91,184.83,0
13940,90.91,189.21,0
13953,76.92,185.27,0
13964,90.91,182.27,0
13975,90.91,180.58,0
13986,90.91,181.67,0
13998,83.33,181.52,0
14009,90.91,185.99,0
14021,83.33,184.95,0
14032,90.91,180.54,0
14044,83.33,178.04,0
14055,90.91,180.22,0
14066,90.91,181.99,0
14077,90.91,182.93,0
14090,76.92,188.97,0
14101,90.91,185.65,0
14112,90.91,181.97,0
14124,83.33,183.16,0
14135,90.91,182.26,0
14146,90.91,182.88,0
14158,83.33,184.35,0
14170,83.33,182.13,0
14181,90.91,180.78,0
14192,90.91,184.48,0
14203,90.91,186.44,0
14215,83.33,184.93,0
14227,83.33,179.45,0
14238,90.91,180.55,0
14249,90.91,185.58,0
14261,83.33,185.93,0
14272,90.91,186.93,0
14283,90.91,184.01,0
14296,76.92,177.83,0
14307,90.91,182.07,0
14318,90.91,183.80,0
14329,90.91,184.12,0
14341,83.33,188.33,0
14352,90.91,186.76,0
14364,83.33,183.62,0
14375,90.91,183.31,0
14387,83.33,183.76,0
14398,90.91,182.25,0
14409,90.91,181.81,0
14422,90.91,180.70,0
14433,76.92,178.18,0
14444,90.91,178.82,0
14455,90.91,181.68,0
14467,83.33,185.83,0
14478,90.91,187.04,0
14490,90.91,183.68,0
14501,83.33,184.26,0
14513,83.33,181.90,0
14524,90.91,182.66,0
14535,90.91,182.22,0
14546,90.91,179.54,0
14559,76.92,181.44,0
14570,90.91,181.62,0
14581,90.91,180.37,0
14593,83.33,184.33,0
14604,90.91,186.86,0
14615,90.91,183.33,0
14627,83.33,178.42,0
14639,83.33,179.42,0
14650,90.91,182.01,0
14661,90.91,184.96,0
14672,90.91,183.26,0
14684,83.33,181.87,0
14696,83.33,179.45,0
14707,90.91,179.68,0
14718,90.91,184.94,0
14730,83.33,185.34,0
14741,90.91,184.68,0
14752,90.91,183.90,0
14765,76.92,182.33,0
14776,90.91,180.87,0
14787,90.91,182.83,0
14798,90.91,182.20,0
14810,83.33,182.78,0
14821,90.91,180.94,0
14833,83.33,179.21,0
14844,90.91,181.74,0
14856,83.33,184.58,0
14867,90.91,184.42,0
14878,90.91,183.31,0
14889,90.91,179.88,0
14902,76.92,180.27,0
14913,90.91,181.74,0
14924,90.91,181.59,0
14936,83.33,185.57,0
14947,90.91,181.91,0
14958,90.91,180.52,0
14970,83.33,181.46,0
14982,83.33,182.45,0
14993,90.91,183.62,0
15004,90.91,183.91,0
15015,90.91,184.42,0
15027,83.33,182.57,0
15039,83.33,183.16,0
15050,90.91,184.07,0
15062,83.33,183.47,0
15073,90.91,184.45,0
15084,90.91,181.79,0
15096,90.91,181.59,0
15108,76.92,182.39,0
15119,90.91,184.30,0
15130,90.91,184.07,0
15141,90.91,182.59,0
15153,83.33,182.57,0
15165,90.91,181.07,0
15176,83.33,181.74,0
15187,90.91,183.63,0
15199,83.33,183.53,0
15210,90.91,182.13,0
15221,90.91,183.38,0
15234,83.33,180.13,0
15245,90.91,179.40,0
15256,90.91,182.62,0
15267,90.91,181.75,0
15279,83.33,181.49,0
15290,90.91,182.86,0
15302,83.33,181.45,0
15313,90.91,181.38,0
15325,83.33,183.45,0
15336,90.91,181.92,0
15347,90.91,180.33,0
15358,90.91,180.58,0
15371,76.92,180.45,0
15382,90.91,179.12,0
15393,90.91,181.29,0
15405,83.33,185.56,0
15416,90.91,183.92,0
15427,90.91,181.26,0
15439,83.33,182.52,0
15451,83.33,182.48,0
15462,90.91,181.18,0
15473,90.91,182.99,0
15484,90.91,183.73,0
15496,83.33,181.19,0
15508,83.33,181.81,0
15519,90.91,184.22,0
15531,83.33,183.98,0
15542,90.91,183.49,0
15553,90.91,182.09,0
15564,90.91,183.52,0
15577,76.92,186.53,0
15588,90.91,184.93,0
15599,90.91,183.33,0
15610,90.91,180.73,0
15622,83.33,183.36,0
15633,90.91,183.44,0
15645,83.33,186.32,0
15656,90.91,186.54,0
15668,83.33,184.85,0
15679,90.91,182.46,0
15690,90.91,182.67,0
15702,83.33,183.64,0
15714,83.33,183.03,0
15725,90.91,183.94,0
15736,90.91,184.54,0
15748,83.33,182.81,0
15759,90.91,183.62,0
15770,90.91,184.56,0
15782,83.33,185.89,0
15794,83.33,183.18,0
15805,90.91,182.07,0
15816,90.91,183.75,0
15827,90.91,182.38,0
15840,83.33,182.20,0
15851,83.33,184.58,0
15862,90.91,182.66,0
15874,83.33,180.17,0
15885,90.91,180.72,0
15896,90.91,184.17,0
15908,90.91,186.63,0
15920,76.92,183.60,0
15931,90.91,181.31,0
15942,90.91,181.89,0
15953,90.91,182.40,0
15965,83.33,184.76,0
15977,83.33,185.86,0
15988,90.91,181.14,0
16000,83.33,180.51,0
16011,90.91,183.78,0
16022,90.91,181.64,0
16033,90.91,183.55,0
16046,76.92,182.79,0
16057,90.91,179.76,0
16068,90.91,181.18,0
16079,90.91,182.08,0
16091,83.33,181.35,0
16102,90.91,185.31,0
16114,83.33,182.36,0
16125,90.91,183.28,0
16137,83.33,184.17,0
16148,90.91,182.76,0
16159,90.91,183.62,0
16171,83.33,183.42,0
16183,83.33,181.09,0
16194,90.91,181.18,0
16205,90.91,179.99,0
16217,83.33,181.38,0
16228,90.91,182.85,0
16239,90.91,184.45,0
16251,83.33,184.85,0
16263,83.33,184.61,0
16274,90.91,184.37,0
16285,90.91,184.30,0
16296,90.91,184.37,0
16308,83.33,183.61,0
16320,83.33,183.14,0
16331,90.91,181.71,0
16343,83.33,178.36,0
16354,90.91,180.53,0
16365,90.91,180.98,0
16376,90.91,180.45,0
16389,76.92,182.14,0
16400,90.91,181.46,0
16411,90.91,180.34,0
16422,90.91,182.90,0
16434,83.33,184.20,0
16446,90.91,183.74,0
16457,83.33,181.66,0
16468,90.91,182.03,0
16480,83.33,184.07,0
16491,90.91,183.45,0
16502,90.91,183.24,0
16515,83.33,185.19,0
16526,83.33,184.41,0
16537,90.91,184.57,0
16548,90.91,183.46,0
16560,83.33,181.18,0
16571,90.91,181.00,0
16583,90.91,178.80,0
16594,90.91,184.34,0
16606,83.33,186.36,0
16617,90.91,184.11,0
16628,90.91,182.53,0
16640,83.33,183.51,0
16652,83.33,182.63,0
16663,90.91,184.21,0
16674,90.91,184.90,0
16686,83.33,183.33,0
16697,90.91,181.72,0
16708,90.91,181.01,0
16720,83.33,182.54,0
16732,83.33,183.61,0
16743,90.91,180.97,0
16754,90.91,184.31,0
16765,90.91,185.66,0
16777,83.33,184.71,0
16789,83.33,182.63,0
16800,90.91,184.14,0
16812,83.33,183.15,0
16823,90.91,181.54,0
16834,90.91,181.28,0
16845,90.91,183.43,0
16858,76.92,185.16,0
16869,90.91,184.97,0
16880,90.91,182.62,0
16891,90.91,184.18,0
16903,83.33,185.27,0
16914,90.91,185.39,0
16926,83.33,183.61,0
16937,90.91,183.23,0
16949,83.33,184.71,0
16960,90.91,184.09,0
16971,90.91,180.78,0
16983,83.33,182.01,0
16995,83.33,183.07,0
17006,90.91,181.75,0
17017,90.91,182.54,0
17029,83.33,182.23,0
17040,90.91,183.63,0
17051,90.91,181.41,0
17063,83.33,183.84,0
17075,83.33,182.71,0
17086,90.91,181.09,0
17097,90.91,182.39,0
17108,90.91,182.51,0
17120,83.33,181.30,0
17132,83.33,180.70,0
17143,90.91,181.66,0
17155,83.33,179.85,0
17166,90.91,180.68,0
17177,90.91,185.06,0
17189,90.91,184.77,0
17201,76.92,182.20,0
17212,90.91,183.42,0
17223,90.91,183.34,0
17234,90.91,183.28,0
17246,83.33,184.36,0
17258,90.91,185.53,0
17269,83.33,180.20,0
17281,83.33,179.65,0
17292,90.91,182.34,0
17303,90.91,183.02,0
17314,90.91,184.37,0
17327,76.92,181.62,0
17338,90.91,178.79,0
17349,90.91,178.76,0
17360,90.91,183.54,0
17372,83.33,185.50,0
17383,90.91,184.09,0
17395,83.33,180.30,0
17406,90.91,177.66,0
17418,83.33,181.18,0
17429,90.91,182.73,0
17440,90.91,183.81,0
17452,83.33,183.65,0
17464,83.33,182.65,0
17475,90.91,182.77,0
17486,90.91,185.13,0
17498,83.33,185.59,0
17509,90.91,184.34,0
17521,90.91,181.90,0
17532,83.33,180.24,0
17544,83.33,181.46,0
17555,90.91,182.50,0
17566,90.91,183.17,0
17577,90.91,183.42,0
17590,76.92,184.59,0
17601,90.91,180.19,0
17612,90.91,182.93,0
17624,83.33,184.37,0
17635,90.91,182.03,0
17646,90.91,181.63,0
17658,83.33,181.64,0
17670,83.33,178.33,0
17681,90.91,178.65,0
17692,90.91,182.32,0
17703,90.91,184.22,0
17716,83.33,183.13,0
17727,83.33,180.45,0
17738,90.91,181.36,0
17750,83.33,183.12,0
17761,90.91,183.79,0
17772,90.91,180.66,0
17784,83.33,180.55,0
17796,83.33,181.19,0
17807,90.91,182.29,0
17818,90.91,181.70,0
17829,90.91,179.75,0
17841,83.33,178.32,0
17853,83.33,181.22,0
17864,90.91,182.27,0
17875,90.91,185.05,0
17887,83.33,187.49,0
17898,90.91,186.92,0
17910,90.91,183.58,0
17922,76.92,181.85,0
17933,90.91,181.68,0
17944,90.91,181.85,0
17955,90.91,183.56,0
17967,83.33,181.92,0
17979,83.33,179.41,0
17990,90.91,181.31,0
18001,90.91,180.60,0
18013,83.33,181.11,0
18024,90.91,183.05,0
18035,90.91,181.35,0
18048,76.92,180.10,0
18059,90.91,183.52,0
18070,90.91,186.57,0
18081,90.91,184.82,0
18093,83.33,184.11,0
18104,90.91,180.68,0
18116,83.33,182.29,0
18127,90.91,182.31,0
18139,83.33,182.09,0
18150,90.91,183.44,0
18161,90.91,184.20,0
18173,83.33,183.05,0
18185,83.33,184.87,0
18196,90.91,183.89,0
18207,90.91,182.70,0
18219,83.33,184.48,0
18230,90.91,185.49,0
18242,83.33,184.57,0
18253,90.91,181.30,0
18265,83.33,181.37,0
18276,90.91,182.76,0
18287,90.91,183.31,0
18298,90.91,181.58,0
18311,76.92,183.33,0
18322,90.91,184.87,0
18333,90.91,185.82,0
18344,90.91,185.38,0
18356,83.33,181.43,0
18368,83.33,182.24,0
18379,90.91,182.03,0
18391,83.33,181.35,0
18402,90.91,179.05,0
18413,90.91,178.30,0
18424,90.91,182.26,0
18437,76.92,183.70,0
18448,90.91,180.78,0
18459,90.91,181.11,0
18470,90.91,182.61,0
18482,83.33,184.18,0
18493,90.91,182.81,0
18505,83.33,182.48,0
18516,90.91,183.29,0
18528,83.33,183.03,0
18539,90.91,184.71,0
18550,90.91,182.37,0
18563,76.92,182.50,0
18574,90.91,185.61,0
18585,90.91,182.49,0
18596,90.91,183.45,0
18608,83.33,184.54,0
18619,90.91,185.02,0
18631,83.33,181.56,0
18642,90.91,180.05,0
18654,83.33,179.82,0
18665,90.91,179.31,0
18676,90.91,180.00,0
18688,83.33,183.11,0
18700,83.33,183.29,0
18711,90.91,182.36,0
18722,90.91,182.22,0
18734,83.33,181.00,0
18745,90.91,183.48,0
18757,83.33,184.60,0
18768,90.91,183.18,0
18780,83.33,183.33,0
18791,90.91,184.25,0
18802,90.91,185.18,0
18813,90.91,184.76,0
18826,76.92,181.73,0
18837,90.91,183.00,0
18848,90.91,184.50,0
18860,83.33,187.26,0
18871,90.91,185.94,0
18882,90.91,182.87,0
18894,83.33,181.21,0
18906,83.33,181.00,0
18917,90.91,180.84,0
18928,90.91,181.60,0
18939,90.91,183.44,0
18952,76.92,184.11,0
18963,90.91,183.63,0
18974,90.91,179.61,0
18985,90.91,181.94,0
18997,83.33,187.67,0
19008,90.91,187.36,0
19020,83.33,184.38,0
19032,83.33,181.45,0
19043,90.91,180.74,0
19054,90.91,182.00,0
19065,90.91,185.43,0
19077,83.33,184.55,0
19089,83.33,182.47,0
19100,90.91,182.61,0
19111,90.91,183.92,0
19123,83.33,184.16,0
19134,90.91,183.61,0
19146,90.91,182.32,0
19158,83.33,179.74,0
19169,90.91,179.57,0
19180,90.91,183.62,0
19191,90.91,181.75,0
19203,83.33,182.44,0
19215,83.33,182.17,0
19226,90.91,179.46,0
19237,90.91,181.13,0
19249,83.33,182.45,0
19260,90.91,183.80,0
19271,90.91,184.58,0
19283,83.33,184.54,0
19295,83.33,181.65,0
19306,90.91,181.47,0
19317,90.91,185.22,0
19329,83.33,186.29,0
19341,83.33,183.21,0
19352,90.91,181.98,0
19363,90.91,182.44,0
19375,83.33,181.31,0
19386,90.91,182.33,0
19397,90.91,182.36,0
19409,83.33,181.02,0
19421,83.33,184.05,0
19432,90.91,183.11,0
19443,90.91,182.08,0
19454,90.91,181.44,0
19466,83.33,180.67,0
19478,83.33,184.74,0
19489,90.91,183.93,0
19501,83.33,183.44,0
19512,90.91,182.71,0
19523,90.91,184.35,0
19535,83.33,182.90,0
19547,83.33,181.29,0
19558,90.91,183.51,0
19569,90.91,180.27,0
19580,90.91,181.20,0
19592,83.33,181.64,0
19604,83.33,182.03,0
19615,90.91,181.19,0
19627,83.33,183.72,0
19638,90.91,186.89,0
19649,90.91,186.26,0
19660,90.91,183.57,0
19673,76.92,182.16,0
19684,90.91,182.89,0
19695,90.91,183.96,0
19706,90.91,184.23,0
19718,83.33,182.00,0
19730,83.33,180.41,0
19741,90.91,181.57,0
19752,90.91,180.93,0
19764,83.33,179.10,0
19775,90.91,180.43,0
19786,90.91,183.94,0
19799,76.92,183.98,0
19810,90.91,180.25,0
19821,90.91,181.24,0
19832,90.91,182.93,0
19844,83.33,182.93,0
19855,90.91,182.79,0
19867,83.33,182.29,0
19878,90.91,182.54,0
19890,83.33,183.14,0
19901,90.91,183.43,0
19912,90.91,183.83,0
19924,83.33,184.88,0
19936,83.33,181.43,0
19947,90.91,181.72,0
19958,90.91,183.78,0
19970,83.33,182.87,0
19981,90.91,183.46,0
19993,83.33,182.34,0
20004,90.91,183.64,0
20016,83.33,182.39,0
20027,90.91,180.34,0
20038,90.91,183.64,0
20049,90.91,184.27,0
20062,76.92,182.04,0
20073,90.91,181.03,0
20084,90.91,179.53,0
20096,83.33,181.60,0
20107,90.91,184.05,0
20119,83.33,184.28,0
20130,90.91,181.39,0
20142,83.33,181.22,0
20153,90.91,180.20,0
20164,90.91,182.44,0
20175,90.91,183.41,0
20188,76.92,183.29,0
20199,90.91,185.16,0
20210,90.91,181.14,0
20221,90.91,178.59,0
20233,83.33,183.85,0
20244,90.91,183.28,0
20256,83.33,180.15,0
20268,83.33,180.08,0
20279,90.91,182.55,0
20290,90.91,182.52,0
20301,90.91,182.76,0
20314,76.92,182.07,0
20325,90.91,181.56,0
20336,90.91,183.85,0
20347,90.91,183.57,0
20359,83.33,181.19,0
20370,90.91,182.41,0
20382,83.33,185.11,0
20393,90.91,183.41,0
20405,83.33,182.36,0
20416,90.91,182.88,0
20427,90.91,178.44,0
20439,83.33,179.95,0
20451,83.33,182.00,0
20462,90.91,181.70,0
20473,90.91,182.34,0
20485,83.33,181.37,0
20496,90.91,182.75,0
20508,83.33,182.19,0
20519,90.91,183.72,0
20531,83.33,182.46,0
20542,90.91,179.81,0
20553,90.91,180.44,0
20564,90.91,180.85,0
20577,76.92,183.10,0
20588,90.91,184.99,0
20599,90.91,183.71,0
20611,83.33,184.74,0
20622,90.91,182.24,0
20633,90.91,180.58,0
20645,83.33,181.47,0
20657,83.33,184.66,0
20668,90.91,183.10,0
20679,90.91,183.13,0
20690,90.91,182.88,0
20703,76.92,183.03,0
20714,90.91,183.53,0
20725,90.91,184.64,0
20737,83.33,182.08,0
20748,90.91,180.42,0
20759,90.91,181.48,0
20771,83.33,181.68,0
20783,83.33,184.47,0
20794,90.91,187.24,0
20805,90.91,182.64,0
20816,90.91,183.58,0
20828,83.33,184.75,0
20840,83.33,184.49,0
20851,90.91,185.43,0
20862,90.91,186.02,0
20874,83.33,181.51,0
20885,90.91,179.83,0
20897,83.33,183.62,0
20909,83.33,185.04,0
20920,90.91,183.39,0
20931,90.91,182.33,0
20942,90.91,181.66,0
20954,83.33,182.95,0
20966,83.33,184.62,0
20977,90.91,184.94,0
20988,90.91,184.11,0
21000,83.33,183.91,0
21011,90.91,184.13,0
21022,90.91,183.60,0
21035,76.92,185.75,0
21046,90.91,185.09,0
21057,90.91,183.19,0
21068,90.91,181.63,0
21080,83.33,180.95,0
21092,83.33,183.62,0
21103,90.91,183.04,0
21114,90.91,183.73,0
21126,83.33,183.50,0
21137,90.91,182.53,0
21148,90.91,181.81,0
21160,83.33,183.24,0
21172,83.33,186.71,0
21183,90.91,184.42,0
21194,90.91,180.23,0
21206,83.33,182.18,0
21217,90.91,181.71,0
21229,83.33,181.78,0
21240,90.91,183.97,0
21252,83.33,182.69,0
21263,90.91,181.32,0
21274,90.91,181.28,0
21286,83.33,182.86,0
21298,83.33,181.38,0
21309,90.91,180.61,0
21320,90.91,181.81,0
21331,90.91,183.05,0
21343,83.33,184.24,0
21355,83.33,182.72,0
21366,90.91,183.73,0
21378,83.33,184.20,0
21389,90.91,182.74,0
21400,90.91,183.04,0
21411,90.91,182.65,0
21424,76.92,183.24,0
21435,90.91,182.54,0
21446,90.91,180.99,0
21457,90.91,180.02,0
21469,83.33,181.63,0
21481,83.33,183.33,0
21492,90.91,183.59,0
21504,83.33,179.59,0
21515,90.91,178.64,0
21526,90.91,180.98,0
21537,90.91,183.34,0
21550,76.92,186.18,0
21561,90.91,182.24,0
21572,90.91,179.45,0
21583,90.91,179.96,0
21595,83.33,181.51,0
21607,90.91,182.50,0
21618,83.33,183.29,0
21629,90.91,184.87,0
21641,83.33,181.64,0
21652,90.91,182.21,0
21663,90.91,181.82,0
21676,76.92,181.29,0
21687,90.91,180.73,0
21698,90.91,182.42,0
21709,90.91,183.41,0
21721,83.33,183.43,0
21732,90.91,183.23,0
21744,83.33,181.83,0
21755,90.91,181.87,0
21767,83.33,181.48,0
21778,90.91,180.24,0
21789,90.91,184.11,0
21801,90.91,184.74,0
21813,76.92,183.18,0
21824,90.91,184.38,0
21835,90.91,180.93,0
21847,83.33,180.21,0
21858,90.91,181.29,0
21870,83.33,184.22,0
21881,90.91,185.32,0
21893,83.33,182.61,0
21904,90.91,180.28,0
21915,90.91,179.51,0
21926,90.91,183.41,0
21939,76.92,185.68,0
21950,90.91,185.18,0
21961,90.91,180.68,0
21972,90.91,179.68,0
21984,83.33,182.52,0
21995,90.91,183.65,0
22007,83.33,186.32,0
22019,83.33,184.26,0
22030,90.91,181.14,0
22041,90.91,178.90,0
22052,90.91,179.82,0
22065,76.92,180.32,0
22076,90.91,182.03,0
22087,90.91,180.83,0
22098,90.91,180.72,0
22110,83.33,183.50,0
22121,90.91,186.41,0
22133,83.33,188.83,0
22145,83.33,186.91,0
22156,90.91,185.27,0
22167,90.91,180.33,0
22178,90.91,179.46,0
22190,83.33,181.38,0
22202,83.33,184.79,0
22213,90.91,183.45,0
22224,90.91,183.77,0
22236,83.33,184.40,0
22247,90.91,182.52,0
22259,83.33,182.70,0
22270,90.91,184.74,0
22282,83.33,182.35,0
22293,90.91,179.62,0
22304,90.91,179.67,0
22316,83.33,183.05,0
22328,83.33,186.51,0
22339,90.91,187.20,0
22350,90.91,185.04,0
22362,83.33,180.82,0
22373,90.91,179.19,0
22384,90.91,184.12,0
22396,83.33,186.38,0
22408,83.33,183.80,0
22419,90.91,182.58,0
22430,90.91,181.86,0
22441,90.91,181.27,0
22454,83.33,183.55,0
22465,83.33,183.74,0
22476,90.91,181.07,0
22488,83.33,180.18,0
22499,90.91,180.52,0
22510,90.91,183.35,0
22522,83.33,184.41,0
22534,83.33,182.93,0
22545,90.91,179.22,0
22556,90.91,179.21,0
22567,90.91,183.79,0
22579,83.33,184.21,0
22591,83.33,184.89,0
22602,90.91,185.72,0
22614,83.33,182.03,0
22625,90.91,180.75,0
22636,90.91,183.53,0
22648,90.91,186.21,0
22660,76.92,184.35,0
22671,90.91,180.75,0
22682,90.91,181.03,0
22693,90.91,181.65,0
22705,83.33,185.21,0
22717,83.33,184.85,0
22728,90.91,183.46,0
22739,90.91,181.42,0
22751,83.33,180.89,0
22762,90.91,181.17,0
22773,90.91,185.07,0
22786,76.92,183.82,0
22797,90.91,179.68,0
22808,90.91,179.81,0
22819,90.91,183.44,0
22831,83.33,185.66,0
22843,90.91,187.04,0
22854,83.33,187.75,0
22865,90.91,182.33,0
22877,83.33,176.11,0
22888,90.91,178.87,0
22899,90.91,181.72,0
22912,76.92,185.82,0
22923,90.91,184.11,0
22934,90.91,181.87,0
22945,90.91,178.05,0
22957,83.33,182.12,0
22968,90.91,184.85,0
22980,83.33,182.95,0
22991,90.91,180.79,0
23003,83.33,181.87,0
23014,90.91,182.77,0
23025,90.91,184.79,0
23037,90.91,186.26,0
23049,76.92,184.45,0
23060,90.91,180.45,0
23071,90.91,182.03,0
23083,83.33,181.89,0
23094,90.91,183.55,0
23106,83.33,183.33,0
23117,90.91,182.66,0
23129,83.33,180.28,0
23140,90.91,181.78,0
23151,90.91,182.18,0
23162,90.91,183.09,0
23175,76.92,183.61,0
23186,90.91,184.65,0
23197,90.91,178.56,0
23208,90.91,177.00,0
23220,83.33,181.32,0
23232,90.91,184.18,0
23243,83.33,183.56,0
23255,83.33,178.78,0
23266,90.91,178.57,0
23277,90.91,182.36,0
23288,90.91,185.31,0
23301,76.92,185.33,0
23312,90.91,184.70,0
23323,90.91,180.15,0
23334,90.91,178.71,0
23346,83.33,180.71,0
23357,90.91,183.79,0
23369,83.33,184.33,0
23380,90.91,183.42,0
23392,83.33,184.36,0
23403,90.91,186.37,0
23414,90.91,185.16,0
23426,83.33,186.13,0
23438,83.33,186.70,0
23449,90.91,184.00,0
23460,90.91,182.93,0
23472,83.33,181.89,0
23483,90.91,184.56,0
23495,83.33,185.78,0
23506,90.91,185.62,0
23518,83.33,185.15,0
23529,90.91,181.95,0
23540,90.91,181.39,0
23552,83.33,180.55,0
23564,83.33,182.84,0
23575,90.91,184.10,0
23586,90.91,184.22,0
23598,83.33,183.75,0
23609,90.91,183.08,0
23620,90.91,182.03,0
23632,83.33,183.99,0
23644,83.33,184.53,0
23655,90.91,182.61,0
23666,90.91,182.08,0
23677,90.91,182.67,0
23690,83.33,184.35,0
23701,90.91,183.73,0
23712,90.91,181.27,0
23724,83.33,180.24,0
23735,90.91,179.82,0
23746,90.91,182.90,0
23758,83.33,184.14,0
23770,83.33,183.76,0
23781,90.91,181.46,0
23792,90.91,179.55,0
23803,90.91,181.55,0
23815,83.33,186.68,0
23827,83.33,184.74,0
23838,90.91,183.11,0
23849,90.91,183.47,0
23861,83.33,183.86,0
23872,90.91,182.85,0
23884,90.91,181.60,0
23896,76.92,182.65,0
23907,90.91,182.41,0
23918,90.91,180.71,0
23929,90.91,183.03,0
23941,83.33,186.40,0
23953,83.33,185.34,0
23964,90.91,183.41,0
23975,90.91,180.96,0
23987,83.33,181.80,0
23998,90.91,183.18,0
24009,90.91,184.77,0
24022,76.92,184.88,0
24033,90.91,184.83,0
24044,90.91,183.44,0
24055,90.91,182.78,0
24067,83.33,183.04,0
24079,90.91,184.97,0
24090,83.33,183.55,0
24101,90.91,183.50,0
24113,83.33,180.20,0
24124,90.91,181.48,0
24135,90.91,181.58,0
24147,83.33,182.83,0
24159,83.33,183.36,0
24170,90.91,182.65,0
24181,90.91,179.18,0
24193,83.33,182.10,0
24204,90.91,185.17,0
24216,83.33,186.68,0
24227,90.91,185.50,0
24239,83.33,182.97,0
24250,90.91,178.99,0
24261,90.91,183.62,0
24273,90.91,184.52,0
24285,76.92,180.16,0
24296,90.91,178.15,0
24307,90.91,179.10,0
24318,90.91,181.62,0
24330,83.33,184.79,0
24342,83.33,184.29,0
24353,90.91,182.35,0
24365,83.33,180.49,0
24376,90.91,181.88,0
24387,90.91,183.92,0
24398,90.91,185.72,0
24411,76.92,184.30,0
24422,90.91,181.36,0
24433,90.91,180.00,0
24444,90.91,182.34,0
24456,83.33,186.68,0
24468,90.91,183.46,0
24479,83.33,182.53,0
24491,83.33,185.04,0
24502,90.91,183.36,0
24513,90.91,184.77,0
24524,90.91,183.71,0
24537,76.92,184.09,0
24548,90.91,182.69,0
24559,90.91,180.60,0
24570,90.91,180.10,0
24582,83.33,182.26,0
24593,90.91,185.47,0
24605,83.33,184.21,0
24616,90.91,182.13,0
24628,83.33,182.03,0
24639,90.91,183.05,0
24650,90.91,186.13,0
24663,83.33,182.88,0
24674,83.33,181.73,0
24685,90.91,182.07,0
24696,90.91,181.34,0
24708,83.33,180.82,0
24719,90.91,180.52,0
24731,83.33,181.80,0
24742,90.91,178.39,0
24754,83.33,180.09,0
24765,90.91,183.34,0
24776,90.91,183.15,0
24787,90.91,184.56,0
24800,76.92,182.46,0
24811,90.91,184.02,0
24822,90.91,181.41,0
24834,83.33,180.87,0
24845,90.91,184.66,0
24857,90.91,183.92,0
24868,83.33,182.55,0
24880,83.33,181.35,0
24891,90.91,183.18,0
24902,90.91,182.87,0
24913,90.91,185.42,0
24926,76.92,182.45,0
24937,90.91,179.32,0
24948,90.91,182.19,0
24960,83.33,185.01,0
24971,90.91,183.62,0
24982,90.91,182.07,0
24994,83.33,182.64,0
25006,83.33,182.78,0
25017,90.91,181.60,0
25028,90.91,182.00,0
25039,90.91,185.58,0
25052,83.33,185.12,0
25063,83.33,182.25,0
25074,90.91,182.72,0
25085,90.91,183.09,0
25097,83.33,183.15,0
25108,90.91,181.03,0
25120,83.33,181.83,0
25132,83.33,179.65,0
25143,90.91,181.05,0
25154,90.91,184.72,0
25165,90.91,183.72,0
25177,83.33,182.73,0
25189,83.33,181.19,0
25200,90.91,181.45,0
25211,90.91,179.19,0
25223,83.33,182.38,0
25234,90.91,183.77,0
25246,90.91,182.77,0
25257,83.33,181.28,0
25269,83.33,183.28,0
25280,90.91,184.60,0
25291,90.91,183.61,0
25303,83.33,185.27,0
25315,83.33,182.44,0
25326,90.91,180.67,0
25337,90.91,183.15,0
25349,83.33,184.52,0
25360,90.91,184.45,0
25371,90.91,184.38,0
25383,83.33,181.29,0
25395,83.33,184.27,0
25406,90.91,183.85,0
25417,90.91,184.42,0
25428,90.91,185.01,0
25441,83.33,181.82,0
25452,83.33,183.28,0
25463,90.91,183.88,0
25475,83.33,183.00,0
25486,90.91,182.06,0
25497,90.91,182.25,0
25509,83.33,181.97,0
25521,83.33,179.69,0
25532,90.91,180.59,0
25543,90.91,184.61,0
25554,90.91,185.78,0
25566,83.33,183.56,0
25578,83.33,182.56,0
25589,90.91,181.43,0
25601,83.33,179.58,0
25612,90.91,184.89,0
25623,90.91,184.22,0
25635,90.91,180.90,0
25647,76.92,180.84,0
25658,90.91,182.76,0
25669,90.91,184.98,0
25680,90.91,184.26,0
25692,83.33,182.84,0
25704,83.33,178.89,0
25715,90.91,181.52,0
25726,90.91,187.06,0
25738,83.33,185.25,0
25749,90.91,184.39,0
25760,90.91,184.21,0
25773,76.92,184.60,0
25784,90.91,180.83,0
25795,90.91,184.90,0
25806,90.91,184.61,0
25818,83.33,183.55,0
25830,90.91,182.77,0
25841,83.33,178.82,0
25852,90.91,178.46,0
25864,83.33,183.79,0
25875,90.91,183.63,0
25886,90.91,183.71,0
25899,76.92,183.60,0
25910,90.91,182.67,0
25921,90.91,179.01,0
25932,90.91,178.91,0
25944,83.33,185.03,0
25955,90.91,184.74,0
25967,83.33,184.64,0
25978,90.91,183.72,0
25990,83.33,181.92,0
26001,90.91,182.82,0
26012,90.91,183.77,0
26023,90.91,179.99,0
26036,76.92,179.72,0
26047,90.91,181.76,0
26058,90.91,179.48,0
26070,83.33,181.29,0
26081,90.91,181.19,0
26093,83.33,182.46,0
26104,90.91,183.04,0
26116,83.33,182.99,0
26127,90.91,182.90,0
26138,90.91,184.13,0
26149,90.91,186.83,0
26162,76.92,184.54,0
26173,90.91,182.09,0
26184,90.91,181.53,0
26195,90.91,183.16,0
26207,83.33,184.72,0
26218,90.91,183.01,0
26230,83.33,185.31,0
26242,83.33,184.60,0
26253,90.91,185.50,0
26264,90.91,185.18,0
26275,90.91,185.51,0
26288,76.92,186.02,0
26299,90.91,185.60,0
26310,90.91,183.92,0
26321,90.91,181.34,0
26333,83.33,179.92,0
26344,90.91,180.56,0
26356,83.33,182.58,0
26368,83.33,183.93,0
26379,90.91,186.24,0
26390,90.91,186.76,0
26401,90.91,184.99,0
26413,83.33,182.82,0
26425,83.33,182.27,0
26436,90.91,181.44,0
26447,90.91,181.52,0
26459,83.33,181.97,0
26470,90.91,180.96,0
26482,83.33,182.86,0
26493,90.91,184.02,0
26505,83.33,181.73,0
26516,90.91,182.90,0
26527,90.91,181.25,0
26539,83.33,182.00,0
26551,83.33,184.86,0
26562,90.91,185.44,0
26573,90.91,183.54,0
26585,83.33,180.58,0
26596,90.91,181.74,0
26607,90.91,182.31,0
26619,83.33,182.38,0
26631,83.33,180.60,0
26642,90.91,180.34,0
26653,90.91,181.08,0
26664,90.91,179.74,0
26677,76.92,181.75,0
26688,90.91,186.35,0
26699,90.91,185.01,0
26711,83.33,183.54,0
26722,90.91,185.61,0
26733,90.91,181.41,0
26745,83.33,182.89,0
26757,83.33,183.32,0
26768,90.91,183.40,0
26779,90.91,184.18,0
26790,90.91,182.08,0
26802,83.33,181.48,0
26814,83.33,182.23,0
26825,90.91,180.68,0
26836,90.91,182.29,0
26848,83.33,184.74,0
26859,90.91,180.10,0
26871,83.33,183.21,0
26883,83.33,187.92,0
26894,90.91,184.02,0
26905,90.91,184.59,0
26916,90.91,182.75,0
26928,83.33,178.29,0
26940,83.33,178.82,0
26951,90.91,182.97,0
26962,90.91,184.27,0
26974,83.33,182.15,0
26985,90.91,180.20,0
26996,90.91,179.65,0
27009,76.92,179.32,0
27020,90.91,183.63,0
27031,90.91,187.49,0
27042,90.91,182.84,0
27054,83.33,181.40,0
27066,83.33,185.04,0
27077,90.91,183.25,0
27088,90.91,184.28,0
27100,83.33,185.82,0
27111,90.91,183.02,0
27122,90.91,181.99,0
27134,83.33,182.11,0
27146,83.33,180.22,0
27157,90.91,182.45,0
27168,90.91,181.63,0
27180,83.33,181.84,0
27191,90.91,179.94,0
27203,83.33,181.35,0
27214,90.91,183.95,0
27226,83.33,182.15,0
27237,90.91,182.33,0
27248,90.91,179.49,0
27260,90.91,181.33,0
27272,76.92,182.94,0
27283,90.91,183.26,0
27294,90.91,181.90,0
27305,90.91,181.78,0
27317,83.33,181.86,0
27329,83.33,184.04,0
27340,90.91,184.48,0
27352,83.33,181.89,0
27363,90.91,181.85,0
27374,90.91,182.84,0
27385,90.91,182.56,0
27398,76.92,182.05,0
27409,90.91,183.15,0
27420,90.91,182.58,0
27431,90.91,179.94,0
27443,83.33,182.69,0
27455,90.91,185.71,0
27466,83.33,186.27,0
27478,83.33,183.98,0
27489,90.91,183.80,0
27500,90.91,181.83,0
27511,90.91,183.46,0
27524,76.92,184.03,0
27535,90.91,185.28,0
27546,90.91,185.03,0
27557,90.91,182.47,0
27569,83.33,180.41,0
27580,90.91,181.38,0
27592,83.33,183.10,0
27603,90.91,186.67,0
27615,83.33,183.76,0
27626,90.91,182.30,0
27637,90.91,180.04,0
27650,83.33,183.68,0
27661,83.33,183.52,0
27672,90.91,182.17,0
27683,90.91,181.47,0
27695,83.33,176.92,0
27706,90.91,180.04,0
27718,83.33,187.74,0
27729,90.91,185.42,0
27741,83.33,184.65,0
27752,90.91,184.72,0
27763,90.91,181.81,0
27774,90.91,181.41,0
27787,76.92,182.40,0
27798,90.91,182.82,0
27809,90.91,183.31,0
27821,83.33,182.01,0
27832,90.91,184.67,0
27843,90.91,183.95,0
27855,83.33,184.40,0
27867,83.33,186.96,0
27878,90.91,182.29,0
27889,90.91,177.23,0
27900,90.91,180.44,0
27913,76.92,182.29,0
27924,90.91,185.23,0
27935,90.91,184.25,0
27947,83.33,181.86,0
27958,90.91,181.45,0
27969,90.91,181.96,0
27981,83.33,183.56,0
27993,83.33,184.65,0
28004,90.91,185.08,0
28015,90.91,184.29,0
28026,90.91,182.13,0
28038,83.33,179.36,0
28050,83.33,180.93,0
28061,90.91,181.10,0
28072,90.91,181.92,0
28084,83.33,183.48,0
28095,90.91,182.77,0
28107,83.33,181.61,0
28119,83.33,184.64,0
28130,90.91,184.99,0
28141,90.91,180.98,0
28152,90.91,181.63,0
28164,83.33,183.54,0
28176,83.33,183.15,0
28187,90.91,184.33,0
28198,90.91,185.14,0
28210,83.33,182.37,0
28221,90.91,182.83,0
28232,90.91,182.58,0
28244,83.33,183.19,0
28256,83.33,184.10,0
28267,90.91,184.77,0
28278,90.91,182.97,0
28290,83.33,179.38,0
28302,90.91,182.07,0
28313,83.33,180.94,0
28324,90.91,181.49,0
28336,83.33,184.10,0
28347,90.91,183.10,0
28358,90.91,181.03,0
28370,83.33,181.59,0
28382,83.33,181.87,0
28393,90.91,183.12,0
28404,90.91,184.63,0
28416,83.33,182.99,0
28427,90.91,181.28,0
28439,83.33,181.32,0
28450,90.91,182.33,0
28462,83.33,182.66,0
28473,90.91,184.45,0
28484,90.91,185.01,0
28496,90.91,184.37,0
28508,76.92,183.64,0
28519,90.91,182.32,0
28530,90.91,180.30,0
28541,90.91,180.04,0
28553,83.33,180.75,0
28565,83.33,181.00,0
28576,90.91,180.85,0
28588,83.33,182.76,0
28599,90.91,183.33,0
28610,90.91,182.14,0
28621,90.91,185.00,0
28634,76.92,183.97,0
28645,90.91,182.79,0
28656,90.91,179.88,0
28667,90.91,180.51,0
28679,83.33,182.64,0
28691,90.91,182.68,0
28702,83.33,184.15,0
28713,90.91,183.26,0
28725,83.33,182.72,0
28736,90.91,182.57,0
28747,90.91,184.36,0
28760,76.92,183.29,0
28771,90.91,185.24,0
28782,90.91,181.87,0
28793,90.91,179.28,0
28805,83.33,181.66,0
28816,90.91,180.86,0
28828,83.33,185.41,0
28839,90.91,186.25,0
28851,83.33,183.68,0
28862,90.91,182.15,0
28873,90.91,183.77,0
28886,90.91,184.69,0
28897,76.92,184.95,0
28908,90.91,186.67,0
28919,90.91,184.33,0
28931,83.33,179.96,0
28942,90.91,181.65,0
28954,83.33,183.35,0
28965,90.91,185.35,0
28977,83.33,183.62,0
28988,90.91,181.62,0
28999,90.91,182.88,0
29010,90.91,184.69,0
29023,76.92,183.07,0
29034,90.91,184.15,0
29045,90.91,183.34,0
29057,83.33,180.40,0
29068,90.91,182.19,0
29079,90.91,183.38,0
29091,83.33,180.24,0
29103,83.33,180.91,0
29114,90.91,182.51,0
29125,90.91,179.49,0
29136,90.91,181.14,0
29149,76.92,183.83,0
29160,90.91,184.68,0
29171,90.91,181.76,0
29182,90.91,181.24,0
29194,83.33,181.89,0
29205,90.91,180.81,0
29217,83.33,183.61,0
29229,83.33,183.05,0
29240,90.91,180.36,0
29251,90.91,180.32,0
29262,90.91,181.47,0
29274,83.33,184.05,0
29286,83.33,187.17,0
29297,90.91,185.66,0
29308,90.91,184.14,0
29320,83.33,183.77,0
29331,90.91,183.06,0
29343,83.33,183.64,0
29355,83.33,184.62,0
29366,90.91,180.94,0
29377,90.91,180.78,0
29388,90.91,184.04,0
29400,83.33,182.76,0
29412,83.33,181.25,0
29423,90.91,181.46,0
29434,90.91,182.05,0
29446,83.33,180.01,0
29457,90.91,181.76,0
29468,90.91,184.79,0
29480,83.33,183.67,0
29492,83.33,182.32,0
29503,90.91,180.80,0
29514,90.91,180.69,0
29526,83.33,182.76,0
29538,83.33,184.31,0
29549,90.91,184.26,0
29560,90.91,183.53,0
29572,83.33,182.31,0
29583,90.91,179.68,0
29594,90.91,181.68,0
29606,83.33,184.53,0
29618,83.33,182.09,0
29629,90.91,182.68,0
29640,90.91,182.41,0
29651,90.91,181.79,0
29663,83.33,183.67,0
29675,83.33,184.90,0
29686,90.91,182.54,0
29698,83.33,181.39,0
29709,90.91,181.93,0
29720,90.91,181.99,0
29732,83.33,183.85,0
29744,83.33,184.92,0
29755,90.91,182.38,0
29766,90.91,183.21,0
29777,90.91,183.90,0
29789,83.33,183.63,0
29801,83.33,179.18,0
29812,90.91,179.96,0
29824,83.33,183.49,0
29835,90.91,184.33,0
29846,90.91,182.02,0
29857,90.91,183.78,0
29870,76.92,183.95,0
29881,90.91,184.83,0
29892,90.91,184.56,0
29903,90.91,184.20,0
29915,83.33,180.16,0
29927,90.91,181.12,0
29938,83.33,182.56,0
29949,90.91,183.06,0
29961,83.33,181.25,0
29972,90.91,181.80,0
29983,90.91,181.14,0
29996,76.92,181.55,0
30007,90.91,184.50,0
30018,90.91,183.66,0
30029,90.91,183.50,0
30041,83.33,183.14,0
30052,90.91,181.54,0
30064,83.33,182.32,0
30075,90.91,185.37,0
30087,83.33,183.38,0
30098,90.91,180.76,0
30109,90.91,181.67,0
30121,90.91,181.96,0
30133,76.92,184.22,0
30144,90.91,186.76,0
30155,90.91,185.07,0
30167,83.33,182.52,0
30178,90.91,181.29,0
30190,83.33,182.01,0
30201,90.91,182.11,0
30213,83.33,182.70,0
30224,90.91,183.98,0
30235,90.91,182.34,0
30246,90.91,180.33,0
30259,76.92,182.24,0
30270,90.91,185.68,0
30281,90.91,184.74,0
30292,90.91,179.70,0
30304,83.33,178.69,0
30315,90.91,179.25,0
30327,83.33,185.21,0
30339,83.33,186.29,0
30350,90.91,183.20,0
30361,90.91,179.48,0
30372,90.91,179.92,0
30385,83.33,180.93,0
30396,83.33,186.22,0
30407,90.91,185.37,0
30418,90.91,181.60,0
30430,83.33,180.73,0
30441,90.91,180.23,0
30453,83.33,182.00,0
30465,83.33,183.07,0
30476,90.91,180.53,0
30487,90.91,180.38,0
30498,90.91,182.44,0
30510,83.33,182.03,0
30522,83.33,183.83,0
30533,90.91,182.50,0
30544,90.91,183.08,0
30556,83.33,185.11,0
30567,90.91,183.22,0
30579,90.91,183.45,0
30590,83.33,186.98,0
30602,83.33,186.82,0
30613,90.91,180.44,0
30624,90.91,176.92,0
30636,83.33,178.86,0
30648,83.33,182.57,0
30659,90.91,183.36,0
30670,90.91,185.43,0
30682,83.33,181.37,0
30693,90.91,178.78,0
30704,90.91,180.83,0
30716,83.33,181.33,0
30728,83.33,182.39,0
30739,90.91,186.09,0
30750,90.91,185.63,0
30761,90.91,183.48,0
30774,83.33,182.48,0
30785,83.33,181.87,0
30796,90.91,179.68,0
30808,83.33,180.80,0
30819,90.91,183.31,0
30830,90.91,183.43,0
30842,83.33,181.09,0
30854,83.33,181.95,0
30865,90.91,183.74,0
30876,90.91,180.24,0
30887,90.91,181.05,0
30899,83.33,182.14,0
30911,83.33,183.34,0
30922,90.91,182.13,0
30934,83.33,179.68,0
30945,90.91,178.81,0
30956,90.91,178.92,0
30967,90.91,182.39,0
30980,76.92,182.87,0
30991,90.91,185.57,0
31002,90.91,185.67,0
31013,90.91,182.38,0
31025,83.33,183.61,0
31037,83.33,185.02,0
31048,90.91,182.99,0
31059,90.91,180.01,0
31071,83.33,181.00,0
31082,90.91,184.07,0
31093,90.91,184.93,0
31106,76.92,187.01,0
31117,90.91,184.22,0
31128,90.91,182.51,0
31139,90.91,181.81,0
31151,83.33,183.40,0
31162,90.91,185.88,0
31174,83.33,186.42,0
31185,90.91,184.08,0
31197,83.33,181.12,0
31208,90.91,179.11,0
31219,90.91,184.53,0
31232,76.92,184.61,0
31243,90.91,182.32,0
31254,90.91,183.40,0
31265,90.91,181.15,0
31277,83.33,180.93,0
31288,90.91,184.16,0
31300,83.33,184.03,0
31311,90.91,183.21,0
31323,83.33,182.05,0
31334,90.91,181.12,0
31345,90.91,181.80,0
31356,90.91,183.91,0
31369,76.92,184.96,0
31380,90.91,184.11,0
31391,90.91,179.84,0
31403,83.33,182.01,0
31414,90.91,184.24,0
31426,90.91,187.66,0
31437,83.33,185.24,0
31449,83.33,179.30,0
31460,90.91,177.83,0
31471,90.91,183.58,0
31482,90.91,187.62,0
31495,76.92,186.67,0
31506,90.91,185.46,0
31517,90.91,182.17,0
31528,90.91,181.03,0
31540,83.33,184.36,0
31551,90.91,187.14,0
31563,83.33,183.81,0
31575,83.33,179.95,0
31586,90.91,181.59,0
31597,90.91,183.85,0
31608,90.91,180.54,0
31621,83.33,183.59,0
31632,83.33,188.39,0
31643,90.91,180.44,0
31654,90.91,179.48,0
31666,83.33,185.06,0
31677,90.91,184.70,0
31689,83.33,189.32,0
31700,90.91,188.41,0
31712,83.33,177.87,0
31723,90.91,170.90,0
31734,90.91,178.72,0
31746,83.33,188.93,0
31758,83.33,186.61,0
31769,90.91,183.20,0
31780,90.91,183.92,0
31792,83.33,180.07,0
31803,90.91,180.82,0
31815,90.91,187.47,0
31826,83.33,183.36,0
31838,83.33,182.08,0
31849,90.91,185.30,0
31860,90.91,181.30,0
31872,83.33,174.80,0
31884,83.33,184.79,0
31895,90.91,190.05,0
31906,90.91,180.34,0
31918,83.33,175.67,0
31929,90.91,182.12,0
31940,90.91,188.35,0
31952,83.33,185.19,0
31964,83.33,183.17,0
31975,90.91,181.21,0
31986,90.91,179.78,0
31997,90.91,182.99,0
32010,83.33,181.61,0
32021,90.91,179.06,0
32032,90.91,184.95,0
32044,83.33,183.83,0
32055,90.91,176.87,0
32066,90.91,182.06,0
32078,83.33,185.01,0
32090,83.33,183.84,0
32101,90.91,184.92,0
32112,90.91,184.01,0
32123,90.91,184.35,0
32135,83.33,181.78,0
32147,83.33,182.60,0
32158,90.91,182.19,0
32169,90.91,183.09,0
32181,83.33,186.78,0
32192,90.91,183.18,0
32204,83.33,177.96,0
32216,83.33,182.14,0
32227,90.91,186.62,0
32238,90.91,183.05,0
32249,90.91,182.08,0
32261,83.33,187.31,0
32273,83.33,183.00,0
32284,90.91,178.92,0
32295,90.91,182.98,0
32307,83.33,183.85,0
32318,90.91,185.08,0
32329,90.91,183.25,0
32342,76.92,182.42,0
32353,90.91,182.19,0
32364,90.91,183.35,0
32375,90.91,185.18,0
32387,83.33,184.56,0
32399,83.33,183.24,0
32410,90.91,184.02,0
32421,90.91,179.73,0
32433,83.33,179.58,0
32444,90.91,178.16,0
32455,90.91,180.85,0
32467,83.33,181.75,0
32479,83.33,180.73,0
32490,90.91,179.70,0
32501,90.91,182.42,0
32513,83.33,182.96,0
32524,90.91,182.80,0
32536,83.33,182.16,0
32547,90.91,181.21,0
32559,83.33,180.98,0
32570,90.91,182.02,0
32581,90.91,184.31,0
32593,83.33,183.29,0
32605,83.33,183.69,0
32616,90.91,181.18,0
32627,90.91,180.19,0
32638,90.91,180.25,0
32650,83.33,182.00,0
32662,83.33,185.04,0
32673,90.91,187.75,0
32685,83.33,185.08,0
32696,90.91,186.12,0
32707,90.91,183.67,0
32719,90.91,181.54,0
32731,76.92,183.67,0
32742,90.91,181.94,0
32753,90.91,178.72,0
32764,90.91,181.77,0
32776,83.33,184.05,0
32788,83.33,184.82,0
32799,90.91,185.23,0
32811,83.33,184.39,0
32822,90.91,182.39,0
32833,90.91,185.59,0
32844,90.91,186.06,0
32857,76.92,186.56,0
32868,90.91,181.95,0
32879,90.91,178.57,0
32890,90.91,179.81,0
32902,83.33,182.14,0
32914,90.91,184.02,0
32925,83.33,183.21,0
32936,90.91,181.97,0
32948,83.33,183.25,0
32959,90.91,183.15,0
32970,90.91,182.34,0
32983,76.92,183.91,0
32994,90.91,181.40,0
33005,90.91,182.23,0
33016,90.91,181.98,0
33028,83.33,180.89,0
33039,90.91,181.20,0
33051,83.33,184.72,0
33062,90.91,185.02,0
33074,83.33,184.38,0
33085,90.91,185.11,0
33096,90.91,185.32,0
33108,90.91,183.35,0
33120,76.92,183.27,0
33131,90.91,183.46,0
33142,90.91,181.20,0
33154,83.33,177.79,0
33165,90.91,180.80,0
33177,83.33,180.92,0
33188,90.91,183.34,0
33200,83.33,185.67,0
33211,90.91,181.53,0
33222,90.91,182.18,0
33233,90.91,182.67,0
33246,76.92,180.81,0
33257,90.91,180.64,0
33268,90.91,183.41,0
33280,83.33,181.18,0
33291,90.91,179.24,0
33303,90.91,178.97,0
33314,83.33,179.96,0
33326,83.33,182.46,0
33337,90.91,184.52,0
33348,90.91,184.16,0
33359,90.91,184.16,0
33372,76.92,182.67,0
33383,90.91,183.86,0
33394,90.91,182.46,0
33405,90.91,184.34,0
33417,83.33,182.21,0
33428,90.91,178.36,0
33440,83.33,176.60,0
33452,83.33,182.04,0
33463,90.91,185.49,0
33474,90.91,185.62,0
33485,90.91,183.45,0
33498,83.33,178.90,0
33509,83.33,180.11,0
33520,90.91,183.64,0
33531,90.91,188.36,0
33543,83.33,188.00,0
33554,90.91,183.14,0
33566,83.33,180.41,0
33577,90.91,183.18,0
33589,83.33,185.02,0
33600,90.91,182.73,0
33611,90.91,181.26,0
33623,83.33,180.80,0
33635,83.33,181.41,0
33646,90.91,183.16,0
33657,90.91,185.97,0
33669,83.33,186.31,0
33680,90.91,183.16,0
33692,90.91,180.03,0
33703,83.33,180.72,0
33715,83.33,182.54,0
33726,90.91,183.61,0
33737,90.91,185.28,0
33748,90.91,183.01,0
33761,76.92,184.58,0
33772,90.91,181.58,0
33783,90.91,181.55,0
33795,83.33,184.69,0
33806,90.91,183.45,0
33817,90.91,181.49,0
33829,83.33,179.46,0
33841,83.33,179.93,0
33852,90.91,185.87,0
33863,90.91,184.16,0
33874,90.91,184.16,0
33887,83.33,184.11,0
33898,83.33,181.85,0
33909,90.91,184.22,0
33921,83.33,184.62,0
33932,90.91,183.71,0
33943,90.91,180.06,0
33955,83.33,180.61,0
33967,83.33,181.69,0
33978,90.91,184.44,0
33989,90.91,183.45,0
34000,90.91,181.50,0
34012,83.33,181.80,0
34024,83.33,181.95,0
34035,90.91,181.28,0
34046,90.91,183.93,0
34058,83.33,184.87,0
34069,90.91,182.12,0
34081,90.91,179.19,0
34093,76.92,180.28,0
34104,90.91,183.43,0
34115,90.91,185.53,0
34126,90.91,185.39,0
34138,83.33,183.03,0
34150,83.33,180.52,0
34161,90.91,182.06,0
34172,90.91,188.84,0
34184,83.33,187.40,0
34195,90.91,184.82,0
34206,90.91,184.52,0
34219,76.92,182.69,0
34230,90.91,183.73,0
34241,90.91,184.99,0
34252,90.91,183.81,0
34264,83.33,183.61,0
34276,90.91,183.66,0
34287,83.33,182.83,0
34298,90.91,182.46,0
34310,83.33,183.35,0
34321,90.91,183.36,0
34332,90.91,184.67,0
34344,83.33,185.23,0
34356,83.33,184.04,0
34367,90.91,180.39,0
34378,90.91,179.39,0
34390,83.33,183.61,0
34401,90.91,182.02,0
34413,83.33,180.37,0
34424,90.91,181.22,0
34436,83.33,183.81,0
34447,90.91,184.31,0
34458,90.91,182.37,0
34470,83.33,184.57,0
34482,83.33,182.98,0
34493,90.91,178.27,0
34504,90.91,184.21,0
34515,90.91,186.99,0
34527,83.33,182.63,0
34539,83.33,183.76,0
34550,90.91,184.29,0
34562,83.33,182.50,0
34573,90.91,182.06,0
34584,90.91,182.05,0
34595,90.91,182.73,0
34608,76.92,187.38,0
34619,90.91,185.35,0
34630,90.91,182.80,0
34641,90.91,182.81,0
34653,83.33,184.04,0
34665,83.33,184.77,0
34676,90.91,184.08,0
34688,83.33,182.76,0
34699,90.91,184.26,0
34710,90.91,183.52,0
34721,90.91,184.99,0
34734,76.92,184.98,0
34745,90.91,182.00,0
34756,90.91,182.29,0
34767,90.91,185.26,0
34779,83.33,184.09,0
34790,90.91,185.04,0
34802,83.33,183.85,0
34813,90.91,181.14,0
34825,83.33,179.33,0
34836,90.91,182.48,0
34847,90.91,183.03,0
34860,76.92,182.90,0
34871,90.91,185.19,0
34882,90.91,183.60,0
34893,90.91,181.06,0
34905,83.33,180.62,0
34916,90.91,182.29,0
34928,83.33,182.93,0
34939,90.91,183.64,0
34951,83.33,184.39,0
34962,90.91,184.43,0
34973,90.91,183.62,0
34985,90.91,183.61,0
34997,76.92,179.85,0
35008,90.91,181.31,0
35019,90.91,183.43,0
35031,83.33,181.90,0
35042,90.91,178.50,0
35054,83.33,182.26,0
35065,90.91,185.60,0
35077,83.33,181.54,0
35088,90.91,179.79,0
35099,90.91,183.76,0
35110,90.91,184.32,0
35123,76.92,181.79,0
35134,90.91,183.00,0
35145,90.91,181.40,0
35156,90.91,181.08,0
35168,83.33,182.18,0
35180,90.91,183.26,0
35191,83.33,183.62,0
35203,83.33,182.64,0
35214,90.91,183.77,0
35225,90.91,185.52,0
35236,90.91,184.00,0
35249,76.92,183.15,0
35260,90.91,180.32,0
35271,90.91,181.29,0
35282,90.91,183.22,0
35294,83.33,182.13,0
35305,90.91,183.86,0
35317,83.33,184.27,0
35329,83.33,181.21,0
35340,90.91,179.00,0
35351,90.91,179.26,0
35362,90.91,180.47,0
35375,83.33,182.17,0
35386,83.33,185.23,0
35397,90.91,183.44,0
35408,90.91,180.60,0
35420,83.33,181.58,0
35431,90.91,183.18,0
35443,83.33,183.08,0
35454,90.91,181.83,0
35466,83.33,181.18,0
35477,90.91,181.01,0
35488,90.91,182.53,0
35500,83.33,185.27,0
35512,83.33,184.19,0
35523,90.91,184.37,0
35534,90.91,182.08,0
35546,83.33,184.59,0
35557,90.91,182.99,0
35569,90.91,180.93,0
35580,83.33,181.34,0
35592,83.33,184.88,0
35603,90.91,183.48,0
35614,90.91,179.74,0
35625,90.91,182.23,0
35638,76.92,185.42,0
35649,90.91,182.75,0
35660,90.91,180.13,0
35672,83.33,180.39,0
35683,90.91,183.20,0
35694,90.91,179.54,0
35706,83.33,181.72,0
35718,83.33,183.41,0
35729,90.91,180.95,0
35740,90.91,180.94,0
35751,90.91,184.23,0
35764,83.33,181.95,0
35775,83.33,182.34,0
35786,90.91,180.45,0
35798,83.33,180.78,0
35809,90.91,181.24,0
35820,90.91,184.44,0
35832,83.33,185.42,0
35844,83.33,183.85,0
35855,90.91,182.67,0
35866,90.91,183.16,0
35877,90.91,183.93,0
35889,83.33,182.39,0
35901,83.33,184.39,0
35912,90.91,185.53,0
35923,90.91,182.46,0
35935,83.33,181.69,0
35946,90.91,183.41,0
35958,90.91,185.78,0
35970,76.92,184.92,0
35981,90.91,182.77,0
35992,90.91,180.60,0
36003,90.91,179.90,0
36015,83.33,183.86,0
36027,83.33,186.99,0
36038,90.91,184.13,0
36049,90.91,182.55,0
36061,83.33,182.77,0
36072,90.91,182.16,0
36083,90.91,183.20,0
36096,76.92,185.21,0
36107,90.91,180.72,0
36118,90.91,177.95,0
36129,90.91,181.93,0
36141,83.33,182.31,0
36153,90.91,182.24,0
36164,83.33,184.74,0
36175,90.91,181.75,0
36187,83.33,182.84,0
36198,90.91,185.04,0
36209,90.91,183.75,0
36221,83.33,182.97,0
36233,83.33,184.56,0
36244,90.91,184.79,0
36255,90.91,181.87,0
36267,83.33,181.28,0
36278,90.91,182.42,0
36290,83.33,180.52,0
36301,90.91,182.83,0
36313,83.33,183.88,0
36324,90.91,182.82,0
36335,90.91,181.99,0
36347,90.91,181.29,0
36359,76.92,183.98,0
36370,90.91,179.54,0
36381,90.91,182.39,0
36392,90.91,182.21,0
36404,83.33,183.84,0
36416,83.33,187.73,0
36427,90.91,184.30,0
36439,83.33,187.00,0
36450,90.91,185.38,0
36461,90.91,181.95,0
36472,90.91,183.37,0
36485,76.92,183.89,0
36496,90.91,181.46,0
36507,90.91,180.56,0
36518,90.91,180.89,0
36530,83.33,183.42,0
36542,90.91,184.65,0
36553,83.33,186.68,0
36564,90.91,186.45,0
36576,83.33,183.27,0
36587,90.91,182.59,0
36598,90.91,181.50,0
36611,76.92,182.69,0
36622,90.91,183.99,0
36633,90.91,181.83,0
36644,90.91,180.89,0
36656,83.33,182.52,0
36667,90.91,183.10,0
36679,83.33,184.29,0
36690,90.91,182.46,0
36702,83.33,182.65,0
36713,90.91,183.30,0
36724,90.91,185.45,0
36737,83.33,185.50,0
36748,83.33,184.45,0
36759,90.91,183.65,0
36770,90.91,181.36,0
36782,83.33,182.00,0
36793,90.91,185.11,0
36805,83.33,184.16,0
36816,90.91,183.66,0
36828,83.33,182.32,0
36839,90.91,185.72,0
36850,90.91,183.37,0
36861,90.91,181.07,0
36874,76.92,183.86,0
36885,90.91,184.56,0
36896,90.91,182.79,0
36908,83.33,183.99,0
36919,90.91,185.00,0
36931,90.91,182.22,0
36942,83.33,183.51,0
36954,83.33,181.09,0
36965,90.91,177.55,0
36976,90.91,180.84,0
36987,90.91,187.59,0
37000,76.92,186.56,0
37011,90.91,179.81,0
37022,90.91,180.95,0
37033,90.91,182.00,0
37045,83.33,182.13,0
37056,90.91,184.10,0
37068,83.33,182.77,0
37080,83.33,182.33,0
37091,90.91,184.19,0
37102,90.91,187.27,0
37113,90.91,182.97,0
37126,83.33,181.99,0
37137,90.91,187.14,0
37148,90.91,184.90,0
37159,90.91,183.96,0
37171,83.33,188.26,0
37182,90.91,186.75,0
37194,83.33,179.62,0
37206,83.33,181.38,0
37217,90.91,182.71,0
37228,90.91,182.01,0
37239,90.91,185.46,0
37251,83.33,186.20,0
37263,83.33,182.43,0
37274,90.91,183.49,0
37285,90.91,184.92,0
37297,83.33,181.55,0
37308,90.91,182.21,0
37320,83.33,183.46,0
37331,90.91,183.46,0
37343,83.33,180.93,0
37354,90.91,184.06,0
37365,90.91,183.46,0
37377,83.33,183.14,0
37389,83.33,183.44,0
37400,90.91,180.41,0
37411,90.91,178.38,0
37423,83.33,182.92,0
37434,90.91,183.07,0
37445,90.91,180.12,0
37457,83.33,182.54,0
37469,83.33,184.08,0
37480,90.91,184.38,0
37491,90.91,184.42,0
37502,90.91,183.06,0
37515,76.92,180.67,0
37526,90.91,180.01,0
37537,90.91,184.17,0
37549,83.33,186.06,0
37560,90.91,183.17,0
37571,90.91,184.86,0
37583,83.33,183.50,0
37595,83.33,181.89,0
37606,90.91,181.42,0
37617,90.91,183.20,0
37628,90.91,179.82,0
37640,83.33,183.80,0
37652,83.33,185.10,0
37663,90.91,185.36,0
37675,83.33,185.77,0
37686,90.91,185.03,0
37697,90.91,185.08,0
37709,90.91,182.19,0
37721,83.33,182.15,0
37732,90.91,186.12,0
37743,90.91,184.00,0
37754,90.91,180.92,0
37766,83.33,184.39,0
37778,83.33,184.41,0
37789,90.91,183.10,0
37800,90.91,181.04,0
37812,83.33,182.37,0
37823,90.91,183.06,0
37834,90.91,181.50,0
37847,76.92,181.03,0
37858,90.91,182.68,0
37869,90.91,182.42,0
37880,90.91,181.23,0
37892,83.33,181.38,0
37904,83.33,184.85,0
37915,90.91,184.21,0
37926,90.91,182.83,0
37938,83.33,182.97,0
37949,90.91,182.08,0
37960,90.91,184.40,0
37972,83.33,180.04,0
37984,83.33,177.26,0
37995,90.91,184.51,0
38006,90.91,186.29,0
38018,83.33,180.43,0
38029,90.91,180.86,0
38041,83.33,183.25,0
38052,90.91,182.17,0
38064,83.33,182.25,0
38075,90.91,183.46,0
38086,90.91,182.45,0
38098,90.91,181.57,0
38110,76.92,186.57,0
38121,90.91,185.54,0
38132,90.91,183.39,0
38144,83.33,181.72,0
38155,90.91,182.60,0
38167,83.33,182.87,0
38178,90.91,183.23,0
38190,83.33,186.10,0
38201,90.91,183.10,0
38212,90.91,182.29,0
38223,90.91,185.05,0
38236,76.92,184.41,0
38247,90.91,185.55,0
38258,90.91,184.45,0
38269,90.91,184.10,0
38281,83.33,183.48,0
38293,90.91,187.05,0
38304,83.33,186.67,0
38316,83.33,186.19,0
38327,90.91,185.82,0
38338,90.91,185.54,0
38349,90.91,184.59,0
38362,76.92,183.84,0
38373,90.91,185.32,0
38384,90.91,181.30,0
38395,90.91,179.05,0
38407,83.33,181.76,0
38418,90.91,179.47,0
38430,83.33,182.94,0
38441,90.91,184.26,0
38453,83.33,178.91,0
38464,90.91,182.45,0
38475,90.91,182.16,0
38488,83.33,182.34,0
38499,83.33,184.43,0
38510,90.91,183.81,0
38521,90.91,183.49,0
38533,83.33,179.80,0
38544,90.91,179.98,0
38556,83.33,180.52,0
38567,90.91,181.80,0
38579,83.33,183.90,0
38590,90.91,183.61,0
38601,90.91,180.71,0
38612,90.91,179.85,0
38625,76.92,182.89,0
38636,90.91,185.51,0
38647,90.91,183.93,0
38659,83.33,185.06,0
38670,90.91,182.64,0
38681,90.91,182.84,0