66,15.15,181.47,0
77,90.91,234.94,0
89,83.33,257.08,0
100,90.91,227.94,0
111,90.91,168.83,0
123,83.33,122.80,0
135,83.33,114.84,0
146,90.91,153.98,0
157,90.91,214.97,0
168,90.91,257.28,0
181,83.33,248.69,0
192,83.33,196.85,0
203,90.91,137.43,0
215,83.33,113.49,0
226,90.91,134.54,0
237,90.91,187.12,0
249,83.33,238.99,0
261,83.33,256.05,0
272,90.91,220.81,0
283,90.91,160.02,0
294,90.91,116.07,0
306,83.33,118.66,0
318,83.33,162.69,0
329,90.91,219.77,0
340,90.91,259.09,0
352,83.33,247.73,0
363,90.91,189.05,0
374,90.91,130.27,0
387,76.92,110.79,0
398,90.91,139.95,0
409,90.91,193.53,0
420,90.91,247.18,0
432,83.33,258.75,0
444,90.91,213.67,0
455,83.33,148.59,0
466,90.91,110.93,0
478,83.33,119.65,0
489,90.91,168.39,0
500,90.91,227.46,0
513,76.92,261.15,0
524,90.91,239.26,0
535,90.91,179.32,0
546,90.91,126.59,0
558,83.33,109.19,0
569,90.91,144.17,0
581,83.33,206.16,0
592,90.91,252.78,0
604,83.33,255.34,0
615,90.91,207.22,0
626,90.91,142.03,0
637,90.91,109.80,0
650,76.92,127.34,0
661,90.91,178.47,0
672,90.91,233.20,0
684,83.33,260.17,0
695,90.91,231.20,0
707,90.91,171.89,0
718,83.33,118.99,0
730,83.33,107.29,0
741,90.91,146.77,0
752,90.91,211.36,0
763,90.91,259.76,0
776,76.92,252.50,0
787,90.91,195.45,0
798,90.91,135.43,0
809,90.91,107.62,0
821,83.33,128.62,0
832,90.91,185.70,0
844,83.33,242.57,0
856,83.33,266.47,0
867,90.91,225.82,0
878,90.91,158.95,0
889,90.91,116.47,0
901,83.33,113.20,0
913,83.33,157.89,0
924,90.91,221.28,0
935,90.91,262.00,0
947,83.33,245.09,0
958,90.91,186.20,0
970,90.91,127.72,0
982,76.92,108.24,0
993,90.91,138.10,0
1004,90.91,195.94,0
1015,90.91,248.42,0
1027,83.33,262.20,0
1039,83.33,220.06,0
1050,90.91,153.98,0
1061,90.91,109.46,0
1073,83.33,118.47,0
1084,90.91,164.71,0
1095,90.91,224.09,0
1107,83.33,264.83,0
1119,83.33,245.03,0
1130,90.91,183.97,0
1141,90.91,124.16,0
1153,83.33,109.17,0
1164,90.91,143.96,0
1176,83.33,203.64,0
1187,90.91,253.52,0
1199,83.33,257.76,0
1210,90.91,209.76,0
1221,90.91,146.78,0
1233,90.91,108.68,0
1245,76.92,120.58,0
1256,90.91,173.80,0
1267,90.91,232.01,0
1278,90.91,263.83,0
1290,83.33,236.23,0
1302,83.33,171.04,0
1313,90.91,115.77,0
1325,83.33,107.46,0
1336,90.91,151.76,0
1347,90.91,212.24,0
1358,90.91,257.05,0
1371,76.92,255.35,0
1382,90.91,199.96,0
1393,90.91,136.69,0
1404,90.91,110.95,0
1416,83.33,133.94,0
1427,90.91,184.87,0
1439,83.33,241.03,0
1451,83.33,265.29,0
1462,90.91,225.65,0
1473,90.91,159.39,0
1484,90.91,116.39,0
1497,83.33,115.82,0
1508,83.33,161.49,0
1519,90.91,222.35,0
1530,90.91,261.44,0
1542,83.33,247.43,0
1553,90.91,187.37,0
1565,83.33,129.06,0
1576,90.91,108.98,0
1588,83.33,137.91,0
1599,90.91,196.00,0
1610,90.91,250.10,0
1622,83.33,260.38,0
1634,83.33,216.83,0
1645,90.91,153.70,0
1656,90.91,115.12,0
1668,83.33,120.41,0
1679,90.91,168.58,0
1690,90.91,227.13,0
1702,83.33,262.72,0
1714,83.33,241.78,0
1725,90.91,179.07,0
1736,90.91,122.76,0
1747,90.91,112.09,0
1760,83.33,147.17,0
1771,83.33,205.27,0
1782,90.91,254.12,0
1794,83.33,255.42,0
1805,90.91,205.49,0
1816,90.91,139.63,0
1828,83.33,111.82,0
1840,83.33,128.85,0
1851,90.91,181.02,0
1862,90.91,237.84,0
1873,90.91,262.30,0
1885,83.33,232.52,0
1897,83.33,168.72,0
1908,90.91,117.16,0
1920,83.33,110.65,0
1931,90.91,150.64,0
1942,90.91,212.57,0
1953,90.91,257.98,0
1966,76.92,253.83,0
1977,90.91,195.00,0
1988,90.91,134.60,0
1999,90.91,111.35,0
2011,83.33,130.77,0
2023,90.91,186.16,0
2034,83.33,240.04,0
2045,90.91,260.15,0
2057,83.33,225.28,0
2068,90.91,161.11,0
2079,90.91,116.04,0
2092,76.92,115.62,0
2103,90.91,159.99,0
2114,90.91,216.46,0
2125,90.91,256.44,0
2137,83.33,247.61,0
2148,90.91,190.78,0
2160,83.33,129.64,0
2171,90.91,108.00,0
2183,83.33,136.15,0
2194,90.91,195.36,0
2205,90.91,247.10,0
2216,90.91,259.39,0
2229,76.92,215.16,0
2240,90.91,149.18,0
2251,90.91,109.78,0
2263,83.33,120.50,0
2274,90.91,169.20,0
2286,90.91,227.09,0
2297,83.33,258.67,0
2309,83.33,239.43,0
2320,90.91,179.03,0
2331,90.91,126.43,0
2342,90.91,110.78,0
2355,76.92,142.53,0
2366,90.91,199.93,0
2377,90.91,252.54,0
2388,90.91,257.35,0
2400,83.33,206.79,0
2411,90.91,142.21,0
2423,83.33,107.28,0
2435,83.33,125.56,0
2446,90.91,177.32,0
2457,90.91,235.40,0
2468,90.91,263.11,0
2480,83.33,236.98,0
2492,83.33,170.85,0
2503,90.91,118.46,0
2514,90.91,111.53,0
2526,83.33,150.59,0
2537,90.91,208.10,0
2549,90.91,252.72,0
2561,76.92,253.25,0
2572,90.91,197.05,0
2583,90.91,134.62,0
2594,90.91,110.03,0
2606,83.33,131.45,0
2618,83.33,187.05,0
2629,90.91,243.61,0
2640,90.91,262.92,0
2652,83.33,224.07,0
2663,90.91,160.54,0
2674,90.91,114.51,0
2686,83.33,114.47,0
2698,83.33,160.15,0
2709,90.91,219.30,0
2720,90.91,260.68,0
2732,83.33,247.34,0
2743,90.91,188.17,0
2755,83.33,130.05,0
2766,90.91,111.35,0
2778,83.33,140.67,0
2789,90.91,196.90,0
2800,90.91,247.79,0
2812,90.91,258.61,0
2824,76.92,212.99,0
2835,90.91,149.64,0
2846,90.91,111.01,0
2857,90.91,121.20,0
2869,83.33,170.81,0
2881,83.33,228.81,0
2892,90.91,259.71,0
2904,83.33,235.22,0
2915,90.91,173.68,0
2926,90.91,119.83,0
2937,90.91,111.08,0
2950,76.92,150.60,0
2961,90.91,207.07,0
2972,90.91,252.88,0
2983,90.91,254.56,0
2995,83.33,203.41,0
3006,90.91,142.86,0
3018,83.33,112.67,0
3030,83.33,128.98,0
3041,90.91,180.15,0
3052,90.91,237.43,0
3063,90.91,258.77,0
3076,83.33,225.30,0
3087,83.33,164.83,0
3098,90.91,117.25,0
3109,90.91,113.27,0
3121,83.33,154.68,0
3132,90.91,211.18,0
3144,83.33,252.79,0
3155,90.91,245.37,0
3167,83.33,194.19,0
3178,90.91,133.47,0
3189,90.91,107.30,0
3201,83.33,131.93,0
3213,83.33,190.26,0
3224,90.91,244.21,0
3235,90.91,260.70,0
3247,83.33,219.09,0
3258,90.91,157.14,0
3269,90.91,114.31,0
3281,83.33,119.59,0
3293,83.33,166.07,0
3304,90.91,223.93,0
3315,90.91,261.18,0
3326,90.91,245.21,0
3339,83.33,182.62,0
3350,83.33,124.44,0
3361,90.91,107.52,0
3373,83.33,141.08,0
3384,90.91,200.74,0
3395,90.91,248.86,0
3407,83.33,257.91,0
3419,83.33,211.71,0
3430,90.91,149.63,0
3441,90.91,111.87,0
3452,90.91,117.43,0
3464,83.33,169.36,0
3476,83.33,233.24,0
3487,90.91,263.67,0
3499,83.33,237.76,0
3510,90.91,172.19,0
3521,90.91,117.51,0
3532,90.91,110.69,0
3545,76.92,150.94,0
3556,90.91,207.05,0
3567,90.91,257.30,0
3578,90.91,256.62,0
3590,83.33,204.71,0
3602,83.33,143.40,0
3613,90.91,111.14,0
3624,90.91,126.43,0
3636,83.33,179.78,0
3647,90.91,237.01,0
3658,90.91,264.87,0
3671,76.92,227.67,0
3682,90.91,164.85,0
3693,90.91,121.34,0
3704,90.91,115.22,0
3716,83.33,155.61,0
3727,90.91,213.79,0
3739,83.33,258.41,0
3750,90.91,250.73,0
3762,83.33,193.52,0
3773,90.91,132.29,0
3784,90.91,107.71,0
3796,90.91,136.63,0
3808,76.92,194.90,0
3819,90.91,246.60,0
3830,90.91,262.60,0
3842,83.33,222.18,0
3853,90.91,156.38,0
3865,83.33,112.58,0
3876,90.91,119.03,0
3888,83.33,166.83,0
3899,90.91,224.42,0
3910,90.91,265.86,0
3921,90.91,249.38,0
3934,76.92,184.97,0
3945,90.91,124.71,0
3956,90.91,109.25,0
3968,83.33,142.23,0
3979,90.91,200.01,0
3990,90.91,253.54,0
4002,83.33,257.97,0
4014,83.33,210.42,0
4025,90.91,147.02,0
4036,90.91,109.47,0
4047,90.91,118.99,0
4060,83.33,170.99,0
4071,83.33,231.89,0
4082,90.91,262.45,0
4093,90.91,236.63,0
4105,83.33,174.67,0
4116,90.91,117.20,0
4128,83.33,104.18,0
4140,83.33,149.91,0
4151,90.91,214.98,0
4162,90.91,260.36,0
4173,90.91,257.14,0
4185,83.33,199.42,0
4197,83.33,137.04,0
4208,90.91,109.55,0
4219,90.91,129.87,0
4231,83.33,183.12,0
4242,90.91,235.29,0
4253,90.91,258.01,0
4265,83.33,230.93,0
4277,83.33,164.98,0
4288,90.91,111.58,0
4299,90.91,109.92,0
4311,83.33,152.49,0
4323,90.91,217.54,0
4334,83.33,264.34,0
4345,90.91,255.95,0
4357,83.33,194.01,0
4368,90.91,129.85,0
4379,90.91,107.49,0
4391,83.33,133.76,0
4403,83.33,191.06,0
4414,90.91,246.08,0
4425,90.91,262.14,0
4436,90.91,223.05,0
4448,83.33,158.23,0
4460,83.33,109.14,0
4471,90.91,111.03,0
4483,83.33,161.83,0
4494,90.91,227.28,0
4505,90.91,263.54,0
4516,90.91,242.03,0
4529,76.92,180.61,0
4540,90.91,124.09,0
4551,90.91,107.47,0
4562,90.91,140.80,0
4574,83.33,202.12,0
4586,90.91,257.24,0
4597,83.33,264.09,0
4609,83.33,211.34,0
4620,90.91,144.35,0
4631,90.91,108.87,0
4642,90.91,122.26,0
4655,76.92,173.74,0
4666,90.91,235.29,0
4677,90.91,265.77,0
4688,90.91,235.06,0
4700,83.33,170.33,0
4711,90.91,118.29,0
4723,83.33,106.07,0
4734,90.91,147.06,0
4746,83.33,208.74,0
4757,90.91,255.77,0
4768,90.91,256.60,0
4780,83.33,206.03,0
4792,83.33,138.74,0
4803,90.91,103.08,0
4814,90.91,121.53,0
4826,83.33,181.91,0
4837,90.91,244.00,0
4849,83.33,271.05,0
4860,90.91,234.77,0
4872,83.33,165.10,0
4883,90.91,114.66,0
4894,90.91,111.52,0
4905,90.91,155.07,0
4918,76.92,215.75,0
4929,90.91,261.78,0
4940,90.91,253.34,0
4952,83.33,193.74,0
4963,90.91,131.11,0
4974,90.91,106.53,0
4986,83.33,129.54,0
4998,83.33,190.98,0
5009,90.91,251.49,0
5020,90.91,266.56,0
5031,90.91,223.66,0
5044,83.33,155.16,0
5055,83.33,108.81,0
5066,90.91,111.42,0
5078,83.33,163.83,0
5089,90.91,227.44,0
5100,90.91,264.57,0
5112,83.33,248.22,0
5124,83.33,183.87,0
5135,90.91,122.54,0
5146,90.91,107.80,0
5157,90.91,143.67,0
5169,83.33,203.13,0
5181,83.33,252.44,0
5192,90.91,258.39,0
5203,90.91,209.61,0
5215,83.33,146.66,0
5226,90.91,110.15,0
5237,90.91,121.83,0
5250,76.92,173.27,0
5261,90.91,233.13,0
5272,90.91,267.90,0
5283,90.91,239.90,0
5295,83.33,171.16,0
5307,90.91,115.62,0
5318,83.33,108.83,0
5329,90.91,149.53,0
5341,83.33,213.04,0
5352,90.91,257.37,0
5363,90.91,251.91,0
5376,76.92,197.39,0
5387,90.91,137.30,0
5398,90.91,107.82,0
5409,90.91,129.67,0
5421,83.33,184.50,0
5432,90.91,240.84,0
5444,83.33,262.73,0
5455,90.91,228.42,0
5467,83.33,161.90,0
5478,90.91,111.68,0
5489,90.91,112.40,0
5500,90.91,161.41,0
5513,76.92,225.07,0
5524,90.91,264.78,0
5535,90.91,249.32,0
5547,83.33,188.75,0
5558,90.91,128.67,0
5570,90.91,109.43,0
5581,83.33,134.66,0
5593,83.33,193.49,0
5604,90.91,248.52,0
5615,90.91,262.36,0
5626,90.91,216.28,0
5639,76.92,149.80,0
5650,90.91,110.14,0
5661,90.91,121.01,0
5672,90.91,167.93,0
5684,83.33,226.75,0
5695,90.91,263.48,0
5707,83.33,245.49,0
5719,83.33,181.56,0
5730,90.91,123.12,0
5741,90.91,106.88,0
5752,90.91,143.74,0
5764,83.33,206.24,0
5776,83.33,256.26,0
5787,90.91,257.08,0
5798,90.91,205.19,0
5810,83.33,138.86,0
5821,90.91,106.92,0
5833,90.91,124.13,0
5844,83.33,178.91,0
5856,83.33,237.74,0
5867,90.91,265.15,0
5878,90.91,234.27,0
5890,83.33,170.50,0
5902,83.33,116.15,0
5913,90.91,109.71,0
5924,90.91,151.60,0
5936,83.33,211.26,0
5947,90.91,256.27,0
5958,90.91,252.84,0
5970,83.33,195.32,0
5982,83.33,134.43,0
5993,90.91,109.51,0
6004,90.91,133.26,0
6016,83.33,189.98,0
6027,90.91,245.22,0
6039,83.33,262.42,0
6050,90.91,226.77,0
6062,83.33,159.15,0
6073,90.91,115.87,0
6084,90.91,118.63,0
6096,90.91,161.67,0
6108,76.92,223.87,0
6119,90.91,261.61,0
6130,90.91,244.83,0
6141,90.91,187.41,0
6153,83.33,129.65,0
6165,83.33,108.71,0
6176,90.91,140.04,0
6188,83.33,199.16,0
6199,90.91,251.66,0
6210,90.91,262.63,0
6221,90.91,217.08,0
6234,76.92,148.65,0
6245,90.91,107.07,0
6256,90.91,117.58,0
6267,90.91,172.18,0
6279,83.33,230.89,0
6290,90.91,268.30,0
6302,83.33,243.47,0
6313,90.91,175.66,0
6325,83.33,120.27,0
6336,90.91,108.98,0
6347,90.91,143.61,0
6360,83.33,203.38,0
6371,83.33,257.02,0
6382,90.91,257.78,0
6393,90.91,204.64,0
6405,83.33,142.54,0
6416,90.91,110.24,0
6428,83.33,126.32,0
6439,90.91,179.17,0
6451,83.33,236.72,0
6462,90.91,262.86,0
6473,90.91,231.86,0
6484,90.91,169.03,0
6497,76.92,117.86,0
6508,90.91,112.18,0
6519,90.91,153.89,0
6531,83.33,215.61,0
6542,90.91,255.86,0
6553,90.91,248.26,0
6565,83.33,194.47,0
6577,83.33,133.07,0
6588,90.91,110.06,0
6599,90.91,134.72,0
6610,90.91,191.75,0
6623,83.33,246.59,0
6634,83.33,261.08,0
6645,90.91,220.28,0
6657,83.33,157.30,0
6668,90.91,112.25,0
6679,90.91,118.20,0
6691,83.33,166.44,0
6703,83.33,223.02,0
6714,90.91,260.11,0
6725,90.91,245.26,0
6736,90.91,186.50,0
6748,83.33,127.81,0
6760,83.33,108.73,0
6771,90.91,138.97,0
6782,90.91,194.78,0
6794,83.33,249.44,0
6805,90.91,259.33,0
6816,90.91,213.32,0
6829,76.92,146.46,0
6840,90.91,109.09,0
6851,90.91,122.94,0
6862,90.91,172.60,0
6874,83.33,233.06,0
6886,90.91,264.88,0
6897,83.33,240.17,0
6908,90.91,177.11,0
6920,83.33,122.98,0
6931,90.91,112.32,0
6942,90.91,149.76,0
6955,76.92,207.17,0
6966,90.91,253.46,0
6977,90.91,254.05,0
6988,90.91,203.21,0
7000,83.33,142.55,0
7011,90.91,111.69,0
7023,83.33,129.95,0
7034,90.91,184.25,0
7046,83.33,238.56,0
7057,90.91,260.24,0
7068,90.91,227.79,0
7079,90.91,165.08,0
7092,76.92,119.45,0
7103,90.91,115.27,0
7114,90.91,155.45,0
7126,83.33,215.01,0
7137,90.91,257.53,0
7149,90.91,251.16,0
7160,83.33,192.83,0
7172,83.33,130.90,0
7183,90.91,109.34,0
7194,90.91,134.68,0
7205,90.91,187.99,0
7218,76.92,243.71,0
7229,90.91,262.76,0
7240,90.91,223.75,0
7251,90.91,155.56,0
7263,83.33,112.10,0
7274,90.91,118.00,0
7286,83.33,165.49,0
7298,83.33,224.49,0
7309,90.91,261.30,0
7320,90.91,245.82,0
7331,90.91,183.21,0
7343,83.33,124.20,0
7355,83.33,108.70,0
7366,90.91,140.43,0
7377,90.91,197.98,0
7389,83.33,249.56,0
7400,90.91,260.28,0
7412,90.91,211.10,0
7424,76.92,146.15,0
7435,90.91,110.05,0
7446,90.91,123.15,0
7457,90.91,171.22,0
7469,83.33,232.08,0
7481,83.33,265.85,0
7492,90.91,238.10,0
7503,90.91,171.44,0
7515,83.33,119.63,0
7526,90.91,110.70,0
7537,90.91,147.67,0
7549,83.33,206.68,0
7561,83.33,256.31,0
7572,90.91,255.03,0
7583,90.91,202.81,0
7595,83.33,139.13,0
7606,90.91,107.27,0
7618,83.33,127.70,0
7629,90.91,183.25,0
7641,83.33,240.11,0
7652,90.91,261.36,0
7663,90.91,228.30,0
7675,90.91,164.10,0
7687,76.92,115.08,0
7698,90.91,112.52,0
7709,90.91,155.67,0
7720,90.91,212.61,0
7732,83.33,257.17,0
7744,83.33,251.86,0
7755,90.91,196.48,0
7767,83.33,135.14,0
7778,90.91,111.13,0
7789,90.91,135.25,0
7800,90.91,188.76,0
7813,76.92,243.40,0
7824,90.91,258.78,0
7835,90.91,219.66,0
7846,90.91,156.52,0
7858,83.33,114.58,0
7869,90.91,119.74,0
7881,83.33,164.92,0
7892,90.91,221.67,0
7904,83.33,259.56,0
7915,90.91,247.29,0
7926,90.91,187.02,0
7939,83.33,126.17,0
7950,83.33,105.13,0
7961,90.91,138.83,0
7972,90.91,197.58,0
7984,83.33,247.95,0
7995,90.91,256.49,0
8007,83.33,212.92,0
8018,90.91,149.38,0
8030,83.33,113.12,0
8041,90.91,123.67,0
8052,90.91,173.95,0
8064,83.33,231.82,0
8076,83.33,264.93,0
8087,90.91,237.20,0
8098,90.91,173.64,0
8110,83.33,123.91,0
8121,90.91,113.08,0
8132,90.91,146.93,0
8144,83.33,205.69,0
8156,83.33,256.21,0
8167,90.91,251.08,0
8178,90.91,200.31,0
8189,90.91,142.84,0
8201,83.33,108.63,0
8213,83.33,126.93,0
8224,90.91,181.75,0
8236,83.33,241.08,0
8247,90.91,264.68,0
8258,90.91,229.63,0
8270,83.33,161.65,0
8282,83.33,115.55,0
8293,90.91,115.67,0
8304,90.91,157.72,0
8315,90.91,214.84,0
8327,83.33,256.31,0
8339,83.33,249.30,0
8350,90.91,194.56,0
8361,90.91,134.93,0
8373,83.33,110.82,0
8384,90.91,137.15,0
8395,90.91,193.02,0
8408,76.92,247.45,0
8419,90.91,264.34,0
8430,90.91,222.70,0
8441,90.91,155.68,0
8453,83.33,114.59,0
8464,90.91,117.48,0
8476,83.33,161.29,0
8487,90.91,220.69,0
8499,83.33,260.46,0
8510,90.91,245.16,0
8521,90.91,185.79,0
8534,90.91,127.77,0
8545,76.92,107.77,0
8556,90.91,136.65,0
8567,90.91,198.39,0
8579,83.33,255.56,0
8590,90.91,263.61,0
8602,83.33,213.76,0
8613,90.91,150.51,0
8625,83.33,110.58,0
8636,90.91,118.97,0
8647,90.91,170.54,0
8658,90.91,232.88,0
8671,76.92,264.52,0
8682,90.91,241.33,0
8693,90.91,177.69,0
8705,83.33,119.63,0
8716,90.91,106.29,0
8727,90.91,147.11,0
8739,83.33,208.47,0
8751,83.33,259.84,0
8762,90.91,257.65,0
8773,90.91,204.98,0
8784,90.91,141.45,0
8797,76.92,111.71,0
8808,90.91,129.31,0
8819,90.91,181.57,0
8830,90.91,238.53,0
8842,83.33,262.87,0
8853,90.91,230.24,0
8865,83.33,165.87,0
8877,83.33,115.14,0
8888,90.91,112.60,0
8899,90.91,156.07,0
8910,90.91,217.11,0
8922,83.33,259.03,0
8934,83.33,249.29,0
8945,90.91,191.85,0
8956,90.91,131.41,0
8968,83.33,105.90,0
8979,90.91,135.56,0
8990,90.91,195.14,0
9003,76.92,247.90,0
9014,90.91,261.23,0
9025,90.91,220.52,0
9036,90.91,153.22,0
9048,83.33,110.15,0
9060,83.33,117.52,0
9071,90.91,166.75,0
9082,90.91,223.84,0
9094,83.33,262.51,0
9105,90.91,242.50,0
9116,90.91,179.08,0
9128,83.33,122.88,0
9140,83.33,108.52,0
9151,90.91,142.10,0
9162,90.91,202.97,0
9174,83.33,251.34,0
9185,90.91,255.92,0
9197,83.33,206.05,0
9208,90.91,144.42,0
9220,83.33,111.29,0
9231,90.91,123.88,0
9242,90.91,176.81,0
9253,90.91,231.57,0
9266,76.92,258.65,0
9277,90.91,235.27,0
9288,90.91,172.56,0
9299,90.91,120.72,0
9311,83.33,111.72,0
9323,90.91,151.31,0
9334,83.33,208.99,0
9346,83.33,255.05,0
9357,90.91,253.01,0
9368,90.91,199.02,0
9379,90.91,135.55,0
9392,76.92,105.99,0
9403,90.91,128.34,0
9414,90.91,183.78,0
9425,90.91,240.71,0
9437,83.33,265.60,0
9448,90.91,227.26,0
9460,83.33,160.41,0
9472,83.33,116.11,0
9483,90.91,115.33,0
9494,90.91,159.56,0
9505,90.91,217.24,0
9517,83.33,260.72,0
9529,83.33,247.27,0
9540,90.91,191.23,0
9551,90.91,130.53,0
9563,83.33,108.54,0
9574,90.91,135.17,0
9586,90.91,194.58,0
9597,83.33,248.71,0
9609,83.33,261.05,0
9620,90.91,218.49,0
9631,90.91,154.88,0
9643,83.33,110.85,0
9655,83.33,117.16,0
9666,90.91,167.69,0
9677,90.91,231.69,0
9689,83.33,263.02,0
9700,90.91,241.33,0
9711,90.91,181.59,0
9723,83.33,123.50,0
9735,83.33,104.64,0
9746,90.91,141.64,0
9757,90.91,202.73,0
9768,90.91,252.99,0
9780,83.33,257.09,0
9792,83.33,209.85,0
9803,90.91,146.63,0
9815,83.33,108.54,0
9826,90.91,123.47,0
9837,90.91,179.24,0
9849,90.91,236.77,0
9861,76.92,264.99,0
9872,90.91,236.75,0
9883,90.91,172.40,0
9894,90.91,119.11,0
9906,83.33,109.34,0
9918,83.33,151.46,0
9929,90.91,210.40,0
9940,90.91,260.52,0
9952,83.33,256.77,0
9963,90.91,203.76,0
9974,90.91,138.61,0
9987,76.92,108.66,0
9998,90.91,127.87,0
10009,90.91,184.53,0
10020,90.91,240.96,0
10032,83.33,260.83,0
10043,90.91,227.06,0
10055,83.33,164.48,0
10066,90.91,114.60,0
10078,83.33,112.90,0
10089,90.91,154.31,0
10100,90.91,215.23,0
10113,83.33,258.04,0
10124,83.33,251.54,0
10135,90.91,198.35,0
10146,90.91,136.62,0
10158,83.33,105.98,0
10169,90.91,130.36,0
10181,83.33,185.81,0
10192,90.91,244.01,0
10204,83.33,265.80,0
10215,90.91,226.65,0
10226,90.91,160.15,0
10237,90.91,113.26,0
10250,76.92,115.86,0
10261,90.91,158.40,0
10272,90.91,220.70,0
10284,83.33,264.43,0
10295,90.91,249.89,0
10306,90.91,183.43,0
10318,83.33,125.25,0
10330,83.33,106.75,0
10341,90.91,137.35,0
10352,90.91,196.37,0
10363,90.91,253.94,0
10376,83.33,261.37,0
10387,83.33,216.95,0
10398,90.91,151.10,0
10409,90.91,112.20,0
10421,83.33,118.74,0
10432,90.91,169.27,0
10444,83.33,230.05,0
10456,83.33,263.81,0
10467,90.91,238.80,0
10478,90.91,175.53,0
10489,90.91,121.16,0
10501,83.33,109.32,0
10513,83.33,149.20,0
10524,90.91,209.14,0
10535,90.91,253.55,0
10547,83.33,258.64,0
10558,90.91,205.51,0
10569,90.91,139.86,0
10582,76.92,105.82,0
10593,90.91,124.48,0
10604,90.91,179.69,0
10615,90.91,239.57,0
10627,83.33,266.89,0
10638,90.91,232.63,0
10650,83.33,165.23,0
10661,90.91,117.02,0
10673,83.33,114.82,0
10684,90.91,156.95,0
10695,90.91,215.25,0
10707,83.33,260.06,0
10719,83.33,246.97,0
10730,90.91,191.23,0
10741,90.91,129.92,0
10753,83.33,109.09,0
10764,90.91,136.44,0
10776,83.33,192.21,0
10787,90.91,244.34,0
10799,83.33,260.11,0
10810,90.91,219.13,0
10821,90.91,155.46,0
10832,90.91,111.73,0
10845,76.92,118.06,0
10856,90.91,166.97,0
10867,90.91,223.86,0
10878,90.91,260.90,0
10890,83.33,248.17,0
10901,90.91,185.20,0
10913,83.33,125.68,0
10925,83.33,109.63,0
10936,90.91,141.96,0
10947,90.91,199.87,0
10958,90.91,253.02,0
10971,76.92,257.96,0
10982,90.91,209.93,0
10993,90.91,146.68,0
11004,90.91,111.84,0
11016,83.33,125.17,0
11027,90.91,176.53,0
11039,83.33,233.35,0
11051,83.33,263.57,0
11062,90.91,236.86,0
11073,90.91,172.92,0
11084,90.91,122.10,0
11096,83.33,113.70,0
11108,83.33,152.50,0
11119,90.91,211.22,0
11130,90.91,255.89,0
11142,83.33,253.22,0
11153,90.91,199.65,0
11164,90.91,138.39,0
11176,83.33,110.16,0
11188,83.33,132.26,0
11199,90.91,186.01,0
11210,90.91,241.78,0
11222,83.33,263.76,0
11234,83.33,229.13,0
11245,90.91,164.33,0
11256,90.91,119.54,0
11268,83.33,118.23,0
11279,90.91,159.59,0
11290,90.91,217.48,0
11302,83.33,259.99,0
11314,83.33,250.48,0
11325,90.91,192.02,0
11336,90.91,130.45,0
11347,90.91,108.08,0
11359,83.33,132.99,0
11371,83.33,192.52,0
11382,90.91,247.54,0
11394,83.33,259.75,0
11405,90.91,218.56,0
11416,90.91,155.02,0
11428,90.91,111.98,0
11440,76.92,117.35,0
11451,90.91,163.45,0
11462,90.91,226.25,0
11473,90.91,261.68,0
11485,83.33,243.57,0
11497,83.33,181.69,0
11508,90.91,124.62,0
11520,83.33,104.20,0
11531,90.91,138.50,0
11542,90.91,199.85,0
11553,90.91,250.13,0
11566,76.92,258.82,0
11577,90.91,209.93,0
11588,90.91,143.62,0
11599,90.91,107.48,0
11611,83.33,121.92,0
11622,90.91,174.25,0
11634,83.33,229.94,0
11645,90.91,260.94,0
11657,83.33,235.84,0
11668,90.91,172.91,0
11679,90.91,120.27,0
11691,83.33,109.90,0
11703,83.33,145.16,0
11714,90.91,206.40,0
11725,90.91,260.38,0
11737,83.33,261.12,0
11748,90.91,207.17,0
11760,83.33,139.09,0
11771,90.91,103.64,0
11783,83.33,123.06,0
11794,90.91,178.40,0
11805,90.91,237.87,0
11816,90.91,262.74,0
11829,76.92,231.53,0
11840,90.91,168.19,0
11851,90.91,117.96,0
11863,83.33,111.66,0
11874,90.91,157.30,0
11885,90.91,218.65,0
11897,83.33,261.25,0
11909,83.33,253.08,0
11920,90.91,195.45,0
11931,90.91,132.75,0
11942,90.91,106.33,0
11954,83.33,133.48,0
11966,83.33,189.56,0
11977,90.91,248.84,0
11988,90.91,264.14,0
12000,83.33,222.46,0
12011,90.91,153.23,0
12023,83.33,109.64,0
12035,83.33,117.26,0
12046,90.91,162.70,0
12057,90.91,224.41,0
12068,90.91,263.59,0
12080,83.33,245.40,0
12092,83.33,184.69,0
12103,90.91,125.60,0
12114,90.91,108.50,0
12126,83.33,142.91,0
12137,90.91,199.35,0
12148,90.91,249.13,0
12161,76.92,258.04,0
12172,90.91,210.84,0
12183,90.91,147.15,0
12194,90.91,110.39,0
12206,83.33,123.84,0
12217,90.91,176.86,0
12229,83.33,231.36,0
12240,90.91,259.12,0
12252,83.33,233.59,0
12263,90.91,171.02,0
12274,90.91,118.43,0
12286,90.91,111.28,0
12298,76.92,151.93,0
12309,90.91,212.55,0
12320,90.91,257.68,0
12332,83.33,251.46,0
12343,90.91,195.61,0
12355,83.33,136.09,0
12366,90.91,110.68,0
12378,83.33,131.86,0
12389,90.91,184.07,0
12400,90.91,241.67,0
12411,90.91,263.98,0
12424,76.92,225.88,0
12435,90.91,160.50,0
12446,90.91,116.95,0
12457,90.91,117.71,0
12469,83.33,160.83,0
12480,90.91,218.29,0
12492,83.33,254.38,0
12504,83.33,243.86,0
12515,90.91,187.59,0
12526,90.91,132.84,0
12537,90.91,114.50,0
12550,83.33,140.60,0
12561,83.33,195.99,0
12572,90.91,248.34,0
12583,90.91,259.66,0
12595,83.33,216.91,0
12606,90.91,151.29,0
12618,83.33,113.42,0
12630,83.33,124.55,0
12641,90.91,170.26,0
12652,90.91,228.31,0
12663,90.91,260.32,0
12675,83.33,238.95,0
12687,83.33,178.66,0
12698,90.91,124.79,0
12709,90.91,113.07,0
12721,83.33,147.32,0
12732,90.91,204.43,0
12743,90.91,250.71,0
12755,83.33,255.00,0
12767,83.33,205.88,0
12778,90.91,139.30,0
12789,90.91,108.34,0
12801,83.33,126.90,0
12813,90.91,180.34,0
12824,83.33,236.66,0
12835,90.91,263.40,0
12847,83.33,233.31,0
12858,90.91,165.84,0
12869,90.91,117.55,0
12881,83.33,113.90,0
12893,83.33,152.68,0
12904,90.91,213.11,0
12915,90.91,258.55,0
12926,90.91,255.59,0
12938,83.33,198.91,0
12950,83.33,137.73,0
12961,90.91,108.55,0
12973,83.33,129.99,0
12984,90.91,187.94,0
12995,90.91,244.23,0
13006,90.91,263.84,0
13019,76.92,228.11,0
13030,90.91,163.60,0
13041,90.91,115.55,0
13052,90.91,115.28,0
13064,83.33,161.29,0
13076,90.91,217.88,0
13087,83.33,261.68,0
13099,83.33,253.34,0
13110,90.91,191.14,0
13121,90.91,128.40,0
13132,90.91,107.75,0
13145,76.92,137.27,0
13156,90.91,193.27,0
13167,90.91,249.61,0
13178,90.91,262.46,0
13190,83.33,218.97,0
13201,90.91,149.79,0
13213,83.33,110.43,0
13224,90.91,120.61,0
13236,83.33,169.01,0
13247,90.91,230.10,0
13258,90.91,267.04,0
13270,83.33,242.10,0
13282,83.33,178.23,0
13293,90.91,124.76,0
13304,90.91,108.93,0
13316,83.33,143.93,0
13327,90.91,202.17,0
13339,90.91,251.76,0
13350,83.33,258.64,0
13362,83.33,209.86,0
13373,90.91,144.47,0
13384,90.91,107.88,0
13395,90.91,122.71,0
13408,76.92,177.57,0
13419,90.91,237.23,0
13430,90.91,264.66,0
13442,83.33,235.11,0
13453,90.91,171.12,0
13464,90.91,121.14,0
13476,83.33,113.55,0
13488,83.33,150.93,0
13499,90.91,210.11,0
13510,90.91,256.50,0
13521,90.91,255.22,0
13533,83.33,198.81,0
13545,83.33,136.91,0
13556,90.91,108.34,0
13568,83.33,129.38,0
13579,90.91,184.50,0
13590,90.91,242.54,0
13602,90.91,264.11,0
13614,76.92,226.29,0
13625,90.91,160.31,0
13636,90.91,114.45,0
13647,90.91,114.94,0
13659,83.33,163.34,0
13671,83.33,221.55,0
13682,90.91,261.39,0
13693,90.91,245.38,0
13705,83.33,184.94,0
13716,90.91,129.36,0
13727,90.91,107.87,0
13740,76.92,135.66,0
13751,90.91,196.06,0
13762,90.91,248.02,0
13773,90.91,260.69,0
13785,83.33,214.59,0
13796,90.91,152.62,0
13808,83.33,113.23,0
13819,90.91,120.38,0
13831,83.33,171.06,0
13842,90.91,228.55,0
13853,90.91,259.60,0
13865,83.33,239.03,0
13877,83.33,180.28,0
13888,90.91,126.08,0
13899,90.91,110.67,0
13911,83.33,143.52,0
13922,90.91,200.42,0
13934,83.33,253.80,0
13945,90.91,259.80,0
13957,83.33,211.89,0
13968,90.91,145.26,0
13979,90.91,107.59,0
13990,90.91,124.31,0
14003,76.92,178.31,0
14014,90.91,238.30,0
14025,90.91,262.18,0
14036,90.91,232.08,0
14048,83.33,169.38,0
14059,90.91,117.74,0
14071,83.33,112.97,0
14083,83.33,154.80,0
14094,90.91,210.11,0
14105,90.91,255.67,0
14116,90.91,248.51,0
14129,76.92,196.61,0
14140,90.91,138.91,0
14151,90.91,108.27,0
14162,90.91,130.80,0
14174,83.33,188.58,0
14185,90.91,245.07,0
14197,83.33,261.65,0
14209,83.33,219.34,0
14220,90.91,158.40,0
14231,90.91,116.24,0
14242,90.91,116.99,0
14254,83.33,161.26,0
14266,83.33,218.10,0
14277,90.91,258.67,0
14288,90.91,245.80,0
14300,83.33,190.00,0
14311,90.91,129.86,0
14322,90.91,107.95,0
14334,83.33,136.90,0
14346,83.33,195.45,0
14357,90.91,248.97,0
14368,90.91,262.67,0
14380,83.33,217.41,0
14392,83.33,148.87,0
14403,90.91,108.96,0
14414,90.91,118.61,0
14426,83.33,168.94,0
14437,90.91,229.18,0
14448,90.91,260.21,0
14460,83.33,238.07,0
14472,83.33,179.09,0
14483,90.91,125.19,0
14494,90.91,111.94,0
14505,90.91,146.56,0
14517,83.33,206.81,0
14529,83.33,257.74,0
14540,90.91,258.14,0
14552,83.33,206.43,0
14563,90.91,141.14,0
14574,90.91,105.50,0
14586,90.91,124.23,0
14598,76.92,178.11,0
14609,90.91,235.86,0
14620,90.91,264.15,0
14631,90.91,232.48,0
14643,83.33,165.20,0
14655,83.33,115.49,0
14666,90.91,112.46,0
14678,83.33,155.59,0
14689,90.91,213.66,0
14700,90.91,256.90,0
14711,90.91,252.28,0
14724,76.92,196.63,0
14735,90.91,134.37,0
14746,90.91,105.58,0
14757,90.91,127.56,0
14769,83.33,183.93,0
14780,90.91,243.31,0
14792,83.33,262.51,0
14803,90.91,225.25,0
14815,83.33,160.70,0
14826,90.91,116.34,0
14837,90.91,117.23,0
14850,83.33,160.43,0
14861,83.33,222.62,0
14872,90.91,261.51,0
14883,90.91,247.20,0
14895,83.33,188.19,0
14906,90.91,129.70,0
14918,83.33,108.07,0
14929,90.91,137.96,0
14941,83.33,196.73,0
14952,90.91,249.47,0
14963,90.91,261.14,0
14974,90.91,216.71,0
14987,76.92,149.69,0
14998,90.91,109.33,0
15009,90.91,119.51,0
15021,83.33,170.10,0
15032,90.91,229.94,0
15043,90.91,263.69,0
15055,83.33,240.95,0
15067,83.33,179.46,0
15078,90.91,123.67,0
15089,90.91,111.09,0
15100,90.91,147.07,0
15113,83.33,205.76,0
15124,83.33,252.98,0
15135,90.91,252.25,0
15147,83.33,204.25,0
15158,90.91,143.02,0
15169,90.91,110.17,0
15181,83.33,126.38,0
15193,83.33,180.67,0
15204,90.91,239.28,0
15215,90.91,262.64,0
15226,90.91,231.29,0
15238,83.33,168.12,0
15250,83.33,119.90,0
15261,90.91,112.30,0
15272,90.91,155.06,0
15284,83.33,215.63,0
15295,90.91,258.67,0
15306,90.91,251.58,0
15319,76.92,194.50,0
15330,90.91,133.86,0
15341,90.91,109.53,0
15352,90.91,134.24,0
15364,83.33,190.06,0
15376,90.91,241.55,0
15387,83.33,259.24,0
15398,90.91,223.65,0
15410,83.33,156.09,0
15421,90.91,111.62,0
15432,90.91,118.25,0
15444,83.33,165.32,0
15456,83.33,219.35,0
15467,90.91,258.86,0
15478,90.91,249.10,0
15490,83.33,186.28,0
15501,90.91,128.85,0
15513,83.33,111.11,0
15524,90.91,136.00,0
15536,83.33,194.38,0
15547,90.91,249.53,0
15558,90.91,259.80,0
15569,90.91,212.86,0
15582,76.92,151.99,0
15593,90.91,112.09,0
15604,90.91,119.87,0
15616,83.33,170.67,0
15627,90.91,229.47,0
15639,83.33,261.59,0
15650,90.91,241.24,0
15662,83.33,178.85,0
15673,90.91,122.30,0
15684,90.91,110.15,0
15695,90.91,145.69,0
15708,76.92,203.96,0
15719,90.91,251.75,0
15730,90.91,256.66,0
15741,90.91,207.22,0
15753,83.33,145.35,0
15764,90.91,111.25,0
15776,83.33,125.20,0
15788,83.33,175.69,0
15799,90.91,233.19,0
15810,90.91,262.41,0
15821,90.91,233.11,0
15833,83.33,166.15,0
15845,83.33,117.09,0
15856,90.91,110.01,0
15867,90.91,148.41,0
15879,83.33,214.18,0
15890,90.91,259.83,0
15902,83.33,253.27,0
15913,90.91,197.82,0
15925,83.33,134.84,0
15936,90.91,107.15,0
15947,90.91,128.26,0
15959,83.33,186.13,0
15971,83.33,242.24,0
15982,90.91,263.27,0
15993,90.91,224.26,0
16005,83.33,161.25,0
16016,90.91,116.63,0
16027,90.91,116.35,0
16039,83.33,158.95,0
16051,83.33,213.97,0
16062,90.91,256.18,0
16073,90.91,249.73,0
16084,90.91,191.48,0
16097,83.33,128.80,0
16108,83.33,108.26,0
16119,90.91,135.57,0
16131,83.33,192.53,0
16142,90.91,246.45,0
16153,90.91,262.91,0
16165,83.33,219.25,0
16177,83.33,155.23,0
16188,90.91,112.13,0
16199,90.91,120.13,0
16210,90.91,169.74,0
16222,83.33,226.37,0
16234,83.33,260.45,0
16245,90.91,246.10,0
16257,83.33,182.44,0
16268,90.91,124.83,0
16279,90.91,107.03,0
16290,90.91,140.01,0
16303,76.92,200.27,0
16314,90.91,249.91,0
16325,90.91,255.63,0
16336,90.91,210.78,0
16348,83.33,147.31,0
16360,90.91,112.19,0
16371,83.33,125.70,0
16382,90.91,172.26,0
16394,83.33,227.28,0
16405,90.91,260.16,0
16416,90.91,235.53,0
16429,76.92,173.22,0
16440,90.91,120.88,0
16451,90.91,112.22,0
16462,90.91,150.91,0
16474,83.33,208.64,0
16485,90.91,254.39,0
16497,83.33,252.78,0
16508,90.91,198.44,0
16520,83.33,136.23,0
16531,90.91,110.73,0
16542,90.91,131.15,0
16553,90.91,182.09,0
16566,76.92,241.88,0
16577,90.91,264.34,0
16588,90.91,229.14,0
16600,83.33,163.66,0
16611,90.91,115.62,0
16623,90.91,115.46,0
16634,83.33,158.62,0
16646,83.33,219.74,0
16657,90.91,263.60,0
16668,90.91,250.24,0
16679,90.91,192.28,0
16692,76.92,131.83,0
16703,90.91,110.97,0
16714,90.91,139.66,0
16726,83.33,195.54,0
16737,90.91,246.16,0
16748,90.91,260.27,0
16760,83.33,220.73,0
16772,83.33,153.64,0
16783,90.91,112.82,0
16794,90.91,121.64,0
16805,90.91,167.54,0
16817,83.33,224.12,0
16829,83.33,259.99,0
16840,90.91,242.99,0
16851,90.91,182.35,0
16863,83.33,126.30,0
16874,90.91,109.06,0
16886,90.91,139.26,0
16898,76.92,194.97,0
16909,90.91,250.30,0
16920,90.91,258.23,0
16931,90.91,212.62,0
16943,83.33,145.78,0
16955,83.33,110.08,0
16966,90.91,121.70,0
16977,90.91,172.41,0
16989,83.33,232.04,0
17000,90.91,266.23,0
17011,90.91,241.36,0
17024,76.92,178.97,0
17035,90.91,122.68,0
17046,90.91,106.30,0
17057,90.91,142.83,0
17069,83.33,205.07,0
17080,90.91,255.57,0
17092,83.33,256.47,0
17103,90.91,205.27,0
17115,83.33,138.96,0
17126,90.91,109.15,0
17137,90.91,127.79,0
17149,90.91,181.26,0
17161,76.92,236.50,0
17172,90.91,262.27,0
17183,90.91,231.12,0
17195,83.33,167.75,0
17206,90.91,120.89,0
17218,83.33,116.81,0
17229,90.91,155.98,0
17241,83.33,212.49,0
17252,90.91,256.53,0
17263,90.91,248.59,0
17274,90.91,193.34,0
17287,76.92,135.37,0
17298,90.91,108.53,0
17309,90.91,133.96,0
17320,90.91,188.39,0
17332,83.33,241.25,0
17343,90.91,260.80,0
17355,83.33,223.49,0
17367,83.33,160.90,0
17378,90.91,115.59,0
17389,90.91,118.08,0
17400,90.91,159.36,0
17413,76.92,220.38,0
17424,90.91,259.18,0
17435,90.91,246.15,0
17446,90.91,184.44,0
17458,83.33,124.48,0
17469,90.91,109.76,0
17481,83.33,142.13,0
17492,90.91,197.39,0
17504,83.33,248.43,0
17515,90.91,260.74,0
17526,90.91,216.71,0
17538,83.33,151.88,0
17550,83.33,116.24,0
17561,90.91,122.57,0
17572,90.91,171.85,0
17584,83.33,232.06,0
17595,90.91,264.77,0
17607,90.91,238.29,0
17618,83.33,176.57,0
17630,83.33,124.00,0
17641,90.91,112.29,0
17652,90.91,145.64,0
17664,83.33,204.92,0
17676,83.33,254.34,0
17687,90.91,254.27,0
17698,90.91,203.12,0
17710,83.33,141.03,0
17721,90.91,109.80,0
17732,90.91,129.22,0
17744,83.33,182.06,0
17756,83.33,241.02,0
17767,90.91,264.54,0
17778,90.91,229.80,0
17789,90.91,166.17,0
17801,83.33,119.40,0
17813,83.33,114.17,0
17824,90.91,155.35,0
17836,83.33,216.16,0
17847,90.91,259.20,0
17858,90.91,250.00,0
17870,90.91,193.48,0
17882,76.92,132.20,0
17893,90.91,107.02,0
17904,90.91,132.19,0
17915,90.91,187.28,0
17927,83.33,243.48,0
17939,83.33,261.41,0
17950,90.91,224.48,0
17961,90.91,158.80,0
17973,83.33,111.85,0
17984,90.91,113.45,0
17995,90.91,158.43,0
18008,76.92,218.49,0
18019,90.91,260.45,0
18030,90.91,246.87,0
18041,90.91,185.72,0
18053,83.33,125.33,0
18064,90.91,105.28,0
18076,83.33,134.21,0
18087,90.91,194.63,0
18099,83.33,251.82,0
18110,90.91,262.25,0
18121,90.91,215.91,0
18134,90.91,148.93,0
18145,76.92,110.29,0
18156,90.91,121.68,0
18167,90.91,173.51,0
18179,83.33,230.24,0
18190,90.91,264.86,0
18202,83.33,245.12,0
18213,90.91,181.96,0
18225,83.33,121.71,0
18236,90.91,109.43,0
18247,90.91,142.19,0
18258,90.91,200.27,0
18271,76.92,254.44,0
18282,90.91,261.45,0
18293,90.91,212.03,0
18305,83.33,146.90,0
18316,90.91,108.94,0
18327,90.91,122.08,0
18339,83.33,175.87,0
18351,83.33,237.00,0
18362,90.91,264.18,0
18373,90.91,233.62,0
18384,90.91,171.63,0
18397,83.33,119.62,0
18408,83.33,110.79,0
18419,90.91,149.08,0
18430,90.91,207.02,0
18442,83.33,258.32,0
18453,90.91,257.06,0
18465,83.33,200.19,0
18477,83.33,135.87,0
18488,90.91,106.18,0
18499,90.91,127.11,0
18510,90.91,183.14,0
18522,83.33,241.92,0
18534,83.33,264.04,0
18545,90.91,226.84,0
18556,90.91,157.22,0
18568,83.33,112.28,0
18579,90.91,115.80,0
18590,90.91,159.19,0
18603,76.92,218.13,0
18614,90.91,261.48,0
18625,90.91,248.98,0
18636,90.91,189.21,0
18648,83.33,128.54,0
18659,90.91,105.47,0
18671,83.33,135.64,0
18682,90.91,191.49,0
18694,83.33,248.92,0
18705,90.91,261.99,0
18716,90.91,218.23,0
18728,83.33,149.55,0
18740,83.33,109.83,0
18751,90.91,118.45,0
18762,90.91,170.39,0
18774,83.33,229.81,0
18785,90.91,261.56,0
18797,83.33,240.24,0
18808,90.91,178.26,0
18820,83.33,121.25,0
18831,90.91,108.64,0
18842,90.91,145.81,0
18853,90.91,203.30,0
18866,76.92,252.57,0
18877,90.91,256.18,0
18888,90.91,208.14,0
18899,90.91,143.33,0
18911,83.33,108.79,0
18923,90.91,126.80,0
18934,83.33,178.05,0
18946,83.33,235.37,0
18957,90.91,263.42,0
18968,90.91,233.24,0
18979,90.91,168.46,0
18992,76.92,117.58,0
19003,90.91,110.82,0
19014,90.91,152.81,0
19025,90.91,213.18,0
19037,83.33,255.64,0
19048,90.91,252.41,0
19060,83.33,198.40,0
19072,83.33,137.57,0
19083,90.91,111.07,0
19094,90.91,131.32,0
19105,90.91,185.00,0
19117,83.33,241.60,0
19129,83.33,260.08,0
19140,90.91,224.43,0
19151,90.91,162.30,0
19163,83.33,116.50,0
19174,90.91,116.67,0
19186,90.91,164.32,0
19197,83.33,221.88,0
19209,83.33,259.74,0
19220,90.91,244.52,0
19231,90.91,187.37,0
19243,83.33,131.45,0
19255,83.33,112.15,0
19266,90.91,141.07,0
19277,90.91,198.16,0
19289,83.33,249.50,0
19300,90.91,257.49,0
19311,90.91,217.15,0
19323,83.33,151.99,0
19335,83.33,112.92,0
19346,90.91,122.79,0
19357,90.91,169.79,0
19368,90.91,224.52,0
19380,83.33,257.42,0
19392,83.33,237.30,0
19403,90.91,174.67,0
19415,83.33,123.58,0
19426,90.91,112.48,0
19437,90.91,143.78,0
19449,90.91,200.91,0
19461,76.92,251.96,0
19472,90.91,254.16,0
19483,90.91,203.43,0
19494,90.91,145.43,0
19506,83.33,112.30,0
19518,83.33,127.15,0
19529,90.91,180.71,0
19540,90.91,236.08,0
19552,83.33,260.03,0
19563,90.91,231.43,0
19574,90.91,169.98,0
19587,76.92,119.30,0
19598,90.91,115.25,0
19609,90.91,156.70,0
19620,90.91,210.05,0
19632,83.33,252.51,0
19643,90.91,247.61,0
19655,83.33,195.17,0
19666,90.91,136.28,0
19678,83.33,110.54,0
19689,90.91,131.84,0
19700,90.91,188.24,0
19713,83.33,241.44,0
19724,83.33,263.65,0
19735,90.91,225.04,0
19746,90.91,161.78,0
19758,83.33,116.61,0
19769,90.91,115.35,0
19781,83.33,156.89,0
19792,90.91,218.59,0
19804,83.33,254.29,0
19815,90.91,243.04,0
19826,90.91,192.95,0
19837,90.91,136.09,0
19850,76.92,109.79,0
19861,90.91,136.01,0
19872,90.91,192.45,0
19884,83.33,246.44,0
19895,90.91,261.69,0
19906,90.91,221.10,0
19918,83.33,153.89,0
19930,83.33,110.97,0
19941,90.91,117.92,0
19952,90.91,166.64,0
19963,90.91,223.97,0
19976,83.33,259.68,0
19987,83.33,241.46,0
19998,90.91,183.91,0
20009,90.91,129.75,0
20021,83.33,112.54,0
20032,90.91,144.03,0
20044,83.33,200.86,0
20056,83.33,249.96,0
20067,90.91,257.76,0
20078,90.91,209.83,0
20089,90.91,147.31,0
20101,83.33,113.91,0
20113,83.33,123.82,0
20124,90.91,177.20,0
20135,90.91,229.72,0
20147,83.33,261.35,0
20158,90.91,237.76,0
20169,90.91,175.52,0
20182,76.92,121.79,0
20193,90.91,109.94,0
20204,90.91,147.61,0
20215,90.91,207.43,0
20227,83.33,253.97,0
20239,90.91,255.22,0
20250,83.33,200.35,0
20261,90.91,139.91,0
20273,83.33,110.72,0
20284,90.91,128.97,0
20295,90.91,183.55,0
20307,83.33,239.20,0
20319,83.33,263.87,0
20330,90.91,232.66,0
20341,90.91,168.39,0
20353,83.33,117.63,0
20364,90.91,114.27,0
20376,83.33,156.41,0
20387,90.91,212.71,0
20399,83.33,256.49,0
20410,90.91,248.45,0
20421,90.91,192.59,0
20432,90.91,134.84,0
20445,76.92,110.83,0
20456,90.91,133.96,0
20467,90.91,188.14,0
20478,90.91,243.53,0
20490,83.33,261.81,0
20502,90.91,221.85,0
20513,83.33,159.23,0
20525,83.33,114.90,0
20536,90.91,119.45,0
20547,90.91,162.39,0
20558,90.91,225.29,0
20571,76.92,263.07,0
20582,90.91,242.21,0
20593,90.91,184.07,0
20604,90.91,130.24,0
20616,83.33,111.13,0
20627,90.91,140.72,0
20639,83.33,198.04,0
20651,83.33,246.37,0
20662,90.91,258.00,0
20673,90.91,213.72,0
20684,90.91,150.39,0
20696,83.33,109.59,0
20708,83.33,120.72,0
20719,90.91,169.16,0
20730,90.91,226.09,0
20742,83.33,260.89,0
20753,90.91,241.45,0
20765,90.91,177.78,0
20776,83.33,122.61,0
20788,83.33,109.91,0
20799,90.91,146.00,0
20810,90.91,201.95,0
20822,83.33,252.36,0
20834,83.33,256.22,0
20845,90.91,205.60,0
20856,90.91,146.70,0
20868,83.33,113.35,0
20879,90.91,124.12,0
20890,90.91,174.33,0
20902,83.33,233.63,0
20914,83.33,262.31,0
20925,90.91,233.52,0
20936,90.91,170.72,0
20947,90.91,119.85,0
20959,83.33,115.24,0
20971,83.33,155.66,0
20982,90.91,213.08,0
20994,83.33,255.29,0
21005,90.91,254.63,0
21016,90.91,197.64,0
21028,90.91,136.63,0
21040,76.92,111.42,0
21051,90.91,135.19,0
21062,90.91,189.99,0
21073,90.91,242.38,0
21085,83.33,260.51,0
21097,83.33,221.60,0
21108,90.91,158.17,0
21120,83.33,115.47,0
21131,90.91,116.64,0
21142,90.91,162.23,0
21153,90.91,221.10,0
21166,76.92,258.24,0
21177,90.91,242.20,0
21188,90.91,185.04,0
21199,90.91,133.27,0
21211,83.33,112.00,0
21222,90.91,139.03,0
21234,83.33,196.76,0
21245,90.91,247.29,0
21257,83.33,258.80,0
21268,90.91,214.13,0
21279,90.91,151.68,0
21292,76.92,111.97,0
21303,90.91,120.43,0
21314,90.91,167.01,0
21325,90.91,224.16,0
21337,83.33,261.70,0
21348,90.91,242.68,0
21360,83.33,180.49,0
21371,90.91,125.99,0
21383,83.33,112.40,0
21394,90.91,141.86,0
21405,90.91,199.14,0
21416,90.91,251.73,0
21429,76.92,256.92,0
21440,90.91,206.38,0
21451,90.91,144.00,0
21463,83.33,108.45,0
21474,90.91,122.54,0
21485,90.91,177.94,0
21497,83.33,233.43,0
21509,83.33,262.26,0
21520,90.91,231.72,0
21531,90.91,169.95,0
21542,90.91,118.95,0
21555,76.92,109.79,0
21566,90.91,149.63,0
21577,90.91,210.33,0
21588,90.91,257.37,0
21600,83.33,250.33,0
21611,90.91,200.82,0
21623,83.33,137.78,0
21635,83.33,107.28,0
21646,90.91,130.17,0
21657,90.91,184.01,0
21668,90.91,237.83,0
21680,83.33,261.46,0
21692,83.33,226.73,0
21703,90.91,166.02,0
21714,90.91,120.47,0
21726,83.33,113.53,0
21737,90.91,153.19,0
21748,90.91,216.26,0
21761,76.92,258.69,0
21772,90.91,251.83,0
21783,90.91,193.00,0
21794,90.91,133.62,0
21806,83.33,108.76,0
21818,90.91,135.18,0
21829,83.33,190.65,0
21840,90.91,243.68,0
21852,83.33,260.99,0
21863,90.91,222.35,0
21874,90.91,156.26,0
21886,83.33,112.13,0
21898,83.33,117.78,0
21909,90.91,164.83,0
21920,90.91,225.02,0
21932,83.33,259.44,0
21943,90.91,239.86,0
21955,83.33,184.91,0
21966,90.91,129.65,0
21978,83.33,111.00,0
21989,90.91,139.24,0
22000,90.91,194.80,0
22011,90.91,245.25,0
22024,76.92,254.31,0
22035,90.91,209.86,0
22046,90.91,151.64,0
22057,90.91,116.78,0
22069,83.33,125.89,0
22081,90.91,173.20,0
22092,83.33,230.71,0
22104,83.33,259.22,0
22115,90.91,235.64,0
22126,90.91,174.05,0
22137,90.91,118.85,0
22150,76.92,112.38,0
22161,90.91,147.28,0
22172,90.91,203.71,0
22183,90.91,250.98,0
22195,83.33,256.20,0
22206,90.91,205.07,0
22218,83.33,141.86,0
22230,83.33,112.12,0
22241,90.91,128.50,0
22252,90.91,177.69,0
22263,90.91,232.31,0
22275,83.33,263.47,0
22287,83.33,232.24,0
22298,90.91,167.19,0
22309,90.91,119.98,0
22321,83.33,113.18,0
22332,90.91,150.00,0
22344,83.33,209.67,0
22355,90.91,253.88,0
22367,83.33,249.33,0
22378,90.91,198.10,0
22389,90.91,137.25,0
22401,83.33,109.90,0
22413,83.33,131.50,0
22424,90.91,183.98,0
22435,90.91,241.68,0
22447,83.33,264.15,0
22458,90.91,228.52,0
22469,90.91,162.40,0
22481,83.33,116.06,0
22493,83.33,117.19,0
22504,90.91,161.56,0
22515,90.91,216.02,0
22526,90.91,260.00,0
22539,83.33,248.77,0
22550,83.33,191.19,0
22561,90.91,131.32,0
22573,83.33,107.54,0
22584,90.91,136.36,0
22595,90.91,193.08,0
22607,83.33,247.65,0
22619,83.33,260.34,0
22630,90.91,216.84,0
22641,90.91,152.26,0
22652,90.91,111.86,0
22664,83.33,119.30,0
22676,83.33,168.27,0
22687,90.91,228.94,0
22699,83.33,262.81,0
22710,90.91,240.30,0
22721,90.91,179.80,0
22732,90.91,126.80,0
22745,76.92,110.39,0
22756,90.91,144.92,0
22767,90.91,202.13,0
22778,90.91,251.01,0
22790,83.33,256.86,0
22802,90.91,211.40,0
22813,83.33,148.93,0
22824,90.91,110.42,0
22836,83.33,123.33,0
22847,90.91,174.91,0
22858,90.91,233.49,0
22871,76.92,263.84,0
22882,90.91,236.09,0
22893,90.91,169.85,0
22904,90.91,117.72,0
22916,83.33,109.07,0
22927,90.91,145.37,0
22939,83.33,205.64,0
22950,90.91,255.82,0
22962,83.33,257.77,0
22973,90.91,202.92,0
22984,90.91,137.40,0
22995,90.91,103.08,0
23008,76.92,125.08,0
23019,90.91,182.09,0
23030,90.91,239.82,0
23042,83.33,265.68,0
23053,90.91,231.41,0
23065,90.91,166.61,0
23076,83.33,116.57,0
23088,83.33,108.82,0
23099,90.91,152.41,0
23110,90.91,215.16,0
23121,90.91,261.83,0
23134,76.92,251.91,0
23145,90.91,194.23,0
23156,90.91,134.16,0
23168,83.33,108.00,0
23179,90.91,128.51,0
23190,90.91,187.64,0
23202,83.33,245.28,0
23214,83.33,264.40,0
23225,90.91,221.93,0
23236,90.91,154.47,0
23247,90.91,112.51,0
23259,83.33,116.13,0
23271,83.33,162.32,0
23282,90.91,223.43,0
23293,90.91,262.05,0
23305,83.33,246.16,0
23316,90.91,188.37,0
23328,90.91,128.09,0
23340,76.92,106.65,0
23351,90.91,139.39,0
23362,90.91,198.56,0
23373,90.91,248.87,0
23385,83.33,257.27,0
23397,83.33,211.53,0
23408,90.91,148.00,0
23419,90.91,109.92,0
23431,83.33,120.18,0
23442,90.91,171.05,0
23453,90.91,229.36,0
23465,83.33,263.93,0
23477,83.33,240.38,0
23488,90.91,178.17,0
23499,90.91,123.40,0
23511,83.33,112.40,0
23522,90.91,149.73,0
23534,83.33,209.51,0
23545,90.91,254.82,0
23557,83.33,253.54,0
23568,90.91,201.20,0
23579,90.91,137.93,0
23591,90.91,109.96,0
23603,76.92,128.34,0
23614,90.91,181.19,0
23625,90.91,237.89,0
23636,90.91,262.00,0
23648,83.33,232.87,0
23660,83.33,169.35,0
23671,90.91,118.45,0
23683,83.33,112.80,0
23694,90.91,154.56,0
23705,90.91,214.23,0
23716,90.91,259.11,0
23729,76.92,250.48,0
23740,90.91,196.22,0
23751,90.91,134.98,0
23762,90.91,109.42,0
23774,83.33,132.80,0
23785,90.91,186.69,0
23797,83.33,243.85,0
23809,83.33,263.13,0
23820,90.91,226.30,0
23831,90.91,163.84,0
23842,90.91,117.04,0
23855,83.33,112.87,0
23866,83.33,156.29,0
23877,90.91,218.59,0
23888,90.91,261.04,0
23900,83.33,249.34,0
23911,90.91,189.16,0
23923,83.33,127.40,0
23934,90.91,110.48,0
23946,83.33,138.96,0
23957,90.91,192.27,0
23968,90.91,244.82,0
23980,83.33,257.17,0
23992,83.33,216.44,0
24003,90.91,150.65,0
24014,90.91,110.04,0
24026,83.33,118.13,0
24037,90.91,166.22,0
24048,90.91,224.41,0
24060,83.33,262.01,0
24072,83.33,245.75,0
24083,90.91,184.24,0
24094,90.91,128.08,0
24105,90.91,109.53,0
24118,83.33,142.78,0
24129,83.33,202.33,0
24140,90.91,256.54,0
24152,83.33,262.48,0
24163,90.91,209.39,0
24174,90.91,144.00,0
24186,83.33,108.55,0
24198,83.33,121.99,0
24209,90.91,176.32,0
24220,90.91,233.78,0
24231,90.91,260.11,0
24243,83.33,232.76,0
24255,83.33,167.97,0
24266,90.91,117.97,0
24278,83.33,113.30,0
24289,90.91,150.02,0
24300,90.91,207.55,0
24311,90.91,251.13,0
24324,76.92,253.54,0
24335,90.91,198.27,0
24346,90.91,137.28,0
24357,90.91,111.52,0
24369,83.33,131.03,0
24381,90.91,185.52,0
24392,83.33,243.83,0
24403,90.91,265.96,0
24415,83.33,222.76,0
24426,90.91,157.03,0
24437,90.91,112.92,0
24450,76.92,113.73,0
24461,90.91,158.09,0
24472,90.91,216.30,0
24483,90.91,259.96,0
24495,83.33,246.91,0
24506,90.91,187.88,0
24518,83.33,129.94,0
24529,90.91,107.73,0
24541,83.33,135.98,0
24552,90.91,195.18,0
24563,90.91,246.91,0
24574,90.91,260.58,0
24587,76.92,217.73,0
24598,90.91,152.69,0
24609,90.91,112.08,0
24621,83.33,118.84,0
24632,90.91,167.39,0
24644,90.91,228.82,0
24655,83.33,261.96,0
24667,83.33,242.13,0
24678,90.91,181.09,0
24689,90.91,125.97,0
24700,90.91,108.14,0
24713,76.92,142.61,0
24724,90.91,199.95,0
24735,90.91,250.51,0
24747,83.33,255.71,0
24758,90.91,206.07,0
24769,90.91,143.90,0
24781,83.33,109.46,0
24793,83.33,124.21,0
24804,90.91,178.20,0
24815,90.91,234.87,0
24826,90.91,262.74,0
24838,83.33,235.54,0
24850,83.33,173.02,0
24861,90.91,122.96,0
24872,90.91,113.35,0
24884,83.33,153.12,0
24895,90.91,211.44,0
24907,90.91,256.60,0
24919,76.92,255.83,0
24930,90.91,201.47,0
24941,90.91,137.96,0
24952,90.91,109.34,0
24964,83.33,131.77,0
24976,83.33,184.96,0
24987,90.91,238.52,0
24998,90.91,260.68,0
25010,83.33,225.37,0
25021,90.91,163.11,0
25032,90.91,117.18,0
25044,83.33,115.05,0
25056,83.33,159.22,0
25067,90.91,217.55,0
25078,90.91,259.28,0
25090,83.33,246.72,0
25101,90.91,190.73,0
25113,83.33,132.06,0
25124,90.91,107.73,0
25136,83.33,135.42,0
25147,90.91,195.55,0
25158,90.91,248.25,0
25170,90.91,257.11,0
25182,76.92,214.64,0
25193,90.91,152.52,0
25204,90.91,112.41,0
25216,83.33,120.22,0
25227,90.91,167.56,0
25239,83.33,224.54,0
25250,90.91,258.09,0
25262,83.33,238.95,0
25273,90.91,181.17,0
25284,90.91,126.59,0
25295,90.91,112.91,0
25308,76.92,145.18,0
25319,90.91,201.80,0
25330,90.91,250.56,0
25341,90.91,254.41,0
25353,83.33,205.63,0
25364,90.91,142.28,0
25376,83.33,110.04,0
25388,83.33,126.06,0
25399,90.91,174.98,0
25410,90.91,235.19,0
25421,90.91,259.03,0
25433,83.33,230.09,0
25445,83.33,168.57,0
25456,90.91,120.87,0
25467,90.91,117.36,0
25479,83.33,154.92,0
25490,90.91,211.90,0
25502,90.91,255.90,0
25513,90.91,252.75,0
25525,83.33,199.22,0
25536,90.91,138.42,0
25547,90.91,109.15,0
25559,83.33,128.41,0
25571,83.33,183.76,0
25582,90.91,240.44,0
25593,90.91,261.89,0
25605,83.33,225.71,0
25616,90.91,159.69,0
25627,90.91,114.43,0
25639,83.33,116.24,0
25651,83.33,162.16,0
25662,90.91,220.07,0
25673,90.91,259.29,0
25684,90.91,249.21,0
25696,83.33,192.20,0
25708,83.33,130.61,0
25719,90.91,110.15,0
25731,83.33,136.20,0
25742,90.91,192.43,0
25753,90.91,245.28,0
25765,90.91,260.18,0
25777,76.92,216.70,0
25788,90.91,153.38,0
25799,90.91,114.68,0
25810,90.91,115.95,0
25822,83.33,162.88,0
25834,83.33,225.08,0
25845,90.91,261.33,0
25857,83.33,241.00,0
25868,90.91,180.39,0
25879,90.91,125.46,0
25890,90.91,106.10,0
25903,76.92,137.25,0
25914,90.91,201.43,0
25925,90.91,250.68,0
25936,90.91,260.09,0
25948,83.33,211.91,0
25959,90.91,146.64,0
25971,83.33,109.50,0
25982,90.91,119.32,0
25994,83.33,173.54,0
26005,90.91,232.32,0
26016,90.91,260.81,0
26029,83.33,237.56,0
26040,83.33,169.74,0
26051,90.91,117.74,0
26062,90.91,109.21,0
26074,83.33,150.41,0
26085,90.91,212.46,0
26097,83.33,255.50,0
26108,90.91,254.85,0
26120,83.33,202.45,0
26131,90.91,137.54,0
26142,90.91,108.37,0
26153,90.91,129.83,0
26166,76.92,183.40,0
26177,90.91,238.48,0
26188,90.91,260.28,0
26200,83.33,228.03,0
26211,90.91,161.82,0
26222,90.91,117.59,0
26234,83.33,117.78,0
26246,83.33,159.81,0
26257,90.91,220.15,0
26268,90.91,260.57,0
26279,90.91,246.97,0
26292,83.33,188.26,0
26303,83.33,129.04,0
26314,90.91,108.54,0
26326,83.33,140.51,0
26337,90.91,194.95,0
26348,90.91,246.17,0
26360,83.33,260.24,0
26372,83.33,216.54,0
26383,90.91,151.48,0
26394,90.91,111.56,0
26405,90.91,118.44,0
26417,83.33,166.79,0
26429,83.33,223.07,0
26440,90.91,261.45,0
26451,90.91,243.37,0
26463,83.33,181.29,0
26474,90.91,125.38,0
26485,90.91,109.66,0
26498,76.92,141.94,0
26509,90.91,201.06,0
26520,90.91,252.55,0
26531,90.91,255.50,0
26543,83.33,208.30,0
26555,90.91,145.15,0
26566,83.33,111.28,0
26577,90.91,122.80,0
26589,83.33,174.03,0
26600,90.91,231.45,0
26611,90.91,260.39,0
26624,76.92,235.64,0
26635,90.91,174.35,0
26646,90.91,122.79,0
26657,90.91,113.04,0
26669,83.33,149.33,0
26680,90.91,207.11,0
26692,83.33,254.24,0
26703,90.91,256.15,0
26715,83.33,203.37,0
26726,90.91,136.06,0
26737,90.91,108.27,0
26748,90.91,131.88,0
26761,76.92,184.17,0
26772,90.91,238.65,0
26783,90.91,261.29,0
26795,83.33,225.86,0
26806,90.91,163.86,0
26818,90.91,120.35,0
26829,83.33,118.99,0
26841,83.33,158.51,0
26852,90.91,215.78,0
26863,90.91,257.80,0
26874,90.91,248.38,0
26887,76.92,191.06,0
26898,90.91,134.32,0
26909,90.91,108.17,0
26920,90.91,131.73,0
26932,83.33,192.06,0
26943,90.91,247.61,0
26955,83.33,262.80,0
26967,83.33,222.81,0
26978,90.91,155.85,0
26989,90.91,113.07,0
27000,90.91,116.66,0
27012,83.33,162.10,0
27024,83.33,222.00,0
27035,90.91,263.24,0
27046,90.91,246.63,0
27058,83.33,181.50,0
27069,90.91,122.47,0
27081,90.91,107.04,0
27092,83.33,138.02,0
27104,83.33,196.33,0
27115,90.91,251.05,0
27126,90.91,261.58,0
27138,83.33,212.47,0
27150,83.33,148.28,0
27161,90.91,113.10,0
27172,90.91,124.59,0
27184,83.33,175.19,0
27195,90.91,233.38,0
27206,90.91,262.73,0
27218,83.33,235.00,0
27230,83.33,175.25,0
27241,90.91,121.31,0
27252,90.91,107.33,0
27264,83.33,144.15,0
27275,90.91,204.60,0
27287,83.33,254.83,0
27298,90.91,256.94,0
27310,83.33,202.44,0
27321,90.91,137.29,0
27332,90.91,108.02,0
27344,90.91,125.48,0
27356,76.92,180.59,0
27367,90.91,240.14,0
27378,90.91,264.11,0
27389,90.91,227.93,0
27401,83.33,160.92,0
27413,83.33,114.98,0
27424,90.91,114.73,0
27436,83.33,153.84,0
27447,90.91,212.09,0
27458,90.91,257.88,0
27469,90.91,248.48,0
27482,76.92,191.61,0
27493,90.91,131.73,0
27504,90.91,108.32,0
27515,90.91,135.66,0
27527,83.33,192.75,0
27538,90.91,245.24,0
27550,83.33,262.31,0
27561,90.91,221.74,0
27573,83.33,159.26,0
27584,90.91,116.22,0
27595,90.91,120.70,0
27608,83.33,164.15,0
27619,90.91,219.93,0
27630,90.91,261.04,0
27641,90.91,245.47,0
27653,83.33,184.64,0
27664,90.91,127.62,0
27676,83.33,111.44,0
27687,90.91,142.58,0
27699,83.33,199.96,0
27710,90.91,251.36,0
27721,90.91,257.96,0
27732,90.91,211.16,0
27745,76.92,147.76,0
27756,90.91,112.30,0
27767,90.91,124.02,0
27779,83.33,174.54,0
27790,90.91,231.87,0
27801,90.91,258.82,0
27813,83.33,231.04,0
27825,83.33,172.12,0
27836,90.91,121.55,0
27847,90.91,113.55,0
27858,90.91,151.15,0
27871,76.92,209.96,0
27882,90.91,254.24,0
27893,90.91,252.93,0
27905,83.33,199.84,0
27916,90.91,137.80,0
27927,90.91,107.84,0
27939,83.33,129.49,0
27951,83.33,182.36,0
27962,90.91,237.18,0
27973,90.91,259.72,0
27984,90.91,228.11,0
27996,83.33,167.30,0
28008,83.33,121.51,0
28019,90.91,117.00,0
28030,90.91,154.74,0
28042,83.33,213.75,0
28053,90.91,257.34,0
28065,90.91,248.76,0
28077,76.92,192.97,0
28088,90.91,134.06,0
28099,90.91,109.97,0
28110,90.91,134.93,0
28122,83.33,191.93,0
28134,83.33,245.04,0
28145,90.91,260.18,0
28156,90.91,220.15,0
28168,83.33,155.89,0
28179,90.91,112.61,0
28190,90.91,116.56,0
28203,76.92,161.79,0
28214,90.91,221.41,0
28225,90.91,260.17,0
28236,90.91,245.94,0
28248,83.33,186.94,0
28259,90.91,128.89,0
28271,83.33,112.22,0
28282,90.91,141.46,0
28294,83.33,194.18,0
28305,90.91,245.19,0
28316,90.91,255.49,0
28327,90.91,211.43,0
28340,76.92,149.00,0
28351,90.91,113.46,0
28362,90.91,122.68,0
28374,83.33,173.53,0
28385,90.91,232.13,0
28397,83.33,260.93,0
28408,90.91,237.73,0
28420,83.33,175.34,0
28431,90.91,121.85,0
28442,90.91,112.30,0
28453,90.91,151.68,0
28466,76.92,208.71,0
28477,90.91,255.28,0
28488,90.91,253.58,0
28499,90.91,202.70,0
28511,83.33,140.67,0
28522,90.91,112.52,0
28534,83.33,131.34,0
28546,83.33,183.29,0
28557,90.91,237.29,0
28568,90.91,259.16,0
28579,90.91,225.89,0
28592,83.33,160.57,0
28603,83.33,117.44,0
28614,90.91,117.52,0
28625,90.91,159.86,0
28637,83.33,215.94,0
28648,90.91,253.61,0
28660,83.33,244.66,0
28672,83.33,190.23,0
28683,90.91,132.85,0
28694,90.91,109.32,0
28705,90.91,135.88,0
28717,83.33,193.43,0
28729,83.33,245.23,0
28740,90.91,259.53,0
28751,90.91,220.10,0
28763,83.33,154.19,0
28774,90.91,110.60,0
28785,90.91,118.46,0
28797,83.33,165.58,0
28809,83.33,220.56,0
28820,90.91,254.19,0
28831,90.91,240.44,0
28843,83.33,181.90,0
28855,90.91,128.44,0
28866,83.33,111.25,0
28877,90.91,144.76,0
28889,83.33,199.10,0
28900,90.91,250.51,0
28911,90.91,257.13,0
28923,83.33,210.73,0
28935,83.33,150.28,0
28946,90.91,113.18,0
28957,90.91,122.87,0
28968,90.91,172.63,0
28980,83.33,230.19,0
28992,83.33,260.06,0
29003,90.91,235.30,0
29015,83.33,175.26,0
29026,90.91,123.02,0
29037,90.91,112.06,0
29048,90.91,149.98,0
29061,76.92,208.17,0
29072,90.91,255.00,0
29083,90.91,253.21,0
29094,90.91,201.99,0
29106,83.33,143.51,0
29118,90.91,111.54,0
29129,83.33,124.96,0
29140,90.91,180.57,0
29152,83.33,237.50,0
29163,90.91,262.23,0
29174,90.91,230.76,0
29187,76.92,168.38,0
29198,90.91,116.28,0
29209,90.91,112.95,0
29220,90.91,156.01,0
29232,83.33,215.07,0
29243,90.91,258.73,0
29255,83.33,251.39,0
29266,90.91,195.87,0
29278,83.33,134.50,0
29289,90.91,109.03,0
29300,90.91,133.42,0
29312,83.33,189.47,0
29324,83.33,244.54,0
29335,90.91,263.09,0
29346,90.91,222.32,0
29358,83.33,157.79,0
29369,90.91,115.44,0
29381,90.91,116.17,0
29392,83.33,160.25,0
29404,83.33,220.81,0
29415,90.91,258.38,0
29426,90.91,243.66,0
29437,90.91,187.93,0
29450,76.92,131.54,0
29461,90.91,108.62,0
29472,90.91,138.46,0
29484,83.33,198.16,0
29495,90.91,248.73,0
29506,90.91,258.89,0
29518,83.33,215.76,0
29530,83.33,149.85,0
29541,90.91,108.54,0
29552,90.91,119.37,0
29563,90.91,170.53,0
29575,83.33,228.36,0
29587,83.33,258.17,0
29598,90.91,234.62,0
29609,90.91,173.57,0
29621,83.33,123.03,0
29632,90.91,112.37,0
29644,90.91,148.47,0
29656,76.92,204.92,0
29667,90.91,253.69,0
29678,90.91,255.90,0
29689,90.91,202.74,0
29701,83.33,138.77,0
29713,83.33,109.65,0
29724,90.91,126.50,0
29735,90.91,177.73,0
29747,83.33,233.07,0
29758,90.91,259.69,0
29769,90.91,228.38,0
29782,76.92,165.98,0
29793,90.91,120.03,0
29804,90.91,117.07,0
29815,90.91,158.60,0
29827,83.33,211.82,0
29838,90.91,253.82,0
29850,83.33,246.53,0
29861,90.91,193.68,0
29873,83.33,134.65,0
29884,90.91,112.28,0
29895,90.91,136.78,0
29907,90.91,190.96,0
29919,76.92,240.56,0
29930,90.91,258.33,0
29941,90.91,223.04,0
29953,83.33,161.37,0
29964,90.91,115.79,0
29976,83.33,116.96,0
29987,90.91,163.89,0
29999,83.33,222.63,0
30010,90.91,260.07,0
30021,90.91,244.62,0
30032,90.91,185.40,0
30045,76.92,130.94,0
30056,90.91,109.56,0
30067,90.91,137.37,0
30078,90.91,195.86,0
30090,83.33,244.54,0
30101,90.91,256.37,0
30113,83.33,218.34,0
30125,83.33,154.09,0
30136,90.91,114.92,0
30147,90.91,124.27,0
30158,90.91,173.24,0
30171,83.33,228.75,0
30182,83.33,263.20,0
30193,90.91,238.88,0
30204,90.91,176.01,0
30216,83.33,124.52,0
30227,90.91,106.95,0
30239,83.33,141.97,0
30251,83.33,201.77,0
30262,90.91,253.26,0
30273,90.91,259.17,0
30284,90.91,206.49,0
30296,83.33,143.03,0
30308,83.33,110.47,0
30319,90.91,124.05,0
30330,90.91,176.79,0
30342,83.33,236.02,0
30353,90.91,265.15,0
30364,90.91,235.22,0
30376,83.33,167.29,0
30388,83.33,120.35,0
30399,90.91,113.95,0
30410,90.91,154.04,0
30422,83.33,213.22,0
30434,90.91,256.72,0
30445,83.33,255.58,0
30456,90.91,201.36,0
30468,83.33,135.25,0
30479,90.91,105.89,0
30490,90.91,131.48,0
30502,83.33,187.91,0
30514,83.33,246.42,0
30525,90.91,265.22,0
30536,90.91,224.29,0
30547,90.91,157.61,0
30559,83.33,115.16,0
30571,83.33,116.49,0
30582,90.91,159.85,0
30594,83.33,216.27,0
30605,90.91,256.40,0
30616,90.91,247.39,0
30627,90.91,192.41,0
30640,76.92,134.68,0
30651,90.91,109.26,0
30662,90.91,135.76,0
30673,90.91,193.99,0
30685,83.33,247.79,0
30697,83.33,263.76,0
30708,90.91,219.51,0
30720,83.33,151.28,0
30731,90.91,109.93,0
30742,90.91,121.04,0
30753,90.91,169.15,0
30766,76.92,226.44,0
30777,90.91,258.87,0
30788,90.91,236.79,0
30799,90.91,178.25,0
30811,83.33,124.18,0
30822,90.91,108.25,0
30834,83.33,141.40,0
30845,90.91,200.83,0
30857,83.33,248.79,0
30868,90.91,256.54,0
30879,90.91,207.65,0
30892,83.33,143.88,0
30903,83.33,111.69,0
30914,90.91,126.47,0
30925,90.91,177.19,0
30937,83.33,234.91,0
30948,90.91,263.20,0
30960,83.33,234.01,0
30971,90.91,169.29,0
30983,83.33,119.61,0
30994,90.91,111.82,0
31005,90.91,152.18,0
31016,90.91,211.48,0
31029,76.92,255.27,0
31040,90.91,253.19,0
31051,90.91,201.00,0
31063,83.33,137.38,0
31074,90.91,108.46,0
31085,90.91,128.79,0
31097,83.33,184.42,0
31109,83.33,242.85,0
31120,90.91,265.54,0
31131,90.91,225.33,0
31142,90.91,157.79,0
31155,83.33,111.08,0
31166,83.33,114.14,0
31177,90.91,161.98,0
31188,90.91,221.31,0
31200,83.33,261.88,0
31211,90.91,249.15,0
31223,83.33,186.43,0
31235,83.33,127.17,0
31246,90.91,108.43,0
31257,90.91,135.06,0
31268,90.91,193.45,0
31280,83.33,251.07,0
31292,83.33,264.38,0
31303,90.91,219.97,0
31314,90.91,154.33,0
31326,83.33,107.75,0
31337,90.91,116.20,0
31348,90.91,167.61,0
31361,76.92,227.38,0
31372,90.91,264.55,0
31383,90.91,242.69,0
31394,90.91,180.65,0
31406,83.33,123.38,0
31418,90.91,111.32,0
31429,83.33,147.08,0
31440,90.91,205.51,0
31452,83.33,253.28,0
31463,90.91,257.47,0
31474,90.91,210.09,0
31486,83.33,145.14,0
31498,83.33,107.78,0
31509,90.91,122.98,0
31520,90.91,178.02,0
31532,83.33,234.96,0
31543,90.91,264.43,0
31555,83.33,235.30,0
31566,90.91,166.40,0
31578,83.33,115.48,0
31589,90.91,110.19,0
31600,90.91,151.62,0
31612,90.91,211.45,0
31624,76.92,256.94,0
31635,90.91,255.43,0
31646,90.91,200.38,0
31657,90.91,132.63,0
31669,83.33,105.09,0
31681,83.33,127.32,0
31692,90.91,185.40,0
31704,83.33,243.67,0
31715,90.91,265.67,0
31726,90.91,229.83,0
31737,90.91,161.82,0
31750,76.92,113.32,0
31761,90.91,112.69,0
31772,90.91,160.39,0
31783,90.91,221.96,0
31795,83.33,262.17,0
31806,90.91,249.98,0
31818,83.33,189.28,0
31830,83.33,129.43,0
31841,90.91,108.69,0
31852,90.91,137.94,0
31863,90.91,196.73,0
31876,83.33,248.51,0
31887,83.33,261.77,0
31898,90.91,216.68,0
31909,90.91,149.69,0
31921,83.33,108.91,0
31932,90.91,116.66,0
31944,83.33,168.97,0
31955,90.91,230.10,0
31967,83.33,263.21,0
31978,90.91,238.69,0
31989,90.91,177.20,0
32001,83.33,121.22,0
32013,83.33,109.50,0
32024,90.91,145.45,0
32035,90.91,205.45,0
32047,83.33,254.09,0
32058,90.91,256.70,0
32069,90.91,207.87,0
32081,83.33,141.03,0
32093,83.33,107.80,0
32104,90.91,124.23,0
32115,90.91,179.62,0
32126,90.91,237.76,0
32139,83.33,262.27,0
32150,83.33,227.61,0
32161,90.91,164.30,0
32173,83.33,117.94,0
32184,90.91,112.25,0
32195,90.91,151.92,0
32207,83.33,214.35,0
32219,83.33,260.87,0
32230,90.91,251.25,0
32241,90.91,194.51,0
32252,90.91,134.84,0
32264,83.33,109.44,0
32276,83.33,135.02,0
32287,90.91,192.45,0
32299,83.33,244.16,0
32310,90.91,258.23,0
32321,90.91,220.84,0
32332,90.91,157.44,0
32345,76.92,114.93,0
32356,90.91,119.35,0
32367,90.91,167.32,0
32378,90.91,225.88,0
32390,83.33,259.95,0
32402,90.91,241.99,0
32413,83.33,182.72,0
32424,90.91,126.27,0
32436,83.33,108.76,0
32447,90.91,141.69,0
32458,90.91,198.56,0
32471,76.92,250.40,0
32482,90.91,258.71,0
32493,90.91,214.23,0
32504,90.91,149.28,0
32516,83.33,108.86,0
32527,90.91,121.55,0
32539,83.33,171.62,0
32550,90.91,229.14,0
32562,83.33,262.87,0
32573,90.91,242.78,0
32584,90.91,180.37,0
32595,90.91,121.83,0
32608,76.92,109.43,0
32619,90.91,147.19,0
32630,90.91,207.12,0
32642,83.33,256.14,0
32653,90.91,256.46,0
32665,90.91,204.03,0
32676,83.33,141.14,0
32688,83.33,111.67,0
32699,90.91,129.33,0
32710,90.91,181.39,0
32721,90.91,234.02,0
32734,76.92,261.63,0
32745,90.91,231.21,0
32756,90.91,166.37,0
32768,83.33,118.31,0
32779,90.91,111.48,0
32790,90.91,151.11,0
32802,83.33,213.74,0
32814,83.33,260.49,0
32825,90.91,251.75,0
32836,90.91,196.14,0
32847,90.91,135.78,0
32860,83.33,110.88,0
32871,83.33,133.59,0
32882,90.91,188.72,0
32893,90.91,241.53,0
32905,83.33,258.42,0
32916,90.91,223.30,0
32928,83.33,160.80,0
32940,83.33,117.69,0
32951,90.91,121.10,0
32962,90.91,163.14,0
32973,90.91,223.80,0
32985,83.33,261.21,0
32997,83.33,243.58,0
33008,90.91,181.20,0
33019,90.91,127.69,0
33031,83.33,113.19,0
33042,90.91,144.45,0
33053,90.91,199.35,0
33065,83.33,249.47,0
33077,83.33,254.66,0
33088,90.91,210.13,0
33099,90.91,150.36,0
33111,83.33,111.48,0
33123,90.91,123.62,0
33134,83.33,172.99,0
33145,90.91,232.09,0
33157,83.33,260.27,0
33168,90.91,237.63,0
33179,90.91,178.58,0
33191,83.33,123.45,0
33203,83.33,111.55,0
33214,90.91,150.14,0
33225,90.91,207.89,0
33236,90.91,254.02,0
33248,83.33,256.14,0
33260,83.33,199.66,0
33271,90.91,139.58,0
33283,83.33,110.55,0
33294,90.91,128.19,0
33305,90.91,179.40,0
33316,90.91,236.98,0
33329,76.92,261.16,0
33340,90.91,229.43,0
33351,90.91,163.56,0
33362,90.91,117.52,0
33374,83.33,115.55,0
33386,90.91,156.23,0
33397,83.33,216.30,0
33409,83.33,258.72,0
33420,90.91,250.88,0
33431,90.91,195.05,0
33442,90.91,136.28,0
33455,76.92,109.38,0
33466,90.91,135.69,0
33477,90.91,189.93,0
33488,90.91,241.74,0
33500,83.33,258.00,0
33511,90.91,223.68,0
33523,83.33,161.26,0
33534,90.91,116.06,0
33546,83.33,116.06,0
33557,90.91,160.43,0
33568,90.91,221.84,0
33580,83.33,262.06,0
33592,83.33,245.19,0
33603,90.91,184.01,0
33614,90.91,127.99,0
33626,83.33,111.06,0
33637,90.91,140.78,0
33649,90.91,198.85,0
33660,83.33,251.95,0
33672,83.33,258.73,0
33683,90.91,213.33,0
33694,90.91,149.31,0
33705,90.91,109.22,0
33718,76.92,119.70,0
33729,90.91,171.07,0
33740,90.91,230.26,0
33752,83.33,263.61,0
33763,90.91,238.44,0
33774,90.91,177.47,0
33786,83.33,119.16,0
33798,83.33,106.50,0
33809,90.91,148.80,0
33820,90.91,208.57,0
33831,90.91,256.12,0
33843,83.33,255.97,0
33855,83.33,202.35,0
33866,90.91,139.59,0
33878,83.33,108.86,0
33889,90.91,128.11,0
33900,90.91,182.43,0
33912,90.91,236.39,0
33924,76.92,262.12,0
33935,90.91,230.73,0
33946,90.91,166.53,0
33957,90.91,118.81,0
33969,83.33,114.95,0
33981,83.33,158.23,0
33992,90.91,216.93,0
34003,90.91,258.43,0
34015,83.33,251.81,0
34026,90.91,193.96,0
34037,90.91,131.95,0
34050,76.92,109.83,0
34061,90.91,133.40,0
34072,90.91,190.29,0
34083,90.91,246.44,0
34095,83.33,261.96,0
34106,90.91,222.02,0
34118,83.33,155.03,0
34129,90.91,110.69,0
34141,83.33,115.04,0
34152,90.91,159.50,0
34163,90.91,217.64,0
34176,76.92,261.60,0
34187,90.91,247.24,0
34198,90.91,187.96,0
34209,90.91,127.74,0
34221,83.33,109.64,0
34232,90.91,139.04,0
34244,83.33,199.44,0
34255,90.91,251.42,0
34267,83.33,258.22,0
34278,90.91,214.86,0
34289,90.91,149.94,0
34300,90.91,109.80,0
34313,76.92,118.69,0
34324,90.91,172.03,0
34335,90.91,233.60,0
34347,83.33,263.47,0
34358,90.91,238.95,0
34370,90.91,177.22,0
34381,83.33,119.51,0
34393,83.33,109.99,0
34404,90.91,148.58,0
34415,90.91,208.77,0
34426,90.91,255.83,0
34439,76.92,255.86,0
34450,90.91,205.54,0
34461,90.91,139.49,0
34472,90.91,105.75,0
34484,83.33,126.21,0
34495,90.91,180.27,0
34507,83.33,237.88,0
34519,83.33,261.69,0
34530,90.91,230.98,0
34541,90.91,166.62,0
34552,90.91,117.28,0
34564,83.33,114.09,0
34576,83.33,155.27,0
34587,90.91,214.31,0
34598,90.91,258.12,0
34610,83.33,250.75,0
34621,90.91,194.35,0
34633,90.91,131.90,0
34644,83.33,105.65,0
34656,83.33,129.86,0
34667,90.91,191.01,0
34678,90.91,247.21,0
34690,83.33,261.98,0
34702,83.33,222.25,0
34713,90.91,157.50,0
34724,90.91,113.28,0
34736,83.33,119.97,0
34747,90.91,163.94,0
34758,90.91,223.06,0
34770,83.33,261.63,0
34782,83.33,247.80,0
34793,90.91,186.80,0
34804,90.91,128.70,0
34816,83.33,107.44,0
34827,90.91,137.34,0
34839,83.33,196.73,0
34850,90.91,250.61,0
34862,83.33,261.70,0
34873,90.91,217.33,0
34884,90.91,150.94,0
34896,90.91,111.70,0
34908,76.92,122.84,0
34919,90.91,171.74,0
34930,90.91,229.49,0
34941,90.91,263.25,0
34953,83.33,238.40,0
34965,83.33,177.19,0
34976,90.91,123.22,0
34988,83.33,110.91,0
34999,90.91,146.39,0
35010,90.91,205.50,0
35021,90.91,253.13,0
35034,76.92,258.12,0
35045,90.91,206.77,0
35056,90.91,142.32,0
35067,90.91,109.39,0
35079,83.33,125.27,0
35090,90.91,178.95,0
35102,83.33,236.63,0
35113,90.91,262.56,0
35125,83.33,231.09,0
35136,90.91,165.78,0
35147,90.91,115.60,0
35160,83.33,111.14,0
35171,83.33,153.52,0
35182,90.91,216.29,0
35193,90.91,257.20,0
35205,83.33,247.70,0
35216,90.91,199.25,0
35228,83.33,139.54,0
35239,90.91,110.13,0
35251,83.33,130.48,0
35262,90.91,186.60,0
35273,90.91,241.99,0
35284,90.91,262.20,0
35297,76.92,224.46,0
35308,90.91,160.36,0
35319,90.91,115.23,0
35331,83.33,115.89,0
35342,90.91,160.16,0
35353,90.91,217.36,0
35365,83.33,258.85,0
35377,83.33,244.96,0
35388,90.91,186.80,0
35399,90.91,130.56,0
35410,90.91,110.11,0
35423,76.92,136.90,0
35434,90.91,194.99,0
35445,90.91,245.50,0
35457,83.33,256.08,0
35468,90.91,214.25,0
35479,90.91,153.22,0
35491,83.33,112.92,0
35503,83.33,121.02,0
35514,90.91,171.26,0
35525,90.91,227.11,0
35536,90.91,258.75,0
35548,83.33,238.02,0
35560,83.33,177.80,0
35571,90.91,123.26,0
35582,90.91,109.20,0
35594,83.33,148.72,0
35605,90.91,207.41,0
35617,90.91,254.81,0
35629,76.92,255.68,0
35640,90.91,203.40,0
35651,90.91,140.61,0
35662,90.91,110.60,0
35674,83.33,132.06,0
35686,83.33,178.38,0
35697,90.91,231.23,0
35708,90.91,259.92,0
35720,83.33,226.06,0
35731,90.91,166.24,0
35742,90.91,121.09,0
35755,76.92,117.14,0
35766,90.91,151.30,0
35777,90.91,211.19,0
35788,90.91,253.05,0
35800,83.33,247.06,0
35811,90.91,191.90,0
35823,83.33,131.96,0
35834,90.91,111.24,0
35846,83.33,138.26,0
35857,90.91,191.73,0
35868,90.91,238.77,0
35880,90.91,255.58,0
35892,76.92,222.32,0
35903,90.91,162.19,0
35914,90.91,118.51,0
35926,83.33,119.31,0
35937,90.91,161.51,0
35949,83.33,215.94,0
35960,90.91,255.26,0
35972,83.33,244.79,0
35983,90.91,189.05,0
35994,90.91,130.14,0
36005,90.91,109.16,0
36018,76.92,136.68,0
36029,90.91,193.43,0
36040,90.91,246.56,0
36051,90.91,257.62,0
36063,83.33,216.57,0
36074,90.91,153.26,0
36086,83.33,111.94,0
36098,83.33,119.18,0
36109,90.91,171.87,0
36120,90.91,229.50,0
36131,90.91,261.33,0
36144,83.33,241.02,0
36155,83.33,181.74,0
36166,90.91,124.74,0
36177,90.91,109.91,0
36189,83.33,145.50,0
36200,90.91,203.09,0
36212,83.33,252.68,0
36224,83.33,259.70,0
36235,90.91,211.99,0
36246,90.91,146.08,0
36257,90.91,110.84,0
36269,83.33,125.72,0
36281,83.33,174.52,0
36292,90.91,232.39,0
36303,90.91,264.55,0
36315,83.33,238.51,0
36326,90.91,171.35,0
36337,90.91,120.87,0
36349,83.33,111.29,0
36361,83.33,149.67,0
36372,90.91,209.58,0
36383,90.91,259.95,0
36395,83.33,258.78,0
36407,90.91,203.07,0
36418,83.33,138.18,0
36429,90.91,105.98,0
36441,83.33,125.27,0
36452,90.91,181.11,0
36463,90.91,240.37,0
36475,83.33,265.38,0
36487,83.33,232.90,0
36498,90.91,170.13,0
36509,90.91,118.68,0
36520,90.91,114.34,0
36532,83.33,156.22,0
36544,83.33,215.32,0
36555,90.91,264.81,0
36567,83.33,257.42,0
36578,90.91,196.30,0
36589,90.91,133.28,0
36600,90.91,105.79,0
36613,76.92,129.14,0
36624,90.91,186.90,0
36635,90.91,244.82,0
36646,90.91,265.55,0
36658,83.33,223.13,0
36670,90.91,160.17,0
36681,83.33,113.89,0
36692,90.91,116.12,0
36704,83.33,160.79,0
36715,90.91,219.72,0
36726,90.91,260.37,0
36739,76.92,248.77,0
36750,90.91,189.01,0
36761,90.91,131.67,0
36772,90.91,107.25,0
36784,83.33,137.00,0
36795,90.91,198.24,0
36807,83.33,248.05,0
36818,90.91,261.45,0
36830,83.33,217.53,0
36841,90.91,151.89,0
36852,90.91,113.77,0
36864,83.33,122.43,0
36876,83.33,169.94,0
36887,90.91,226.66,0
36898,90.91,263.32,0
36910,83.33,240.46,0
36921,90.91,177.37,0
36933,83.33,124.28,0
36944,90.91,111.42,0
36956,83.33,148.11,0
36967,90.91,203.25,0
36978,90.91,252.25,0
36989,90.91,255.76,0
37002,76.92,203.51,0
37013,90.91,139.87,0
37024,90.91,111.90,0
37036,83.33,126.55,0
37047,90.91,176.76,0
37058,90.91,235.38,0
37070,83.33,260.83,0
37082,83.33,228.27,0
37093,90.91,164.86,0
37104,90.91,116.52,0
37115,90.91,112.39,0
37128,83.33,155.62,0
37139,83.33,215.25,0
37150,90.91,253.60,0
37161,90.91,247.60,0
37173,83.33,193.91,0
37184,90.91,134.35,0
37196,83.33,109.58,0
37208,83.33,134.65,0
37219,90.91,190.27,0
37230,90.91,246.18,0
37241,90.91,261.66,0
37253,83.33,221.77,0
37265,83.33,157.49,0
37276,90.91,115.47,0
37287,90.91,119.48,0
37299,83.33,164.55,0
37310,90.91,223.77,0
37321,90.91,259.51,0
37334,76.92,242.99,0
37345,90.91,183.00,0
37356,90.91,127.60,0
37367,90.91,111.22,0
37379,83.33,141.23,0
37391,90.91,197.71,0
37402,83.33,247.90,0
37413,90.91,254.76,0
37425,83.33,212.34,0
37436,90.91,148.30,0
37447,90.91,111.19,0
37459,83.33,122.99,0
37471,83.33,173.68,0
37482,90.91,230.62,0
37493,90.91,260.00,0
37505,83.33,234.65,0
37516,90.91,175.37,0
37528,83.33,119.34,0
37539,90.91,110.04,0
37551,83.33,145.24,0
37562,90.91,204.24,0
37573,90.91,252.31,0
37584,90.91,254.93,0
37597,76.92,204.08,0
37608,90.91,141.11,0
37619,90.91,111.65,0
37630,90.91,129.53,0
37642,83.33,178.93,0
37654,90.91,235.71,0
37665,83.33,259.55,0
37677,83.33,230.05,0
37688,90.91,168.30,0
37699,90.91,120.78,0
37710,90.91,115.81,0
37723,76.92,158.67,0
37734,90.91,216.48,0
37745,90.91,258.05,0
37756,90.91,248.85,0
37768,83.33,192.09,0
37779,90.91,133.67,0
37791,83.33,110.93,0
37803,83.33,137.29,0
37814,90.91,191.21,0
37825,90.91,241.51,0
37836,90.91,259.52,0
37848,83.33,223.38,0
37860,83.33,159.68,0
37871,90.91,114.21,0
37882,90.91,117.62,0
37894,83.33,160.85,0
37905,90.91,220.52,0
37917,90.91,259.61,0
37928,83.33,245.76,0
37940,83.33,189.69,0
37951,90.91,130.98,0
37962,90.91,109.80,0
37974,83.33,136.84,0
37986,83.33,195.03,0
37997,90.91,248.13,0
38008,90.91,258.04,0
38020,83.33,216.99,0
38031,90.91,154.17,0
38042,90.91,113.52,0
38054,83.33,121.44,0
38066,83.33,167.74,0
38077,90.91,224.97,0
38088,90.91,258.93,0
38099,90.91,237.59,0
38111,83.33,177.28,0
38123,83.33,122.41,0
38134,90.91,107.94,0
38146,83.33,144.54,0
38157,90.91,203.51,0
38168,90.91,251.98,0
38180,90.91,252.55,0
38192,76.92,203.44,0
38203,90.91,143.00,0
38214,90.91,111.88,0
38225,90.91,124.55,0
38237,83.33,178.28,0
38249,83.33,232.43,0
38260,90.91,261.40,0
38272,83.33,236.21,0
38283,90.91,171.29,0
38294,90.91,117.71,0
38305,90.91,111.77,0
38318,76.92,154.43,0
38329,90.91,213.46,0
38340,90.91,259.26,0
38351,90.91,254.08,0
38363,83.33,196.28,0
38374,90.91,135.00,0
38386,83.33,109.25,0
38397,90.91,133.80,0
38409,83.33,186.13,0
38420,90.91,240.42,0
38431,90.91,260.84,0
38443,83.33,222.17,0
38455,83.33,160.27,0
38466,90.91,116.29,0
38477,90.91,118.21,0
38489,83.33,162.81,0
38500,90.91,221.39,0
38512,90.91,261.81,0
38523,90.91,249.17,0
38535,83.33,190.83,0
38546,90.91,130.14,0
38557,90.91,109.38,0
38568,90.91,139.72,0
38581,76.92,197.37,0
38592,90.91,247.35,0
38603,90.91,257.86,0
38615,83.33,218.72,0
38626,90.91,156.51,0
38637,90.91,111.61,0
38649,83.33,120.96,0
38661,83.33,170.87,0
38672,90.91,226.94,0
38683,90.91,264.31,0
38694,90.91,246.14,0
38707,83.33,181.08,0
38718,83.33,124.88,0
38729,90.91,111.39,0
38740,90.91,143.65,0
38752,83.33,201.26,0
38763,90.91,251.17,0
38775,83.33,257.09,0
38787,83.33,208.94,0
38798,90.91,147.39,0
38809,90.91,109.48,0
38820,90.91,120.70,0
38832,83.33,175.87,0
38844,83.33,234.62,0
38855,90.91,261.21,0
38866,90.91,232.19,0
38878,83.33,172.54,0
38889,90.91,122.41,0
38900,90.91,113.80,0
38913,76.92,153.70,0
38924,90.91,210.01,0
38935,90.91,254.45,0
38946,90.91,253.69,0
38958,83.33,203.53,0
38969,90.91,141.14,0
38981,83.33,107.71,0
38992,90.91,128.85,0
39004,83.33,183.35,0
39015,90.91,239.76,0
39026,90.91,264.87,0
39038,83.33,230.51,0
39050,83.33,166.32,0
39061,90.91,115.35,0
39072,90.91,112.32,0
39084,83.33,157.58,0
39095,90.91,217.61,0
39107,83.33,260.24,0
39118,90.91,248.80,0
39130,83.33,191.17,0
39141,90.91,131.01,0
39152,90.91,110.07,0
39163,90.91,133.28,0
39176,76.92,190.94,0
39187,90.91,246.59,0
39198,90.91,260.55,0
39209,90.91,221.37,0
39221,83.33,156.30,0
39233,90.91,111.54,0
39244,83.33,118.91,0
39256,83.33,166.91,0
39267,90.91,222.99,0
39278,90.91,261.68,0
39289,90.91,245.80,0
39302,76.92,185.41,0
39313,90.91,125.64,0
39324,90.91,110.67,0
39335,90.91,141.97,0
39347,83.33,198.23,0
39358,90.91,248.09,0
39370,83.33,259.63,0
39382,83.33,213.38,0
39393,90.91,146.27,0
39404,90.91,108.93,0
39415,90.91,120.96,0
39427,83.33,171.21,0
39439,83.33,228.23,0
39450,90.91,262.62,0
39461,90.91,238.57,0
39473,83.33,176.13,0
39484,90.91,121.26,0
39496,90.91,108.35,0
39507,83.33,145.04,0
39519,83.33,206.29,0
39530,90.91,255.95,0
39541,90.91,257.63,0
39553,83.33,206.67,0
39565,83.33,141.49,0
39576,90.91,109.32,0
39587,90.91,127.87,0
39599,83.33,181.65,0
39610,90.91,238.15,0
39621,90.91,264.50,0
39633,83.33,230.89,0
39645,83.33,166.85,0
39656,90.91,117.86,0
39667,90.91,112.74,0
39678,90.91,155.80,0
39690,83.33,216.19,0
39702,83.33,259.90,0
39713,90.91,247.81,0
39725,83.33,189.55,0
39736,90.91,135.10,0
39747,90.91,111.89,0
39759,90.91,136.72,0
39771,76.92,191.75,0
39782,90.91,245.17,0
39793,90.91,258.89,0
39804,90.91,218.82,0
39816,83.33,154.11,0
39828,83.33,113.27,0
39839,90.91,121.85,0
39851,83.33,171.68,0
39862,90.91,226.05,0
39873,90.91,258.94,0
39884,90.91,238.93,0
39897,76.92,181.13,0
39908,90.91,126.56,0
39919,90.91,111.83,0
39930,90.91,145.42,0
39942,83.33,201.80,0
39953,90.91,249.68,0
39965,83.33,256.29,0
39976,90.91,207.13,0
39988,83.33,145.55,0
39999,90.91,112.61,0
40010,90.91,123.99,0
40023,83.33,174.88,0
40034,83.33,231.65,0
40045,90.91,259.75,0
40056,90.91,231.44,0
40068,83.33,168.36,0
40079,90.91,119.66,0
40091,83.33,111.82,0
40102,90.91,151.47,0
40114,83.33,210.65,0
40125,90.91,252.06,0
40136,90.91,248.48,0
40147,90.91,200.32,0
40160,76.92,138.00,0
40171,90.91,109.57,0
40182,90.91,131.42,0
40194,83.33,180.80,0
40205,90.91,234.54,0
40216,90.91,257.33,0
40228,83.33,226.05,0
40240,83.33,164.42,0
40251,90.91,116.51,0
40262,90.91,118.54,0
40273,90.91,159.19,0
40286,83.33,212.56,0
40297,83.33,254.80,0
40308,90.91,246.33,0
40320,83.33,186.80,0
40331,90.91,131.88,0
40342,90.91,113.49,0
40354,83.33,139.72,0
40366,83.33,192.02,0
40377,90.91,243.19,0
40388,90.91,257.96,0
40399,90.91,218.12,0
40411,83.33,157.43,0
40423,83.33,118.35,0
40434,90.91,121.03,0
40445,90.91,164.19,0
40457,83.33,222.52,0
40468,90.91,258.50,0
40479,90.91,241.01,0
40492,76.92,183.82,0
40503,90.91,129.59,0
40514,90.91,110.93,0
40525,90.91,141.15,0
40537,83.33,198.89,0
40549,90.91,246.78,0
40560,83.33,252.83,0
40571,90.91,211.68,0
40583,83.33,150.68,0
40594,90.91,110.96,0
40605,90.91,120.86,0
40617,83.33,174.45,0
40629,83.33,230.38,0
40640,90.91,261.66,0
40651,90.91,237.88,0
40663,83.33,174.65,0
40674,90.91,123.33,0
40686,83.33,115.96,0
40697,90.91,152.03,0
40709,83.33,206.49,0
40720,90.91,252.98,0
40731,90.91,254.13,0
40742,90.91,200.40,0
40755,76.92,137.94,0
40766,90.91,107.35,0
40777,90.91,126.01,0
40788,90.91,180.18,0
40800,83.33,236.91,0
40812,90.91,260.29,0
40823,83.33,231.37,0
40835,83.33,166.40,0
40846,90.91,116.47,0
40857,90.91,113.61,0
40868,90.91,155.70,0
40881,76.92,212.62,0
40892,90.91,256.60,0
40903,90.91,250.04,0
40914,90.91,194.69,0
40926,83.33,132.90,0
40937,90.91,109.67,0
40949,83.33,133.67,0
40961,83.33,189.14,0
40972,90.91,241.97,0
40983,90.91,261.67,0
40994,90.91,224.39,0
41006,83.33,156.27,0
41018,83.33,111.96,0
41029,90.91,113.45,0
41040,90.91,156.17,0
41052,83.33,218.40,0
41063,90.91,261.06,0
41075,83.33,246.97,0
41086,90.91,190.42,0
41098,83.33,132.97,0
41109,90.91,109.55,0
41120,90.91,136.85,0
41132,83.33,195.07,0
41144,83.33,247.41,0
41155,90.91,262.46,0
41166,90.91,220.29,0
41178,83.33,151.97,0
41189,90.91,107.08,0
41200,90.91,117.33,0
41212,83.33,170.03,0
41224,83.33,228.60,0
41235,90.91,261.99,0
41246,90.91,242.20,0
41257,90.91,179.11,0
41270,83.33,123.52,0
41281,83.33,110.47,0
41292,90.91,141.32,0
41304,83.33,199.13,0
41315,90.91,251.43,0
41326,90.91,257.44,0
41338,83.33,207.47,0
41350,83.33,146.40,0
41361,90.91,109.36,0
41372,90.91,123.07,0
41383,90.91,175.85,0
41395,83.33,233.81,0
41407,83.33,263.17,0
41418,90.91,236.06,0
41430,83.33,174.67,0
41441,90.91,123.24,0
41452,90.91,111.86,0
41463,90.91,150.10,0
41476,76.92,207.92,0
41487,90.91,255.73,0
41498,90.91,255.42,0
41509,90.91,204.93,0
41521,83.33,141.59,0
41533,90.91,108.14,0
41544,83.33,127.72,0
41555,90.91,182.66,0
41567,83.33,239.61,0
41578,90.91,263.56,0
41589,90.91,230.55,0
41602,76.92,162.68,0
41613,90.91,114.28,0
41624,90.91,113.71,0
41635,90.91,159.89,0
41647,83.33,218.74,0
41658,90.91,260.76,0
41670,83.33,250.50,0
41681,90.91,194.06,0
41693,83.33,133.25,0
41704,90.91,108.25,0
41715,90.91,133.05,0
41726,90.91,190.55,0
41739,76.92,246.01,0
41750,90.91,264.09,0
41761,90.91,221.99,0
41773,83.33,153.58,0
41784,90.91,112.99,0
41796,90.91,115.27,0
41807,83.33,165.59,0
41819,83.33,226.45,0
41830,90.91,263.61,0
41841,90.91,244.55,0
41852,90.91,184.77,0
41865,76.92,127.29,0
41876,90.91,109.19,0
41887,90.91,142.53,0
41899,83.33,201.50,0
41910,90.91,251.26,0
41921,90.91,258.84,0
41933,83.33,213.18,0
41945,83.33,147.94,0
41956,90.91,109.72,0
41967,90.91,121.64,0
41978,90.91,172.07,0
41990,83.33,228.58,0
42002,83.33,263.29,0
42013,90.91,237.67,0
42024,90.91,172.94,0
42036,83.33,119.92,0
42047,90.91,108.98,0
42059,83.33,147.64,0
42071,83.33,208.59,0
42082,90.91,255.29,0
42093,90.91,253.28,0
42104,90.91,200.30,0
42116,83.33,139.06,0
42128,83.33,109.89,0
42139,90.91,129.29,0
42150,90.91,182.52,0
42162,83.33,238.17,0
42173,90.91,262.58,0
42184,90.91,230.77,0
42196,83.33,170.61,0
42208,83.33,118.82,0
42219,90.91,113.61,0
42230,90.91,157.07,0
42242,83.33,215.93,0
42253,90.91,259.14,0
42265,83.33,251.52,0
42276,90.91,195.06,0
42288,83.33,128.64,0
42299,90.91,105.81,0
42310,90.91,135.19,0
42322,83.33,190.58,0
42334,83.33,243.93,0
42345,90.91,265.12,0
42356,90.91,223.60,0
42368,83.33,156.70,0
42379,90.91,111.97,0
42391,83.33,115.29,0
42402,90.91,160.90,0
42414,83.33,220.23,0
42425,90.91,260.99,0
42436,90.91,243.52,0
42447,90.91,184.15,0
42460,76.92,129.16,0
42471,90.91,110.23,0
42482,90.91,142.51,0
42493,90.91,200.39,0
42505,83.33,248.55,0
42516,90.91,255.70,0
42528,83.33,213.74,0
42540,83.33,148.67,0
42551,90.91,110.50,0
42562,90.91,125.34,0
42573,90.91,173.88,0
42586,83.33,228.29,0
42597,83.33,258.26,0
42608,90.91,238.38,0
42619,90.91,176.01,0
42631,83.33,123.60,0
42642,90.91,111.43,0
42654,83.33,144.07,0
42665,90.91,206.19,0
42677,83.33,254.41,0
42688,90.91,256.16,0
42699,90.91,201.69,0
42711,83.33,140.99,0
42723,83.33,113.09,0
42734,90.91,128.88,0
42745,90.91,181.90,0
42757,83.33,237.27,0
42768,90.91,260.74,0
42779,90.91,228.64,0
42791,83.33,167.27,0
42803,83.33,118.99,0
42814,90.91,110.39,0
42825,90.91,155.18,0
42836,90.91,217.51,0
42849,76.92,261.40,0
42860,90.91,250.36,0
42871,90.91,191.76,0
42883,83.33,132.18,0
42894,90.91,106.71,0
42905,90.91,133.55,0
42917,83.33,189.19,0
42929,83.33,242.15,0
42940,90.91,259.40,0
42951,90.91,223.81,0
42962,90.91,160.24,0
42974,83.33,116.16,0
42986,83.33,120.02,0
42997,90.91,162.79,0
43009,83.33,222.66,0
43020,90.91,261.80,0
43031,90.91,245.57,0
43042,90.91,184.68,0
43055,76.92,128.39,0
43066,90.91,111.98,0
43077,90.91,147.09,0
43088,90.91,201.26,0
43100,83.33,248.22,0
43112,83.33,256.71,0
43123,90.91,213.32,0
43134,90.91,149.51,0
43146,83.33,111.95,0
43157,90.91,122.30,0
43168,90.91,174.44,0
43181,76.92,230.29,0
43192,90.91,260.55,0
43203,90.91,241.73,0
43214,90.91,176.48,0
43226,83.33,118.23,0
43237,90.91,109.46,0
43249,83.33,147.88,0
43260,90.91,206.34,0
43272,83.33,255.05,0
43283,90.91,257.20,0
43294,90.91,201.69,0
43305,90.91,139.97,0
43318,76.92,109.77,0
43329,90.91,124.96,0
43340,90.91,176.54,0
43352,83.33,236.77,0
43363,90.91,264.75,0
43375,90.91,234.76,0
43386,83.33,167.17,0
43398,83.33,113.08,0
43409,90.91,109.42,0
43420,90.91,154.91,0
43431,90.91,215.78,0
43444,76.92,257.84,0
43455,90.91,251.65,0
43466,90.91,193.43,0
43478,83.33,133.16,0
43489,90.91,108.38,0
43500,90.91,130.73,0
43512,83.33,186.28,0
43524,83.33,242.92,0
43535,90.91,262.60,0
43546,90.91,224.56,0
43557,90.91,157.19,0
43569,83.33,114.26,0
43581,83.33,117.20,0
43592,90.91,163.88,0
43603,90.91,224.95,0
43615,83.33,262.16,0
43626,90.91,241.64,0
43638,83.33,181.90,0
43650,83.33,126.57,0
43661,90.91,113.43,0
43672,90.91,147.39,0
43683,90.91,203.34,0
43695,83.33,250.25,0
43707,83.33,255.91,0
43718,90.91,213.41,0
43729,90.91,150.21,0
43741,83.33,113.00,0
43752,90.91,123.88,0
43763,90.91,173.68,0
43776,76.92,229.96,0
43787,90.91,259.74,0
43798,90.91,236.17,0
43809,90.91,172.22,0
43821,83.33,120.42,0
43833,90.91,117.08,0
43844,83.33,152.55,0
43855,90.91,209.13,0
43867,83.33,252.51,0
43878,90.91,252.34,0
43889,90.91,201.21,0
43901,83.33,141.06,0
43913,83.33,112.50,0
43924,90.91,129.77,0
43935,90.91,182.28,0
43947,83.33,238.75,0
43958,90.91,262.81,0
43970,83.33,230.87,0
43981,90.91,162.53,0
43993,83.33,114.71,0
44004,90.91,112.81,0
44015,90.91,156.86,0
44026,90.91,214.04,0
44039,76.92,256.31,0
44050,90.91,251.21,0
44061,90.91,199.41,0
44072,90.91,135.45,0
44084,83.33,108.77,0
44095,90.91,133.59,0
44107,83.33,188.75,0
44119,83.33,243.59,0
44130,90.91,264.09,0
44141,90.91,223.79,0
44152,90.91,156.87,0
44165,76.92,111.71,0
44176,90.91,114.36,0
44187,90.91,159.93,0
44198,90.91,222.51,0
44210,83.33,263.45,0
44221,90.91,247.60,0
44233,83.33,186.33,0
44244,90.91,130.18,0
44256,83.33,110.34,0
44267,90.91,137.37,0
44278,90.91,198.41,0
44290,83.33,250.28,0
44302,83.33,261.11,0
44313,90.91,217.37,0
44324,90.91,150.24,0
44336,83.33,109.50,0
44347,90.91,118.54,0
44358,90.91,172.31,0
44370,83.33,230.69,0
44382,83.33,261.23,0
44393,90.91,239.12,0
44404,90.91,178.80,0
44416,83.33,124.92,0
44428,83.33,111.21,0
44439,90.91,145.85,0
44450,90.91,203.98,0
44462,83.33,249.82,0
44473,90.91,260.49,0
44484,90.91,208.32,0
44496,83.33,140.35,0
44508,83.33,107.82,0
44519,90.91,122.67,0
44530,90.91,175.76,0
44541,90.91,236.28,0
44553,83.33,262.80,0
44565,83.33,229.76,0
44576,90.91,165.91,0
44588,83.33,117.56,0
44599,90.91,114.98,0
44610,90.91,156.64,0
44621,90.91,217.17,0
44634,76.92,260.59,0
44645,90.91,252.54,0
44656,90.91,195.17,0
44667,90.91,135.40,0
44679,83.33,108.94,0
44691,90.91,130.88,0
44702,83.33,187.58,0
44713,90.91,244.40,0
44725,83.33,261.65,0
44736,90.91,223.75,0
44747,90.91,159.36,0
44760,76.92,114.83,0
44771,90.91,115.84,0
44782,90.91,163.35,0
44793,90.91,220.24,0
44805,83.33,260.66,0
44816,90.91,249.10,0
44828,83.33,187.97,0
44839,90.91,127.65,0
44851,83.33,108.72,0
44862,90.91,139.20,0
44873,90.91,197.65,0
44884,90.91,248.97,0
44897,76.92,260.70,0
44908,90.91,217.73,0
44919,90.91,156.03,0
44931,83.33,113.54,0
44942,90.91,120.68,0
44954,90.91,169.47,0
44965,83.33,228.28,0
44977,83.33,261.79,0
44988,90.91,242.84,0
44999,90.91,181.67,0
45010,90.91,124.90,0
45023,76.92,109.95,0
45034,90.91,146.32,0
45045,90.91,203.80,0
45057,83.33,254.51,0
45068,90.91,259.17,0
45079,90.91,210.36,0
45091,83.33,143.07,0
45103,83.33,106.93,0
45114,90.91,126.31,0
45125,90.91,180.75,0
45136,90.91,236.00,0
45148,83.33,264.55,0
45160,83.33,234.06,0
45171,90.91,166.09,0
45182,90.91,118.91,0
45194,83.33,114.78,0
45205,90.91,153.62,0
45217,90.91,213.14,0
45229,76.92,255.67,0
45240,90.91,248.21,0
45251,90.91,196.73,0
45262,90.91,138.86,0
45274,83.33,112.20,0
45286,83.33,131.23,0
45297,90.91,188.74,0
45308,90.91,244.74,0
45320,83.33,260.28,0
45331,90.91,221.31,0
45342,90.91,158.62,0
45355,76.92,115.08,0
45366,90.91,118.86,0
45377,90.91,167.16,0
45388,90.91,220.86,0
45400,83.33,253.55,0
45411,90.91,243.69,0
45423,83.33,188.98,0
45434,90.91,131.86,0
45446,83.33,113.87,0
45457,90.91,142.03,0
45468,90.91,195.00,0
45480,90.91,247.77,0
45492,76.92,260.43,0
45503,90.91,214.47,0
45514,90.91,150.91,0
45526,83.33,116.48,0
45537,90.91,128.40,0
45549,83.33,171.82,0
45560,90.91,228.53,0
45572,83.33,260.71,0
45583,90.91,239.68,0
45594,90.91,180.28,0
45605,90.91,123.07,0
45618,76.92,110.14,0
45629,90.91,148.61,0
45640,90.91,207.74,0
45651,90.91,256.22,0
45663,83.33,257.64,0
45674,90.91,208.58,0
45686,83.33,146.61,0
45698,83.33,108.47,0
45709,90.91,124.99,0
45720,90.91,178.07,0
45731,90.91,233.17,0
45744,83.33,261.15,0
45755,83.33,235.26,0
45766,90.91,169.97,0
45777,90.91,118.42,0
45789,83.33,111.67,0
45800,90.91,150.45,0
45812,83.33,212.23,0
45824,83.33,261.49,0
45835,90.91,255.64,0
45846,90.91,201.56,0
45857,90.91,139.24,0
45869,83.33,108.34,0
45881,83.33,128.54,0
45892,90.91,185.53,0
45903,90.91,241.95,0
45915,83.33,264.75,0
45926,90.91,228.97,0
45937,90.91,162.48,0
45949,83.33,115.09,0
45961,83.33,114.54,0
45972,90.91,158.51,0
45983,90.91,218.66,0
45995,83.33,258.56,0
46007,90.91,247.76,0
46018,83.33,190.75,0
46029,90.91,130.00,0
46041,83.33,109.94,0
46052,90.91,139.46,0
46063,90.91,195.28,0
46075,83.33,248.59,0
46087,83.33,262.77,0
46098,90.91,220.13,0
46109,90.91,155.73,0
46120,90.91,112.13,0
46132,83.33,116.81,0
46144,83.33,168.09,0
46155,90.91,230.56,0
46167,83.33,268.20,0
46178,90.91,246.33,0
46189,90.91,180.88,0
46200,90.91,124.52,0
46213,76.92,112.07,0
46224,90.91,142.14,0
46235,90.91,201.37,0
46246,90.91,255.10,0
46258,83.33,257.78,0
46270,90.91,208.76,0
46281,83.33,145.22,0
46292,90.91,108.92,0
46304,83.33,123.73,0
46315,90.91,174.85,0
46326,90.91,233.28,0
46339,76.92,262.10,0
46350,90.91,232.74,0
46361,90.91,170.32,0
46372,90.91,119.63,0
46384,83.33,112.52,0
46395,90.91,154