1,1000.00,-0.00,0
54,18.87,3975.32,0
66,83.33,3973.95,0
77,90.91,3973.92,0
89,83.33,3972.80,0
100,90.91,3969.64,0
111,90.91,3967.31,0
122,90.91,3971.83,0
135,76.92,3978.36,0
146,90.91,3981.53,0
157,90.91,3977.63,0
168,90.91,3975.76,0
180,83.33,3974.22,0
191,90.91,3977.67,0
202,90.91,3974.81,0
215,76.92,3968.57,0
226,90.91,3969.18,0
237,90.91,3975.47,0
248,90.91,3980.62,0
260,83.33,3977.32,0
271,90.91,3976.35,0
283,90.91,3978.92,0
294,83.33,3981.80,0
306,83.33,3976.84,0
317,90.91,3966.95,0
328,90.91,3966.78,0
339,90.91,3971.07,0
351,83.33,3981.79,0
363,83.33,3981.88,0
374,90.91,3976.25,0
386,83.33,3980.22,0
397,90.91,3984.74,0
408,90.91,3985.23,0
419,90.91,3975.94,0
432,83.33,3967.00,0
443,83.33,3970.59,0
454,90.91,3977.68,0
465,90.91,3976.32,0
477,83.33,3973.79,0
488,90.91,3975.57,0
499,90.91,3979.17,0
512,76.92,3984.89,0
523,90.91,3979.12,0
534,90.91,3969.36,0
545,90.91,3970.49,0
557,83.33,3973.26,0
568,90.91,3976.67,0
579,90.91,3972.61,0
591,83.33,3969.93,0
603,83.33,3977.42,0
614,90.91,3981.19,0
625,90.91,3982.12,0
636,90.91,3977.40,0
648,83.33,3972.84,0
660,83.33,3974.08,0
671,90.91,3978.19,0
683,83.33,3977.12,0
694,90.91,3969.86,0
705,90.91,3969.84,0
716,90.91,3975.71,0
728,83.33,3979.74,0
740,83.33,3979.38,0
751,90.91,3977.16,0
762,90.91,3980.05,0
774,83.33,3985.52,0
785,90.91,3983.37,0
796,90.91,3972.05,0
808,90.91,3968.78,0
820,76.92,3969.79,0
831,90.91,3972.18,0
842,90.91,3971.20,0
854,83.33,3969.34,0
865,90.91,3977.80,0
876,90.91,3985.99,0
888,83.33,3985.65,0
900,83.33,3979.31,0
911,90.91,3972.71,0
922,90.91,3972.44,0
933,90.91,3972.52,0
945,83.33,3968.18,0
956,90.91,3962.89,0
968,83.33,3966.77,0
979,90.91,3977.41,0
991,83.33,3985.63,0
1002,90.91,3983.21,0
1013,90.91,3982.00,0
1025,83.33,3985.04,0
1037,83.33,3982.84,0
1048,90.91,3976.64,0
1059,90.91,3964.58,0
1071,83.33,3962.10,0
1082,90.91,3967.76,0
1093,90.91,3973.15,0
1104,90.91,3974.27,0
1117,76.92,3974.67,0
1128,90.91,3983.18,0
1139,90.91,3989.93,0
1150,90.91,3988.34,0
1162,83.33,3979.00,0
1173,90.91,3970.53,0
1185,83.33,3972.89,0
1197,83.33,3971.06,0
1208,90.91,3966.38,0
1219,90.91,3963.33,0
1230,90.91,3967.27,0
1242,83.33,3981.21,0
1253,90.91,3987.92,0
1265,83.33,3984.37,0
1276,90.91,3980.72,0
1288,83.33,3981.72,0
1299,90.91,3983.53,0
1310,90.91,3979.36,0
1321,90.91,3967.76,0
1334,83.33,3961.56,0
1345,83.33,3966.20,0
1356,90.91,3972.66,0
1368,83.33,3973.25,0
1379,90.91,3976.81,0
1390,90.91,3983.86,0
1401,90.91,3991.89,0
1414,76.92,3986.88,0
1425,90.91,3978.59,0
1436,90.91,3975.98,0
1447,90.91,3975.07,0
1459,83.33,3975.00,0
1470,90.91,3971.58,0
1481,90.91,3966.05,0
1494,76.92,3972.06,0
1505,90.91,3982.43,0
1516,90.91,3985.98,0
1527,90.91,3980.42,0
1539,83.33,3977.84,0
1550,90.91,3984.06,0
1562,83.33,3984.98,0
1573,90.91,3979.05,0
1585,83.33,3968.78,0
1596,90.91,3966.10,0
1607,90.91,3974.82,0
1618,90.91,3980.26,0
1630,83.33,3977.01,0
1642,83.33,3969.26,0
1653,90.91,3973.66,0
1665,83.33,3985.81,0
1676,90.91,3987.48,0
1687,90.91,3980.52,0
1698,90.91,3977.84,0
1711,83.33,3983.03,0
1722,83.33,3980.92,0
1733,90.91,3970.55,0
1744,90.91,3963.49,0
1756,83.33,3967.71,0
1767,90.91,3973.70,0
1778,90.91,3975.76,0
1790,83.33,3974.61,0
1802,83.33,3975.30,0
1813,90.91,3981.36,0
1824,90.91,3984.23,0
1836,83.33,3980.76,0
1847,90.91,3974.64,0
1858,90.91,3972.88,0
1870,83.33,3975.73,0
1882,83.33,3975.97,0
1893,90.91,3968.74,0
1904,90.91,3964.64,0
1915,90.91,3972.13,0
1927,83.33,3981.03,0
1939,90.91,3985.66,0
1950,83.33,3980.62,0
1961,90.91,3979.66,0
1973,83.33,3986.90,0
1984,90.91,3988.04,0
1995,90.91,3976.34,0
2007,83.33,3963.09,0
2019,83.33,3958.62,0
2030,90.91,3971.02,0
2041,90.91,3977.87,0
2053,83.33,3974.01,0
2064,90.91,3971.35,0
2075,90.91,3983.15,0
2086,90.91,3988.63,0
2099,76.92,3989.58,0
2110,90.91,3979.83,0
2121,90.91,3972.81,0
2132,90.91,3975.22,0
2144,83.33,3971.72,0
2155,90.91,3963.64,0
2167,83.33,3960.96,0
2179,83.33,3968.56,0
2190,90.91,3982.85,0
2201,90.91,3988.54,0
2212,90.91,3983.22,0
2224,83.33,3981.72,0
2235,90.91,3986.58,0
2247,83.33,3986.92,0
2258,90.91,3973.77,0
2270,83.33,3961.85,0
2281,90.91,3959.02,0
2292,90.91,3967.47,0
2304,83.33,3971.67,0
2316,90.91,3972.79,0
2327,83.33,3979.47,0
2338,90.91,3987.34,0
2350,83.33,3991.13,0
2361,90.91,3989.75,0
2372,90.91,3977.71,0
2383,90.91,3969.70,0
2396,76.92,3970.33,0
2407,90.91,3966.02,0
2418,90.91,3963.85,0
2429,90.91,3960.31,0
2441,83.33,3967.92,0
2452,90.91,3980.03,0
2463,90.91,3989.45,0
2476,76.92,3988.55,0
2487,90.91,3984.34,0
2498,90.91,3981.59,0
2509,90.91,3981.15,0
2521,83.33,3976.98,0
2532,90.91,3968.52,0
2544,83.33,3962.83,0
2555,90.91,3965.18,0
2567,83.33,3966.60,0
2578,90.91,3973.41,0
2589,90.91,3977.24,0
2600,90.91,3984.85,0
2612,83.33,3990.31,0
2624,83.33,3988.68,0
2635,90.91,3981.18,0
2647,83.33,3973.91,0
2658,90.91,3970.23,0
2669,90.91,3969.15,0
2680,90.91,3966.17,0
2693,83.33,3963.48,0
2704,83.33,3971.74,0
2715,90.91,3982.35,0
2726,90.91,3987.59,0
2738,83.33,3988.53,0
2749,90.91,3984.23,0
2760,90.91,3983.36,0
2772,83.33,3980.82,0
2784,83.33,3975.02,0
2795,90.91,3966.80,0
2806,90.91,3962.69,0
2818,83.33,3968.68,0
2829,90.91,3976.95,0
2840,90.91,3979.06,0
2852,83.33,3975.28,0
2864,83.33,3978.62,0
2875,90.91,3985.99,0
2886,90.91,3989.10,0
2897,90.91,3983.77,0
2909,83.33,3974.79,0
2921,83.33,3974.82,0
2932,90.91,3979.97,0
2944,83.33,3976.90,0
2955,90.91,3969.37,0
2966,90.91,3966.29,0
2977,90.91,3971.55,0
2989,83.33,3976.34,0
3001,83.33,3978.52,0
3012,90.91,3976.95,0
3023,90.91,3981.70,0
3035,83.33,3986.97,0
3046,90.91,3985.98,0
3057,90.91,3978.04,0
3069,90.91,3967.22,0
3081,76.92,3966.33,0
3092,90.91,3972.18,0
3103,90.91,3970.58,0
3115,83.33,3967.65,0
3126,90.91,3967.29,0
3137,90.91,3976.44,0
3149,83.33,3981.67,0
3161,83.33,3981.46,0
3172,90.91,3978.74,0
3183,90.91,3979.87,0
3194,90.91,3982.64,0
3206,83.33,3981.38,0
3217,90.91,3971.66,0
3229,83.33,3963.37,0
3240,90.91,3967.88,0
3252,83.33,3973.36,0
3263,90.91,3975.04,0
3274,90.91,3976.84,0
3286,83.33,3977.99,0
3298,83.33,3983.84,0
3309,90.91,3989.98,0
3320,90.91,3982.69,0
3332,83.33,3973.13,0
3343,90.91,3970.95,0
3354,90.91,3972.20,0
3365,90.91,3970.10,0
3378,76.92,3964.34,0
3389,90.91,3959.48,0
3400,90.91,3974.11,0
3411,90.91,3985.86,0
3423,83.33,3987.09,0
3434,90.91,3981.50,0
3446,90.91,3982.40,0
3458,76.92,3986.82,0
3469,90.91,3982.64,0
3480,90.91,3967.19,0
3491,90.91,3957.79,0
3503,83.33,3961.29,0
3514,90.91,3970.58,0
3526,83.33,3975.76,0
3537,90.91,3974.11,0
3549,83.33,3976.85,0
3560,90.91,3988.57,0
3571,90.91,3993.72,0
3582,90.91,3986.49,0
3594,83.33,3975.46,0
3606,83.33,3972.89,0
3617,90.91,3972.54,0
3629,83.33,3969.37,0
3640,90.91,3964.50,0
3651,90.91,3964.39,0
3662,90.91,3975.58,0
3675,76.92,3984.26,0
3686,90.91,3985.50,0
3697,90.91,3980.63,0
3708,90.91,3983.02,0
3720,83.33,3987.44,0
3731,90.91,3982.65,0
3742,90.91,3969.92,0
3755,76.92,3963.02,0
3766,90.91,3963.98,0
3777,90.91,3971.48,0
3788,90.91,3973.77,0
3800,83.33,3974.82,0
3811,90.91,3979.21,0
3823,90.91,3987.13,0
3834,83.33,3990.50,0
3846,83.33,3981.73,0
3857,90.91,3973.97,0
3868,90.91,3973.42,0
3879,90.91,3973.70,0
3891,83.33,3970.21,0
3903,83.33,3967.17,0
3914,90.91,3965.19,0
3926,83.33,3975.14,0
3937,90.91,3985.17,0
3948,90.91,3985.40,0
3959,90.91,3977.99,0
3972,83.33,3978.29,0
3983,83.33,3982.57,0
3994,90.91,3981.07,0
4005,90.91,3973.61,0
4017,83.33,3962.58,0
4028,90.91,3964.88,0
4039,90.91,3974.95,0
4051,83.33,3974.29,0
4063,83.33,3971.78,0
4074,90.91,3974.37,0
4085,90.91,3981.42,0
4097,83.33,3985.67,0
4108,90.91,3983.01,0
4119,90.91,3973.87,0
4131,83.33,3973.97,0
4143,83.33,3977.36,0
4154,90.91,3976.75,0
4165,90.91,3972.89,0
4176,90.91,3969.30,0
4188,83.33,3973.73,0
4200,90.91,3981.25,0
4211,83.33,3980.36,0
4222,90.91,3976.28,0
4234,83.33,3977.70,0
4245,90.91,3982.63,0
4256,90.91,3984.40,0
4268,83.33,3980.62,0
4280,83.33,3971.72,0
4291,90.91,3971.81,0
4302,90.91,3976.46,0
4314,83.33,3977.97,0
4325,90.91,3970.80,0
4336,90.91,3966.21,0
4348,90.91,3973.66,0
4360,76.92,3983.13,0
4371,90.91,3986.97,0
4382,90.91,3980.73,0
4393,90.91,3974.83,0
4405,83.33,3978.23,0
4416,90.91,3980.02,0
4428,83.33,3975.42,0
4440,83.33,3965.31,0
4451,90.91,3966.73,0
4462,90.91,3974.80,0
4473,90.91,3978.78,0
4485,83.33,3976.44,0
4496,90.91,3973.58,0
4508,83.33,3977.79,0
4519,90.91,3981.16,0
4531,83.33,3979.42,0
4542,90.91,3975.71,0
4553,90.91,3970.82,0
4564,90.91,3975.68,0
4577,76.92,3974.38,0
4588,90.91,3968.03,0
4599,90.91,3965.90,0
4611,83.33,3970.09,0
4622,90.91,3979.02,0
4633,90.91,3984.77,0
4644,90.91,3982.56,0
4657,76.92,3980.17,0
4668,90.91,3983.66,0
4679,90.91,3984.11,0
4690,90.91,3973.60,0
4702,83.33,3964.50,0
4713,90.91,3960.62,0
4725,90.91,3964.19,0
4737,76.92,3973.14,0
4748,90.91,3975.81,0
4759,90.91,3974.80,0
4770,90.91,3986.33,0
4782,83.33,3992.10,0
4793,90.91,3985.12,0
4805,83.33,3976.40,0
4816,90.91,3970.09,0
4828,83.33,3965.84,0
4839,90.91,3965.77,0
4850,90.91,3965.24,0
4861,90.91,3963.78,0
4873,83.33,3971.52,0
4885,83.33,3984.78,0
4896,90.91,3991.52,0
4908,83.33,3988.24,0
4919,90.91,3980.82,0
4930,90.91,3979.45,0
4941,90.91,3979.99,0
4954,76.92,3972.94,0
4965,90.91,3964.85,0
4976,90.91,3962.14,0
4987,90.91,3969.58,0
4999,83.33,3977.47,0
5010,90.91,3973.33,0
5021,90.91,3973.76,0
5033,83.33,3985.17,0
5045,83.33,3990.42,0
5056,90.91,3986.02,0
5067,90.91,3978.24,0
5079,83.33,3971.37,0
5090,90.91,3972.19,0
5102,90.91,3970.82,0
5113,83.33,3967.85,0
5125,83.33,3965.66,0
5136,90.91,3969.88,0
5147,90.91,3982.88,0
5158,90.91,3988.98,0
5170,83.33,3985.07,0
5182,83.33,3978.14,0
5193,90.91,3977.84,0
5204,90.91,3981.53,0
5216,83.33,3975.92,0
5227,90.91,3965.05,0
5238,90.91,3963.68,0
5250,83.33,3972.59,0
5262,83.33,3980.08,0
5273,90.91,3979.04,0
5284,90.91,3978.60,0
5296,83.33,3982.48,0
5307,90.91,3988.54,0
5318,90.91,3986.74,0
5330,83.33,3978.62,0
5342,83.33,3969.38,0
5353,90.91,3968.23,0
5364,90.91,3969.83,0
5376,83.33,3972.31,0
5387,90.91,3970.45,0
5398,90.91,3971.78,0
5410,83.33,3976.10,0
5422,83.33,3980.97,0
5433,90.91,3984.59,0
5444,90.91,3978.08,0
5455,90.91,3975.24,0
5467,83.33,3979.24,0
5479,90.91,3980.38,0
5490,83.33,3976.75,0
5501,90.91,3968.58,0
5513,83.33,3970.67,0
5524,90.91,3980.28,0
5535,90.91,3978.49,0
5547,83.33,3972.97,0
5559,83.33,3975.37,0
5570,90.91,3981.59,0
5581,90.91,3985.22,0
5593,83.33,3979.37,0
5604,90.91,3976.80,0
5615,90.91,3977.61,0
5626,90.91,3979.26,0
5639,76.92,3977.47,0
5650,90.91,3969.55,0
5661,90.91,3970.06,0
5672,90.91,3973.41,0
5684,83.33,3977.48,0
5695,90.91,3977.82,0
5707,83.33,3974.94,0
5719,83.33,3979.55,0
5730,90.91,3981.78,0
5741,90.91,3982.66,0
5752,90.91,3980.91,0
5764,83.33,3975.59,0
5775,90.91,3974.10,0
5787,83.33,3975.31,0
5798,90.91,3976.20,0
5810,83.33,3968.45,0
5821,90.91,3968.64,0
5832,90.91,3977.73,0
5843,90.91,3982.06,0
5856,83.33,3981.28,0
5867,83.33,3978.22,0
5878,90.91,3982.06,0
5890,83.33,3983.16,0
5901,90.91,3979.61,0
5912,90.91,3973.65,0
5923,90.91,3967.70,0
5936,76.92,3969.31,0
5947,90.91,3974.31,0
5958,90.91,3974.68,0
5969,90.91,3974.22,0
5981,83.33,3980.17,0
5992,90.91,3984.50,0
6003,90.91,3983.67,0
6016,76.92,3980.97,0
6027,90.91,3979.62,0
6038,90.91,3978.38,0
6049,90.91,3973.08,0
6061,83.33,3964.84,0
6072,90.91,3962.98,0
6084,90.91,3967.85,0
6095,83.33,3973.82,0
6107,83.33,3978.46,0
6118,90.91,3982.12,0
6129,90.91,3983.35,0
6140,90.91,3986.10,0
6152,83.33,3984.71,0
6164,83.33,3976.70,0
6175,90.91,3967.27,0
6187,83.33,3962.76,0
6198,90.91,3964.94,0
6209,90.91,3964.71,0
6220,90.91,3966.69,0
6232,83.33,3974.04,0
6244,83.33,3981.80,0
6255,90.91,3985.09,0
6266,90.91,3984.95,0
6278,83.33,3985.55,0
6289,90.91,3982.26,0
6300,90.91,3973.09,0
6312,83.33,3967.21,0
6324,83.33,3963.54,0
6335,90.91,3961.46,0
6346,90.91,3964.98,0
6358,83.33,3968.88,0
6369,90.91,3977.24,0
6380,90.91,3981.90,0
6392,83.33,3987.41,0
6404,83.33,3988.64,0
6415,90.91,3984.61,0
6426,90.91,3976.40,0
6437,90.91,3965.94,0
6449,83.33,3965.40,0
6461,90.91,3966.29,0
6472,83.33,3965.95,0
6483,90.91,3967.13,0
6495,83.33,3974.85,0
6506,90.91,3983.39,0
6517,90.91,3989.26,0
6529,83.33,3992.63,0
6541,83.33,3984.23,0
6552,90.91,3974.70,0
6563,90.91,3973.96,0
6575,83.33,3970.79,0
6586,90.91,3966.84,0
6597,90.91,3960.89,0
6608,90.91,3964.67,0
6621,76.92,3974.42,0
6632,90.91,3977.60,0
6643,90.91,3979.28,0
6654,90.91,3982.42,0
6666,83.33,3988.72,0
6677,90.91,3990.20,0
6689,83.33,3987.83,0
6701,83.33,3973.41,0
6712,90.91,3964.95,0
6723,90.91,3966.94,0
6734,90.91,3968.13,0
6746,83.33,3970.37,0
6757,90.91,3969.72,0
6769,83.33,3972.86,0
6780,90.91,3982.05,0
6792,83.33,3986.30,0
6803,90.91,3985.73,0
6814,90.91,3981.24,0
6825,90.91,3977.67,0
6838,83.33,3974.76,0
6849,83.33,3972.30,0
6860,90.91,3968.70,0
6872,83.33,3965.36,0
6883,90.91,3967.49,0
6894,90.91,3976.48,0
6905,90.91,3981.36,0
6918,76.92,3979.16,0
6929,90.91,3977.74,0
6940,90.91,3981.46,0
6951,90.91,3981.77,0
6963,83.33,3978.07,0
6974,90.91,3969.97,0
6985,90.91,3966.92,0
6998,76.92,3972.63,0
7009,90.91,3976.99,0
7020,90.91,3972.82,0
7031,90.91,3969.28,0
7043,83.33,3976.43,0
7054,90.91,3980.03,0
7066,83.33,3980.98,0
7077,90.91,3980.64,0
7089,83.33,3977.62,0
7100,90.91,3978.08,0
7111,90.91,3975.29,0
7122,90.91,3973.33,0
7134,83.33,3968.83,0
7146,83.33,3965.53,0
7157,90.91,3968.71,0
7169,83.33,3973.15,0
7180,90.91,3973.62,0
7191,90.91,3977.37,0
7202,90.91,3983.11,0
7215,83.33,3981.71,0
7226,83.33,3981.12,0
7237,90.91,3979.14,0
7248,90.91,3975.37,0
7260,83.33,3969.53,0
7271,90.91,3967.12,0
7282,90.91,3963.38,0
7294,83.33,3963.50,0
7306,83.33,3970.69,0
7317,90.91,3976.68,0
7328,90.91,3983.09,0
7340,83.33,3983.67,0
7351,90.91,3987.61,0
7362,90.91,3987.44,0
7374,83.33,3981.89,0
7386,83.33,3973.03,0
7397,90.91,3968.42,0
7408,90.91,3967.64,0
7419,90.91,3970.97,0
7431,83.33,3969.58,0
7443,83.33,3975.52,0
7454,90.91,3979.06,0
7465,90.91,3982.24,0
7477,83.33,3982.87,0
7488,90.91,3985.87,0
7499,90.91,3982.59,0
7511,83.33,3976.68,0
7523,83.33,3970.05,0
7534,90.91,3967.42,0
7545,90.91,3966.51,0
7557,83.33,3969.21,0
7568,90.91,3972.35,0
7579,90.91,3974.04,0
7591,90.91,3979.09,0
7603,76.92,3982.46,0
7614,90.91,3983.68,0
7625,90.91,3985.37,0
7636,90.91,3981.80,0
7648,83.33,3975.26,0
7659,90.91,3967.20,0
7671,83.33,3968.64,0
7683,83.33,3969.58,0
7694,90.91,3965.04,0
7705,90.91,3972.20,0
7716,90.91,3981.31,0
7728,83.33,3987.76,0
7739,90.91,3983.73,0
7751,83.33,3979.09,0
7762,90.91,3982.25,0
7774,83.33,3980.78,0
7785,90.91,3976.75,0
7796,90.91,3970.27,0
7808,83.33,3962.96,0
7820,90.91,3971.37,0
7831,83.33,3975.93,0
7842,90.91,3975.22,0
7854,83.33,3981.00,0
7865,90.91,3979.82,0
7876,90.91,3977.32,0
7887,90.91,3981.65,0
7900,76.92,3981.37,0
7911,90.91,3974.34,0
7922,90.91,3973.67,0
7933,90.91,3974.68,0
7945,83.33,3974.98,0
7956,90.91,3972.89,0
7968,90.91,3973.74,0
7980,76.92,3978.57,0
7991,90.91,3979.99,0
8002,90.91,3978.41,0
8013,90.91,3976.25,0
8025,83.33,3976.13,0
8036,90.91,3979.41,0
8048,83.33,3978.27,0
8059,90.91,3974.42,0
8071,83.33,3969.72,0
8082,90.91,3970.25,0
8093,90.91,3971.33,0
8104,90.91,3972.18,0
8116,83.33,3974.54,0
8128,83.33,3974.93,0
8139,90.91,3980.71,0
8151,83.33,3982.91,0
8162,90.91,3982.96,0
8173,90.91,3978.91,0
8184,90.91,3976.20,0
8197,83.33,3974.98,0
8208,83.33,3974.34,0
8219,90.91,3972.32,0
8230,90.91,3968.73,0
8242,83.33,3971.44,0
8253,90.91,3973.71,0
8264,90.91,3976.65,0
8276,83.33,3976.76,0
8288,83.33,3976.03,0
8299,90.91,3980.50,0
8310,90.91,3982.64,0
8322,83.33,3980.54,0
8333,90.91,3976.41,0
8344,90.91,3971.31,0
8356,83.33,3970.72,0
8368,83.33,3971.19,0
8379,90.91,3973.93,0
8390,90.91,3972.78,0
8401,90.91,3972.15,0
8413,83.33,3976.90,0
8425,83.33,3980.16,0
8436,90.91,3981.89,0
8448,83.33,3983.74,0
8459,90.91,3983.70,0
8470,90.91,3982.61,0
8481,90.91,3975.20,0
8493,83.33,3967.57,0
8505,83.33,3964.84,0
8516,90.91,3967.24,0
8527,90.91,3973.32,0
8539,83.33,3977.40,0
8550,90.91,3981.02,0
8561,90.91,3982.35,0
8573,90.91,3984.17,0
8585,76.92,3982.98,0
8596,90.91,3971.82,0
8607,90.91,3968.07,0
8619,83.33,3971.62,0
8630,90.91,3969.94,0
8641,90.91,3972.16,0
8653,83.33,3972.06,0
8665,83.33,3977.06,0
8676,90.91,3980.92,0
8687,90.91,3984.83,0
8698,90.91,3981.63,0
8710,83.33,3977.44,0
8721,90.91,3979.00,0
8733,83.33,3977.88,0
8744,90.91,3975.50,0
8756,83.33,3970.42,0
8767,90.91,3970.18,0
8778,90.91,3973.91,0
8790,83.33,3976.88,0
8802,83.33,3977.84,0
8813,90.91,3978.54,0
8824,90.91,3979.17,0
8836,83.33,3983.15,0
8847,90.91,3978.79,0
8858,90.91,3973.34,0
8869,90.91,3971.71,0
8882,76.92,3975.41,0
8893,90.91,3972.82,0
8904,90.91,3967.09,0
8915,90.91,3971.10,0
8927,83.33,3976.27,0
8938,90.91,3977.81,0
8950,90.91,3976.37,0
8962,76.92,3973.56,0
8973,90.91,3977.50,0
8984,90.91,3979.24,0
8995,90.91,3977.81,0
9007,83.33,3971.91,0
9018,90.91,3967.10,0
9030,83.33,3972.03,0
9041,90.91,3977.99,0
9053,83.33,3974.88,0
9064,90.91,3975.32,0
9075,90.91,3977.63,0
9086,90.91,3981.19,0
9098,83.33,3978.17,0
9110,83.33,3972.60,0
9121,90.91,3969.86,0
9133,83.33,3975.33,0
9144,90.91,3975.35,0
9155,90.91,3974.68,0
9166,90.91,3976.69,0
9179,76.92,3975.20,0
9190,90.91,3974.09,0
9201,90.91,3976.09,0
9212,90.91,3972.79,0
9224,83.33,3969.80,0
9235,90.91,3973.23,0
9246,90.91,3977.63,0
9259,76.92,3976.86,0
9270,90.91,3973.94,0
9281,90.91,3974.97,0
9292,90.91,3976.37,0
9304,83.33,3975.78,0
9315,90.91,3970.32,0
9327,90.91,3969.96,0
9338,83.33,3976.11,0
9350,83.33,3975.86,0
9361,90.91,3974.11,0
9372,90.91,3972.81,0
9383,90.91,3977.81,0
9395,83.33,3982.26,0
9407,83.33,3983.28,0
9418,90.91,3978.72,0
9430,83.33,3972.80,0
9441,90.91,3973.99,0
9452,90.91,3973.78,0
9463,90.91,3975.93,0
9475,83.33,3972.62,0
9487,83.33,3972.25,0
9498,90.91,3978.07,0
9509,90.91,3982.98,0
9521,83.33,3983.25,0
9532,90.91,3979.38,0
9543,90.91,3979.93,0
9555,90.91,3980.84,0
9567,76.92,3978.47,0
9578,90.91,3970.68,0
9589,90.91,3965.79,0
9601,83.33,3970.08,0
9612,90.91,3973.35,0
9623,90.91,3973.90,0
9635,83.33,3975.04,0
9647,83.33,3980.83,0
9658,90.91,3985.49,0
9669,90.91,3983.35,0
9680,90.91,3980.41,0
9692,83.33,3974.54,0
9703,90.91,3971.78,0
9715,83.33,3973.66,0
9726,90.91,3972.28,0
9738,83.33,3969.17,0
9749,90.91,3972.13,0
9760,90.91,3979.48,0
9772,83.33,3982.53,0
9784,83.33,3980.56,0
9795,90.91,3977.48,0
9806,90.91,3975.59,0
9818,83.33,3974.87,0
9829,90.91,3974.63,0
9840,90.91,3971.38,0
9851,90.91,3970.54,0
9864,76.92,3974.29,0
9875,90.91,3980.10,0
9886,90.91,3979.94,0
9897,90.91,3974.82,0
9909,83.33,3975.12,0
9920,90.91,3976.62,0
9932,90.91,3980.67,0
9944,76.92,3977.45,0
9955,90.91,3972.71,0
9966,90.91,3974.06,0
9977,90.91,3975.38,0
9989,83.33,3975.08,0
10000,90.91,3971.24,0
10012,83.33,3971.23,0
10023,90.91,3975.61,0
10035,83.33,3976.52,0
10046,90.91,3972.70,0
10057,90.91,3972.54,0
10068,90.91,3975.75,0
10080,83.33,3980.74,0
10092,83.33,3982.61,0
10103,90.91,3980.10,0
10115,83.33,3977.14,0
10126,90.91,3975.34,0
10137,90.91,3976.05,0
10148,90.91,3972.88,0
10161,76.92,3970.72,0
10172,90.91,3975.46,0
10183,90.91,3978.91,0
10194,90.91,3980.19,0
10206,83.33,3983.16,0
10217,90.91,3980.08,0
10228,90.91,3977.67,0
10241,76.92,3979.83,0
10252,90.91,3977.72,0
10263,90.91,3968.93,0
10274,90.91,3964.23,0
10286,83.33,3972.02,0
10297,90.91,3974.08,0
10309,90.91,3974.31,0
10320,83.33,3972.98,0
10332,83.33,3973.59,0
10343,90.91,3979.42,0
10354,90.91,3983.95,0
10365,90.91,3981.42,0
10377,83.33,3973.01,0
10389,83.33,3970.17,0
10400,90.91,3976.06,0
10412,83.33,3973.34,0
10423,90.91,3965.65,0
10434,90.91,3966.26,0
10445,90.91,3974.81,0
10457,83.33,3983.48,0
10469,83.33,3983.48,0
10480,90.91,3980.38,0
10491,90.91,3980.22,0
10503,83.33,3981.79,0
10514,90.91,3975.41,0
10525,90.91,3967.41,0
10537,90.91,3964.31,0
10549,76.92,3969.84,0
10560,90.91,3975.80,0
10571,90.91,3976.84,0
10583,83.33,3978.10,0
10594,90.91,3979.38,0
10605,90.91,3986.31,0
10617,83.33,3988.41,0
10629,83.33,3979.28,0
10640,90.91,3971.12,0
10651,90.91,3967.47,0
10662,90.91,3971.95,0
10674,83.33,3971.67,0
10686,90.91,3970.42,0
10697,83.33,3971.95,0
10708,90.91,3978.12,0
10720,83.33,3985.76,0
10731,90.91,3982.56,0
10742,90.91,3973.46,0
10754,83.33,3973.56,0
10766,83.33,3979.18,0
10777,90.91,3973.83,0
10788,90.91,3968.69,0
10800,83.33,3970.80,0
10811,90.91,3974.86,0
10822,90.91,3979.48,0
10833,90.91,3981.23,0
10846,76.92,3975.08,0
10857,90.91,3974.91,0
10868,90.91,3977.24,0
10880,83.33,3980.54,0
10891,90.91,3979.66,0
10902,90.91,3974.33,0
10914,90.91,3971.01,0
10926,76.92,3976.14,0
10937,90.91,3975.33,0
10948,90.91,3972.83,0
10959,90.91,3971.17,0
10971,83.33,3976.13,0
10982,90.91,3980.03,0
10994,83.33,3980.25,0
11005,90.91,3975.33,0
11017,83.33,3970.76,0
11028,90.91,3971.76,0
11039,90.91,3977.18,0
11051,83.33,3975.88,0
11062,90.91,3969.44,0
11074,83.33,3974.81,0
11085,90.91,3981.67,0
11097,83.33,3982.47,0
11108,90.91,3976.24,0
11119,90.91,3971.63,0
11130,90.91,3976.41,0
11143,76.92,3980.75,0
11154,90.91,3976.71,0
11165,90.91,3971.92,0
11176,90.91,3974.21,0
11188,83.33,3979.43,0
11199,90.91,3981.98,0
11210,90.91,3981.94,0
11223,76.92,3975.58,0
11234,90.91,3975.28,0
11245,90.91,3977.32,0
11256,90.91,3971.34,0
11268,83.33,3968.77,0
11279,90.91,3970.60,0
11291,90.91,3975.31,0
11302,83.33,3976.70,0
11314,83.33,3974.52,0
11325,90.91,3977.01,0
11336,90.91,3981.05,0
11347,90.91,3980.15,0
11359,83.33,3975.25,0
11371,83.33,3971.38,0
11382,90.91,3973.34,0
11394,83.33,3979.02,0
11405,90.91,3978.84,0
11416,90.91,3976.73,0
11427,90.91,3975.10,0
11439,83.33,3980.03,0
11451,83.33,3982.87,0
11462,90.91,3979.44,0
11473,90.91,3972.99,0
11485,83.33,3970.28,0
11496,90.91,3972.87,0
11507,90.91,3971.95,0
11520,76.92,3972.55,0
11531,90.91,3971.59,0
11542,90.91,3973.49,0
11553,90.91,3977.04,0
11565,83.33,3980.34,0
11576,90.91,3978.90,0
11587,90.91,3977.33,0
11599,83.33,3975.01,0
11611,83.33,3976.15,0
11622,90.91,3974.51,0
11633,90.91,3974.85,0
11644,90.91,3972.35,0
11656,83.33,3972.86,0
11668,90.91,3976.21,0
11679,83.33,3976.64,0
11691,83.33,3979.52,0
11702,90.91,3981.97,0
11713,90.91,3979.33,0
11724,90.91,3975.20,0
11736,83.33,3974.09,0
11748,83.33,3972.31,0
11759,90.91,3967.40,0
11770,90.91,3969.32,0
11782,83.33,3970.19,0
11793,90.91,3974.86,0
11804,90.91,3979.40,0
11815,90.91,3981.14,0
11828,76.92,3981.45,0
11839,90.91,3977.86,0
11850,90.91,3975.87,0
11862,83.33,3974.17,0
11873,90.91,3976.27,0
11884,90.91,3972.76,0
11896,83.33,3968.64,0
11908,83.33,3970.28,0
11919,90.91,3976.24,0
11930,90.91,3977.41,0
11941,90.91,3976.86,0
11953,83.33,3976.23,0
11964,90.91,3975.07,0
11976,83.33,3977.34,0
11987,90.91,3979.65,0
11999,83.33,3978.54,0
12010,90.91,3976.33,0
12021,90.91,3973.26,0
12033,83.33,3975.11,0
12045,90.91,3976.95,0
12056,83.33,3978.16,0
12067,90.91,3979.95,0
12079,83.33,3977.23,0
12090,90.91,3976.39,0
12101,90.91,3977.31,0
12112,90.91,3977.40,0
12125,76.92,3976.01,0
12136,90.91,3976.33,0
12147,90.91,3974.43,0
12158,90.91,3973.57,0
12170,83.33,3978.12,0
12181,90.91,3978.96,0
12192,90.91,3978.93,0
12205,76.92,3975.16,0
12216,90.91,3973.68,0
12227,90.91,3975.18,0
12238,90.91,3976.88,0
12250,83.33,3979.22,0
12261,90.91,3980.08,0
12273,83.33,3980.94,0
12284,90.91,3981.18,0
12296,83.33,3980.51,0
12307,90.91,3975.51,0
12318,90.91,3971.86,0
12329,90.91,3974.57,0
12341,83.33,3976.16,0
12353,83.33,3972.96,0
12364,90.91,3971.78,0
12376,83.33,3971.06,0
12387,90.91,3975.51,0
12398,90.91,3976.20,0
12409,90.91,3978.67,0
12422,83.33,3981.56,0
12433,83.33,3978.80,0
12444,90.91,3974.96,0
12455,90.91,3972.59,0
12467,83.33,3966.79,0
12478,90.91,3968.53,0
12489,90.91,3972.70,0
12502,76.92,3976.25,0
12513,90.91,3973.84,0
12524,90.91,3976.21,0
12535,90.91,3984.21,0
12547,83.33,3984.88,0
12558,90.91,3979.59,0
12569,90.91,3974.21,0
12581,83.33,3969.48,0
12593,83.33,3971.49,0
12604,90.91,3974.04,0
12615,90.91,3971.22,0
12626,90.91,3971.28,0
12638,83.33,3973.29,0
12650,83.33,3979.34,0
12661,90.91,3979.27,0
12673,83.33,3980.54,0
12684,90.91,3978.07,0
12695,90.91,3975.00,0
12706,90.91,3975.53,0
12718,83.33,3973.15,0
12730,83.33,3971.27,0
12741,90.91,3972.15,0
12752,90.91,3972.93,0
12764,83.33,3977.85,0
12775,90.91,3977.48,0
12786,90.91,3977.72,0
12798,90.91,3978.04,0
12810,76.92,3979.59,0
12821,90.91,3976.54,0
12832,90.91,3974.56,0
12844,83.33,3977.82,0
12855,90.91,3977.62,0
12866,90.91,3973.61,0
12878,83.33,3971.21,0
12890,83.33,3973.23,0
12901,90.91,3979.78,0
12912,90.91,3984.90,0
12923,90.91,3981.60,0
12935,83.33,3975.47,0
12946,90.91,3976.67,0
12958,83.33,3976.55,0
12969,90.91,3976.18,0
12981,83.33,3973.75,0
12992,90.91,3970.31,0
13003,90.91,3974.54,0
13015,83.33,3980.10,0
13027,83.33,3980.42,0
13038,90.91,3973.85,0
13049,90.91,3972.65,0
13061,83.33,3976.48,0
13072,90.91,3977.95,0
13083,90.91,3974.45,0
13094,90.91,3971.77,0
13107,76.92,3973.78,0
13118,90.91,3977.96,0
13129,90.91,3980.67,0
13140,90.91,3977.18,0
13152,83.33,3973.01,0
13163,90.91,3975.57,0
13175,90.91,3979.74,0
13187,76.92,3977.45,0
13198,90.91,3972.33,0
13209,90.91,3973.32,0
13220,90.91,3978.44,0
13232,83.33,3980.40,0
13243,90.91,3978.65,0
13255,83.33,3976.46,0
13266,90.91,3978.12,0
13278,83.33,3977.34,0
13289,90.91,3975.61,0
13300,90.91,3969.89,0
13312,83.33,3970.12,0
13323,90.91,3975.54,0
13335,83.33,3976.89,0
13346,90.91,3976.84,0
13358,83.33,3975.14,0
13369,90.91,3977.20,0
13380,90.91,3980.28,0
13391,90.91,3978.36,0
13404,83.33,3974.40,0
13415,90.91,3971.69,0
13426,90.91,3973.16,0
13437,90.91,3978.14,0
13449,83.33,3979.98,0
13460,90.91,3974.68,0
13471,90.91,3972.92,0
13484,76.92,3976.42,0
13495,90.91,3980.83,0
13506,90.91,3981.83,0
13517,90.91,3976.05,0
13529,83.33,3972.50,0
13540,90.91,3974.87,0
13552,90.91,3976.67,0
13563,83.33,3974.99,0
13575,83.33,3974.01,0
13586,90.91,3972.63,0
13597,90.91,3975.12,0
13608,90.91,3976.55,0
13620,83.33,3976.33,0
13632,83.33,3973.81,0
13643,90.91,3976.13,0
13655,83.33,3975.47,0
13666,90.91,3973.07,0
13677,90.91,3971.19,0
13688,90.91,3973.49,0
13700,83.33,3976.54,0
13712,83.33,3973.91,0
13723,90.91,3972.88,0
13734,90.91,3978.41,0
13746,83.33,3985.08,0
13757,90.91,3984.98,0
13768,90.91,3979.77,0
13780,83.33,3975.45,0
13792,83.33,3971.10,0
13803,90.91,3967.97,0
13814,90.91,3969.72,0
13826,83.33,3971.42,0
13837,90.91,3975.46,0
13848,90.91,3977.67,0
13860,83.33,3979.72,0
13872,83.33,3982.06,0
13883,90.91,3980.23,0
13894,90.91,3978.05,0
13905,90.91,3974.25,0
13917,83.33,3970.37,0
13929,90.91,3967.91,0
13940,83.33,3966.99,0
13952,83.33,3965.41,0
13963,90.91,3972.47,0
13974,90.91,3977.05,0
13985,90.91,3980.21,0
13997,83.33,3981.91,0
14009,83.33,3982.45,0
14020,90.91,3979.56,0
14031,90.91,3976.70,0
14043,83.33,3972.74,0
14054,90.91,3968.97,0
14065,90.91,3969.04,0
14076,90.91,3973.48,0
14089,76.92,3977.57,0
14100,90.91,3977.76,0
14111,90.91,3980.31,0
14123,83.33,3983.79,0
14134,90.91,3980.53,0
14145,90.91,3975.67,0
14157,83.33,3973.63,0
14169,83.33,3973.10,0
14180,90.91,3973.02,0
14191,90.91,3969.08,0
14202,90.91,3965.58,0
14214,83.33,3969.22,0
14225,90.91,3976.88,0
14237,83.33,3984.14,0
14248,90.91,3982.74,0
14260,83.33,3980.81,0
14271,90.91,3983.07,0
14282,90.91,3978.76,0
14294,83.33,3972.61,0
14306,90.91,3968.33,0
14317,83.33,3967.14,0
14328,90.91,3969.30,0
14340,83.33,3974.18,0
14351,90.91,3976.53,0
14362,90.91,3981.25,0
14373,90.91,3984.77,0
14386,76.92,3979.25,0
14397,90.91,3976.28,0
14408,90.91,3973.21,0
14419,90.91,3972.65,0
14431,83.33,3973.74,0
14442,90.91,3970.22,0
14453,90.91,3971.63,0
14466,76.92,3974.36,0
14477,90.91,3983.00,0
14488,90.91,3986.09,0
14499,90.91,3981.73,0
14511,83.33,3975.11,0
14522,90.91,3978.45,0
14534,90.91,3980.47,0
14545,83.33,3977.64,0
14557,83.33,3973.64,0
14568,90.91,3971.39,0
14579,90.91,3975.52,0
14590,90.91,3980.83,0
14602,83.33,3973.52,0
14614,83.33,3967.99,0
14625,90.91,3973.37,0
14637,83.33,3978.64,0
14648,90.91,3976.33,0
14659,90.91,3975.79,0
14670,90.91,3972.37,0
14682,83.33,3972.65,0
14694,83.33,3978.97,0
14705,90.91,3978.62,0
14716,90.91,3973.53,0
14728,83.33,3969.65,0
14739,90.91,3974.48,0
14750,90.91,3980.31,0
14763,76.92,3976.60,0
14774,90.91,3972.12,0
14785,90.91,3976.96,0
14796,90.91,3984.58,0
14808,83.33,3986.24,0
14819,90.91,3976.19,0
14830,90.91,3973.06,0
14842,83.33,3976.48,0
14854,83.33,3980.93,0
14865,90.91,3976.58,0
14876,90.91,3969.25,0
14887,90.91,3967.51,0
14899,83.33,3974.60,0
14911,90.91,3980.73,0
14922,83.33,3978.45,0
14934,83.33,3971.58,0
14945,90.91,3975.84,0
14956,90.91,3981.72,0
14967,90.91,3982.22,0
14979,83.33,3977.09,0
14991,83.33,3973.30,0
15002,90.91,3974.12,0
15013,90.91,3975.43,0
15025,83.33,3971.60,0
15036,90.91,3969.58,0
15047,90.91,3971.35,0
15058,90.91,3979.59,0
15071,76.92,3985.68,0
15082,90.91,3981.48,0
15093,90.91,3977.16,0
15105,83.33,3977.97,0
15116,90.91,3979.27,0
15127,90.91,3975.48,0
15139,83.33,3969.89,0
15151,83.33,3963.42,0
15162,90.91,3966.82,0
15173,90.91,3975.56,0
15184,90.91,3980.32,0
15196,83.33,3976.56,0
15207,90.91,3976.77,0
15219,83.33,3979.26,0
15230,90.91,3984.34,0
15242,83.33,3980.74,0
15253,90.91,3971.07,0
15264,90.91,3969.18,0
15276,83.33,3975.20,0
15288,90.91,3976.98,0
15299,83.33,3973.06,0
15310,90.91,3971.26,0
15322,83.33,3979.50,0
15333,90.91,3984.03,0
15344,90.91,3979.55,0
15355,90.91,3975.27,0
15368,76.92,3979.06,0
15379,90.91,3977.48,0
15390,90.91,3974.88,0
15401,90.91,3974.66,0
15413,83.33,3973.41,0
15424,90.91,3977.09,0
15435,90.91,3981.18,0
15448,76.92,3979.85,0
15459,90.91,3977.82,0
15470,90.91,3974.78,0
15481,90.91,3978.72,0
15493,83.33,3983.23,0
15504,90.91,3979.35,0
15516,83.33,3974.40,0
15527,90.91,3971.65,0
15539,83.33,3974.60,0
15550,90.91,3975.99,0
15561,90.91,3974.50,0
15572,90.91,3971.71,0
15584,83.33,3977.99,0
15596,83.33,3982.25,0
15607,90.91,3978.05,0
15619,83.33,3976.60,0
15630,90.91,3973.05,0
15641,90.91,3975.83,0
15652,90.91,3982.13,0
15665,83.33,3974.54,0
15676,83.33,3970.35,0
15687,90.91,3977.45,0
15698,90.91,3981.62,0
15710,83.33,3978.87,0
15721,90.91,3970.16,0
15732,90.91,3970.14,0
15745,76.92,3976.44,0
15756,90.91,3979.24,0
15767,90.91,3973.90,0
15778,90.91,3969.35,0
15790,83.33,3973.32,0
15801,90.91,3982.15,0
15813,90.91,3985.25,0
15824,83.33,3976.61,0
15836,83.33,3971.83,0
15847,90.91,3972.84,0
15858,90.91,3974.47,0
15869,90.91,3973.26,0
15881,83.33,3970.84,0
15893,83.33,3975.39,0
15904,90.91,3984.39,0
15916,83.33,3987.06,0
15927,90.91,3983.68,0
15938,90.91,3975.05,0
15949,90.91,3970.69,0
15961,83.33,3971.22,0
15973,83.33,3974.80,0
15984,90.91,3970.45,0
15995,90.91,3967.34,0
16007,83.33,3974.29,0
16018,90.91,3983.21,0
16029,90.91,3984.96,0
16041,90.91,3981.04,0
16053,76.92,3977.37,0
16064,90.91,3980.58,0
16075,90.91,3979.77,0
16087,83.33,3974.89,0
16098,90.91,3970.07,0
16109,90.91,3968.40,0
16121,83.33,3974.11,0
16133,83.33,3977.93,0
16144,90.91,3977.66,0
16155,90.91,3976.40,0
16166,90.91,3982.16,0
16178,83.33,3984.89,0
16189,90.91,3982.24,0
16201,83.33,3978.95,0
16212,90.91,3973.57,0
16224,83.33,3976.80,0
16235,90.91,3976.56,0
16246,90.91,3970.62,0
16258,83.33,3967.61,0
16270,83.33,3972.25,0
16281,90.91,3981.69,0
16292,90.91,3987.24,0
16304,83.33,3984.21,0
16315,90.91,3978.59,0
16326,90.91,3979.51,0
16337,90.91,3981.47,0
16350,76.92,3977.50,0
16361,90.91,3969.70,0
16372,90.91,3966.31,0
16384,83.33,3973.55,0
16395,90.91,3980.16,0
16406,90.91,3978.77,0
16418,90.91,3975.74,0
16430,76.92,3975.50,0
16441,90.91,3980.85,0
16452,90.91,3982.58,0
16463,90.91,3972.49,0
16475,83.33,3965.88,0
16486,90.91,3971.06,0
16498,83.33,3974.84,0
16509,90.91,3975.64,0
16521,83.33,3971.56,0
16532,90.91,3970.54,0
16543,90.91,3982.21,0
16555,83.33,3979.98,0
16566,90.91,3975.50,0
16578,83.33,3973.10,0
16589,90.91,3974.89,0
16601,83.33,3979.00,0
16612,90.91,3978.78,0
16623,90.91,3972.56,0
16634,90.91,3972.32,0
16647,83.33,3979.39,0
16658,83.33,3982.97,0
16669,90.91,3977.01,0
16680,90.91,3968.65,0
16692,83.33,3970.76,0
16703,90.91,3980.10,0
16714,90.91,3981.53,0
16727,76.92,3975.55,0
16738,90.91,3970.74,0
16749,90.91,3973.51,0
16760,90.91,3982.23,0
16772,83.33,3979.87,0
16783,90.91,3973.22,0
16794,90.91,3973.69,0
16806,83.33,3978.96,0
16818,83.33,3985.79,0
16829,90.91,3982.33,0
16840,90.91,3972.05,0
16851,90.91,3975.85,0
16863,83.33,3983.42,0
16875,83.33,3982.65,0
16886,90.91,3976.23,0
16898,83.33,3970.11,0
16909,90.91,3975.48,0
16920,90.91,3981.73,0
16931,90.91,3977.78,0
16943,83.33,3972.82,0
16955,83.33,3974.50,0
16966,90.91,3976.63,0
16977,90.91,3977.42,0
16989,83.33,3976.89,0
17000,90.91,3975.23,0
17011,90.91,3980.90,0
17024,90.91,3982.70,0
17035,76.92,3974.52,0
17046,90.91,3970.37,0
17057,90.91,3971.61,0
17069,83.33,3972.89,0
17080,90.91,3976.65,0
17091,90.91,3975.43,0
17103,83.33,3972.25,0
17115,83.33,3979.30,0
17126,90.91,3983.99,0
17137,90.91,3981.07,0
17148,90.91,3976.27,0
17160,83.33,3974.39,0
17171,90.91,3977.37,0
17183,83.33,3975.58,0
17195,83.33,3970.99,0
17206,90.91,3970.77,0
17217,90.91,3972.61,0
17228,90.91,3981.21,0
17240,83.33,3984.37,0
17252,83.33,3980.29,0
17263,90.91,3977.33,0
17274,90.91,3979.09,0
17286,83.33,3977.34,0
17297,90.91,3971.48,0
17308,90.91,3965.06,0
17319,90.91,3967.40,0
17332,76.92,3973.41,0
17343,90.91,3977.81,0
17354,90.91,3977.23,0
17366,83.33,3977.41,0
17377,90.91,3981.78,0
17388,90.91,3983.39,0
17400,90.91,3977.22,0
17412,76.92,3970.66,0
17423,90.91,3970.54,0
17434,90.91,3974.49,0
17445,90.91,3974.14,0
17457,83.33,3971.96,0
17468,90.91,3970.62,0
17480,83.33,3975.84,0
17491,90.91,3980.11,0
17503,83.33,3979.70,0
17514,90.91,3977.49,0
17525,90.91,3975.55,0
17537,83.33,3974.90,0
17548,90.91,3976.93,0
17560,83.33,3974.45,0
17571,90.91,3969.94,0
17583,83.33,3972.49,0
17594,90.91,3979.02,0
17605,90.91,3980.31,0
17616,90.91,3976.93,0
17629,83.33,3977.16,0
17640,83.33,3981.71,0
17651,90.91,3984.51,0
17662,90.91,3976.95,0
17674,83.33,3967.81,0
17685,90.91,3964.12,0
17696,90.91,3972.52,0
17709,76.92,3976.11,0
17720,90.91,3973.19,0
17731,90.91,3972.88,0
17742,90.91,3980.99,0
17754,83.33,3987.59,0
17765,90.91,3985.65,0
17777,90.91,3976.24,0
17788,83.33,3966.21,0
17800,83.33,3968.81,0
17811,90.91,3975.10,0
17822,90.91,3973.58,0
17833,90.91,3970.04,0
17845,83.33,3972.40,0
17857,83.33,3982.47,0
17868,90.91,3987.55,0
17880,83.33,3981.43,0
17891,90.91,3973.68,0
17902,90.91,3970.15,0
17913,90.91,3976.98,0
17925,83.33,3973.82,0
17937,83.33,3966.27,0
17948,90.91,3966.73,0
17959,90.91,3974.05,0
17971,83.33,3980.35,0
17982,90.91,3981.40,0
17993,90.91,3976.02,0
18006,90.91,3974.06,0
18017,90.91,3980.07,0
18028,90.91,3981.32,0
18039,90.91,3973.52,0
18051,83.33,3966.67,0
18062,90.91,3968.31,0
18073,90.91,3978.79,0
18085,83.33,3977.43,0
18097,83.33,3973.22,0
18108,90.91,3975.22,0
18119,90.91,3981.63,0
18130,90.91,3986.09,0
18142,83.33,3980.03,0
18154,90.91,3973.45,0
18165,83.33,3974.66,0
18177,83.33,3977.99,0
18188,90.91,3976.76,0
18199,90.91,3966.01,0
18210,90.91,3967.02,0
18222,83.33,3979.26,0
18234,83.33,3986.88,0
18245,90.91,3984.72,0
18256,90.91,3975.49,0
18268,83.33,3974.37,0
18279,90.91,3979.79,0
18290,90.91,3978.37,0
18301,90.91,3971.46,0
18314,76.92,3970.32,0
18325,90.91,3974.17,0
18336,90.91,3979.15,0
18348,83.33,3979.86,0
18359,90.91,3975.57,0
18370,90.91,3974.78,0
18382,83.33,3980.74,0
18394,83.33,3978.59,0
18405,90.91,3971.67,0
18416,90.91,3967.35,0
18427,90.91,3970.28,0
18439,83.33,3978.36,0
18450,90.91,3982.52,0
18462,83.33,3976.97,0
18473,90.91,3973.85,0
18485,83.33,3977.40,0
18496,90.91,3984.76,0
18507,90.91,3979.85,0
18519,83.33,3968.26,0
18531,90.91,3964.00,0
18542,83.33,3972.83,0
18553,90.91,3980.66,0
18565,83.33,3977.48,0
18576,90.91,3971.04,0
18587,90.91,3975.39,0
18598,90.91,3981.15,0
18611,76.92,3984.09,0
18622,90.91,3979.74,0
18633,90.91,3972.47,0
18644,90.91,3971.27,0
18656,83.33,3976.93,0
18667,90.91,3974.53,0
18678,90.91,3969.19,0
18691,76.92,3969.03,0
18702,90.91,3979.88,0
18713,90.91,3983.46,0
18724,90.91,3981.35,0
18736,83.33,3976.88,0
18747,90.91,3979.58,0
18759,83.33,3982.61,0
18770,90.91,3977.67,0
18782,83.33,3969.93,0
18793,90.91,3968.22,0
18804,90.91,3973.64,0
18816,83.33,3977.77,0
18827,90.91,3977.75,0
18839,83.33,3978.76,0
18850,90.91,3980.94,0
18862,83.33,3984.24,0
18873,90.91,3983.34,0
18884,90.91,3970.65,0
18895,90.91,3965.75,0
18908,83.33,3968.83,0
18919,83.33,3972.49,0
18930,90.91,3973.78,0
18941,90.91,3972.96,0
18953,83.33,3977.05,0
18964,90.91,3981.35,0
18975,90.91,3983.45,0
18988,76.92,3983.27,0
18999,90.91,3978.19,0
19010,90.91,3978.23,0
19021,90.91,3977.30,0
19033,83.33,3973.99,0
19044,90.91,3968.09,0
19055,90.91,3970.44,0
19067,83.33,3978.15,0
19079,83.33,3982.82,0
19090,90.91,3983.11,0
19101,90.91,3979.13,0
19112,90.91,3979.95,0
19124,83.33,3980.52,0
19136,83.33,3978.64,0
19147,90.91,3973.09,0
19159,83.33,3967.17,0
19170,90.91,3968.22,0
19181,90.91,3972.59,0
19192,90.91,3976.71,0
19204,83.33,3977.98,0
19216,83.33,3977.00,0
19227,90.91,3977.18,0
19238,90.91,3976.97,0
19250,83.33,3977.57,0
19261,90.91,3976.83,0
19272,90.91,3975.83,0
19284,90.91,3974.56,0
19296,76.92,3974.32,0
19307,90.91,3970.92,0
19318,90.91,3971.06,0
19330,83.33,3977.85,0
19341,90.91,3978.31,0
19352,90.91,3975.21,0
19364,83.33,3974.50,0
19376,83.33,3972.56,0
19387,90.91,3974.30,0
19398,90.91,3977.43,0
19409,90.91,3975.77,0
19421,83.33,3973.24,0
19432,90.91,3974.78,0
19444,83.33,3978.63,0
19456,83.33,3977.94,0
19467,90.91,3975.08,0
19478,90.91,3974.23,0
19489,90.91,3978.01,0
19501,83.33,3979.13,0
19513,83.33,3975.65,0
19524,90.91,3975.18,0
19535,90.91,3974.56,0
19547,83.33,3978.42,0
19558,90.91,3982.36,0
19569,90.91,3976.73,0
19580,90.91,3977.59,0
19593,76.92,3979.58,0
19604,90.91,3977.76,0
19615,90.91,3977.53,0
19627,83.33,3973.58,0
19638,90.91,3974.99,0
19649,90.91,3974.89,0
19661,90.91,3974.97,0
19673,76.92,3976.97,0
19684,90.91,3973.47,0
19695,90.91,3976.74,0
19706,90.91,3983.56,0
19718,83.33,3977.57,0
19729,90.91,3970.55,0
19741,83.33,3966.68,0
19752,90.91,3972.53,0
19764,83.33,3978.18,0
19775,90.91,3975.82,0
19786,90.91,3972.95,0
19798,83.33,3974.36,0
19809,90.91,3983.37,0
19821,83.33,3983.28,0
19832,90.91,3976.96,0
19844,83.33,3971.90,0
19855,90.91,3970.71,0
19866,90.91,3978.20,0
19877,90.91,3974.65,0
19890,76.92,3971.36,0
19901,90.91,3974.92,0
19912,90.91,3981.39,0
19923,90.91,3985.69,0
19935,83.33,3980.40,0
19946,90.91,3972.12,0
19957,90.91,3971.79,0
19970,76.92,3977.34,0
19981,90.91,3975.61,0
19992,90.91,3969.08,0
20003,90.91,3965.92,0
20015,83.33,3975.92,0
20026,90.91,3981.16,0
20038,90.91,3978.80,0
20049,83.33,3974.90,0
20061,83.33,3972.89,0
20072,90.91,3982.78,0
20083,90.91,3984.53,0
20094,90.91,3973.90,0
20106,83.33,3969.72,0
20118,83.33,3972.82,0
20129,90.91,3976.68,0
20141,83.33,3976.98,0
20152,90.91,3971.67,0
20163,90.91,3973.08,0
20174,90.91,3985.80,0
20186,83.33,3989.53,0
20198,83.33,3982.20,0
20209,90.91,3972.44,0
20220,90.91,3969.01,0
20232,83.33,3973.46,0
20243,90.91,3974.61,0
20254,90.91,3965.96,0
20267,90.91,3963.57,0
20278,76.92,3974.92,0
20289,90.91,3987.56,0
20300,90.91,3983.89,0
20312,83.33,3975.76,0
20323,90.91,3974.91,0
20334,90.91,3980.21,0
20346,83.33,3981.41,0
20358,83.33,3970.35,0
20369,90.91,3961.42,0
20380,90.91,3966.86,0
20391,90.91,3979.37,0
20403,83.33,3982.83,0
20414,90.91,3977.06,0
20426,83.33,3977.27,0
20438,83.33,3980.68,0
20449,90.91,3982.70,0
20460,90.91,3976.67,0
20471,90.91,3963.73,0
20483,83.33,3961.05,0
20495,83.33,3973.72,0
20506,90.91,3978.72,0
20517,90.91,3972.66,0
20529,83.33,3967.31,0
20540,90.91,3978.28,0
20551,90.91,3987.91,0
20562,90.91,3984.78,0
20575,76.92,3975.48,0
20586,90.91,3970.16,0
20597,90.91,3971.35,0
20609,83.33,3973.66,0
20620,90.91,3970.02,0
20631,90.91,3966.09,0
20643,90.91,3969.87,0
20655,76.92,3979.73,0
20666,90.91,3987.84,0
20677,90.91,3983.25,0
20688,90.91,3977.67,0
20700,83.33,3983.46,0
20711,90.91,3984.64,0
20723,83.33,3975.78,0
20734,90.91,3966.38,0
20746,83.33,3964.12,0
20757,90.91,3969.44,0
20768,90.91,3972.23,0
20780,83.33,3969.86,0
20791,90.91,3975.55,0
20803,83.33,3985.70,0
20814,90.91,3989.22,0
20826,83.33,3986.19,0
20837,90.91,3978.34,0
20848,90.91,3971.93,0
20859,90.91,3973.19,0
20872,76.92,3972.01,0
20883,90.91,3964.86,0
20894,90.91,3963.59,0
20905,90.91,3974.00,0
20917,83.33,3983.62,0
20928,90.91,3984.63,0
20939,90.91,3983.57,0
20952,76.92,3981.30,0
20963,90.91,3980.57,0
20974,90.91,3981.33,0
20985,90.91,3979.05,0
20997,83.33,3966.32,0
21008,90.91,3963.93,0
21020,90.91,3972.01,0
21031,83.33,3975.97,0
21043,83.33,3976.27,0
21054,90.91,3971.64,0
21065,90.91,3976.85,0
21076,90.91,3985.62,0
21088,83.33,3982.55,0
21100,83.33,3977.20,0
21111,90.91,3971.62,0
21123,83.33,3971.47,0
21134,90.91,3977.61,0
21145,90.91,3974.73,0
21156,90.91,3968.47,0
21168,83.33,3966.50,0
21180,83.33,3978.26,0
21191,90.91,3986.27,0
21202,90.91,3982.07,0
21214,83.33,3973.58,0
21225,90.91,3971.71,0
21236,90.91,3980.88,0
21249,83.33,3978.10,0
21260,83.33,3970.58,0
21271,90.91,3967.34,0
21282,90.91,3973.51,0
21294,83.33,3983.65,0
21305,90.91,3981.82,0
21316,90.91,3972.33,0
21328,83.33,3971.79,0
21340,83.33,3980.83,0
21351,90.91,3986.45,0
21362,90.91,3977.80,0
21373,90.91,3971.43,0
21385,83.33,3969.62,0
21396,90.91,3977.56,0
21408,83.33,3979.26,0
21420,83.33,3970.56,0
21431,90.91,3970.50,0
21442,90.91,3976.59,0
21453,90.91,3980.02,0
21465,83.33,3975.40,0
21477,83.33,3970.81,0
21488,90.91,3971.22,0
21499,90.91,3982.76,0
21511,83.33,3981.95,0
21522,90.91,3972.83,0
21533,90.91,3970.84,0
21544,90.91,3978.54,0
21557,76.92,3984.13,0
21568,90.91,3972.69,0
21579,90.91,3962.20,0
21591,83.33,3967.60,0
21602,90.91,3978.59,0
21613,90.91,3986.21,0
21625,90.91,3982.46,0
21637,76.92,3975.65,0
21648,90.91,3978.48,0
21659,90.91,3986.16,0
21670,90.91,3978.69,0
21682,83.33,3965.17,0
21693,90.91,3961.53,0
21705,83.33,3969.59,0
21716,90.91,3977.16,0
21728,83.33,3972.41,0
21739,90.91,3968.93,0
21750,90.91,3976.95,0
21762,83.33,3986.24,0
21773,90.91,3988.34,0
21785,83.33,3977.55,0
21796,90.91,3973.61,0
21808,83.33,3979.88,0
21819,90.91,3976.33,0
21830,90.91,3968.04,0
21841,90.91,3960.61,0
21854,76.92,3963.88,0
21865,90.91,3978.35,0
21876,90.91,3986.36,0
21888,83.33,3982.27,0
21899,90.91,3977.70,0
21910,90.91,3981.30,0
21921,90.91,3989.15,0
21934,76.92,3984.24,0
21945,90.91,3966.42,0
21956,90.91,3958.88,0
21967,90.91,3965.20,0
21979,83.33,3968.86,0
21990,90.91,3967.49,0
22002,90.91,3965.65,0
22013,83.33,3973.63,0
22025,83.33,3989.02,0
22036,90.91,3993.89,0
22047,90.91,3980.48,0
22059,83.33,3972.05,0
22070,90.91,3972.94,0
22082,83.33,3975.31,0
22093,90.91,3970.66,0
22105,83.33,3959.50,0
22116,90.91,3961.59,0
22127,90.91,3975.30,0
22138,90.91,3985.96,0
22150,83.33,3984.82,0
22162,83.33,3979.87,0
22173,90.91,3982.33,0
22184,90.91,3983.99,0
22196,83.33,3977.08,0
22207,90.91,3965.36,0
22218,90.91,3960.58,0
22231,83.33,3967.90,0
22242,90.91,3975.03,0
22253,90.91,3971.92,0
22264,90.91,3970.56,0
22276,83.33,3980.67,0
22287,90.91,3991.14,0
22298,90.91,3992.04,0
22310,83.33,3981.07,0
22322,83.33,3972.85,0
22333,90.91,3975.45,0
22344,90.91,3976.85,0
22355,90.91,3966.55,0
22367,83.33,3957.18,0
22379,90.91,3964.55,0
22390,83.33,3976.97,0
22402,83.33,3985.68,0
22413,90.91,3985.92,0
22424,90.91,3980.36,0
22435,90.91,3980.60,0
22447,83.33,3986.59,0
22459,83.33,3982.52,0
22470,90.91,3968.55,0
22481,90.91,3962.36,0
22493,83.33,3969.10,0
22504,90.91,3975.93,0
22515,90.91,3976.22,0
22526,90.91,3972.85,0
22539,76.92,3977.12,0
22550,90.91,3985.33,0
22561,90.91,3991.31,0
22573,83.33,3986.17,0
22584,90.91,3976.55,0
22595,90.91,3971.69,0
22607,90.91,3976.63,0
22619,76.92,3974.31,0
22630,90.91,3967.94,0
22641,90.91,3963.93,0
22652,90.91,3967.69,0
22664,83.33,3978.10,0
22675,90.91,3980.81,0
22687,83.33,3976.09,0
22699,83.33,3978.36,0
22710,90.91,3983.29,0
22721,90.91,3982.23,0
22732,90.91,3978.05,0
22744,83.33,3968.39,0
22756,90.91,3969.96,0
22767,83.33,3974.00,0
22778,90.91,3969.13,0
22790,83.33,3964.28,0
22801,90.91,3969.51,0
22812,90.91,3977.15,0
22823,90.91,3984.60,0
22836,76.92,3984.06,0
22847,90.91,3981.57,0
22858,90.91,3985.06,0
22870,83.33,3986.09,0
22881,90.91,3982.64,0
22892,90.91,3969.90,0
22903,90.91,3960.64,0
22916,76.92,3964.62,0
22927,90.91,3970.55,0
22938,90.91,3975.99,0
22949,90.91,3980.17,0
22961,83.33,3981.12,0
22972,90.91,3987.53,0
22984,90.91,3995.08,0
22995,83.33,3985.97,0
23007,83.33,3976.86,0
23018,90.91,3970.25,0
23029,90.91,3967.98,0
23041,83.33,3966.20,0
23052,90.91,3961.80,0
23064,83.33,3966.38,0
23075,90.91,3973.32,0
23087,83.33,3981.98,0
23098,90.91,3987.37,0
23109,90.91,3983.01,0
23120,90.91,3982.29,0
23132,83.33,3983.21,0
23144,83.33,3978.38,0
23155,90.91,3970.31,0
23166,90.91,3965.00,0
23178,83.33,3968.39,0
23189,90.91,3970.38,0
23200,90.91,3971.35,0
23213,76.92,3973.99,0
23224,90.91,3979.81,0
23235,90.91,3986.81,0
23246,90.91,3991.90,0
23258,83.33,3987.80,0
23269,90.91,3976.61,0
23280,90.91,3967.22,0
23292,83.33,3969.81,0
23304,83.33,3967.66,0
23315,90.91,3958.31,0
23326,90.91,3962.05,0
23337,90.91,3977.84,0
23349,83.33,3986.94,0
23361,90.91,3990.17,0
23372,83.33,3987.71,0
23384,83.33,3987.03,0
23395,90.91,3981.26,0
23406,90.91,3974.56,0
23417,90.91,3967.84,0
23429,83.33,3961.41,0
23441,83.33,3961.20,0
23452,90.91,3969.74,0
23463,90.91,3974.94,0
23475,83.33,3973.82,0
23486,90.91,3982.27,0
23497,90.91,3991.66,0
23508,90.91,3993.53,0
23521,76.92,3987.47,0
23532,90.91,3976.35,0
23543,90.91,3967.73,0
23555,83.33,3966.02,0
23566,90.91,3966.01,0
23577,90.91,3964.53,0
23589,83.33,3965.01,0
23601,83.33,3973.87,0
23612,90.91,3985.26,0
23623,90.91,3985.58,0
23634,90.91,3977.67,0
23646,83.33,3978.65,0
23657,90.91,3983.83,0
23669,83.33,3982.93,0
23681,83.33,3970.73,0
23692,90.91,3962.53,0
23703,90.91,3965.88,0
23714,90.91,3974.37,0
23726,83.33,3972.88,0
23738,90.91,3969.65,0
23749,83.33,3973.17,0
23760,90.91,3986.01,0
23772,83.33,3994.19,0
23783,90.91,3989.48,0
23794,90.91,3976.64,0
23805,90.91,3972.66,0
23818,76.92,3974.10,0
23829,90.91,3972.32,0
23840,90.91,3963.87,0
23852,83.33,3960.59,0
23863,90.91,3968.75,0
23874,90.91,3977.95,0
23885,90.91,3981.93,0
23898,76.92,3977.18,0
23909,90.91,3976.97,0
23920,90.91,3980.52,0
23931,90.91,3982.27,0
23943,83.33,3975.04,0
23954,90.91,3967.18,0
23966,90.91,3965.48,0
23977,83.33,3972.71,0
23989,83.33,3976.21,0
24000,90.91,3971.18,0
24011,90.91,3970.47,0
24023,83.33,3978.28,0
24034,90.91,3984.62,0
24046,83.33,3984.03,0
24057,90.91,3977.51,0
24069,83.33,3978.57,0
24080,90.91,3983.09,0
24091,90.91,3978.35,0
24102,90.91,3968.65,0
24114,83.33,3960.94,0
24126,83.33,3968.73,0
24137,90.91,3975.94,0
24148,90.91,3978.25,0
24160,83.33,3976.84,0
24171,90.91,3981.46,0
24182,90.91,3987.51,0
24195,83.33,3990.99,0
24206,90.91,3984.46,0
24217,90.91,3971.73,0
24228,90.91,3964.97,0
24240,83.33,3969.71,0
24251,90.91,3970.36,0
24262,90.91,3964.75,0
24274,83.33,3966.55,0
24286,83.33,3975.05,0
24297,90.91,3987.49,0
24308,90.91,3991.88,0
24320,83.33,3986.24,0
24331,90.91,3987.22,0
24342,90.91,3987.19,0
24354,83.33,3984.71,0
24366,83.33,3971.58,0
24377,90.91,3959.60,0
24388,90.91,3964.34,0
24399,90.91,3975.04,0
24411,83.33,3981.44,0
24423,83.33,3977.23,0
24434,90.91,3979.34,0
24445,90.91,3989.22,0
24457,83.33,3993.88,0
24468,90.91,3987.93,0
24479,90.91,3973.06,0
24491,83.33,3966.34,0
24503,83.33,3970.25,0
24514,90.91,3971.84,0
24525,90.91,3967.21,0
24537,83.33,3965.12,0
24548,90.91,3974.67,0
24559,90.91,3988.16,0
24571,90.91,3992.40,0
24583,76.92,3986.82,0
24594,90.91,3982.19,0
24605,90.91,3983.75,0
24616,90.91,3983.70,0
24628,83.33,3972.40,0
24639,90.91,3958.19,0
24651,83.33,3956.88,0
24663,83.33,3969.96,0
24674,90.91,3978.91,0
24685,90.91,3978.02,0
24696,90.91,3984.92,0
24708,83.33,3990.41,0
24719,90.91,3991.33,0
24731,83.33,3985.88,0
24742,90.91,3974.80,0
24754,83.33,3970.42,0
24765,90.91,3971.71,0
24776,90.91,3973.92,0
24787,90.91,3970.33,0
24800,76.92,3970.91,0
24811,90.91,3979.87,0
24822,90.91,3988.14,0
24834,83.33,3991.05,0
24845,90.91,3982.11,0
24856,90.91,3978.46,0
24867,90.91,3981.11,0
24880,76.92,3981.81,0
24891,90.91,3976.82,0
24902,90.91,3968.66,0
24913,90.91,3968.76,0
24925,83.33,3977.60,0
24936,90.91,3983.59,0
24948,90.91,3978.76,0
24960,76.92,3976.01,0
24971,90.91,3980.48,0
24982,90.91,3988.43,0
24993,90.91,3984.92,0
25005,83.33,3978.02,0
25016,90.91,3973.69,0
25028,83.33,3974.97,0
25039,90.91,3975.56,0
25051,83.33,3972.62,0
25062,90.91,3972.29,0
25073,90.91,3976.53,0
25084,90.91,3982.53,0
25096,83.33,3985.00,0
25108,83.33,3982.92,0
25119,90.91,3983.35,0
25131,83.33,3983.28,0
25142,90.91,3982.60,0
25153,90.91,3976.58,0
25164,90.91,3969.42,0
25177,83.33,3970.49,0
25188,83.33,3976.24,0
25199,90.91,3977.99,0
25210,90.91,3973.65,0
25222,83.33,3972.91,0
25233,90.91,3981.04,0
25244,90.91,3985.78,0
25256,83.33,3983.60,0
25268,83.33,3979.36,0
25279,90.91,3976.28,0
25290,90.91,3979.84,0
25302,83.33,3981.15,0
25313,90.91,3976.93,0
25324,90.91,3971.49,0
25336,83.33,3974.58,0
25348,83.33,3981.51,0
25359,90.91,3980.86,0
25370,90.91,3974.91,0
25381,90.91,3977.23,0
25393,83.33,3983.41,0
25405,83.33,3988.39,0
25416,90.91,3986.41,0
25427,90.91,3976.04,0
25439,83.33,3970.75,0
25450,90.91,3972.85,0
25461,90.91,3972.48,0
25473,83.33,3970.26,0
25485,83.33,3969.12,0
25496,90.91,3973.74,0
25507,90.91,3983.73,0
25519,83.33,3985.52,0
25530,90.91,3984.58,0
25541,90.91,3982.58,0
25552,90.91,3983.66,0
25565,76.92,3979.38,0
25576,90.91,3973.80,0
25587,90.91,3967.81,0
25598,90.91,3971.70,0
25610,83.33,3975.31,0
25621,90.91,3975.30,0
25633,83.33,3979.04,0
25645,83.33,3984.10,0
25656,90.91,3987.57,0
25667,90.91,3986.16,0
25678,90.91,3978.94,0
25690,83.33,3974.31,0
25701,90.91,3972.09,0
25713,83.33,3972.57,0
25724,90.91,3973.32,0
25736,83.33,3972.07,0
25747,90.91,3973.02,0
25758,90.91,3977.93,0
25769,90.91,3983.55,0
25782,83.33,3988.74,0
25793,83.33,3987.91,0
25804,90.91,3983.25,0
25816,83.33,3980.31,0
25827,90.91,3975.93,0
25838,90.91,3971.82,0
25849,90.91,3970.35,0
25862,76.92,3967.57,0
25873,90.91,3967.41,0
25884,90.91,3975.05,0
25895,90.91,3980.80,0
25907,83.33,3985.02,0
25918,90.91,3987.91,0
25929,90.91,3986.68,0
25942,76.92,3983.67,0
25953,90.91,3978.81,0
25964,90.91,3974.03,0
25975,90.91,3969.88,0
25987,83.33,3968.92,0
25998,90.91,3968.99,0
