66,15.15,-187.98,0
77,90.91,-191.98,0
89,83.33,-192.52,0
100,90.91,-190.33,0
111,90.91,-188.81,0
123,83.33,-189.26,0
135,83.33,-190.84,0
146,90.91,-190.19,0
157,90.91,-186.68,0
168,90.91,-182.21,0
180,83.33,-180.04,0
192,83.33,-182.00,0
203,90.91,-187.35,0
215,83.33,-191.74,0
226,90.91,-192.99,0
237,90.91,-191.03,0
249,90.91,-189.23,0
261,76.92,-190.04,0
272,90.91,-191.40,0
283,90.91,-191.36,0
294,90.91,-187.89,0
306,83.33,-182.33,0
318,83.33,-179.52,0
329,90.91,-181.95,0
340,90.91,-187.30,0
352,83.33,-191.50,0
363,90.91,-192.23,0
374,90.91,-190.16,0
387,76.92,-188.66,0
398,90.91,-189.31,0
409,90.91,-191.75,0
420,90.91,-191.28,0
432,83.33,-187.76,0
443,90.91,-181.82,0
455,83.33,-179.11,0
466,90.91,-182.08,0
478,83.33,-187.00,0
489,90.91,-191.03,0
500,90.91,-191.80,0
512,83.33,-190.27,0
524,83.33,-188.54,0
535,90.91,-189.66,0
546,90.91,-191.69,0
558,83.33,-191.50,0
569,90.91,-187.34,0
581,90.91,-181.56,0
592,83.33,-179.76,0
604,83.33,-181.95,0
615,90.91,-186.88,0
626,90.91,-190.60,0
637,90.91,-191.77,0
650,76.92,-189.77,0
661,90.91,-188.62,0
672,90.91,-189.20,0
684,83.33,-191.24,0
695,90.91,-191.43,0
706,90.91,-188.07,0
718,83.33,-182.65,0
730,83.33,-179.41,0
741,90.91,-181.84,0
752,90.91,-186.92,0
763,90.91,-191.13,0
775,83.33,-191.52,0
787,83.33,-189.92,0
798,90.91,-188.84,0
809,90.91,-189.39,0
821,83.33,-191.71,0
832,90.91,-191.82,0
844,90.91,-188.31,0
856,76.92,-182.63,0
867,90.91,-179.54,0
878,90.91,-181.51,0
889,90.91,-186.66,0
901,83.33,-190.72,0
913,83.33,-191.64,0
924,90.91,-189.62,0
935,90.91,-188.20,0
947,83.33,-189.55,0
958,90.91,-191.69,0
969,90.91,-191.93,0
982,76.92,-188.16,0
993,90.91,-183.09,0
1004,90.91,-180.24,0
1015,90.91,-181.83,0
1027,83.33,-187.00,0
1038,90.91,-190.71,0
1050,83.33,-190.70,0
1061,90.91,-188.88,0
1073,83.33,-187.68,0
1084,90.91,-189.19,0
1095,90.91,-191.61,0
1106,90.91,-192.17,0
1119,76.92,-189.07,0
1130,90.91,-183.48,0
1141,90.91,-180.61,0
1153,83.33,-182.37,0
1164,90.91,-186.69,0
1176,90.91,-189.64,0
1187,90.91,-190.08,0
1199,83.33,-188.83,0
1210,90.91,-187.84,0
1221,90.91,-189.40,0
1232,90.91,-191.94,0
1245,76.92,-192.36,0
1256,90.91,-188.75,0
1267,90.91,-183.14,0
1278,90.91,-180.62,0
1290,83.33,-182.28,0
1301,90.91,-187.38,0
1313,83.33,-190.15,0
1325,83.33,-190.63,0
1336,90.91,-188.68,0
1347,90.91,-187.65,0
1358,90.91,-189.04,0
1370,83.33,-191.57,0
1382,83.33,-191.70,0
1393,90.91,-188.03,0
1404,90.91,-183.80,0
1416,83.33,-181.65,0
1427,90.91,-183.16,0
1439,90.91,-187.15,0
1451,76.92,-190.33,0
1462,90.91,-191.10,0
1473,90.91,-188.55,0
1484,90.91,-187.11,0
1496,83.33,-188.07,0
1508,83.33,-190.63,0
1519,90.91,-191.71,0
1530,90.91,-188.42,0
1542,83.33,-184.26,0
1553,90.91,-181.18,0
1564,90.91,-183.48,0
1576,83.33,-188.18,0
1588,83.33,-191.02,0
1599,90.91,-190.27,0
1610,90.91,-188.14,0
1622,83.33,-187.05,0
1633,90.91,-188.61,0
1645,83.33,-191.25,0
1656,90.91,-191.32,0
1668,83.33,-188.39,0
1679,90.91,-184.00,0
1690,90.91,-181.73,0
1701,90.91,-184.19,0
1714,76.92,-187.75,0
1725,90.91,-190.82,0
1736,90.91,-191.04,0
1747,90.91,-188.77,0
1759,83.33,-187.45,0
1771,90.91,-188.47,0
1782,83.33,-190.54,0
1794,83.33,-190.72,0
1805,90.91,-187.76,0
1816,90.91,-182.44,0
1827,90.91,-181.25,0
1840,76.92,-183.77,0
1851,90.91,-188.55,0
1862,90.91,-191.67,0
1873,90.91,-190.94,0
1885,83.33,-188.22,0
1896,90.91,-186.60,0
1908,83.33,-188.14,0
1920,83.33,-189.76,0
1931,90.91,-190.35,0
1942,90.91,-187.19,0
1953,90.91,-182.96,0
1965,83.33,-180.98,0
1977,83.33,-183.58,0
1988,90.91,-188.90,0
1999,90.91,-192.05,0
2011,83.33,-191.57,0
2022,90.91,-188.99,0
2033,90.91,-186.94,0
2045,83.33,-187.88,0
2057,83.33,-189.55,0
2068,90.91,-190.00,0
2079,90.91,-186.51,0
2091,83.33,-182.86,0
2103,90.91,-181.50,0
2114,83.33,-184.46,0
2125,90.91,-188.92,0
2137,83.33,-191.66,0
2148,90.91,-191.40,0
2159,90.91,-188.56,0
2171,83.33,-187.22,0
2183,83.33,-187.71,0
2194,90.91,-189.23,0
2205,90.91,-189.10,0
2216,90.91,-186.45,0
2228,83.33,-181.84,0
2240,83.33,-180.18,0
2251,90.91,-184.08,0
2263,83.33,-189.47,0
2274,90.91,-192.33,0
2285,90.91,-191.66,0
2296,90.91,-189.59,0
2309,76.92,-187.28,0
2320,90.91,-187.74,0
2331,90.91,-189.00,0
2342,90.91,-188.63,0
2354,83.33,-185.86,0
2365,90.91,-182.26,0
2377,83.33,-181.40,0
2388,90.91,-184.61,0
2400,83.33,-188.95,0
2411,90.91,-192.09,0
2422,90.91,-191.91,0
2435,83.33,-188.92,0
2446,83.33,-186.92,0
2457,90.91,-187.17,0
2468,90.91,-188.57,0
2480,83.33,-188.80,0
2491,90.91,-186.01,0
2503,83.33,-181.50,0
2514,90.91,-179.90,0
2526,83.33,-183.96,0
2537,90.91,-189.35,0
2548,90.91,-192.41,0
2560,83.33,-191.32,0
2572,83.33,-189.01,0
2583,90.91,-187.17,0
2594,90.91,-187.57,0
2606,83.33,-188.79,0
2617,90.91,-189.01,0
2628,90.91,-186.11,0
2640,83.33,-182.12,0
2652,83.33,-180.27,0
2663,90.91,-183.06,0
2674,90.91,-188.72,0
2685,90.91,-192.38,0
2698,83.33,-192.31,0
2709,83.33,-189.73,0
2720,90.91,-187.64,0
2732,83.33,-187.70,0
2743,90.91,-189.09,0
2754,90.91,-189.62,0
2766,83.33,-185.51,0
2778,83.33,-181.98,0
2789,90.91,-180.36,0
2800,90.91,-183.70,0
2811,90.91,-189.02,0
2823,83.33,-193.29,0
2835,83.33,-192.85,0
2846,90.91,-190.14,0
2857,90.91,-188.57,0
2869,83.33,-188.65,0
2880,90.91,-190.11,0
2891,90.91,-189.25,0
2904,76.92,-185.86,0
2915,90.91,-181.31,0
2926,90.91,-179.79,0
2937,90.91,-183.42,0
2949,83.33,-188.52,0
2960,90.91,-191.91,0
2972,83.33,-191.70,0
2983,90.91,-189.86,0
2995,83.33,-188.67,0
3006,90.91,-189.75,0
3017,90.91,-190.88,0
3030,90.91,-189.21,0
3041,76.92,-185.30,0
3052,90.91,-180.57,0
3063,90.91,-179.95,0
3075,83.33,-182.84,0
3086,90.91,-187.51,0
3098,83.33,-191.57,0
3109,90.91,-191.89,0
3121,83.33,-190.00,0
3132,90.91,-188.10,0
3143,90.91,-189.48,0
3154,90.91,-190.67,0
3167,76.92,-190.06,0
3178,90.91,-186.00,0
3189,90.91,-180.80,0
3201,83.33,-179.10,0
3212,90.91,-182.12,0
3223,90.91,-187.91,0
3235,83.33,-191.59,0
3247,83.33,-192.28,0
3258,90.91,-189.73,0
3269,90.91,-188.31,0
3280,90.91,-189.76,0
3292,83.33,-190.61,0
3304,83.33,-190.46,0
3315,90.91,-185.39,0
3326,90.91,-180.67,0
3338,83.33,-178.62,0
3349,90.91,-181.63,0
3361,90.91,-187.58,0
3373,76.92,-190.73,0
3384,90.91,-191.32,0
3395,90.91,-189.22,0
3406,90.91,-188.74,0
3418,83.33,-189.81,0
3430,83.33,-191.12,0
3441,90.91,-190.48,0
3452,90.91,-185.93,0
3464,83.33,-180.81,0
3475,90.91,-179.41,0
3486,90.91,-183.03,0
3499,76.92,-188.01,0
3510,90.91,-191.62,0
3521,90.91,-191.52,0
3532,90.91,-189.49,0
3544,83.33,-189.19,0
3555,90.91,-190.20,0
3567,83.33,-191.87,0
3578,90.91,-191.71,0
3590,83.33,-186.86,0
3601,90.91,-181.03,0
3612,90.91,-178.80,0
3623,90.91,-182.22,0
3636,76.92,-187.54,0
3647,90.91,-191.64,0
3658,90.91,-192.08,0
3670,83.33,-189.65,0
3681,90.91,-189.22,0
3693,90.91,-190.31,0
3704,83.33,-192.04,0
3716,83.33,-190.48,0
3727,90.91,-186.21,0
3738,90.91,-181.43,0
3749,90.91,-179.87,0
3762,76.92,-182.29,0
3773,90.91,-187.94,0
3784,90.91,-191.77,0
3795,90.91,-191.56,0
3807,83.33,-189.44,0
3818,90.91,-188.91,0
3830,83.33,-190.13,0
3842,83.33,-191.69,0
3853,90.91,-191.37,0
3864,90.91,-186.95,0
3875,90.91,-181.51,0
3887,83.33,-179.57,0
3899,83.33,-182.89,0
3910,90.91,-187.79,0
3921,90.91,-191.17,0
3933,83.33,-190.87,0
3944,90.91,-189.40,0
3955,90.91,-188.14,0
3968,76.92,-189.68,0
3979,90.91,-191.51,0
3990,90.91,-191.05,0
4001,90.91,-186.46,0
4013,83.33,-181.77,0
4025,90.91,-180.24,0
4036,83.33,-183.00,0
4047,90.91,-187.70,0
4059,83.33,-190.38,0
4070,90.91,-190.45,0
4081,90.91,-189.02,0
4093,83.33,-187.85,0
4105,83.33,-189.71,0
4116,90.91,-191.81,0
4127,90.91,-191.03,0
4139,83.33,-186.56,0
4150,90.91,-181.88,0
4162,83.33,-180.56,0
4173,90.91,-183.12,0
4185,83.33,-187.86,0
4196,90.91,-190.64,0
4207,90.91,-189.83,0
4218,90.91,-188.37,0
4231,76.92,-187.49,0
4242,90.91,-189.23,0
4253,90.91,-191.86,0
4264,90.91,-191.10,0
4276,83.33,-187.88,0
4287,90.91,-183.06,0
4299,83.33,-181.25,0
4311,83.33,-183.45,0
4322,90.91,-187.88,0
4333,90.91,-190.83,0
4344,90.91,-189.94,0
4357,83.33,-188.05,0
4368,83.33,-186.87,0
4379,90.91,-188.78,0
4390,90.91,-191.02,0
4402,83.33,-191.20,0
4413,90.91,-187.66,0
4425,83.33,-182.41,0
4436,90.91,-181.06,0
4448,83.33,-184.21,0
4459,90.91,-188.59,0
4470,90.91,-190.42,0
4482,83.33,-190.16,0
4494,83.33,-188.13,0
4505,90.91,-187.28,0
4516,90.91,-188.80,0
4528,83.33,-190.99,0
4539,90.91,-191.62,0
4550,90.91,-187.49,0
4562,83.33,-182.86,0
4574,83.33,-181.96,0
4585,90.91,-184.13,0
4596,90.91,-188.81,0
4608,83.33,-190.85,0
4619,90.91,-190.35,0
4631,83.33,-188.04,0
4642,90.91,-187.30,0
4654,83.33,-189.26,0
4665,90.91,-190.93,0
4676,90.91,-190.84,0
4688,90.91,-187.18,0
4700,76.92,-183.22,0
4711,90.91,-180.82,0
4722,90.91,-183.52,0
4733,90.91,-188.22,0
4745,83.33,-191.47,0
4757,83.33,-190.70,0
4768,90.91,-188.22,0
4780,83.33,-187.49,0
4791,90.91,-188.83,0
4802,90.91,-191.14,0
4813,90.91,-190.74,0
4826,76.92,-186.79,0
4837,90.91,-181.98,0
4848,90.91,-180.60,0
4859,90.91,-183.89,0
4871,83.33,-188.85,0
4882,90.91,-191.99,0
4894,83.33,-190.78,0
4905,90.91,-188.31,0
4917,83.33,-186.88,0
4928,90.91,-188.28,0
4939,90.91,-190.54,0
4951,83.33,-190.02,0
4963,83.33,-187.09,0
4974,90.91,-182.17,0
4985,90.91,-181.64,0
4997,83.33,-184.25,0
5008,90.91,-189.69,0
5020,90.91,-192.48,0
5031,83.33,-191.25,0
5043,83.33,-188.17,0
5054,90.91,-186.26,0
5065,90.91,-187.85,0
5076,90.91,-190.44,0
5089,76.92,-190.46,0
5100,90.91,-186.64,0
5111,90.91,-182.46,0
5123,83.33,-181.28,0
5134,90.91,-184.07,0
5145,90.91,-189.65,0
5157,83.33,-192.38,0
5169,83.33,-191.12,0
5180,90.91,-188.17,0
5191,90.91,-186.92,0
5202,90.91,-188.28,0
5214,83.33,-190.47,0
5226,83.33,-190.24,0
5237,90.91,-186.48,0
5249,83.33,-181.70,0
5260,90.91,-180.85,0
5271,90.91,-184.30,0
5282,90.91,-189.55,0
5295,76.92,-192.04,0
5306,90.91,-190.95,0
5317,90.91,-188.15,0
5328,90.91,-187.32,0
5340,83.33,-188.76,0
5352,90.91,-190.08,0
5363,83.33,-189.58,0
5374,90.91,-185.60,0
5386,83.33,-181.86,0
5397,90.91,-181.35,0
5408,90.91,-184.44,0
5421,83.33,-188.59,0
5432,83.33,-192.01,0
5443,90.91,-191.69,0
5454,90.91,-188.90,0
5466,83.33,-187.37,0
5477,90.91,-188.49,0
5489,83.33,-190.09,0
5500,90.91,-189.67,0
5512,83.33,-186.40,0
5523,90.91,-181.44,0
5534,90.91,-180.91,0
5545,90.91,-184.52,0
5558,76.92,-189.74,0
5569,90.91,-191.91,0
5580,90.91,-190.91,0
5592,83.33,-188.44,0
5603,90.91,-187.50,0
5614,90.91,-188.59,0
5626,83.33,-190.00,0
5638,83.33,-189.58,0
5649,90.91,-185.58,0
5660,90.91,-181.40,0
5671,90.91,-180.23,0
5683,83.33,-184.30,0
5695,83.33,-189.70,0
5706,90.91,-192.42,0
5718,83.33,-191.15,0
5729,90.91,-188.19,0
5740,90.91,-187.54,0
5752,90.91,-188.75,0
5764,76.92,-189.41,0
5775,90.91,-189.05,0
5786,90.91,-184.93,0
5797,90.91,-181.15,0
5809,83.33,-180.41,0
5821,83.33,-184.66,0
5832,90.91,-189.57,0
5843,90.91,-192.15,0
5855,83.33,-191.39,0
5866,90.91,-188.79,0
5877,90.91,-187.79,0
5890,76.92,-188.68,0
5901,90.91,-189.84,0
5912,90.91,-189.34,0
5923,90.91,-185.44,0
5935,83.33,-181.12,0
5946,90.91,-180.71,0
5958,83.33,-185.02,0
5969,90.91,-189.79,0
5981,83.33,-192.62,0
5992,90.91,-192.19,0
6003,90.91,-189.22,0
6014,90.91,-188.33,0
6027,76.92,-189.52,0
6038,90.91,-190.77,0
6049,90.91,-189.34,0
6061,83.33,-185.48,0
6072,90.91,-181.10,0
6084,90.91,-180.42,0
6095,83.33,-184.42,0
6107,83.33,-189.98,0
6118,90.91,-193.01,0
6129,90.91,-191.82,0
6140,90.91,-189.63,0
6153,76.92,-188.01,0
6164,90.91,-188.82,0
6175,90.91,-190.44,0
6187,83.33,-190.19,0
6198,90.91,-185.71,0
6209,90.91,-180.89,0
6221,83.33,-179.83,0
6233,83.33,-183.56,0
6244,90.91,-189.39,0
6255,90.91,-192.40,0
6266,90.91,-191.62,0
6278,83.33,-190.09,0
6290,83.33,-188.23,0
6301,90.91,-189.35,0
6312,90.91,-190.71,0
6324,83.33,-189.77,0
6335,90.91,-185.41,0
6346,90.91,-180.98,0
6359,76.92,-179.69,0
6370,90.91,-183.61,0
6381,90.91,-189.18,0
6392,90.91,-192.29,0
6404,83.33,-192.11,0
6416,90.91,-190.27,0
6427,83.33,-188.77,0
6438,90.91,-189.54,0
6450,83.33,-191.06,0
6461,90.91,-190.13,0
6472,90.91,-185.31,0
6484,83.33,-180.79,0
6496,83.33,-180.37,0
6507,90.91,-184.33,0
6518,90.91,-189.12,0
6530,83.33,-192.23,0
6541,90.91,-192.15,0
6553,83.33,-189.75,0
6564,90.91,-188.65,0
6576,83.33,-190.18,0
6587,90.91,-190.90,0
6598,90.91,-190.08,0
6609,90.91,-185.61,0
6622,76.92,-180.69,0
6633,90.91,-179.30,0
6644,90.91,-183.08,0
6656,83.33,-188.86,0
6667,90.91,-191.88,0
6678,90.91,-191.75,0
6690,83.33,-189.56,0
6702,83.33,-188.36,0
6713,90.91,-189.98,0
6724,90.91,-191.59,0
6735,90.91,-190.23,0
6748,83.33,-185.33,0
6759,83.33,-180.86,0
6770,90.91,-179.38,0
6781,90.91,-183.25,0
6793,83.33,-188.36,0
6804,90.91,-191.85,0
6816,83.33,-191.11,0
6828,83.33,-189.45,0
6839,90.91,-188.49,0
6850,90.91,-189.62,0
6861,90.91,-191.47,0
6873,83.33,-190.69,0
6885,83.33,-186.25,0
6896,90.91,-181.68,0
6907,90.91,-180.39,0
6919,83.33,-183.41,0
6930,90.91,-188.40,0
6941,90.91,-191.61,0
6953,83.33,-191.39,0
6965,83.33,-188.95,0
6976,90.91,-188.20,0
6987,90.91,-189.94,0
6999,83.33,-191.82,0
7010,90.91,-190.56,0
7022,83.33,-186.07,0
7033,90.91,-181.83,0
7045,83.33,-180.24,0
7056,90.91,-183.70,0
7067,90.91,-188.29,0
7079,90.91,-191.44,0
7091,76.92,-191.46,0
7102,90.91,-189.33,0
7113,90.91,-188.22,0
7124,90.91,-189.48,0
7136,83.33,-191.75,0
7148,83.33,-191.43,0
7159,90.91,-186.47,0
7171,83.33,-181.36,0
7182,90.91,-180.11,0
7193,90.91,-183.49,0
7204,90.91,-189.00,0
7217,76.92,-191.33,0
7228,90.91,-190.85,0
7239,90.91,-188.85,0
7250,90.91,-188.29,0
7262,83.33,-190.37,0
7273,90.91,-191.48,0
7285,83.33,-190.89,0
7297,83.33,-186.60,0
7308,90.91,-181.34,0
7319,90.91,-180.47,0
7330,90.91,-183.79,0
7342,83.33,-188.46,0
7354,83.33,-191.36,0
7365,90.91,-191.17,0
7376,90.91,-188.78,0
7388,83.33,-188.59,0
7399,90.91,-190.18,0
7411,90.91,-191.70,0
7422,83.33,-190.60,0
7434,83.33,-186.14,0
7445,90.91,-181.14,0
7456,90.91,-179.97,0
7468,83.33,-183.88,0
7480,83.33,-189.13,0
7491,90.91,-191.94,0
7502,90.91,-191.35,0
7514,83.33,-188.87,0
7525,90.91,-187.98,0
7536,90.91,-190.09,0
7548,83.33,-192.53,0
7560,83.33,-191.47,0
7571,90.91,-186.18,0
7582,90.91,-180.92,0
7593,90.91,-179.91,0
7605,83.33,-182.89,0
7617,83.33,-188.35,0
7628,90.91,-191.17,0
7640,83.33,-190.27,0
7651,90.91,-187.92,0
7662,90.91,-186.84,0
7673,90.91,-189.05,0
7686,76.92,-191.05,0
7697,90.91,-190.87,0
7708,90.91,-186.62,0
7719,90.91,-182.25,0
7731,83.33,-180.94,0
7743,83.33,-183.56,0
7754,90.91,-187.92,0
7766,83.33,-190.37,0
7777,90.91,-190.03,0
7788,90.91,-187.94,0
7799,90.91,-186.95,0
7812,76.92,-188.76,0
7823,90.91,-191.03,0
7834,90.91,-190.75,0
7845,90.91,-186.50,0
7857,83.33,-182.19,0
7868,90.91,-180.88,0
7880,83.33,-184.43,0
7891,90.91,-189.31,0
7903,83.33,-191.51,0
7914,90.91,-190.40,0
7925,90.91,-187.73,0
7937,83.33,-187.50,0
7949,83.33,-188.86,0
7960,90.91,-191.24,0
7971,90.91,-191.29,0
7983,83.33,-186.89,0
7994,90.91,-182.61,0
8005,90.91,-181.69,0
8017,83.33,-184.92,0
8029,83.33,-189.01,0
8040,90.91,-192.12,0
8051,90.91,-190.93,0
8062,90.91,-188.29,0
8075,83.33,-187.08,0
8086,83.33,-188.75,0
8097,90.91,-190.63,0
8109,83.33,-190.25,0
8120,90.91,-187.07,0
8131,90.91,-182.53,0
8143,83.33,-181.50,0
8155,83.33,-185.12,0
8166,90.91,-190.07,0
8177,90.91,-191.77,0
8188,90.91,-191.14,0
8200,83.33,-188.07,0
8212,83.33,-187.23,0
8223,90.91,-188.79,0
8235,83.33,-190.45,0
8246,90.91,-190.02,0
8257,90.91,-186.14,0
8268,90.91,-181.76,0
8281,76.92,-180.73,0
8292,90.91,-183.87,0
8303,90.91,-189.59,0
8314,90.91,-192.16,0
8326,83.33,-191.08,0
8338,90.91,-188.29,0
8349,83.33,-187.08,0
8360,90.91,-188.61,0
8372,83.33,-190.59,0
8383,90.91,-190.57,0
8394,90.91,-186.98,0
8407,76.92,-182.29,0
8418,90.91,-180.67,0
8429,90.91,-184.14,0
8440,90.91,-189.26,0
8452,83.33,-192.13,0
8463,90.91,-191.60,0
8475,83.33,-189.13,0
8486,90.91,-187.33,0
8498,83.33,-189.00,0
8509,90.91,-190.86,0
8520,90.91,-190.22,0
8531,90.91,-186.12,0
8544,76.92,-182.16,0
8555,90.91,-181.16,0
8566,90.91,-184.29,0
8578,83.33,-189.45,0
8589,90.91,-192.10,0
8600,90.91,-192.02,0
8612,83.33,-189.85,0
8624,83.33,-188.92,0
8635,90.91,-188.88,0
8646,90.91,-190.06,0
8657,90.91,-189.71,0
8670,83.33,-185.80,0
8681,83.33,-181.62,0
8692,90.91,-181.24,0
8704,83.33,-184.67,0
8715,90.91,-189.98,0
8726,90.91,-192.92,0
8738,83.33,-192.17,0
8750,83.33,-189.76,0
8761,90.91,-187.69,0
8772,90.91,-188.12,0
8783,90.91,-190.15,0
8795,83.33,-189.50,0
8807,83.33,-184.60,0
8818,90.91,-180.71,0
8829,90.91,-180.24,0
8841,83.33,-184.72,0
8852,90.91,-190.12,0
8863,90.91,-193.42,0
8876,76.92,-192.44,0
8887,90.91,-189.39,0
8898,90.91,-187.39,0
8909,90.91,-188.59,0
8921,83.33,-190.21,0
8932,90.91,-189.14,0
8944,83.33,-185.53,0
8955,90.91,-181.78,0
8967,83.33,-180.58,0
8978,90.91,-184.22,0
8989,90.91,-190.29,0
9001,90.91,-192.19,0
9013,76.92,-191.57,0
9024,90.91,-188.77,0
9035,90.91,-187.77,0
9047,83.33,-188.69,0
9058,90.91,-190.30,0
9070,83.33,-189.28,0
9081,90.91,-185.05,0
9093,83.33,-181.06,0
9104,90.91,-180.48,0
9115,90.91,-183.88,0
9126,90.91,-189.19,0
9139,76.92,-192.20,0
9150,90.91,-191.49,0
9161,90.91,-189.54,0
9172,90.91,-188.00,0
9184,83.33,-188.65,0
9195,90.91,-190.58,0
9207,83.33,-189.84,0
9219,83.33,-185.92,0
9230,90.91,-181.01,0
9241,90.91,-180.06,0
9252,90.91,-183.60,0
9264,83.33,-189.43,0
9276,83.33,-192.58,0
9287,90.91,-191.65,0
9298,90.91,-189.90,0
9310,83.33,-188.10,0
9321,90.91,-189.55,0
9332,90.91,-190.18,0
9345,76.92,-189.17,0
9356,90.91,-185.77,0
9367,90.91,-181.62,0
9378,90.91,-180.84,0
9390,83.33,-183.97,0
9402,90.91,-189.18,0
9413,83.33,-192.26,0
9424,90.91,-191.64,0
9436,83.33,-188.96,0
9447,90.91,-187.73,0
9458,90.91,-189.09,0
9470,83.33,-190.98,0
9482,83.33,-189.85,0
9493,90.91,-185.83,0
9504,90.91,-181.48,0
9516,83.33,-180.71,0
9527,90.91,-184.47,0
9539,83.33,-189.81,0
9550,90.91,-192.66,0
9562,83.33,-192.14,0
9573,90.91,-190.07,0
9584,90.91,-188.07,0
9595,90.91,-189.09,0
9608,76.92,-190.08,0
9619,90.91,-189.57,0
9630,90.91,-185.46,0
9641,90.91,-181.31,0
9653,83.33,-180.75,0
9664,90.91,-184.21,0
9676,83.33,-190.35,0
9688,83.33,-193.72,0
9699,90.91,-193.53,0
9710,90.91,-190.47,0
9721,90.91,-188.84,0
9734,83.33,-189.77,0
9745,83.33,-190.63,0
9756,90.91,-189.69,0
9767,90.91,-185.92,0
9779,83.33,-181.76,0
9790,90.91,-180.11,0
9802,83.33,-183.46,0
9814,83.33,-189.26,0
9825,90.91,-192.76,0
9836,90.91,-192.76,0
9847,90.91,-190.07,0
9859,83.33,-188.71,0
9871,83.33,-188.81,0
9882,90.91,-190.10,0
9893,90.91,-189.81,0
9905,83.33,-186.01,0
9916,90.91,-181.20,0
9927,90.91,-179.39,0
9939,83.33,-183.53,0
9951,83.33,-189.00,0
9962,90.91,-192.75,0
9973,90.91,-192.65,0
9985,83.33,-190.14,0
9996,90.91,-188.40,0
10008,83.33,-188.72,0
10019,90.91,-190.80,0
10031,83.33,-190.19,0
10042,90.91,-186.39,0
10053,90.91,-181.45,0
10065,90.91,-179.98,0
10077,76.92,-183.68,0
10088,90.91,-188.68,0
10099,90.91,-192.57,0
10110,90.91,-192.63,0
10122,83.33,-190.65,0
10134,83.33,-188.33,0
10145,90.91,-188.66,0
10157,83.33,-190.32,0
10168,90.91,-190.08,0
10179,90.91,-186.51,0
10190,90.91,-181.87,0
10203,76.92,-180.50,0
10214,90.91,-183.61,0
10225,90.91,-188.74,0
10236,90.91,-192.65,0
10248,83.33,-192.34,0
10259,90.91,-190.28,0
10271,83.33,-188.90,0
10283,83.33,-189.65,0
10294,90.91,-190.94,0
10305,90.91,-190.17,0
10316,90.91,-186.02,0
10328,83.33,-181.55,0
10340,83.33,-179.92,0
10351,90.91,-182.61,0
10362,90.91,-188.49,0
10374,83.33,-192.84,0
10385,90.91,-193.13,0
10397,90.91,-190.62,0
10408,83.33,-188.51,0
10420,83.33,-189.30,0
10431,90.91,-190.46,0
10442,90.91,-190.18,0
10454,83.33,-186.09,0
10466,90.91,-181.16,0
10477,83.33,-179.53,0
10488,90.91,-182.63,0
10500,83.33,-187.57,0
10511,90.91,-191.14,0
10522,90.91,-192.36,0
10534,83.33,-190.56,0
10546,83.33,-188.94,0
10557,90.91,-189.58,0
10568,90.91,-190.96,0
10579,90.91,-190.69,0
10591,83.33,-186.77,0
10603,83.33,-181.09,0
10614,90.91,-178.47,0
10626,83.33,-181.36,0
10637,90.91,-187.02,0
10648,90.91,-191.18,0
10659,90.91,-192.07,0
10672,76.92,-190.31,0
10683,90.91,-189.40,0
10694,90.91,-190.15,0
10705,90.91,-191.10,0
10717,83.33,-190.23,0
10728,90.91,-185.99,0
10740,83.33,-180.99,0
10752,83.33,-179.35,0
10763,90.91,-182.17,0
10774,90.91,-187.45,0
10785,90.91,-192.12,0
10798,83.33,-192.73,0
10809,83.33,-190.16,0
10820,90.91,-189.07,0
10831,90.91,-189.49,0
10843,83.33,-190.52,0
10854,90.91,-190.66,0
10866,83.33,-186.75,0
10877,90.91,-181.44,0
10889,83.33,-178.95,0
10900,90.91,-181.77,0
10911,90.91,-186.80,0
10923,83.33,-190.85,0
10935,83.33,-191.65,0
10946,90.91,-190.45,0
10957,90.91,-189.11,0
10969,83.33,-189.60,0
10980,90.91,-190.31,0
10991,90.91,-191.16,0
11003,83.33,-187.48,0
11015,83.33,-182.71,0
11026,90.91,-179.39,0
11037,90.91,-180.59,0
11048,90.91,-186.42,0
11061,83.33,-190.93,0
11072,83.33,-191.75,0
11083,90.91,-190.16,0
11095,83.33,-188.79,0
11106,90.91,-189.69,0
11117,90.91,-191.18,0
11129,90.91,-191.55,0
11141,83.33,-187.35,0
11152,90.91,-182.36,0
11163,90.91,-179.39,0
11174,90.91,-181.14,0
11186,83.33,-186.49,0
11198,83.33,-190.17,0
11209,90.91,-191.18,0
11220,90.91,-189.68,0
11232,83.33,-188.53,0
11243,90.91,-189.52,0
11254,90.91,-191.72,0
11267,76.92,-191.41,0
11278,90.91,-187.55,0
11289,90.91,-182.65,0
11300,90.91,-179.97,0
11312,83.33,-182.07,0
11323,90.91,-186.24,0
11335,83.33,-190.80,0
11346,90.91,-191.49,0
11358,83.33,-189.89,0
11369,90.91,-188.72,0
11380,90.91,-189.52,0
11393,83.33,-191.42,0
11404,83.33,-191.43,0
11415,90.91,-188.01,0
11426,90.91,-182.84,0
11438,83.33,-179.78,0
11449,90.91,-181.46,0
11461,83.33,-186.38,0
11472,90.91,-190.98,0
11484,83.33,-191.67,0
11495,90.91,-189.70,0
11506,90.91,-188.10,0
11517,90.91,-189.51,0
11530,76.92,-191.17,0
11541,90.91,-191.80,0
11552,90.91,-188.52,0
11564,83.33,-182.79,0
11575,90.91,-179.84,0
11586,90.91,-182.16,0
11598,83.33,-186.69,0
11610,83.33,-190.58,0
11621,90.91,-191.35,0
11632,90.91,-189.53,0
11643,90.91,-187.91,0
11655,83.33,-189.12,0
11667,83.33,-191.65,0
11678,90.91,-191.73,0
11689,90.91,-188.65,0
11701,83.33,-183.33,0
11712,90.91,-180.68,0
11724,90.91,-181.60,0
11736,76.92,-186.48,0
11747,90.91,-190.46,0
11758,90.91,-191.68,0
11769,90.91,-190.10,0
11781,83.33,-188.46,0
11793,83.33,-189.05,0
11804,90.91,-190.77,0
11815,90.91,-192.10,0
11827,83.33,-188.60,0
11838,90.91,-183.23,0
11849,90.91,-180.26,0
11862,76.92,-181.78,0
11873,90.91,-186.61,0
11884,90.91,-190.60,0
11895,90.91,-191.70,0
11907,83.33,-190.04,0
11918,90.91,-189.17,0
11930,83.33,-189.59,0
11941,90.91,-191.14,0
11953,83.33,-191.66,0
11964,90.91,-188.74,0
11975,90.91,-184.45,0
11986,90.91,-180.74,0
11999,76.92,-182.06,0
12010,90.91,-186.66,0
12021,90.91,-190.56,0
12033,83.33,-190.81,0
12044,90.91,-189.10,0
12056,90.91,-187.69,0
12067,83.33,-188.18,0
12079,83.33,-190.84,0
12090,90.91,-191.61,0
12101,90.91,-188.38,0
12112,90.91,-183.57,0
12125,76.92,-181.04,0
12136,90.91,-181.98,0
12147,90.91,-186.21,0
12158,90.91,-190.76,0
12170,83.33,-191.36,0
12181,90.91,-188.88,0
12193,83.33,-187.08,0
12205,83.33,-187.95,0
12216,90.91,-190.71,0
12227,90.91,-191.80,0
12238,90.91,-188.77,0
12250,83.33,-184.40,0
12262,83.33,-181.19,0
12273,90.91,-182.89,0
12284,90.91,-187.09,0
12296,83.33,-191.46,0
12307,90.91,-191.86,0
12318,90.91,-189.74,0
12331,76.92,-187.46,0
12342,90.91,-187.88,0
12353,90.91,-190.34,0
12364,90.91,-191.15,0
12376,83.33,-188.78,0
12388,90.91,-183.73,0
12399,83.33,-181.21,0
12410,90.91,-181.62,0
12422,83.33,-186.59,0
12433,90.91,-191.44,0
12444,90.91,-192.06,0
12456,83.33,-189.95,0
12468,83.33,-187.65,0
12479,90.91,-188.01,0
12490,90.91,-189.88,0
12502,83.33,-191.15,0
12513,90.91,-188.76,0
12525,83.33,-184.06,0
12536,90.91,-180.97,0
12548,83.33,-181.63,0
12559,90.91,-186.53,0
12570,90.91,-191.10,0
12581,90.91,-192.59,0
12594,76.92,-190.02,0
12605,90.91,-187.75,0
12616,90.91,-187.89,0
12627,90.91,-189.28,0
12639,83.33,-190.64,0
12650,90.91,-188.57,0
12662,83.33,-184.20,0
12674,83.33,-180.78,0
12685,90.91,-182.52,0
12696,90.91,-187.12,0
12707,90.91,-191.17,0
12720,83.33,-192.55,0
12731,83.33,-189.37,0
12742,90.91,-187.48,0
12753,90.91,-187.24,0
12765,83.33,-189.32,0
12776,90.91,-190.73,0
12788,83.33,-188.33,0
12800,83.33,-184.08,0
12811,90.91,-181.05,0
12822,90.91,-182.77,0
12833,90.91,-187.32,0
12845,83.33,-191.18,0
12857,83.33,-191.91,0
12868,90.91,-189.85,0
12879,90.91,-187.52,0
12891,83.33,-186.88,0
12902,90.91,-189.38,0
12913,90.91,-190.32,0
12925,83.33,-187.48,0
12937,83.33,-183.75,0
12948,90.91,-180.56,0
12959,90.91,-182.03,0
12971,83.33,-187.03,0
12982,90.91,-191.39,0
12994,83.33,-192.62,0
13005,90.91,-190.72,0
13017,83.33,-187.88,0
13028,90.91,-187.25,0
13039,90.91,-189.29,0
13050,90.91,-190.11,0
13063,76.92,-188.14,0
13074,90.91,-183.30,0
13085,90.91,-180.39,0
13096,90.91,-181.41,0
13108,83.33,-186.25,0
13120,90.91,-191.63,0
13131,83.33,-192.34,0
13143,83.33,-190.42,0
13154,90.91,-188.34,0
13165,90.91,-187.60,0
13176,90.91,-189.22,0
13189,76.92,-190.79,0
13200,90.91,-188.56,0
13211,90.91,-184.27,0
13222,90.91,-181.13,0
13234,83.33,-181.97,0
13245,90.91,-187.02,0
13257,83.33,-191.70,0
13268,90.91,-193.18,0
13280,83.33,-191.20,0
13291,90.91,-189.05,0
13302,90.91,-188.38,0
13314,83.33,-189.56,0
13326,83.33,-189.94,0
13337,90.91,-188.16,0
13348,90.91,-183.50,0
13360,83.33,-180.36,0
13371,90.91,-181.32,0
13382,90.91,-186.57,0
13394,83.33,-191.90,0
13406,83.33,-193.09,0
13417,90.91,-191.42,0
13428,90.91,-188.75,0
13440,83.33,-188.07,0
13452,90.91,-189.52,0
13463,83.33,-190.84,0
13474,90.91,-188.98,0
13486,83.33,-183.99,0
13497,90.91,-180.57,0
13508,90.91,-181.44,0
13520,83.33,-186.13,0
13532,83.33,-191.42,0
13543,90.91,-192.73,0
13554,90.91,-191.22,0
13565,90.91,-188.63,0
13577,83.33,-188.24,0
13589,83.33,-189.61,0
13600,90.91,-190.76,0
13612,83.33,-188.19,0
13623,90.91,-183.64,0
13634,90.91,-180.36,0
13645,90.91,-180.77,0
13658,76.92,-185.73,0
13669,90.91,-191.40,0
13680,90.91,-192.76,0
13691,90.91,-191.55,0
13703,83.33,-188.97,0
13714,90.91,-188.34,0
13726,83.33,-189.26,0
13737,90.91,-190.50,0
13749,83.33,-188.61,0
13760,90.91,-183.95,0
13771,90.91,-179.96,0
13784,83.33,-181.13,0
13795,83.33,-185.63,0
13806,90.91,-191.17,0
13817,90.91,-193.70,0
13829,83.33,-191.87,0
13840,90.91,-189.95,0
13852,83.33,-188.97,0
13863,90.91,-189.75,0
13875,83.33,-191.06,0
13886,90.91,-188.20,0
13897,90.91,-183.11,0
13908,90.91,-180.20,0
13921,76.92,-180.87,0
13932,90.91,-185.53,0
13943,90.91,-190.39,0
13955,83.33,-192.76,0
13966,90.91,-192.05,0
13977,90.91,-189.92,0
13989,83.33,-189.07,0
14001,83.33,-189.62,0
14012,90.91,-190.19,0
14023,90.91,-188.20,0
14034,90.91,-183.22,0
14046,83.33,-179.30,0
14058,83.33,-180.43,0
14069,90.91,-185.31,0
14081,83.33,-190.49,0
14092,90.91,-192.68,0
14103,90.91,-191.66,0
14115,90.91,-189.98,0
14127,76.92,-189.08,0
14138,90.91,-190.18,0
14149,90.91,-191.18,0
14160,90.91,-188.85,0
14172,83.33,-183.85,0
14184,83.33,-179.42,0
14195,90.91,-179.90,0
14206,90.91,-184.68,0
14218,83.33,-189.87,0
14229,90.91,-192.01,0
14240,90.91,-191.07,0
14253,76.92,-189.94,0
14264,90.91,-189.03,0
14275,90.91,-190.32,0
14286,90.91,-190.77,0
14298,83.33,-188.64,0
14309,90.91,-183.67,0
14321,83.33,-180.04,0
14332,90.91,-180.79,0
14344,83.33,-184.98,0
14355,90.91,-190.00,0
14366,90.91,-192.58,0
14377,90.91,-192.29,0
14390,76.92,-189.95,0
14401,90.91,-188.93,0
14412,90.91,-190.38,0
14424,83.33,-190.95,0
14435,90.91,-189.28,0
14447,90.91,-184.13,0
14458,83.33,-179.69,0
14470,83.33,-180.15,0
14481,90.91,-184.51,0
14492,90.91,-190.53,0
14503,90.91,-192.90,0
14516,76.92,-192.35,0
14527,90.91,-189.96,0
14538,90.91,-190.09,0
14550,83.33,-190.57,0
14561,90.91,-191.41,0
14572,90.91,-189.33,0
14584,83.33,-184.10,0
14596,83.33,-180.27,0
14607,90.91,-180.29,0
14618,90.91,-184.56,0
14629,90.91,-189.61,0
14641,83.33,-192.26,0
14653,83.33,-191.41,0
14664,90.91,-189.64,0
14675,90.91,-190.11,0
14687,83.33,-191.01,0
14698,90.91,-192.22,0
14709,90.91,-190.57,0
14722,76.92,-185.66,0
14733,90.91,-180.81,0
14744,90.91,-180.16,0
14755,90.91,-184.12,0
14767,83.33,-189.14,0
14779,90.91,-191.54,0
14790,83.33,-190.96,0
14801,90.91,-189.55,0
14813,83.33,-189.09,0
14824,90.91,-190.72,0
14835,90.91,-192.22,0
14848,76.92,-190.35,0
14859,90.91,-185.38,0
14870,90.91,-180.57,0
14881,90.91,-179.55,0
14893,83.33,-183.66,0
14904,90.91,-188.67,0
14916,83.33,-192.01,0
14927,90.91,-191.02,0
14939,83.33,-189.36,0
14950,90.91,-189.00,0
14961,90.91,-190.87,0
14972,90.91,-192.44,0
14985,76.92,-190.09,0
14996,90.91,-185.16,0
15007,90.91,-180.34,0
15019,83.33,-179.89,0
15030,90.91,-184.20,0
15041,90.91,-189.14,0
15053,83.33,-191.58,0
15065,83.33,-190.04,0
15076,90.91,-188.48,0
15087,90.91,-187.92,0
15098,90.91,-190.20,0
15111,83.33,-192.07,0
15122,83.33,-190.64,0
15133,90.91,-185.33,0
15144,90.91,-181.07,0
15156,83.33,-180.48,0
15167,90.91,-184.49,0
15179,90.91,-189.41,0
15191,76.92,-191.23,0
15202,90.91,-190.50,0
15213,90.91,-188.32,0
15224,90.91,-187.83,0
15236,83.33,-190.27,0
15248,83.33,-192.18,0
15259,90.91,-190.53,0
15270,90.91,-185.94,0
15282,83.33,-181.11,0
15293,90.91,-180.97,0
15304,90.91,-184.79,0
15316,83.33,-189.97,0
15328,83.33,-192.00,0
15339,90.91,-190.65,0
15350,90.91,-188.29,0
15362,83.33,-187.95,0
15373,90.91,-190.08,0
15385,83.33,-191.58,0
15396,90.91,-190.34,0
15408,83.33,-185.81,0
15419,90.91,-181.51,0
15430,90.91,-180.37,0
15441,90.91,-184.65,0
15454,76.92,-189.34,0
15465,90.91,-191.03,0
15476,90.91,-189.71,0
15488,83.33,-187.65,0
15499,90.91,-188.11,0
15511,90.91,-189.89,0
15522,83.33,-191.95,0
15534,83.33,-190.98,0
15545,90.91,-186.45,0
15556,90.91,-182.08,0
15567,90.91,-182.22,0
15580,76.92,-185.67,0
15591,90.91,-190.23,0
15602,90.91,-192.46,0
15613,90.91,-190.66,0
15625,83.33,-188.13,0
15636,90.91,-187.21,0
15648,83.33,-189.57,0
15660,83.33,-191.44,0
15671,90.91,-190.32,0
15682,90.91,-186.10,0
15693,90.91,-182.14,0
15705,83.33,-181.56,0
15717,83.33,-185.02,0
15728,90.91,-189.34,0
15739,90.91,-191.79,0
15751,83.33,-190.84,0
15762,90.91,-188.61,0
15773,90.91,-187.89,0
15785,83.33,-189.51,0
15797,83.33,-190.85,0
15808,90.91,-190.28,0
15819,90.91,-186.08,0
15831,83.33,-181.62,0
15843,90.91,-180.80,0
15854,83.33,-184.73,0
15865,90.91,-189.70,0
15877,83.33,-191.93,0
15888,90.91,-190.49,0
15899,90.91,-188.01,0
15911,83.33,-187.18,0
15923,83.33,-188.61,0
15934,90.91,-190.43,0
15945,90.91,-190.04,0
15956,90.91,-185.65,0
15968,83.33,-181.12,0
15980,83.33,-180.74,0
15991,90.91,-184.08,0
16003,83.33,-189.30,0
16014,90.91,-192.31,0
16025,90.91,-190.98,0
16036,90.91,-188.63,0
16049,76.92,-187.94,0
16060,90.91,-188.86,0
16071,90.91,-190.61,0
16082,90.91,-189.52,0
16094,83.33,-185.24,0
16105,90.91,-181.24,0
16117,83.33,-181.35,0
16129,83.33,-185.48,0
16140,90.91,-190.05,0
16151,90.91,-192.98,0
16162,90.91,-191.17,0
16175,83.33,-188.70,0
16186,83.33,-187.34,0
16197,90.91,-188.82,0
16208,90.91,-190.35,0
16220,83.33,-189.55,0
16231,90.91,-185.61,0
16243,83.33,-180.73,0
16254,90.91,-181.03,0
16266,83.33,-185.47,0
16277,90.91,-190.38,0
16288,90.91,-193.06,0
16300,83.33,-191.67,0
16312,83.33,-188.89,0
16323,90.91,-187.71,0
16334,90.91,-189.28,0
16346,83.33,-190.11,0
16357,90.91,-189.40,0
16368,90.91,-185.76,0
16380,83.33,-181.08,0
16392,83.33,-180.95,0
16403,90.91,-185.31,0
16414,90.91,-190.65,0
16425,90.91,-192.95,0
16437,83.33,-190.85,0
16449,83.33,-188.16,0
16460,90.91,-187.90,0
16472,83.33,-189.33,0
16483,90.91,-190.77,0
16494,90.91,-189.46,0
16506,90.91,-185.21,0
16518,76.92,-181.11,0
16529,90.91,-180.67,0
16540,90.91,-184.28,0
16551,90.91,-189.93,0
16563,83.33,-192.38,0
16575,83.33,-191.76,0
16586,90.91,-188.99,0
16598,83.33,-188.24,0
16609,90.91,-189.40,0
16620,90.91,-190.93,0
16631,90.91,-189.97,0
16644,76.92,-185.74,0
16655,90.91,-181.70,0
16666,90.91,-180.82,0
16677,90.91,-184.20,0
16689,83.33,-189.66,0
16700,90.91,-192.73,0
16712,83.33,-191.74,0
16723,90.91,-189.69,0
16735,83.33,-188.58,0
16746,90.91,-188.88,0
16757,90.91,-191.02,0
16769,83.33,-190.21,0
16781,83.33,-185.86,0
16792,90.91,-180.71,0
16803,90.91,-180.06,0
16815,83.33,-184.80,0
16826,90.91,-190.00,0
16838,90.91,-193.23,0
16849,83.33,-191.96,0
16861,83.33,-189.31,0
16872,90.91,-188.72,0
16883,90.91,-189.45,0
16894,90.91,-190.25,0
16907,76.92,-189.31,0
16918,90.91,-185.54,0
16929,90.91,-180.59,0
16941,83.33,-179.73,0
16952,90.91,-183.57,0
16963,90.91,-189.29,0
16975,83.33,-192.95,0
16987,83.33,-192.10,0
16998,90.91,-189.75,0
17009,90.91,-189.02,0
17020,90.91,-189.71,0
17032,83.33,-191.46,0
17044,83.33,-190.30,0
17055,90.91,-185.95,0
17067,83.33,-181.71,0
17078,90.91,-180.41,0
17089,90.91,-183.95,0
17100,90.91,-189.20,0
17113,76.92,-192.53,0
17124,90.91,-191.90,0
17135,90.91,-189.22,0
17146,90.91,-188.23,0
17158,83.33,-189.63,0
17170,90.91,-191.06,0
17181,83.33,-189.93,0
17192,90.91,-185.57,0
17204,83.33,-181.17,0
17215,90.91,-180.12,0
17226,90.91,-183.73,0
17239,76.92,-188.38,0
17250,90.91,-191.83,0
17261,90.91,-191.83,0
17272,90.91,-189.86,0
17284,83.33,-188.27,0
17295,90.91,-189.49,0
17307,83.33,-191.45,0
17318,90.91,-190.74,0
17330,83.33,-186.54,0
17341,90.91,-181.81,0
17352,90.91,-180.48,0
17363,90.91,-183.91,0
17376,76.92,-189.60,0
17387,90.91,-192.26,0
17398,90.91,-190.97,0
17410,83.33,-189.03,0
17421,90.91,-188.04,0
17432,90.91,-189.56,0
17444,83.33,-191.07,0
17456,83.33,-190.42,0
17467,90.91,-186.08,0
17478,90.91,-182.09,0
17489,90.91,-180.70,0
17502,83.33,-183.04,0
17513,83.33,-188.58,0
17524,90.91,-192.13,0
17536,83.33,-192.11,0
17547,90.91,-190.09,0
17558,90.91,-188.27,0
17570,83.33,-189.53,0
17582,83.33,-191.21,0
17593,90.91,-190.68,0
17604,90.91,-186.59,0
17615,90.91,-181.83,0
17627,83.33,-180.63,0
17639,83.33,-184.28,0
17650,90.91,-188.85,0
17661,90.91,-191.73,0
17673,83.33,-191.62,0
17684,90.91,-189.22,0
17695,90.91,-188.14,0
17708,76.92,-189.36,0
17719,90.91,-190.53,0
17730,90.91,-190.08,0
17741,90.91,-186.91,0
17753,83.33,-181.74,0
17764,90.91,-180.29,0
17776,83.33,-183.30,0
17787,90.91,-188.69,0
17799,83.33,-191.55,0
17810,90.91,-191.20,0
17821,90.91,-188.81,0
17833,90.91,-187.55,0
17845,76.92,-189.23,0
17856,90.91,-191.43,0
17867,90.91,-191.46,0
17879,83.33,-187.55,0
17890,90.91,-182.29,0
17902,83.33,-180.29,0
17913,90.91,-183.60,0
17925,83.33,-188.59,0
17936,90.91,-191.65,0
17947,90.91,-191.05,0
17958,90.91,-188.79,0
17971,76.92,-188.01,0
17982,90.91,-188.89,0
17993,90.91,-191.17,0
18004,90.91,-191.65,0
18016,83.33,-187.35,0
18027,90.91,-182.66,0
18039,83.33,-180.32,0
18051,83.33,-183.36,0
18062,90.91,-188.60,0
18073,90.91,-191.36,0
18084,90.91,-190.96,0
18096,83.33,-188.90,0
18108,83.33,-187.32,0
18119,90.91,-188.12,0
18130,90.91,-190.16,0
18142,83.33,-190.06,0
18153,90.91,-187.08,0
18164,90.91,-182.34,0
18177,76.92,-180.87,0
18188,90.91,-183.71,0
18199,90.91,-188.94,0
18210,90.91,-192.15,0
18222,83.33,-192.17,0
18234,90.91,-189.42,0
18245,83.33,-187.65,0
18256,90.91,-188.29,0
18268,83.33,-190.19,0
18279,90.91,-190.15,0
18290,90.91,-187.24,0
18302,83.33,-182.81,0
18314,83.33,-180.57,0
18325,90.91,-183.41,0
18336,90.91,-188.73,0
18348,83.33,-192.18,0
18359,90.91,-191.53,0
18371,83.33,-189.51,0
18382,90.91,-187.23,0
18394,83.33,-188.33,0
18405,90.91,-189.47,0
18416,90.91,-189.68,0
18427,90.91,-186.69,0
18440,76.92,-182.45,0
18451,90.91,-180.50,0
18462,90.91,-183.24,0
18473,90.91,-188.50,0
18485,83.33,-192.28,0
18496,90.91,-192.42,0
18508,83.33,-189.12,0
18520,83.33,-187.91,0
18531,90.91,-188.01,0
18542,90.91,-189.17,0
18553,90.91,-189.74,0
18566,83.33,-186.70,0
18577,83.33,-181.89,0
18588,90.91,-180.10,0
18599,90.91,-182.31,0
18611,83.33,-188.46,0
18622,90.91,-191.96,0
18634,90.91,-192.36,0
18646,76.92,-189.83,0
18657,90.91,-187.86,0
18668,90.91,-188.27,0
18679,90.91,-189.99,0
18691,83.33,-189.83,0
18703,83.33,-186.28,0
18714,90.91,-182.21,0
18725,90.91,-179.24,0
18737,83.33,-182.34,0
18748,90.91,-188.31,0
18759,90.91,-192.63,0
18771,83.33,-192.94,0
18783,83.33,-191.06,0
18794,90.91,-189.05,0
18805,90.91,-188.78,0
18817,83.33,-189.62,0
18828,90.91,-190.37,0
18840,83.33,-186.86,0
18851,90.91,-182.16,0
18863,83.33,-180.21,0
18874,90.91,-183.12,0
18885,90.91,-188.21,0
18896,90.91,-192.01,0
18909,76.92,-192.20,0
18920,90.91,-189.98,0
18931,90.91,-188.50,0
18942,90.91,-188.52,0
18954,83.33,-190.55,0
18966,90.91,-190.76,0
18977,83.33,-187.07,0
18989,83.33,-182.14,0
19000,90.91,-179.48,0
19011,90.91,-182.15,0
19022,90.91,-187.21,0
19035,76.92,-192.30,0
19046,90.91,-192.53,0
19057,90.91,-190.44,0
19068,90.91,-188.16,0
19080,83.33,-188.38,0
19091,90.91,-189.91,0
19103,83.33,-190.27,0
19115,83.33,-186.92,0
19126,90.91,-182.13,0
19137,90.91,-180.26,0
19148,90.91,-182.74,0
19160,83.33,-188.09,0
19172,83.33,-192.12,0
19183,90.91,-192.94,0
19194,90.91,-190.63,0
19206,83.33,-188.45,0
19217,90.91,-188.72,0
19228,90.91,-190.22,0
19240,83.33,-190.02,0
19252,83.33,-186.81,0
19263,90.91,-181.78,0
19274,90.91,-179.47,0
19286,83.33,-181.53,0
19298,90.91,-187.88,0
19309,83.33,-192.55,0
19320,90.91,-192.73,0
19332,83.33,-190.67,0
19343,90.91,-188.97,0
19354,90.91,-189.38,0
19366,90.91,-190.65,0
19378,76.92,-189.87,0
19389,90.91,-186.73,0
19400,90.91,-181.96,0
19411,90.91,-179.27,0
19423,83.33,-182.51,0
19435,83.33,-187.36,0
19446,90.91,-191.46,0
19458,83.33,-193.13,0
19469,90.91,-191.04,0
19480,90.91,-188.81,0
19491,90.91,-189.52,0
19504,76.92,-190.01,0
19515,90.91,-190.23,0
19526,90.91,-187.35,0
19537,90.91,-182.56,0
19549,83.33,-179.97,0
19560,90.91,-181.94,0
19572,83.33,-187.48,0
19584,83.33,-192.19,0
19595,90.91,-193.23,0
19606,90.91,-191.21,0
19617,90.91,-189.44,0
19629,83.33,-189.59,0
19641,83.33,-190.23,0
19652,90.91,-190.01,0
19663,90.91,-186.61,0
19675,83.33,-181.99,0
19686,90.91,-179.63,0
19698,90.91,-181.84,0
19709,83.33,-186.94,0
19721,83.33,-191.72,0
19732,90.91,-192.62,0
19743,90.91,-190.54,0
19755,83.33,-188.85,0
19767,83.33,-189.25,0
19778,90.91,-190.45,0
19789,90.91,-190.39,0
19801,83.33,-187.28,0
19812,90.91,-182.17,0
19823,90.91,-179.78,0
19835,83.33,-181.78,0
19847,83.33,-186.83,0
19858,90.91,-191.55,0
19869,90.91,-193.12,0
19880,90.91,-191.33,0
19892,83.33,-189.34,0
19904,83.33,-189.65,0
19915,90.91,-191.17,0
19927,83.33,-191.45,0
19938,90.91,-188.05,0
19949,90.91,-183.04,0
19960,90.91,-179.64,0
19973,76.92,-181.11,0
19984,90.91,-186.79,0
19995,90.91,-192.00,0
20006,90.91,-193.68,0
20018,83.33,-192.42,0
20030,90.91,-190.01,0
20041,83.33,-189.71,0
20052,90.91,-191.08,0
20064,83.33,-191.08,0
20075,90.91,-187.81,0
20086,90.91,-182.83,0
20099,76.92,-179.26,0
20110,90.91,-180.74,0
20121,90.91,-185.58,0
20132,90.91,-191.33,0
20144,83.33,-192.57,0
20155,90.91,-190.94,0
20167,83.33,-189.36,0
20178,90.91,-189.58,0
20190,83.33,-191.37,0
20201,90.91,-191.28,0
20212,90.91,-187.92,0
20224,83.33,-182.41,0
20236,83.33,-179.27,0
20247,90.91,-180.50,0
20258,90.91,-185.89,0
20270,83.33,-191.01,0
20281,90.91,-192.38,0
20292,90.91,-190.50,0
20304,83.33,-189.15,0
20316,83.33,-189.59,0
20327,90.91,-190.99,0
20338,90.91,-191.16,0
20349,90.91,-188.05,0
20362,83.33,-181.78,0
20373,83.33,-179.45,0
20384,90.91,-180.54,0
20396,83.33,-185.15,0
20407,90.91,-190.59,0
20418,90.91,-192.08,0
20430,90.91,-190.89,0
20442,76.92,-188.85,0
20453,90.91,-189.42,0
20464,90.91,-190.57,0
20475,90.91,-191.73,0
20487,83.33,-188.05,0
20499,83.33,-182.90,0
20510,90.91,-179.61,0
20521,90.91,-180.53,0
20533,83.33,-185.33,0
20544,90.91,-189.68,0
20555,90.91,-191.21,0
20568,76.92,-189.42,0
20579,90.91,-188.35,0
20590,90.91,-189.46,0
20601,90.91,-191.88,0
20613,83.33,-193.17,0
20624,90.91,-189.33,0
20636,83.33,-183.76,0
20647,90.91,-179.95,0
20659,83.33,-180.48,0
20670,90.91,-184.84,0
20681,90.91,-189.72,0
20692,90.91,-191.14,0
20705,76.92,-189.32,0
20716,90.91,-188.00,0
20727,90.91,-188.56,0
20739,83.33,-191.19,0
20750,90.91,-192.67,0
20762,90.91,-190.16,0
20773,83.33,-185.02,0
20785,83.33,-181.25,0
20796,90.91,-181.25,0
20807,90.91,-184.90,0
20818,90.91,-189.90,0
20831,76.92,-191.65,0
20842,90.91,-189.66,0
20853,90.91,-187.89,0
20865,83.33,-188.48,0
20876,90.91,-191.20,0
20887,90.91,-192.08,0
20899,83.33,-189.89,0
20911,83.33,-184.74,0
20922,90.91,-180.73,0
20933,90.91,-181.27,0
20944,90.91,-185.41,0
20956,83.33,-190.15,0
20968,83.33,-191.57,0
20979,90.91,-189.78,0
20990,90.91,-187.88,0
21002,83.33,-188.18,0
21013,90.91,-190.70,0
21024,90.91,-192.25,0
21037,76.92,-190.43,0
21048,90.91,-185.24,0
21059,90.91,-181.00,0
21070,90.91,-181.04,0
21082,83.33,-185.58,0
21093,90.91,-189.99,0
21105,83.33,-191.35,0
21116,90.91,-189.46,0
21128,83.33,-188.14,0
21139,90.91,-188.90,0
21150,90.91,-190.65,0
21163,90.91,-192.00,0
21174,76.92,-189.88,0
21185,90.91,-184.88,0
21196,90.91,-180.89,0
21208,83.33,-181.50,0
21219,90.91,-186.29,0
21231,83.33,-191.14,0
21242,90.91,-192.22,0
21254,83.33,-190.21,0
21265,90.91,-187.76,0
21276,90.91,-188.06,0
21287,90.91,-189.90,0
21300,76.92,-191.63,0
21311,90.91,-189.80,0
21322,90.91,-184.87,0
21334,83.33,-181.49,0
21345,90.91,-182.05,0
21356,90.91,-185.81,0
21368,83.33,-190.19,0
21380,83.33,-191.36,0
21391,90.91,-189.75,0
21402,90.91,-187.38,0
21413,90.91,-187.05,0
21425,83.33,-189.14,0
21437,83.33,-191.35,0
21448,90.91,-189.54,0
21459,90.91,-184.71,0
21471,83.33,-180.87,0
21482,90.91,-181.68,0
21493,90.91,-186.16,0
21506,76.92,-190.21,0
21517,90.91,-191.91,0
21528,90.91,-190.47,0
21539,90.91,-187.44,0
21551,83.33,-187.33,0
21563,90.91,-189.63,0
21574,83.33,-191.56,0
21585,90.91,-189.69,0
21597,83.33,-184.93,0
21608,90.91,-181.47,0
21619,90.91,-181.49,0
21632,76.92,-186.03,0
21643,90.91,-190.39,0
21654,90.91,-192.44,0
21665,90.91,-190.00,0
21677,83.33,-187.73,0
21688,90.91,-188.14,0
21700,83.33,-189.51,0
21711,90.91,-191.16,0
21723,83.33,-189.06,0
21734,90.91,-185.03,0
21745,90.91,-180.41,0
21756,90.91,-180.60,0
21769,76.92,-185.99,0
21780,90.91,-191.11,0
21791,90.91,-192.72,0
21803,83.33,-190.61,0
21814,90.91,-188.28,0
21825,90.91,-187.26,0
21837,83.33,-189.26,0
21849,83.33,-190.76,0
21860,90.91,-188.96,0
21871,90.91,-184.78,0
21882,90.91,-180.34,0
21895,83.33,-182.05,0
21906,83.33,-186.16,0
21917,90.91,-190.94,0
21928,90.91,-192.33,0
21940,83.33,-189.96,0
21951,90.91,-187.79,0
21963,90.91,-187.83,0
21975,83.33,-189.72,0
21986,90.91,-190.22,0
21997,90.91,-189.03,0
22008,90.91,-184.55,0
22020,83.33,-181.01,0
22032,83.33,-182.24,0
22043,90.91,-187.07,0
22054,90.91,-191.54,0
22066,83.33,-193.05,0
22077,90.91,-190.72,0
22088,90.91,-187.38,0
22100,83.33,-187.15,0
22112,83.33,-189.24,0
22123,90.91,-189.98,0
22134,90.91,-188.98,0
22146,83.33,-184.60,0
22157,90.91,-180.77,0
22169,83.33,-181.72,0
22180,90.91,-186.17,0
22192,83.33,-191.49,0
22203,90.91,-192.91,0
22214,90.91,-191.61,0
22225,90.91,-189.02,0
22238,76.92,-188.86,0
22249,90.91,-189.54,0
22260,90.91,-190.33,0
22272,83.33,-188.82,0
22283,90.91,-184.36,0
22295,90.91,-180.90,0
22306,83.33,-181.10,0
22318,83.33,-185.86,0
22329,90.91,-191.55,0
22340,90.91,-193.51,0
22351,90.91,-191.82,0
22364,76.92,-189.24,0
22375,90.91,-188.38,0
22386,90.91,-189.68,0
22397,90.91,-191.04,0
22409,83.33,-188.38,0
22420,90.91,-183.54,0
22432,83.33,-180.13,0
22444,83.33,-181.01,0
22455,90.91,-185.97,0
22466,90.91,-191.16,0
22477,90.91,-193.26,0
22489,83.33,-191.64,0
22501,83.33,-189.11,0
22512,90.91,-188.16,0
22523,90.91,-189.32,0
22535,83.33,-189.68,0
22546,90.91,-187.05,0
22557,90.91,-182.95,0
22569,83.33,-179.67,0
22581,83.33,-180.54,0
22592,90.91,-185.95,0
22603,90.91,-190.87,0
22615,83.33,-193.67,0
22627,90.91,-192.25,0
22638,83.33,-189.57,0
22649,90.91,-188.58,0
22661,83.33,-189.80,0
22672,90.91,-190.40,0
22683,90.91,-187.88,0
22695,90.91,-183.12,0
22707,76.92,-180.09,0
22718,90.91,-179.93,0
22729,90.91,-184.65,0
22740,90.91,-189.89,0
22752,83.33,-192.84,0
22764,83.33,-191.91,0
22775,90.91,-189.51,0
22787,83.33,-189.03,0
22798,90.91,-189.27,0
22809,90.91,-190.06,0
22820,90.91,-187.87,0
22833,76.92,-183.48,0
22844,90.91,-179.77,0
22855,90.91,-179.54,0
22866,90.91,-184.42,0
22878,83.33,-190.07,0
22889,90.91,-193.21,0
22901,83.33,-192.13,0
22913,83.33,-189.76,0
22924,90.91,-188.52,0
22935,90.91,-189.31,0
22946,90.91,-190.32,0
22958,83.33,-189.14,0
22970,83.33,-184.16,0
22981,90.91,-178.92,0
22992,90.91,-179.17,0
23004,83.33,-183.84,0
23015,90.91,-189.31,0
23027,90.91,-193.18,0
23038,83.33,-192.24,0
23050,83.33,-190.14,0
23061,90.91,-189.65,0
23072,90.91,-191.38,0
23084,83.33,-191.59,0
23096,83.33,-189.70,0
23107,90.91,-184.24,0
23118,90.91,-179.46,0
23130,83.33,-180.11,0
23141,90.91,-184.41,0
23152,90.91,-190.24,0
23164,83.33,-192.54,0
23176,83.33,-192.23,0
23187,90.91,-189.90,0
23198,90.91,-190.08,0
23209,90.91,-191.54,0
23221,83.33,-191.57,0
23233,83.33,-189.71,0
23244,90.91,-184.50,0
23256,83.33,-180.10,0
23267,90.91,-179.43,0
23278,90.91,-183.77,0
23289,90.91,-189.11,0
23302,76.92,-192.38,0
23313,90.91,-192.48,0
23324,90.91,-189.57,0
23335,90.91,-189.09,0
23347,83.33,-190.80,0
23358,90.91,-191.79,0
23370,83.33,-189.66,0
23382,83.33,-184.64,0
23393,90.91,-180.71,0
23404,90.91,-179.89,0
23415,90.91,-184.65,0
23428,83.33,-189.61,0
23439,83.33,-192.86,0
23450,90.91,-191.75,0
23461,90.91,-189.23,0
23473,83.33,-188.88,0
23484,90.91,-191.02,0
23496,83.33,-192.27,0
23507,90.91,-190.15,0
23519,83.33,-185.08,0
23530,90.91,-180.64,0
23541,90.91,-179.82,0
23553,83.33,-183.24,0
23565,83.33,-188.11,0
23576,90.91,-190.92,0
23587,90.91,-191.10,0
23599,83.33,-189.58,0
23610,90.91,-188.90,0
23621,90.91,-190.21,0
23633,83.33,-191.51,0
23645,83.33,-190.26,0
23656,90.91,-185.20,0
23667,90.91,-180.31,0
23678,90.91,-179.48,0
23690,83.33,-183.28,0
23702,83.33,-188.25,0
23713,90.91,-191.07,0
23725,83.33,-190.19,0
23736,90.91,-188.15,0
23747,90.91,-188.64,0
23759,90.91,-190.12,0
23771,76.92,-191.33,0
23782,90.91,-190.00,0
23793,90.91,-185.39,0
23804,90.91,-180.87,0
23816,83.33,-179.75,0
23828,83.33,-183.20,0
23839,90.91,-188.06,0
23851,83.33,-191.17,0
23862,90.91,-190.49,0
23873,90.91,-188.60,0
23884,90.91,-188.27,0
23897,76.92,-189.99,0
23908,90.91,-191.94,0
23919,90.91,-190.41,0
23930,90.91,-185.94,0
23942,83.33,-181.17,0
23953,90.91,-180.20,0
23965,83.33,-183.90,0
23976,90.91,-188.12,0
23988,83.33,-190.59,0
23999,90.91,-189.74,0
24010,90.91,-187.99,0
24022,83.33,-188.06,0
24034,83.33,-190.70,0
24045,90.91,-192.59,0
24056,90.91,-191.31,0
24068,83.33,-186.62,0
24079,90.91,-181.43,0
24090,90.91,-181.15,0
24102,83.33,-183.97,0
24114,83.33,-188.69,0
24125,90.91,-190.83,0
24136,90.91,-190.28,0
24147,90.91,-188.00,0
24160,83.33,-187.61,0
24171,83.33,-190.14,0
24182,90.91,-192.03,0
24194,83.33,-191.72,0
24205,90.91,-187.23,0
24216,90.91,-182.40,0
24228,83.33,-180.83,0
24240,83.33,-183.08,0
24251,90.91,-188.51,0
24262,90.91,-190.75,0
24273,90.91,-190.18,0
24285,83.33,-187.91,0
24297,83.33,-187.52,0
24308,90.91,-189.50,0
24320,83.33,-192.28,0
24331,90.91,-191.49,0
24342,90.91,-186.20,0
24353,90.91,-182.05,0
24366,76.92,-181.34,0
24377,90.91,-185.05,0
24388,90.91,-189.27,0
24399,90.91,-191.11,0
24411,83.33,-190.82,0
24422,90.91,-188.44,0
24434,83.33,-187.47,0
24445,90.91,-188.75,0
24457,83.33,-191.44,0
24468,90.91,-191.00,0
24479,90.91,-186.59,0
24491,83.33,-181.90,0
24503,83.33,-181.27,0
24514,90.91,-185.17,0
24525,90.91,-189.12,0
24537,83.33,-191.96,0
24548,90.91,-191.09,0
24560,90.91,-187.83,0
24571,83.33,-187.39,0
24583,83.33,-188.98,0
24594,90.91,-191.31,0
24605,90.91,-190.55,0
24616,90.91,-186.64,0
24629,76.92,-182.52,0
24640,90.91,-181.16,0
24651,90.91,-185.06,0
24663,83.33,-189.91,0
24674,90.91,-191.67,0
24685,90.91,-190.17,0
24697,83.33,-187.53,0
24709,83.33,-186.78,0
24720,90.91,-188.88,0
24731,90.91,-190.60,0
24742,90.91,-189.66,0
24754,83.33,-186.48,0
24766,83.33,-182.52,0
24777,90.91,-181.64,0
24788,90.91,-184.68,0
24800,83.33,-189.91,0
24811,90.91,-191.99,0
24822,90.91,-190.73,0
24835,76.92,-188.52,0
24846,90.91,-187.24,0
24857,90.91,-188.03,0
24868,90.91,-189.97,0
24880,83.33,-189.57,0
24892,90.91,-185.43,0
24903,83.33,-181.32,0
24914,90.91,-180.80,0
24926,83.33,-185.28,0
24937,90.91,-190.21,0
24948,90.91,-191.88,0
24961,76.92,-190.18,0
24972,90.91,-187.88,0
24983,90.91,-186.81,0
24994,90.91,-188.53,0
25006,83.33,-190.58,0
25017,90.91,-189.90,0
25029,83.33,-186.73,0
25040,90.91,-182.52,0
25052,83.33,-181.83,0
25063,90.91,-184.97,0
25074,90.91,-189.78,0
25085,90.91,-192.31,0
25098,76.92,-190.88,0
25109,90.91,-187.58,0
25120,90.91,-186.67,0
25132,83.33,-188.38,0
25143,90.91,-190.17,0
25154,90.91,-189.45,0
25166,83.33,-186.10,0
25178,83.33,-182.45,0
25189,90.91,-182.45,0
25200,90.91,-186.06,0
25211,90.91,-191.14,0
25224,83.33,-193.49,0
25235,83.33,-191.69,0
25246,90.91,-188.41,0
25257,90.91,-187.24,0
25269,83.33,-188.64,0
25280,90.91,-190.61,0
25292,83.33,-189.12,0
25304,83.33,-185.54,0
25315,90.91,-181.76,0
25326,90.91,-181.62,0
25337,90.91,-186.44,0
25349,83.33,-191.91,0
25361,83.33,-194.19,0
25372,90.91,-192.09,0
25383,90.91,-188.95,0
25395,83.33,-187.69,0
25406,90.91,-187.90,0
25417,90.91,-189.32,0
25430,76.92,-188.44,0
25441,90.91,-185.11,0
25452,90.91,-182.35,0
25463,90.91,-182.34,0
25475,83.33,-186.97,0
25486,90.91,-192.17,0
25498,83.33,-194.21,0
25509,90.91,-192.38,0
25521,83.33,-189.07,0
25532,90.91,-187.84,0
25543,90.91,-188.26,0
25555,90.91,-189.54,0
25567,76.92,-188.15,0
25578,90.91,-184.64,0
25589,90.91,-181.00,0
25601,83.33,-180.70,0
25612,90.91,-185.19,0
25624,83.33,-191.07,0
25635,90.91,-193.50,0
25647,83.33,-192.32,0
25658,90.91,-189.50,0
25669,90.91,-188.00,0
25680,90.91,-188.55,0
25693,76.92,-189.68,0
25704,90.91,-188.09,0
25715,90.91,-183.72,0
25726,90.91,-179.78,0
25738,83.33,-180.52,0
25749,90.91,-185.53,0
25761,83.33,-190.76,0
25773,83.33,-194.11,0
25784,90.91,-192.15,0
25795,90.91,-190.04,0
25806,90.91,-188.48,0
25818,83.33,-188.97,0
25830,83.33,-189.51,0
25841,90.91,-188.13,0
25852,90.91,-183.58,0
25864,83.33,-179.39,0
25875,90.91,-179.68,0
25887,90.91,-184.47,0
25899,76.92,-190.29,0
25910,90.91,-193.63,0
25921,90.91,-193.48,0
25932,90.91,-190.95,0
25944,83.33,-189.44,0
25956,90.91,-189.84,0
25967,83.33,-190.06,0
25978,90.91,-188.25,0
25990,83.33,-184.13,0
26001,90.91,-180.28,0
26012,90.91,-179.37,0
26024,83.33,-183.65,0
26036,83.33,-189.51,0
26047,90.91,-193.35,0
26058,90.91,-192.83,0
26070,83.33,-190.40,0
26081,90.91,-188.62,0
26093,83.33,-189.25,0
26104,90.91,-190.37,0
26116,83.33,-188.74,0
26127,90.91,-184.21,0
26138,90.91,-179.50,0
26149,90.91,-178.51,0
26162,76.92,-183.06,0
26173,90.91,-189.11,0
26184,90.91,-193.11,0
26195,90.91,-192.53,0
26207,83.33,-189.83,0
26218,90.91,-188.67,0
26230,83.33,-190.14,0
26242,83.33,-191.03,0
26253,90.91,-188.82,0
26264,90.91,-184.65,0
26275,90.91,-180.05,0
26288,83.33,-179.15,0
26299,83.33,-183.46,0
26310,90.91,-190.03,0
26321,90.91,-192.94,0
26333,83.33,-192.72,0
26344,90.91,-190.53,0
26356,83.33,-189.99,0
26368,83.33,-191.07,0
26379,90.91,-191.24,0
26390,90.91,-189.59,0
26401,90.91,-184.58,0
26413,83.33,-179.40,0
26425,83.33,-178.57,0
26436,90.91,-182.65,0
26447,90.91,-189.18,0
26459,83.33,-192.34,0
26470,90.91,-191.84,0
26481,90.91,-190.00,0
26493,83.33,-189.93,0
26505,83.33,-190.79,0
26516,90.91,-192.13,0
26527,90.91,-190.44,0
26539,83.33,-184.59,0
26550,90.91,-179.56,0
26562,83.33,-178.76,0
26573,90.91,-182.68,0
26585,83.33,-188.37,0
26596,90.91,-191.90,0
26607,90.91,-192.17,0
26619,90.91,-189.87,0
26631,76.92,-189.71,0
26642,90.91,-191.13,0
26653,90.91,-192.37,0
26664,90.91,-190.36,0
26676,83.33,-185.13,0
26688,83.33,-179.98,0
26699,90.91,-178.51,0
26711,83.33,-182.06,0
26722,90.91,-187.80,0
26733,90.91,-192.20,0
26744,90.91,-191.81,0
26757,76.92,-189.83,0
26768,90.91,-189.31,0
26779,90.91,-190.98,0
26790,90.91,-192.23,0
26802,83.33,-190.71,0
26813,90.91,-185.33,0
26825,83.33,-180.02,0
26836,90.91,-178.64,0
26848,83.33,-182.23,0
26859,90.91,-187.80,0
26870,90.91,-191.14,0
26882,83.33,-190.38,0
26894,83.33,-189.51,0
26905,90.91,-189.55,0
26916,90.91,-190.86,0
26928,83.33,-192.98,0
26939,90.91,-192.07,0
26951,90.91,-186.97,0
26962,83.33,-181.43,0
26974,83.33,-179.76,0
26985,90.91,-182.51,0
26996,90.91,-187.04,0
27008,83.33,-190.20,0
27020,83.33,-189.60,0
27031,90.91,-188.79,0
27042,90.91,-188.67,0
27054,83.33,-191.30,0
27065,90.91,-193.10,0
27076,90.91,-191.70,0
27088,83.33,-187.00,0
27100,83.33,-181.24,0
27111,90.91,-180.46,0
27122,90.91,-183.10,0
27133,90.91,-187.29,0
27145,83.33,-190.36,0
27157,83.33,-190.38,0
27168,90.91,-188.77,0
27180,83.33,-188.51,0
27191,90.91,-190.46,0
27202,90.91,-192.31,0
27213,90.91,-191.76,0
27226,76.92,-187.14,0
27237,90.91,-181.97,0
27248,90.91,-180.60,0
27259,90.91,-183.42,0
27271,83.33,-188.05,0
27283,90.91,-190.66,0
27294,83.33,-189.57,0
27305,90.91,-187.51,0
27317,83.33,-187.86,0
27328,90.91,-189.92,0
27339,90.91,-192.42,0
27352,76.92,-192.09,0
27363,90.91,-187.48,0
27374,90.91,-183.05,0
27385,90.91,-181.42,0
27397,83.33,-183.32,0
27408,90.91,-187.99,0
27420,83.33,-190.48,0
27431,90.91,-190.08,0
27443,83.33,-187.85,0
27454,90.91,-187.44,0
27465,90.91,-189.83,0
27476,90.91,-192.18,0
27489,76.92,-192.17,0
27500,90.91,-187.45,0
27511,90.91,-182.98,0
27523,83.33,-181.52,0
27534,90.91,-184.71,0
27545,90.91,-188.48,0
27557,83.33,-189.99,0
27569,83.33,-189.17,0
27580,90.91,-186.93,0
27591,90.91,-186.84,0
27602,90.91,-189.21,0
27615,83.33,-192.16,0
27626,83.33,-191.77,0
27637,90.91,-188.08,0
27649,83.33,-183.49,0
27660,90.91,-181.78,0
27671,90.91,-184.59,0
27683,83.33,-189.54,0
27695,83.33,-190.99,0
27706,90.91,-189.94,0
27717,90.91,-187.38,0
27728,90.91,-186.62,0
27740,83.33,-188.50,0
27752,83.33,-191.44,0
27763,90.91,-191.28,0
27774,90.91,-187.79,0
27786,83.33,-183.19,0
27797,90.91,-181.66,0
27808,90.91,-184.80,0
27821,76.92,-189.46,0
27832,90.91,-191.69,0
27843,90.91,-190.43,0
27854,90.91,-188.20,0
27866,83.33,-186.96,0
27877,90.91,-188.58,0
27889,83.33,-190.73,0
27900,90.91,-190.39,0
27912,83.33,-187.67,0
27923,90.91,-183.43,0
27934,90.91,-183.18,0
27945,90.91,-186.03,0
27958,76.92,-190.19,0
27969,90.91,-192.01,0
27980,90.91,-190.36,0
27992,83.33,-187.66,0
28003,90.91,-186.32,0
28015,90.91,-187.66,0
28026,83.33,-189.74,0
28038,83.33,-189.80,0
28049,90.91,-187.11,0
28060,90.91,-182.73,0
28071,90.91,-182.55,0
28084,76.92,-186.53,0
28095,90.91,-190.85,0
28106,90.91,-192.20,0
28118,83.33,-190.50,0
28129,90.91,-187.68,0
28140,90.91,-186.31,0
28152,83.33,-188.04,0
28164,83.33,-190.51,0
28175,90.91,-190.12,0
28186,90.91,-186.54,0
28197,90.91,-182.45,0
28209,83.33,-182.04,0
28221,83.33,-185.61,0
28232,90.91,-189.84,0
28243,90.91,-191.87,0
28255,83.33,-190.61,0
28266,90.91,-187.57,0
28277,90.91,-186.36,0
28290,76.92,-188.01,0
28301,90.91,-190.25,0
28312,90.91,-190.39,0
28323,90.91,-186.76,0
28335,83.33,-182.01,0
28346,90.91,-181.64,0
28358,83.33,-185.07,0
28369,90.91,-190.31,0
28381,83.33,-192.61,0
28392,90.91,-191.53,0
28403,90.91,-188.91,0
28416,90.91,-187.28,0
28427,76.92,-188.34,0
28438,90.91,-190.00,0
28449,90.91,-189.83,0
28461,83.33,-186.14,0
28472,90.91,-181.82,0
28484,83.33,-181.16,0
28495,90.91,-184.90,0
28507,83.33,-190.57,0
28518,90.91,-193.05,0
28529,90.91,-191.73,0
28540,90.91,-188.48,0
28553,76.92,-186.89,0
28564,90.91,-187.97,0
28575,90.91,-189.34,0
28587,83.33,-188.87,0
28598,90.91,-185.28,0
28609,90.91,-181.95,0
28621,83.33,-181.97,0
28633,83.33,-185.70,0
28644,90.91,-190.59,0
28655,90.91,-193.41,0
28666,90.91,-191.73,0
28678,83.33,-188.36,0
28690,83.33,-187.53,0
28701,90.91,-188.11,0
28712,90.91,-189.14,0
28724,83.33,-188.46,0
28735,90.91,-184.69,0
28746,90.91,-180.68,0
28759,76.92,-180.62,0
28770,90.91,-184.90,0
28781,90.91,-190.20,0
28792,90.91,-193.13,0
28804,83.33,-192.37,0
28816,90.91,-189.51,0
28827,83.33,-187.82,0
28838,90.91,-188.31,0
28850,83.33,-189.43,0
28861,90.91,-188.46,0
28872,90.91,-184.50,0
28884,83.33,-180.61,0
28896,83.33,-180.45,0
28907,90.91,-185.16,0
28918,90.91,-190.65,0
28930,83.33,-193.17,0
28941,90.91,-191.88,0
28953,83.33,-189.16,0
28964,90.91,-188.95,0
28976,83.33,-189.42,0
28987,90.91,-189.85,0
28998,90.91,-188.16,0
29009,90.91,-184.17,0
29022,76.92,-180.35,0
29033,90.91,-181.22,0
29044,90.91,-185.12,0
29056,83.33,-190.35,0
29067,90.91,-193.77,0
29078,90.91,-192.36,0
29090,83.33,-190.17,0
29102,83.33,-188.52,0
29113,90.91,-188.92,0
29124,90.91,-189.57,0
29135,90.91,-188.47,0
29148,83.33,-184.66,0
29159,83.33,-179.93,0
29170,90.91,-179.80,0
29181,90.91,-184.20,0
29193,83.33,-190.80,0
29204,90.91,-193.51,0
29216,83.33,-192.24,0
29228,83.33,-190.26,0
29239,90.91,-189.01,0
29250,90.91,-189.84,0
29261,90.91,-190.59,0
29273,83.33,-189.66,0
29285,83.33,-184.93,0
29296,90.91,-179.95,0
29307,90.91,-179.70,0
29319,83.33,-183.58,0
29330,90.91,-189.61,0
29341,90.91,-192.96,0
29353,83.33,-192.98,0
29365,83.33,-190.49,0
29376,90.91,-188.93,0
29387,90.91,-189.64,0
29399,83.33,-190.31,0
29410,90.91,-188.69,0
29422,83.33,-184.89,0
29433,90.91,-181.29,0
29445,83.33,-180.28,0
29456,90.91,-183.99,0
29467,90.91,-189.82,0
29479,90.91,-193.07,0
29491,76.92,-193.14,0
29502,90.91,-190.14,0
29513,90.91,-189.01,0
29524,90.91,-189.62,0
29536,83.33,-190.15,0
29548,83.33,-189.24,0
29559,90.91,-184.72,0
29571,83.33,-180.43,0
29582,90.91,-179.42,0
29593,90.91,-183.57,0
29604,90.91,-189.21,0
29617,76.92,-192.98,0
29628,90.91,-193.00,0
29639,90.91,-190.19,0
29650,90.91,-189.22,0
29662,83.33,-190.11,0
29673,90.91,-191.32,0
29685,83.33,-189.63,0
29697,83.33,-184.31,0
29708,90.91,-179.69,0
29719,90.91,-178.67,0
29730,90.91,-183.58,0
29742,83.33,-189.57,0
29754,83.33,-192.81,0
29765,90.91,-192.68,0
29776,90.91,-190.70,0
29788,83.33,-189.04,0
29799,90.91,-190.04,0
29811,90.91,-191.48,0
29822,83.33,-189.42,0
29834,83.33,-184.92,0
29845,90.91,-179.79,0
29856,90.91,-179.08,0
29868,83.33,-182.52,0
29880,83.33,-188.65,0
29891,90.91,-192.54,0
29902,90.91,-191.86,0
29914,83.33,-190.19,0
29925,90.91,-189.29,0
29936,90.91,-190.06,0
29948,83.33,-192.14,0
29960,83.33,-190.49,0
29971,90.91,-185.36,0
29982,90.91,-180.75,0
29993,90.91,-179.87,0
30005,83.33,-183.28,0
30017,83.33,-188.68,0
30028,90.91,-191.91,0
30040,83.33,-191.74,0
30051,90.91,-189.90,0
30062,90.91,-189.19,0
30073,90.91,-190.92,0
30086,76.92,-192.28,0
30097,90.91,-190.53,0
30108,90.91,-185.08,0
30119,90.91,-179.95,0
30131,83.33,-178.74,0
30142,90.91,-183.40,0
30154,83.33,-188.73,0
30166,83.33,-192.22,0
30177,90.91,-191.67,0
30188,90.91,-189.89,0
30199,90.91,-189.63,0
30212,83.33,-191.02,0
30223,83.33,-191.79,0
30234,90.91,-190.09,0
30245,90.91,-185.60,0
30257,83.33,-181.13,0
30268,90.91,-180.34,0
30280,83.33,-183.02,0
30291,90.91,-188.54,0
30303,83.33,-191.90,0
30314,90.91,-191.48,0
30325,90.91,-189.66,0
30337,83.33,-189.15,0
30349,83.33,-191.39,0
30360,90.91,-191.95,0
30371,90.91,-190.61,0
30383,83.33,-186.01,0
30394,90.91,-181.11,0
30405,90.91,-179.59,0
30417,83.33,-183.19,0
30429,83.33,-188.53,0
30440,90.91,-191.25,0
30451,90.91,-191.20,0
30462,90.91,-189.20,0
30474,83.33,-188.93,0
30486,83.33,-190.74,0
30497,90.91,-192.45,0
30509,83.33,-190.68,0
30520,90.91,-185.72,0
30531,90.91,-181.20,0
30543,90.91,-180.40,0
30555,76.92,-183.25,0
30566,90.91,-187.64,0
30577,90.91,-190.23,0
30588,90.91,-189.84,0
30600,83.33,-188.52,0
30612,83.33,-188.74,0
30623,90.91,-190.22,0
30635,83.33,-191.83,0
30646,90.91,-191.03,0
30657,90.91,-186.00,0
30668,90.91,-181.63,0
30681,76.92,-180.35,0
30692,90.91,-183.78,0
30703,90.91,-188.34,0
30714,90.91,-191.18,0
30726,83.33,-189.97,0
30737,90.91,-188.02,0
30749,83.33,-188.43,0
30760,90.91,-190.58,0
30772,83.33,-192.32,0
30783,90.91,-191.66,0
30794,90.91,-187.44,0
30806,83.33,-182.71,0
30818,83.33,-181.32,0
30829,90.91,-184.52,0
30840,90.91,-188.49,0
30852,83.33,-190.77,0
30863,90.91,-189.74,0
30874,90.91,-187.65,0
30886,83.33,-187.69,0
30898,83.33,-189.50,0
30909,90.91,-191.27,0
30920,90.91,-190.31,0
30931,90.91,-186.47,0
30944,83.33,-182.66,0
30955,83.33,-181.79,0
30966,90.91,-185.02,0
30978,83.33,-188.94,0
30989,90.91,-191.24,0
31000,90.91,-190.16,0
31012,83.33,-187.76,0
31024,83.33,-187.24,0
31035,90.91,-189.19,0
31046,90.91,-191.30,0
31057,90.91,-190.64,0
31069,83.33,-186.54,0
31081,83.33,-181.77,0
31092,90.91,-181.43,0
31104,83.33,-185.13,0
31115,90.91,-189.64,0
31126,90.91,-191.40,0
31137,90.91,-190.21,0
31150,76.92,-188.24,0
31161,90.91,-187.20,0
31172,90.91,-189.34,0
31183,90.91,-191.13,0
31195,83.33,-190.84,0
31206,90.91,-186.71,0
31218,83.33,-182.38,0
31229,90.91,-182.32,0
31241,83.33,-185.48,0
31252,90.91,-190.14,0
31263,90.91,-191.71,0
31275,83.33,-190.60,0
31287,83.33,-188.43,0
31298,90.91,-186.92,0
31309,90.91,-188.32,0
31321,83.33,-190.55,0
31332,90.91,-189.98,0
31344,90.91,-186.03,0
31355,83.33,-182.30,0
31367,83.33,-182.12,0
31378,90.91,-185.63,0
31389,90.91,-189.98,0
31400,90.91,-192.05,0
31413,76.92,-190.43,0
31424,90.91,-187.55,0
31435,90.91,-186.44,0
31447,83.33,-187.62,0
31458,90.91,-189.89,0
31469,90.91,-190.33,0
31481,83.33,-186.24,0
31493,83.33,-182.37,0
31504,90.91,-181.68,0
31515,90.91,-185.59,0
31526,90.91,-190.12,0
31538,83.33,-192.11,0
31550,83.33,-190.65,0
31561,90.91,-187.84,0
31572,90.91,-186.58,0
31584,83.33,-187.70,0
31595,90.91,-190.28,0
31606,90.91,-189.68,0
31619,76.92,-185.65,0
31630,90.91,-182.19,0
31641,90.91,-182.32,0
31652,90.91,-186.68,0
31664,83.33,-191.05,0
31676,90.91,-192.58,0
31687,83.33,-191.02,0
31698,90.91,-187.70,0
31710,83.33,-186.84,0
31721,90.91,-188.02,0
31732,90.91,-189.68,0
31745,83.33,-188.88,0
31756,90.91,-185.02,0
31767,90.91,-182.24,0
31778,90.91,-182.01,0
31790,83.33,-185.98,0
31801,90.91,-191.14,0
31813,83.33,-193.39,0
31824,90.91,-191.29,0
31836,83.33,-187.97,0
31847,90.91,-187.11,0
31858,90.91,-187.98,0
31869,90.91,-189.60,0
31882,76.92,-189.06,0
31893,90.91,-185.25,0
31904,90.91,-181.36,0
31916,83.33,-181.18,0
31927,90.91,-186.22,0
31938,90.91,-191.07,0
31950,83.33,-193.22,0
31962,83.33,-191.88,0
31973,90.91,-188.77,0
31984,90.91,-186.91,0
31995,90.91,-187.89,0
32007,83.33,-189.14,0
32019,83.33,-187.57,0
32030,90.91,-183.40,0
32041,90.91,-180.53,0
32053,83.33,-182.11,0
32064,90.91,-186.77,0
32075,90.91,-191.64,0
32088,76.92,-194.62,0
32099,90.91,-193.04,0
32110,90.91,-189.46,0
32121,90.91,-187.40,0
32133,83.33,-188.77,0
32145,90.91,-189.90,0
32156,83.33,-188.40,0
32167,90.91,-184.05,0
32179,83.33,-179.94,0
32190,90.91,-180.19,0
32201,90.91,-185.13,0
32214,76.92,-191.60,0
32225,90.91,-194.44,0
32236,90.91,-192.45,0
32247,90.91,-189.27,0
32259,83.33,-188.01,0
32270,90.91,-188.89,0
32282,83.33,-189.73,0
32293,90.91,-188.51,0
32305,83.33,-183.91,0
32316,90.91,-179.96,0
32327,90.91,-181.07,0
32338,90.91,-185.55,0
32351,76.92,-191.30,0
32362,90.91,-193.90,0
32373,90.91,-192.91,0
32385,83.33,-190.40,0
32396,90.91,-189.30,0
32407,90.91,-189.46,0
32419,83.33,-189.85,0
32431,83.33,-188.81,0
32442,90.91,-184.11,0
32453,90.91,-180.05,0
32464,90.91,-180.56,0
32477,83.33,-184.90,0
32488,83.33,-190.81,0
32499,90.91,-193.85,0
32510,90.91,-192.48,0
32522,83.33,-189.88,0
32533,90.91,-188.75,0
32545,90.91,-189.39,0
32557,83.33,-190.82,0
32568,90.91,-189.03,0
32579,90.91,-183.91,0
32590,90.91,-179.78,0
32602,83.33,-180.44,0
32614,83.33,-185.20,0
32625,90.91,-190.43,0
32636,90.91,-193.23,0
32648,83.33,-192.15,0
32659,90.91,-190.24,0
32670,90.91,-189.53,0
32683,76.92,-190.05,0
32694,90.91,-190.29,0
32705,90.91,-188.33,0
32716,90.91,-183.91,0
32728,83.33,-179.36,0
32739,90.91,-179.76,0
32751,83.33,-184.43,0
32762,90.91,-189.93,0
32774,83.33,-192.44,0
32785,90.91,-191.62,0
32796,90.91,-189.66,0
32807,90.91,-189.11,0
32820,76.92,-189.88,0
32831,90.91,-190.81,0
32842,90.91,-188.24,0
32854,83.33,-183.93,0
32865,90.91,-180.20,0
32877,90.91,-180.09,0
32888,83.33,-184.52,0
32900,83.33,-189.90,0
32911,90.91,-192.35,0
32922,90.91,-191.81,0
32933,90.91,-189.52,0
32946,76.92,-189.34,0
32957,90.91,-190.46,0
32968,90.91,-191.49,0
32979,90.91,-189.51,0
32991,83.33,-184.32,0
33002,90.91,-179.87,0
33014,83.33,-179.89,0
33026,83.33,-184.69,0
33037,90.91,-190.04,0
33048,90.91,-192.16,0
33059,90.91,-191.33,0
33071,83.33,-189.18,0
33083,83.33,-189.00,0
33094,90.91,-190.45,0
33105,90.91,-191.91,0
33117,83.33,-189.60,0
33128,90.91,-185.06,0
33139,90.91,-180.69,0
33152,76.92,-179.76,0
33163,90.91,-184.55,0
33174,90.91,-189.63,0
33185,90.91,-192.12,0
33197,83.33,-190.28,0
33208,90.91,-188.56,0
33220,83.33,-188.50,0
33231,90.91,-191.11,0
33243,83.33,-192.50,0
33254,90.91,-190.43,0
33265,90.91,-185.35,0
33277,90.91,-180.65,0
33289,76.92,-180.93,0
33300,90.91,-184.60,0
33311,90.91,-188.99,0
33323,83.33,-191.12,0
33334,90.91,-190.52,0
33346,83.33,-189.22,0
33357,90.91,-189.33,0
33369,83.33,-191.00,0
33380,90.91,-192.99,0
33391,90.91,-191.06,0
33402,90.91,-185.78,0
33415,76.92,-180.42,0
33426,90.91,-180.22,0
33437,90.91,-184.46,0
33448,90.91,-189.20,0
33460,83.33,-191.37,0
33471,90.91,-191.43,0
33483,83.33,-189.09,0
33495,83.33,-188.64,0
33506,90.91,-190.28,0
33517,90.91,-191.56,0
33528,90.91,-190.15,0
33540,83.33,-184.98,0
33552,83.33,-180.69,0
33563,90.91,-180.67,0
33574,90.91,-184.72,0
33586,83.33,-189.19,0
33597,90.91,-191.21,0
33609,90.91,-190.38,0
33620,83.33,-189.05,0
33632,83.33,-188.61,0
33643,90.91,-189.80,0
33654,90.91,-191.83,0
33666,83.33,-190.62,0
33678,90.91,-185.45,0
33689,83.33,-180.67,0
33700,90.91,-180.15,0
33712,83.33,-184.63,0
33723,90.91,-189.24,0
33734,90.91,-191.28,0
33746,83.33,-190.34,0
33758,83.33,-188.48,0
33769,90.91,-188.90,0
33780,90.91,-190.40,0
33792,83.33,-192.02,0
33803,90.91,-190.13,0
33815,83.33,-185.55,0
33826,90.91,-180.60,0
33838,83.33,-180.62,0
33849,90.91,-184.19,0
33860,90.91,-189.29,0
33871,90.91,-191.27,0
33884,76.92,-190.47,0
33895,90.91,-188.69,0
33906,90.91,-188.52,0
33917,90.91,-190.17,0
33929,83.33,-191.43,0
33940,90.91,-190.06,0
33952,83.33,-185.33,0
33964,83.33,-180.87,0
33975,90.91,-180.53,0
33986,90.91,-184.54,0
33997,90.91,-189.36,0
34010,83.33,-191.07,0
34021,83.33,-189.96,0
34032,90.91,-187.94,0
34043,90.91,-188.00,0
34055,83.33,-190.74,0
34066,90.91,-192.85,0
34078,83.33,-191.42,0
34089,90.91,-186.39,0
34101,83.33,-181.81,0
34112,90.91,-180.88,0
34123,90.91,-184.88,0
34135,83.33,-189.45,0
34147,83.33,-190.91,0
34158,90.91,-189.95,0
34169,90.91,-187.89,0
34181,83.33,-187.36,0
34192,90.91,-189.64,0
34203,90.91,-190.88,0
34215,83.33,-190.27,0
34227,83.33,-186.71,0
34238,90.91,-182.19,0
34249,90.91,-182.08,0
34260,90.91,-185.85,0
34272,83.33,-189.02,0
34284,83.33,-191.26,0
34295,90.91,-190.06,0
34307,83.33,-187.55,0
34318,90.91,-186.94,0
34329,90.91,-189.19,0
34341,90.91,-191.06,0
34353,76.92,-190.11,0
34364,90.91,-186.82,0
34375,90.91,-182.65,0
34386,90.91,-182.68,0
34398,83.33,-186.33,0
34410,90.91,-190.52,0
34421,83.33,-192.38,0
34433,83.33,-190.27,0
34444,90.91,-187.34,0
34455,90.91,-186.86,0
34466,90.91,-189.45,0
34479,76.92,-191.14,0
34490,90.91,-190.69,0
34501,90.91,-186.21,0
34512,90.91,-182.77,0
34524,83.33,-183.06,0
34535,90.91,-186.73,0
34547,83.33,-191.09,0
34558,90.91,-192.07,0
34570,83.33,-190.56,0
34581,90.91,-187.66,0
34592,90.91,-186.66,0
34604,83.33,-188.56,0
34616,83.33,-190.13,0
34627,90.91,-189.02,0
34638,90.91,-184.95,0
34650,83.33,-181.97,0
34661,90.91,-182.21,0
34672,90.91,-186.38,0
34684,83.33,-191.10,0
34696,83.33,-192.32,0
34707,90.91,-190.42,0
34718,90.91,-188.04,0
34729,90.91,-187.41,0
34742,83.33,-188.62,0
34753,83.33,-190.16,0
34764,90.91,-189.30,0
34776,83.33,-185.84,0
34787,90.91,-182.51,0
34798,90.91,-182.33,0
34810,83.33,-186.31,0
34822,83.33,-190.84,0
34833,90.91,-192.99,0
34844,90.91,-191.28,0
34855,90.91,-187.99,0
34867,83.33,-187.24,0
34879,83.33,-188.31,0
34890,90.91,-189.92,0
34902,83.33,-189.03,0
34913,90.91,-185.00,0
34924,90.91,-181.56,0
34935,90.91,-181.79,0
34948,76.92,-186.23,0
34959,90.91,-190.90,0
34970,90.91,-192.62,0
34981,90.91,-190.48,0
34993,83.33,-188.34,0
35004,90.91,-187.03,0
35016,83.33,-188.33,0
35027,90.91,-190.17,0
35039,83.33,-188.55,0
35050,90.91,-185.02,0
35061,90.91,-181.81,0
35074,83.33,-181.84,0
35085,83.33,-186.13,0
35096,90.91,-191.37,0
35107,90.91,-193.14,0
35119,83.33,-191.08,0
35130,90.91,-187.82,0
35142,83.33,-186.65,0
35153,90.91,-188.17,0
35165,83.33,-189.54,0
35176,90.91,-187.99,0
35187,90.91,-184.41,0
35198,90.91,-181.29,0
35211,76.92,-181.74,0
35222,90.91,-185.95,0
35233,90.91,-191.08,0
35245,83.33,-192.95,0
35256,90.91,-191.42,0
35267,90.91,-189.23,0
35279,83.33,-187.67,0
35291,83.33,-188.40,0
35302,90.91,-189.07,0
35313,90.91,-187.77,0
35324,90.91,-183.66,0
35336,83.33,-180.35,0
35348,83.33,-180.57,0
35359,90.91,-186.00,0
35371,83.33,-191.23,0
35382,90.91,-192.70,0
35393,90.91,-191.46,0
35404,90.91,-189.75,0
35417,76.92,-188.06,0
35428,90.91,-188.45,0
35439,90.91,-190.07,0
35450,90.91,-188.40,0
35462,83.33,-184.32,0
35474,90.91,-180.67,0
35485,83.33,-181.25,0
35496,90.91,-185.87,0
35508,83.33,-191.55,0
35519,90.91,-193.59,0
35530,90.91,-191.77,0
35543,76.92,-189.71,0
35554,90.91,-188.96,0
35565,90.91,-190.18,0
35576,90.91,-190.60,0
35588,83.33,-188.70,0
35599,90.91,-184.57,0
35611,83.33,-180.33,0
35622,90.91,-180.25,0
35634,83.33,-184.82,0
35645,90.91,-190.23,0
35656,90.91,-192.91,0
35667,90.91,-192.22,0
35680,76.92,-189.58,0
35691,90.91,-188.05,0
35702,90.91,-189.61,0
35714,83.33,-190.83,0
35725,90.91,-189.33,0
35736,90.91,-184.14,0
35748,83.33,-180.43,0
35760,83.33,-180.45,0
35771,90.91,-184.83,0
35782,90.91,-190.61,0
35793,90.91,-193.00,0
35805,83.33,-192.03,0
35817,83.33,-189.56,0
35828,90.91,-188.84,0
35840,83.33,-190.07,0
35851,90.91,-190.68,0
35862,90.91,-188.53,0
35874,90.91,-184.15,0
35886,76.92,-179.96,0
35897,90.91,-180.03,0
35908,90.91,-184.40,0
35919,90.91,-189.41,0
35931,83.33,-191.91,0
35943,83.33,-191.39,0
35954,90.91,-189.43,0
35965,90.91,-189.60,0
35977,83.33,-190.75,0
35988,90.91,-191.05,0
35999,90.91,-189.18,0
36012,76.92,-184.29,0
36023,90.91,-180.22,0
36034,90.91,-179.77,0
36045,90.91,-183.79,0
36057,83.33,-189.43,0
36068,90.91,-192.64,0
36080,83.33,-192.22,0
36091,90.91,-189.58,0
36103,83.33,-189.04,0
36114,90.91,-190.69,0
36125,90.91,-192.27,0
36136,90.91,-189.72,0
36149,76.92,-183.89,0
36160,90.91,-179.66,0
36171,90.91,-178.72,0
36183,83.33,-183.36,0
36194,90.91,-189.02,0
36206,90.91,-191.96,0
36217,83.33,-190.78,0
36229,83.33,-189.83,0
36240,90.91,-189.58,0
36251,90.91,-190.72,0
36262,90.91,-192.18,0
36275,76.92,-189.52,0
36286,90.91,-184.08,0
36297,90.91,-179.90,0
36308,90.91,-180.40,0
36320,83.33,-184.67,0
36331,90.91,-190.01,0
36343,83.33,-192.45,0
36355,83.33,-190.93,0
36366,90.91,-188.75,0
36377,90.91,-188.53,0
36388,90.91,-190.28,0
36400,83.33,-191.46,0
36412,83.33,-189.79,0
36423,90.91,-184.89,0
36434,90.91,-180.38,0
36446,83.33,-180.39,0
36457,90.91,-184.71,0
36468,90.91,-190.57,0
36481,76.92,-192.83,0
36492,90.91,-191.11,0
36503,90.91,-188.60,0
36514,90.91,-188.18,0
36526,83.33,-190.08,0
36538,90.91,-191.47,0
36549,83.33,-190.30,0
36560,90.91,-185.27,0
36572,83.33,-180.98,0
36583,90.91,-180.66,0
36594,90.91,-184.50,0
36606,90.91,-190.23,0
36618,76.92,-192.11,0
36629,90.91,-191.07,0
36640,90.91,-189.41,0
36652,83.33,-188.88,0
36663,90.91,-191.10,0
36675,83.33,-192.23,0
36686,90.91,-190.69,0
36698,83.33,-185.67,0
36709,90.91,-181.31,0
36720,90.91,-180.60,0
36731,90.91,-184.36,0
36744,76.92,-189.72,0
36755,90.91,-191.45,0
36766,90.91,-190.00,0
36777,90.91,-187.72,0
36789,83.33,-188.66,0
36800,90.91,-190.70,0
36812,83.33,-191.37,0
36824,83.33,-190.23,0
36835,90.91,-185.53,0
36846,90.91,-181.52,0
36857,90.91,-180.98,0
36869,83.33,-184.55,0
36881,83.33,-189.13,0
36892,90.91,-191.34,0
36903,90.91,-190.58,0
36915,83.33,-188.38,0
36926,90.91,-188.10,0
36938,90.91,-189.41,0
36950,76.92,-191.08,0
36961,90.91,-189.64,0
36972,90.91,-185.41,0
36983,90.91,-181.08,0
36995,83.33,-180.63,0
37007,83.33,-184.79,0
37018,90.91,-188.87,0
37029,90.91,-190.81,0
37041,83.33,-189.92,0
37052,90.91,-188.41,0
37063,90.91,-188.15,0
37075,83.33,-189.92,0
37087,83.33,-191.05,0
37098,90.91,-189.83,0
37109,90.91,-184.83,0
37121,83.33,-180.59,0
37132,90.91,-181.47,0
37144,83.33,-184.94,0
37155,90.91,-189.68,0
37167,83.33,-191.57,0
37178,90.91,-189.85,0
37189,90.91,-187.53,0
37200,90.91,-187.66,0
37213,76.92,-189.58,0
37224,90.91,-191.72,0
37235,90.91,-190.27,0
37246,90.91,-185.71,0
37258,83.33,-181.56,0
37269,90.91,-181.63,0
37281,83.33,-185.55,0
37293,83.33,-190.06,0
37304,90.91,-191.77,0
37315,90.91,-190.24,0
37326,90.91,-188.16,0
37339,83.33,-188.08,0
37350,83.33,-189.67,0
37361,90.91,-190.91,0
37372,90.91,-189.85,0
37384,83.33,-185.35,0
37395,90.91,-181.45,0
37407,83.33,-181.92,0
37419,83.33,-185.49,0
37430,90.91,-190.13,0
37441,90.91,-191.77,0
37452,90.91,-189.99,0
37464,83.33,-188.25,0
37476,83.33,-187.71,0
37487,90.91,-189.72,0
37498,90.91,-191.77,0
37510,83.33,-189.99,0
37521,90.91,-185.22,0
37532,90.91,-181.33,0
37544,83.33,-181.46,0
37556,83.33,-186.07,0
37567,90.91,-190.63,0
37578,90.91,-191.48,0
37590,83.33,-189.87,0
37601,90.91,-187.30,0
37613,83.33,-186.57,0
37624,90.91,-188.80,0
37636,83.33,-190.81,0
37647,90.91,-190.35,0
37658,90.91,-186.02,0
37670,90.91,-181.49,0
37682,76.92,-181.92,0
37693,90.91,-185.80,0
37704,90.91,-190.63,0
37715,90.91,-192.18,0
37727,83.33,-190.95,0
37739,83.33,-188.80,0
37750,90.91,-188.65,0
37762,83.33,-190.28,0
37773,90.91,-191.06,0
37784,90.91,-188.79,0
37795,90.91,-184.64,0
37808,76.92,-181.10,0
37819,90.91,-181.24,0
37830,90.91,-185.59,0
37841,90.91,-191.08,0
37853,83.33,-192.81,0
37864,90.91,-191.66,0
37876,83.33,-189.08,0
37888,83.33,-188.18,0
37899,90.91,-189.12,0
37910,90.91,-190.52,0
37921,90.91,-188.91,0
37933,83.33,-184.50,0
37945,83.33,-180.71,0
37956,90.91,-181.00,0
37967,90.91,-185.39,0
37979,83.33,-190.43,0
37990,90.91,-192.64,0
38002,90.91,-191.52,0
38013,83.33,-188.74,0
38025,83.33,-188.41,0
38036,90.91,-189.87,0
38047,90.91,-191.31,0
38059,83.33,-189.15,0
38071,90.91,-185.06,0
38082,83.33,-181.60,0
38093,90.91,-181.28,0
38105,83.33,-185.53,0
38116,90.91,-190.11,0
38127,90.91,-193.12,0
38139,83.33,-191.49,0
38151,83.33,-189.00,0
38162,90.91,-188.33,0
38173,90.91,-189.82,0
38184,90.91,-191.47,0
38196,83.33,-189.90,0
38208,83.33,-184.54,0
38219,90.91,-180.42,0
38231,83.33,-180.59,0
38242,90.91,-185.19,0
38253,90.91,-190.11,0
38264,90.91,-192.89,0
38277,76.92,-191.72,0
38288,90.91,-189.56,0
38299,90.91,-188.64,0
38310,90.91,-190.05,0
38322,83.33,-191.37,0
38334,90.91,-189.23,0
38345,83.33,-184.85,0
38356,90.91,-180.95,0
38368,83.33,-181.35,0
38379,90.91,-186.12,0
38390,90.91,-190.77,0
38403,83.33,-192.10,0
38414,83.33,-191.07,0
38425,90.91,-189.14,0
38436,90.91,-188.34,0
38448,83.33,-190.03,0
38459,90.91,-191.41,0
38471,83.33,-189.11,0
38482,90.91,-185.07,0
38494,83.33,-180.94,0
38505,90.91,-181.63,0
38516,90.91,-185.34,0
38528,83.33,-189.96,0
38540,83.33,-191.90,0
38551,90.91,-190.30,0
38562,90.91,-188.45,0
38574,83.33,-188.00,0
38585,90.91,-190.51,0
38596,90.91,-191.69,0
38608,83.33,-189.68,0
38620,83.33,-184.59,0
38631,90.91,-180.52,0
38642,90.91,-180.70,0
38653,90.91,-184.76,0
38665,83.33,-190.51,0
38677,83.33,-192.24,0
38688,90.91,-191.25,0
38700,83.33,-188.83,0
38711,90.91,-188.38,0
38722,90.91,-190.42,0
38734,90.91,-191.69,0
38746,76.92,-189.84,0
38757,90.91,-184.82,0
38768,90.91,-181.06,0
38779,90.91,-180.48,0
38791,83.33,-184.82,0
38803,83.33,-190.75,0
38814,90.91,-192.37,0
38825,90.91,-190.58,0
38837,83.33,-188.51,0
38848,90.91,-188.75,0
38859,90.91,-190.76,0
38872,76.92,-191.78,0
38883,90.91,-189.98,0
38894,90.91,-184.91,0
38905,90.91,-180.92,0
38917,83.33,-180.86,0
38928,90.91,-184.97,0
38940,83.33,-189.78,0
38951,90.91,-191.75,0
38963,83.33,-190.49,0
38974,90.91,-188.15,0
38985,90.91,-188.73,0
38996,90.91,-190.42,0
39009,76.92,-191.89,0
39020,90.91,-189.49,0
39031,90.91,-184.49,0
39043,83.33,-180.84,0
39054,90.91,-181.53,0
39066,90.91,-185.23,0
39077,83.33,-190.19,0
39089,83.33,-191.94,0
39100,90.91,-191.22,0
39111,90.91,-188.61,0
39122,90.91,-188.93,0
39135,76.92,-190.14,0
39146,90.91,-191.64,0
39157,90.91,-190.20,0
39169,83.33,-184.95,0
39180,90.91,-180.94,0
39191,90.91,-181.89,0
39203,83.33,-186.06,0
39215,83.33,-190.57,0
39226,90.91,-192.25,0
39237,90.91,-190.01,0
39248,90.91,-187.90,0
39260,83.33,-188.60,0
39272,83.33,-190.51,0
39283,90.91,-191.11,0
39294,90.91,-189.34,0
39306,83.33,-185.20,0
39317,90.91,-181.43,0
39328,90.91,-181.80,0
39341,76.92,-185.27,0
39352,90.91,-190.05,0
39363,90.91,-191.10,0
39374,90.91,-189.67,0
39386,83.33,-187.99,0
39398,90.91,-188.04,0
39409,83.33,-190.00,0
39420,90.91,-190.99,0
39432,83.33,-189.21,0
39443,90.91,-184.71,0
39454,90.91,-180.99,0
39467,76.92,-181.42,0
39478,90.91,-185.65,0
39489,90.91,-189.98,0
39500,90.91,-191.48,0
39512,83.33,-190.02,0
39523,90.91,-188.47,0
39535,83.33,-187.49,0
39546,90.91,-189.72,0
39558,83.33,-190.46,0
39569,90.91,-188.81,0
39580,90.91,-184.79,0
39591,90.91,-181.40,0
39604,76.92,-181.87,0
39615,90.91,-185.73,0
39626,90.91,-190.40,0
39638,83.33,-191.46,0
39649,90.91,-190.20,0
39660,90.91,-188.00,0
39672,83.33,-187.66,0
39684,83.33,-189.66,0
39695,90.91,-191.04,0
39706,90.91,-189.10,0
39717,90.91,-184.99,0
39730,83.33,-181.58,0
39741,83.33,-182.39,0
39752,90.91,-186.40,0
39763,90.91,-191.05,0
39775,83.33,-192.63,0
39786,90.91,-190.66,0
39798,83.33,-188.06,0
39810,83.33,-188.09,0
39821,90.91,-189.60,0
39832,90.91,-190.71,0
39843,90.91,-189.63,0
39855,83.33,-184.82,0
39867,83.33,-181.79,0
39878,90.91,-181.66,0
39889,90.91,-186.38,0
39901,83.33,-190.96,0
39912,90.91,-192.76,0
39923,90.91,-190.55,0
39936,76.92,-188.16,0
39947,90.91,-188.28,0
39958,90.91,-189.49,0
39969,90.91,-191.03,0
39981,83.33,-189.13,0
39992,90.91,-184.82,0
40004,83.33,-181.76,0
40015,90.91,-182.35,0
40027,83.33,-186.75,0
40038,90.91,-191.29,0
40049,90.91,-192.67,0
40061,90.91,-190.77,0
40073,76.92,-188.84,0
40084,90.91,-188.18,0
40095,90.91,-190.05,0
40107,83.33,-191.11,0
40118,90.91,-188.99,0
40130,83.33,-184.78,0
40141,90.91,-181.06,0
40153,83.33,-181.87,0
40164,90.91,-186.22,0
40175,90.91,-191.36,0
40186,90.91,-192.99,0
40199,76.92,-190.60,0
40210,90.91,-188.48,0
40221,90.91,-188.11,0
40232,90.91,-190.29,0
40244,83.33,-191.02,0
40255,90.91,-188.99,0
40267,83.33,-184.37,0
40279,83.33,-181.02,0
40290,90.91,-182.15,0
40301,90.91,-186.69,0
40312,90.91,-191.51,0
40324,83.33,-192.83,0
40336,83.33,-191.11,0
40347,90.91,-189.02,0
40358,90.91,-188.53,0
40370,83.33,-190.04,0
40381,90.91,-191.08,0
40393,90.91,-189.22,0
40404,83.33,-183.91,0
40416,83.33,-180.08,0
40427,90.91,-180.92,0
40438,90.91,-186.12,0
40450,83.33,-191.10,0
40462,83.33,-192.13,0
40473,90.91,-190.59,0
40484,90.91,-188.13,0
40496,83.33,-188.12,0
40507,90.91,-189.81,0
40518,90.91,-191.27,0
40530,83.33,-189.13,0
40542,83.33,-183.58,0
40553,90.91,-180.58,0
40564,90.91,-181.73,0
40576,83.33,-186.77,0
40587,90.91,-191.57,0
40599,83.33,-193.12,0
40610,90.91,-191.02,0
40622,83.33,-188.86,0
40633,90.91,-188.61,0
40644,90.91,-189.31,0
40655,90.91,-190.51,0
40668,76.92,-188.16,0
40679,90.91,-183.28,0
40690,90.91,-180.21,0
40701,90.91,-181.70,0
40713,83.33,-186.71,0
40725,90.91,-191.41,0
40736,83.33,-193.24,0
40748,83.33,-190.62,0
40759,90.91,-188.45,0
40770,90.91,-188.14,0
40781,90.91,-190.04,0
40794,76.92,-190.47,0
40805,90.91,-188.19,0
40816,90.91,-183.54,0
40827,90.91,-180.49,0
40839,83.33,-181.59,0
40850,90.91,-186.64,0
40862,83.33,-190.50,0
40873,90.91,-192.13,0
40885,83.33,-190.35,0
40896,90.91,-188.55,0
40907,90.91,-188.23,0
40919,83.33,-190.14,0
40931,83.33,-190.83,0
40942,90.91,-188.61,0
40953,90.91,-183.91,0
40965,83.33,-180.82,0
40976,90.91,-181.93,0
40987,90.91,-186.63,0
40999,83.33,-191.30,0
41011,83.33,-192.32,0
41022,90.91,-190.12,0
41033,90.91,-187.72,0
41044,90.91,-187.53,0
41057,83.33,-189.26,0
41068,83.33,-190.80,0
41079,90.91,-188.65,0
41091,83.33,-183.73,0
41102,90.91,-180.65,0
41113,90.91,-181.64,0
41125,83.33,-186.60,0
41137,83.33,-191.15,0
41148,90.91,-191.91,0
41159,90.91,-190.12,0
41170,90.91,-188.02,0
41182,83.33,-188.19,0
41194,83.33,-190.25,0
41205,90.91,-191.95,0
41217,83.33,-189.46,0
41228,90.91,-184.09,0
41239,90.91,-180.60,0
41250,90.91,-181.34,0
41263,76.92,-186.60,0
41274,90.91,-191.55,0
41285,90.91,-192.96,0
41296,90.91,-190.98,0
41308,83.33,-188.98,0
41319,90.91,-188.82,0
41331,83.33,-189.87,0
41342,90.91,-190.64,0
41354,83.33,-188.29,0
41365,90.91,-184.27,0
41376,90.91,-181.00,0
41389,83.33,-181.58,0
41400,83.33,-186.32,0
41411,90.91,-190.93,0
41422,90.91,-192.68,0
41434,83.33,-190.75,0
41445,90.91,-188.45,0
41457,83.33,-188.43,0
41468,90.91,-189.60,0
41480,83.33,-191.08,0
41491,90.91,-188.42,0
41502,90.91,-183.24,0
41513,90.91,-180.44,0
41526,76.92,-182.31,0
41537,90.91,-187.26,0
41548,90.91,-191.80,0
41560,83.33,-192.45,0
41571,90.91,-190.18,0
41582,90.91,-188.18,0
41594,83.33,-188.20,0
41606,83.33,-189.32,0
41617,90.91,-190.13,0
41628,90.91,-188.73,0
41639,90.91,-184.65,0
41651,83.33,-181.42,0
41663,83.33,-181.52,0
41674,90.91,-186.20,0
41686,83.33,-190.58,0
41697,90.91,-191.67,0
41708,90.91,-190.25,0
41720,90.91,-187.95,0
41732,76.92,-188.11,0
41743,90.91,-189.59,0
4175