66,15.15,-183.25,0
77,90.91,-182.62,0
89,83.33,-182.77,0
100,90.91,-182.42,0
111,90.91,-182.94,0
123,90.91,-184.17,0
135,76.92,-184.12,0
146,90.91,-183.13,0
157,90.91,-181.73,0
168,90.91,-181.86,0
180,83.33,-181.40,0
192,90.91,-182.81,0
203,83.33,-184.41,0
215,83.33,-185.56,0
226,90.91,-185.27,0
237,90.91,-183.41,0
248,90.91,-181.91,0
260,83.33,-180.78,0
272,83.33,-182.01,0
283,90.91,-183.77,0
294,90.91,-184.65,0
306,83.33,-185.39,0
317,90.91,-184.62,0
328,90.91,-183.29,0
340,83.33,-181.96,0
352,83.33,-182.35,0
363,90.91,-182.72,0
374,90.91,-183.66,0
386,83.33,-184.72,0
397,90.91,-184.08,0
409,83.33,-182.76,0
420,90.91,-182.34,0
432,83.33,-182.26,0
443,90.91,-182.90,0
454,90.91,-184.08,0
465,90.91,-184.69,0
478,76.92,-184.64,0
489,90.91,-183.67,0
500,90.91,-182.12,0
512,83.33,-181.22,0
523,90.91,-181.77,0
534,90.91,-182.91,0
546,83.33,-183.78,0
558,83.33,-184.32,0
569,90.91,-184.32,0
580,90.91,-183.41,0
591,90.91,-182.58,0
603,83.33,-181.33,0
615,83.33,-182.31,0
626,90.91,-183.58,0
637,90.91,-183.60,0
649,83.33,-183.56,0
660,90.91,-183.06,0
671,90.91,-181.64,0
684,83.33,-181.66,0
695,90.91,-181.67,0
706,90.91,-183.37,0
717,90.91,-184.19,0
729,83.33,-184.68,0
740,90.91,-184.28,0
752,90.91,-183.30,0
763,83.33,-181.71,0
775,83.33,-181.11,0
786,90.91,-181.58,0
797,90.91,-182.61,0
808,90.91,-183.82,0
821,83.33,-184.35,0
832,83.33,-183.86,0
843,90.91,-182.54,0
855,83.33,-182.27,0
866,90.91,-182.21,0
877,90.91,-183.41,0
888,90.91,-183.55,0
901,76.92,-184.19,0
912,90.91,-183.44,0
923,90.91,-182.63,0
934,90.91,-181.85,0
946,83.33,-181.55,0
957,90.91,-182.49,0
969,83.33,-184.03,0
980,90.91,-184.71,0
992,83.33,-184.82,0
1003,90.91,-183.63,0
1014,90.91,-181.81,0
1026,83.33,-181.46,0
1038,83.33,-181.96,0
1049,90.91,-183.17,0
1060,90.91,-184.39,0
1072,83.33,-184.51,0
1083,90.91,-184.28,0
1094,90.91,-183.69,0
1106,83.33,-182.45,0
1118,83.33,-181.98,0
1129,90.91,-182.56,0
1140,90.91,-183.90,0
1152,83.33,-184.46,0
1163,90.91,-184.20,0
1175,83.33,-183.48,0
1186,90.91,-182.12,0
1198,83.33,-182.20,0
1209,90.91,-182.82,0
1220,90.91,-183.50,0
1231,90.91,-184.69,0
1244,76.92,-185.01,0
1255,90.91,-184.16,0
1266,90.91,-182.31,0
1277,90.91,-181.76,0
1289,83.33,-182.30,0
1300,90.91,-182.61,0
1312,90.91,-183.26,0
1324,76.92,-184.10,0
1335,90.91,-184.47,0
1346,90.91,-184.45,0
1357,90.91,-182.86,0
1369,83.33,-182.76,0
1381,90.91,-182.35,0
1392,83.33,-182.76,0
1403,90.91,-183.66,0
1415,83.33,-184.02,0
1426,90.91,-183.25,0
1437,90.91,-182.77,0
1448,90.91,-182.36,0
1461,76.92,-181.99,0
1472,90.91,-182.88,0
1483,90.91,-184.69,0
1495,83.33,-185.59,0
1506,90.91,-185.35,0
1517,90.91,-184.20,0
1529,83.33,-182.03,0
1541,83.33,-181.15,0
1552,90.91,-181.15,0
1563,90.91,-182.45,0
1574,90.91,-184.00,0
1586,83.33,-184.95,0
1598,83.33,-184.49,0
1609,90.91,-183.42,0
1620,90.91,-182.94,0
1632,83.33,-182.60,0
1643,90.91,-182.52,0
1654,90.91,-183.43,0
1667,76.92,-184.39,0
1678,90.91,-184.21,0
1689,90.91,-183.11,0
1700,90.91,-181.99,0
1712,83.33,-182.18,0
1723,90.91,-182.98,0
1735,83.33,-183.30,0
1746,90.91,-184.46,0
1758,83.33,-184.98,0
1769,90.91,-183.79,0
1780,90.91,-182.59,0
1792,83.33,-182.00,0
1804,83.33,-182.02,0
1815,90.91,-182.72,0
1826,90.91,-183.58,0
1838,83.33,-184.31,0
1849,90.91,-183.93,0
1860,90.91,-183.87,0
1872,90.91,-182.77,0
1884,76.92,-181.85,0
1895,90.91,-182.12,0
1906,90.91,-182.76,0
1917,90.91,-184.14,0
1929,83.33,-184.18,0
1941,90.91,-183.55,0
1952,83.33,-182.33,0
1964,83.33,-181.96,0
1975,90.91,-181.69,0
1986,90.91,-182.48,0
1997,90.91,-183.57,0
2009,83.33,-184.91,0
2021,83.33,-184.50,0
2032,90.91,-183.15,0
2043,90.91,-181.89,0
2055,83.33,-181.35,0
2066,90.91,-181.64,0
2077,90.91,-182.10,0
2089,83.33,-183.49,0
2101,83.33,-184.83,0
2112,90.91,-184.26,0
2123,90.91,-183.32,0
2135,83.33,-182.66,0
2146,90.91,-182.24,0
2158,83.33,-182.59,0
2169,90.91,-183.62,0
2181,83.33,-184.68,0
2192,90.91,-183.72,0
2203,90.91,-183.50,0
2214,90.91,-182.29,0
2227,76.92,-181.53,0
2238,90.91,-181.49,0
2249,90.91,-182.82,0
2260,90.91,-184.57,0
2272,83.33,-185.16,0
2283,90.91,-184.13,0
2295,83.33,-182.52,0
2307,83.33,-181.20,0
2318,90.91,-181.17,0
2329,90.91,-182.49,0
2340,90.91,-184.18,0
2352,83.33,-184.50,0
2364,83.33,-184.19,0
2375,90.91,-183.63,0
2386,90.91,-182.48,0
2398,83.33,-181.86,0
2409,90.91,-181.91,0
2420,90.91,-183.30,0
2433,83.33,-183.76,0
2444,83.33,-184.27,0
2455,90.91,-183.79,0
2466,90.91,-182.90,0
2478,83.33,-182.19,0
2489,90.91,-182.15,0
2500,90.91,-182.41,0
2512,83.33,-184.31,0
2524,83.33,-184.99,0
2535,90.91,-184.50,0
2546,90.91,-183.53,0
2557,90.91,-181.68,0
2569,83.33,-181.78,0
2581,83.33,-181.99,0
2592,90.91,-182.72,0
2604,83.33,-184.50,0
2615,90.91,-185.45,0
2626,90.91,-184.77,0
2637,90.91,-183.08,0
2650,76.92,-182.13,0
2661,90.91,-181.95,0
2672,90.91,-182.08,0
2683,90.91,-183.07,0
2695,83.33,-183.52,0
2706,90.91,-183.53,0
2718,83.33,-183.15,0
2729,90.91,-182.51,0
2741,83.33,-182.38,0
2752,90.91,-183.05,0
2763,90.91,-183.88,0
2775,83.33,-184.80,0
2787,83.33,-185.07,0
2798,90.91,-183.83,0
2809,90.91,-182.09,0
2821,83.33,-181.11,0
2832,90.91,-181.41,0
2843,90.91,-182.67,0
2855,83.33,-183.66,0
2867,83.33,-184.72,0
2878,90.91,-184.69,0
2889,90.91,-184.25,0
2900,90.91,-183.23,0
2912,83.33,-182.89,0
2924,83.33,-182.32,0
2935,90.91,-183.08,0
2947,83.33,-184.03,0
2958,90.91,-184.48,0
2969,90.91,-183.70,0
2980,90.91,-182.46,0
2993,83.33,-182.02,0
3004,83.33,-181.98,0
3015,90.91,-182.85,0
3026,90.91,-184.68,0
3038,83.33,-185.39,0
3049,90.91,-184.90,0
3061,90.91,-183.23,0
3073,76.92,-181.87,0
3084,90.91,-181.60,0
3095,90.91,-181.84,0
3106,90.91,-183.63,0
3118,83.33,-184.57,0
3129,90.91,-184.90,0
3141,83.33,-184.42,0
3152,90.91,-182.91,0
3164,83.33,-181.96,0
3175,90.91,-181.81,0
3186,90.91,-181.89,0
3197,90.91,-182.99,0
3210,76.92,-183.69,0
3221,90.91,-183.62,0
3232,90.91,-183.11,0
3244,83.33,-182.12,0
3255,90.91,-181.78,0
3266,90.91,-182.08,0
3278,83.33,-183.30,0
3290,83.33,-184.09,0
3301,90.91,-184.49,0
3312,90.91,-183.79,0
3323,90.91,-182.67,0
3335,83.33,-182.22,0
3347,83.33,-181.40,0
3358,90.91,-182.59,0
3369,90.91,-183.69,0
3381,83.33,-184.73,0
3392,90.91,-185.19,0
3403,90.91,-183.56,0
3416,76.92,-182.09,0
3427,90.91,-182.12,0
3438,90.91,-182.28,0
3449,90.91,-182.81,0
3461,83.33,-183.96,0
3472,90.91,-184.31,0
3484,83.33,-183.63,0
3495,90.91,-182.76,0
3507,83.33,-181.99,0
3518,90.91,-181.68,0
3529,90.91,-182.56,0
3540,90.91,-183.98,0
3553,76.92,-184.57,0
3564,90.91,-184.03,0
3575,90.91,-183.78,0
3587,83.33,-182.63,0
3598,90.91,-182.17,0
3609,90.91,-182.10,0
3621,90.91,-182.88,0
3633,76.92,-183.89,0
3644,90.91,-184.14,0
3655,90.91,-183.36,0
3666,90.91,-182.71,0
3678,83.33,-182.58,0
3690,90.91,-182.33,0
3701,83.33,-182.45,0
3713,83.33,-183.49,0
3724,90.91,-184.31,0
3735,90.91,-184.07,0
3746,90.91,-182.99,0
3758,83.33,-182.02,0
3770,83.33,-181.72,0
3781,90.91,-182.39,0
3792,90.91,-183.63,0
3804,83.33,-184.69,0
3815,90.91,-184.91,0
3826,90.91,-184.33,0
3838,83.33,-182.68,0
3850,83.33,-181.94,0
3861,90.91,-182.29,0
3872,90.91,-182.96,0
3884,83.33,-183.81,0
3895,90.91,-184.86,0
3907,83.33,-184.74,0
3918,90.91,-183.42,0
3930,83.33,-182.37,0
3941,90.91,-182.24,0
3952,90.91,-182.12,0
3963,90.91,-183.12,0
3976,76.92,-183.69,0
3987,90.91,-183.85,0
3998,90.91,-183.13,0
4009,90.91,-182.64,0
4021,83.33,-181.98,0
4032,90.91,-182.12,0
4044,83.33,-182.75,0
4056,83.33,-183.67,0
4067,90.91,-184.27,0
4078,90.91,-184.17,0
4089,90.91,-183.80,0
4101,83.33,-182.47,0
4113,83.33,-182.01,0
4124,90.91,-182.03,0
4135,90.91,-182.91,0
4147,83.33,-184.26,0
4158,90.91,-184.92,0
4169,90.91,-183.68,0
4182,76.92,-182.49,0
4193,90.91,-181.97,0
4204,90.91,-181.86,0
4215,90.91,-182.68,0
4227,83.33,-184.33,0
4238,90.91,-184.77,0
4250,90.91,-184.22,0
4261,90.91,-183.16,0
4273,83.33,-182.19,0
4284,90.91,-182.35,0
4295,90.91,-183.08,0
4306,90.91,-183.40,0
4319,83.33,-184.26,0
4330,83.33,-184.20,0
4341,90.91,-183.04,0
4353,83.33,-182.29,0
4364,90.91,-181.94,0
4375,90.91,-182.72,0
4387,90.91,-183.74,0
4399,76.92,-183.64,0
4410,90.91,-184.89,0
4421,90.91,-184.34,0
4432,90.91,-182.99,0
4444,83.33,-182.46,0
4455,90.91,-181.85,0
4467,83.33,-182.24,0
4478,90.91,-183.14,0
4490,83.33,-184.14,0
4501,90.91,-184.05,0
4512,90.91,-183.54,0
4524,83.33,-182.89,0
4536,83.33,-182.21,0
4547,90.91,-181.73,0
4558,90.91,-182.82,0
4570,83.33,-183.98,0
4581,90.91,-184.80,0
4592,90.91,-184.12,0
4604,83.33,-183.38,0
4616,83.33,-181.90,0
4627,90.91,-181.34,0
4638,90.91,-182.32,0
4649,90.91,-183.15,0
4661,83.33,-184.94,0
4673,83.33,-185.01,0
4684,90.91,-184.05,0
4696,83.33,-183.12,0
4707,90.91,-181.93,0
4718,90.91,-181.50,0
4729,90.91,-182.79,0
4742,76.92,-183.96,0
4753,90.91,-184.46,0
4764,90.91,-183.75,0
4775,90.91,-182.66,0
4787,83.33,-182.12,0
4798,90.91,-182.30,0
4810,83.33,-182.95,0
4822,83.33,-183.70,0
4833,90.91,-185.07,0
4844,90.91,-184.35,0
4855,90.91,-183.47,0
4867,83.33,-182.84,0
4879,83.33,-181.64,0
4890,90.91,-181.11,0
4901,90.91,-182.56,0
4913,83.33,-183.88,0
4924,90.91,-184.67,0
4935,90.91,-184.35,0
4947,83.33,-183.19,0
4959,83.33,-182.31,0
4970,90.91,-182.06,0
4981,90.91,-182.27,0
4993,83.33,-183.19,0
5004,90.91,-184.26,0
5016,90.91,-184.26,0
5027,83.33,-183.26,0
5039,83.33,-182.29,0
5050,90.91,-181.60,0
5061,90.91,-182.23,0
5072,90.91,-183.85,0
5085,83.33,-184.30,0
5096,83.33,-184.43,0
5107,90.91,-183.69,0
5118,90.91,-183.30,0
5130,83.33,-182.33,0
5141,90.91,-182.07,0
5152,90.91,-181.85,0
5165,76.92,-183.37,0
5176,90.91,-184.43,0
5187,90.91,-184.75,0
5198,90.91,-183.53,0
5210,83.33,-182.17,0
5221,90.91,-181.18,0
5233,83.33,-181.77,0
5244,90.91,-183.04,0
5256,83.33,-183.59,0
5267,90.91,-184.48,0
5278,90.91,-184.13,0
5289,90.91,-183.32,0
5302,76.92,-182.30,0
5313,90.91,-181.91,0
5324,90.91,-182.47,0
5336,83.33,-182.66,0
5347,90.91,-183.59,0
5358,90.91,-184.42,0
5370,83.33,-183.88,0
5382,83.33,-182.98,0
5393,90.91,-181.71,0
5404,90.91,-182.45,0
5415,90.91,-183.64,0
5427,83.33,-184.55,0
5439,83.33,-185.38,0
5450,90.91,-184.81,0
5462,83.33,-182.85,0
5473,90.91,-182.12,0
5484,90.91,-181.98,0
5495,90.91,-182.34,0
5508,76.92,-183.20,0
5519,90.91,-184.12,0
5530,90.91,-183.92,0
5541,90.91,-183.45,0
5553,83.33,-181.50,0
5564,90.91,-181.40,0
5576,83.33,-181.85,0
5587,90.91,-182.92,0
5599,83.33,-184.18,0
5610,90.91,-184.95,0
5621,90.91,-184.09,0
5633,83.33,-182.75,0
5645,83.33,-181.59,0
5656,90.91,-181.57,0
5667,90.91,-182.28,0
5679,83.33,-183.34,0
5690,90.91,-184.37,0
5701,90.91,-184.62,0
5713,90.91,-183.46,0
5725,76.92,-182.30,0
5736,90.91,-181.59,0
5747,90.91,-181.75,0
5758,90.91,-183.03,0
5770,83.33,-184.10,0
5782,90.91,-184.65,0
5793,83.33,-184.27,0
5805,83.33,-182.67,0
5816,90.91,-181.76,0
5827,90.91,-181.70,0
5838,90.91,-183.03,0
5851,83.33,-183.98,0
5862,83.33,-185.13,0
5873,90.91,-184.36,0
5884,90.91,-182.95,0
5896,83.33,-182.41,0
5907,90.91,-181.85,0
5918,90.91,-181.23,0
5931,76.92,-182.38,0
5942,90.91,-184.11,0
5953,90.91,-184.43,0
5964,90.91,-184.03,0
5976,83.33,-182.82,0
5987,90.91,-181.74,0
5999,83.33,-181.42,0
6010,90.91,-182.21,0
6022,83.33,-183.47,0
6033,90.91,-184.14,0
6044,90.91,-183.93,0
6055,90.91,-183.14,0
6068,76.92,-182.46,0
6079,90.91,-181.60,0
6090,90.91,-181.87,0
6102,83.33,-183.06,0
6113,90.91,-183.76,0
6124,90.91,-183.87,0
6136,83.33,-183.32,0
6148,83.33,-182.68,0
6159,90.91,-182.13,0
6170,90.91,-181.89,0
6181,90.91,-182.53,0
6193,83.33,-183.85,0
6205,83.33,-185.22,0
6216,90.91,-184.63,0
6227,90.91,-183.74,0
6239,83.33,-182.92,0
6250,90.91,-182.10,0
6261,90.91,-182.90,0
6274,76.92,-183.46,0
6285,90.91,-184.36,0
6296,90.91,-184.79,0
6307,90.91,-183.84,0
6319,83.33,-182.27,0
6330,90.91,-181.74,0
6342,83.33,-181.99,0
6353,90.91,-182.57,0
6365,83.33,-183.61,0
6376,90.91,-184.48,0
6387,90.91,-184.47,0
6398,90.91,-184.07,0
6411,76.92,-182.34,0
6422,90.91,-181.35,0
6433,90.91,-181.91,0
6445,83.33,-182.67,0
6456,90.91,-184.40,0
6467,90.91,-184.75,0
6479,90.91,-184.02,0
6491,83.33,-183.05,0
6502,90.91,-182.59,0
6513,90.91,-182.13,0
6524,90.91,-182.87,0
6536,83.33,-184.06,0
6548,90.91,-184.41,0
6559,83.33,-183.66,0
6571,83.33,-183.11,0
6582,90.91,-181.86,0
6593,90.91,-181.56,0
6604,90.91,-181.93,0
6617,83.33,-183.27,0
6628,83.33,-184.74,0
6639,90.91,-185.05,0
6650,90.91,-183.49,0
6662,83.33,-182.32,0
6673,90.91,-181.21,0
6684,90.91,-181.98,0
6696,83.33,-182.23,0
6708,83.33,-183.25,0
6719,90.91,-184.48,0
6730,90.91,-184.48,0
6742,83.33,-183.32,0
6753,90.91,-182.19,0
6765,83.33,-181.67,0
6776,90.91,-182.16,0
6788,83.33,-182.92,0
6799,90.91,-184.16,0
6810,90.91,-184.27,0
6821,90.91,-183.40,0
6834,76.92,-182.04,0
6845,90.91,-181.52,0
6856,90.91,-181.78,0
6867,90.91,-182.47,0
6879,83.33,-183.91,0
6890,90.91,-184.43,0
6902,83.33,-184.20,0
6914,83.33,-183.55,0
6925,90.91,-182.59,0
6936,90.91,-181.55,0
6947,90.91,-181.94,0
6959,83.33,-183.00,0
6971,83.33,-185.06,0
6982,90.91,-185.04,0
6993,90.91,-184.09,0
7005,83.33,-183.04,0
7016,90.91,-182.10,0
7027,90.91,-181.81,0
7040,76.92,-182.74,0
7051,90.91,-183.22,0
7062,90.91,-184.33,0
7073,90.91,-183.89,0
7085,83.33,-183.33,0
7096,90.91,-182.73,0
7108,83.33,-182.42,0
7119,90.91,-182.15,0
7131,83.33,-183.21,0
7142,90.91,-184.61,0
7153,90.91,-184.66,0
7164,90.91,-183.46,0
7177,76.92,-181.92,0
7188,90.91,-181.42,0
7199,90.91,-181.72,0
7211,83.33,-182.93,0
7222,90.91,-183.98,0
7233,90.91,-184.14,0
7245,90.91,-183.94,0
7257,76.92,-183.14,0
7268,90.91,-181.96,0
7279,90.91,-181.71,0
7290,90.91,-182.36,0
7302,83.33,-183.53,0
7314,90.91,-184.18,0
7325,83.33,-184.49,0
7336,90.91,-183.58,0
7348,83.33,-182.58,0
7359,90.91,-182.50,0
7370,90.91,-181.52,0
7383,83.33,-182.40,0
7394,83.33,-183.69,0
7405,90.91,-184.66,0
7416,90.91,-184.34,0
7428,83.33,-183.43,0
7439,90.91,-182.45,0
7450,90.91,-181.85,0
7462,83.33,-182.08,0
7474,83.33,-183.42,0
7485,90.91,-185.26,0
7496,90.91,-184.82,0
7507,90.91,-184.10,0
7519,83.33,-182.62,0
7531,83.33,-182.01,0
7542,90.91,-181.97,0
7554,83.33,-182.93,0
7565,90.91,-183.62,0
7576,90.91,-184.36,0
7587,90.91,-185.02,0
7600,76.92,-183.91,0
7611,90.91,-182.01,0
7622,90.91,-181.57,0
7633,90.91,-181.94,0
7645,83.33,-183.13,0
7656,90.91,-183.97,0
7668,83.33,-184.10,0
7680,83.33,-183.84,0
7691,90.91,-182.99,0
7702,90.91,-182.14,0
7713,90.91,-181.21,0
7725,83.33,-182.95,0
7737,83.33,-183.94,0
7748,90.91,-184.35,0
7759,90.91,-183.88,0
7771,83.33,-182.51,0
7782,90.91,-181.86,0
7793,90.91,-181.68,0
7805,83.33,-181.37,0
7817,83.33,-182.68,0
7828,90.91,-183.89,0
7839,90.91,-184.71,0
7851,83.33,-183.96,0
7862,90.91,-183.17,0
7874,83.33,-182.16,0
7885,90.91,-181.98,0
7897,83.33,-182.01,0
7908,90.91,-183.14,0
7919,90.91,-183.65,0
7930,90.91,-183.99,0
7943,83.33,-182.46,0
7954,83.33,-182.21,0
7965,90.91,-182.36,0
7976,90.91,-182.28,0
7988,83.33,-183.76,0
7999,90.91,-185.47,0
8011,90.91,-185.49,0
8023,76.92,-183.60,0
8034,90.91,-182.52,0
8045,90.91,-181.85,0
8056,90.91,-181.73,0
8068,83.33,-182.33,0
8079,90.91,-183.87,0
8091,83.33,-185.06,0
8102,90.91,-184.93,0
8114,83.33,-183.95,0
8125,90.91,-182.34,0
8136,90.91,-181.97,0
8147,90.91,-181.88,0
8160,76.92,-182.51,0
8171,90.91,-183.33,0
8182,90.91,-184.10,0
8194,83.33,-183.48,0
8205,90.91,-182.83,0
8216,90.91,-182.25,0
8228,83.33,-182.01,0
8240,83.33,-183.13,0
8251,90.91,-184.42,0
8262,90.91,-184.84,0
8273,90.91,-184.09,0
8285,83.33,-183.12,0
8297,83.33,-181.84,0
8308,90.91,-181.67,0
8320,83.33,-181.43,0
8331,90.91,-182.75,0
8342,90.91,-184.19,0
8353,90.91,-184.46,0
8366,76.92,-184.13,0
8377,90.91,-183.20,0
8388,90.91,-182.04,0
8399,90.91,-181.49,0
8411,83.33,-182.41,0
8422,90.91,-183.61,0
8434,83.33,-184.45,0
8445,90.91,-184.29,0
8457,83.33,-183.00,0
8468,90.91,-181.83,0
8479,90.91,-181.94,0
8491,83.33,-182.38,0
8503,83.33,-183.40,0
8514,90.91,-184.52,0
8525,90.91,-184.64,0
8537,83.33,-183.61,0
8548,90.91,-182.26,0
8559,90.91,-181.55,0
8571,83.33,-181.61,0
8583,83.33,-182.74,0
8594,90.91,-183.97,0
8605,90.91,-185.18,0
8616,90.91,-184.93,0
8628,83.33,-183.39,0
8640,90.91,-182.27,0
8651,83.33,-182.25,0
8663,83.33,-182.53,0
8674,90.91,-183.45,0
8685,90.91,-184.43,0
8696,90.91,-184.31,0
8709,83.33,-183.99,0
8720,83.33,-182.76,0
8731,90.91,-181.88,0
8742,90.91,-181.93,0
8754,83.33,-183.10,0
8765,90.91,-184.37,0
8776,90.91,-184.97,0
8788,83.33,-184.22,0
8800,83.33,-183.48,0
8811,90.91,-181.60,0
8822,90.91,-181.77,0
8834,83.33,-182.03,0
8845,90.91,-183.16,0
8857,83.33,-184.45,0
8868,90.91,-184.90,0
8880,83.33,-183.98,0
8891,90.91,-183.32,0
8902,90.91,-182.33,0
8913,90.91,-182.24,0
8926,76.92,-182.55,0
8937,90.91,-183.15,0
8948,90.91,-184.15,0
8960,83.33,-183.93,0
8971,90.91,-183.30,0
8982,90.91,-182.02,0
8994,83.33,-182.51,0
9006,83.33,-182.94,0
9017,90.91,-183.58,0
9028,90.91,-184.03,0
9039,90.91,-183.87,0
9051,83.33,-183.27,0
9063,83.33,-181.80,0
9074,90.91,-181.77,0
9085,90.91,-181.70,0
9097,83.33,-182.70,0
9108,90.91,-184.28,0
9119,90.91,-184.85,0
9132,76.92,-184.61,0
9143,90.91,-183.58,0
9154,90.91,-182.09,0
9165,90.91,-181.84,0
9177,83.33,-181.86,0
9188,90.91,-182.48,0
9200,83.33,-183.98,0
9211,90.91,-184.29,0
9223,83.33,-183.59,0
9234,90.91,-182.60,0
9245,90.91,-182.05,0
9256,90.91,-181.95,0
9269,83.33,-182.97,0
9280,83.33,-183.72,0
9291,90.91,-184.44,0
9303,83.33,-183.63,0
9314,90.91,-182.64,0
9325,90.91,-181.96,0
9337,90.91,-181.55,0
9349,76.92,-182.49,0
9360,90.91,-183.90,0
9371,90.91,-184.80,0
9382,90.91,-184.95,0
9394,83.33,-184.48,0
9405,90.91,-182.30,0
9417,83.33,-181.74,0
9428,90.91,-181.89,0
9440,83.33,-182.38,0
9451,90.91,-183.67,0
9462,90.91,-184.79,0
9474,83.33,-184.22,0
9486,83.33,-183.57,0
9497,90.91,-183.12,0
9508,90.91,-182.52,0
9520,83.33,-182.98,0
9531,90.91,-183.63,0
9542,90.91,-184.79,0
9554,83.33,-184.70,0
9566,83.33,-183.86,0
9577,90.91,-182.08,0
9588,90.91,-181.69,0
9600,83.33,-181.74,0
9611,90.91,-183.11,0
9623,83.33,-184.33,0
9634,90.91,-184.81,0
9646,83.33,-184.23,0
9657,90.91,-183.36,0
9668,90.91,-182.55,0
9679,90.91,-182.23,0
9692,76.92,-182.53,0
9703,90.91,-183.53,0
9714,90.91,-184.56,0
9725,90.91,-184.82,0
9737,83.33,-183.35,0
9748,90.91,-182.66,0
9760,83.33,-182.39,0
9772,83.33,-182.87,0
9783,90.91,-183.95,0
9794,90.91,-184.50,0
9805,90.91,-184.47,0
9817,83.33,-183.78,0
9829,83.33,-183.10,0
9840,90.91,-181.28,0
9851,90.91,-181.08,0
9863,83.33,-182.06,0
9874,90.91,-183.62,0
9885,90.91,-185.51,0
9897,90.91,-185.40,0
9909,76.92,-183.65,0
9920,90.91,-182.31,0
9931,90.91,-181.41,0
9943,83.33,-181.46,0
9954,90.91,-182.89,0
9966,90.91,-184.34,0
9977,83.33,-185.41,0
9989,83.33,-185.04,0
10000,90.91,-183.87,0
10011,90.91,-182.09,0
10022,90.91,-182.03,0
10035,83.33,-182.74,0
10046,83.33,-184.21,0
10057,90.91,-184.29,0
10068,90.91,-184.25,0
10080,83.33,-183.23,0
10091,90.91,-182.01,0
10102,90.91,-181.75,0
10115,76.92,-182.05,0
10126,90.91,-183.55,0
10137,90.91,-184.38,0
10148,90.91,-185.20,0
10160,83.33,-184.45,0
10171,90.91,-183.18,0
10183,83.33,-181.98,0
10194,90.91,-182.27,0
10206,83.33,-182.94,0
10217,90.91,-183.46,0
10228,90.91,-184.23,0
10240,83.33,-184.06,0
10252,83.33,-183.16,0
10263,90.91,-182.01,0
10274,90.91,-181.75,0
10286,83.33,-182.79,0
10297,90.91,-183.48,0
10308,90.91,-183.88,0
10320,83.33,-184.20,0
10332,83.33,-183.25,0
10343,90.91,-182.30,0
10354,90.91,-181.91,0
10365,90.91,-181.37,0
10377,83.33,-182.38,0
10389,83.33,-183.25,0
10400,90.91,-184.81,0
10412,83.33,-184.47,0
10423,90.91,-183.08,0
10434,90.91,-181.83,0
10445,90.91,-181.35,0
10458,76.92,-181.78,0
10469,90.91,-182.79,0
10480,90.91,-183.78,0
10491,90.91,-184.33,0
10503,83.33,-184.24,0
10514,90.91,-183.23,0
10526,90.91,-182.35,0
10537,83.33,-182.56,0
10549,83.33,-182.90,0
10560,90.91,-183.86,0
10571,90.91,-184.63,0
10583,83.33,-184.32,0
10595,90.91,-182.61,0
10606,83.33,-181.77,0
10617,90.91,-182.02,0
10629,83.33,-182.43,0
10640,90.91,-183.58,0
10651,90.91,-184.39,0
10662,90.91,-184.90,0
10675,76.92,-184.35,0
10686,90.91,-182.77,0
10697,90.91,-181.61,0
10708,90.91,-181.75,0
10720,83.33,-182.07,0
10731,90.91,-183.43,0
10743,83.33,-184.51,0
10755,83.33,-184.36,0
10766,90.91,-183.63,0
10777,90.91,-182.27,0
10788,90.91,-181.55,0
10800,83.33,-181.94,0
10812,83.33,-183.52,0
10823,90.91,-184.46,0
10834,90.91,-184.51,0
10846,83.33,-183.74,0
10857,90.91,-182.35,0
10868,90.91,-181.18,0
10881,76.92,-181.58,0
10892,90.91,-182.68,0
10903,90.91,-183.71,0
10914,90.91,-184.65,0
10926,83.33,-184.74,0
10937,90.91,-183.80,0
10949,83.33,-182.25,0
10960,90.91,-181.59,0
10972,83.33,-182.06,0
10983,90.91,-183.50,0
10994,90.91,-184.32,0
11005,90.91,-184.80,0
11018,76.92,-183.99,0
11029,90.91,-183.10,0
11040,90.91,-182.74,0
11052,83.33,-182.33,0
11063,90.91,-182.76,0
11074,90.91,-184.26,0
11086,90.91,-184.44,0
11098,76.92,-183.71,0
11109,90.91,-182.71,0
11120,90.91,-181.57,0
11131,90.91,-181.32,0
11143,83.33,-181.97,0
11155,90.91,-182.94,0
11166,83.33,-183.91,0
11177,90.91,-184.65,0
11189,83.33,-183.96,0
11200,90.91,-183.93,0
11211,90.91,-182.64,0
11223,83.33,-181.75,0
11235,83.33,-181.86,0
11246,90.91,-182.95,0
11257,90.91,-183.93,0
11269,83.33,-184.07,0
11280,90.91,-183.01,0
11291,90.91,-182.48,0
11303,83.33,-182.27,0
11315,83.33,-182.66,0
11326,90.91,-183.54,0
11337,90.91,-184.18,0
11348,90.91,-183.87,0
11360,83.33,-182.69,0
11372,83.33,-181.84,0
11383,90.91,-181.66,0
11395,83.33,-181.78,0
11406,90.91,-182.47,0
11417,90.91,-184.19,0
11428,90.91,-185.38,0
11441,76.92,-185.03,0
11452,90.91,-183.39,0
11463,90.91,-182.30,0
11474,90.91,-181.76,0
11486,83.33,-181.92,0
11497,90.91,-182.81,0
11509,83.33,-183.66,0
11521,83.33,-184.05,0
11532,90.91,-183.84,0
11543,90.91,-182.30,0
11554,90.91,-182.17,0
11566,83.33,-181.97,0
11578,83.33,-183.31,0
11589,90.91,-184.15,0
11600,90.91,-184.85,0
11612,83.33,-183.90,0
11623,90.91,-182.74,0
11634,90.91,-181.70,0
11646,83.33,-181.79,0
11658,83.33,-182.55,0
11669,90.91,-184.00,0
11680,90.91,-184.72,0
11692,83.33,-184.95,0
11703,90.91,-184.26,0
11715,90.91,-182.66,0
11726,83.33,-181.87,0
11738,83.33,-182.45,0
11749,90.91,-182.97,0
11760,90.91,-183.86,0
11771,90.91,-184.45,0
11783,83.33,-184.34,0
11795,83.33,-183.35,0
11806,90.91,-182.52,0
11817,90.91,-182.27,0
11829,83.33,-182.57,0
11840,90.91,-183.25,0
11851,90.91,-183.92,0
11864,76.92,-183.97,0
11875,90.91,-182.85,0
11886,90.91,-182.06,0
11897,90.91,-181.59,0
11909,83.33,-181.79,0
11920,90.91,-182.89,0
11932,83.33,-184.74,0
11943,90.91,-185.06,0
11955,83.33,-184.43,0
11966,90.91,-183.35,0
11977,90.91,-181.92,0
11988,90.91,-181.11,0
12001,76.92,-181.78,0
12012,90.91,-183.31,0
12023,90.91,-184.74,0
12035,83.33,-184.64,0
12046,90.91,-183.64,0
12057,90.91,-182.55,0
12069,83.33,-182.29,0
12081,83.33,-181.60,0
12092,90.91,-182.17,0
12103,90.91,-184.46,0
12114,90.91,-184.46,0
12126,83.33,-183.67,0
12138,83.33,-182.54,0
12149,90.91,-181.80,0
12161,83.33,-182.12,0
12172,90.91,-182.84,0
12183,90.91,-183.80,0
12194,90.91,-184.72,0
12207,83.33,-184.78,0
12218,83.33,-183.77,0
12229,90.91,-182.89,0
12240,90.91,-181.68,0
12252,83.33,-181.74,0
12263,90.91,-183.00,0
12275,90.91,-183.79,0
12286,83.33,-184.36,0
12298,83.33,-184.21,0
12309,90.91,-183.00,0
12320,90.91,-182.01,0
12332,83.33,-182.20,0
12343,90.91,-182.93,0
12355,83.33,-183.57,0
12366,90.91,-184.00,0
12378,83.33,-183.77,0
12389,90.91,-183.85,0
12400,90.91,-182.34,0
12411,90.91,-181.79,0
12424,76.92,-181.83,0
12435,90.91,-182.60,0
12446,90.91,-183.72,0
12457,90.91,-184.98,0
12469,83.33,-184.09,0
12480,90.91,-183.31,0
12492,83.33,-181.95,0
12504,83.33,-182.26,0
12515,90.91,-182.79,0
12526,90.91,-183.22,0
12537,90.91,-184.48,0
12549,83.33,-184.44,0
12561,83.33,-183.70,0
12572,90.91,-182.26,0
12583,90.91,-181.87,0
12595,83.33,-182.05,0
12606,90.91,-182.74,0
12617,90.91,-183.52,0
12630,76.92,-184.38,0
12641,90.91,-184.35,0
12652,90.91,-183.15,0
12663,90.91,-182.41,0
12675,83.33,-181.78,0
12686,90.91,-182.39,0
12698,83.33,-183.63,0
12709,90.91,-184.33,0
12721,83.33,-184.54,0
12732,90.91,-183.41,0
12743,90.91,-182.15,0
12754,90.91,-181.56,0
12767,83.33,-182.13,0
12778,83.33,-183.24,0
12789,90.91,-183.95,0
12801,83.33,-185.04,0
12812,90.91,-184.26,0
12823,90.91,-183.31,0
12835,90.91,-182.27,0
12847,76.92,-182.05,0
12858,90.91,-181.87,0
12869,90.91,-183.50,0
12880,90.91,-184.68,0
12892,83.33,-184.39,0
12903,90.91,-183.96,0
12915,83.33,-182.36,0
12926,90.91,-182.57,0
12938,83.33,-182.11,0
12949,90.91,-183.02,0
12960,90.91,-184.55,0
12972,83.33,-184.76,0
12984,83.33,-184.28,0
12995,90.91,-183.35,0
13006,90.91,-181.98,0
13018,83.33,-182.07,0
13029,90.91,-182.47,0
13040,90.91,-183.51,0
13052,83.33,-184.13,0
13064,83.33,-184.50,0
13075,90.91,-183.46,0
13086,90.91,-182.25,0
13097,90.91,-181.54,0
13109,83.33,-181.60,0
13121,83.33,-183.16,0
13132,90.91,-184.08,0
13144,83.33,-184.50,0
13155,90.91,-184.24,0
13166,90.91,-183.26,0
13177,90.91,-182.68,0
13190,76.92,-182.47,0
13201,90.91,-182.49,0
13212,90.91,-183.90,0
13223,90.91,-184.79,0
13235,83.33,-184.51,0
13246,90.91,-183.19,0
13258,83.33,-181.98,0
13270,83.33,-181.86,0
13281,90.91,-182.61,0
13292,90.91,-183.14,0
13303,90.91,-184.21,0
13315,83.33,-184.97,0
13327,83.33,-184.25,0
13338,90.91,-182.70,0
13349,90.91,-181.70,0
13361,83.33,-182.11,0
13372,90.91,-182.73,0
13383,90.91,-183.63,0
13395,90.91,-184.30,0
13407,76.92,-184.18,0
13418,90.91,-183.04,0
13429,90.91,-182.26,0
13441,83.33,-182.16,0
13452,90.91,-182.72,0
13464,90.91,-184.00,0
13475,83.33,-185.00,0
13487,83.33,-184.96,0
13498,90.91,-184.12,0
13509,90.91,-182.54,0
13520,90.91,-182.04,0
13532,83.33,-181.40,0
13544,83.33,-182.40,0
13555,90.91,-183.85,0
13566,90.91,-184.81,0
13578,83.33,-185.19,0
13589,90.91,-184.22,0
13600,90.91,-182.49,0
13613,76.92,-181.60,0
13624,90.91,-181.69,0
13635,90.91,-182.82,0
13646,90.91,-183.90,0
13658,83.33,-184.10,0
13669,90.91,-183.82,0
13681,83.33,-183.01,0
13692,90.91,-182.46,0
13704,83.33,-182.38,0
13715,90.91,-182.93,0
13726,90.91,-183.67,0
13737,90.91,-184.37,0
13750,76.92,-184.00,0
13761,90.91,-183.16,0
13772,90.91,-181.74,0
13784,83.33,-181.81,0
13795,90.91,-182.42,0
13806,90.91,-183.50,0
13818,83.33,-184.82,0
13830,83.33,-185.42,0
13841,90.91,-184.28,0
13852,90.91,-182.94,0
13863,90.91,-181.68,0
13875,83.33,-181.39,0
13887,83.33,-182.19,0
13898,90.91,-184.04,0
13910,83.33,-184.41,0
13921,90.91,-183.84,0
13932,90.91,-183.66,0
13943,90.91,-182.38,0
13956,76.92,-182.17,0
13967,90.91,-182.51,0
13978,90.91,-183.27,0
13989,90.91,-184.42,0
14001,83.33,-184.35,0
14012,90.91,-183.80,0
14024,90.91,-182.24,0
14035,83.33,-181.12,0
14047,83.33,-180.95,0
14058,90.91,-182.25,0
14069,90.91,-183.53,0
14081,83.33,-184.80,0
14093,90.91,-184.76,0
14104,83.33,-183.30,0
14115,90.91,-181.82,0
14127,83.33,-181.59,0
14138,90.91,-181.57,0
14149,90.91,-182.76,0
14160,90.91,-184.05,0
14173,76.92,-184.85,0
14184,90.91,-184.12,0
14195,90.91,-183.56,0
14206,90.91,-182.21,0
14218,83.33,-181.61,0
14229,90.91,-182.53,0
14241,83.33,-183.65,0
14253,83.33,-184.48,0
14264,90.91,-183.63,0
14275,90.91,-183.17,0
14286,90.91,-182.07,0
14298,83.33,-181.80,0
14310,83.33,-182.45,0
14321,90.91,-183.92,0
14332,90.91,-184.40,0
14344,83.33,-184.68,0
14355,90.91,-183.88,0
14366,90.91,-183.15,0
14379,76.92,-181.72,0
14390,90.91,-181.68,0
14401,90.91,-182.13,0
14412,90.91,-183.63,0
14424,83.33,-184.85,0
14435,90.91,-184.20,0
14447,83.33,-183.48,0
14458,90.91,-181.96,0
14470,83.33,-182.02,0
14481,90.91,-181.96,0
14492,90.91,-183.73,0
14503,90.91,-184.64,0
14516,76.92,-184.23,0
14527,90.91,-183.27,0
14538,90.91,-182.00,0
14550,83.33,-182.12,0
14561,90.91,-182.49,0
14572,90.91,-183.79,0
14584,90.91,-184.99,0
14596,76.92,-184.96,0
14607,90.91,-184.14,0
14618,90.91,-182.86,0
14629,90.91,-181.75,0
14641,83.33,-181.76,0
14653,90.91,-182.10,0
14664,83.33,-183.10,0
14675,90.91,-184.33,0
14687,83.33,-184.52,0
14698,90.91,-184.18,0
14709,90.91,-182.90,0
14721,83.33,-182.37,0
14733,83.33,-182.02,0
14744,90.91,-182.64,0
14755,90.91,-183.80,0
14767,83.33,-184.27,0
14778,90.91,-184.22,0
14789,90.91,-183.53,0
14801,83.33,-181.96,0
14813,83.33,-182.20,0
14824,90.91,-182.57,0
14835,90.91,-183.48,0
14846,90.91,-184.07,0
14858,83.33,-184.25,0
14870,83.33,-183.53,0
14881,90.91,-182.14,0
14893,83.33,-181.20,0
14904,90.91,-181.11,0
14915,90.91,-183.23,0
14926,90.91,-183.77,0
14939,76.92,-184.05,0
14950,90.91,-184.92,0
14961,90.91,-183.89,0
14972,90.91,-182.22,0
14984,83.33,-182.08,0
14995,90.91,-182.09,0
15007,83.33,-183.25,0
15019,83.33,-184.29,0
15030,90.91,-184.30,0
15041,90.91,-183.30,0
15052,90.91,-182.01,0
15064,83.33,-181.74,0
15076,83.33,-182.47,0
15087,90.91,-183.10,0
15098,90.91,-183.86,0
15110,83.33,-184.12,0
15121,90.91,-183.91,0
15132,90.91,-182.84,0
15144,90.91,-181.52,0
15156,76.92,-181.38,0
15167,90.91,-182.05,0
15178,90.91,-183.61,0
15190,83.33,-185.14,0
15201,90.91,-184.99,0
15212,90.91,-183.84,0
15224,83.33,-182.83,0
15236,83.33,-182.52,0
15247,90.91,-182.13,0
15258,90.91,-182.84,0
15269,90.91,-183.76,0
15281,83.33,-184.15,0
15293,83.33,-183.41,0
15304,90.91,-182.98,0
15315,90.91,-182.99,0
15327,83.33,-182.69,0
15338,90.91,-182.68,0
15349,90.91,-183.78,0
15362,76.92,-185.02,0
15373,90.91,-184.14,0
15384,90.91,-183.31,0
15395,90.91,-182.41,0
15407,83.33,-181.75,0
15418,90.91,-182.00,0
15430,83.33,-182.78,0
15441,90.91,-183.82,0
15453,83.33,-185.09,0
15464,90.91,-185.13,0
15475,90.91,-183.08,0
15486,90.91,-182.11,0
15499,76.92,-182.02,0
15510,90.91,-182.55,0
15521,90.91,-183.46,0
15533,83.33,-184.31,0
15544,90.91,-184.03,0
15555,90.91,-183.43,0
15567,83.33,-182.33,0
15579,83.33,-181.57,0
15590,90.91,-182.09,0
15601,90.91,-183.15,0
15612,90.91,-184.50,0
15624,83.33,-185.73,0
15636,90.91,-184.14,0
15647,83.33,-182.50,0
15659,83.33,-181.25,0
15670,90.91,-181.04,0
15681,90.91,-182.00,0
15692,90.91,-183.39,0
15704,83.33,-184.70,0
15716,83.33,-185.01,0
15727,90.91,-184.34,0
15738,90.91,-182.88,0
15750,83.33,-181.68,0
15761,90.91,-181.66,0
15772,90.91,-182.61,0
15784,83.33,-184.05,0
15796,83.33,-184.36,0
15807,90.91,-183.99,0
15818,90.91,-183.13,0
15830,83.33,-182.24,0
15841,90.91,-182.09,0
15853,83.33,-182.57,0
15864,90.91,-184.22,0
15876,83.33,-184.72,0
15887,90.91,-184.29,0
15898,90.91,-183.98,0
15909,90.91,-182.37,0
15922,76.92,-181.58,0
15933,90.91,-181.70,0
15944,90.91,-183.39,0
15955,90.91,-184.20,0
15967,83.33,-184.78,0
15978,90.91,-184.15,0
15990,83.33,-183.45,0
16002,83.33,-182.18,0
16013,90.91,-181.73,0
16024,90.91,-182.73,0
16035,90.91,-183.80,0
16047,83.33,-184.05,0
16059,83.33,-183.81,0
16070,90.91,-183.80,0
16081,90.91,-182.70,0
16093,83.33,-182.27,0
16104,90.91,-182.52,0
16115,90.91,-183.52,0
16128,76.92,-184.62,0
16139,90.91,-184.55,0
16150,90.91,-183.42,0
16161,90.91,-182.54,0
16173,83.33,-181.58,0
16184,90.91,-181.67,0
16196,90.91,-182.64,0
16207,83.33,-183.86,0
16219,83.33,-184.84,0
16230,90.91,-184.61,0
16241,90.91,-184.24,0
16252,90.91,-183.00,0
16265,83.33,-181.93,0
16276,83.33,-182.08,0
16287,90.91,-182.88,0
16299,83.33,-183.94,0
16310,90.91,-184.20,0
16321,90.91,-183.78,0
16332,90.91,-182.95,0
16345,76.92,-182.91,0
16356,90.91,-182.55,0
16367,90.91,-183.21,0
16378,90.91,-184.68,0
16390,83.33,-185.30,0
16401,90.91,-183.71,0
16413,83.33,-182.59,0
16424,90.91,-181.71,0
16436,83.33,-181.40,0
16447,90.91,-181.47,0
16458,90.91,-183.13,0
16470,83.33,-184.55,0
16482,83.33,-185.26,0
16493,90.91,-184.89,0
16504,90.91,-183.18,0
16516,83.33,-182.14,0
16527,90.91,-181.42,0
16538,90.91,-181.63,0
16550,83.33,-182.82,0
16562,83.33,-184.24,0
16573,90.91,-183.55,0
16584,90.91,-183.20,0
16595,90.91,-182.61,0
16607,83.33,-182.38,0
16619,83.33,-182.89,0
16630,90.91,-184.13,0
16642,83.33,-184.67,0
16653,90.91,-184.65,0
16664,90.91,-183.08,0
16675,90.91,-181.82,0
16688,76.92,-180.89,0
16699,90.91,-181.24,0
16710,90.91,-182.80,0
16721,90.91,-184.40,0
16733,83.33,-185.47,0
16744,90.91,-185.70,0
16756,83.33,-184.48,0
16768,83.33,-182.91,0
16779,90.91,-182.05,0
16790,90.91,-181.25,0
16801,90.91,-182.07,0
16813,83.33,-183.21,0
16825,90.91,-183.64,0
16836,83.33,-183.64,0
16847,90.91,-183.10,0
16859,83.33,-182.54,0
16870,90.91,-182.72,0
16881,90.91,-183.18,0
16893,90.91,-183.60,0
16905,76.92,-184.34,0
16916,90.91,-183.38,0
16927,90.91,-181.76,0
16939,83.33,-180.72,0
16950,90.91,-181.01,0
16961,90.91,-181.88,0
16973,83.33,-183.85,0
16985,83.33,-184.77,0
16996,90.91,-185.80,0
17007,90.91,-185.34,0
17018,90.91,-183.39,0
17030,83.33,-181.92,0
17042,83.33,-181.22,0
17053,90.91,-181.65,0
17064,90.91,-183.00,0
17076,83.33,-183.86,0
17087,90.91,-183.96,0
17098,90.91,-183.21,0
17111,76.92,-182.79,0
17122,90.91,-182.52,0
17133,90.91,-182.51,0
17144,90.91,-183.66,0
17156,83.33,-184.84,0
17167,90.91,-184.15,0
17179,83.33,-182.71,0
17190,90.91,-181.39,0
17202,83.33,-181.02,0
17213,90.91,-181.81,0
17224,90.91,-182.72,0
17235,90.91,-184.31,0
17248,76.92,-186.18,0
17259,90.91,-185.57,0
17270,90.91,-183.47,0
17282,83.33,-182.18,0
17293,90.91,-181.80,0
17304,90.91,-181.16,0
17316,83.33,-182.29,0
17328,83.33,-183.49,0
17339,90.91,-183.85,0
17350,90.91,-183.87,0
17361,90.91,-183.10,0
17373,83.33,-183.58,0
17385,90.91,-183.36,0
17396,83.33,-183.32,0
17408,83.33,-184.13,0
17419,90.91,-184.44,0
17430,90.91,-183.81,0
17441,90.91,-182.48,0
17454,83.33,-181.34,0
17465,83.33,-180.75,0
17476,90.91,-182.70,0
17487,90.91,-184.27,0
17499,83.33,-185.35,0
17510,90.91,-185.19,0
17521,90.91,-184.29,0
17533,83.33,-183.33,0
17545,83.33,-181.64,0
17556,90.91,-180.88,0
17567,90.91,-181.34,0
17579,83.33,-182.89,0
17590,90.91,-184.27,0
17602,83.33,-184.38,0
17613,90.91,-183.27,0
17625,83.33,-183.02,0
17636,90.91,-183.08,0
17647,90.91,-183.22,0
17658,90.91,-183.57,0
17671,76.92,-184.73,0
17682,90.91,-183.97,0
17693,90.91,-182.73,0
17704,90.91,-181.99,0
17716,83.33,-181.58,0
17727,90.91,-181.56,0
17739,83.33,-182.61,0
17751,83.33,-184.37,0
17762,90.91,-185.60,0
17773,90.91,-184.98,0
17784,90.91,-183.77,0
17796,83.33,-182.09,0
17808,83.33,-181.98,0
17819,90.91,-181.86,0
17830,90.91,-182.62,0
17842,83.33,-183.59,0
17853,90.91,-184.34,0
17864,90.91,-183.69,0
17876,83.33,-182.76,0
17888,83.33,-182.38,0
17899,90.91,-182.34,0
17910,90.91,-183.02,0
17922,83.33,-184.15,0
17933,90.91,-184.12,0
17945,90.91,-183.65,0
17956,83.33,-182.79,0
17968,83.33,-181.71,0
17979,90.91,-181.38,0
17990,90.91,-182.15,0
18001,90.91,-183.80,0
18013,83.33,-185.54,0
18025,83.33,-185.63,0
18036,90.91,-184.49,0
18048,83.33,-183.13,0
18059,90.91,-182.13,0
18070,90.91,-182.03,0
18081,90.91,-182.03,0
18094,76.92,-182.93,0
18105,90.91,-183.86,0
18116,90.91,-183.86,0
18127,90.91,-183.30,0
18139,83.33,-182.53,0
18150,90.91,-183.12,0
18162,83.33,-183.47,0
18173,90.91,-184.14,0
18185,83.33,-184.42,0
18196,90.91,-184.51,0
18207,90.91,-183.68,0
18219,83.33,-181.53,0
18231,83.33,-180.76,0
18242,90.91,-181.61,0
18253,90.91,-183.27,0
18265,83.33,-184.32,0
18276,90.91,-185.38,0
18287,90.91,-184.86,0
18299,83.33,-184.40,0
18311,83.33,-182.64,0
18322,90.91,-181.42,0
18333,90.91,-181.71,0
18344,90.91,-182.76,0
18356,83.33,-183.27,0
18368,90.91,-183.43,0
18379,90.91,-183.65,0
18391,83.33,-183.07,0
18402,90.91,-182.15,0
18413,90.91,-182.95,0
18424,90.91,-183.56,0
18437,83.33,-184.39,0
18448,83.33,-184.69,0
18459,90.91,-183.48,0
18470,90.91,-182.18,0
18482,83.33,-181.17,0
18493,90.91,-180.82,0
18504,90.91,-182.02,0
18516,83.33,-183.61,0
18528,83.33,-185.19,0
18539,90.91,-185.40,0
18550,90.91,-184.78,0
18562,83.33,-183.74,0
18573,90.91,-182.84,0
18585,83.33,-181.78,0
18596,90.91,-182.29,0
18608,83.33,-183.62,0
18619,90.91,-184.24,0
18630,90.91,-183.93,0
18641,90.91,-183.63,0
18654,76.92,-182.49,0
18665,90.91,-182.57,0
18676,90.91,-182.96,0
18688,83.33,-183.64,0
18699,90.91,-184.29,0
18710,90.91,-184.11,0
18722,83.33,-182.79,0
18734,83.33,-181.52,0
18745,90.91,-181.24,0
18756,90.91,-182.09,0
18767,90.91,-183.96,0
18779,83.33,-184.77,0
18791,83.33,-185.05,0
18802,90.91,-184.48,0
18813,90.91,-182.82,0
18825,83.33,-181.97,0
18836,90.91,-181.30,0
18847,90.91,-181.00,0
18860,76.92,-182.45,0
18871,90.91,-183.67,0
18882,90.91,-184.31,0
18893,90.91,-183.80,0
18905,83.33,-182.58,0
18916,90.91,-182.43,0
18928,90.91,-183.10,0
18939,83.33,-184.06,0
18951,83.33,-183.87,0
18962,90.91,-184.37,0
18973,90.91,-184.43,0
18984,90.91,-182.13,0
18997,83.33,-180.92,0
19008,83.33,-181.28,0
19019,90.91,-182.50,0
19031,83.33,-183.64,0
19042,90.91,-185.06,0
19053,90.91,-184.70,0
19064,90.91,-183.22,0
19077,76.92,-182.38,0
19088,90.91,-181.40,0
19099,90.91,-181.24,0
19110,90.91,-182.05,0
19122,83.33,-183.67,0
19133,90.91,-184.48,0
19145,83.33,-184.38,0
19156,90.91,-183.61,0
19168,83.33,-183.17,0
19179,90.91,-182.28,0
19190,90.91,-183.20,0
19202,83.33,-184.06,0
19214,83.33,-184.01,0
19225,90.91,-183.70,0
19236,90.91,-183.27,0
19248,83.33,-182.50,0
19259,90.91,-182.05,0
19270,90.91,-181.83,0
19282,83.33,-182.91,0
19294,83.33,-184.33,0
19305,90.91,-185.28,0
19316,90.91,-184.45,0
19328,83.33,-183.18,0
19339,90.91,-182.01,0
19351,83.33,-182.29,0
19362,90.91,-182.58,0
19374,83.33,-184.00,0
19385,90.91,-184.74,0
19396,90.91,-184.18,0
19407,90.91,-183.13,0
19420,76.92,-182.25,0
19431,90.91,-182.46,0
19442,90.91,-182.34,0
19453,90.91,-183.27,0
19465,83.33,-184.36,0
19476,90.91,-184.68,0
19488,90.91,-184.00,0
19500,76.92,-182.29,0
19511,90.91,-181.45,0
19522,90.91,-181.40,0
19533,90.91,-182.16,0
19545,83.33,-183.67,0
19557,90.91,-185.25,0
19568,83.33,-184.29,0
19579,90.91,-183.48,0
19591,83.33,-182.65,0
19602,90.91,-182.32,0
19613,90.91,-182.33,0
19624,90.91,-182.55,0
19637,76.92,-183.61,0
19648,90.91,-184.42,0
19659,90.91,-184.31,0
19671,83.33,-183.13,0
19682,90.91,-182.54,0
19693,90.91,-183.08,0
19705,83.33,-183.49,0
19717,83.33,-184.02,0
19728,90.91,-184.32,0
19739,90.91,-184.43,0
19750,90.91,-182.71,0
19762,83.33,-181.62,0
19774,83.33,-181.69,0
19785,90.91,-181.88,0
19796,90.91,-183.44,0
19808,83.33,-184.48,0
19819,90.91,-184.65,0
19830,90.91,-184.45,0
19843,76.92,-183.73,0
19854,90.91,-182.59,0
19865,90.91,-181.54,0
19876,90.91,-182.01,0
19888,83.33,-183.26,0
19899,90.91,-184.13,0
19911,83.33,-184.05,0
19922,90.91,-183.82,0
19934,83.33,-183.22,0
19945,90.91,-182.70,0
19956,90.91,-182.19,0
19968,83.33,-183.18,0
19980,83.33,-184.38,0
19991,90.91,-184.36,0
20002,90.91,-183.68,0
20014,83.33,-182.60,0
20025,90.91,-181.86,0
20036,90.91,-181.74,0
20048,90.91,-182.79,0
20060,83.33,-184.84,0
20071,90.91,-185.29,0
20082,90.91,-184.90,0
20093,90.91,-183.34,0
20105,83.33,-181.60,0
20117,90.91,-181.45,0
20128,83.33,-181.53,0
20140,83.33,-183.04,0
20151,90.91,-183.85,0
20162,90.91,-185.07,0
20173,90.91,-184.46,0
20185,83.33,-182.86,0
20197,83.33,-182.19,0
20208,90.91,-182.19,0
20219,90.91,-182.43,0
20231,83.33,-183.68,0
20242,90.91,-184.74,0
20253,90.91,-184.35,0
20265,83.33,-183.02,0
20277,83.33,-182.13,0
20288,90.91,-181.70,0
20299,90.91,-182.27,0
20311,83.33,-184.00,0
20322,90.91,-184.63,0
20334,83.33,-184.87,0
20345,90.91,-183.76,0
20357,83.33,-182.54,0
20368,90.91,-181.93,0
20379,90.91,-181.54,0
20390,90.91,-181.84,0
20403,76.92,-183.00,0
20414,90.91,-184.41,0
20425,90.91,-184.28,0
20436,90.91,-183.40,0
20448,83.33,-182.48,0
20459,90.91,-182.28,0
20471,83.33,-182.03,0
20483,83.33,-183.71,0
20494,90.91,-184.02,0
20505,90.91,-184.63,0
20516,90.91,-183.56,0
20528,83.33,-181.69,0
20540,83.33,-181.55,0
20551,90.91,-181.75,0
20562,90.91,-182.88,0
20574,83.33,-184.00,0
20585,90.91,-185.12,0
20596,90.91,-184.83,0
20609,76.92,-183.84,0
20620,90.91,-183.11,0
20631,90.91,-181.88,0
20642,90.91,-181.89,0
20654,83.33,-182.97,0
20665,90.91,-183.80,0
20677,90.91,-184.59,0
20688,83.33,-184.17,0
20700,83.33,-183.27,0
20711,90.91,-182.57,0
20722,90.91,-182.43,0
20733,90.91,-182.64,0
20745,83.33,-183.16,0
20757,83.33,-184.44,0
20768,90.91,-184.60,0
20780,83.33,-184.03,0
20791,90.91,-182.79,0
20802,90.91,-182.29,0
20813,90.91,-181.98,0
20826,76.92,-182.78,0
20837,90.91,-184.12,0
20848,90.91,-184.59,0
20859,90.91,-183.68,0
20871,83.33,-182.90,0
20882,90.91,-182.07,0
20894,83.33,-182.04,0
20905,90.91,-182.37,0
20917,83.33,-183.14,0
20928,90.91,-184.41,0
20939,90.91,-184.07,0
20951,83.33,-183.18,0
20963,83.33,-182.64,0
20974,90.91,-182.31,0
20985,90.91,-182.49,0
20997,83.33,-183.47,0
21008,90.91,-184.21,0
21019,90.91,-184.33,0
21031,83.33,-183.69,0
21043,83.33,-182.01,0
21054,90.91,-181.34,0
21065,90.91,-181.40,0
21076,90.91,-182.61,0
21088,83.33,-183.80,0
21100,83.33,-184.94,0
21111,90.91,-184.77,0
21123,83.33,-183.92,0
21134,90.91,-182.69,0
21145,90.91,-182.07,0
21156,90.91,-182.29,0
21169,76.92,-183.41,0
21180,90.91,-184.58,0
21191,90.91,-184.82,0
21202,90.91,-183.80,0
21214,83.33,-182.51,0
21225,90.91,-182.17,0
21237,90.91,-182.16,0
21249,76.92,-182.68,0
21260,90.91,-183.23,0
21271,90.91,-184.52,0
21282,90.91,-183.94,0
21294,83.33,-183.56,0
21306,90.91,-182.40,0
21317,83.33,-181.67,0
21328,90.91,-181.76,0
21340,83.33,-183.39,0
21351,90.91,-184.69,0
21362,90.91,-185.24,0
21373,90.91,-184.29,0
21386,76.92,-182.69,0
21397,90.91,-181.69,0
21408,90.91,-181.76,0
21420,83.33,-182.55,0
21431,90.91,-183.95,0
21442,90.91,-183.89,0
21454,83.33,-183.61,0
21466,83.33,-183.25,0
21477,90.91,-182.30,0
21488,90.91,-181.55,0
21499,90.91,-182.79,0
21511,83.33,-183.40,0
21523,83.33,-183.89,0
21534,90.91,-184.18,0
21545,90.91,-183.29,0
21557,83.33,-182.40,0
21568,90.91,-181.95,0
21579,90.91,-181.45,0
21592,76.92,-182.60,0
21603,90.91,-183.66,0
21614,90.91,-184.87,0
21625,90.91,-184.55,0
21637,83.33,-183.51,0
21648,90.91,-182.25,0
21660,83.33,-181.64,0
21671,90.91,-182.02,0
21683,83.33,-182.94,0
21694,90.91,-183.65,0
21705,90.91,-184.00,0
21716,90.91,-184.09,0
21729,76.92,-183.10,0
21740,90.91,-182.01,0
21751,90.91,-182.55,0
21763,83.33,-183.15,0
21774,90.91,-183.78,0
21785,90.91,-184.63,0
21797,90.91,-184.31,0
21809,76.92,-182.98,0
21820,90.91,-182.55,0
21831,90.91,-181.93,0
21842,90.91,-182.05,0
21854,83.33,-183.93,0
21866,90.91,-184.57,0
21877,83.33,-185.40,0
21889,83.33,-184.24,0
21900,90.91,-182.67,0
21911,90.91,-182.07,0
21922,90.91,-182.53,0
21934,83.33,-182.74,0
21946,83.33,-183.95,0
21957,90.91,-183.84,0
21968,90.91,-183.47,0
21980,83.33,-182.88,0
21991,90.91,-182.52,0
22002,90.91,-182.35,0
22014,83.33,-182.55,0
22026,83.33,-183.72,0
22037,90.91,-184.47,0
22048,90.91,-184.45,0
22060,83.33,-183.75,0
22071,90.91,-182.50,0
22083,83.33,-181.90,0
22094,90.91,-181.79,0
22106,83.33,-182.59,0
22117,90.91,-184.09,0
22128,90.91,-185.42,0
22139,90.91,-184.70,0
22152,76.92,-183.52,0
22163,90.91,-181.87,0
22174,90.91,-181.24,0
22185,90.91,-181.58,0
22197,83.33,-183.11,0
22208,90.91,-184.39,0
22220,83.33,-184.53,0
22232,83.33,-183.50,0
22243,90.91,-182.68,0
22254,90.91,-182.77,0
22265,90.91,-182.32,0
22277,83.33,-182.89,0
22289,83.33,-183.51,0
22300,90.91,-184.18,0
22311,90.91,-183.76,0
22323,83.33,-183.19,0
22334,90.91,-182.39,0
22345,90.91,-182.15,0
22358,90.91,-182.41,0
22369,76.92,-183.97,0
22380,90.91,-185.33,0
22391,90.91,-185.23,0
22403,83.33,-184.10,0
22414,90.91,-182.04,0
22425,90.91,-181.74,0
22437,83.33,-182.15,0
22449,83.33,-183.03,0
22460,90.91,-184.01,0
22471,90.91,-184.61,0
22482,90.91,-184.32,0
22494,83.33,-183.23,0
22506,83.33,-182.44,0
22517,90.91,-182.52,0
22529,83.33,-182.29,0
22540,90.91,-183.32,0
22551,90.91,-184.22,0
22562,90.91,-184.41,0
22575,76.92,-183.33,0
22586,90.91,-183.28,0
22597,90.91,-182.53,0
22608,90.91,-182.55,0
22620,83.33,-183.31,0
22631,90.91,-184.12,0
22643,83.33,-184.73,0
22654,90.91,-183.79,0
22666,83.33,-182.72,0
22677,90.91,-182.74,0
22688,90.91,-182.35,0
22700,83.33,-182.54,0
22712,83.33,-183.78,0
22723,90.91,-184.94,0
22734,90.91,-185.30,0
22746,83.33,-184.60,0
22757,90.91,-182.71,0
22768,90.91,-182.29,0
22780,83.33,-181.81,0
22792,83.33,-182.25,0
22803,90.91,-183.57,0
22814,90.91,-184.37,0
22825,90.91,-184.53,0
22837,83.33,-183.15,0
22849,83.33,-182.38,0
22860,90.91,-182.20,0
22872,83.33,-182.79,0
22883,90.91,-183.74,0
22894,90.91,-184.50,0
22905,90.91,-184.13,0
22918,83.33,-183.84,0
22929,90.91,-182.51,0
22940,90.91,-181.68,0
22951,90.91,-181.61,0
22963,83.33,-182.89,0
22974,90.91,-184.08,0
22986,90.91,-184.66,0
22998,76.92,-184.28,0
23009,90.91,-182.99,0
23020,90.91,-182.01,0
23031,90.91,-181.88,0
23043,83.33,-182.27,0
23054,90.91,-183.73,0
23066,83.33,-184.74,0
23077,90.91,-184.45,0
23089,83.33,-183.74,0
23100,90.91,-183.12,0
23111,90.91,-182.03,0
23122,90.91,-182.64,0
23135,76.92,-183.54,0
23146,90.91,-184.17,0
23157,90.91,-184.59,0
23169,83.33,-184.29,0
23180,90.91,-182.50,0
23191,90.91,-181.61,0
23203,83.33,-181.58,0
23215,83.33,-182.35,0
23226,90.91,-183.58,0
23237,90.91,-184.39,0
23248,90.91,-184.35,0
23260,83.33,-183.19,0
23272,83.33,-182.51,0
23283,90.91,-182.56,0
23294,90.91,-181.87,0
23306,83.33,-182.79,0
23317,90.91,-184.14,0
23328,90.91,-184.37,0
23341,76.92,-183.77,0
23352,90.91,-183.32,0
23363,90.91,-182.40,0
23374,90.91,-182.36,0
23386,83.33,-182.44,0
23397,90.91,-183.78,0
23409,83.33,-184.36,0
23420,90.91,-184.25,0
23432,83.33,-183.30,0
23443,90.91,-182.40,0
23454,90.91,-181.74,0
23465,90.91,-181.32,0
23478,83.33,-182.76,0
23489,83.33,-183.54,0
23500,90.91,-184.75,0
23512,83.33,-184.98,0
23523,90.91,-183.65,0
23534,90.91,-182.23,0
23545,90.91,-181.86,0
23558,76.92,-182.17,0
23569,90.91,-183.13,0
23580,90.91,-184.10,0
23591,90.91,-184.39,0
23603,83.33,-184.12,0
23614,90.91,-183.16,0
23626,83.33,-182.61,0
23638,83.33,-182.18,0
23649,90.91,-183.13,0
23660,90.91,-184.30,0
23671,90.91,-184.76,0
23683,83.33,-183.87,0
23695,83.33,-183.02,0
23706,90.91,-182.07,0
23717,90.91,-181.41,0
23729,83.33,-181.98,0
23740,90.91,-183.37,0
23751,90.91,-185.27,0
23763,83.33,-185.43,0
23775,83.33,-184.02,0
23786,90.91,-182.62,0
23797,90.91,-181.84,0
23809,83.33,-181.52,0
23820,90.91,-182.65,0
23832,83.33,-183.45,0
23843,90.91,-184.16,0
23855,83.33,-184.01,0
23866,90.91,-183.01,0
23877,90.91,-182.84,0
23888,90.91,-182.20,0
23901,76.92,-182.65,0
23912,90.91,-184.03,0
23923,90.91,-184.97,0
23934,90.91,-184.98,0
23946,83.33,-184.12,0
23957,90.91,-182.57,0
23969,83.33,-181.22,0
23981,83.33,-181.48,0
23992,90.91,-182.93,0
24003,90.91,-184.97,0
24014,90.91,-185.59,0
24026,83.33,-184.97,0
24038,90.91,-183.76,0
24049,83.33,-182.54,0
24060,90.91,-181.57,0
24072,83.33,-181.75,0
24083,90.91,-182.96,0
24094,90.91,-184.15,0
24107,90.91,-184.08,0
24118,76.92,-183.48,0
24129,90.91,-183.18,0
24140,90.91,-182.81,0
24152,83.33,-182.83,0
24163,90.91,-183.73,0
24174,90.91,-184.75,0
24186,83.33,-185.31,0
24198,83.33,-184.76,0
24209,90.91,-183.01,0
24220,90.91,-181.77,0
24231,90.91,-181.58,0
24243,83.33,-181.85,0
24255,83.33,-182.92,0
24266,90.91,-184.36,0
24278,83.33,-185.30,0
24289,90.91,-184.46,0
24300,90.91,-182.87,0
24311,90.91,-181.82,0
24324,76.92,-181.84,0
24335,90.91,-182.63,0
24346,90.91,-183.03,0
24357,90.91,-184.09,0
24369,83.33,-183.68,0
24380,90.91,-182.89,0
24392,83.33,-182.17,0
24403,90.91,-182.18,0
24415,83.33,-182.52,0
24426,90.91,-183.97,0
24437,90.91,-185.07,0
24449,83.33,-185.10,0
24461,83.33,-183.62,0
24472,90.91,-181.92,0
24483,90.91,-182.15,0
24495,83.33,-181.62,0
24506,90.91,-182.87,0
24517,90.91,-183.97,0
24529,83.33,-185.04,0
24541,83.33,-184.72,0
24552,90.91,-183.42,0
24563,90.91,-182.49,0
24574,90.91,-181.56,0
24586,83.33,-182.08,0
24598,83.33,-183.41,0
24609,90.91,-183.99,0
24621,83.33,-184.29,0
24632,90.91,-183.49,0
24643,90.91,-182.71,0
24654,90.91,-182.07,0
24667,83.33,-182.40,0
24678,83.33,-182.89,0
24689,90.91,-184.41,0
24700,90.91,-184.93,0
24712,83.33,-183.85,0
24723,90.91,-182.67,0
24735,90.91,-182.11,0
24747,76.92,-182.17,0
24758,90.91,-182.40,0
24769,90.91,-184.16,0
24780,90.91,-184.99,0
24792,83.33,-184.94,0
24803,90.91,-183.97,0
24815,83.33,-182.73,0
24826,90.91,-181.84,0
24838,83.33,-181.17,0
24849,90.91,-182.13,0
24860,90.91,-183.21,0
24871,90.91,-183.93,0
24884,76.92,-183.88,0
24895,90.91,-183.22,0
24906,90.91,-182.38,0
24918,83.33,-182.12,0
24929,90.91,-182.66,0
24940,90.91,-183.33,0
24952,83.33,-184.33,0
24964,83.33,-183.74,0
24975,90.91,-183.47,0
24986,90.91,-181.91,0
24997,90.91,-181.34,0
25009,83.33,-181.55,0
25021,83.33,-183.25,0
25032,90.91,-184.54,0
25043,90.91,-185.34,0
25055,83.33,-184.29,0
25066,90.91,-183.67,0
25077,90.91,-182.16,0
25090,76.92,-182.14,0
25101,90.91,-181.46,0
25112,90.91,-182.65,0
25123,90.91,-183.84,0
25135,83.33,-183.80,0
25146,90.91,-183.49,0
25158,83.33,-183.21,0
25169,90.91,-182.51,0
25181,83.33,-182.62,0
25192,90.91,-183.06,0
25203,90.91,-183.69,0
25214,90.91,-184.44,0
25227,76.92,-183.66,0
25238,90.91,-183.29,0
25249,90.91,-181.61,0
25261,83.33,-181.56,0
25272,90.91,-182.33,0
25283,90.91,-183.81,0
25295,90.91,-185.17,0
25307,76.92,-184.79,0
25318,90.91,-183.92,0
25329,90.91,-182.47,0
25340,90.91,-181.36,0
25352,83.33,-181.53,0
25364,90.91,-182.71,0
25375,83.33,-183.86,0
25387,83.33,-184.59,0
25398,90.91,-184.32,0
25409,90.91,-183.61,0
25420,90.91,-183.01,0
25432,83.33,-182.84,0
25444,83.33,-182.08,0
25455,90.91,-183.17,0
25466,90.91,-184.18,0
25478,83.33,-183.89,0
25489,90.91,-182.96,0
25500,90.91,-182.51,0
25512,83.33,-182.19,0
25524,83.33,-182.81,0
25535,90.91,-183.36,0
25546,90.91,-184.31,0
25558,83.33,-184.77,0
25569,90.91,-184.11,0
25581,83.33,-183.02,0
25592,90.91,-182.19,0
25604,83.33,-181.70,0
25615,90.91,-181.65,0
25626,90.91,-183.45,0
25637,90.91,-184.22,0
25650,76.92,-184.30,0
25661,90.91,-183.96,0
25672,90.91,-183.03,0
25683,90.91,-182.26,0
25695,83.33,-182.44,0
25706,90.91,-183.25,0
25718,83.33,-184.26,0
25730,83.33,-184.36,0
25741,90.91,-183.84,0
25752,90.91,-183.02,0
25763,90.91,-182.27,0
25775,83.33,-182.44,0
25787,83.33,-183.06,0
25798,90.91,-184.59,0
25809,90.91,-185.59,0
25821,83.33,-185.21,0
25832,90.91,-183.90,0
25843,90.91,-181.90,0
25856,90.91,-180.99,0
25867,76.92,-180.73,0
25878,90.91,-182.03,0
25889,90.91,-184.05,0
25901,83.33,-185.49,0
25912,90.91,-184.77,0
25924,90.91,-183.32,0
25935,83.33,-181.93,0
25947,83.33,-181.70,0
25958,90.91,-182.13,0
25969,90.91,-183.06,0
25980,90.91,-183.65,0
25992,83.33,-183.91,0
26004,83.33,-183.07,0
26015,90.91,-182.33,0
26027,83.33,-182.13,0
26038,90.91,-182.24,0
26049,90.91,-182.91,0
26060,90.91,-184.70,0
26073,76.92,-184.83,0
26084,90.91,-184.02,0
26095,90.91,-182.71,0
26106,90.91,-181.01,0
26118,83.33,-180.64,0
26129,90.91,-181.68,0
26141,83.33,-183.65,0
26152,90.91,-185.22,0
26164,83.33,-184.92,0
26175,90.91,-184.13,0
26186,90.91,-183.59,0
26198,83.33,-182.51,0
26210,83.33,-181.96,0
26221,90.91,-183.16,0
26232,90.91,-183.25,0
26244,83.33,-184.08,0
26255,90.91,-183.42,0
26266,90.91,-182.89,0
26278,83.33,-182.61,0
26290,83.33,-182.42,0
26301,90.91,-182.42,0
26312,90.91,-183.72,0
26323,90.91,-185.49,0
26335,83.33,-185.00,0
26347,83.33,-183.13,0
26358,90.91,-182.04,0
26370,83.33,-181.54,0
26381,90.91,-182.10,0
26392,90.91,-183.14,0
26403,90.91,-184.22,0
26416,76.92,-185.27,0
26427,90.91,-185.00,0
26438,90.91,-183.86,0
26449,90.91,-183.21,0
26461,83.33,-182.43,0
26472,90.91,-182.63,0
26484,90.91,-183.63,0
26496,76.92,-184.01,0
26507,90.91,-184.28,0
26518,90.91,-183.39,0
26529,90.91,-181.98,0
26541,83.33,-182.32,0
26553,90.91,-182.72,0
26564,83.33,-183.65,0
26575,90.91,-184.33,0
26587,83.33,-184.78,0
26598,90.91,-183.98,0
26609,90.91,-182.19,0
26620,90.91,-182.07,0
26633,76.92,-181.79,0
26644,90.91,-181.70,0
26655,90.91,-182.65,0
26667,83.33,-184.33,0
26678,90.91,-184.93,0
26689,90.91,-184.47,0
26701,83.33,-183.51,0
26713,83.33,-182.95,0
26724,90.91,-182.27,0
26735,90.91,-182.71,0
26746,90.91,-183.06,0
26758,83.33,-183.40,0
26770,83.33,-183.19,0
26781,90.91,-182.32,0
26792,90.91,-181.54,0
26804,83.33,-182.12,0
26815,90.91,-183.25,0
26826,90.91,-184.81,0
26839,76.92,-185.24,0
26850,90.91,-184.48,0
26861,90.91,-183.27,0
26872,90.91,-182.06,0
26884,83.33,-181.26,0
26895,90.91,-181.23,0
26907,83.33,-183.10,0
26918,90.91,-184.68,0
26930,83.33,-185.64,0
26941,90.91,-184.75,0
26952,90.91,-184.05,0
26963,90.91,-182.81,0
26976,76.92,-182.01,0
26987,90.91,-181.84,0
26998,90.91,-182.95,0
27010,83.33,-183.77,0
27021,90.91,-183.93,0
27032,90.91,-183.28,0
27044,90.91,-182.54,0
27056,76.92,-182.31,0
27067,90.91,-182.37,0
27078,90.91,-183.17,0
27089,90.91,-184.18,0
27101,83.33,-184.37,0
27113,90.91,-183.63,0
27124,83.33,-182.07,0
27136,83.33,-181.53,0
27147,90.91,-181.86,0
27158,90.91,-182.33,0
27169,90.91,-183.61,0
27181,83.33,-184.48,0
27193,83.33,-184.96,0
27204,90.91,-184.28,0
27215,90.91,-183.17,0
27227,83.33,-182.46,0
27238,90.91,-182.30,0
27249,90.91,-183.02,0
27261,83.33,-183.52,0
27273,83.33,-183.95,0
27284,90.91,-183.00,0
27295,90.91,-182.45,0
27307,83.33,-182.19,0
27318,90.91,-182.45,0
27330,83.33,-183.70,0
27341,90.91,-184.77,0
27353,83.33,-185.03,0
27364,90.91,-184.40,0
27375,90.91,-182.78,0
27386,90.91,-181.86,0
27399,76.92,-181.51,0
27410,90.91,-181.56,0
27421,90.91,-182.97,0
27432,90.91,-184.41,0
27444,83.33,-185.20,0
27455,90.91,-184.37,0
27467,83.33,-183.64,0
27479,83.33,-182.09,0
27490,90.91,-181.23,0
27501,90.91,-181.96,0
27512,90.91,-182.69,0
27524,83.33,-183.71,0
27536,83.33,-184.10,0
27547,90.91,-182.61,0
27558,90.91,-182.75,0
27570,83.33,-182.23,0
27581,90.91,-182.58,0
27592,90.91,-183.41,0
27604,90.91,-185.05,0
27616,83.33,-184.90,0
27627,90.91,-183.75,0
27638,90.91,-182.55,0
27650,83.33,-181.66,0
27661,90.91,-181.48,0
27673,90.91,-182.66,0
27684,83.33,-183.90,0
27696,83.33,-184.89,0
27707,90.91,-185.40,0
27718,90.91,-184.68,0
27729,90.91,-183.19,0
27741,83.33,-182.36,0
27753,83.33,-182.18,0
27764,90.91,-183.42,0
27776,83.33,-183.59,0
27787,90.91,-183.91,0
27798,90.91,-183.90,0
27809,90.91,-182.79,0
27822,76.92,-182.31,0
27833,90.91,-182.65,0
27844,90.91,-183.30,0
27855,90.91,-184.39,0
27867,83.33,-184.38,0
27878,90.91,-184.11,0
27890,83.33,-183.41,0
27901,90.91,-181.83,0
27913,83.33,-181.53,0
27924,90.91,-181.88,0
27935,90.91,-182.72,0
27947,83.33,-184.24,0
27959,83.33,-185.57,0
27970,90.91,-184.85,0
27981,90.91,-183.60,0
27993,83.33,-182.82,0
28004,90.91,-181.97,0
28015,90.91,-182.11,0
28027,83.33,-183.81,0
28039,83.33,-184.87,0
28050,90.91,-184.17,0
28061,90.91,-183.43,0
28072,90.91,-183.49,0
28084,83.33,-182.71,0
28096,83.33,-181.73,0
28107,90.91,-183.51,0
28119,83.33,-185.20,0
28130,90.91,-185.27,0
28141,90.91,-183.72,0
28152,90.91,-182.02,0
28165,76.92,-181.76,0
28176,90.91,-182.39,0
28187,90.91,-182.22,0
28198,90.91,-183.97,0
28210,83.33,-185.14,0
28221,90.91,-184.75,0
28233,90.91,-183.72,0
28244,83.33,-182.15,0
28256,83.33,-181.87,0
28267,90.91,-182.52,0
28278,90.91,-182.90,0
28290,83.33,-183.52,0
28302,90.91,-184.26,0
28313,83.33,-183.60,0
28324,90.91,-183.39,0
28336,83.33,-182.70,0
28347,90.91,-182.35,0
28358,90.91,-182.92,0
28369,90.91,-183.93,0
28382,76.92,-184.87,0
28393,90.91,-184.33,0
28404,90.91,-182.66,0
28416,83.33,-182.88,0
28427,90.91,-182.33,0
28438,90.91,-182.26,0
28450,83.33,-183.00,0
28462,83.33,-184.59,0
28473,90.91,-185.31,0
28484,90.91,-183.55,0
28495,90.91,-182.08,0
28507,83.33,-182.07,0
28519,83.33,-182.16,0
28530,90.91,-182.55,0
28541,90.91,-182.64,0
28553,83.33,-184.23,0
28564,90.91,-184.35,0
28575,90.91,-183.56,0
28588,76.92,-182.41,0
28599,90.91,-182.08,0
28610,90.91,-183.30,0
28621,90.91,-183.90,0
28633,83.33,-184.47,0
28644,90.91,-184.66,0
28656,83.33,-183.80,0
28667,90.91,-182.59,0
28679,83.33,-181.77,0
28690,90.91,-181.53,0
28701,90.91,-182.14,0
28712,90.91,-183.73,0
28725,76.92,-184.26,0
28736,90.91,-184.63,0
28747,90.91,-183.78,0
28759,83.33,-182.85,0
28770,90.91,-182.02,0
28781,90.91,-181.80,0
28793,83.33,-182.75,0
28805,83.33,-183.41,0
28816,90.91,-183.73,0
28827,90.91,-183.43,0
28838,90.91,-182.89,0
28850,83.33,-182.15,0
28862,90.91,-182.31,0
28873,83.33,-183.13,0
28884,90.91,-184.34,0
28896,83.33,-185.05,0
28907,90.91,-184.04,0
28918,90.91,-183.25,0
28930,83.33,-182.34,0
28942,83.33,-182.37,0
28953,90.91,-182.12,0
28964,90.91,-183.45,0
28976,83.33,-184.50,0
28987,90.91,-184.60,0
28998,90.91,-183.95,0
29010,83.33,-182.94,0
29022,83.33,-181.20,0
29033,90.91,-181.55,0
29044,90.91,-182.17,0
29056,83.33,-183.28,0
29067,90.91,-184.30,0
29079,83.33,-183.99,0
29090,90.91,-183.36,0
29102,83.33,-182.54,0
29113,90.91,-182.56,0
29124,90.91,-182.35,0
29135,90.91,-183.22,0
29148,76.92,-184.41,0
29159,90.91,-184.70,0
29170,90.91,-183.42,0
29181,90.91,-182.46,0
29193,83.33,-181.59,0
29204,90.91,-181.37,0
29216,83.33,-182.89,0
29228,83.33,-184.01,0
29239,90.91,-184.70,0
29250,90.91,-184.21,0
29261,90.91,-183.42,0
29273,83.33,-182.81,0
29285,83.33,-182.20,0
29296,90.91,-181.64,0
29307,90.91,-183.51,0
29319,83.33,-184.20,0
29330,90.91,-184.70,0
29341,90.91,-184.39,0
29353,83.33,-182.79,0
29365,83.33,-182.03,0
29376,90.91,-181.96,0
29387,90.91,-182.62,0
29399,83.33,-183.57,0
29410,90.91,-184.13,0
29422,90.91,-184.60,0
29433,83.33,-184.33,0
29445,83.33,-182.46,0
29456,90.91,-181.95,0
29467,90.91,-182.13,0
29478,90.91,-183.93,0
29490,83.33,-184.99,0
29502,83.33,-184.52,0
29513,90.91,-183.38,0
29524,90.91,-182.57,0
29536,83.33,-182.33,0
29547,90.91,-182.04,0
29558,90.91,-183.27,0
29571,76.92,-183.75,0
29582,90.91,-183.96,0
29593,90.91,-183.98,0
29604,90.91,-183.05,0
29616,83.33,-182.07,0
29627,90.91,-182.04,0
29639,83.33,-182.31,0
29650,90.91,-183.15,0
29662,83.33,-184.03,0
29673,90.91,-184.67,0
29684,90.91,-184.03,0
29696,83.33,-182.78,0
29708,83.33,-181.60,0
29719,90.91,-181.91,0
29730,90.91,-183.01,0
29742,83.33,-183.96,0
29753,90.91,-184.72,0
29764,90.91,-184.34,0
29776,83.33,-183.35,0
29788,83.33,-182.26,0
29799,90.91,-181.71,0
29810,90.91,-181.99,0
29821,90.91,-183.36,0
29833,83.33,-184.32,0
29845,83.33,-184.37,0
29856,90.91,-183.97,0
29868,83.33,-183.01,0
29879,90.91,-182.10,0
29890,90.91,-181.73,0
29901,90.91,-182.83,0
29914,76.92,-184.50,0
29925,90.91,-185.50,0
29936,90.91,-184.11,0
29947,90.91,-182.37,0
29959,83.33,-181.97,0
29970,90.91,-181.77,0
29982,90.91,-182.26,0
29993,83.33,-183.60,0
30005,83.33,-184.42,0
30016,90.91,-184.58,0
30027,90.91,-184.24,0
30039,83.33,-183.06,0
30050,90.91,-181.84,0
30062,83.33,-182.18,0
30073,90.91,-183.01,0
30085,83.33,-183.80,0
30096,90.91,-184.93,0
30107,90.91,-183.99,0
30118,90.91,-182.92,0
30131,76.92,-182.19,0
30142,90.91,-181.86,0
30153,90.91,-182.32,0
30164,90.91,-183.82,0
30176,83.33,-184.27,0
30187,90.91,-184.41,0
30199,83.33,-184.04,0
30211,83.33,-182.09,0
30222,90.91,-181.26,0
30233,90.91,-181.87,0
30244,90.91,-182.94,0
30256,83.33,-184.35,0
30268,83.33,-185.12,0
30279,90.91,-184.44,0
30290,90.91,-182.97,0
30302,83.33,-182.13,0
30313,90.91,-182.25,0
30324,90.91,-181.77,0
30337,76.92,-182.52,0
30348,90.91,-184.02,0
30359,90.91,-184.36,0
30370,90.91,-183.55,0
30382,83.33,-182.69,0
30393,90.91,-181.82,0
30405,83.33,-182.38,0
30416,90.91,-183.31,0
30428,83.33,-184.26,0
30439,90.91,-185.02,0
30450,90.91,-184.32,0
30461,90.91,-182.28,0
30474,83.33,-181.49,0
30485,83.33,-181.22,0
30496,90.91,-182.15,0
30508,83.33,-183.43,0
30519,90.91,-184.27,0
30530,90.91,-184.53,0
30542,90.91,-183.62,0
30554,76.92,-182.67,0
30565,90.91,-181.94,0
30576,90.91,-182.09,0
30587,90.91,-183.10,0
30599,83.33,-183.65,0
30610,90.91,-184.02,0
30622,83.33,-183.68,0
30633,90.91,-182.85,0
30645,83.33,-182.07,0
30656,90.91,-181.88,0
30667,90.91,-182.91,0
30679,83.33,-183.69,0
30691,83.33,-184.65,0
30702,90.91,-184.90,0
30713,90.91,-184.02,0
30725,83.33,-182.03,0
30736,90.91,-181.57,0
30747,90.91,-181.66,0
30759,83.33,-182.55,0
30771,83.33,-183.84,0
30782,90.91,-184.52,0
30793,90.91,-184.25,0
30804,90.91,-183.35,0
30816,83.33,-182.25,0
30828,83.33,-181.59,0
30839,90.91,-182.29,0
30851,83.33,-183.64,0
30862,90.91,-184.30,0
30873,90.91,-184.52,0
30884,90.91,-183.92,0
30897,76.92,-182.60,0
30908,90.91,-182.58,0
30919,90.91,-182.05,0
30930,90.91,-182.88,0
30942,83.33,-183.94,0
30953,90.91,-184.13,0
30965,83.33,-184.08,0
30977,83.33,-182.89,0
30988,90.91,-181.79,0
30999,90.91,-181.46,0
31010,90.91,-182.09,0
31022,83.33,-183.59,0
31034,83.33,-184.68,0
31045,90.91,-184.81,0
31056,90.91,-184.19,0
31068,83.33,-182.61,0
31079,90.91,-181.74,0
31090,90.91,-181.97,0
31102,90.91,-182.69,0
31114,76.92,-183.14,0
31125,90.91,-184.32,0
31136,90.91,-184.22,0
31148,83.33,-183.16,0
31159,90.91,-182.00,0
31170,90.91,-182.47,0
31182,83.33,-183.84,0
31194,83.33,-184.11,0
31205,90.91,-184.47,0
31216,90.91,-184.12,0
31227,90.91,-183.40,0
31239,83.33,-182.10,0
31251,83.33,-181.54,0
31262,90.91,-181.64,0
31273,90.91,-183.03,0
31285,83.33,-184.45,0
31296,90.91,-184.58,0
31307,90.91,-184.10,0
31320,76.92,-182.99,0
31331,90.91,-181.61,0
31342,90.91,-181.43,0
31353,90.91,-181.79,0
31365,83.33,-183.29,0
31376,90.91,-184.55,0
31388,83.33,-184.63,0
31399,90.91,-183.54,0
31411,83.33,-182.23,0
31422,90.91,-181.84,0
31433,90.91,-181.87,0
31444,90.91,-182.94,0
31457,76.92,-183.95,0
31468,90.91,-184.60,0
31479,90.91,-184.58,0
31491,83.33,-183.26,0
31502,90.91,-181.88,0
31513,90.91,-181.78,0
31525,83.33,-182.86,0
31537,83.33,-183.80,0
31548,90.91,-184.47,0
31559,90.91,-184.70,0
31570,90.91,-183.57,0
31582,83.33,-182.26,0
31594,83.33,-181.57,0
31605,90.91,-180.96,0
31617,83.33,-182.92,0
31628,90.91,-184.54,0
31639,90.91,-184.28,0
31650,90.91,-183.76,0
31663,83.33,-183.52,0
31674,83.33,-182.38,0
31685,90.91,-181.75,0
31696,90.91,-182.40,0
31708,83.33,-183.44,0
31719,90.91,-184.56,0
31731,90.91,-184.19,0
31742,83.33,-183.75,0
31754,83.33,-182.37,0
31765,90.91,-181.82,0
31776,90.91,-182.26,0
31788,83.33,-182.96,0
31799,90.91,-183.66,0
31811,83.33,-184.85,0
31822,90.91,-183.68,0
31834,83.33,-182.41,0
31845,90.91,-181.99,0
31856,90.91,-181.38,0
31867,90.91,-182.95,0
31880,76.92,-183.89,0
31891,90.91,-184.55,0
31902,90.91,-184.59,0
31913,90.91,-183.67,0
31925,83.33,-182.48,0
31936,90.91,-182.37,0
31948,83.33,-181.98,0
31960,83.33,-183.09,0
31971,90.91,-184.00,0
31982,90.91,-184.28,0
31993,90.91,-184.26,0
32005,83.33,-182.66,0
32017,83.33,-181.86,0
32028,90.91,-181.90,0
32039,90.91,-182.85,0
32051,83.33,-184.64,0
32062,90.91,-185.15,0
32073,90.91,-184.34,0
32086,76.92,-183.59,0
32097,90.91,-182.50,0
32108,90.91,-182.07,0
32119,90.91,-182.58,0
32131,83.33,-183.32,0
32142,90.91,-184.09,0
32154,83.33,-184.43,0
32165,90.91,-183.94,0
32177,83.33,-182.75,0
32188,90.91,-182.11,0
32199,90.91,-182.71,0
32210,90.91,-183.26,0
32223,83.33,-183.88,0
32234,83.33,-183.91,0
32245,90.91,-183.66,0
32257,83.33,-182.82,0
32268,90.91,-181.59,0
32279,90.91,-181.77,0
32291,90.91,-182.47,0
32303,76.92,-183.54,0
32314,90.91,-184.39,0
32325,90.91,-184.26,0
32336,90.91,-183.98,0
32348,83.33,-183.40,0
32359,90.91,-181.58,0
32371,83.33,-181.14,0
32382,90.91,-182.20,0
32394,83.33,-183.68,0
32405,90.91,-184.50,0
32416,90.91,-183.82,0
32428,83.33,-182.73,0
32440,83.33,-182.25,0
32451,90.91,-182.84,0
32462,90.91,-182.55,0
32474,83.33,-182.93,0
32485,90.91,-184.01,0
32496,90.91,-184.10,0
32508,83.33,-182.87,0
32520,83.33,-181.75,0
32531,90.91,-181.87,0
32542,90.91,-181.84,0
32553,90.91,-182.89,0
32565,83.33,-184.24,0
32577,83.33,-185.41,0
32588,90.91,-184.79,0
32600,83.33,-183.22,0
32611,90.91,-181.96,0
32622,90.91,-181.19,0
32633,90.91,-181.68,0
32646,76.92,-182.80,0
32657,90.91,-184.54,0
32668,90.91,-184.88,0
32679,90.91,-184.29,0
32691,83.33,-183.71,0
32702,90.91,-182.20,0
32714,83.33,-181.93,0
32726,83.33,-182.51,0
32737,90.91,-183.54,0
32748,90.91,-184.54,0
32759,90.91,-183.76,0
32771,83.33,-183.13,0
32783,90.91,-181.98,0
32794,83.33,-182.21,0
32805,90.91,-182.30,0
32817,83.33,-183.03,0
32828,90.91,-183.51,0
32839,90.91,-184.02,0
32850,90.91,-183.93,0
32863,76.92,-182.45,0
32874,90.91,-182.00,0
32885,90.91,-181.64,0
32897,83.33,-182.54,0
32908,90.91,-183.87,0
32919,90.91,-184.82,0
32931,83.33,-184.04,0
32943,83.33,-183.17,0
32954,90.91,-182.72,0
32965,90.91,-182.66,0
32976,90.91,-182.40,0
32988,83.33,-183.51,0
33000,83.33,-183.95,0
33011,90.91,-183.82,0
33022,90.91,-183.46,0
33034,83.33,-182.41,0
33045,90.91,-181.04,0
33056,90.91,-181.41,0
33069,76.92,-183.18,0
33080,90.91,-184.73,0
33091,90.91,-185.50,0
33102,90.91,-184.81,0
33114,83.33,-183.25,0
33125,90.91,-181.32,0
33137,83.33,-180.35,0
33148,90.91,-181.25,0
33160,83.33,-183.08,0
33171,90.91,-184.62,0
33182,90.91,-184.79,0
33193,90.91,-184.21,0
33206,76.92,-183.21,0
33217,90.91,-182.14,0
33228,90.91,-181.37,0
33240,83.33,-182.45,0
33251,90.91,-183.21,0
33262,90.91,-184.37,0
33274,83.33,-184.08,0
33286,83.33,-183.24,0
33297,90.91,-182.83,0
33308,90.91,-182.78,0
33319,90.91,-183.19,0
33331,83.33,-184.27,0
33343,90.91,-184.97,0
33354,83.33,-184.07,0
33366,83.33,-182.98,0
33377,90.91,-181.64,0
33388,90.91,-180.45,0
33399,90.91,-180.72,0
33411,83.33,-182.16,0
33423,83.33,-184.14,0
33434,90.91,-185.44,0
33445,90.91,-184.15,0
33457,83.33,-183.03,0
33468,90.91,-182.87,0
33479,90.91,-182.34,0
33491,83.33,-182.13,0
33503,83.33,-182.90,0
33514,90.91,-184.07,0
33525,90.91,-183.98,0
33537,83.33,-182.75,0
33548,90.91,-182.45,0
33560,83.33,-181.79,0
33571,90.91,-182.29,0
33583,83.33,-183.22,0
33594,90.91,-184.48,0
33605,90.91,-185.12,0
33616,90.91,-184.07,0
33629,76.92,-182.48,0
33640,90.91,-181.30,0
33651,90.91,-181.34,0
33662,90.91,-182.09,0
33674,83.33,-183.55,0
33685,90.91,-184.56,0
33697,83.33,-185.11,0
33709,83.33,-184.18,0
33720,90.91,-182.67,0
33731,90.91,-181.81,0
33742,90.91,-181.60,0
33754,83.33,-183.13,0
33766,83.33,-184.51,0
33777,90.91,-184.70,0
33788,90.91,-183.79,0
33800,83.33,-183.20,0
33811,90.91,-181.90,0
33822,90.91,-182.01,0
33835,90.91,-182.79,0
33846,76.92,-184.40,0
33857,90.91,-185.53,0
33868,90.91,-184.88,0
33880,83.33,-183.58,0
33891,90.91,-182.39,0
33902,90.91,-181.14,0
33914,83.33,-181.55,0
33926,83.33,-182.92,0
33937,90.91,-184.25,0
33948,90.91,-184.64,0
33959,90.91,-184.54,0
33971,83.33,-183.75,0
33983,83.33,-182.63,0
33994,90.91,-182.39,0
34006,83.33,-182.20,0
34017,90.91,-182.74,0
34028,90.91,-183.25,0
34039,90.91,-184.20,0
34052,76.92,-183.40,0
34063,90.91,-182.12,0
34074,90.91,-182.05,0
34085,90.91,-182.78,0
34097,83.33,-184.34,0
34108,90.91,-184.81,0
34120,83.33,-184.76,0
34131,90.91,-184.20,0
34143,83.33,-182.92,0
34154,90.91,-181.90,0
34165,90.91,-181.18,0
34177,83.33,-181.76,0
34189,83.33,-183.10,0
34200,90.91,-185.01,0
34211,90.91,-185.31,0
34223,83.33,-184.27,0
34234,90.91,-183.36,0
34245,90.91,-182.67,0
34257,83.33,-182.02,0
34269,83.33,-182.53,0
34280,90.91,-183.18,0
34291,90.91,-183.67,0
34302,90.91,-182.85,0
34314,83.33,-182.33,0
34326,83.33,-182.46,0
34337,90.91,-182.75,0
34349,83.33,-182.91,0
34360,90.91,-184.33,0
34371,90.91,-184.95,0
34382,90.91,-183.83,0
34395,83.33,-182.64,0
34406,83.33,-181.88,0
34417,90.91,-181.86,0
34428,90.91,-181.64,0
34440,83.33,-182.75,0
34451,90.91,-184.11,0
34462,90.91,-185.05,0
34475,76.92,-184.63,0
34486,90.91,-184.09,0
34497,90.91,-182.74,0
34508,90.91,-182.23,0
34520,83.33,-182.45,0
34531,90.91,-183.12,0
34543,83.33,-184.12,0
34554,90.91,-184.12,0
34566,83.33,-183.64,0
34577,90.91,-182.83,0
34588,90.91,-182.62,0
34599,90.91,-182.69,0
34612,76.92,-184.06,0
34623,90.91,-184.64,0
34634,90.91,-185.06,0
34646,83.33,-184.50,0
34657,90.91,-182.77,0
34668,90.91,-181.48,0
34680,83.33,-181.31,0
34692,83.33,-181.78,0
34703,90.91,-183.46,0
34714,90.91,-184.96,0
34725,90.91,-184.62,0
34737,83.33,-183.85,0
34749,83.33,-183.13,0
34760,90.91,-182.22,0
34771,90.91,-181.98,0
34783,83.33,-182.67,0
34794,90.91,-183.30,0
34805,90.91,-183.79,0
34818,83.33,-182.85,0
34829,90.91,-181.83,0
34840,90.91,-181.63,0
34851,90.91,-181.80,0
34863,83.33,-183.14,0
34874,90.91,-184.58,0
34886,90.91,-185.09,0
34897,83.33,-184.27,0
34909,83.33,-182.96,0
34920,90.91,-181.25,0
34931,90.91,-180.48,0
34942,90.91,-181.09,0
34954,83.33,-182.59,0
34966,83.33,-184.04,0
34977,90.91,-184.94,0
34989,83.33,-184.79,0
35000,90.91,-183.74,0
35011,90.91,-182.39,0
35022,90.91,-181.86,0
35035,76.92,-182.39,0
35046,90.91,-183.37,0
35057,90.91,-184.11,0
35068,90.91,-183.67,0
35080,83.33,-183.07,0
35091,90.91,-182.85,0
35103,83.33,-182.82,0
35115,83.33,-183.09,0
35126,90.91,-184.39,0
35137,90.91,-184.86,0
35148,90.91,-184.96,0
35160,83.33,-184.02,0
35172,83.33,-182.37,0
35183,90.91,-181.34,0
35194,90.91,-181.05,0
35206,83.33,-182.04,0
35217,90.91,-183.38,0
35228,90.91,-184.79,0
35240,83.33,-184.83,0
35252,83.33,-183.78,0
35263,90.91,-182.72,0
35274,90.91,-182.19,0
35286,83.33,-181.44,0
35297,90.91,-182.64,0
35309,83.33,-183.52,0
35320,90.91,-184.32,0
35332,83.33,-183.66,0
35343,90.91,-182.39,0
35354,90.91,-181.72,0
35365,90.91,-181.87,0
35378,83.33,-183.34,0
35389,83.33,-184.38,0
35400,90.91,-184.96,0
35411,90.91,-184.29,0
35423,83.33,-183.11,0
35434,90.91,-181.67,0
35445,90.91,-181.51,0
35458,76.92,-181.99,0
35469,90.91,-183.03,0
35480,90.91,-184.46,0
35491,90.91,-185.83,0
35503,83.33,-185.18,0
35514,90.91,-183.94,0
35526,83.33,-182.13,0
35537,90.91,-181.50,0
35549,83.33,-181.68,0
35560,90.91,-182.53,0
35571,90.91,-183.49,0
35582,90.91,-183.35,0
35595,76.92,-183.00,0
35606,90.91,-181.96,0
35617,90.91,-182.16,0
35629,83.33,-182.56,0
35640,90.91,-183.23,0
35651,90.91,-185.01,0
35663,83.33,-185.20,0
35675,83.33,-184.48,0
35686,90.91,-182.28,0
35697,90.91,-181.38,0
35708,90.91,-181.57,0
35720,83.33,-183.04,0
35732,83.33,-184.33,0
35743,90.91,-185.00,0
35755,83.33,-185.08,0
35766,90.91,-184.18,0
35777,90.91,-182.68,0
35788,90.91,-181.79,0
35801,76.92,-181.50,0
35812,90.91,-182.28,0
35823,90.91,-183.33,0
35834,90.91,-183.96,0
35846,83.33,-184.26,0
35857,90.91,-183.07,0
35869,90.91,-182.15,0
35880,83.33,-182.27,0
35892,83.33,-183.40,0
35903,90.91,-184.36,0
35914,90.91,-184.21,0
35926,83.33,-183.56,0
35938,90.91,-182.56,0
35949,83.33,-181.60,0
35960,90.91,-181.28,0
35972,83.33,-181.88,0
35983,90.91,-183.32,0
35994,90.91,-184.70,0
36005,90.91,-185.72,0
36018,76.92,-184.96,0
36029,90.91,-183.69,0
36040,90.91,-182.95,0
36051,90.91,-181.98,0
36063,83.33,-181.51,0
36074,90.91,-182.44,0
36086,83.33,-183.01,0
36098,83.33,-183.26,0
36109,90.91,-183.07,0
36120,90.91,-182.05,0
36131,90.91,-182.63,0
36143,83.33,-183.15,0
36155,83.33,-184.64,0
36166,90.91,-185.64,0
36177,90.91,-184.61,0
36189,83.33,-183.30,0
36200,90.91,-181.87,0
36211,90.91,-181.02,0
36224,76.92,-181.06,0
36235,90.91,-182.57,0
36246,90.91,-183.56,0
36257,90.91,-185.46,0
36269,83.33,-185.77,0
36280,90.91,-184.10,0
36292,83.33,-182.55,0
36303,90.91,-182.07,0
36315,83.33,-182.32,0
36326,90.91,-182.80,0
36337,90.91,-183.60,0
36348,90.91,-184.10,0
36361,83.33,-183.78,0
36372,83.33,-183.10,0
36383,90.91,-182.15,0
36395,83.33,-182.64,0
36406,90.91,-183.12,0
36417,90.91,-183.98,0
36428,90.91,-184.30,0
36441,76.92,-183.43,0
36452,90.91,-182.03,0
36463,90.91,-181.33,0
36474,90.91,-181.30,0
36486,83.33,-182.26,0
36497,90.91,-183.92,0
36509,83.33,-184.63,0
36520,90.91,-184.79,0
36532,83.33,-184.48,0
36543,90.91,-182.92,0
36554,90.91,-182.19,0
36566,83.33,-181.73,0
36578,83.33,-181.91,0
36589,90.91,-182.86,0
36600,90.91,-184.00,0
36612,83.33,-184.15,0
36623,90.91,-183.64,0
36634,90.91,-183.32,0
36646,83.33,-182.55,0
36658,83.33,-183.17,0
36669,90.91,-184.23,0
36680,90.91,-185.25,0
36691,90.91,-184.58,0
36703,83.33,-182.89,0
36715,83.33,-181.11,0
36726,90.91,-180.97,0
36738,83.33,-181.55,0
36749,90.91,-183.09,0
36760,90.91,-184.19,0
36771,90.91,-185.56,0
36784,83.33,-185.11,0
36795,83.33,-183.75,0
36806,90.91,-181.89,0
36817,90.91,-181.00,0
36829,83.33,-181.39,0
36840,90.91,-182.85,0
36852,90.91,-183.13,0
36864,76.92,-184.23,0
36875,90.91,-183.64,0
36886,90.91,-183.03,0
36897,90.91,-182.19,0
36909,83.33,-182.26,0
36920,90.91,-183.45,0
36932,83.33,-184.80,0
36943,90.91,-184.11,0
36955,83.33,-183.44,0
36966,90.91,-182.71,0
36977,90.91,-181.86,0
36988,90.91,-181.80,0
37001,76.92,-182.12,0
37012,90.91,-183.73,0
