1166,15.15,-183.66,0
77,90.91,-182.73,0
89,83.33,-181.91,0
100,90.91,-181.21,0
111,90.91,-181.00,0
123,90.91,-182.68,0
135,76.92,-183.25,0
146,90.91,-183.42,0
157,90.91,-182.06,0
168,90.91,-180.07,0
180,83.33,-180.21,0
192,90.91,-181.66,0
203,83.33,-183.29,0
215,83.33,-184.27,0
226,90.91,-183.68,0
237,90.91,-182.73,0
248,90.91,-181.10,0
260,83.33,-181.29,0
272,83.33,-181.85,0
283,90.91,-182.82,0
294,90.91,-183.13,0
306,83.33,-182.64,0
317,90.91,-181.35,0
328,90.91,-180.56,0
340,83.33,-181.29,0
352,83.33,-182.20,0
363,90.91,-183.25,0
374,90.91,-183.78,0
386,83.33,-183.17,0
397,90.91,-181.54,0
409,83.33,-180.63,0
420,90.91,-180.73,0
432,83.33,-181.90,0
443,90.91,-183.20,0
454,90.91,-183.45,0
465,90.91,-182.51,0
478,76.92,-181.22,0
489,90.91,-181.07,0
500,90.91,-181.47,0
512,83.33,-183.42,0
523,90.91,-183.85,0
534,90.91,-182.75,0
546,83.33,-181.33,0
558,83.33,-181.14,0
569,90.91,-181.13,0
580,90.91,-182.07,0
591,90.91,-183.78,0
603,83.33,-183.83,0
615,83.33,-182.63,0
626,90.91,-181.32,0
637,90.91,-180.29,0
649,83.33,-181.25,0
660,90.91,-182.69,0
671,90.91,-183.15,0
684,76.92,-183.10,0
695,90.91,-181.72,0
706,90.91,-180.45,0
717,90.91,-180.91,0
729,83.33,-181.52,0
740,90.91,-182.92,0
752,83.33,-183.95,0
763,90.91,-183.40,0
775,83.33,-181.61,0
786,90.91,-180.66,0
797,90.91,-180.80,0
808,90.91,-182.18,0
821,76.92,-183.76,0
832,90.91,-184.11,0
843,90.91,-182.61,0
855,83.33,-181.52,0
866,90.91,-181.13,0
877,90.91,-181.54,0
889,90.91,-182.31,0
901,76.92,-183.18,0
912,90.91,-183.24,0
923,90.91,-181.62,0
934,90.91,-180.93,0
946,83.33,-180.98,0
958,90.91,-181.36,0
969,83.33,-182.79,0
980,90.91,-184.46,0
992,83.33,-184.34,0
1003,90.91,-182.97,0
1014,90.91,-181.91,0
1026,83.33,-181.70,0
1038,83.33,-181.46,0
1049,90.91,-182.65,0
1060,90.91,-183.34,0
1072,83.33,-182.75,0
1083,90.91,-181.25,0
1094,90.91,-180.69,0
1106,83.33,-181.45,0
1118,83.33,-182.83,0
1129,90.91,-183.69,0
1140,90.91,-183.34,0
1152,83.33,-182.70,0
1163,90.91,-181.26,0
1175,83.33,-180.57,0
1186,90.91,-180.92,0
1198,83.33,-181.68,0
1209,90.91,-183.75,0
1220,90.91,-184.49,0
1231,90.91,-182.71,0
1244,76.92,-181.64,0
1255,90.91,-181.25,0
1266,90.91,-181.38,0
1277,90.91,-181.99,0
1289,83.33,-182.95,0
1300,90.91,-182.63,0
1312,83.33,-181.89,0
1324,83.33,-180.68,0
1335,90.91,-181.23,0
1346,90.91,-182.69,0
1357,90.91,-184.03,0
1369,83.33,-184.38,0
1381,83.33,-183.25,0
1392,90.91,-181.43,0
1403,90.91,-180.25,0
1415,83.33,-181.32,0
1426,90.91,-182.17,0
1437,90.91,-183.10,0
1449,83.33,-183.23,0
1461,83.33,-182.09,0
1472,90.91,-180.93,0
1483,90.91,-180.88,0
1495,83.33,-181.55,0
1506,90.91,-183.03,0
1518,90.91,-184.07,0
1529,83.33,-184.00,0
1541,83.33,-182.54,0
1552,90.91,-180.80,0
1563,90.91,-180.77,0
1574,90.91,-181.18,0
1587,83.33,-183.36,0
1598,83.33,-184.75,0
1609,90.91,-184.01,0
1620,90.91,-182.20,0
1632,83.33,-181.18,0
1643,90.91,-181.31,0
1654,90.91,-182.10,0
1667,76.92,-182.85,0
1678,90.91,-183.55,0
1689,90.91,-182.34,0
1700,90.91,-180.92,0
1712,83.33,-181.13,0
1723,90.91,-181.64,0
1735,83.33,-183.00,0
1746,90.91,-183.63,0
1758,83.33,-183.32,0
1769,90.91,-181.99,0
1780,90.91,-180.42,0
1792,83.33,-180.24,0
1804,83.33,-181.42,0
1815,90.91,-182.15,0
1826,90.91,-182.66,0
1838,83.33,-183.23,0
1849,90.91,-181.71,0
1860,90.91,-180.64,0
1872,83.33,-181.02,0
1884,83.33,-182.01,0
1895,90.91,-183.11,0
1906,90.91,-183.62,0
1917,90.91,-183.35,0
1929,83.33,-181.71,0
1941,83.33,-180.16,0
1952,90.91,-180.42,0
1964,83.33,-181.97,0
1975,90.91,-183.38,0
1986,90.91,-183.59,0
1997,90.91,-182.51,0
2010,76.92,-181.56,0
2021,90.91,-180.89,0
2032,90.91,-181.23,0
2043,90.91,-182.73,0
2055,83.33,-182.99,0
2066,90.91,-182.64,0
2078,83.33,-181.23,0
2089,90.91,-180.36,0
2101,83.33,-180.82,0
2112,90.91,-181.82,0
2123,90.91,-183.59,0
2135,83.33,-184.29,0
2147,90.91,-183.19,0
2158,83.33,-181.81,0
2169,90.91,-180.44,0
2181,83.33,-180.60,0
2192,90.91,-181.69,0
2203,90.91,-183.31,0
2215,90.91,-183.91,0
2227,76.92,-182.92,0
2238,90.91,-181.62,0
2249,90.91,-181.71,0
2260,90.91,-181.86,0
2272,83.33,-182.93,0
2283,90.91,-183.77,0
2295,83.33,-183.54,0
2307,83.33,-182.06,0
2318,90.91,-180.50,0
2329,90.91,-180.37,0
2340,90.91,-180.71,0
2352,83.33,-182.70,0
2364,83.33,-183.16,0
2375,90.91,-183.58,0
2386,90.91,-182.05,0
2398,83.33,-180.64,0
2409,90.91,-181.34,0
2420,90.91,-181.75,0
2433,76.92,-183.00,0
2444,90.91,-182.74,0
2455,90.91,-181.65,0
2466,90.91,-180.90,0
2478,83.33,-180.83,0
2489,90.91,-181.22,0
2501,83.33,-182.80,0
2512,90.91,-184.11,0
2524,83.33,-184.06,0
2535,90.91,-183.14,0
2546,90.91,-181.64,0
2557,90.91,-180.44,0
2570,76.92,-180.58,0
2581,90.91,-182.30,0
2592,90.91,-183.93,0
2604,83.33,-183.74,0
2615,90.91,-182.46,0
2626,90.91,-181.35,0
2638,83.33,-181.45,0
2650,83.33,-182.06,0
2661,90.91,-182.70,0
2672,90.91,-183.31,0
2683,90.91,-182.96,0
2695,83.33,-180.99,0
2707,83.33,-180.35,0
2718,90.91,-181.21,0
2729,90.91,-182.59,0
2741,83.33,-182.93,0
2752,90.91,-183.70,0
2763,90.91,-182.84,0
2776,83.33,-181.77,0
2787,83.33,-181.01,0
2798,90.91,-181.21,0
2809,90.91,-182.53,0
2821,83.33,-182.93,0
2832,90.91,-182.65,0
2844,90.91,-181.71,0
2855,83.33,-180.92,0
2867,83.33,-180.66,0
2878,90.91,-181.53,0
2889,90.91,-183.12,0
2900,90.91,-183.89,0
2912,83.33,-183.08,0
2924,83.33,-181.75,0
2935,90.91,-180.53,0
2947,83.33,-180.95,0
2958,90.91,-181.81,0
2969,90.91,-182.98,0
2980,90.91,-182.90,0
2993,76.92,-182.64,0
3004,90.91,-182.22,0
3015,90.91,-182.28,0
3026,90.91,-181.96,0
3038,83.33,-182.56,0
3049,90.91,-183.71,0
3061,83.33,-183.52,0
3073,83.33,-182.29,0
3084,90.91,-180.48,0
3095,90.91,-179.92,0
3106,90.91,-180.97,0
3118,83.33,-182.48,0
3130,83.33,-183.08,0
3141,90.91,-183.49,0
3152,90.91,-182.00,0
3164,83.33,-180.68,0
3175,90.91,-181.07,0
3186,90.91,-181.37,0
3198,83.33,-182.89,0
3210,83.33,-183.27,0
3221,90.91,-182.61,0
3232,90.91,-181.40,0
3244,83.33,-180.94,0
3255,90.91,-181.04,0
3267,83.33,-181.73,0
3278,90.91,-183.52,0
3290,83.33,-183.99,0
3301,90.91,-182.95,0
3312,90.91,-181.37,0
3323,90.91,-180.80,0
3336,83.33,-180.91,0
3347,90.91,-182.23,0
3358,90.91,-183.29,0
3369,90.91,-183.73,0
3381,83.33,-182.51,0
3392,90.91,-181.34,0
3404,90.91,-181.70,0
3416,76.92,-181.82,0
3427,90.91,-182.87,0
3438,90.91,-183.21,0
3449,90.91,-183.01,0
3461,83.33,-181.45,0
3473,90.91,-180.17,0
3484,83.33,-180.60,0
3495,90.91,-181.46,0
3507,83.33,-183.10,0
3518,90.91,-183.91,0
3529,90.91,-183.10,0
3540,90.91,-181.86,0
3553,76.92,-180.67,0
3564,90.91,-180.77,0
3575,90.91,-181.76,0
3587,83.33,-183.14,0
3598,90.91,-183.08,0
3609,90.91,-182.13,0
3621,83.33,-180.79,0
3633,83.33,-180.84,0
3644,90.91,-181.68,0
3655,90.91,-183.30,0
3666,90.91,-183.80,0
3678,83.33,-183.59,0
3690,83.33,-181.84,0
3701,90.91,-180.56,0
3713,83.33,-180.69,0
3724,90.91,-181.22,0
3735,90.91,-182.60,0
3746,90.91,-182.87,0
3759,76.92,-182.32,0
3770,90.91,-181.51,0
3781,90.91,-181.20,0
3792,90.91,-181.62,0
3804,83.33,-182.32,0
3815,90.91,-182.94,0
3827,83.33,-183.08,0
3838,90.91,-182.09,0
3850,83.33,-180.37,0
3861,90.91,-180.12,0
3872,90.91,-181.29,0
3884,83.33,-182.77,0
3896,83.33,-183.64,0
3907,90.91,-183.72,0
3918,90.91,-182.62,0
3930,83.33,-181.66,0
3941,90.91,-181.01,0
3952,90.91,-182.03,0
3964,90.91,-183.01,0
3976,83.33,-182.77,0
3987,90.91,-182.22,0
3998,90.91,-181.21,0
4009,90.91,-180.71,0
4021,83.33,-182.00,0
4033,90.91,-182.87,0
4044,83.33,-183.82,0
4056,83.33,-184.58,0
4067,90.91,-183.16,0
4078,90.91,-181.05,0
4089,90.91,-179.95,0
4101,83.33,-180.30,0
4113,83.33,-181.95,0
4124,90.91,-182.77,0
4135,90.91,-182.61,0
4147,83.33,-181.36,0
4158,90.91,-180.81,0
4169,90.91,-181.06,0
4182,76.92,-181.50,0
4193,90.91,-182.71,0
4204,90.91,-183.87,0
4215,90.91,-183.17,0
4227,83.33,-181.15,0
4238,90.91,-179.79,0
4250,83.33,-180.25,0
4261,90.91,-181.06,0
4273,83.33,-183.16,0
4284,90.91,-184.06,0
4295,90.91,-183.56,0
4306,90.91,-182.16,0
4319,76.92,-180.66,0
4330,90.91,-180.88,0
4341,90.91,-181.71,0
4353,83.33,-182.40,0
4364,90.91,-182.56,0
4375,90.91,-181.61,0
4387,83.33,-180.86,0
4399,83.33,-181.19,0
4410,90.91,-182.11,0
4421,90.91,-183.20,0
4432,90.91,-183.70,0
4444,83.33,-183.50,0
4456,83.33,-182.19,0
4467,90.91,-180.24,0
4478,90.91,-180.62,0
4490,83.33,-181.53,0
4501,90.91,-182.67,0
4512,90.91,-183.57,0
4525,76.92,-183.58,0
4536,90.91,-182.12,0
4547,90.91,-180.71,0
4558,90.91,-181.74,0
4570,83.33,-182.44,0
4581,90.91,-183.13,0
4593,90.91,-182.89,0
4604,83.33,-182.22,0
4616,83.33,-180.19,0
4627,90.91,-180.13,0
4638,90.91,-180.76,0
4649,90.91,-182.32,0
4661,83.33,-183.44,0
4673,83.33,-184.10,0
4684,90.91,-182.90,0
4696,83.33,-181.37,0
4707,90.91,-180.75,0
4718,90.91,-180.93,0
4729,90.91,-181.89,0
4742,76.92,-183.00,0
4753,90.91,-182.97,0
4764,90.91,-181.98,0
4775,90.91,-180.81,0
4787,83.33,-181.63,0
4798,90.91,-182.55,0
4810,83.33,-183.97,0
4822,83.33,-183.81,0
4833,90.91,-182.92,0
4844,90.91,-181.24,0
4855,90.91,-180.82,0
4867,83.33,-180.79,0
4879,83.33,-181.65,0
4890,90.91,-183.16,0
4901,90.91,-183.69,0
4913,83.33,-182.23,0
4924,90.91,-181.96,0
4935,90.91,-181.78,0
4947,83.33,-181.72,0
4959,83.33,-183.37,0
4970,90.91,-183.47,0
4981,90.91,-182.68,0
4993,83.33,-181.62,0
5004,90.91,-180.91,0
5016,83.33,-180.64,0
5027,90.91,-181.29,0
5039,83.33,-182.76,0
5050,90.91,-184.29,0
5061,90.91,-183.43,0
5072,90.91,-182.02,0
5085,76.92,-181.40,0
5096,90.91,-181.51,0
5107,90.91,-182.68,0
5118,90.91,-182.91,0
5130,83.33,-182.86,0
5141,90.91,-181.67,0
5153,90.91,-180.52,0
5165,76.92,-180.37,0
5176,90.91,-181.31,0
5187,90.91,-183.19,0
5198,90.91,-184.04,0
5210,83.33,-183.96,0
5222,90.91,-182.75,0
5233,83.33,-181.17,0
5244,90.91,-180.33,0
5256,83.33,-180.71,0
5267,90.91,-181.87,0
5278,90.91,-182.88,0
5291,90.91,-182.62,0
5302,76.92,-182.10,0
5313,90.91,-181.30,0
5324,90.91,-181.76,0
5336,83.33,-182.60,0
5347,90.91,-183.48,0
5358,90.91,-183.47,0
5370,83.33,-182.22,0
5382,83.33,-180.69,0
5393,90.91,-179.32,0
5404,90.91,-180.11,0
5415,90.91,-182.11,0
5427,83.33,-183.95,0
5439,83.33,-184.29,0
5450,90.91,-183.07,0
5462,83.33,-182.06,0
5473,90.91,-181.58,0
5484,90.91,-181.53,0
5495,90.91,-182.37,0
5508,76.92,-182.96,0
5519,90.91,-181.12,0
5530,90.91,-180.44,0
5541,90.91,-180.17,0
5553,83.33,-181.26,0
5564,90.91,-182.80,0
5576,83.33,-184.59,0
5587,90.91,-185.20,0
5599,83.33,-183.88,0
5610,90.91,-182.25,0
5621,90.91,-180.55,0
5633,83.33,-180.21,0
5645,83.33,-180.90,0
5656,90.91,-182.40,0
5667,90.91,-182.79,0
5679,83.33,-182.53,0
5690,90.91,-181.67,0
5701,90.91,-182.35,0
5713,83.33,-182.38,0
5725,83.33,-183.54,0
5736,90.91,-183.76,0
5747,90.91,-183.70,0
5758,90.91,-181.40,0
5770,83.33,-179.65,0
5782,83.33,-180.18,0
5793,90.91,-181.39,0
5805,83.33,-184.03,0
5816,90.91,-184.43,0
5827,90.91,-184.32,0
5838,90.91,-183.39,0
5851,83.33,-182.36,0
5862,83.33,-181.80,0
5873,90.91,-181.32,0
5884,90.91,-182.14,0
5896,83.33,-182.71,0
5907,90.91,-181.77,0
5919,90.91,-180.74,0
5931,76.92,-180.07,0
5942,90.91,-181.81,0
5953,90.91,-183.63,0
5964,90.91,-184.53,0
5976,83.33,-184.58,0
5987,90.91,-183.39,0
5999,83.33,-180.79,0
6010,90.91,-179.98,0
6022,83.33,-180.68,0
6033,90.91,-181.92,0
6044,90.91,-182.54,0
6055,90.91,-182.88,0
6068,76.92,-182.27,0
6079,90.91,-181.35,0
6090,90.91,-181.87,0
6102,83.33,-182.38,0
6113,90.91,-183.39,0
6124,90.91,-183.13,0
6136,83.33,-181.92,0
6148,83.33,-180.30,0
6159,90.91,-179.42,0
6170,90.91,-180.45,0
6181,90.91,-181.97,0
6193,83.33,-183.85,0
6205,83.33,-184.77,0
6216,90.91,-184.27,0
6227,90.91,-182.15,0
6239,83.33,-181.54,0
6250,90.91,-180.87,0
6261,90.91,-181.83,0
6274,76.92,-182.89,0
6285,90.91,-182.25,0
6296,90.91,-180.98,0
6307,90.91,-180.46,0
6319,83.33,-181.23,0
6330,90.91,-182.94,0
6342,83.33,-185.19,0
6353,90.91,-184.69,0
6365,83.33,-183.49,0
6376,90.91,-181.56,0
6387,90.91,-180.32,0
6398,90.91,-180.39,0
6411,76.92,-181.42,0
6422,90.91,-181.75,0
6433,90.91,-182.87,0
6445,83.33,-182.76,0
6456,90.91,-181.73,0
6467,90.91,-181.80,0
6479,90.91,-182.57,0
6491,76.92,-183.31,0
6502,90.91,-184.33,0
6513,90.91,-183.20,0
6524,90.91,-181.55,0
6536,83.33,-179.84,0
6548,90.91,-179.91,0
6559,83.33,-181.17,0
6571,83.33,-183.07,0
6582,90.91,-184.11,0
6593,90.91,-184.16,0
6604,90.91,-182.94,0
6616,83.33,-181.78,0
6628,83.33,-181.72,0
6639,90.91,-182.01,0
6650,90.91,-182.07,0
6662,83.33,-182.61,0
6673,90.91,-181.55,0
6684,90.91,-180.85,0
6696,83.33,-181.29,0
6708,83.33,-182.37,0
6719,90.91,-183.60,0
6730,90.91,-184.17,0
6742,83.33,-184.32,0
6753,90.91,-182.59,0
6765,83.33,-180.62,0
6776,90.91,-179.95,0
6788,83.33,-180.33,0
6799,90.91,-181.70,0
6810,90.91,-182.79,0
6821,90.91,-182.81,0
6834,76.92,-181.90,0
6845,90.91,-181.10,0
6856,90.91,-182.10,0
6867,90.91,-182.71,0
6879,83.33,-182.68,0
6890,90.91,-183.38,0
6902,83.33,-182.23,0
6914,83.33,-180.36,0
6925,90.91,-179.45,0
6936,90.91,-179.53,0
6947,90.91,-181.68,0
6959,83.33,-183.75,0
6971,83.33,-184.16,0
6982,90.91,-183.35,0
6993,90.91,-182.53,0
7005,83.33,-182.09,0
7016,90.91,-181.40,0
7027,90.91,-182.12,0
7040,90.91,-182.17,0
7051,76.92,-181.44,0
7062,90.91,-180.72,0
7073,90.91,-180.29,0
7085,83.33,-181.25,0
7096,90.91,-182.64,0
7108,90.91,-184.48,0
7119,83.33,-184.86,0
7131,83.33,-183.61,0
7142,90.91,-181.44,0
7153,90.91,-180.01,0
7164,90.91,-180.18,0
7176,83.33,-181.23,0
7188,83.33,-183.21,0
7199,90.91,-183.75,0
7211,83.33,-182.47,0
7222,90.91,-181.04,0
7233,90.91,-181.76,0
7244,90.91,-182.50,0
7257,76.92,-183.61,0
7268,90.91,-183.51,0
7279,90.91,-182.60,0
7290,90.91,-181.97,0
7302,83.33,-179.96,0
7313,90.91,-179.59,0
7325,83.33,-180.85,0
7336,90.91,-183.21,0
7348,83.33,-184.28,0
7359,90.91,-184.15,0
7370,90.91,-183.20,0
7382,83.33,-182.29,0
7394,83.33,-181.51,0
7405,90.91,-181.52,0
7416,90.91,-182.58,0
7428,83.33,-183.24,0
7439,90.91,-181.83,0
7450,90.91,-181.04,0
7462,83.33,-180.93,0
7474,83.33,-182.00,0
7485,90.91,-183.56,0
7496,90.91,-184.17,0
7507,90.91,-183.80,0
7519,83.33,-182.28,0
7531,83.33,-180.37,0
7542,90.91,-179.95,0
7554,83.33,-181.06,0
7565,90.91,-182.45,0
7576,90.91,-183.33,0
7587,90.91,-183.33,0
7600,76.92,-182.02,0
7611,90.91,-181.45,0
7622,90.91,-182.02,0
7633,90.91,-183.27,0
7645,83.33,-183.83,0
7656,90.91,-184.08,0
7668,90.91,-182.82,0
7680,83.33,-180.41,0
7691,90.91,-179.28,0
7702,90.91,-179.97,0
7713,90.91,-181.69,0
7725,83.33,-183.54,0
7737,90.91,-184.11,0
7748,83.33,-183.04,0
7759,90.91,-182.15,0
7771,83.33,-181.52,0
7782,90.91,-181.15,0
7793,90.91,-181.21,0
7805,90.91,-182.16,0
7817,76.92,-181.90,0
7828,90.91,-181.30,0
7839,90.91,-180.25,0
7851,83.33,-181.03,0
7862,90.91,-182.25,0
7873,90.91,-184.66,0
7885,83.33,-184.34,0
7897,83.33,-183.64,0
7908,90.91,-181.80,0
7919,90.91,-180.41,0
7930,90.91,-179.73,0
7942,83.33,-180.54,0
7954,83.33,-182.28,0
7965,90.91,-183.21,0
7976,90.91,-182.73,0
7988,83.33,-182.15,0
7999,90.91,-182.06,0
8010,90.91,-182.62,0
8023,76.92,-183.22,0
8034,90.91,-183.92,0
8045,90.91,-182.89,0
8056,90.91,-180.86,0
8068,83.33,-179.32,0
8079,90.91,-179.86,0
8091,83.33,-180.90,0
8102,90.91,-183.24,0
8114,83.33,-184.14,0
8125,90.91,-184.35,0
8136,90.91,-182.72,0
8147,90.91,-181.55,0
8160,76.92,-181.28,0
8171,90.91,-181.63,0
8182,90.91,-182.26,0
8194,83.33,-182.24,0
8205,90.91,-181.48,0
8216,90.91,-180.58,0
8228,83.33,-180.20,0
8240,83.33,-181.32,0
8251,90.91,-182.98,0
8262,90.91,-184.38,0
8273,90.91,-184.07,0
8285,83.33,-183.07,0
8297,83.33,-181.38,0
8308,90.91,-179.66,0
8320,83.33,-180.13,0
8331,90.91,-182.10,0
8342,90.91,-183.21,0
8353,90.91,-183.49,0
8366,76.92,-182.28,0
8377,90.91,-181.90,0
8388,90.91,-182.62,0
8399,90.91,-183.18,0
8411,83.33,-183.68,0
8422,90.91,-183.72,0
8434,83.33,-182.46,0
8445,90.91,-180.64,0
8457,83.33,-180.03,0
8468,90.91,-180.52,0
8479,90.91,-181.89,0
8491,83.33,-183.65,0
8503,90.91,-184.61,0
8514,83.33,-183.76,0
8525,90.91,-181.72,0
8537,83.33,-180.95,0
8548,90.91,-181.05,0
8559,90.91,-181.95,0
8571,90.91,-182.69,0
8583,76.92,-183.00,0
8594,90.91,-181.14,0
8605,90.91,-180.08,0
8616,90.91,-180.92,0
8628,83.33,-182.29,0
8639,90.91,-184.05,0
8651,83.33,-184.59,0
8663,83.33,-183.63,0
8674,90.91,-182.20,0
8685,90.91,-180.54,0
8696,90.91,-180.21,0
8708,83.33,-181.06,0
8720,83.33,-181.66,0
8731,90.91,-182.68,0
8742,90.91,-182.71,0
8754,83.33,-181.99,0
8765,90.91,-181.25,0
8776,90.91,-182.02,0
8788,83.33,-182.79,0
8800,83.33,-183.31,0
8811,90.91,-183.21,0
8822,90.91,-180.93,0
8834,83.33,-179.62,0
8845,90.91,-180.25,0
8857,83.33,-180.92,0
8868,90.91,-183.04,0
8880,83.33,-184.40,0
8891,90.91,-184.39,0
8902,90.91,-182.76,0
8913,90.91,-181.36,0
8926,76.92,-180.37,0
8937,90.91,-180.94,0
8948,90.91,-183.11,0
8960,83.33,-183.46,0
8971,90.91,-182.01,0
8982,90.91,-181.15,0
8994,83.33,-181.19,0
9006,83.33,-181.64,0
9017,90.91,-182.50,0
9028,90.91,-184.42,0
9039,90.91,-184.70,0
9051,83.33,-182.75,0
9063,83.33,-180.38,0
9074,90.91,-179.87,0
9085,90.91,-180.42,0
9097,83.33,-182.24,0
9108,90.91,-182.96,0
9119,90.91,-183.15,0
9132,83.33,-182.75,0
9143,90.91,-181.61,0
9154,90.91,-181.48,0
9165,90.91,-182.12,0
9177,83.33,-182.86,0
9188,90.91,-183.06,0
9200,90.91,-182.46,0
9211,83.33,-180.98,0
9223,83.33,-179.92,0
9234,90.91,-180.51,0
9245,90.91,-182.12,0
9256,90.91,-183.99,0
9268,83.33,-184.43,0
9280,83.33,-183.23,0
9291,90.91,-181.51,0
9303,83.33,-180.83,0
9314,90.91,-181.13,0
9325,90.91,-182.07,0
9336,90.91,-182.69,0
9349,76.92,-183.15,0
9360,90.91,-182.11,0
9371,90.91,-180.29,0
9382,90.91,-180.27,0
9394,83.33,-181.32,0
9405,90.91,-182.73,0
9417,83.33,-183.96,0
9428,90.91,-183.44,0
9440,83.33,-181.12,0
9451,90.91,-180.84,0
9462,90.91,-180.98,0
9474,83.33,-181.81,0
9486,83.33,-183.06,0
9497,90.91,-183.35,0
9508,90.91,-181.91,0
9520,83.33,-180.79,0
9531,90.91,-180.79,0
9542,90.91,-182.12,0
9554,83.33,-183.27,0
9566,83.33,-184.04,0
9577,90.91,-184.06,0
9588,90.91,-181.88,0
9600,83.33,-179.81,0
9611,90.91,-179.85,0
9623,83.33,-180.71,0
9634,90.91,-181.88,0
9646,83.33,-183.14,0
9657,90.91,-183.66,0
9668,90.91,-182.28,0
9679,90.91,-181.56,0
9692,76.92,-181.75,0
9703,90.91,-181.84,0
9714,90.91,-182.94,0
9725,90.91,-183.14,0
9737,83.33,-182.54,0
9748,90.91,-180.80,0
9760,90.91,-179.80,0
9772,76.92,-180.95,0
9783,90.91,-182.82,0
9794,90.91,-184.03,0
9805,90.91,-183.63,0
9817,83.33,-182.25,0
9829,90.91,-181.45,0
9840,83.33,-180.94,0
9851,90.91,-180.62,0
9863,83.33,-181.78,0
9874,90.91,-182.91,0
9885,90.91,-182.76,0
9896,90.91,-182.03,0
9909,76.92,-181.15,0
9920,90.91,-181.70,0
9931,90.91,-182.40,0
9943,83.33,-183.55,0
9954,90.91,-183.98,0
9965,90.91,-182.72,0
9977,83.33,-181.25,0
9989,83.33,-179.84,0
10000,90.91,-179.81,0
10011,90.91,-181.11,0
10022,90.91,-183.01,0
10034,83.33,-183.24,0
10046,83.33,-183.52,0
10057,90.91,-182.56,0
10068,90.91,-181.65,0
10080,83.33,-181.97,0
10091,90.91,-182.66,0
10102,90.91,-183.04,0
10115,76.92,-182.73,0
10126,90.91,-181.55,0
10137,90.91,-180.41,0
10148,90.91,-180.19,0
10160,83.33,-180.59,0
10171,90.91,-182.92,0
10183,83.33,-184.45,0
10194,90.91,-184.17,0
10206,83.33,-182.64,0
10217,90.91,-181.09,0
10228,90.91,-181.13,0
10240,83.33,-181.47,0
10252,83.33,-182.67,0
10263,90.91,-182.92,0
10274,90.91,-182.13,0
10286,83.33,-181.73,0
10297,90.91,-181.34,0
10308,90.91,-182.05,0
10320,90.91,-183.28,0
10332,83.33,-184.03,0
10343,90.91,-184.00,0
10354,90.91,-182.25,0
10365,90.91,-180.64,0
10377,83.33,-180.64,0
10389,90.91,-180.12,0
10400,83.33,-181.78,0
10412,83.33,-183.33,0
10423,90.91,-183.17,0
10434,90.91,-182.72,0
10445,90.91,-182.16,0
10457,83.33,-182.04,0
10469,83.33,-182.22,0
10480,90.91,-183.81,0
10491,90.91,-183.40,0
10503,83.33,-182.09,0
10514,90.91,-180.65,0
10525,90.91,-179.80,0
10537,83.33,-180.81,0
10549,83.33,-181.87,0
10560,90.91,-183.42,0
10571,90.91,-183.87,0
10583,83.33,-183.16,0
10594,90.91,-182.13,0
10606,83.33,-181.14,0
10617,90.91,-181.19,0
10629,83.33,-182.39,0
10640,90.91,-182.69,0
10651,90.91,-182.15,0
10662,90.91,-181.37,0
10675,76.92,-180.51,0
10686,90.91,-181.19,0
10697,90.91,-181.84,0
10708,90.91,-182.96,0
10720,83.33,-183.88,0
10731,90.91,-184.03,0
10743,83.33,-181.82,0
10755,83.33,-179.87,0
10766,90.91,-180.14,0
10777,90.91,-180.99,0
10788,90.91,-182.24,0
10800,83.33,-183.10,0
10812,83.33,-182.68,0
10823,90.91,-181.98,0
10834,90.91,-180.99,0
10846,83.33,-181.26,0
10857,90.91,-182.67,0
10868,90.91,-184.03,0
10881,76.92,-184.09,0
10892,90.91,-182.15,0
10903,90.91,-180.29,0
10914,90.91,-180.12,0
10926,83.33,-181.31,0
10937,90.91,-182.67,0
10949,83.33,-183.38,0
10960,90.91,-183.39,0
10972,83.33,-182.43,0
10983,90.91,-180.78,0
10994,90.91,-180.74,0
11005,90.91,-181.60,0
11018,83.33,-182.60,0
11029,83.33,-182.65,0
11040,90.91,-182.33,0
11052,83.33,-181.52,0
11063,90.91,-180.83,0
11074,90.91,-181.36,0
11086,90.91,-182.05,0
11098,76.92,-183.66,0
11109,90.91,-183.59,0
11120,90.91,-182.24,0
11131,90.91,-180.94,0
11143,83.33,-179.30,0
11154,90.91,-179.71,0
11166,83.33,-181.30,0
11177,90.91,-182.90,0
11189,83.33,-182.91,0
11200,90.91,-182.30,0
11211,90.91,-182.22,0
11223,83.33,-182.15,0
11235,83.33,-181.64,0
11246,90.91,-182.92,0
11257,90.91,-183.71,0
11269,83.33,-182.88,0
11280,90.91,-181.27,0
11291,90.91,-180.08,0
11303,83.33,-180.07,0
11315,83.33,-181.56,0
11326,90.91,-183.85,0
11337,90.91,-184.16,0
11348,90.91,-183.40,0
11360,83.33,-181.94,0
11372,83.33,-181.32,0
11383,90.91,-181.26,0
11395,83.33,-181.91,0
11406,90.91,-182.65,0
11417,90.91,-182.35,0
11428,90.91,-181.55,0
11441,76.92,-180.77,0
11452,90.91,-181.97,0
11463,90.91,-182.69,0
11474,90.91,-183.23,0
11486,83.33,-183.66,0
11497,90.91,-183.67,0
11509,83.33,-182.44,0
11521,83.33,-180.41,0
11532,90.91,-180.59,0
11543,90.91,-181.15,0
11554,90.91,-182.75,0
11566,83.33,-183.90,0
11578,83.33,-183.62,0
11589,90.91,-181.81,0
11600,90.91,-181.35,0
11612,83.33,-182.43,0
11623,90.91,-183.14,0
11634,90.91,-183.96,0
11646,83.33,-183.41,0
11658,83.33,-181.42,0
11669,90.91,-180.04,0
11680,90.91,-180.25,0
11692,83.33,-180.89,0
11703,90.91,-182.59,0
11715,90.91,-183.66,0
11726,83.33,-183.83,0
11738,83.33,-182.65,0
11749,90.91,-181.79,0
11760,90.91,-180.99,0
11771,90.91,-181.02,0
11784,83.33,-182.20,0
11795,83.33,-182.94,0
11806,90.91,-182.25,0
11817,90.91,-181.07,0
11829,83.33,-180.48,0
11840,90.91,-181.38,0
11851,90.91,-182.61,0
11864,76.92,-183.50,0
11875,90.91,-183.90,0
11886,90.91,-182.83,0
11897,90.91,-180.91,0
11909,83.33,-179.85,0
11920,90.91,-180.07,0
11932,83.33,-182.15,0
11943,90.91,-183.40,0
11955,83.33,-183.80,0
11966,90.91,-182.55,0
11977,90.91,-181.47,0
11988,90.91,-181.16,0
12001,76.92,-182.28,0
12012,90.91,-183.34,0
12023,90.91,-183.18,0
12035,83.33,-183.20,0
12046,90.91,-181.42,0
12057,90.91,-180.56,0
12069,83.33,-181.39,0
12081,83.33,-182.24,0
12092,90.91,-183.64,0
12103,90.91,-184.20,0
12114,90.91,-183.42,0
12126,83.33,-181.75,0
12138,83.33,-181.08,0
12149,90.91,-180.84,0
12161,83.33,-182.24,0
12172,90.91,-182.72,0
12183,90.91,-182.72,0
12194,90.91,-181.69,0
12207,76.92,-180.23,0
12218,90.91,-181.01,0
12229,90.91,-181.96,0
12240,90.91,-183.09,0
12252,83.33,-184.23,0
12263,90.91,-184.04,0
12275,83.33,-182.74,0
12286,90.91,-180.89,0
12298,83.33,-180.64,0
12309,90.91,-181.28,0
12320,90.91,-182.44,0
12332,83.33,-183.35,0
12344,83.33,-182.69,0
12355,90.91,-181.41,0
12366,90.91,-180.65,0
12378,83.33,-181.35,0
12389,90.91,-182.32,0
12400,90.91,-183.03,0
12412,90.91,-182.93,0
12424,76.92,-182.34,0
12435,90.91,-180.58,0
12446,90.91,-180.06,0
12457,90.91,-180.64,0
12469,83.33,-182.49,0
12481,90.91,-184.04,0
12492,83.33,-183.92,0
12504,83.33,-182.73,0
12515,90.91,-180.89,0
12526,90.91,-181.13,0
12537,90.91,-180.85,0
12549,83.33,-181.90,0
12561,83.33,-183.03,0
12572,90.91,-182.82,0
12583,90.91,-181.30,0
12595,83.33,-180.56,0
12606,90.91,-181.13,0
12617,90.91,-182.87,0
12630,76.92,-184.12,0
12641,90.91,-183.73,0
12652,90.91,-182.40,0
12663,90.91,-181.14,0
12675,83.33,-180.22,0
12686,90.91,-180.17,0
12698,83.33,-182.13,0
12709,90.91,-183.76,0
12721,83.33,-183.33,0
12732,90.91,-182.45,0
12743,90.91,-181.29,0
12754,90.91,-181.50,0
12767,76.92,-181.77,0
12778,90.91,-183.25,0
12789,90.91,-183.42,0
12801,83.33,-182.45,0
12812,90.91,-180.81,0
12823,90.91,-180.37,0
12835,83.33,-181.00,0
12847,83.33,-182.39,0
12858,90.91,-184.29,0
12869,90.91,-184.84,0
12880,90.91,-183.40,0
12892,83.33,-181.45,0
12904,83.33,-180.65,0
12915,90.91,-180.76,0
12926,90.91,-181.71,0
12938,83.33,-182.70,0
12949,90.91,-183.30,0
12960,90.91,-182.43,0
12973,83.33,-181.05,0
12984,83.33,-180.67,0
12995,90.91,-181.88,0
13006,90.91,-183.47,0
13018,83.33,-183.77,0
13029,90.91,-183.29,0
13041,90.91,-181.20,0
13052,83.33,-179.93,0
13064,83.33,-180.75,0
13075,90.91,-180.93,0
13086,90.91,-182.69,0
13097,90.91,-183.29,0
13109,83.33,-182.63,0
13121,83.33,-181.95,0
13132,90.91,-181.43,0
13144,83.33,-181.41,0
13155,90.91,-181.80,0
13166,90.91,-182.92,0
13177,90.91,-182.87,0
13190,76.92,-182.05,0
13201,90.91,-181.30,0
13212,90.91,-180.87,0
13223,90.91,-181.10,0
13235,83.33,-182.73,0
13246,90.91,-183.97,0
13258,83.33,-184.19,0
13270,83.33,-182.46,0
13281,90.91,-180.94,0
13292,90.91,-180.75,0
13303,90.91,-181.00,0
13315,83.33,-182.49,0
13327,83.33,-182.73,0
13338,90.91,-182.09,0
13349,90.91,-180.96,0
13361,83.33,-180.68,0
13372,90.91,-181.08,0
13383,90.91,-182.23,0
13395,83.33,-183.62,0
13407,83.33,-184.27,0
13418,90.91,-182.74,0
13429,90.91,-180.57,0
13441,83.33,-180.07,0
13452,90.91,-180.21,0
13464,83.33,-181.02,0
13475,90.91,-182.17,0
13487,83.33,-183.41,0
13498,90.91,-183.36,0
13509,90.91,-182.21,0
13520,90.91,-181.72,0
13533,76.92,-182.04,0
13544,90.91,-182.90,0
13555,90.91,-183.34,0
13566,90.91,-182.35,0
13578,83.33,-181.26,0
13589,90.91,-179.78,0
13601,83.33,-180.45,0
13613,83.33,-181.26,0
13624,90.91,-183.30,0
13635,90.91,-183.95,0
13646,90.91,-183.42,0
13658,83.33,-181.83,0
13670,90.91,-180.92,0
13681,83.33,-181.53,0
13692,90.91,-181.90,0
13704,83.33,-182.72,0
13715,90.91,-182.97,0
13726,90.91,-182.44,0
13739,90.91,-180.93,0
13750,76.92,-180.86,0
13761,90.91,-181.89,0
13772,90.91,-182.89,0
13784,83.33,-183.89,0
13795,90.91,-183.70,0
13806,90.91,-182.53,0
13818,83.33,-181.13,0
13830,83.33,-180.32,0
13841,90.91,-180.70,0
13852,90.91,-182.39,0
13863,90.91,-183.68,0
13875,83.33,-183.34,0
13887,83.33,-182.05,0
13898,90.91,-180.64,0
13910,83.33,-181.06,0
13921,90.91,-182.06,0
13932,90.91,-183.60,0
13943,90.91,-183.26,0
13956,76.92,-181.97,0
13967,90.91,-180.71,0
13978,90.91,-181.06,0
13989,90.91,-181.24,0
14001,83.33,-182.60,0
14012,90.91,-183.51,0
14024,83.33,-184.03,0
14035,90.91,-182.65,0
14047,83.33,-181.08,0
14058,90.91,-180.78,0
14069,90.91,-181.56,0
14081,83.33,-182.94,0
14093,83.33,-183.58,0
14104,90.91,-183.38,0
14115,90.91,-181.63,0
14127,83.33,-180.49,0
14138,90.91,-180.67,0
14149,90.91,-181.90,0
14161,83.33,-183.76,0
14173,83.33,-184.21,0
14184,90.91,-182.41,0
14195,90.91,-180.97,0
14206,90.91,-180.31,0
14218,83.33,-180.09,0
14230,90.91,-182.01,0
14241,83.33,-183.40,0
14253,83.33,-183.52,0
14264,90.91,-182.78,0
14275,90.91,-180.81,0
14286,90.91,-180.46,0
14299,83.33,-181.61,0
14310,83.33,-182.63,0
14321,90.91,-183.49,0
14332,90.91,-183.16,0
14344,83.33,-181.80,0
14355,90.91,-180.72,0
14367,90.91,-181.13,0
14379,76.92,-181.76,0
14390,90.91,-183.45,0
14401,90.91,-183.69,0
14412,90.91,-183.12,0
14424,83.33,-181.86,0
14435,90.91,-180.90,0
14447,83.33,-180.82,0
14458,90.91,-182.00,0
14470,83.33,-182.93,0
14481,90.91,-183.36,0
14492,90.91,-182.57,0
14503,90.91,-181.35,0
14516,76.92,-180.18,0
14527,90.91,-180.97,0
14538,90.91,-182.19,0
14550,83.33,-183.59,0
14561,90.91,-183.35,0
14572,90.91,-182.53,0
14584,83.33,-181.37,0
14596,83.33,-180.54,0
14607,90.91,-180.71,0
14618,90.91,-182.65,0
14629,90.91,-183.86,0
14641,83.33,-183.11,0
14653,83.33,-181.72,0
14664,90.91,-180.53,0
14675,90.91,-181.73,0
14687,83.33,-181.68,0
14698,90.91,-183.21,0
14709,90.91,-183.93,0
14722,76.92,-183.25,0
14733,90.91,-181.83,0
14744,90.91,-181.23,0
14755,90.91,-181.06,0
14767,83.33,-182.24,0
14778,90.91,-183.42,0
14790,83.33,-183.63,0
14801,90.91,-182.90,0
14813,83.33,-181.40,0
14824,90.91,-180.95,0
14835,90.91,-181.13,0
14846,90.91,-182.48,0
14859,76.92,-183.81,0
14870,90.91,-182.98,0
14881,90.91,-181.92,0
14893,83.33,-180.09,0
14904,90.91,-180.98,0
14915,90.91,-181.61,0
14927,90.91,-182.93,0
14939,76.92,-184.20,0
14950,90.91,-183.82,0
14961,90.91,-182.20,0
14972,90.91,-181.24,0
14984,83.33,-180.84,0
14996,90.91,-181.68,0
15007,83.33,-183.15,0
15019,83.33,-183.24,0
15030,90.91,-182.84,0
15041,90.91,-181.95,0
15052,90.91,-181.54,0
15064,83.33,-181.92,0
15076,83.33,-182.48,0
15087,90.91,-183.67,0
15098,90.91,-183.50,0
15110,83.33,-182.49,0
15121,90.91,-180.34,0
15132,90.91,-180.63,0
15144,83.33,-181.69,0
15156,83.33,-182.93,0
15167,90.91,-183.48,0
15178,90.91,-183.11,0
15190,83.33,-181.90,0
15201,90.91,-180.70,0
15213,83.33,-180.77,0
15224,90.91,-181.99,0
15236,83.33,-182.98,0
15247,90.91,-183.38,0
15258,90.91,-182.89,0
15269,90.91,-180.93,0
15282,76.92,-180.43,0
15293,90.91,-181.22,0
15304,90.91,-182.54,0
15315,90.91,-183.61,0
15327,83.33,-183.94,0
15338,90.91,-182.84,0
15350,83.33,-181.30,0
15362,83.33,-180.95,0
15373,90.91,-181.08,0
15384,90.91,-182.24,0
15395,90.91,-183.03,0
15407,83.33,-182.82,0
15419,83.33,-182.25,0
15430,90.91,-181.21,0
15441,90.91,-180.99,0
15453,83.33,-181.69,0
15464,90.91,-183.63,0
15475,90.91,-183.70,0
15488,76.92,-182.85,0
15499,90.91,-181.40,0
15510,90.91,-180.40,0
15521,90.91,-181.03,0
15533,83.33,-181.81,0
15544,90.91,-183.96,0
15556,90.91,-183.54,0
15567,90.91,-182.15,0
15579,83.33,-180.97,0
15590,90.91,-180.72,0
15601,90.91,-180.78,0
15612,90.91,-181.92,0
15625,83.33,-183.38,0
15636,83.33,-183.03,0
15647,90.91,-181.78,0
15659,83.33,-180.93,0
15670,90.91,-180.93,0
15681,90.91,-181.06,0
15693,90.91,-182.69,0
15705,76.92,-183.38,0
15716,90.91,-183.26,0
15727,90.91,-182.35,0
15738,90.91,-180.73,0
15750,83.33,-180.67,0
15761,90.91,-181.87,0
15773,83.33,-183.28,0
15784,90.91,-183.02,0
15796,83.33,-181.82,0
15807,90.91,-181.32,0
15818,90.91,-181.35,0
15830,83.33,-181.50,0
15842,83.33,-182.58,0
15853,90.91,-183.36,0
15864,90.91,-183.40,0
15876,83.33,-181.98,0
15887,90.91,-180.46,0
15898,90.91,-180.27,0
15910,83.33,-181.21,0
15922,83.33,-182.40,0
15933,90.91,-183.06,0
15944,90.91,-182.79,0
15955,90.91,-182.23,0
15967,83.33,-181.89,0
15979,83.33,-181.53,0
15990,90.91,-181.58,0
16002,83.33,-182.90,0
16013,90.91,-183.54,0
16024,90.91,-182.43,0
16035,90.91,-180.83,0
16048,76.92,-180.29,0
16059,90.91,-180.83,0
16070,90.91,-182.14,0
16081,90.91,-183.96,0
16093,83.33,-184.19,0
16104,90.91,-182.86,0
16116,83.33,-181.49,0
16128,83.33,-180.89,0
16139,90.91,-181.10,0
16150,90.91,-182.47,0
16161,90.91,-183.39,0
16173,83.33,-183.00,0
16185,83.33,-182.03,0
16196,90.91,-180.53,0
16207,90.91,-180.96,0
16219,83.33,-182.26,0
16230,90.91,-183.20,0
16241,90.91,-184.19,0
16253,83.33,-183.51,0
16265,83.33,-182.07,0
16276,90.91,-180.93,0
16287,90.91,-180.47,0
16299,83.33,-181.39,0
16310,90.91,-182.97,0
16322,90.91,-183.51,0
16333,83.33,-183.05,0
16345,83.33,-181.82,0
16356,90.91,-181.58,0
16367,90.91,-181.23,0
16378,90.91,-182.23,0
16391,83.33,-183.10,0
16402,83.33,-183.62,0
16413,90.91,-182.19,0
16424,90.91,-181.23,0
16436,83.33,-180.75,0
16447,90.91,-181.38,0
16458,90.91,-182.48,0
16471,76.92,-183.69,0
16482,90.91,-184.46,0
16493,90.91,-183.09,0
16504,90.91,-180.95,0
16516,83.33,-180.33,0
16527,90.91,-180.64,0
16539,83.33,-182.12,0
16550,90.91,-182.80,0
16562,83.33,-182.41,0
16573,90.91,-181.01,0
16584,90.91,-180.70,0
16595,90.91,-182.08,0
16608,76.92,-182.88,0
16619,90.91,-183.78,0
16630,90.91,-183.87,0
16642,83.33,-182.22,0
16653,90.91,-179.97,0
16664,90.91,-180.17,0
16676,83.33,-180.09,0
16688,83.33,-182.06,0
16699,90.91,-183.49,0
16710,90.91,-183.86,0
16721,90.91,-182.40,0
16733,83.33,-181.29,0
16745,83.33,-181.76,0
16756,90.91,-182.14,0
16768,83.33,-183.28,0
16779,90.91,-183.36,0
16790,90.91,-181.80,0
16801,90.91,-180.76,0
16814,76.92,-180.12,0
16825,90.91,-181.42,0
16836,90.91,-182.36,0
16847,90.91,-183.80,0
16859,83.33,-184.55,0
16870,90.91,-183.67,0
16882,83.33,-181.85,0
16893,90.91,-180.86,0
16905,83.33,-180.95,0
16916,90.91,-181.74,0
16927,90.91,-182.51,0
16939,83.33,-182.44,0
16951,83.33,-181.72,0
16962,90.91,-181.41,0
16973,90.91,-181.11,0
16985,83.33,-181.90,0
16996,90.91,-183.33,0
17007,90.91,-183.73,0
17019,83.33,-183.40,0
17031,83.33,-181.50,0
17042,90.91,-180.03,0
17053,90.91,-179.73,0
17064,90.91,-180.48,0
17076,83.33,-182.51,0
17088,90.91,-183.75,0
17099,90.91,-183.36,0
17111,83.33,-182.47,0
17122,90.91,-181.09,0
17133,90.91,-181.59,0
17144,90.91,-182.50,0
17157,83.33,-183.24,0
17168,83.33,-183.24,0
17179,90.91,-181.82,0
17190,90.91,-180.18,0
17202,83.33,-179.86,0
17213,90.91,-180.54,0
17224,90.91,-182.85,0
17236,83.33,-184.18,0
17248,83.33,-184.29,0
17259,90.91,-182.74,0
17270,90.91,-181.36,0
17282,83.33,-180.81,0
17293,90.91,-180.84,0
17305,83.33,-182.13,0
17316,90.91,-182.88,0
17328,83.33,-181.95,0
17339,90.91,-181.10,0
17350,90.91,-181.02,0
17361,90.91,-181.62,0
17374,76.92,-182.41,0
17385,90.91,-183.59,0
17396,90.91,-184.19,0
17408,83.33,-182.46,0
17419,90.91,-180.73,0
17430,90.91,-179.91,0
17442,83.33,-180.66,0
17454,83.33,-182.35,0
17465,90.91,-183.71,0
17476,90.91,-184.22,0
17487,90.91,-182.94,0
17499,83.33,-181.96,0
17511,83.33,-182.11,0
17522,90.91,-181.41,0
17533,90.91,-181.98,0
17545,83.33,-183.02,0
17556,90.91,-182.95,0
17567,90.91,-181.18,0
17580,76.92,-180.30,0
17591,90.91,-180.82,0
17602,90.91,-182.09,0
17613,90.91,-183.37,0
17625,83.33,-183.94,0
17636,90.91,-183.65,0
17648,83.33,-182.35,0
17659,90.91,-180.56,0
17671,83.33,-180.15,0
17682,90.91,-181.15,0
17693,90.91,-182.42,0
17704,90.91,-182.85,0
17717,76.92,-182.55,0
17728,90.91,-182.48,0
17739,90.91,-181.73,0
17751,83.33,-181.58,0
17762,90.91,-182.84,0
17773,90.91,-183.43,0
17785,90.91,-183.32,0
17797,83.33,-181.57,0
17808,90.91,-179.36,0
17819,90.91,-180.01,0
17830,90.91,-180.92,0
17842,83.33,-182.80,0
17854,90.91,-183.91,0
17865,83.33,-183.55,0
17876,90.91,-182.33,0
17888,83.33,-181.69,0
17899,90.91,-181.99,0
17910,90.91,-181.82,0
17923,83.33,-182.81,0
17934,83.33,-182.96,0
17945,90.91,-182.35,0
17956,90.91,-181.08,0
17968,83.33,-180.93,0
17979,90.91,-182.15,0
17990,90.91,-183.22,0
18002,83.33,-184.37,0
18014,83.33,-183.86,0
18025,90.91,-182.60,0
18036,90.91,-181.46,0
18048,83.33,-180.68,0
18059,90.91,-180.73,0
18071,83.33,-182.74,0
18082,90.91,-183.54,0
18094,83.33,-182.71,0
18105,90.91,-182.03,0
18116,90.91,-181.26,0
18127,90.91,-181.25,0
18140,76.92,-182.35,0
18151,90.91,-183.87,0
18162,90.91,-183.44,0
18173,90.91,-182.36,0
18185,83.33,-180.97,0
18196,90.91,-179.97,0
18208,83.33,-180.04,0
18220,83.33,-181.58,0
18231,90.91,-183.76,0
18242,90.91,-184.16,0
18253,90.91,-183.38,0
18265,83.33,-181.77,0
18277,83.33,-181.25,0
18288,90.91,-181.28,0
18299,90.91,-182.35,0
18311,83.33,-183.10,0
18322,90.91,-182.86,0
18333,90.91,-181.65,0
18345,83.33,-180.12,0
18357,83.33,-180.98,0
18368,90.91,-181.66,0
18379,90.91,-183.16,0
18391,83.33,-184.29,0
18402,90.91,-184.10,0
18414,83.33,-182.06,0
18425,90.91,-180.23,0
18437,83.33,-180.35,0
18448,90.91,-181.81,0
18459,90.91,-182.63,0
18470,90.91,-183.22,0
18483,83.33,-182.68,0
18494,83.33,-181.53,0
18505,90.91,-181.26,0
18516,90.91,-181.49,0
18528,83.33,-182.73,0
18539,90.91,-183.73,0
18551,90.91,-183.73,0
18563,76.92,-182.15,0
18574,90.91,-180.31,0
18585,90.91,-180.29,0
18596,90.91,-180.92,0
18608,83.33,-182.99,0
18619,90.91,-184.18,0
18631,83.33,-183.43,0
18642,90.91,-182.03,0
18654,83.33,-181.22,0
18665,90.91,-180.80,0
18676,90.91,-181.60,0
18688,83.33,-183.49,0
18700,83.33,-183.66,0
18711,90.91,-182.32,0
18722,90.91,-181.09,0
18734,83.33,-180.13,0
18745,90.91,-181.03,0
18756,90.91,-182.66,0
18768,83.33,-183.89,0
18780,83.33,-184.54,0
18791,90.91,-182.62,0
18802,90.91,-180.98,0
18813,90.91,-180.15,0
18825,83.33,-180.29,0
18837,83.33,-181.97,0
18848,90.91,-183.00,0
18860,83.33,-182.54,0
18871,90.91,-181.77,0
18882,90.91,-181.22,0
18893,90.91,-181.65,0
18906,76.92,-181.87,0
18917,90.91,-183.50,0
18928,90.91,-183.92,0
18939,90.91,-182.94,0
18951,83.33,-181.17,0
18962,90.91,-180.46,0
18974,83.33,-180.48,0
18985,90.91,-182.27,0
18997,83.33,-183.59,0
19008,90.91,-183.98,0
19019,90.91,-183.19,0
19031,83.33,-182.10,0
19043,83.33,-181.46,0
19054,90.91,-181.14,0
19065,90.91,-182.14,0
19077,83.33,-182.63,0
19088,90.91,-182.81,0
19099,90.91,-181.87,0
19111,83.33,-180.42,0
19123,83.33,-180.36,0
19134,90.91,-181.34,0
19145,90.91,-183.06,0
19156,90.91,-183.89,0
19168,83.33,-183.88,0
19180,83.33,-182.42,0
19191,90.91,-180.86,0
19203,83.33,-180.96,0
19214,90.91,-181.43,0
19225,90.91,-182.50,0
19236,90.91,-182.79,0
19249,83.33,-182.25,0
19260,83.33,-182.13,0
19271,90.91,-182.16,0
19282,90.91,-181.82,0
19294,83.33,-182.37,0
19305,90.91,-183.43,0
19317,90.91,-183.85,0
19329,76.92,-182.49,0
19340,90.91,-180.47,0
19351,90.91,-180.19,0
19362,90.91,-180.72,0
19374,83.33,-182.77,0
19385,90.91,-183.72,0
19397,83.33,-183.36,0
19408,90.91,-182.68,0
19420,83.33,-182.06,0
19431,90.91,-181.83,0
19442,90.91,-181.51,0
19453,90.91,-182.65,0
19466,76.92,-182.71,0
19477,90.91,-182.25,0
19488,90.91,-181.05,0
19500,83.33,-180.35,0
19511,90.91,-181.37,0
19522,90.91,-182.70,0
19534,83.33,-183.65,0
19546,83.33,-184.10,0
19557,90.91,-183.21,0
19568,90.91,-181.56,0
19579,90.91,-180.87,0
19591,83.33,-180.69,0
19603,83.33,-181.73,0
19614,90.91,-183.04,0
19625,90.91,-183.19,0
19637,83.33,-182.86,0
19648,90.91,-182.11,0
19659,90.91,-181.76,0
19672,76.92,-182.20,0
19683,90.91,-183.16,0
19694,90.91,-182.82,0
19705,90.91,-182.20,0
19717,83.33,-180.57,0
19728,90.91,-180.13,0
19740,83.33,-180.96,0
19751,90.91,-181.83,0
19763,83.33,-183.20,0
19774,90.91,-184.29,0
19785,90.91,-183.70,0
19796,90.91,-182.37,0
19809,76.92,-180.95,0
19820,90.91,-180.37,0
19831,90.91,-180.86,0
19843,83.33,-181.33,0
19854,90.91,-182.05,0
19865,90.91,-181.88,0
19877,83.33,-181.37,0
19889,83.33,-181.30,0
19900,90.91,-182.45,0
19911,90.91,-183.64,0
19922,90.91,-183.73,0
19934,83.33,-183.29,0
19946,90.91,-181.88,0
19957,83.33,-180.60,0
19969,83.33,-179.94,0
19980,90.91,-180.43,0
19991,90.91,-182.25,0
20002,90.91,-183.50,0
20015,83.33,-183.56,0
20026,83.33,-182.13,0
20037,90.91,-181.47,0
20048,90.91,-181.46,0
20060,83.33,-182.38,0
20071,90.91,-183.27,0
20082,90.91,-183.22,0
20094,83.33,-182.24,0
20106,83.33,-181.13,0
20117,90.91,-179.99,0
20128,90.91,-181.09,0
20140,83.33,-183.06,0
20151,90.91,-184.51,0
20163,83.33,-184.54,0
20174,90.91,-183.02,0
20186,83.33,-181.03,0
20197,90.91,-179.82,0
20208,90.91,-180.65,0
20219,90.91,-182.40,0
20232,76.92,-183.17,0
20243,90.91,-182.58,0
20254,90.91,-181.90,0
20265,90.91,-180.13,0
20277,83.33,-181.09,0
20288,90.91,-182.62,0
20300,83.33,-184.04,0
20312,83.33,-183.38,0
20323,90.91,-182.58,0
20334,90.91,-181.01,0
20345,90.91,-180.59,0
20357,83.33,-181.03,0
20369,83.33,-181.57,0
20380,90.91,-182.78,0
20391,90.91,-183.33,0
20403,83.33,-182.53,0
20414,90.91,-181.39,0
20425,90.91,-181.60,0
20438,76.92,-181.91,0
20449,90.91,-182.35,0
20460,90.91,-183.09,0
20471,90.91,-182.71,0
20483,83.33,-181.11,0
20494,90.91,-180.51,0
20506,90.91,-181.10,0
20517,90.91,-181.96,0
20529,83.33,-183.28,0
20540,90.91,-184.39,0
20551,90.91,-184.05,0
20562,90.91,-182.41,0
20575,83.33,-180.31,0
20586,83.33,-180.97,0
20597,90.91,-182.06,0
20609,83.33,-183.07,0
20620,90.91,-183.75,0
20631,90.91,-183.60,0
20642,90.91,-182.33,0
20655,76.92,-181.48,0
20666,90.91,-182.39,0
20677,90.91,-182.84,0
20688,90.91,-183.59,0
20700,83.33,-183.50,0
20711,90.91,-182.30,0
20723,83.33,-180.60,0
20734,90.91,-180.02,0
20746,83.33,-180.59,0
20757,90.91,-182.53,0
20768,90.91,-183.66,0
20780,83.33,-183.43,0
20792,83.33,-182.53,0
20803,90.91,-181.42,0
20814,90.91,-181.37,0
20826,83.33,-182.14,0
20837,90.91,-183.31,0
20848,90.91,-183.29,0
20860,83.33,-181.60,0
20872,83.33,-180.52,0
20883,90.91,-180.38,0
20894,90.91,-180.90,0
20905,90.91,-182.20,0
20917,83.33,-184.27,0
20929,83.33,-185.23,0
20940,90.91,-183.25,0
20952,83.33,-181.69,0
20963,90.91,-181.13,0
20974,90.91,-181.54,0
20985,90.91,-182.30,0
20998,76.92,-182.86,0
21009,90.91,-182.84,0
21020,90.91,-182.07,0
21031,90.91,-181.20,0
21043,83.33,-181.44,0
21054,90.91,-182.23,0
21066,83.33,-183.63,0
21078,83.33,-183.46,0
21089,90.91,-182.90,0
21100,90.91,-181.41,0
21111,90.91,-180.28,0
21123,83.33,-181.06,0
21135,83.33,-181.82,0
21146,90.91,-183.30,0
21157,90.91,-184.15,0
21169,83.33,-183.24,0
21180,90.91,-182.12,0
21191,90.91,-181.09,0
21203,90.91,-181.02,0
21215,76.92,-181.80,0
21226,90.91,-182.16,0
21237,90.91,-182.92,0
21249,83.33,-181.67,0
21260,90.91,-180.34,0
21271,90.91,-180.69,0
21283,83.33,-182.51,0
21295,83.33,-183.65,0
21306,90.91,-184.55,0
21317,90.91,-183.41,0
21328,90.91,-181.79,0
21340,83.33,-180.68,0
21352,83.33,-180.85,0
21363,90.91,-181.48,0
21374,90.91,-183.06,0
21386,83.33,-183.50,0
21397,90.91,-182.54,0
21408,90.91,-182.09,0
21421,76.92,-181.24,0
21432,90.91,-181.99,0
21443,90.91,-182.85,0
21454,90.91,-183.70,0
21466,83.33,-183.69,0
21477,90.91,-181.67,0
21489,83.33,-180.40,0
21500,90.91,-180.30,0
21512,83.33,-181.24,0
21523,90.91,-182.68,0
21534,90.91,-183.27,0
21545,90.91,-183.58,0
21558,76.92,-182.64,0
21569,90.91,-181.33,0
21580,90.91,-180.71,0
21592,83.33,-181.71,0
21603,90.91,-182.66,0
21614,90.91,-183.19,0
21626,83.33,-182.51,0
21638,83.33,-181.39,0
21649,90.91,-180.69,0
21660,90.91,-180.76,0
21671,90.91,-181.56,0
21683,83.33,-183.55,0
21695,83.33,-183.35,0
21706,90.91,-182.32,0
21718,83.33,-181.00,0
21729,90.91,-180.75,0
21740,90.91,-181.08,0
21751,90.91,-182.60,0
21764,76.92,-183.34,0
21775,90.91,-183.37,0
21786,90.91,-182.10,0
21797,90.91,-181.18,0
21809,83.33,-181.03,0
21820,90.91,-181.55,0
21832,90.91,-182.41,0
21843,83.33,-182.88,0
21855,83.33,-182.94,0
21866,90.91,-181.82,0
21877,90.91,-180.87,0
21889,83.33,-180.81,0
21901,90.91,-181.40,0
21912,83.33,-182.98,0
21923,90.91,-183.38,0
21935,83.33,-182.87,0
21946,90.91,-181.66,0
21957,90.91,-181.10,0
21968,90.91,-181.77,0
21981,76.92,-182.16,0
21992,90.91,-182.94,0
22003,90.91,-183.42,0
22014,90.91,-182.58,0
22026,83.33,-180.66,0
22037,90.91,-180.87,0
22049,83.33,-181.15,0
22061,83.33,-182.72,0
22072,90.91,-183.52,0
22083,90.91,-183.38,0
22094,90.91,-181.81,0
22106,83.33,-180.62,0
22118,83.33,-180.42,0
22129,90.91,-181.41,0
22140,90.91,-183.54,0
22152,83.33,-184.19,0
22163,90.91,-183.10,0
22174,90.91,-181.45,0
22187,76.92,-180.97,0
22198,90.91,-181.26,0
22209,90.91,-182.39,0
22220,90.91,-182.97,0
22232,83.33,-183.26,0
22243,90.91,-182.13,0
22255,83.33,-180.84,0
22266,90.91,-180.71,0
22278,83.33,-181.79,0
22289,90.91,-182.87,0
22300,90.91,-183.71,0
22311,90.91,-183.84,0
22324,76.92,-182.45,0
22335,90.91,-180.95,0
22346,90.91,-180.92,0
22358,83.33,-180.90,0
22369,90.91,-182.30,0
22380,90.91,-183.12,0
22392,83.33,-182.74,0
22404,83.33,-181.78,0
22415,90.91,-182.10,0
22426,90.91,-182.10,0
22437,90.91,-182.38,0
22449,83.33,-183.63,0
22461,90.91,-184.03,0
22472,83.33,-182.68,0
22483,90.91,-181.57,0
22495,83.33,-179.82,0
22506,90.91,-180.58,0
22517,90.91,-181.74,0
22530,83.33,-183.53,0
22541,83.33,-183.55,0
22552,90.91,-182.71,0
22563,90.91,-181.27,0
22575,83.33,-181.25,0
22586,90.91,-181.25,0
22597,90.91,-181.96,0
22609,83.33,-182.35,0
22621,83.33,-182.11,0
22632,90.91,-181.31,0
22643,90.91,-180.36,0
22654,90.91,-181.42,0
22666,83.33,-182.07,0
22678,83.33,-183.54,0
22689,90.91,-183.82,0
22701,83.33,-183.15,0
22712,90.91,-181.63,0
22723,90.91,-180.64,0
22734,90.91,-180.36,0
22747,76.92,-181.13,0
22758,90.91,-182.63,0
22769,90.91,-183.39,0
22780,90.91,-182.74,0
22792,83.33,-182.00,0
22803,90.91,-181.52,0
22815,83.33,-181.59,0
22827,83.33,-182.20,0
22838,90.91,-183.25,0
22849,90.91,-183.25,0
22860,90.91,-182.13,0
22872,83.33,-181.31,0
22884,83.33,-180.66,0
22895,90.91,-181.54,0
22906,90.91,-182.87,0
22918,83.33,-183.35,0
22929,90.91,-183.77,0
22940,90.91,-182.40,0
22952,83.33,-181.07,0
22964,83.33,-181.15,0
22975,90.91,-181.35,0
22986,90.91,-182.64,0
22998,83.33,-182.85,0
23009,90.91,-181.46,0
23021,83.33,-181.22,0
23032,90.91,-181.03,0
23044,83.33,-182.69,0
23055,90.91,-183.72,0
23066,90.91,-183.93,0
23077,90.91,-183.40,0
23090,83.33,-182.18,0
23101,83.33,-181.37,0
23112,90.91,-180.30,0
23123,90.91,-180.54,0
23135,83.33,-182.44,0
23146,90.91,-183.94,0
23158,90.91,-183.83,0
23170,76.92,-182.81,0
23181,90.91,-181.72,0
23192,90.91,-181.71,0
23203,90.91,-181.82,0
23215,83.33,-183.08,0
23226,90.91,-183.04,0
23238,83.33,-182.39,0
23249,90.91,-181.29,0
23261,83.33,-180.62,0
23272,90.91,-181.27,0
23283,90.91,-182.13,0
23294,90.91,-183.28,0
23307,76.92,-184.04,0
23318,90.91,-183.10,0
23329,90.91,-181.26,0
23341,83.33,-180.59,0
23352,90.91,-181.21,0
23363,90.91,-181.65,0
23375,83.33,-182.58,0
23387,83.33,-182.61,0
23398,90.91,-182.20,0
23409,90.91,-180.96,0
23420,90.91,-180.92,0
23432,83.33,-181.65,0
23444,83.33,-182.90,0
23455,90.91,-183.21,0
23467,83.33,-183.17,0
23478,90.91,-182.21,0
23489,90.91,-180.29,0
23500,90.91,-180.43,0
23513,76.92,-181.61,0
23524,90.91,-183.17,0
23535,90.91,-183.51,0
23546,90.91,-183.62,0
23558,83.33,-181.59,0
23569,90.91,-180.89,0
23581,83.33,-181.23,0
23592,90.91,-182.38,0
23604,83.33,-183.31,0
23615,90.91,-183.31,0
23626,90.91,-182.14,0
23638,83.33,-180.45,0
23650,83.33,-180.28,0
23661,90.91,-180.96,0
23672,90.91,-182.79,0
23684,83.33,-184.05,0
23695,90.91,-183.95,0
23706,90.91,-182.00,0
23718,90.91,-180.74,0
23730,76.92,-181.71,0
23741,90.91,-180.98,0
23752,90.91,-181.97,0
23763,90.91,-182.74,0
23775,83.33,-182.58,0
23787,90.91,-181.56,0
23798,83.33,-180.95,0
23810,83.33,-181.47,0
23821,90.91,-182.94,0
23832,90.91,-183.99,0
23843,90.91,-183.52,0
23855,83.33,-181.97,0
23867,83.33,-181.21,0
23878,90.91,-180.99,0
23889,90.91,-180.66,0
23901,83.33,-182.34,0
23912,90.91,-183.07,0
23923,90.91,-183.44,0
23936,76.92,-182.57,0
23947,90.91,-181.68,0
23958,90.91,-181.67,0
23969,90.91,-181.31,0
23981,83.33,-182.74,0
23992,90.91,-183.07,0
24004,83.33,-182.46,0
24015,90.91,-181.16,0
24027,83.33,-180.03,0
24038,90.91,-180.84,0
24049,90.91,-182.06,0
24060,90.91,-183.95,0
24073,76.92,-184.70,0
24084,90.91,-182.83,0
24095,90.91,-181.78,0
24107,83.33,-180.69,0
24118,90.91,-180.75,0
24129,90.91,-181.44,0
24141,83.33,-182.20,0
24153,83.33,-182.65,0
24164,90.91,-182.28,0
24175,90.91,-181.41,0
24186,90.91,-181.16,0
24198,83.33,-182.16,0
24210,83.33,-183.59,0
24221,90.91,-183.51,0
24232,90.91,-182.85,0
24244,83.33,-181.78,0
24255,90.91,-179.76,0
24266,90.91,-180.15,0
24279,76.92,-181.03,0
24290,90.91,-182.50,0
24301,90.91,-184.36,0
24312,90.91,-184.09,0
24324,83.33,-183.04,0
24335,90.91,-181.51,0
24347,90.91,-181.05,0
24358,83.33,-182.22,0
24370,83.33,-183.05,0
24381,90.91,-183.19,0
24392,90.91,-181.93,0
24403,90.91,-180.95,0
24416,83.33,-180.21,0
24427,83.33,-181.54,0
24438,90.91,-182.81,0
24450,83.33,-184.23,0
24461,90.91,-183.21,0
24472,90.91,-182.57,0
24483,90.91,-181.94,0
24496,76.92,-181.10,0
24507,90.91,-181.00,0
24518,90.91,-182.11,0
24529,90.91,-182.72,0
24541,83.33,-182.61,0
24552,90.91,-181.58,0
24564,83.33,-180.93,0
24576,83.33,-181.25,0
24587,90.91,-182.10,0
24598,90.91,-183.78,0
24609,90.91,-183.52,0
24621,83.33,-182.31,0
24633,83.33,-181.34,0
24644,90.91,-180.59,0
24655,90.91,-181.27,0
24667,83.33,-182.20,0
24678,90.91,-183.58,0
24689,90.91,-183.67,0
24701,83.33,-182.57,0
24713,83.33,-181.74,0
24724,90.91,-180.77,0
24735,90.91,-180.84,0
24747,83.33,-182.04,0
24758,90.91,-183.02,0
24770,83.33,-182.80,0
24781,90.91,-181.67,0
24793,83.33,-180.77,0
24804,90.91,-180.99,0
24815,90.91,-182.10,0
24826,90.91,-183.83,0
24839,76.92,-184.43,0
24850,90.91,-183.06,0
24861,90.91,-181.47,0
24872,90.91,-180.48,0
24884,83.33,-180.68,0
24895,90.91,-182.13,0
24907,90.91,-183.85,0
24919,76.92,-183.76,0
24930,90.91,-182.98,0
24941,90.91,-180.89,0
24952,90.91,-181.16,0
24964,83.33,-181.81,0
24976,90.91,-182.70,0
24987,83.33,-184.35,0
24998,90.91,-183.81,0
25010,83.33,-182.51,0
25021,90.91,-180.86,0
25032,90.91,-180.70,0
25043,90.91,-181.29,0
25056,76.92,-182.50,0
25067,90.91,-182.97,0
25078,90.91,-183.47,0
25090,83.33,-182.43,0
25101,90.91,-181.35,0
25112,90.91,-181.65,0
25124,83.33,-182.61,0
25136,83.33,-183.09,0
25147,90.91,-183.69,0
25158,90.91,-182.13,0
25169,90.91,-181.07,0
25181,83.33,-180.50,0
25193,83.33,-181.28,0
25204,90.91,-182.54,0
25216,83.33,-183.85,0
25227,90.91,-184.17,0
25238,90.91,-182.41,0
25249,90.91,-181.44,0
25262,76.92,-180.79,0
25273,90.91,-181.15,0
25284,90.91,-182.62,0
25295,90.91,-182.82,0
25307,83.33,-182.30,0
25318,90.91,-181.11,0
25330,83.33,-180.88,0
25341,90.91,-181.80,0
25353,83.33,-182.46,0
25364,90.91,-184.17,0
25375,90.91,-184.54,0
25387,83.33,-183.11,0
25399,83.33,-182.08,0
25410,90.91,-180.79,0
25421,90.91,-180.99,0
25433,83.33,-182.20,0
25444,90.91,-183.09,0
25455,90.91,-183.09,0
25467,83.33,-182.82,0
25479,83.33,-181.37,0
25490,90.91,-180.61,0
25501,90.91,-180.99,0
25512,90.91,-182.24,0
25524,83.33,-183.38,0
25536,90.91,-183.59,0
25547,83.33,-182.11,0
25559,83.33,-180.50,0
25570,90.91,-180.19,0
25581,90.91,-181.00,0
25592,90.91,-182.70,0
25605,83.33,-183.91,0
25616,83.33,-182.65,0
25627,90.91,-181.76,0
25638,90.91,-180.69,0
25650,83.33,-180.88,0
25661,90.91,-181.63,0
25672,90.91,-182.81,0
25684,83.33,-183.01,0
25696,83.33,-182.57,0
25707,90.91,-181.42,0
25718,90.91,-180.56,0
25730,83.33,-181.11,0
25741,90.91,-182.96,0
25753,83.33,-183.61,0
25764,90.91,-183.39,0
25776,83.33,-181.94,0
25787,90.91,-180.78,0
25798,90.91,-181.07,0
25809,90.91,-181.97,0
25822,76.92,-183.09,0
25833,90.91,-183.81,0
25844,90.91,-183.20,0
25856,83.33,-182.46,0
25867,90.91,-181.13,0
25878,90.91,-181.22,0
25890,83.33,-182.20,0
25902,83.33,-183.30,0
25913,90.91,-183.58,0
25924,90.91,-182.79,0
25935,90.91,-181.71,0
25947,83.33,-180.46,0
25959,83.33,-181.40,0
25970,90.91,-181.65,0
25981,90.91,-182.76,0
25993,83.33,-183.29,0
26004,90.91,-182.59,0
26015,90.91,-181.38,0
26028,76.92,-181.09,0
26039,90.91,-181.59,0
26050,90.91,-182.75,0
26061,90.91,-183.51,0
26073,83.33,-183.38,0
26084,90.91,-182.00,0
26096,83.33,-181.09,0
26107,90.91,-181.54,0
26119,83.33,-182.11,0
26130,90.91,-183.13,0
26141,90.91,-184.23,0
26152,90.91,-183.23,0
26165,83.33,-182.20,0
26176,83.33,-181.03,0
26187,90.91,-181.58,0
26199,83.33,-181.95,0
26210,90.91,-182.94,0
26221,90.91,-182.96,0
26233,90.91,-182.40,0
26245,76.92,-181.67,0
26256,90.91,-181.08,0
26267,90.91,-181.62,0
26278,90.91,-182.76,0
26290,83.33,-183.53,0
26301,90.91,-184.08,0
26313,83.33,-182.39,0
26324,90.91,-180.54,0
26336,83.33,-180.20,0
26347,90.91,-180.80,0
26358,90.91,-182.35,0
26370,83.33,-183.43,0
26382,83.33,-184.39,0
26393,90.91,-182.75,0
26404,90.91,-181.22,0
26416,83.33,-181.66,0
26427,90.91,-182.05,0
26438,90.91,-182.82,0
26450,83.33,-183.25,0
26462,83.33,-182.34,0
26473,90.91,-181.51,0
26484,90.91,-181.21,0
26496,83.33,-181.35,0
26507,90.91,-182.39,0
26519,83.33,-183.88,0
26530,90.91,-184.53,0
26542,83.33,-183.04,0
26553,90.91,-181.04,0
26564,90.91,-179.93,0
26575,90.91,-180.78,0
26588,76.92,-182.59,0
26599,90.91,-183.41,0
26610,90.91,-183.02,0
26621,90.91,-182.26,0
26633,83.33,-181.22,0
26644,90.91,-180.86,0
26656,83.33,-181.53,0
26668,83.33,-183.11,0
26679,90.91,-183.92,0
26690,90.91,-183.40,0
26701,90.91,-181.45,0
26713,83.33,-180.49,0
26725,83.33,-181.13,0
26736,90.91,-181.97,0
26747,90.91,-182.93,0
26759,83.33,-183.42,0
26770,90.91,-183.04,0
26781,90.91,-181.96,0
26793,83.33,-181.84,0
26805,83.33,-181.85,0
26816,90.91,-182.48,0
26827,90.91,-183.84,0
26839,83.33,-183.89,0
26850,90.91,-182.15,0
26862,90.91,-181.31,0
26873,83.33,-180.84,0
26885,83.33,-181.35,0
26896,90.91,-182.95,0
26907,90.91,-183.69,0
26918,90.91,-183.57,0
26930,83.33,-182.57,0
26942,83.33,-180.82,0
26953,90.91,-181.09,0
26964,90.91,-181.63,0
26976,83.33,-182.04,0
26987,90.91,-182.53,0
26998,90.91,-183.10,0
27011,76.92,-182.46,0
27022,90.91,-180.91,0
27033,90.91,-181.07,0
27044,90.91,-182.35,0
27056,83.33,-184.01,0
27067,90.91,-184.55,0
27079,83.33,-183.75,0
27090,90.91,-182.10,0
27102,83.33,-180.95,0
27113,90.91,-180.93,0
27124,90.91,-181.85,0
27136,83.33,-182.67,0
27148,83.33,-182.87,0
27159,90.91,-181.94,0
27170,90.91,-180.83,0
27182,83.33,-180.77,0
27193,90.91,-181.50,0
27204,90.91,-183.95,0
27216,83.33,-183.95,0
27228,83.33,-182.53,0
27239,90.91,-181.29,0
27250,90.91,-180.20,0
27261,90.91,-181.10,0
27273,83.33,-181.57,0
27285,83.33,-182.65,0
27296,90.91,-183.40,0
27308,83.33,-183.48,0
27319,90.91,-182.40,0
27330,90.91,-180.97,0
27341,90.91,-181.24,0
27354,76.92,-182.27,0
27365,90.91,-182.74,0
27376,90.91,-182.86,0
27387,90.91,-181.76,0
27399,83.33,-181.15,0
27410,90.91,-181.78,0
27422,90.91,-181.53,0
27433,90.91,-183.02,0
27445,83.33,-184.30,0
27456,90.91,-184.03,0
27467,90.91,-182.32,0
27479,83.33,-180.80,0
27491,90.91,-180.24,0
27502,83.33,-180.75,0
27513,90.91,-182.00,0
27525,83.33,-183.56,0
27536,90.91,-184.11,0
27547,90.91,-182.45,0
27558,90.91,-181.62,0
27571,76.92,-181.92,0
27582,90.91,-182.61,0
27593,90.91,-182.94,0
27604,90.91,-183.11,0
27616,83.33,-182.37,0
27627,90.91,-180.59,0
27639,83.33,-180.44,0
27651,83.33,-181.32,0
27662,90.91,-182.25,0
27673,90.91,-183.59,0
27684,90.91,-183.78,0
27696,83.33,-182.41,0
27708,83.33,-181.36,0
27719,90.91,-180.94,0
27730,90.91,-180.84,0
27742,83.33,-182.63,0
27753,90.91,-183.34,0
27764,90.91,-183.13,0
27777,76.92,-181.73,0
27788,90.91,-180.82,0
27799,90.91,-181.29,0
27810,90.91,-182.02,0
27822,83.33,-183.59,0
27833,90.91,-184.01,0
27845,83.33,-182.59,0
27856,90.91,-181.21,0
27868,83.33,-180.54,0
27879,90.91,-180.86,0
27890,90.91,-181.76,0
27901,90.91,-183.22,0
27914,76.92,-183.42,0
27925,90.91,-182.25,0
27936,90.91,-181.04,0
27948,83.33,-181.47,0
27959,90.91,-181.55,0
27970,90.91,-182.43,0
27982,90.91,-183.40,0
27994,76.92,-183.40,0
28005,90.91,-182.36,0
28016,90.91,-180.45,0
28027,90.91,-180.76,0
28039,83.33,-181.14,0
28051,90.91,-182.79,0
28062,83.33,-183.23,0
28073,90.91,-183.18,0
28085,83.33,-181.90,0
28096,90.91,-180.83,0
28107,90.91,-181.28,0
28119,83.33,-181.60,0
28131,83.33,-182.86,0
28142,90.91,-183.03,0
28153,90.91,-181.90,0
28165,83.33,-181.04,0
28176,90.91,-181.39,0
28187,90.91,-181.47,0
28199,83.33,-182.46,0
28211,83.33,-184.05,0
28222,90.91,-183.44,0
28233,90.91,-182.55,0
28244,90.91,-181.28,0
28256,83.33,-181.30,0
28268,83.33,-182.30,0
28279,90.91,-183.73,0
28291,83.33,-183.95,0
28302,90.91,-183.99,0
28313,90.91,-182.37,0
28324,90.91,-181.27,0
28337,76.92,-180.69,0
28348,90.91,-181.80,0
28359,90.91,-183.63,0
28370,90.91,-183.36,0
28382,83.33,-182.50,0
28393,90.91,-181.23,0
28405,83.33,-180.53,0
28417,83.33,-180.66,0
28428,90.91,-181.93,0
28439,90.91,-182.73,0
28450,90.91,-183.42,0
28462,83.33,-182.45,0
28474,83.33,-181.19,0
28485,90.91,-180.63,0
28496,90.91,-181.27,0
28508,83.33,-182.28,0
28519,90.91,-183.03,0
28530,90.91,-183.51,0
28542,83.33,-181.99,0
28554,83.33,-181.14,0
28565,90.91,-182.12,0
28576,90.91,-182.37,0
28588,83.33,-182.89,0
28599,90.91,-183.17,0
28611,90.91,-182.25,0
28622,83.33,-181.23,0
28634,83.33,-181.13,0
28645,90.91,-181.86,0
28656,90.91,-182.98,0
28667,90.91,-184.01,0
28679,83.33,-183.49,0
28691,83.33,-182.84,0
28702,90.91,-181.54,0
28713,90.91,-180.22,0
28725,83.33,-180.66,0
28736,90.91,-181.74,0
28747,90.91,-182.61,0
28760,76.92,-182.68,0
28771,90.91,-181.92,0
28782,90.91,-181.11,0
28793,90.91,-181.69,0
28805,83.33,-182.16,0
28816,90.91,-183.00,0
28828,83.33,-182.86,0
28839,90.91,-182.88,0
28851,83.33,-181.49,0
28862,90.91,-180.19,0
28873,90.91,-181.01,0
28884,90.91,-181.76,0
28897,76.92,-183.05,0
28908,90.91,-184.06,0
28919,90.91,-183.27,0
28931,83.33,-181.78,0
28942,90.91,-181.02,0
28953,90.91,-181.73,0
28965,83.33,-182.93,0
28977,83.33,-183.59,0
28988,90.91,-183.78,0
28999,90.91,-182.25,0
29010,90.91,-181.40,0
29022,83.33,-181.40,0
29034,83.33,-181.94,0
29045,90.91,-183.51,0
29057,83.33,-183.96,0
29068,90.91,-183.33,0
29079,90.91,-181.81,0
29090,90.91,-180.25,0
29103,83.33,-180.50,0
29114,83.33,-181.31,0
29125,90.91,-182.38,0
29136,90.91,-183.07,0
29148,83.33,-182.77,0
29159,90.91,-182.04,0
29171,90.91,-181.20,0
29182,83.33,-181.70,0
29194,83.33,-182.47,0
29205,90.91,-183.75,0
29216,90.91,-183.98,0
29228,83.33,-182.71,0
29239,90.91,-180.93,0
29251,83.33,-180.69,0
29262,90.91,-180.97,0
29274,83.33,-182.78,0
29285,90.91,-184.27,0
29296,90.91,-184.01,0
29307,90.91,-182.45,0
29320,76.92,-180.72,0
29331,90.91,-180.30,0
29342,90.91,-180.90,0
29353,90.91,-182.85,0
29365,83.33,-183.78,0
29376,90.91,-183.27,0
29388,83.33,-182.22,0
29400,83.33,-180.94,0
29411,90.91,-181.70,0
29422,90.91,-182.73,0
29433,90.91,-183.36,0
29445,83.33,-183.74,0
29457,83.33,-183.40,0
29468,90.91,-181.44,0
29479,90.91,-179.87,0
29491,83.33,-180.85,0
29502,90.91,-182.51,0
29513,90.91,-183.63,0
29526,76.92,-183.71,0
29537,90.91,-183.02,0
29548,90.91,-181.69,0
29559,90.91,-181.31,0
29571,83.33,-181.84,0
29582,90.91,-182.89,0
29594,83.33,-183.40,0
29605,90.91,-183.00,0
29617,83.33,-182.60,0
29628,90.91,-181.71,0
29639,90.91,-181.85,0
29650,90.91,-182.86,0
29663,83.33,-184.00,0
29674,83.33,-184.17,0
29685,90.91,-182.65,0
29697,83.33,-181.58,0
29708,90.91,-180.55,0
29719,90.91,-180.78,0
29731,90.91,-182.01,0
29743,76.92,-183.64,0
29754,90.91,-184.40,0
29765,90.91,-183.27,0
29776,90.91,-181.77,0
29788,83.33,-181.03,0
29799,90.91,-181.32,0
29811,83.33,-182.38,0
29822,90.91,-183.42,0
29834,83.33,-183.18,0
29845,90.91,-181.81,0
29856,90.91,-180.92,0
29868,83.33,-180.52,0
29880,83.33,-181.06,0
29891,90.91,-182.69,0
29902,90.91,-183.70,0
29914,83.33,-183.31,0
29925,90.91,-181.91,0
29936,90.91,-180.91,0
29948,83.33,-181.55,0
29960,83.33,-181.08,0
29971,90.91,-182.91,0
29982,90.91,-183.40,0
29993,90.91,-182.80,0
30005,83.33,-181.47,0
30017,83.33,-180.42,0
30028,90.91,-181.44,0
30040,83.33,-182.83,0
30051,90.91,-183.76,0
30062,90.91,-183.75,0
30073,90.91,-182.34,0
30086,76.92,-180.62,0
30097,90.91,-180.83,0
30108,90.91,-181.65,0
30119,90.91,-181.85,0
30131,83.33,-182.39,0
30142,90.91,-183.03,0
30154,83.33,-182.46,0
30166,83.33,-181.16,0
30177,90.91,-181.60,0
30188,90.91,-181.35,0
30199,90.91,-183.26,0
30211,83.33,-183.93,0
30223,90.91,-183.36,0
30234,83.33,-181.27,0
30245,90.91,-180.43,0
30257,83.33,-180.29,0
30268,90.91,-181.16,0
30279,90.91,-183.12,0
30291,90.91,-184.76,0
30303,76.92,-183.51,0
30314,90.91,-181.51,0
30325,90.91,-181.19,0
30337,83.33,-181.51,0
30348,90.91,-182.07,0
30360,90.91,-182.59,0
30371,83.33,-182.32,0
30383,83.33,-181.00,0
30394,90.91,-180.09,0
30405,90.91,-180.68,0
30416,90.91,-181.34,0
30428,83.33,-182.71,0
30440,83.33,-184.42,0
30451,90.91,-184.09,0
30462,90.91,-182.18,0
30474,83.33,-180.53,0
30485,90.91,-180.67,0
30496,90.91,-180.72,0
30509,76.92,-182.35,0
30520,90.91,-182.88,0
30531,90.91,-182.80,0
30542,90.91,-181.78,0
30554,83.33,-181.08,0
30565,90.91,-181.58,0
30577,83.33,-182.84,0
30588,90.91,-183.38,0
30600,83.33,-184.40,0
30611,90.91,-182.62,0
30622,90.91,-181.39,0
30633,90.91,-180.61,0
30646,76.92,-181.28,0
30657,90.91,-181.89,0
30668,90.91,-183.86,0
30680,83.33,-184.32,0
30691,90.91,-182.69,0
30702,90.91,-181.28,0
30714,83.33,-181.68,0
30726,83.33,-182.43,0
30737,90.91,-183.96,0
30748,90.91,-183.57,0
30759,90.91,-182.63,0
30771,83.33,-180.60,0
30783,83.33,-179.96,0
30794,90.91,-180.73,0
30806,83.33,-182.08,0
30817,90.91,-184.00,0
30828,90.91,-184.72,0
30839,90.91,-183.16,0
30852,76.92,-182.17,0
30863,90.91,-180.86,0
30874,90.91,-181.08,0
30885,90.91,-182.20,0
30897,83.33,-182.78,0
30908,90.91,-182.63,0
30920,90.91,-181.56,0
30931,83.33,-181.09,0
30943,83.33,-181.39,0
30954,90.91,-181.96,0
30965,90.91,-184.02,0
30977,83.33,-184.41,0
30989,90.91,-183.23,0
31000,83.33,-181.51,0
31011,90.91,-180.22,0
31023,83.33,-179.84,0
31034,90.91,-181.48,0
31045,90.91,-182.98,0
31056,90.91,-183.25,0
31069,76.92,-183.23,0
31080,90.91,-182.82,0
31091,90.91,-182.09,0
31102,90.91,-182.18,0
31114,83.33,-182.82,0
31125,90.91,-183.54,0
31137,83.33,-182.81,0
31149,83.33,-182.18,0
31160,90.91,-180.10,0
31171,90.91,-179.70,0
31182,90.91,-181.06,0
31194,83.33,-182.51,0
31206,83.33,-183.93,0
31217,90.91,-184.31,0
31228,90.91,-182.82,0
31240,83.33,-181.14,0
31251,90.91,-181.29,0
31262,90.91,-181.76,0
31275,76.92,-182.72,0
31286,90.91,-182.50,0
31297,90.91,-181.84,0
31308,90.91,-181.02,0
31320,83.33,-180.96,0
31331,90.91,-181.38,0
31343,83.33,-182.55,0
31354,90.91,-184.29,0
31366,83.33,-184.76,0
31377,90.91,-183.16,0
31388,90.91,-180.43,0
31399,90.91,-180.11,0
31412,76.92,-180.22,0
31423,90.91,-181.73,0
31434,90.91,-182.87,0
31446,83.33,-183.41,0
31457,90.91,-182.49,0
31468,90.91,-181.32,0
31480,90.91,-181.06,0
31492,76.92,-181.74,0
31503,90.91,-182.27,0
31514,90.91,-182.71,0
31525,90.91,-182.60,0
31537,83.33,-181.70,0
31549,90.91,-180.86,0
31560,83.33,-181.19,0
31571,90.91,-181.82,0
31583,83.33,-182.94,0
31594,90.91,-183.70,0
31605,90.91,-183.52,0
31617,83.33,-181.90,0
31629,83.33,-180.58,0
31640,90.91,-180.79,0
31651,90.91,-181.80,0
31663,83.33,-183.19,0
31674,90.91,-183.53,0
31685,90.91,-182.48,0
31697,83.33,-181.88,0
31709,83.33,-181.20,0
31720,90.91,-181.86,0
31731,90.91,-183.00,0
31742,90.91,-184.07,0
31754,83.33,-183.86,0
31766,83.33,-182.25,0
31777,90.91,-180.23,0
31789,83.33,-180.50,0
31800,90.91,-181.50,0
31811,90.91,-183.01,0
31822,90.91,-183.67,0
31835,76.92,-183.29,0
31846,90.91,-182.05,0
31857,90.91,-181.24,0
31868,90.91,-181.09,0
31880,83.33,-182.27,0
31891,90.91,-183.21,0
31903,83.33,-183.85,0
31915,83.33,-182.36,0
31926,90.91,-181.24,0
31937,90.91,-181.04,0
31948,90.91,-181.49,0
31960,83.33,-182.87,0
31972,83.33,-183.27,0
31983,90.91,-183.51,0
31994,90.91,-182.54,0
32006,83.33,-181.71,0
32017,90.91,-180.88,0
32028,90.91,-181.11,0
32040,90.91,-182.16,0
32052,76.92,-183.26,0
32063,90.91,-182.90,0
32074,90.91,-182.10,0
32086,83.33,-181.44,0
32097,90.91,-181.73,0
32109,90.91,-182.20,0
32120,83.33,-183.60,0
32132,83.33,-183.73,0
32143,90.91,-182.95,0
32154,90.91,-181.24,0
32165,90.91,-180.22,0
32177,83.33,-180.83,0
32189,83.33,-181.72,0
32200,90.91,-182.88,0
32211,90.91,-183.35,0
32223,83.33,-183.60,0
32234,90.91,-182.25,0
32245,90.91,-180.70,0
32258,76.92,-181.33,0
32269,90.91,-182.59,0
32280,90.91,-183.51,0
32291,90.91,-183.69,0
32303,83.33,-182.22,0
32314,90.91,-181.12,0
32326,83.33,-181.22,0
32337,90.91,-181.40,0
32349,83.33,-182.42,0
32360,90.91,-183.30,0
32371,90.91,-183.45,0
32382,90.91,-181.80,0
32395,76.92,-180.65,0
32406,90.91,-180.99,0
32417,90.91,-182.22,0
32429,83.33,-183.13,0
32440,90.91,-184.23,0
32451,90.91,-182.47,0
32463,83.33,-181.07,0
32475,83.33,-180.74,0
32486,90.91,-181.41,0
32497,90.91,-183.04,0
32508,90.91,-184.36,0
32520,83.33,-183.99,0
32532,83.33,-182.43,0
32543,90.91,-181.02,0
32555,83.33,-180.51,0
32566,90.91,-181.62,0
32577,90.91,-182.64,0
32588,90.91,-183.24,0
32601,76.92,-183.18,0
32612,90.91,-182.22,0
32623,90.91,-181.23,0
32634,90.91,-181.46,0
32646,83.33,-182.29,0
32657,90.91,-183.83,0
32669,90.91,-184.47,0
32680,83.33,-183.29,0
32692,83.33,-181.53,0
32703,90.91,-180.53,0
32714,90.91,-181.32,0
32726,83.33,-182.41,0
32738,90.91,-183.75,0
32749,83.33,-184.25,0
32760,90.91,-183.50,0
32772,83.33,-181.63,0
32783,90.91,-181.17,0
32794,90.91,-181.34,0
32805,90.91,-182.28,0
32818,76.92,-183.02,0
32829,90.91,-183.27,0
32840,90.91,-182.79,0
32851,90.91,-181.70,0
32863,83.33,-181.34,0
32874,90.91,-182.11,0
32886,83.33,-183.49,0
32898,83.33,-183.90,0
32909,90.91,-183.30,0
32920,90.91,-182.10,0
32931,90.91,-180.59,0
32943,83.33,-181.04,0
32955,83.33,-181.89,0
32966,90.91,-183.18,0
32977,90.91,-183.44,0
32989,83.33,-183.65,0
33000,90.91,-182.21,0
33011,90.91,-181.53,0
33024,76.92,-181.54,0
33035,90.91,-182.68,0
33046,90.91,-183.00,0
33057,90.91,-183.31,0
33069,83.33,-182.20,0
33080,90.91,-181.19,0
33092,83.33,-180.96,0
33103,90.91,-181.67,0
33115,83.33,-182.93,0
33126,90.91,-184.33,0
33137,90.91,-183.49,0
33148,90.91,-182.60,0
33161,76.92,-181.29,0
33172,90.91,-181.29,0
33183,90.91,-181.23,0
33195,83.33,-182.43,0
33206,90.91,-183.24,0
33217,90.91,-182.75,0
33229,83.33,-181.73,0
33241,83.33,-180.70,0
33252,90.91,-181.45,0
33263,90.91,-182.59,0
33274,90.91,-183.29,0
33286,83.33,-183.57,0
33298,90.91,-182.45,0
33309,83.33,-181.22,0
33320,90.91,-180.12,0
33332,83.33,-180.92,0
33343,90.91,-182.27,0
33354,90.91,-183.77,0
33367,83.33,-183.61,0
33378,83.33,-182.52,0
33389,90.91,-181.40,0
33400,90.91,-181.19,0
33412,83.33,-182.02,0
33423,90.91,-183.17,0
33434,90.91,-183.54,0
33446,83.33,-183.40,0
33458,83.33,-181.69,0
33469,90.91,-180.24,0
33480,90.91,-180.71,0
33491,90.91,-181.99,0
33503,83.33,-183.24,0
33515,83.33,-183.54,0
33526,90.91,-182.80,0
33538,83.33,-181.58,0
33549,90.91,-180.32,0
33560,90.91,-180.93,0
33571,90.91,-182.08,0
33584,76.92,-182.96,0
33595,90.91,-183.11,0
33606,90.91,-182.29,0
33617,90.91,-181.05,0
33629,83.33,-181.08,0
33640,90.91,-181.68,0
33652,83.33,-183.10,0
33664,83.33,-183.54,0
33675,90.91,-182.74,0
33686,90.91,-181.91,0
33697,90.91,-180.78,0
33709,83.33,-181.54,0
33721,83.33,-182.13,0
33732,90.91,-183.53,0
33743,90.91,-183.83,0
33755,83.33,-182.94,0
33766,90.91,-181.91,0
33777,90.91,-181.14,0
33789,83.33,-181.18,0
33801,83.33,-182.15,0
33812,90.91,-183.09,0
33823,90.91,-183.66,0
33835,83.33,-182.65,0
33846,90.91,-181.32,0
33858,83.33,-181.07,0
33869,90.91,-182.03,0
33881,83.33,-183.18,0
33892,90.91,-183.68,0
33903,90.91,-183.44,0
33914,90.91,-182.90,0
33927,83.33,-181.69,0
33938,83.33,-180.66,0
33949,90.91,-181.07,0
33960,90.91,-182.83,0
33972,83.33,-183.50,0
33983,90.91,-183.09,0
33994,90.91,-182.08,0
34007,76.92,-181.47,0
34018,90.91,-181.24,0
34029,90.91,-182.66,0
34040,90.91,-183.85,0
34052,83.33,-183.62,0
34063,90.91,-182.56,0
34075,83.33,-181.22,0
34086,90.91,-180.32,0
34098,83.33,-181.52,0
34109,90.91,-182.55,0
34120,90.91,-184.44,0
34131,90.91,-185.08,0
34144,76.92,-183.33,0
34155,90.91,-181.56,0
34166,90.91,-181.26,0
34178,83.33,-181.44,0
34189,90.91,-182.53,0
34200,90.91,-183.60,0
34212,83.33,-183.19,0
34224,83.33,-181.70,0
34235,90.91,-180.27,0
34246,90.91,-180.76,0
34257,90.91,-181.62,0
34269,83.33,-182.80,0
34281,83.33,-183.69,0
34292,90.91,-183.29,0
34304,83.33,-181.54,0
34315,90.91,-180.61,0
34326,90.91,-181.41,0
34337,90.91,-181.79,0
34350,76.92,-182.69,0
34361,90.91,-183.76,0
34372,90.91,-182.81,0
34383,90.91,-181.50,0
34395,83.33,-181.42,0
34406,90.91,-181.92,0
34418,83.33,-182.90,0
34429,90.91,-183.70,0
34441,83.33,-183.64,0
34452,90.91,-182.60,0
34463,90.91,-180.76,0
34475,83.33,-180.34,0
34487,90.91,-181.48,0
34498,83.33,-183.44,0
34509,90.91,-184.71,0
34521,83.33,-184.63,0
34532,90.91,-182.32,0
34543,90.91,-180.47,0
34555,90.91,-180.63,0
34567,76.92,-181.22,0
34578,90.91,-182.55,0
34589,90.91,-182.83,0
34600,90.91,-182.48,0
34612,83.33,-181.65,0
34623,90.91,-180.76,0
34635,83.33,-181.07,0
34647,83.33,-182.62,0
34658,90.91,-183.53,0
34669,90.91,-183.70,0
34680,90.91,-182.37,0
34692,83.33,-180.90,0
34704,83.33,-180.93,0
34715,90.91,-181.24,0
34726,90.91,-182.26,0
34738,83.33,-182.97,0
34749,90.91,-183.41,0
34760,90.91,-182.25,0
34772,83.33,-181.05,0
34784,83.33,-181.12,0
34795,90.91,-181.26,0
34806,90.91,-182.85,0
34818,83.33,-183.76,0
34829,90.91,-182.63,0
34841,83.33,-181.39,0
34852,90.91,-180.42,0
34864,83.33,-181.16,0
34875,90.91,-182.43,0
34886,90.91,-183.33,0
34897,90.91,-183.28,0
34910,76.92,-182.66,0
34921,90.91,-181.22,0
34932,90.91,-180.51,0
34944,83.33,-180.72,0
34955,90.91,-182.32,0
34966,90.91,-183.71,0
34978,83.33,-183.23,0
34990,83.33,-181.64,0
35001,90.91,-180.62,0
35012,90.91,-180.90,0
35023,90.91,-181.80,0
35035,83.33,-183.38,0
35047,83.33,-184.44,0
35058,90.91,-183.53,0
35069,90.91,-182.63,0
35081,83.33,-181.08,0
35092,90.91,-181.05,0
35103,90.91,-181.86,0
35116,83.33,-182.95,0
35127,83.33,-183.33,0
35138,90.91,-182.18,0
35149,90.91,-180.96,0
35161,83.33,-180.42,0
35172,90.91,-181.32,0
35184,90.91,-182.79,0
35195,83.33,-183.83,0
35207,83.33,-183.92,0
35218,90.91,-181.98,0
35229,90.91,-179.80,0
35240,90.91,-180.20,0
35252,83.33,-181.03,0
35264,83.33,-183.05,0
35275,90.91,-184.02,0
35287,83.33,-183.67,0
35298,90.91,-182.51,0
35309,90.91,-181.35,0
35320,90.91,-181.06,0
35333,76.92,-181.71,0
35344,90.91,-183.31,0
35355,90.91,-183.50,0
35366,90.91,-183.10,0
35378,83.33,-181.51,0
35389,90.91,-179.93,0
35401,83.33,-181.09,0
35412,90.91,-182.16,0
35424,83.33,-183.33,0
35435,90.91,-184.06,0
35446,90.91,-182.92,0
35458,83.33,-181.57,0
35470,83.33,-180.91,0
35481,90.91,-181.27,0
35492,90.91,-182.79,0
35504,83.33,-183.32,0
35515,90.91,-183.07,0
35526,90.91,-182.15,0
35538,83.33,-181.43,0
35550,83.33,-181.19,0
35561,90.91,-181.69,0
35572,90.91,-183.22,0
35584,83.33,-184.45,0
35595,90.91,-183.00,0
35607,83.33,-181.24,0
35618,90.91,-180.21,0
35630,83.33,-180.79,0
35641,90.91,-181.81,0
35652,90.91,-183.34,0
35663,90.91,-183.51,0
35676,76.92,-183.13,0
35687,90.91,-182.13,0
35698,90.91,-181.36,0
35709,90.91,-181.89,0
35721,83.33,-182.66,0
35732,90.91,-183.32,0
35744,90.91,-183.37,0
35756,76.92,-182.01,0
35767,90.91,-181.00,0
35778,90.91,-181.56,0
35789,90.91,-181.91,0
35801,83.33,-183.26,0
35813,90.91,-183.78,0
35824,83.33,-183.05,0
35835,90.91,-181.72,0
35847,83.33,-180.45,0
35858,90.91,-180.41,0
35869,90.91,-180.90,0
35880,90.91,-182.71,0
35893,76.92,-183.39,0
35904,90.91,-182.90,0
35915,90.91,-182.06,0
35927,83.33,-181.43,0
35938,90.91,-182.20,0
35949,90.91,-182.84,0
35961,83.33,-183.81,0
35973,83.33,-183.47,0
35984,90.91,-181.93,0
35995,90.91,-180.85,0
36006,90.91,-180.22,0
36018,83.33,-181.06,0
36030,83.33,-182.63,0
36041,90.91,-183.94,0
36052,90.91,-184.22,0
36064,83.33,-182.71,0
36075,90.91,-181.15,0
36086,90.91,-181.13,0
36099,76.92,-181.22,0
36110,90.91,-182.64,0
36121,90.91,-183.00,0
36132,90.91,-182.31,0
36144,83.33,-181.05,0
36155,90.91,-180.51,0
36167,83.33,-181.68,0
36178,90.91,-182.92,0
36190,83.33,-183.94,0
36201,90.91,-184.14,0
36212,90.91,-183.24,0
36224,83.33,-181.30,0
36236,83.33,-180.31,0
36247,90.91,-181.21,0
36258,90.91,-181.88,0
36270,83.33,-183.48,0
36281,90.91,-183.81,0
36292,90.91,-182.49,0
36304,90.91,-181.59,0
36316,76.92,-181.70,0
36327,90.91,-182.10,0
36338,90.91,-183.44,0
36349,90.91,-184.26,0
36361,83.33,-182.72,0
36372,90.91,-181.29,0
36384,83.33,-180.25,0
36396,83.33,-180.26,0
36407,90.91,-181.61,0
36418,90.91,-183.41,0
36429,90.91,-184.00,0
36441,83.33,-183.08,0
36453,83.33,-181.95,0
36464,90.91,-180.21,0
36475,90.91,-181.10,0
36487,83.33,-181.97,0
36498,90.91,-182.60,0
36509,90.91,-182.94,0
36521,83.33,-181.98,0
36533,83.33,-181.10,0
36544,90.91,-181.14,0
36555,90.91,-181.81,0
36567,83.33,-182.82,0
36578,90.91,-183.85,0
36590,83.33,-183.92,0
36601,90.91,-182.23,0
36613,83.33,-180.12,0
36624,90.91,-180.75,0
36635,90.91,-181.58,0
36646,90.91,-182.86,0
36659,76.92,-183.16,0
36670,90.91,-182.79,0
36681,90.91,-182.12,0
36692,90.91,-180.84,0
36704,83.33,-181.60,0
36715,90.91,-182.47,0
36727,83.33,-183.58,0
36739,83.33,-184.13,0
36750,90.91,-182.63,0
36761,90.91,-180.97,0
36772,90.91,-180.35,0
36784,83.33,-181.11,0
36796,90.91,-182.35,0
36807,83.33,-182.98,0
36818,90.91,-183.76,0
36830,83.33,-182.66,0
36841,90.91,-181.14,0
36852,90.91,-181.95,0
36865,83.33,-182.21,0
36876,83.33,-182.32,0
3688