83.33,-⸮66,15.15,-183.20,0
77,90.91,-186.52,0
89,83.33,-187.84,0
100,90.91,-186.97,0
111,90.91,-184.55,0
123,90.91,-183.40,0
135,83.33,-183.68,0
146,90.91,-185.31,0
157,90.91,-186.85,0
168,90.91,-185.45,0
180,83.33,-182.25,0
192,90.91,-181.08,0
203,83.33,-183.40,0
215,83.33,-185.94,0
226,90.91,-187.13,0
237,90.91,-185.82,0
248,90.91,-184.15,0
261,83.33,-182.24,0
272,83.33,-183.02,0
283,90.91,-186.11,0
294,90.91,-188.02,0
306,83.33,-186.54,0
317,90.91,-183.21,0
329,90.91,-181.69,0
340,83.33,-182.31,0
352,83.33,-183.85,0
363,90.91,-185.50,0
374,90.91,-185.55,0
386,83.33,-183.75,0
397,90.91,-181.89,0
409,83.33,-182.62,0
420,90.91,-185.88,0
432,83.33,-188.30,0
443,90.91,-187.31,0
454,90.91,-184.88,0
465,90.91,-182.13,0
478,76.92,-182.14,0
489,90.91,-184.19,0
500,90.91,-186.49,0
512,83.33,-186.09,0
523,90.91,-183.72,0
534,90.91,-181.43,0
546,83.33,-181.09,0
558,83.33,-183.89,0
569,90.91,-186.88,0
580,90.91,-187.62,0
591,90.91,-185.81,0
603,83.33,-183.02,0
615,83.33,-182.43,0
626,90.91,-184.80,0
637,90.91,-187.22,0
649,83.33,-187.28,0
660,90.91,-184.47,0
671,90.91,-181.63,0
684,76.92,-181.55,0
695,90.91,-183.26,0
706,90.91,-185.67,0
717,90.91,-187.19,0
729,83.33,-185.58,0
740,90.91,-183.33,0
752,83.33,-182.16,0
763,90.91,-184.27,0
775,83.33,-186.87,0
786,90.91,-188.14,0
797,90.91,-185.72,0
808,90.91,-182.37,0
821,76.92,-181.29,0
832,90.91,-182.70,0
843,90.91,-184.92,0
855,83.33,-186.18,0
866,90.91,-185.33,0
877,90.91,-182.89,0
889,83.33,-181.48,0
901,83.33,-183.03,0
912,90.91,-185.98,0
923,90.91,-188.77,0
934,90.91,-187.42,0
946,83.33,-184.45,0
958,83.33,-182.78,0
969,90.91,-183.09,0
980,90.91,-185.08,0
992,83.33,-187.01,0
1003,90.91,-185.81,0
1014,90.91,-182.89,0
1027,76.92,-181.17,0
1038,90.91,-182.51,0
1049,90.91,-185.35,0
1060,90.91,-187.99,0
1072,83.33,-187.10,0
1083,90.91,-184.82,0
1095,83.33,-183.30,0
1106,90.91,-183.69,0
1118,83.33,-185.90,0
1129,90.91,-187.93,0
1140,90.91,-187.06,0
1152,83.33,-183.62,0
1164,90.91,-181.21,0
1175,90.91,-181.98,0
1186,90.91,-183.75,0
1198,83.33,-185.20,0
1209,90.91,-185.31,0
1220,90.91,-183.91,0
1232,90.91,-181.32,0
1244,76.92,-181.60,0
1255,90.91,-184.58,0
1266,90.91,-187.46,0
1277,90.91,-188.19,0
1289,83.33,-185.57,0
1301,90.91,-183.08,0
1312,83.33,-182.84,0
1324,83.33,-184.63,0
1335,90.91,-186.32,0
1346,90.91,-186.43,0
1357,90.91,-184.37,0
1370,83.33,-181.20,0
1381,83.33,-181.19,0
1392,90.91,-183.72,0
1403,90.91,-186.71,0
1415,83.33,-188.19,0
1426,90.91,-185.92,0
1437,90.91,-183.08,0
1449,83.33,-182.06,0
1461,83.33,-183.70,0
1472,90.91,-186.54,0
1483,90.91,-187.47,0
1495,83.33,-185.06,0
1506,90.91,-182.26,0
1518,83.33,-181.52,0
1529,90.91,-182.89,0
1541,83.33,-185.01,0
1552,90.91,-186.49,0
1563,90.91,-185.39,0
1574,90.91,-183.01,0
1587,76.92,-182.02,0
1598,90.91,-183.20,0
1609,90.91,-185.99,0
1620,90.91,-187.86,0
1632,83.33,-186.88,0
1643,90.91,-183.89,0
1655,83.33,-182.04,0
1667,83.33,-182.71,0
1678,90.91,-184.78,0
1689,90.91,-186.42,0
1700,90.91,-185.51,0
1712,83.33,-182.85,0
1724,83.33,-181.41,0
1735,90.91,-182.47,0
1746,90.91,-185.23,0
1758,83.33,-187.23,0
1769,90.91,-186.40,0
1780,90.91,-183.78,0
1793,76.92,-182.62,0
1804,90.91,-183.06,0
1815,90.91,-185.55,0
1826,90.91,-187.98,0
1838,83.33,-186.78,0
1849,90.91,-183.61,0
1861,83.33,-181.71,0
1872,90.91,-182.55,0
1884,83.33,-184.39,0
1895,90.91,-186.08,0
1906,90.91,-185.77,0
1917,90.91,-184.19,0
1930,76.92,-182.59,0
1941,90.91,-182.48,0
1952,90.91,-184.24,0
1964,83.33,-187.08,0
1975,90.91,-187.27,0
1986,90.91,-185.18,0
1998,83.33,-182.80,0
2010,83.33,-182.42,0
2021,90.91,-184.15,0
2032,90.91,-186.03,0
2043,90.91,-186.39,0
2055,83.33,-183.82,0
2067,83.33,-182.20,0
2078,90.91,-181.93,0
2089,90.91,-183.69,0
2101,83.33,-186.24,0
2112,90.91,-187.23,0
2123,90.91,-186.08,0
2136,83.33,-183.54,0
2147,83.33,-182.89,0
2158,90.91,-184.20,0
2169,90.91,-186.75,0
2181,83.33,-187.16,0
2192,90.91,-185.51,0
2204,90.91,-182.76,0
2215,83.33,-181.12,0
2227,83.33,-182.41,0
2238,90.91,-185.23,0
2249,90.91,-187.23,0
2260,90.91,-186.46,0
2273,83.33,-183.78,0
2284,83.33,-182.42,0
2295,90.91,-183.59,0
2307,83.33,-186.74,0
2318,90.91,-188.54,0
2329,90.91,-187.24,0
2341,90.91,-184.21,0
2353,76.92,-182.24,0
2364,90.91,-182.74,0
2375,90.91,-184.60,0
2386,90.91,-186.61,0
2398,83.33,-185.45,0
2409,90.91,-183.30,0
2421,83.33,-181.30,0
2433,83.33,-182.40,0
2444,90.91,-185.05,0
2455,90.91,-188.16,0
2466,90.91,-187.83,0
2478,83.33,-184.39,0
2490,83.33,-182.05,0
2501,90.91,-182.26,0
2512,90.91,-184.73,0
2524,83.33,-186.48,0
2535,90.91,-186.19,0
2546,90.91,-183.81,0
2558,83.33,-181.31,0
2570,83.33,-181.45,0
2581,90.91,-184.35,0
2592,90.91,-186.65,0
2604,83.33,-187.16,0
2615,90.91,-184.85,0
2627,83.33,-182.95,0
2638,90.91,-182.16,0
2650,83.33,-184.08,0
2661,90.91,-187.41,0
2672,90.91,-187.63,0
2683,90.91,-185.20,0
2696,76.92,-182.47,0
2707,90.91,-182.13,0
2718,90.91,-183.57,0
2729,90.91,-185.63,0
2741,83.33,-186.44,0
2752,90.91,-184.69,0
2764,83.33,-182.71,0
2776,83.33,-182.18,0
2787,90.91,-183.51,0
2798,90.91,-186.75,0
2809,90.91,-188.25,0
2821,83.33,-186.12,0
2833,83.33,-183.76,0
2844,90.91,-181.73,0
2855,90.91,-182.45,0
2867,83.33,-185.19,0
2878,90.91,-186.42,0
2889,90.91,-185.09,0
2902,76.92,-182.79,0
2913,90.91,-182.15,0
2924,90.91,-183.41,0
2935,90.91,-185.88,0
2947,83.33,-187.48,0
2958,90.91,-186.54,0
2970,83.33,-183.86,0
2981,90.91,-182.38,0
2993,83.33,-182.98,0
3004,90.91,-185.05,0
3015,90.91,-187.04,0
3026,90.91,-185.58,0
3039,76.92,-183.24,0
3050,90.91,-181.37,0
3061,90.91,-182.67,0
3073,83.33,-184.78,0
3084,90.91,-186.69,0
3095,90.91,-186.55,0
3107,83.33,-184.69,0
3119,83.33,-183.03,0
3130,90.91,-184.00,0
3141,90.91,-185.81,0
3152,90.91,-188.35,0
3164,83.33,-187.70,0
3176,90.91,-184.59,0
3187,83.33,-182.33,0
3198,90.91,-181.98,0
3210,83.33,-183.68,0
3221,90.91,-185.82,0
3232,90.91,-186.01,0
3245,83.33,-184.29,0
3256,83.33,-182.07,0
3267,90.91,-182.22,0
3278,90.91,-184.36,0
3290,83.33,-187.42,0
3301,90.91,-188.35,0
3313,90.91,-185.77,0
3324,83.33,-183.41,0
3336,83.33,-182.26,0
3347,90.91,-183.23,0
3358,90.91,-185.63,0
3369,90.91,-185.88,0
3381,83.33,-184.12,0
3393,83.33,-181.60,0
3404,90.91,-180.95,0
3416,83.33,-183.65,0
3427,90.91,-186.19,0
3438,90.91,-187.29,0
3449,90.91,-185.69,0
3462,76.92,-183.39,0
3473,90.91,-183.08,0
3484,90.91,-183.52,0
3495,90.91,-186.10,0
3507,83.33,-186.84,0
3518,90.91,-184.58,0
3530,83.33,-182.77,0
3542,83.33,-181.05,0
3553,90.91,-182.64,0
3564,90.91,-185.31,0
3575,90.91,-186.83,0
3587,83.33,-186.44,0
3599,83.33,-184.04,0
3610,90.91,-182.30,0
3621,90.91,-183.08,0
3633,83.33,-185.74,0
3644,90.91,-187.90,0
3655,90.91,-186.49,0
3667,83.33,-184.10,0
3679,83.33,-182.04,0
3690,90.91,-182.17,0
3701,90.91,-184.31,0
3713,83.33,-186.47,0
3724,90.91,-185.59,0
3736,83.33,-183.59,0
3747,90.91,-181.39,0
3759,83.33,-182.74,0
3770,90.91,-184.91,0
3781,90.91,-186.41,0
3792,90.91,-186.62,0
3805,76.92,-183.91,0
3816,90.91,-182.69,0
3827,90.91,-182.83,0
3838,90.91,-185.24,0
3850,83.33,-187.30,0
3861,90.91,-186.26,0
3873,83.33,-183.86,0
3885,83.33,-181.84,0
3896,90.91,-182.05,0
3907,90.91,-184.30,0
3918,90.91,-186.70,0
3930,83.33,-187.21,0
3942,83.33,-185.00,0
3953,90.91,-182.70,0
3964,90.91,-183.13,0
3976,83.33,-184.26,0
3987,90.91,-186.51,0
3998,90.91,-186.88,0
4011,90.91,-184.48,0
4022,76.92,-182.17,0
4033,90.91,-181.62,0
4044,90.91,-183.21,0
4056,83.33,-185.90,0
4067,90.91,-187.22,0
4079,90.91,-185.81,0
4090,83.33,-183.38,0
4102,83.33,-182.49,0
4113,90.91,-183.26,0
4124,90.91,-185.68,0
4135,90.91,-187.35,0
4148,83.33,-184.97,0
4159,83.33,-182.42,0
4170,90.91,-181.82,0
4182,83.33,-183.16,0
4193,90.91,-186.10,0
4204,90.91,-187.21,0
4215,90.91,-185.74,0
4228,76.92,-183.81,0
4239,90.91,-182.35,0
4250,90.91,-183.17,0
4261,90.91,-185.99,0
4273,83.33,-187.88,0
4284,90.91,-187.45,0
4296,83.33,-184.04,0
4307,90.91,-182.19,0
4319,83.33,-182.69,0
4330,90.91,-185.38,0
4341,90.91,-187.15,0
4353,83.33,-185.70,0
4365,83.33,-183.10,0
4376,90.91,-181.65,0
4387,90.91,-182.59,0
4399,83.33,-185.31,0
4410,90.91,-188.41,0
4421,90.91,-187.42,0
4433,83.33,-184.20,0
4445,83.33,-181.99,0
4456,90.91,-182.29,0
4467,90.91,-185.26,0
4478,90.91,-187.68,0
4490,83.33,-187.19,0
4502,83.33,-183.91,0
4513,90.91,-181.34,0
4525,83.33,-182.12,0
4536,90.91,-184.55,0
4547,90.91,-186.20,0
4558,90.91,-186.44,0
4571,76.92,-184.53,0
4582,90.91,-182.87,0
4593,90.91,-182.32,0
4604,90.91,-184.40,0
4616,83.33,-187.03,0
4627,90.91,-187.10,0
4639,83.33,-185.47,0
4651,83.33,-183.19,0
4662,90.91,-182.18,0
4673,90.91,-183.26,0
4684,90.91,-185.74,0
4696,83.33,-186.25,0
4708,83.33,-184.50,0
4719,90.91,-182.40,0
4730,90.91,-181.97,0
4742,83.33,-183.48,0
4753,90.91,-186.63,0
4764,90.91,-187.86,0
4776,83.33,-187.07,0
4788,83.33,-184.52,0
4799,90.91,-183.03,0
4810,90.91,-183.39,0
4822,83.33,-185.30,0
4833,90.91,-186.60,0
4845,83.33,-184.59,0
4856,90.91,-181.86,0
4868,83.33,-181.21,0
4879,90.91,-182.75,0
4890,90.91,-185.30,0
4901,90.91,-187.43,0
4914,83.33,-187.45,0
4925,83.33,-184.33,0
4936,90.91,-182.40,0
4947,90.91,-182.98,0
4959,83.33,-185.40,0
4970,90.91,-186.64,0
4982,90.91,-185.67,0
4994,76.92,-183.14,0
5005,90.91,-181.84,0
5016,90.91,-182.34,0
5027,90.91,-184.14,0
5039,83.33,-185.62,0
5051,90.91,-185.55,0
5062,83.33,-183.83,0
5073,90.91,-182.12,0
5085,83.33,-182.58,0
5096,90.91,-185.37,0
5107,90.91,-188.04,0
5118,90.91,-187.78,0
5131,76.92,-184.54,0
5142,90.91,-182.29,0
5153,90.91,-182.08,0
5165,83.33,-184.25,0
5176,90.91,-186.69,0
5187,90.91,-186.07,0
5199,83.33,-183.67,0
5211,83.33,-181.53,0
5222,90.91,-181.82,0
5233,90.91,-183.97,0
5244,90.91,-186.47,0
5256,83.33,-187.45,0
5268,83.33,-185.21,0
5279,90.91,-182.92,0
5291,83.33,-182.28,0
5302,90.91,-183.95,0
5313,90.91,-186.39,0
5324,90.91,-187.04,0
5337,76.92,-184.35,0
5348,90.91,-181.72,0
5359,90.91,-181.58,0
5370,90.91,-183.02,0
5382,83.33,-185.80,0
5393,90.91,-187.64,0
5405,83.33,-185.63,0
5416,90.91,-183.29,0
5428,83.33,-182.34,0
5439,90.91,-183.32,0
5450,90.91,-185.87,0
5462,83.33,-187.27,0
5474,83.33,-185.93,0
5485,90.91,-183.07,0
5496,90.91,-181.81,0
5508,83.33,-182.85,0
5519,90.91,-185.40,0
5530,90.91,-186.49,0
5542,83.33,-185.29,0
5554,83.33,-183.22,0
5565,90.91,-181.92,0
5576,90.91,-183.30,0
5587,90.91,-185.87,0
5599,83.33,-187.63,0
5611,83.33,-186.54,0
5622,90.91,-183.92,0
5634,83.33,-182.60,0
5645,90.91,-183.32,0
5656,90.91,-185.36,0
5667,90.91,-187.33,0
5680,76.92,-185.88,0
5691,90.91,-183.30,0
5702,90.91,-181.53,0
5713,90.91,-182.80,0
5725,83.33,-184.63,0
5736,90.91,-187.25,0
5748,90.91,-187.20,0
5760,76.92,-184.13,0
5771,90.91,-181.97,0
5782,90.91,-182.62,0
5793,90.91,-184.92,0
5805,83.33,-187.58,0
5817,90.91,-187.40,0
5828,83.33,-184.74,0
5839,90.91,-182.39,0
5851,83.33,-182.20,0
5862,90.91,-184.00,0
5873,90.91,-186.33,0
5885,90.91,-186.49,0
5897,76.92,-184.35,0
5908,90.91,-182.19,0
5919,90.91,-182.23,0
5931,83.33,-184.05,0
5942,90.91,-187.20,0
5953,90.91,-187.75,0
5965,83.33,-185.85,0
5977,83.33,-183.37,0
5988,90.91,-181.87,0
5999,90.91,-183.52,0
6010,90.91,-186.61,0
6022,83.33,-187.70,0
6034,83.33,-185.66,0
6045,90.91,-183.01,0
6056,90.91,-182.52,0
6068,83.33,-183.44,0
6079,90.91,-185.71,0
6090,90.91,-186.57,0
6103,76.92,-184.64,0
6114,90.91,-182.26,0
6125,90.91,-181.95,0
6136,90.91,-182.99,0
6148,83.33,-185.72,0
6159,90.91,-187.38,0
6171,83.33,-185.88,0
6182,90.91,-183.42,0
6194,83.33,-182.18,0
6205,90.91,-182.81,0
6216,90.91,-185.55,0
6227,90.91,-187.14,0
6240,76.92,-185.74,0
6251,90.91,-182.74,0
6262,90.91,-181.54,0
6274,83.33,-181.94,0
6285,90.91,-184.40,0
6296,90.91,-186.77,0
6308,83.33,-185.96,0
6320,83.33,-183.68,0
6331,90.91,-182.02,0
6342,90.91,-182.16,0
6353,90.91,-185.52,0
6365,83.33,-188.08,0
6377,83.33,-187.31,0
6388,90.91,-184.56,0
6400,83.33,-182.13,0
6411,90.91,-182.92,0
6422,90.91,-185.05,0
6433,90.91,-186.73,0
6446,76.92,-186.11,0
6457,90.91,-183.82,0
6468,90.91,-181.88,0
6479,90.91,-181.94,0
6491,83.33,-184.08,0
6502,90.91,-187.22,0
6514,83.33,-187.06,0
6525,90.91,-184.57,0
6537,83.33,-182.23,0
6548,90.91,-182.11,0
6559,90.91,-184.09,0
6571,83.33,-186.45,0
6583,83.33,-187.54,0
6594,90.91,-185.64,0
6605,90.91,-182.78,0
6617,83.33,-182.21,0
6628,90.91,-183.76,0
6639,90.91,-186.24,0
6651,90.91,-186.70,0
6663,76.92,-185.39,0
6674,90.91,-183.44,0
6685,90.91,-182.53,0
6696,90.91,-183.98,0
6708,83.33,-187.55,0
6720,90.91,-188.65,0
6731,83.33,-186.27,0
6743,83.33,-183.42,0
6754,90.91,-182.14,0
6765,90.91,-183.86,0
6776,90.91,-185.31,0
6789,83.33,-186.16,0
6800,83.33,-185.03,0
6811,90.91,-183.14,0
6822,90.91,-182.11,0
6834,83.33,-183.63,0
6845,90.91,-185.67,0
6856,90.91,-186.80,0
6868,83.33,-186.11,0
6880,83.33,-183.59,0
6891,90.91,-182.11,0
6902,90.91,-183.16,0
6914,83.33,-185.76,0
6925,90.91,-188.28,0
6937,83.33,-187.27,0
6948,90.91,-183.85,0
6960,83.33,-181.60,0
6971,90.91,-182.82,0
6982,90.91,-184.94,0
6993,90.91,-186.84,0
7006,76.92,-186.36,0
7017,90.91,-183.87,0
7028,90.91,-181.80,0
7040,83.33,-182.19,0
7051,90.91,-184.42,0
7062,90.91,-186.63,0
7074,83.33,-186.93,0
7086,83.33,-184.11,0
7097,90.91,-182.19,0
7108,90.91,-182.37,0
7119,90.91,-184.95,0
7131,83.33,-187.38,0
7143,83.33,-186.62,0
7154,90.91,-184.13,0
7165,90.91,-181.75,0
7177,83.33,-181.73,0
7188,90.91,-183.67,0
7199,90.91,-186.81,0
7212,76.92,-186.82,0
7223,90.91,-185.09,0
7234,90.91,-182.48,0
7245,90.91,-182.18,0
7257,83.33,-183.69,0
7268,90.91,-186.75,0
7280,83.33,-187.64,0
7291,90.91,-184.93,0
7303,83.33,-182.44,0
7314,90.91,-181.89,0
7325,90.91,-183.65,0
7336,90.91,-185.83,0
7349,76.92,-186.37,0
7360,90.91,-184.42,0
7371,90.91,-182.06,0
7383,83.33,-181.35,0
7394,90.91,-182.46,0
7405,90.91,-185.21,0
7417,83.33,-187.41,0
7429,83.33,-186.61,0
7440,90.91,-183.92,0
7451,90.91,-182.50,0
7462,90.91,-183.51,0
7474,83.33,-185.30,0
7486,83.33,-186.64,0
7497,90.91,-185.20,0
7508,90.91,-182.45,0
7520,83.33,-181.34,0
7531,90.91,-182.95,0
7542,90.91,-184.74,0
7555,76.92,-186.63,0
7566,90.91,-186.11,0
7577,90.91,-183.50,0
7588,90.91,-182.08,0
7600,83.33,-182.83,0
7611,90.91,-186.04,0
7623,90.91,-187.88,0
7634,83.33,-186.94,0
7646,83.33,-184.11,0
7657,90.91,-182.07,0
7668,90.91,-182.42,0
7680,83.33,-184.24,0
7692,90.91,-185.57,0
7703,83.33,-185.49,0
7714,90.91,-183.54,0
7726,83.33,-181.98,0
7737,90.91,-182.06,0
7748,90.91,-184.29,0
7760,90.91,-187.23,0
7772,76.92,-188.17,0
7783,90.91,-185.64,0
7794,90.91,-182.43,0
7805,90.91,-182.78,0
7817,83.33,-184.08,0
7828,90.91,-186.11,0
7840,83.33,-186.07,0
7852,83.33,-183.80,0
7863,90.91,-182.31,0
7874,90.91,-181.70,0
7885,90.91,-183.31,0
7897,83.33,-186.57,0
7909,83.33,-187.36,0
7920,90.91,-185.72,0
7931,90.91,-182.59,0
7943,83.33,-181.74,0
7954,90.91,-183.92,0
7965,90.91,-186.36,0
7977,83.33,-187.39,0
7989,83.33,-184.68,0
8000,90.91,-182.00,0
8011,90.91,-181.03,0
8023,83.33,-183.46,0
8034,90.91,-186.31,0
8046,83.33,-187.42,0
8057,90.91,-186.08,0
8069,83.33,-183.21,0
8080,90.91,-181.98,0
8091,90.91,-183.15,0
8102,90.91,-186.11,0
8115,76.92,-187.98,0
8126,90.91,-186.78,0
8137,90.91,-183.83,0
8148,90.91,-181.38,0
8160,83.33,-182.33,0
8171,90.91,-184.53,0
8183,83.33,-186.64,0
8195,83.33,-185.45,0
8206,90.91,-183.38,0
8217,90.91,-182.19,0
8228,90.91,-183.69,0
8240,83.33,-186.28,0
8252,83.33,-188.27,0
8263,90.91,-186.74,0
8274,90.91,-183.73,0
8286,83.33,-181.48,0
8297,90.91,-181.31,0
8308,90.91,-183.80,0
8321,76.92,-186.47,0
8332,90.91,-186.12,0
8343,90.91,-183.90,0
8354,90.91,-182.31,0
8366,83.33,-182.89,0
8377,90.91,-184.88,0
8389,83.33,-186.44,0
8400,90.91,-186.54,0
8412,83.33,-184.01,0
8423,90.91,-182.00,0
8434,90.91,-182.71,0
8445,90.91,-184.53,0
8458,76.92,-186.79,0
8469,90.91,-186.45,0
8480,90.91,-183.46,0
8492,83.33,-181.01,0
8503,90.91,-181.04,0
8514,90.91,-183.55,0
8526,83.33,-185.78,0
8538,83.33,-186.70,0
8549,90.91,-185.06,0
8560,90.91,-183.40,0
8571,90.91,-182.75,0
8583,83.33,-184.56,0
8595,83.33,-186.81,0
8606,90.91,-186.93,0
8617,90.91,-184.69,0
8629,83.33,-182.22,0
8640,90.91,-181.58,0
8651,90.91,-183.17,0
8664,83.33,-186.09,0
8675,83.33,-187.78,0
8686,90.91,-185.34,0
8697,90.91,-182.47,0
8709,83.33,-181.33,0
8720,90.91,-183.18,0
8732,90.91,-186.73,0
8743,83.33,-188.27,0
8755,83.33,-186.61,0
8766,90.91,-183.62,0
8777,90.91,-182.44,0
8788,90.91,-183.18,0
8801,83.33,-184.36,0
8812,83.33,-185.97,0
8823,90.91,-185.13,0
8835,83.33,-182.64,0
8846,90.91,-181.62,0
8857,90.91,-183.13,0
8868,90.91,-186.22,0
8881,76.92,-188.32,0
8892,90.91,-187.52,0
8903,90.91,-185.18,0
8914,90.91,-182.42,0
8926,83.33,-182.65,0
8937,90.91,-185.06,0
8949,83.33,-186.95,0
8961,83.33,-186.22,0
8972,90.91,-183.42,0
8983,90.91,-182.12,0
8994,90.91,-182.43,0
9006,83.33,-184.40,0
9018,83.33,-186.47,0
9029,90.91,-185.75,0
9040,90.91,-183.72,0
9052,83.33,-182.45,0
9063,90.91,-183.02,0
9074,90.91,-185.55,0
9086,83.33,-187.78,0
9098,83.33,-187.81,0
9109,90.91,-185.19,0
9120,90.91,-182.65,0
9132,83.33,-182.22,0
9143,90.91,-184.09,0
9155,83.33,-186.08,0
9166,90.91,-186.15,0
9178,83.33,-183.85,0
9189,90.91,-181.67,0
9200,90.91,-181.60,0
9211,90.91,-183.53,0
9224,76.92,-186.60,0
9235,90.91,-187.10,0
9246,90.91,-185.27,0
9257,90.91,-183.18,0
9269,83.33,-182.20,0
9280,90.91,-183.40,0
9292,83.33,-186.36,0
9304,83.33,-187.20,0
9315,90.91,-185.33,0
9326,90.91,-182.01,0
9337,90.91,-181.45,0
9349,83.33,-183.32,0
9361,83.33,-184.76,0
9372,90.91,-186.74,0
9383,90.91,-185.39,0
9395,83.33,-181.94,0
9406,90.91,-181.03,0
9417,90.91,-182.93,0
9430,76.92,-185.98,0
9441,90.91,-187.92,0
9452,90.91,-187.03,0
9463,90.91,-184.30,0
9475,83.33,-182.61,0
9486,90.91,-183.25,0
9498,83.33,-184.93,0
9509,90.91,-186.50,0
9521,83.33,-185.29,0
9532,90.91,-183.20,0
9543,90.91,-181.71,0
9554,90.91,-182.70,0
9567,76.92,-185.43,0
9578,90.91,-188.49,0
9589,90.91,-187.69,0
9601,83.33,-184.55,0
9612,90.91,-181.97,0
9623,90.91,-182.15,0
9635,83.33,-184.18,0
9647,83.33,-186.66,0
9658,90.91,-187.23,0
9669,90.91,-184.44,0
9680,90.91,-181.98,0
9692,83.33,-182.57,0
9704,90.91,-184.79,0
9715,83.33,-186.64,0
9726,90.91,-186.54,0
9738,83.33,-184.53,0
9749,90.91,-182.23,0
9760,90.91,-182.36,0
9773,83.33,-184.77,0
9784,83.33,-187.38,0
9795,90.91,-187.01,0
9806,90.91,-184.35,0
9818,83.33,-182.51,0
9829,90.91,-181.88,0
9841,90.91,-184.46,0
9852,83.33,-186.79,0
9864,83.33,-187.34,0
9875,90.91,-185.09,0
9886,90.91,-182.56,0
9897,90.91,-182.27,0
9909,83.33,-184.38,0
9921,83.33,-186.50,0
9932,90.91,-187.76,0
9944,83.33,-186.12,0
9955,90.91,-183.63,0
9966,90.91,-182.58,0
9977,90.91,-183.98,0
9990,76.92,-186.33,0
10001,90.91,-187.17,0
10012,90.91,-185.45,0
10023,90.91,-183.34,0
10035,83.33,-182.30,0
10046,90.91,-183.60,0
10058,83.33,-186.16,0
10070,83.33,-187.80,0
10081,90.91,-186.98,0
10092,90.91,-183.97,0
10103,90.91,-182.33,0
10115,83.33,-183.38,0
10127,83.33,-185.92,0
10138,90.91,-187.82,0
10149,90.91,-186.49,0
10161,83.33,-183.58,0
10172,90.91,-181.82,0
10183,90.91,-183.09,0
10195,83.33,-185.04,0
10207,83.33,-186.34,0
10218,90.91,-185.59,0
10229,90.91,-182.98,0
10241,83.33,-182.38,0
10252,90.91,-183.48,0
10264,83.33,-185.61,0
10275,90.91,-188.05,0
10287,83.33,-187.45,0
10298,90.91,-184.30,0
10309,90.91,-182.24,0
10320,90.91,-182.53,0
10333,76.92,-184.70,0
10344,90.91,-186.65,0
10355,90.91,-186.59,0
10366,90.91,-183.94,0
10378,83.33,-181.84,0
10389,90.91,-181.99,0
10401,83.33,-183.91,0
10413,83.33,-186.49,0
10424,90.91,-187.57,0
10435,90.91,-185.10,0
10446,90.91,-182.72,0
10458,83.33,-182.61,0
10470,83.33,-184.50,0
10481,90.91,-186.32,0
10492,90.91,-186.39,0
10504,83.33,-184.03,0
10515,90.91,-181.90,0
10526,90.91,-181.72,0
10539,76.92,-183.53,0
10550,90.91,-185.88,0
10561,90.91,-186.44,0
10572,90.91,-184.91,0
10584,83.33,-182.26,0
10595,90.91,-181.45,0
10607,83.33,-183.01,0
10618,90.91,-186.28,0
10630,83.33,-188.09,0
10641,90.91,-186.24,0
10652,90.91,-183.77,0
10663,90.91,-182.17,0
10676,76.92,-183.62,0
10687,90.91,-185.33,0
10698,90.91,-186.62,0
10710,83.33,-185.53,0
10721,90.91,-183.03,0
10732,90.91,-182.34,0
10744,90.91,-183.88,0
10756,76.92,-186.53,0
10767,90.91,-188.29,0
10778,90.91,-186.64,0
10789,90.91,-183.29,0
10801,83.33,-181.88,0
10813,90.91,-182.72,0
10824,83.33,-185.77,0
10835,90.91,-187.46,0
10847,83.33,-186.07,0
10858,90.91,-183.47,0
10869,90.91,-181.81,0
10882,83.33,-182.30,0
10893,83.33,-184.23,0
10904,90.91,-186.58,0
10915,90.91,-186.65,0
10927,83.33,-184.51,0
10938,90.91,-182.28,0
10949,90.91,-182.94,0
10961,83.33,-185.11,0
10973,83.33,-187.30,0
10984,90.91,-187.29,0
10995,90.91,-184.96,0
11006,90.91,-182.12,0
11018,83.33,-181.19,0
11030,83.33,-183.18,0
11041,90.91,-186.22,0
11053,83.33,-187.02,0
11064,90.91,-184.73,0
11075,90.91,-182.31,0
11086,90.91,-181.72,0
11099,76.92,-184.15,0
11110,90.91,-186.89,0
11121,90.91,-187.75,0
11132,90.91,-185.53,0
11144,83.33,-182.80,0
11155,90.91,-182.30,0
11167,83.33,-184.03,0
11179,83.33,-185.94,0
11190,90.91,-186.89,0
11201,90.91,-184.76,0
11212,90.91,-182.20,0
11224,83.33,-181.58,0
11236,83.33,-183.25,0
11247,90.91,-185.98,0
11258,90.91,-187.10,0
11270,83.33,-185.48,0
11281,90.91,-183.02,0
11292,90.91,-181.72,0
11304,83.33,-183.11,0
11316,83.33,-185.59,0
11327,90.91,-186.54,0
11338,90.91,-185.34,0
11350,83.33,-182.85,0
11361,90.91,-181.82,0
11373,83.33,-182.98,0
11384,90.91,-185.08,0
11396,83.33,-186.42,0
11407,90.91,-185.41,0
11418,90.91,-183.04,0
11429,90.91,-181.74,0
11442,76.92,-183.65,0
11453,90.91,-186.22,0
11464,90.91,-187.85,0
11475,90.91,-186.81,0
11487,83.33,-184.32,0
11498,90.91,-182.16,0
11510,83.33,-182.44,0
11522,83.33,-184.41,0
11533,90.91,-186.14,0
11544,90.91,-185.85,0
11555,90.91,-183.77,0
11567,83.33,-182.62,0
11579,83.33,-182.69,0
11590,90.91,-184.95,0
11601,90.91,-187.09,0
11613,83.33,-186.82,0
11624,90.91,-185.10,0
11635,90.91,-182.97,0
11648,90.91,-182.25,0
11659,76.92,-184.86,0
11670,90.91,-187.15,0
11681,90.91,-186.62,0
11693,83.33,-184.20,0
11704,90.91,-182.08,0
11716,90.91,-181.89,0
11727,83.33,-183.47,0
11739,83.33,-186.05,0
11750,90.91,-187.10,0
11761,90.91,-185.18,0
11772,90.91,-183.35,0
11785,83.33,-182.65,0
11796,83.33,-183.81,0
11807,90.91,-186.71,0
11819,83.33,-187.95,0
11830,90.91,-185.44,0
11841,90.91,-182.29,0
11852,90.91,-181.49,0
11865,76.92,-183.86,0
11876,90.91,-186.51,0
11887,90.91,-187.76,0
11898,90.91,-185.35,0
11910,83.33,-182.73,0
11921,90.91,-182.67,0
11933,83.33,-183.72,0
11944,90.91,-185.80,0
11956,83.33,-187.19,0
11967,90.91,-186.57,0
11978,90.91,-184.56,0
11990,83.33,-183.02,0
12002,83.33,-183.05,0
12013,90.91,-185.34,0
12024,90.91,-187.35,0
12036,83.33,-185.83,0
12047,90.91,-184.04,0
12058,90.91,-182.74,0
12070,83.33,-182.98,0
12082,83.33,-184.36,0
12093,90.91,-186.83,0
12104,90.91,-186.15,0
12115,90.91,-183.89,0
12127,83.33,-181.86,0
12139,83.33,-182.50,0
12150,90.91,-185.17,0
12162,83.33,-186.98,0
12173,90.91,-187.36,0
12184,90.91,-184.82,0
12195,90.91,-182.00,0
12208,76.92,-182.13,0
12219,90.91,-184.32,0
12230,90.91,-186.58,0
12241,90.91,-187.22,0
12253,83.33,-184.84,0
12264,90.91,-182.85,0
12276,83.33,-181.88,0
12288,83.33,-183.76,0
12299,90.91,-186.83,0
12310,90.91,-186.47,0
12321,90.91,-184.49,0
12333,83.33,-181.67,0
12345,83.33,-181.86,0
12356,90.91,-183.96,0
12367,90.91,-186.32,0
12379,83.33,-186.77,0
12390,90.91,-184.82,0
12401,90.91,-182.58,0
12413,83.33,-181.78,0
12425,83.33,-183.44,0
12436,90.91,-186.45,0
12447,90.91,-188.12,0
12459,83.33,-185.91,0
12470,90.91,-183.13,0
12482,90.91,-181.97,0
12493,83.33,-183.40,0
12505,83.33,-185.81,0
12516,90.91,-186.96,0
12527,90.91,-185.15,0
12538,90.91,-182.25,0
12551,83.33,-182.11,0
12562,83.33,-183.35,0
12573,90.91,-185.91,0
12584,90.91,-187.77,0
12596,83.33,-186.09,0
12607,90.91,-183.05,0
12619,90.91,-181.87,0
12631,76.92,-182.90,0
12642,90.91,-185.16,0
12653,90.91,-186.28,0
12664,90.91,-186.07,0
12676,83.33,-183.76,0
12687,90.91,-181.71,0
12699,83.33,-182.57,0
12710,90.91,-184.77,0
12722,83.33,-187.38,0
12733,90.91,-186.72,0
12744,90.91,-184.85,0
12755,90.91,-183.44,0
12768,76.92,-183.40,0
12779,90.91,-185.69,0
12790,90.91,-187.46,0
12802,83.33,-186.31,0
12813,90.91,-184.06,0
12824,90.91,-182.02,0
12836,83.33,-182.17,0
12848,83.33,-184.12,0
12859,90.91,-186.92,0
12870,90.91,-186.54,0
12881,90.91,-184.83,0
12893,83.33,-182.78,0
12905,83.33,-182.64,0
12916,90.91,-184.89,0
12928,83.33,-187.15,0
12939,90.91,-188.11,0
12950,90.91,-186.19,0
12961,90.91,-183.40,0
12974,76.92,-181.97,0
12985,90.91,-183.31,0
12996,90.91,-185.39,0
13007,90.91,-186.13,0
13019,83.33,-184.49,0
13030,90.91,-182.31,0
13042,83.33,-182.32,0
13053,90.91,-184.16,0
13065,83.33,-186.86,0
13076,90.91,-188.00,0
13087,90.91,-186.50,0
13099,83.33,-183.99,0
13111,83.33,-181.82,0
13122,90.91,-183.00,0
13133,90.91,-185.72,0
13145,83.33,-186.68,0
13156,90.91,-185.22,0
13167,90.91,-182.70,0
13179,83.33,-181.67,0
13191,83.33,-183.83,0
13202,90.91,-185.72,0
13213,90.91,-187.48,0
13224,90.91,-186.08,0
13236,83.33,-183.37,0
13248,83.33,-181.96,0
13259,90.91,-182.77,0
13271,83.33,-185.92,0
13282,90.91,-188.25,0
13293,90.91,-186.92,0
13304,90.91,-183.89,0
13317,76.92,-181.45,0
13328,90.91,-181.51,0
13339,90.91,-183.95,0
13350,90.91,-185.55,0
13362,83.33,-185.75,0
13373,90.91,-183.32,0
13385,83.33,-182.50,0
13396,90.91,-183.57,0
13408,83.33,-186.07,0
13419,90.91,-187.96,0
13430,90.91,-188.03,0
13442,83.33,-185.73,0
13454,90.91,-182.96,0
13465,83.33,-182.40,0
13476,90.91,-183.86,0
13488,83.33,-186.26,0
13499,90.91,-186.16,0
13510,90.91,-183.75,0
13522,90.91,-181.45,0
13534,76.92,-181.74,0
13545,90.91,-184.04,0
13556,90.91,-186.71,0
13568,83.33,-187.19,0
13579,90.91,-186.05,0
13591,90.91,-183.60,0
13602,83.33,-182.28,0
13614,83.33,-184.69,0
13625,90.91,-187.57,0
13636,90.91,-187.84,0
13647,90.91,-185.30,0
13659,83.33,-182.49,0
13671,83.33,-181.57,0
13682,90.91,-183.13,0
13693,90.91,-184.93,0
13705,83.33,-186.38,0
13716,90.91,-185.07,0
13727,90.91,-183.17,0
13740,76.92,-182.35,0
13751,90.91,-183.82,0
13762,90.91,-186.98,0
13773,90.91,-188.29,0
13785,83.33,-186.54,0
13796,90.91,-183.80,0
13808,83.33,-182.94,0
13819,90.91,-183.09,0
13831,83.33,-184.63,0
13842,90.91,-186.58,0
13853,90.91,-185.49,0
13864,90.91,-182.97,0
13877,76.92,-181.45,0
13888,90.91,-182.69,0
13899,90.91,-185.20,0
13911,83.33,-187.84,0
13922,90.91,-187.36,0
13933,90.91,-184.85,0
13945,83.33,-183.14,0
13957,83.33,-183.29,0
13968,90.91,-185.62,0
13979,90.91,-187.13,0
13990,90.91,-186.53,0
14002,83.33,-183.85,0
14014,83.33,-181.55,0
14025,90.91,-181.81,0
14036,90.91,-184.38,0
14048,83.33,-186.74,0
14059,90.91,-186.45,0
14070,90.91,-184.57,0
14083,76.92,-182.66,0
14094,90.91,-183.32,0
14105,90.91,-185.30,0
14116,90.91,-188.00,0
14128,83.33,-187.86,0
14139,90.91,-185.00,0
14151,83.33,-182.87,0
14162,90.91,-181.76,0
14174,83.33,-183.30,0
14185,90.91,-185.08,0
14196,90.91,-186.35,0
14208,83.33,-184.73,0
14220,83.33,-182.23,0
14231,90.91,-182.25,0
14242,90.91,-184.01,0
14254,83.33,-186.65,0
14265,90.91,-188.52,0
14276,90.91,-187.38,0
14288,90.91,-184.48,0
14300,76.92,-182.67,0
14311,90.91,-183.01,0
14322,90.91,-185.20,0
14333,90.91,-186.60,0
14345,83.33,-184.97,0
14357,90.91,-182.34,0
14368,83.33,-181.49,0
14380,83.33,-183.93,0
14391,90.91,-186.72,0
14402,90.91,-188.21,0
14413,90.91,-186.64,0
14426,83.33,-184.16,0
14437,83.33,-182.27,0
14448,90.91,-183.47,0
14459,90.91,-186.38,0
14471,83.33,-187.84,0
14482,90.91,-185.78,0
14493,90.91,-183.20,0
14505,83.33,-180.88,0
14517,83.33,-181.61,0
14528,90.91,-183.88,0
14539,90.91,-185.68,0
14551,83.33,-185.56,0
14562,90.91,-183.80,0
14574,83.33,-182.43,0
14585,90.91,-183.14,0
14597,83.33,-185.38,0
14608,90.91,-188.79,0
14619,90.91,-188.33,0
14630,90.91,-185.57,0
14643,76.92,-182.83,0
14654,90.91,-182.18,0
14665,90.91,-184.44,0
14676,90.91,-185.95,0
14688,83.33,-185.57,0
14699,90.91,-183.04,0
14711,83.33,-181.07,0
14723,83.33,-182.44,0
14734,90.91,-184.41,0
14745,90.91,-186.72,0
14756,90.91,-187.55,0
14768,83.33,-185.96,0
14780,83.33,-183.77,0
14791,90.91,-182.65,0
14802,90.91,-184.17,0
14814,83.33,-186.94,0
14825,90.91,-187.48,0
14836,90.91,-184.28,0
14849,76.92,-181.54,0
14860,90.91,-181.24,0
14871,90.91,-183.10,0
14882,90.91,-184.96,0
14894,83.33,-186.00,0
14905,90.91,-184.98,0
14917,83.33,-182.76,0
14928,90.91,-182.38,0
14940,83.33,-184.32,0
14951,90.91,-187.38,0
14962,90.91,-188.89,0
14973,90.91,-186.87,0
14986,76.92,-183.83,0
14997,90.91,-182.15,0
15008,90.91,-182.57,0
15020,83.33,-184.34,0
15031,90.91,-185.61,0
15042,90.91,-184.55,0
15054,83.33,-182.68,0
15066,83.33,-181.90,0
15077,90.91,-182.98,0
15088,90.91,-186.12,0
15099,90.91,-189.04,0
15111,83.33,-189.03,0
15123,83.33,-185.69,0
15134,90.91,-183.34,0
15145,90.91,-183.08,0
15157,83.33,-185.06,0
15168,90.91,-186.54,0
15179,90.91,-185.22,0
15192,83.33,-182.46,0
15203,83.33,-180.78,0
15214,90.91,-182.15,0
15225,90.91,-184.48,0
15237,83.33,-186.83,0
15248,90.91,-186.65,0
15260,90.91,-185.19,0
15271,83.33,-183.94,0
15283,83.33,-183.40,0
15294,90.91,-185.64,0
15305,90.91,-188.56,0
15316,90.91,-187.90,0
15329,83.33,-184.89,0
15340,83.33,-182.38,0
15351,90.91,-181.78,0
15363,83.33,-183.73,0
15374,90.91,-184.86,0
15385,90.91,-185.38,0
15396,90.91,-183.89,0
15409,76.92,-181.92,0
15420,90.91,-181.86,0
15431,90.91,-184.32,0
15442,90.91,-188.03,0
15454,83.33,-190.47,0
15465,90.91,-188.16,0
15477,83.33,-183.95,0
15489,83.33,-181.87,0
15500,90.91,-183.03,0
15511,90.91,-185.47,0
15522,90.91,-186.06,0
15534,83.33,-184.04,0
15546,83.33,-182.02,0
15557,90.91,-181.27,0
15568,90.91,-183.36,0
15580,83.33,-185.70,0
15591,90.91,-187.59,0
15602,90.91,-186.96,0
15614,83.33,-184.46,0
15626,83.33,-183.08,0
15637,90.91,-183.48,0
15648,90.91,-186.63,0
15660,83.33,-187.72,0
15671,90.91,-186.03,0
15683,83.33,-183.14,0
15694,90.91,-181.44,0
15706,83.33,-182.16,0
15717,90.91,-183.99,0
15728,90.91,-185.94,0
15739,90.91,-185.26,0
15752,76.92,-182.87,0
15763,90.91,-182.03,0
15774,90.91,-183.20,0
15785,90.91,-186.23,0
15797,83.33,-189.06,0
15808,90.91,-188.45,0
15820,83.33,-185.33,0
15832,83.33,-182.32,0
15843,90.91,-181.63,0
15854,90.91,-183.58,0
15865,90.91,-185.44,0
15877,83.33,-185.47,0
15889,83.33,-183.45,0
15900,90.91,-181.56,0
15911,90.91,-181.92,0
15923,83.33,-184.64,0
15934,90.91,-187.19,0
15945,90.91,-188.28,0
15958,76.92,-186.32,0
15969,90.91,-183.51,0
15980,90.91,-182.76,0
15991,90.91,-184.12,0
16003,83.33,-185.90,0
16014,90.91,-185.51,0
16026,83.33,-183.52,0
16037,90.91,-181.17,0
16049,83.33,-181.22,0
16060,90.91,-183.26,0
16071,90.91,-185.71,0
16082,90.91,-186.86,0
16095,76.92,-185.19,0
16106,90.91,-182.90,0
16117,90.91,-182.05,0
16129,83.33,-184.16,0
16140,90.91,-187.60,0
16151,90.91,-188.53,0
16163,83.33,-186.03,0
16175,83.33,-183.28,0
16186,90.91,-181.91,0
16197,90.91,-182.60,0
16208,90.91,-184.13,0
16220,83.33,-185.44,0
16232,90.91,-184.08,0
16243,83.33,-181.97,0
16254,90.91,-181.87,0
16266,83.33,-183.63,0
16277,90.91,-186.90,0
16288,90.91,-189.38,0
16301,83.33,-187.90,0
16312,83.33,-185.49,0
16323,90.91,-183.68,0
16334,90.91,-183.05,0
16346,83.33,-185.18,0
16357,90.91,-186.57,0
16369,90.91,-185.82,0
16380,83.33,-182.64,0
16392,83.33,-180.64,0
16403,90.91,-182.01,0
16414,90.91,-184.08,0
16425,90.91,-186.81,0
16438,83.33,-186.97,0
16449,83.33,-184.57,0
16460,90.91,-182.21,0
16472,83.33,-182.72,0
16483,90.91,-185.53,0
16494,90.91,-187.41,0
16505,90.91,-186.37,0
16518,76.92,-183.91,0
16529,90.91,-182.15,0
16540,90.91,-182.14,0
16551,90.91,-183.49,0
16563,83.33,-185.58,0
16574,90.91,-185.88,0
16586,83.33,-184.18,0
16598,83.33,-182.70,0
16609,90.91,-182.82,0
16620,90.91,-185.10,0
16631,90.91,-188.11,0
16643,83.33,-188.32,0
16655,83.33,-186.21,0
16666,90.91,-183.69,0
16677,90.91,-182.45,0
16689,83.33,-182.93,0
16700,90.91,-184.34,0
16711,90.91,-184.83,0
16723,83.33,-183.50,0
16735,83.33,-181.06,0
16746,90.91,-180.88,0
16757,90.91,-183.06,0
16769,83.33,-186.38,0
16780,90.91,-189.13,0
16792,83.33,-187.37,0
16803,90.91,-184.73,0
16815,83.33,-182.32,0
16826,90.91,-183.08,0
16837,90.91,-185.53,0
16848,90.91,-187.11,0
16861,76.92,-185.40,0
16872,90.91,-181.87,0
16883,90.91,-181.10,0
16894,90.91,-182.49,0
16906,83.33,-184.78,0
16917,90.91,-186.35,0
16929,83.33,-185.63,0
16941,83.33,-183.54,0
16952,90.91,-181.94,0
16963,90.91,-182.88,0
16974,90.91,-186.39,0
16986,83.33,-188.37,0
16998,83.33,-187.36,0
17009,90.91,-184.00,0
17020,90.91,-181.63,0
17032,83.33,-182.23,0
17043,90.91,-184.09,0
17054,90.91,-185.18,0
17067,76.92,-184.83,0
17078,90.91,-183.00,0
17089,90.91,-181.73,0
17100,90.91,-182.26,0
17112,83.33,-184.77,0
17123,90.91,-188.07,0
17135,83.33,-188.11,0
17146,90.91,-185.53,0
17158,83.33,-183.22,0
17169,90.91,-182.92,0
17180,90.91,-185.19,0
17191,90.91,-187.59,0
17204,76.92,-186.72,0
17215,90.91,-183.61,0
17226,90.91,-181.36,0
17238,83.33,-181.87,0
17249,90.91,-184.00,0
17260,90.91,-186.22,0
17272,90.91,-186.80,0
17284,83.33,-185.02,0
17295,90.91,-183.12,0
17306,90.91,-182.83,0
17317,90.91,-185.03,0
17329,83.33,-187.63,0
17341,90.91,-188.08,0
17352,83.33,-184.82,0
17363,90.91,-182.57,0
17375,83.33,-181.61,0
17386,90.91,-182.60,0
17397,90.91,-184.83,0
17410,83.33,-185.56,0
17421,83.33,-184.22,0
17432,90.91,-182.53,0
17443,90.91,-182.57,0
17455,83.33,-184.12,0
17466,90.91,-187.20,0
17478,90.91,-188.55,0
17489,83.33,-186.83,0
17501,83.33,-183.74,0
17512,90.91,-182.20,0
17523,90.91,-182.68,0
17534,90.91,-184.58,0
17546,83.33,-186.24,0
17558,83.33,-184.76,0
17569,90.91,-182.19,0
17581,83.33,-180.91,0
17592,90.91,-182.09,0
17603,90.91,-184.82,0
17614,90.91,-186.72,0
17627,76.92,-186.39,0
17638,90.91,-184.11,0
17649,90.91,-182.96,0
17660,90.91,-183.48,0
17672,83.33,-186.10,0
17683,90.91,-188.51,0
17695,83.33,-187.37,0
17707,83.33,-183.94,0
17718,90.91,-181.60,0
17729,90.91,-181.74,0
17740,90.91,-183.34,0
17752,83.33,-185.27,0
17764,83.33,-185.66,0
17775,90.91,-183.50,0
17786,90.91,-182.00,0
17798,83.33,-182.32,0
17809,90.91,-184.22,0
17820,90.91,-187.80,0
17832,83.33,-188.26,0
17844,83.33,-185.24,0
17855,90.91,-182.77,0
17866,90.91,-182.63,0
17878,83.33,-184.43,0
17889,90.91,-185.62,0
17901,83.33,-185.16,0
17912,90.91,-182.48,0
17924,83.33,-180.66,0
17935,90.91,-180.63,0
17946,90.91,-183.26,0
17957,90.91,-187.07,0
17970,76.92,-187.98,0
17981,90.91,-186.42,0
17992,90.91,-184.31,0
18003,90.91,-183.48,0
18015,83.33,-184.63,0
18026,90.91,-186.41,0
18038,83.33,-186.95,0
18050,83.33,-184.62,0
18061,90.91,-181.72,0
18072,90.91,-181.06,0
18083,90.91,-182.35,0
18095,83.33,-185.02,0
18107,83.33,-186.53,0
18118,90.91,-185.69,0
18129,90.91,-183.12,0
18141,83.33,-182.42,0
18152,90.91,-184.37,0
18163,90.91,-187.66,0
18176,90.91,-189.74,0
18187,76.92,-187.95,0
18198,90.91,-184.53,0
18209,90.91,-182.28,0
18221,83.33,-182.93,0
18232,90.91,-185.07,0
18244,90.91,-185.79,0
18255,83.33,-184.25,0
18267,83.33,-182.67,0
18278,90.91,-181.87,0
18289,90.91,-183.73,0
18300,90.91,-186.40,0
18313,83.33,-188.51,0
18324,83.33,-187.31,0
18335,90.91,-184.34,0
18347,83.33,-182.47,0
18358,90.91,-182.72,0
18369,90.91,-185.33,0
18380,90.91,-186.93,0
18393,76.92,-185.81,0
18404,90.91,-183.27,0
18415,90.91,-181.92,0
18426,90.91,-181.67,0
18438,83.33,-184.20,0
18449,90.91,-186.86,0
18461,83.33,-187.26,0
18472,90.91,-185.39,0
18484,83.33,-183.05,0
18495,90.91,-183.40,0
18506,90.91,-185.36,0
18518,83.33,-187.18,0
18530,83.33,-186.80,0
18541,90.91,-184.17,0
18552,90.91,-181.98,0
18564,83.33,-181.73,0
18575,90.91,-183.96,0
18586,90.91,-185.93,0
18598,83.33,-186.67,0
18610,83.33,-184.94,0
18621,90.91,-182.38,0
18632,90.91,-182.33,0
18643,90.91,-184.14,0
18655,83.33,-187.92,0
18667,83.33,-189.33,0
18678,90.91,-186.82,0
18690,83.33,-183.62,0
18701,90.91,-182.38,0
18712,90.91,-183.48,0
18723,90.91,-185.60,0
18736,76.92,-185.80,0
18747,90.91,-184.70,0
18758,90.91,-181.79,0
18769,90.91,-181.30,0
18781,83.33,-184.25,0
18792,90.91,-186.76,0
18804,83.33,-188.16,0
18816,83.33,-187.09,0
18827,90.91,-184.18,0
18838,90.91,-182.15,0
18849,90.91,-182.76,0
18861,83.33,-185.81,0
18873,83.33,-187.55,0
18884,90.91,-186.23,0
18895,90.91,-183.29,0
18907,83.33,-181.66,0
18918,90.91,-182.97,0
18929,90.91,-184.92,0
18941,83.33,-185.99,0
18953,83.33,-185.42,0
18964,90.91,-183.18,0
18975,90.91,-182.40,0
18987,83.33,-183.61,0
18998,90.91,-185.93,0
19010,90.91,-188.09,0
19021,83.33,-187.90,0
19033,83.33,-184.48,0
19044,90.91,-182.48,0
19055,90.91,-182.52,0
19066,90.91,-184.44,0
19079,83.33,-186.02,0
19090,83.33,-185.41,0
19101,90.91,-183.64,0
19112,90.91,-181.91,0
19124,83.33,-182.57,0
19135,90.91,-184.75,0
19147,90.91,-187.03,0
19159,76.92,-187.52,0
19170,90.91,-185.51,0
19181,90.91,-182.92,0
19192,90.91,-182.75,0
19204,83.33,-184.99,0
19215,90.91,-187.81,0
19227,83.33,-186.79,0
19238,90.91,-183.72,0
19250,83.33,-181.88,0
19261,90.91,-182.29,0
19272,90.91,-183.73,0
19283,90.91,-186.18,0
19296,76.92,-187.01,0
19307,90.91,-185.61,0
19318,90.91,-183.18,0
19330,83.33,-182.34,0
19341,90.91,-183.86,0
19352,90.91,-186.77,0
19364,83.33,-188.38,0
19376,83.33,-185.73,0
19387,90.91,-182.66,0
19398,90.91,-182.27,0
19409,90.91,-183.02,0
19421,83.33,-184.71,0
19433,83.33,-185.52,0
19444,90.91,-184.28,0
19456,83.33,-182.35,0
19467,90.91,-181.56,0
19478,90.91,-183.75,0
19489,90.91,-186.65,0
19502,76.92,-188.26,0
19513,90.91,-187.48,0
19524,90.91,-184.14,0
19535,90.91,-182.51,0
19547,83.33,-183.06,0
19558,90.91,-185.44,0
19570,83.33,-187.05,0
19581,90.91,-185.83,0
19593,83.33,-183.22,0
19604,90.91,-181.95,0
19615,90.91,-182.15,0
19627,83.33,-184.63,0
19639,83.33,-187.08,0
19650,90.91,-186.43,0
19661,90.91,-183.70,0
19673,83.33,-181.95,0
19684,90.91,-182.94,0
19695,90.91,-185.37,0
19707,83.33,-187.78,0
19719,83.33,-187.05,0
19730,90.91,-183.62,0
19741,90.91,-181.23,0
19752,90.91,-181.95,0
19764,83.33,-184.04,0
19776,83.33,-185.86,0
19787,90.91,-185.60,0
19799,83.33,-184.11,0
19810,90.91,-182.03,0
19821,90.91,-182.30,0
19832,90.91,-184.91,0
19845,76.92,-187.03,0
19856,90.91,-187.33,0
19867,90.91,-184.91,0
19878,90.91,-182.56,0
19890,83.33,-182.18,0
19901,90.91,-183.41,0
19913,90.91,-185.94,0
19924,83.33,-186.41,0
19936,83.33,-184.39,0
19947,90.91,-181.58,0
19958,90.91,-181.08,0
19970,83.33,-183.46,0
19982,90.91,-186.70,0
19993,83.33,-187.38,0
20004,90.91,-185.91,0
20016,83.33,-183.63,0
20027,90.91,-182.63,0
20038,90.91,-183.86,0
20049,90.91,-186.05,0
20062,76.92,-187.65,0
20073,90.91,-186.30,0
20084,90.91,-183.29,0
20096,83.33,-182.49,0
20107,90.91,-183.00,0
20118,90.91,-185.44,0
20130,83.33,-186.43,0
20142,83.33,-184.84,0
20153,90.91,-182.69,0
20164,90.91,-182.05,0
20175,90.91,-183.51,0
20187,83.33,-186.33,0
20199,83.33,-188.36,0
20210,90.91,-186.57,0
20221,90.91,-184.04,0
20233,83.33,-182.86,0
20244,90.91,-182.87,0
20255,90.91,-184.21,0
20268,76.92,-186.65,0
20279,90.91,-186.08,0
20290,90.91,-183.09,0
20301,90.91,-181.36,0
20313,83.33,-182.24,0
20324,90.91,-184.96,0
20336,83.33,-186.59,0
20347,90.91,-186.08,0
20359,83.33,-183.96,0
20370,90.91,-181.54,0
20381,90.91,-182.36,0
20392,90.91,-185.12,0
20405,76.92,-187.52,0
20416,90.91,-186.66,0
20427,90.91,-183.69,0
20439,83.33,-181.20,0
20450,90.91,-182.33,0
20461,90.91,-183.68,0
20473,83.33,-186.74,0
20485,83.33,-186.88,0
20496,90.91,-184.94,0
20507,90.91,-183.39,0
20518,90.91,-182.42,0
20530,83.33,-183.65,0
20542,83.33,-186.84,0
20553,90.91,-187.92,0
20564,90.91,-185.54,0
20576,83.33,-182.81,0
20587,90.91,-182.10,0
20598,90.91,-184.24,0
20611,76.92,-186.66,0
20622,90.91,-187.06,0
20633,90.91,-184.40,0
20644,90.91,-181.81,0
20656,83.33,-181.66,0
20667,90.91,-183.91,0
20679,83.33,-187.14,0
20690,90.91,-188.32,0
20702,83.33,-186.65,0
20713,90.91,-183.85,0
20724,90.91,-182.19,0
20736,83.33,-183.55,0
20748,90.91,-186.15,0
20759,83.33,-187.00,0
20770,90.91,-185.22,0
20782,83.33,-182.07,0
20793,90.91,-181.41,0
20804,90.91,-183.02,0
20816,90.91,-185.07,0
20828,76.92,-187.26,0
20839,90.91,-186.05,0
20850,90.91,-184.26,0
20861,90.91,-182.17,0
20873,83.33,-182.84,0
20885,90.91,-185.89,0
20896,83.33,-188.14,0
20908,83.33,-186.89,0
20919,90.91,-183.52,0
20930,90.91,-181.64,0
20941,90.91,-182.85,0
20953,83.33,-184.72,0
20965,83.33,-185.71,0
20976,90.91,-185.80,0
20987,90.91,-183.37,0
20999,83.33,-181.90,0
21010,90.91,-183.14,0
21021,90.91,-185.52,0
21033,83.33,-188.08,0
21045,83.33,-187.52,0
21056,90.91,-184.62,0
21067,90.91,-182.21,0
21079,83.33,-182.53,0
21090,90.91,-184.33,0
21102,83.33,-186.34,0
21113,90.91,-186.02,0
21125,83.33,-183.63,0
21136,90.91,-181.84,0
21147,90.91,-182.60,0
21158,90.91,-184.59,0
21171,76.92,-187.54,0
21182,90.91,-187.99,0
21193,90.91,-185.82,0
21204,90.91,-183.31,0
21216,83.33,-182.88,0
21227,90.91,-184.29,0
21239,83.33,-186.80,0
21251,83.33,-186.70,0
21262,90.91,-184.01,0
21273,90.91,-181.81,0
21284,90.91,-181.33,0
21296,83.33,-183.95,0
21308,83.33,-186.59,0
21319,90.91,-187.33,0
21330,90.91,-185.77,0
21342,83.33,-183.13,0
21353,90.91,-182.55,0
21364,90.91,-184.21,0
21377,76.92,-186.97,0
21388,90.91,-188.41,0
21399,90.91,-186.96,0
21410,90.91,-184.70,0
21422,83.33,-182.63,0
21433,90.91,-182.17,0
21445,83.33,-183.45,0
21456,90.91,-184.57,0
21468,83.33,-183.53,0
21479,90.91,-181.72,0
21490,90.91,-181.62,0
21501,90.91,-182.86,0
21514,76.92,-186.00,0
21525,90.91,-187.87,0
21536,90.91,-187.41,0
21548,83.33,-183.87,0
21559,90.91,-182.35,0
21570,90.91,-182.55,0
21582,83.33,-185.41,0
21594,83.33,-187.15,0
21605,90.91,-185.53,0
21616,90.91,-182.86,0
21627,90.91,-181.54,0
21639,83.33,-182.62,0
21651,90.91,-184.51,0
21662,83.33,-186.73,0
21673,90.91,-186.99,0
21685,83.33,-184.94,0
21696,90.91,-182.71,0
21707,90.91,-183.15,0
21720,83.33,-185.50,0
21731,83.33,-188.15,0
21742,90.91,-187.00,0
21753,90.91,-183.43,0
21765,83.33,-181.60,0
21776,90.91,-182.26,0
21788,90.91,-184.01,0
21799,83.33,-186.01,0
21811,83.33,-186.10,0
21822,90.91,-184.03,0
21833,90.91,-182.53,0
21844,90.91,-182.46,0
21856,83.33,-184.47,0
21868,83.33,-187.89,0
21879,90.91,-187.94,0
21891,83.33,-185.30,0
21902,90.91,-182.39,0
21913,90.91,-181.75,0
21924,90.91,-183.76,0
21937,76.92,-185.87,0
21948,90.91,-185.64,0
21959,90.91,-183.42,0
21970,90.91,-181.64,0
21982,83.33,-181.11,0
21993,90.91,-183.41,0
22005,83.33,-187.46,0
22017,83.33,-189.03,0
22028,90.91,-186.65,0
22039,90.91,-184.03,0
22050,90.91,-182.84,0
22062,83.33,-183.44,0
22074,83.33,-185.65,0
22085,90.91,-186.90,0
22096,90.91,-184.13,0
22108,83.33,-181.47,0
22119,90.91,-182.02,0
22130,90.91,-183.66,0
22142,83.33,-185.71,0
22154,83.33,-187.24,0
22165,90.91,-185.90,0
22176,90.91,-183.88,0
22188,83.33,-182.32,0
22199,90.91,-183.62,0
22211,83.33,-186.87,0
22222,90.91,-188.86,0
22234,83.33,-187.48,0
22245,90.91,-184.24,0
22256,90.91,-182.42,0
22267,90.91,-182.49,0
22280,76.92,-184.77,0
22291,90.91,-185.71,0
22302,90.91,-184.43,0
22313,90.91,-182.73,0
22325,83.33,-181.95,0
22336,90.91,-183.23,0
22348,83.33,-186.05,0
22360,83.33,-188.79,0
22371,90.91,-188.14,0
22382,90.91,-185.31,0
22393,90.91,-183.08,0
22405,83.33,-182.66,0
22417,83.33,-184.26,0
22428,90.91,-186.39,0
22439,90.91,-186.26,0
22451,83.33,-183.61,0
22462,90.91,-181.79,0
22473,90.91,-181.93,0
22486,90.91,-183.98,0
22497,76.92,-186.80,0
22508,90.91,-187.27,0
22519,90.91,-185.41,0
22531,83.33,-183.16,0
22542,90.91,-183.27,0
22554,90.91,-185.33,0
22565,83.33,-187.82,0
22577,83.33,-188.15,0
22588,90.91,-184.99,0
22599,90.91,-182.40,0
22610,90.91,-181.48,0
22623,83.33,-183.37,0
22634,83.33,-185.59,0
22645,90.91,-186.42,0
22657,83.33,-185.54,0
22668,90.91,-183.05,0
22679,90.91,-182.50,0
22690,90.91,-184.36,0
22703,76.92,-187.52,0
22714,90.91,-188.82,0
22725,90.91,-186.37,0
22736,90.91,-183.67,0
22748,83.33,-182.53,0
22759,90.91,-183.27,0
22771,83.33,-185.02,0
22782,90.91,-185.97,0
22794,83.33,-184.44,0
22805,90.91,-181.71,0
22816,90.91,-180.75,0
22828,83.33,-182.79,0
22840,83.33,-185.38,0
22851,90.91,-187.46,0
22862,90.91,-186.65,0
22874,83.33,-184.62,0
22885,90.91,-182.70,0
22896,90.91,-183.60,0
22908,83.33,-185.96,0
22920,83.33,-187.63,0
22931,90.91,-185.71,0
22942,90.91,-183.07,0
22953,90.91,-181.95,0
22965,83.33,-182.32,0
22977,83.33,-184.65,0
22988,90.91,-185.48,0
23000,83.33,-185.31,0
23011,90.91,-183.24,0
23022,90.91,-181.69,0
23033,90.91,-182.31,0
23046,76.92,-185.89,0
23057,90.91,-187.83,0
23068,90.91,-187.21,0
23079,90.91,-184.47,0
23091,83.33,-181.98,0
23102,90.91,-182.17,0
23114,83.33,-183.66,0
23126,83.33,-185.73,0
23137,90.91,-185.56,0
23148,90.91,-183.68,0
23159,90.91,-181.98,0
23171,83.33,-181.79,0
23183,83.33,-184.73,0
23194,90.91,-187.41,0
23205,90.91,-188.18,0
23217,83.33,-185.92,0
23228,90.91,-183.24,0
23239,90.91,-182.98,0
23251,83.33,-183.98,0
23263,83.33,-186.33,0
23274,90.91,-186.52,0
23285,90.91,-183.76,0
23297,83.33,-181.55,0
23308,90.91,-181.19,0
23320,83.33,-183.61,0
23331,90.91,-186.36,0
23343,83.33,-187.57,0
23354,90.91,-185.61,0
23365,90.91,-183.22,0
23376,90.91,-182.72,0
23389,76.92,-184.31,0
23400,90.91,-186.97,0
23411,90.91,-188.03,0
23422,90.91,-186.25,0
23434,83.33,-183.16,0
23445,90.91,-181.70,0
23457,90.91,-182.77,0
23469,76.92,-184.86,0
23480,90.91,-186.15,0
23491,90.91,-185.29,0
23502,90.91,-182.76,0
23514,83.33,-181.19,0
23526,90.91,-182.89,0
23537,83.33,-186.53,0
23548,90.91,-188.31,0
23560,83.33,-187.14,0
23571,90.91,-184.25,0
23582,90.91,-182.36,0
23593,90.91,-183.09,0
23606,76.92,-185.67,0
23617,90.91,-186.88,0
23628,90.91,-186.53,0
23640,83.33,-183.15,0
23651,90.91,-181.58,0
23662,90.91,-182.43,0
23674,83.33,-185.30,0
23686,83.33,-187.16,0
23697,90.91,-187.12,0
23708,90.91,-184.52,0
23719,90.91,-182.45,0
23731,83.33,-182.71,0
23743,83.33,-185.00,0
23754,90.91,-187.55,0
23766,83.33,-186.61,0
23777,90.91,-183.69,0
23788,90.91,-181.68,0
23799,90.91,-181.96,0
23812,76.92,-184.16,0
23823,90.91,-186.60,0
23834,90.91,-186.82,0
23845,90.91,-184.47,0
23857,83.33,-182.51,0
23868,90.91,-182.15,0
23880,83.33,-184.55,0
23891,90.91,-187.13,0
23903,83.33,-187.60,0
23914,90.91,-185.37,0
23925,90.91,-182.56,0
23937,83.33,-182.29,0
23949,83.33,-183.90,0
23960,90.91,-185.88,0
23971,90.91,-186.52,0
23983,83.33,-184.65,0
23994,90.91,-181.56,0
24005,90.91,-181.01,0
24017,83.33,-183.27,0
24029,83.33,-185.93,0
24040,90.91,-187.07,0
24051,90.91,-186.19,0
24062,90.91,-183.92,0
24074,83.33,-182.34,0
24086,83.33,-183.11,0
24097,90.91,-186.66,0
24109,83.33,-187.39,0
24120,90.91,-185.53,0
24131,90.91,-182.80,0
24142,90.91,-182.19,0
24155,76.92,-183.45,0
24166,90.91,-185.69,0
24177,90.91,-187.00,0
24188,90.91,-185.96,0
24200,83.33,-183.14,0
24211,90.91,-181.82,0
24223,83.33,-182.56,0
24235,83.33,-185.66,0
24246,90.91,-187.99,0
24257,90.91,-186.50,0
24268,90.91,-183.52,0
24280,83.33,-181.99,0
24292,83.33,-183.12,0
24303,90.91,-185.02,0
24314,90.91,-186.95,0
24326,83.33,-185.82,0
24337,90.91,-183.12,0
24348,90.91,-181.89,0
24360,83.33,-182.64,0
24372,83.33,-185.04,0
24383,90.91,-187.37,0
24394,90.91,-187.22,0
24406,83.33,-185.34,0
24417,90.91,-183.30,0
24429,90.91,-182.79,0
24440,83.33,-184.55,0
24452,83.33,-186.68,0
24463,90.91,-186.09,0
24474,90.91,-183.81,0
24485,90.91,-181.96,0
24498,83.33,-181.84,0
24509,83.33,-184.42,0
24520,90.91,-186.94,0
24531,90.91,-186.89,0
24543,83.33,-185.18,0
24554,90.91,-182.74,0
24566,90.91,-182.53,0
24578,76.92,-184.10,0
24589,90.91,-187.01,0
24600,90.91,-187.02,0
24611,90.91,-184.29,0
24623,83.33,-181.80,0
24634,90.91,-181.77,0
24646,83.33,-183.72,0
24657,90.91,-186.08,0
24669,83.33,-186.41,0
24680,90.91,-184.33,0
24691,90.91,-181.52,0
24702,90.91,-182.27,0
24715,76.92,-184.65,0
24726,90.91,-186.50,0
24737,90.91,-188.21,0
24749,83.33,-186.55,0
24760,90.91,-183.27,0
24771,90.91,-182.09,0
24783,83.33,-183.19,0
24795,83.33,-185.74,0
24806,90.91,-186.61,0
24817,90.91,-185.10,0
24828,90.91,-182.95,0
24840,83.33,-181.47,0
24852,83.33,-183.87,0
24863,90.91,-186.91,0
24875,83.33,-188.27,0
24886,90.91,-186.88,0
24897,90.91,-183.91,0
24908,90.91,-182.62,0
24921,76.92,-183.36,0
24932,90.91,-185.32,0
24943,90.91,-187.20,0
24954,90.91,-185.72,0
24966,83.33,-183.10,0
24977,90.91,-182.49,0
24989,83.33,-182.95,0
25000,90.91,-184.90,0
25012,83.33,-186.69,0
25023,90.91,-186.25,0
25034,90.91,-184.14,0
25046,83.33,-181.74,0
25058,83.33,-182.15,0
25069,90.91,-184.54,0
25080,90.91,-187.64,0
25092,83.33,-187.24,0
25103,90.91,-184.50,0
25114,90.91,-182.41,0
25126,83.33,-182.05,0
25138,83.33,-184.40,0
25149,90.91,-185.90,0
25160,90.91,-185.99,0
25171,90.91,-183.66,0
25183,83.33,-181.58,0
25195,83.33,-181.82,0
25206,90.91,-183.90,0
25218,83.33,-187.55,0
25229,90.91,-188.39,0
25240,90.91,-185.62,0
25251,90.91,-182.77,0
25264,76.92,-181.97,0
25275,90.91,-183.84,0
25286,90.91,-186.54,0
25297,90.91,-186.71,0
25309,83.33,-183.82,0
25320,90.91,-182.24,0
25332,83.33,-182.41,0
25344,83.33,-184.27,0
25355,90.91,-186.32,0
25366,90.91,-187.46,0
25377,90.91,-185.65,0
25389,83.33,-182.85,0
25401,83.33,-182.01,0
25412,90.91,-183.63,0
25423,90.91,-186.15,0
25435,83.33,-187.68,0
25446,90.91,-185.62,0
25457,90.91,-183.16,0
25469,90.91,-182.00,0
25481,76.92,-183.18,0
25492,90.91,-185.76,0
25503,90.91,-187.27,0
25515,83.33,-185.73,0
25526,90.91,-183.39,0
25538,90.91,-182.15,0
25549,83.33,-183.74,0
25561,83.33,-186.40,0
25572,90.91,-187.77,0
25583,90.91,-186.40,0
25594,90.91,-183.53,0
25606,83.33,-181.55,0
25618,83.33,-182.28,0
25629,90.91,-184.63,0
25640,90.91,-186.82,0
25652,83.33,-186.14,0
25663,90.91,-183.75,0
25674,90.91,-182.30,0
25687,76.92,-182.83,0
25698,90.91,-185.51,0
25709,90.91,-187.89,0
25720,90.91,-186.95,0
25732,83.33,-184.16,0
25743,90.91,-182.10,0
25755,83.33,-182.85,0
25766,90.91,-184.49,0
25778,83.33,-186.34,0
25789,90.91,-185.81,0
25800,90.91,-183.02,0
25811,90.91,-181.27,0
25824,76.92,-182.06,0
25835,90.91,-185.04,0
25846,90.91,-188.00,0
25858,83.33,-187.86,0
25869,90.91,-185.34,0
25880,90.91,-182.24,0
25892,83.33,-182.52,0
25904,83.33,-184.13,0
25915,90.91,-186.26,0
25926,90.91,-186.53,0
25937,90.91,-184.22,0
25949,83.33,-182.34,0
25961,83.33,-182.02,0
25972,90.91,-183.72,0
25984,83.33,-186.15,0
25995,90.91,-185.98,0
26006,90.91,-184.88,0
26017,90.91,-183.36,0
26030,76.92,-182.77,0
26041,90.91,-183.91,0
26052,90.91,-186.39,0
26063,90.91,-187.63,0
26075,83.33,-185.32,0
26086,90.91,-182.50,0
26098,83.33,-181.53,0
26109,90.91,-182.76,0
26121,83.33,-185.26,0
26132,90.91,-187.22,0
26143,90.91,-185.45,0
26155,83.33,-182.78,0
26167,83.33,-181.95,0
26178,90.91,-182.99,0
26189,90.91,-185.24,0
26201,83.33,-187.24,0
26212,90.91,-186.24,0
26223,90.91,-183.23,0
26235,83.33,-182.88,0
26247,83.33,-183.94,0
26258,90.91,-185.45,0
26269,90.91,-186.65,0
26280,90.91,-186.05,0
26292,83.33,-183.26,0
26304,90.91,-181.41,0
26315,83.33,-182.40,0
26327,83.33,-185.23,0
26338,90.91,-187.79,0
26349,90.91,-187.16,0
26360,90.91,-184.94,0
26373,83.33,-182.65,0
26384,83.33,-182.39,0
26395,90.91,-184.62,0
26406,90.91,-187.15,0
26418,83.33,-186.40,0
26429,90.91,-184.18,0
26441,90.91,-182.36,0
26452,83.33,-182.65,0
26464,83.33,-184.58,0
26475,90.91,-187.10,0
26486,90.91,-186.81,0
26498,83.33,-184.76,0
26509,90.91,-182.49,0
26521,83.33,-182.55,0
26532,90.91,-184.67,0
26544,83.33,-187.43,0
26555,90.91,-187.56,0
26566,90.91,-185.33,0
26577,90.91,-182.44,0
26590,76.92,-181.42,0
26601,90.91,-183.41,0
26612,90.91,-186.21,0
26624,83.33,-186.25,0
26635,90.91,-184.22,0
26646,90.91,-181.90,0
26658,83.33,-182.26,0
26670,83.33,-184.55,0
26681,90.91,-186.26,0
26692,90.91,-187.49,0
26703,90.91,-186.28,0
26715,83.33,-183.41,0
26727,83.33,-182.43,0
26738,90.91,-183.74,0
26749,90.91,-186.94,0
26761,83.33,-187.97,0
26772,90.91,-185.45,0
26783,90.91,-182.79,0
26796,76.92,-181.81,0
26807,90.91,-183.10,0
26818,90.91,-185.38,0
26829,90.91,-186.44,0
26841,83.33,-185.64,0
26852,90.91,-183.04,0
26864,83.33,-181.87,0
26875,90.91,-183.87,0
26887,83.33,-186.20,0
26898,90.91,-188.26,0
26909,90.91,-186.69,0
26920,90.91,-184.14,0
26933,76.92,-182.02,0
26944,90.91,-182.93,0
26955,90.91,-185.17,0
26967,83.33,-187.57,0
26978,90.91,-186.60,0
26989,90.91,-183.76,0
27001,83.33,-181.87,0
27013,83.33,-182.48,0
27024,90.91,-185.14,0
27035,90.91,-187.30,0
27046,90.91,-186.81,0
27058,83.33,-184.60,0
27070,83.33,-182.02,0
27081,90.91,-182.24,0
27092,90.91,-184.07,0
27104,83.33,-186.87,0
27115,90.91,-186.66,0
27126,90.91,-184.87,0
27139,83.33,-182.14,0
27150,83.33,-182.06,0
27161,90.91,-184.35,0
27172,90.91,-187.03,0
27184,83.33,-187.17,0
27195,90.91,-184.84,0
27207,90.91,-182.43,0
27218,83.33,-182.74,0
27230,83.33,-184.52,0
27241,90.91,-186.75,0
27252,90.91,-186.69,0
27264,83.33,-184.95,0
27276,90.91,-182.45,0
27287,83.33,-181.27,0
27298,90.91,-183.07,0
27310,83.33,-185.50,0
27321,90.91,-186.64,0
27332,90.91,-184.99,0
27343,90.91,-182.27,0
27356,76.92,-181.29,0
27367,90.91,-182.91,0
27378,90.91,-185.83,0
27389,90.91,-186.92,0
27401,83.33,-185.35,0
27412,90.91,-183.28,0
27424,83.33,-182.27,0
27436,83.33,-183.60,0
27447,90.91,-186.52,0
27458,90.91,-187.68,0
27469,90.91,-185.64,0
27481,83.33,-182.72,0
27493,83.33,-181.92,0
27504,90.91,-182.78,0
27515,90.91,-186.18,0
27527,83.33,-187.96,0
27538,90.91,-186.53,0
27549,90.91,-183.42,0
27561,83.33,-183.02,0
27573,83.33,-183.79,0
27584,90.91,-185.89,0
27595,90.91,-187.76,0
27607,83.33,-186.37,0
27618,90.91,-183.59,0
27630,83.33,-181.50,0
27641,90.91,-182.74,0
27653,83.33,-185.66,0
27664,90.91,-187.79,0
27675,90.91,-186.88,0
27686,90.91,-184.29,0
27699,76.92,-182.80,0
27710,90.91,-182.43,0
27721,90.91,-184.92,0
27732,90.91,-187.34,0
27744,83.33,-187.36,0
27755,90.91,-184.97,0
27767,83.33,-182.26,0
27779,83.33,-182.06,0
27790,90.91,-184.20,0
27801,90.91,-186.09,0
27812,90.91,-186.04,0
27824,83.33,-183.52,0
27836,83.33,-181.48,0
27847,90.91,-181.51,0
27858,90.91,-183.80,0
27870,83.33,-186.79,0
27881,90.91,-187.03,0
27892,90.91,-184.93,0
27905,76.92,-182.68,0
27916,90.91,-181.64,0
27927,90.91,-184.24,0
27938,90.91,-186.36,0
27950,83.33,-187.06,0
27961,90.91,-184.76,0
27973,90.91,-182.71,0
27984,83.33,-182.19,0
27996,83.33,-183.44,0
28007,90.91,-185.46,0
28018,90.91,-186.44,0
28029,90.91,-184.68,0
28042,83.33,-183.04,0
28053,83.33,-181.94,0
28064,90.91,-183.42,0
28076,83.33,-186.75,0
28087,90.91,-187.78,0
28098,90.91,-185.85,0
28109,90.91,-182.89,0
28122,76.92,-181.95,0
28133,90.91,-182.62,0
28144,90.91,-184.67,0
28155,90.91,-186.47,0
28167,83.33,-185.47,0
28178,90.91,-182.82,0
28190,83.33,-181.86,0
28201,90.91,-182.39,0
28213,83.33,-185.25,0
28224,90.91,-187.05,0
28235,90.91,-186.38,0
28247,83.33,-183.61,0
28259,83.33,-182.65,0
28270,90.91,-183.42,0
28281,90.91,-185.06,0
28293,83.33,-187.09,0
28304,90.91,-186.02,0
28315,90.91,-183.35,0
28327,83.33,-181.41,0
28339,83.33,-182.16,0
28350,90.91,-184.93,0
28361,90.91,-187.07,0
28372,90.91,-187.01,0
28384,83.33,-184.60,0
28396,83.33,-183.00,0
28407,90.91,-182.68,0
28419,83.33,-184.96,0
28430,90.91,-187.32,0
28441,90.91,-187.48,0
28452,90.91,-184.85,0
28465,76.92,-181.66,0
28476,90.91,-182.45,0
28487,90.91,-183.93,0
28498,90.91,-185.66,0
28510,83.33,-186.41,0
28521,90.91,-184.46,0
28533,83.33,-182.43,0
28545,83.33,-181.80,0
28556,90.91,-183.86,0
28567,90.91,-187.97,0
28578,90.91,-187.98,0
28590,83.33,-185.84,0
28602,83.33,-183.09,0
28613,90.91,-181.85,0
28624,90.91,-183.38,0
28636,83.33,-186.02,0
28647,90.91,-186.94,0
28658,90.91,-184.90,0
28670,83.33,-182.31,0
28682,83.33,-181.49,0
28693,90.91,-183.05,0
28704,90.91,-185.69,0
28716,83.33,-187.27,0
28727,90.91,-186.36,0
28739,90.91,-183.92,0
28750,83.33,-183.05,0
28762,83.33,-183.94,0
28773,90.91,-186.09,0
28784,90.91,-187.41,0
28795,90.91,-185.55,0
28808,83.33,-183.26,0
28819,83.33,-181.90,0
28830,90.91,-183.13,0
28841,90.91,-185.55,0
28853,83.33,-186.51,0
28864,90.91,-186.08,0
28876,90.91,-183.64,0
28888,76.92,-182.69,0
28899,90.91,-182.89,0
28910,90.91,-185.60,0
28921,90.91,-188.35,0
28933,83.33,-187.33,0
28945,90.91,-184.47,0
28956,83.33,-182.36,0
28967,90.91,-182.79,0
28979,83.33,-184.99,0
28990,90.91,-186.30,0
29001,90.91,-185.53,0
29012,90.91,-183.21,0
29025,76.92,-181.91,0
29036,90.91,-182.62,0
29047,90.91,-184.58,0
29059,83.33,-186.93,0
29070,90.91,-187.65,0
29081,90.91,-184.68,0
29093,83.33,-182.59,0
29105,83.33,-181.81,0
29116,90.91,-184.42,0
29127,90.91,-186.17,0
29138,90.91,-186.24,0
29150,83.33,-184.53,0
29162,83.33,-181.81,0
29173,90.91,-182.07,0
29185,83.33,-183.73,0
29196,90.91,-186.56,0
29207,90.91,-187.36,0
29218,90.91,-185.74,0
29231,76.92,-182.91,0
29242,90.91,-182.35,0
29253,90.91,-183.96,0
29264,90.91,-186.85,0
29276,83.33,-188.04,0
29287,90.91,-185.64,0
29299,83.33,-183.36,0
29310,90.91,-181.98,0
29322,83.33,-183.50,0
29333,90.91,-186.12,0
29344,90.91,-187.70,0
29356,83.33,-185.79,0
29368,83.33,-182.62,0
29379,90.91,-181.76,0
29390,90.91,-182.93,0
29402,83.33,-185.98,0
29413,90.91,-187.77,0
29424,90.91,-186.57,0
29436,83.33,-183.85,0
29448,83.33,-182.45,0
29459,90.91,-183.09,0
29470,90.91,-185.71,0
29481,90.91,-187.30,0
29493,83.33,-185.71,0
29505,83.33,-183.13,0
29516,90.91,-181.42,0
29528,83.33,-182.37,0
29539,90.91,-184.54,0
29550,90.91,-186.77,0
29561,90.91,-186.94,0
29574,76.92,-184.77,0
29585,90.91,-182.70,0
29596,90.91,-182.69,0
29607,90.91,-185.17,0
29619,83.33,-187.24,0
29630,90.91,-186.86,0
29642,83.33,-184.23,0
29654,83.33,-182.15,0
29665,90.91,-181.86,0
29676,90.91,-184.09,0
29687,90.91,-186.93,0
29699,83.33,-187.07,0
29711,90.91,-185.25,0
29722,83.33,-182.55,0
29733,90.91,-182.00,0
29745,83.33,-183.81,0
29756,90.91,-186.52,0
29767,90.91,-187.01,0
29779,90.91,-184.45,0
29791,76.92,-182.66,0
29802,90.91,-182.16,0
29813,90.91,-183.49,0
29825,83.33,-186.27,0
29836,90.91,-186.85,0
29848,90.91,-184.57,0
29859,83.33,-182.55,0
29871,83.33,-181.87,0
29882,90.91,-183.76,0
29893,90.91,-187.35,0
29904,90.91,-188.57,0
29916,83.33,-186.53,0
29928,83.33,-183.91,0
29939,90.91,-183.28,0
29950,90.91,-183.71,0
29962,83.33,-186.19,0
29973,90.91,-186.74,0
29984,90.91,-184.72,0
29997,76.92,-182.31,0
30008,90.91,-181.33,0
30019,90.91,-183.62,0
30030,90.91,-185.59,0
30042,83.33,-186.93,0
30053,90.91,-186.14,0
30065,83.33,-183.68,0
30076,90.91,-182.22,0
30088,83.33,-183.08,0
30099,90.91,-186.67,0
30110,90.91,-188.68,0
30121,90.91,-187.48,0
30134,76.92,-184.15,0
30145,90.91,-182.41,0
30156,90.91,-182.90,0
30168,83.33,-184.64,0
30179,90.91,-186.08,0
30190,90.91,-185.72,0
30202,83.33,-182.46,0
30214,83.33,-180.56,0
30225,90.91,-182.27,0
30236,90.91,-185.43,0
30247,90.91,-188.58,0
30259,83.33,-188.19,0
30271,83.33,-185.64,0
30282,90.91,-183.04,0
30294,83.33,-182.67,0
30305,90.91,-184.71,0
30316,90.91,-186.42,0
30327,90.91,-185.79,0
30340,76.92,-183.35,0
30351,90.91,-181.32,0
30362,90.91,-181.68,0
30373,90.91,-184.22,0
30385,83.33,-186.55,0
30396,90.91,-187.08,0
30408,83.33,-184.94,0
30419,90.91,-181.92,0
30431,83.33,-182.21,0
30442,90.91,-184.32,0
30453,90.91,-187.43,0
30465,83.33,-187.67,0
30477,90.91,-185.45,0
30488,90.91,-182.64,0
30499,90.91,-181.88,0
30511,83.33,-183.26,0
30522,90.91,-184.64,0
30533,90.91,-185.51,0
30545,90.91,-184.19,0
30557,76.92,-182.38,0
30568,90.91,-181.91,0
30579,90.91,-184.09,0
30590,90.91,-187.45,0
30602,83.33,-188.63,0
30614,90.91,-186.87,0
30625,83.33,-183.70,0
30637,83.33,-181.95,0
30648,90.91,-182.89,0
30659,90.91,-185.88,0
30670,90.91,-186.62,0
30682,83.33,-184.97,0
30694,83.33,-181.95,0
30705,90.91,-181.22,0
30716,90.91,-183.08,0
30728,83.33,-185.03,0
30739,90.91,-186.49,0
30750,90.91,-185.41,0
30763,76.92,-183.28,0
30774,90.91,-181.94,0
30785,90.91,-183.78,0
30796,90.91,-186.46,0
30808,83.33,-188.67,0
30819,90.91,-187.34,0
30831,83.33,-183.71,0
30842,90.91,-181.98,0
30854,83.33,-182.21,0
30865,90.91,-184.82,0
30876,90.91,-186.50,0
30887,90.91,-185.74,0
30900,76.92,-183.56,0
30911,90.91,-181.69,0
30922,90.91,-182.48,0
30934,83.33,-184.93,0
30945,90.91,-187.88,0
30956,90.91,-187.48,0
30968,83.33,-185.09,0
30980,83.33,-182.93,0
30991,90.91,-182.48,0
31002,90.91,-183.94,0
31013,90.91,-186.17,0
31025,83.33,-185.88,0
31037,83.33,-183.61,0
31048,90.91,-181.91,0
31059,90.91,-182.16,0
31071,83.33,-184.61,0
31082,90.91,-187.58,0
31093,90.91,-187.74,0
31106,76.92,-185.38,0
31117,90.91,-183.02,0
31128,90.91,-182.36,0
31139,90.91,-184.06,0
31151,83.33,-187.03,0
31162,90.91,-187.34,0
31174,83.33,-184.86,0
31185,90.91,-182.43,0
31197,83.33,-181.82,0
31208,90.91,-184.08,0
31219,90.91,-186.55,0
31230,90.91,-187.31,0
31243,76.92,-185.09,0
31254,90.91,-182.77,0
31265,90.91,-182.85,0
31277,83.33,-184.47,0
31288,90.91,-187.15,0
31299,90.91,-187.34,0
31311,90.91,-185.40,0
31323,83.33,-182.47,0
31334,90.91,-181.92,0
31345,90.91,-182.90,0
31356,90.91,-185.36,0
31368,83.33,-186.65,0
31380,90.91,-185.62,0
31391,83.33,-182.66,0
31403,83.33,-181.92,0
31414,90.91,-182.52,0
31425,90.91,-185.60,0
31436,90.91,-187.94,0
31449,83.33,-186.56,0
31460,83.33,-184.34,0
31471,90.91,-182.58,0
31482,90.91,-183.09,0
31494,83.33,-185.17,0
31505,90.91,-186.24,0
31517,90.91,-185.38,0
31528,83.33,-182.61,0
31540,83.33,-181.31,0
31551,90.91,-182.74,0
31562,90.91,-185.61,0
31574,83.33,-188.08,0
31586,90.91,-187.69,0
31597,83.33,-184.80,0
31608,90.91,-182.97,0
31620,83.33,-183.29,0
31631,90.91,-185.08,0
31642,90.91,-187.10,0
31653,90.91,-186.21,0
31666,76.92,-183.47,0
31677,90.91,-182.02,0
31688,90.91,-182.21,0
31699,90.91,-184.36,0
31711,83.33,-186.85,0
31722,90.91,-187.11,0
31734,83.33,-184.51,0
31746,83.33,-181.75,0
31757,90.91,-181.83,0
31768,90.91,-184.40,0
31779,90.91,-187.09,0
31791,83.33,-187.77,0
31803,83.33,-185.42,0
31814,90.91,-182.96,0
31825,90.91,-182.25,0
31837,83.33,-183.50,0
31848,90.91,-185.48,0
31859,90.91,-186.19,0
31872,76.92,-184.53,0
31883,90.91,-182.54,0
31894,90.91,-182.71,0
31905,90.91,-184.70,0
31917,83.33,-187.35,0
31928,90.91,-188.39,0
31940,83.33,-186.65,0
31951,90.91,-183.67,0
31963,83.33,-182.24,0
31974,90.91,-183.30,0
31985,90.91,-185.89,0
31996,90.91,-186.77,0
32009,76.92,-185.51,0
32020,90.91,-182.66,0
32031,90.91,-181.33,0
32043,83.33,-182.77,0
32054,90.91,-184.91,0
32065,90.91,-187.11,0
32077,83.33,-186.14,0
32089,83.33,-183.49,0
32100,90.91,-181.92,0
32111,90.91,-182.92,0
32122,90.91,-185.52,0
32134,83.33,-186.78,0
32146,83.33,-185.24,0
32157,90.91,-182.70,0
32168,90.91,-181.04,0
32180,83.33,-182.52,0
32191,90.91,-184.53,0
32202,90.91,-185.82,0
32215,76.92,-185.92,0
32226,90.91,-183.54,0
32237,90.91,-181.61,0
32248,90.91,-182.63,0
32260,83.33,-185.26,0
32271,90.91,-187.98,0
32283,83.33,-187.43,0
32294,90.91,-184.56,0
32306,83.33,-182.81,0
32317,90.91,-181.95,0
32328,90.91,-184.22,0
32339,90.91,-186.04,0
32352,76.92,-185.90,0
32363,90.91,-183.54,0
32374,90.91,-181.69,0
32386,83.33,-181.83,0
32397,90.91,-184.39,0
32408,90.91,-187.56,0
32420,90.91,-187.78,0
32432,76.92,-185.88,0
32443,90.91,-183.67,0
32454,90.91,-182.55,0
32465,90.91,-183.71,0
32477,83.33,-185.64,0
32489,90.91,-186.17,0
32500,83.33,-183.81,0
32512,83.33,-181.91,0
32523,90.91,-181.74,0
32534,90.91,-183.76,0
32545,90.91,-186.60,0
32558,83.33,-188.12,0
32569,83.33,-186.21,0
32580,90.91,-183.57,0
32591,90.91,-182.89,0
32603,83.33,-184.44,0
32614,90.91,-187.01,0
32625,90.91,-187.67,0
32637,83.33,-185.41,0
32649,83.33,-183.43,0
32660,90.91,-181.87,0
32671,90.91,-182.91,0
32683,83.33,-184.68,0
32694,90.91,-186.34,0
32706,83.33,-184.83,0
32717,90.91,-182.25,0
32729,83.33,-182.27,0
32740,90.91,-183.81,0
32751,90.91,-186.16,0
32762,90.91,-187.94,0
32775,76.92,-187.20,0
32786,90.91,-184.29,0
32797,90.91,-182.21,0
32808,90.91,-182.51,0
32820,83.33,-184.50,0
32831,90.91,-186.20,0
32843,83.33,-185.06,0
32855,83.33,-182.41,0
32866,90.91,-181.49,0
32877,90.91,-183.15,0
32888,90.91,-185.80,0
32900,83.33,-188.11,0
32912,83.33,-187.90,0
32923,90.91,-185.36,0
32934,90.91,-183.23,0
32946,83.33,-183.53,0
32957,90.91,-185.64,0
32968,90.91,-187.58,0
32980,83.33,-186.64,0
32992,83.33,-183.07,0
33003,90.91,-180.83,0
33014,90.91,-181.48,0
33026,83.33,-183.91,0
33037,90.91,-186.07,0
33049,83.33,-186.96,0
33060,90.91,-184.84,0
33072,83.33,-182.84,0
33083,90.91,-183.36,0
33094,90.91,-185.91,0
33105,90.91,-188.53,0
33118,76.92,-188.19,0
33129,90.91,-184.66,0
33140,90.91,-182.47,0
33152,83.33,-182.21,0
33163,90.91,-183.44,0
33174,90.91,-185.38,0
33186,83.33,-185.10,0
33198,83.33,-183.30,0
33209,90.91,-181.04,0
33220,90.91,-181.89,0
33231,90.91,-184.03,0
33243,83.33,-187.26,0
33255,83.33,-188.22,0
33266,90.91,-186.36,0
33277,90.91,-183.66,0
33289,83.33,-182.11,0
33300,90.91,-182.94,0
33311,90.91,-185.50,0
33324,76.92,-186.31,0
33335,90.91,-184.05,0
33346,90.91,-181.41,0
33357,90.91,-180.74,0
33369,83.33,-182.62,0
33380,90.91,-185.00,0
33392,83.33,-186.49,0
33403,90.91,-184.98,0
33415,83.33,-183.37,0
33426,90.91,-182.21,0
33437,90.91,-183.07,0
33448,90.91,-186.18,0
33461,76.92,-188.40,0
33472,90.91,-186.82,0
33483,90.91,-183.90,0
33495,83.33,-182.29,0
33506,90.91,-183.15,0
33517,90.91,-184.20,0
33529,83.33,-184.88,0
33541,83.33,-184.44,0
33552,90.91,-182.79,0
33563,90.91,-182.41,0
33574,90.91,-183.05,0
33586,83.33,-186.17,0
33598,90.91,-188.67,0
33609,83.33,-188.00,0
33620,90.91,-185.24,0
33632,83.33,-183.42,0
33643,90.91,-183.07,0
33654,90.91,-184.77,0
33667,83.33,-186.44,0
33678,83.33,-186.29,0
33689,90.91,-183.97,0
33700,90.91,-181.60,0
33712,83.33,-181.98,0
33723,90.91,-183.87,0
33735,90.91,-186.41,0
33746,83.33,-186.90,0
33758,83.33,-185.47,0
33769,90.91,-183.83,0
33780,90.91,-182.90,0
33792,83.33,-184.10,0
33803,90.91,-187.03,0
33815,83.33,-186.95,0
33826,90.91,-184.67,0
33838,83.33,-182.01,0
33849,90.91,-181.52,0
33860,90.91,-183.39,0
33871,90.91,-185.82,0
33884,76.92,-186.83,0
33895,90.91,-185.02,0
33906,90.91,-182.58,0
33917,90.91,-181.31,0
33929,83.33,-183.31,0
33940,90.91,-187.33,0
33952,83.33,-188.56,0
33964,83.33,-186.86,0
33975,90.91,-183.59,0
33986,90.91,-182.26,0
33997,90.91,-182.83,0
34009,83.33,-184.82,0
34021,83.33,-186.09,0
34032,90.91,-184.70,0
34043,90.91,-182.06,0
34055,83.33,-180.82,0
34066,90.91,-183.10,0
34077,90.91,-186.37,0
34089,83.33,-188.07,0
34101,83.33,-186.53,0
34112,90.91,-184.51,0
34123,90.91,-182.59,0
34135,83.33,-183.24,0
34146,90.91,-185.99,0
34158,83.33,-188.56,0
34169,90.91,-186.83,0
34181,83.33,-183.07,0
34192,90.91,-181.45,0
34203,90.91,-182.17,0
34214,90.91,-184.90,0
34227,76.92,-186.50,0
34238,90.91,-185.73,0
34249,90.91,-183.22,0
34260,90.91,-182.17,0
34272,83.33,-182.68,0
34283,90.91,-186.11,0
34295,83.33,-188.82,0
34307,83.33,-188.17,0
34318,90.91,-185.21,0
34329,90.91,-182.33,0
34340,90.91,-182.35,0
34352,83.33,-183.92,0
34364,83.33,-185.69,0
34375,90.91,-185.40,0
34386,90.91,-183.15,0
34398,83.33,-181.12,0
34409,90.91,-181.46,0
34420,90.91,-183.99,0
34433,76.92,-187.07,0
34444,90.91,-187.75,0
34455,90.91,-186.03,0
34466,90.91,-183.38,0
34478,83.33,-182.65,0
34489,90.91,-184.43,0
34501,90.91,-185.90,0
34512,83.33,-186.48,0
34524,83.33,-184.52,0
34535,90.91,-181.67,0
34546,90.91,-181.14,0
34557,90.91,-183.62,0
34570,83.33,-185.53,0
34581,83.33,-187.04,0
34592,90.91,-185.44,0
34604,83.33,-183.92,0
34615,90.91,-182.60,0
34626,90.91,-183.94,0
34638,90.91,-187.65,0
34650,76.92,-188.65,0
34661,90.91,-186.63,0
34672,90.91,-183.29,0
34683,90.91,-182.22,0
34695,83.33,-182.96,0
34707,90.91,-184.59,0
34718,83.33,-185.89,0
34729,90.91,-184.56,0
34741,83.33,-182.77,0
34752,90.91,-181.95,0
34763,90.91,-183.31,0
34775,83.33,-186.42,0
34787,83.33,-188.79,0
34798,90.91,-187.58,0
34809,90.91,-184.24,0
34821,83.33,-181.83,0
34832,90.91,-182.79,0
34843,90.91,-184.98,0
34855,83.33,-185.56,0
34867,83.33,-184.68,0
34878,90.91,-182.44,0
34889,90.91,-181.00,0
34900,90.91,-182.03,0
34912,83.33,-185.58,0
34924,83.33,-189.02,0
34935,90.91,-188.74,0
34947,83.33,-186.28,0
34958,90.91,-183.03,0
34969,90.91,-182.38,0
34980,90.91,-184.31,0
34993,76.92,-185.85,0
35004,90.91,-185.64,0
35015,90.91,-183.17,0
35026,90.91,-181.33,0
35038,83.33,-181.37,0
35049,90.91,-183.50,0
35061,83.33,-185.84,0
35073,83.33,-186.71,0
35084,90.91,-184.31,0
35095,90.91,-182.70,0
35106,90.91,-182.20,0
35118,83.33,-184.96,0
35130,83.33,-187.91,0
35141,90.91,-188.17,0
35152,90.91,-186.13,0
35164,83.33,-183.25,0
35175,90.91,-182.35,0
35186,90.91,-183.72,0
35198,83.33,-184.52,0
35210,83.33,-184.94,0
35221,90.91,-183.40,0
35232,90.91,-181.61,0
35244,83.33,-182.15,0
35255,90.91,-184.30,0
35267,83.33,-187.53,0
35278,90.91,-189.64,0
35290,83.33,-188.07,0
35301,90.91,-184.90,0
35312,90.91,-181.79,0
35323,90.91,-182.58,0
35336,76.92,-185.23,0
35347,90.91,-186.32,0
35358,90.91,-184.49,0
35369,90.91,-181.94,0
35381,83.33,-181.09,0
35392,90.91,-182.86,0
35404,83.33,-185.20,0
35416,83.33,-186.96,0
35427,90.91,-186.63,0
35438,90.91,-184.06,0
35449,90.91,-183.12,0
35461,83.33,-183.77,0
35473,90.91,-186.94,0
35484,83.33,-188.67,0
35495,90.91,-187.51,0
35507,83.33,-183.80,0
35518,90.91,-180.94,0
35529,90.91,-181.90,0
35542,90.91,-183.83,0
35553,76.92,-185.78,0
35564,90.91,-185.50,0
35575,90.91,-183.56,0
35587,83.33,-182.22,0
35598,90.91,-182.68,0
35609,90.91,-185.30,0
35621,83.33,-188.97,0
35633,83.33,-188.10,0
35644,90.91,-185.23,0
35655,90.91,-182.73,0
35666,90.91,-182.46,0
35678,83.33,-183.92,0
35690,83.33,-185.56,0
35701,90.91,-184.87,0
35713,83.33,-183.49,0
35724,90.91,-181.40,0
35735,90.91,-182.13,0
35746,90.91,-184.21,0
35759,76.92,-187.69,0
35770,90.91,-188.65,0
35781,90.91,-186.50,0
35792,90.91,-183.62,0
35804,83.33,-182.31,0
35815,90.91,-183.76,0
35827,83.33,-186.66,0
35838,90.91,-186.69,0
35850,83.33,-184.68,0
35861,90.91,-181.85,0
35872,90.91,-181.60,0
35884,83.33,-183.41,0
35896,83.33,-185.61,0
35907,90.91,-186.69,0
35918,90.91,-185.31,0
35930,83.33,-183.23,0
35941,90.91,-182.63,0
35952,90.91,-184.17,0
35964,83.33,-187.18,0
35976,83.33,-188.77,0
35987,90.91,-186.62,0
35998,90.91,-183.66,0
36009,90.91,-181.64,0
36021,83.33,-182.24,0
36033,83.33,-183.77,0
36044,90.91,-185.39,0
36056,83.33,-185.08,0
36067,90.91,-182.44,0
36078,90.91,-181.53,0
36089,90.91,-183.25,0
36102,76.92,-186.29,0
36113,90.91,-188.44,0
36124,90.91,-186.65,0
36135,90.91,-183.98,0
36147,83.33,-182.26,0
36158,90.91,-182.67,0
36170,83.33,-185.04,0
36182,83.33,-186.63,0
36193,90.91,-185.52,0
36204,90.91,-183.31,0
36215,90.91,-181.59,0
36227,83.33,-182.95,0
36239,90.91,-185.18,0
36250,83.33,-187.42,0
36261,90.91,-187.39,0
36273,83.33,-185.29,0
36284,90.91,-182.91,0
36295,90.91,-182.85,0
36307,90.91,-184.61,0
36319,76.92,-187.00,0
36330,90.91,-186.53,0
36341,90.91,-182.81,0
36353,83.33,-180.98,0
36364,90.91,-181.58,0
36375,90.91,-183.84,0
36387,83.33,-185.47,0
36399,83.33,-186.38,0
36410,90.91,-184.42,0
36421,90.91,-182.41,0
36432,90.91,-182.41,0
36444,83.33,-184.65,0
36456,83.33,-187.57,0
36467,90.91,-187.87,0
36478,90.91,-185.61,0
36490,83.33,-182.90,0
36501,90.91,-182.03,0
36512,90.91,-182.78,0
36525,76.92,-184.82,0
36536,90.91,-185.44,0
36547,90.91,-183.63,0
36558,90.91,-181.89,0
36570,83.33,-181.77,0
36581,90.91,-183.69,0
36593,83.33,-187.06,0
36604,90.91,-188.44,0
36616,83.33,-186.48,0
36627,90.91,-183.96,0
36638,90.91,-182.56,0
36649,90.91,-183.64,0
36662,76.92,-185.92,0
36673,90.91,-186.65,0
36684,90.91,-184.82,0
36696,83.33,-182.56,0
36707,90.91,-181.70,0
36718,90.91,-182.74,0
36730,83.33,-184.68,0
36742,83.33,-186.17,0
36753,90.91,-185.86,0
36764,90.91,-184.38,0
36775,90.91,-182.42,0
36787,83.33,-183.07,0
36799,83.33,-185.56,0
36810,90.91,-188.28,0
36822,83.33,-186.97,0
36833,90.91,-184.01,0
36844,90.91,-182.31,0
36855,90.91,-182.25,0
36868,76.92,-183.90,0
36879,90.91,-185.68,0
36890,90.91,-185.33,0
36901,90.91,-182.93,0
36913,83.33,-180.97,0
36924,90.91,-182.60,0
36936,83.33,-186.04,0
36947,90.91,-188.40,0
36959,83.33,-188.47,0
36970,90.91,-185.18,0
36981,90.91,-182.83,0
36993,83.33,-182.85,0
37005,90.91,-183.83,0
37016,83.33,-186.42,0
37027,90.91,-186.13,0
37039,83.33,-183.79,0
37050,90.91,-181.87,0
37061,90.91,-181.72,0
37073,90.91,-183.69,0
37085,76.92,-185.95,0
37096,90.91,-186.68,0
37107,90.91,-184.64,0
37118,90.91,-182.70,0
37130,83.33,-182.17,0
37142,90.91,-183.83,0
37153,83.33,-186.93,0
37165,83.33,-188.01,0
37176,90.91,-185.35,0
37187,90.91,-182.34,0
37198,90.91,-181.90,0
37210,83.33,-183.31,0
37222,83.33,-185.14,0
37233,90.91,-185.74,0
37244,90.91,-183.72,0
37256,83.33,-182.00,0
37267,90.91,-182.10,0
37278,90.91,-183.71,0
37291,76.92,-187.30,0
37302,90.91,-189.23,0
37313,90.91,-187.27,0
37324,90.91,-184.17,0
37336,83.33,-182.60,0
37347,90.91,-183.08,0
37359,83.33,-185.12,0
37370,90.91,-186.05,0
37382,83.33,-185.12,0
37393,90.91,-182.14,0
37404,90.91,-180.81,0
37415,90.91,-182.23,0
37428,76.92,-185.01,0
37439,90.91,-187.69,0
37450,90.91,-187.32,0
37462,83.33,-184.96,0
37473,90.91,-183.11,0
37484,90.91,-183.07,0
37496,83.33,-185.48,0
37508,83.33,-187.40,0
37519,90.91,-186.43,0
37530,90.91,-182.77,0
37541,90.91,-180.32,0
37553,83.33,-181.66,0
37565,83.33,-184.21,0
37576,90.91,-185.97,0
37587,90.91,-185.44,0
37599,83.33,-183.71,0
37610,90.91,-181.59,0
37621,90.91,-181.92,0
37634,76.92,-185.08,0
37645,90.91,-188.60,0
37656,90.91,-188.18,0
37667,90.91,-184.90,0
37679,83.33,-182.66,0
37690,90.91,-182.28,0
37702,83.33,-183.45,0
37713,90.91,-184.87,0
37725,83.33,-184.65,0
37736,90.91,-182.66,0
37747,90.91,-181.49,0
37758,90.91,-182.02,0
37771,76.92,-184.89,0
37782,90.91,-187.31,0
37793,90.91,-188.24,0
37805,83.33,-186.24,0
37816,90.91,-183.24,0
37827,90.91,-181.87,0
37839,90.91,-183.37,0
37851,76.92,-186.13,0
37862,90.91,-187.41,0
37873,90.91,-185.08,0
37884,90.91,-182.22,0
37896,83.33,-181.35,0
37908,90.91,-183.01,0
37919,83.33,-185.13,0
37931,83.33,-186.65,0
37942,90.91,-185.65,0
37953,90.91,-183.36,0
37964,90.91,-182.41,0
37977,83.33,-183.59,0
37988,83.33,-186.52,0
37999,90.91,-188.39,0
38010,90.91,-186.81,0
38022,83.33,-183.62,0
38033,90.91,-181.87,0
38044,90.91,-182.29,0
38056,83.33,-184.69,0
38068,83.33,-185.85,0
38079,90.91,-185.65,0
38090,90.91,-182.66,0
38102,83.33,-181.39,0
38113,90.91,-183.01,0
38125,83.33,-186.65,0
38136,90.91,-189.46,0
38148,83.33,-188.27,0
38159,90.91,-184.87,0
38170,90.91,-183.21,0
38181,90.91,-183.72,0
38194,76.92,-185.12,0
38205,90.91,-186.79,0
38216,90.91,-185.21,0
38227,90.91,-182.96,0
38239,83.33,-180.77,0
38250,90.91,-181.67,0
38262,83.33,-184.83,0
38274,83.33,-187.13,0
38285,90.91,-187.07,0
38296,90.91,-185.14,0
38307,90.91,-182.70,0
38319,83.33,-182.42,0
38331,83.33,-184.94,0
38342,90.91,-188.33,0
38353,90.91,-188.07,0
38365,83.33,-185.18,0
38376,90.91,-182.67,0
38387,90.91,-182.61,0
38400,76.92,-184.04,0
38411,90.91,-185.34,0
38422,90.91,-186.37,0
38433,90.91,-185.61,0
38445,83.33,-183.28,0
38456,90.91,-182.32,0
38468,83.33,-184.61,0
38479,90.91,-187.56,0
38491,83.33,-188.52,0
38502,90.91,-186.11,0
38513,90.91,-183.35,0
38524,90.91,-181.66,0
38537,76.92,-182.73,0
38548,90.91,-185.36,0
38559,90.91,-186.06,0
38571,83.33,-184.49,0
38582,90.91,-182.61,0
38593,90.91,-181.97,0
38605,83.33,-183.41,0
38617,83.33,-186.10,0
38628,90.91,-187.74,0
38639,90.91,-186.34,0
38650,90.91,-183.65,0
38662,83.33,-182.30,0
38674,90.91,-183.30,0
38685,83.33,-185.46,0
38696,90.91,-187.34,0
38708,83.33,-185.64,0
38719,90.91,-182.52,0
38730,90.91,-181.22,0
38743,83.33,-183.10,0
38754,83.33,-185.20,0
38765,90.91,-186.55,0
38776,90.91,-185.94,0
38788,83.33,-183.94,0
38799,90.91,-182.38,0
38810,90.91,-183.07,0
38822,83.33,-185.60,0
38834,83.33,-187.95,0
38845,90.91,-187.05,0
38856,90.91,-184.50,0
38867,90.91,-182.70,0
38879,83.33,-182.69,0
38891,83.33,-184.81,0
38902,90.91,-186.18,0
38914,83.33,-185.50,0
38925,90.91,-183.13,0
38936,90.91,-181.46,0
38947,90.91,-181.92,0
38960,76.92,-184.45,0
38971,90.91,-187.41,0
38982,90.91,-187.65,0
38993,90.91,-185.03,0
39005,83.33,-182.51,0
39016,90.91,-182.39,0
39028,83.33,-184.27,0
39040,83.33,-186.76,0
39051,90.91,-187.09,0
39062,90.91,-184.77,0
39073,90.91,-182.68,0
39085,83.33,-181.92,0
39097,83.33,-183.76,0
39108,90.91,-186.44,0
39119,90.91,-186.57,0
39131,83.33,-185.71,0
39142,90.91,-183.21,0
39153,90.91,-182.72,0
39165,83.33,-184.26,0
39177,83.33,-187.22,0
39188,90.91,-188.18,0
39199,90.91,-185.32,0
39211,83.33,-182.59,0
39222,90.91,-181.72,0
39234,83.33,-183.14,0
39245,90.91,-185.72,0
39257,83.33,-186.91,0
39268,90.91,-185.34,0
39279,90.91,-182.94,0
39290,90.91,-181.87,0
39303,76.92,-183.20,0
39314,90.91,-186.26,0
39325,90.91,-187.29,0
39336,90.91,-186.42,0
39348,83.33,-183.76,0
39359,90.91,-182.86,0
39371,83.33,-183.83,0
39383,83.33,-185.66,0
39394,90.91,-186.48,0
39405,90.91,-185.34,0
39416,90.91,-182.88,0
39428,83.33,-180.89,0
39440,83.33,-182.39,0
39451,90.91,-185.81,0
39462,90.91,-188.16,0
39474,83.33,-187.40,0
39485,90.91,-184.75,0
39496,90.91,-182.43,0
39508,83.33,-182.58,0
39520,83.33,-184.80,0
