66,15.15,-204.80,0
77,90.91,-204.92,0
89,83.33,-205.21,0
100,90.91,-205.81,0
111,90.91,-205.79,0
123,83.33,-205.44,0
135,83.33,-205.34,0
146,90.91,-205.51,0
157,90.91,-205.80,0
168,90.91,-205.15,0
180,83.33,-205.20,0
192,83.33,-205.22,0
203,90.91,-204.99,0
215,83.33,-204.71,0
226,90.91,-204.90,0
237,90.91,-205.01,0
248,90.91,-204.66,0
261,76.92,-204.57,0
272,90.91,-205.05,0
283,90.91,-205.48,0
294,90.91,-204.98,0
306,83.33,-205.31,0
318,90.91,-205.85,0
329,83.33,-205.18,0
340,90.91,-204.85,0
352,83.33,-204.80,0
363,90.91,-204.77,0
374,90.91,-204.48,0
387,83.33,-204.77,0
398,90.91,-204.37,0
409,90.91,-204.88,0
420,90.91,-205.19,0
432,83.33,-205.25,0
443,90.91,-205.24,0
455,83.33,-205.76,0
466,90.91,-205.14,0
478,83.33,-205.15,0
489,90.91,-204.83,0
500,90.91,-204.44,0
512,83.33,-205.07,0
524,83.33,-205.12,0
535,90.91,-205.30,0
546,90.91,-205.56,0
558,83.33,-205.47,0
569,90.91,-205.45,0
580,90.91,-205.83,0
592,83.33,-205.59,0
604,83.33,-204.54,0
615,90.91,-204.28,0
626,90.91,-204.43,0
637,90.91,-204.32,0
649,83.33,-204.41,0
661,83.33,-204.94,0
672,90.91,-205.00,0
684,83.33,-205.36,0
695,90.91,-205.56,0
706,90.91,-206.07,0
717,90.91,-205.66,0
730,76.92,-205.17,0
741,90.91,-204.92,0
752,90.91,-204.54,0
763,90.91,-204.65,0
775,83.33,-204.84,0
787,90.91,-204.99,0
798,83.33,-204.85,0
809,90.91,-204.89,0
821,83.33,-205.18,0
832,90.91,-205.30,0
843,90.91,-205.29,0
856,83.33,-205.52,0
867,83.33,-205.24,0
878,90.91,-204.93,0
889,90.91,-205.17,0
901,83.33,-205.13,0
912,90.91,-205.44,0
924,83.33,-205.54,0
935,90.91,-204.84,0
947,83.33,-204.54,0
958,90.91,-204.69,0
969,90.91,-204.87,0
980,90.91,-205.05,0
993,76.92,-205.27,0
1004,90.91,-205.28,0
1015,90.91,-204.86,0
1027,83.33,-204.94,0
1038,90.91,-204.79,0
1049,90.91,-205.43,0
1061,83.33,-205.16,0
1073,83.33,-204.91,0
1084,90.91,-204.22,0
1095,90.91,-204.90,0
1106,90.91,-205.25,0
1118,83.33,-205.50,0
1130,83.33,-205.60,0
1141,90.91,-205.77,0
1153,83.33,-205.95,0
1164,90.91,-205.75,0
1175,90.91,-205.44,0
1186,90.91,-204.77,0
1199,76.92,-204.96,0
1210,90.91,-204.60,0
1221,90.91,-204.69,0
1232,90.91,-204.24,0
1244,83.33,-204.36,0
1256,90.91,-204.68,0
1267,83.33,-204.84,0
1278,90.91,-205.10,0
1290,83.33,-205.08,0
1301,90.91,-205.07,0
1312,90.91,-205.19,0
1325,83.33,-205.35,0
1336,90.91,-204.94,0
1347,90.91,-204.64,0
1358,90.91,-204.36,0
1370,83.33,-204.64,0
1381,90.91,-205.33,0
1393,83.33,-205.11,0
1404,90.91,-205.39,0
1416,83.33,-205.70,0
1427,90.91,-205.17,0
1438,90.91,-205.04,0
1449,90.91,-205.15,0
1462,76.92,-205.26,0
1473,90.91,-205.27,0
1484,90.91,-205.18,0
1496,83.33,-204.64,0
1507,90.91,-204.38,0
1518,90.91,-204.21,0
1530,83.33,-205.29,0
1542,83.33,-205.78,0
1553,90.91,-205.23,0
1564,90.91,-205.13,0
1575,90.91,-205.26,0
1587,83.33,-205.12,0
1599,83.33,-205.56,0
1610,90.91,-205.68,0
1622,83.33,-204.78,0
1633,90.91,-204.66,0
1644,90.91,-204.60,0
1656,90.91,-204.66,0
1668,76.92,-204.75,0
1679,90.91,-204.75,0
1690,90.91,-204.85,0
1701,90.91,-205.24,0
1713,83.33,-205.36,0
1725,90.91,-205.14,0
1736,83.33,-205.45,0
1747,90.91,-205.76,0
1759,83.33,-205.43,0
1770,90.91,-205.60,0
1781,90.91,-205.11,0
1794,76.92,-204.81,0
1805,90.91,-204.42,0
1816,90.91,-204.29,0
1827,90.91,-204.92,0
1839,83.33,-205.50,0
1850,90.91,-205.92,0
1862,83.33,-205.57,0
1873,90.91,-205.31,0
1885,83.33,-204.95,0
1896,90.91,-204.70,0
1907,90.91,-204.51,0
1918,90.91,-204.64,0
1931,76.92,-204.94,0
1942,90.91,-204.90,0
1953,90.91,-205.05,0
1965,83.33,-205.66,0
1976,90.91,-205.05,0
1987,90.91,-205.36,0
1999,83.33,-205.63,0
2011,83.33,-205.60,0
2022,90.91,-205.40,0
2033,90.91,-205.50,0
2044,90.91,-205.63,0
2056,83.33,-205.25,0
2068,83.33,-204.93,0
2079,90.91,-204.33,0
2091,83.33,-204.50,0
2102,90.91,-204.83,0
2113,90.91,-204.99,0
2124,90.91,-205.56,0
2137,76.92,-205.13,0
2148,90.91,-205.09,0
2159,90.91,-205.47,0
2170,90.91,-205.71,0
2182,83.33,-204.81,0
2194,90.91,-204.92,0
2205,83.33,-204.90,0
2216,90.91,-204.62,0
2228,83.33,-204.28,0
2239,90.91,-204.41,0
2250,90.91,-205.07,0
2263,76.92,-205.07,0
2274,90.91,-205.93,0
2285,90.91,-205.54,0
2296,90.91,-205.75,0
2308,83.33,-205.85,0
2319,90.91,-205.39,0
2331,83.33,-205.37,0
2342,90.91,-204.57,0
2354,83.33,-204.52,0
2365,90.91,-204.52,0
2376,90.91,-204.75,0
2387,90.91,-204.91,0
2400,76.92,-204.81,0
2411,90.91,-204.84,0
2422,90.91,-205.45,0
2434,83.33,-205.78,0
2445,90.91,-205.31,0
2456,90.91,-205.24,0
2468,83.33,-204.94,0
2480,83.33,-204.42,0
2491,90.91,-204.92,0
2502,90.91,-204.62,0
2513,90.91,-204.26,0
2525,83.33,-204.54,0
2537,83.33,-205.11,0
2548,90.91,-205.13,0
2560,83.33,-205.26,0
2571,90.91,-205.72,0
2582,90.91,-205.66,0
2593,90.91,-205.74,0
2606,76.92,-205.63,0
2617,90.91,-205.05,0
2628,90.91,-204.63,0
2639,90.91,-204.42,0
2651,83.33,-204.59,0
2663,90.91,-204.77,0
2674,83.33,-205.03,0
2685,90.91,-204.98,0
2697,83.33,-205.28,0
2708,90.91,-205.56,0
2719,90.91,-204.98,0
2732,83.33,-205.06,0
2743,90.91,-205.26,0
2754,90.91,-205.56,0
2765,90.91,-205.18,0
2777,83.33,-204.38,0
2788,90.91,-204.15,0
2800,83.33,-204.85,0
2811,90.91,-205.13,0
2823,83.33,-205.13,0
2834,90.91,-205.33,0
2845,90.91,-205.26,0
2856,90.91,-205.87,0
2869,76.92,-205.75,0
2880,90.91,-205.46,0
2891,90.91,-205.48,0
2903,83.33,-205.17,0
2914,90.91,-204.59,0
2925,90.91,-204.49,0
2937,83.33,-205.63,0
2949,83.33,-205.35,0
2960,90.91,-205.03,0
2971,90.91,-205.14,0
2982,90.91,-205.95,0
2994,83.33,-206.04,0
3006,83.33,-205.85,0
3017,90.91,-205.81,0
3028,90.91,-205.47,0
3040,83.33,-205.29,0
3051,90.91,-205.27,0
3062,90.91,-204.79,0
3075,76.92,-204.71,0
3086,90.91,-204.47,0
3097,90.91,-203.86,0
3108,90.91,-204.22,0
3120,83.33,-204.53,0
3132,90.91,-204.60,0
3143,83.33,-205.28,0
3154,90.91,-205.37,0
3166,83.33,-205.44,0
3177,90.91,-205.20,0
3188,90.91,-205.01,0
3201,83.33,-205.11,0
3212,83.33,-205.19,0
3223,90.91,-204.65,0
3234,90.91,-204.62,0
3246,83.33,-204.49,0
3257,90.91,-205.29,0
3269,83.33,-205.34,0
3280,90.91,-205.12,0
3292,83.33,-205.37,0
3303,90.91,-205.67,0
3314,90.91,-205.74,0
3325,90.91,-205.36,0
3338,76.92,-204.61,0
3349,90.91,-204.48,0
3360,90.91,-204.62,0
3372,83.33,-204.61,0
3383,90.91,-204.33,0
3394,90.91,-204.88,0
3406,83.33,-205.64,0
3418,83.33,-205.57,0
3429,90.91,-205.60,0
3440,90.91,-205.15,0
3451,90.91,-205.37,0
3463,83.33,-205.21,0
3475,83.33,-205.15,0
3486,90.91,-204.71,0
3497,90.91,-205.10,0
3509,83.33,-205.27,0
3520,90.91,-205.04,0
3531,90.91,-204.68,0
3544,76.92,-204.72,0
3555,90.91,-204.62,0
3566,90.91,-205.20,0
3577,90.91,-205.91,0
3589,83.33,-205.83,0
3600,90.91,-205.25,0
3612,83.33,-205.35,0
3623,90.91,-204.93,0
3635,83.33,-204.22,0
3646,90.91,-204.33,0
3657,90.91,-204.53,0
3670,90.91,-204.68,0
3681,76.92,-204.97,0
3692,90.91,-205.00,0
3703,90.91,-205.99,0
3715,83.33,-206.42,0
3726,90.91,-206.18,0
3738,90.91,-205.52,0
3749,83.33,-204.82,0
3761,83.33,-204.58,0
3772,90.91,-204.72,0
3783,90.91,-204.81,0
3794,90.91,-204.43,0
3807,76.92,-205.00,0
3818,90.91,-205.02,0
3829,90.91,-205.44,0
3841,83.33,-205.67,0
3852,90.91,-206.26,0
3863,90.91,-206.01,0
3875,83.33,-205.47,0
3887,83.33,-205.21,0
3898,90.91,-205.02,0
3909,90.91,-204.94,0
3920,90.91,-204.70,0
3932,83.33,-204.22,0
3944,83.33,-204.24,0
3955,90.91,-204.61,0
3966,90.91,-205.29,0
3978,83.33,-205.54,0
3989,90.91,-205.43,0
4000,90.91,-205.56,0
4013,76.92,-205.14,0
4024,90.91,-205.37,0
4035,90.91,-205.37,0
4046,90.91,-205.59,0
4058,83.33,-204.92,0
4069,90.91,-204.57,0
4081,83.33,-204.20,0
4092,90.91,-204.67,0
4104,83.33,-204.93,0
4115,90.91,-204.80,0
4126,90.91,-205.11,0
4137,90.91,-206.11,0
4150,76.92,-206.12,0
4161,90.91,-206.02,0
4172,90.91,-205.16,0
4184,83.33,-204.30,0
4195,90.91,-204.45,0
4207,90.91,-204.16,0
4218,83.33,-204.33,0
4230,83.33,-204.62,0
4241,90.91,-204.57,0
4252,90.91,-204.40,0
4263,90.91,-205.70,0
4276,76.92,-206.09,0
4287,90.91,-205.96,0
4298,90.91,-205.40,0
4310,83.33,-205.53,0
4321,90.91,-205.09,0
4332,90.91,-205.16,0
4344,83.33,-205.05,0
4356,83.33,-204.54,0
4367,90.91,-205.13,0
4378,90.91,-205.16,0
4389,90.91,-204.72,0
4401,83.33,-204.87,0
4413,83.33,-205.36,0
4424,90.91,-205.69,0
4435,90.91,-205.84,0
4447,83.33,-205.85,0
4458,90.91,-204.83,0
4469,90.91,-204.58,0
4482,76.92,-204.31,0
4493,90.91,-204.44,0
4504,90.91,-204.62,0
4515,90.91,-205.05,0
4527,83.33,-205.32,0
4538,90.91,-205.18,0
4550,83.33,-205.54,0
4561,90.91,-205.43,0
4573,83.33,-205.54,0
4584,90.91,-205.74,0
4595,90.91,-205.52,0
4606,90.91,-205.39,0
4619,76.92,-205.47,0
4630,90.91,-205.11,0
4641,90.91,-204.85,0
4653,83.33,-204.98,0
4664,90.91,-204.93,0
4676,90.91,-204.91,0
4687,83.33,-204.82,0
4699,83.33,-205.08,0
4710,90.91,-205.26,0
4721,90.91,-205.52,0
4732,90.91,-205.39,0
4745,83.33,-205.35,0
4756,83.33,-205.14,0
4767,90.91,-204.91,0
4779,83.33,-204.70,0
4790,90.91,-204.81,0
4801,90.91,-205.01,0
4813,83.33,-204.69,0
4825,83.33,-204.72,0
4836,90.91,-204.86,0
4847,90.91,-205.57,0
4858,90.91,-205.42,0
4870,83.33,-205.25,0
4882,83.33,-205.17,0
4893,90.91,-204.90,0
4904,90.91,-204.87,0
4916,83.33,-205.27,0
4927,90.91,-205.16,0
4938,90.91,-205.11,0
4951,76.92,-204.79,0
4962,90.91,-204.65,0
4973,90.91,-205.19,0
4984,90.91,-205.71,0
4996,83.33,-205.88,0
5007,90.91,-205.79,0
5019,83.33,-205.65,0
5030,90.91,-205.17,0
5042,83.33,-204.85,0
5053,90.91,-204.49,0
5064,90.91,-204.66,0
5075,90.91,-204.69,0
5088,76.92,-204.59,0
5099,90.91,-204.58,0
5110,90.91,-205.28,0
5122,83.33,-205.49,0
5133,90.91,-205.11,0
5144,90.91,-205.29,0
5156,83.33,-205.82,0
5168,83.33,-205.46,0
5179,90.91,-204.73,0
5190,90.91,-204.88,0
5201,90.91,-204.56,0
5214,83.33,-204.74,0
5225,83.33,-204.53,0
5236,90.91,-204.38,0
5248,83.33,-204.94,0
5259,90.91,-205.25,0
5270,90.91,-205.46,0
5282,90.91,-205.95,0
5294,76.92,-206.12,0
5305,90.91,-205.67,0
5316,90.91,-205.44,0
5327,90.91,-205.32,0
5339,83.33,-204.62,0
5351,83.33,-204.67,0
5362,90.91,-204.54,0
5373,90.91,-204.36,0
5385,83.33,-204.57,0
5396,90.91,-205.34,0
5407,90.91,-205.58,0
5420,76.92,-205.09,0
5431,90.91,-205.17,0
5442,90.91,-206.05,0
5453,90.91,-206.12,0
5465,83.33,-204.92,0
5476,90.91,-204.09,0
5488,83.33,-204.65,0
5499,90.91,-204.70,0
5511,83.33,-204.96,0
5522,90.91,-204.94,0
5533,90.91,-205.77,0
5544,90.91,-205.53,0
5557,76.92,-205.85,0
5568,90.91,-205.73,0
5579,90.91,-206.30,0
5591,83.33,-205.92,0
5602,90.91,-205.29,0
5613,90.91,-204.50,0
5625,83.33,-205.06,0
5637,83.33,-205.43,0
5648,90.91,-205.16,0
5659,90.91,-204.34,0
5670,90.91,-204.40,0
5683,83.33,-204.48,0
5694,83.33,-204.88,0
5705,90.91,-205.43,0
5716,90.91,-205.71,0
5728,83.33,-205.36,0
5739,90.91,-205.20,0
5751,90.91,-205.66,0
5763,76.92,-205.22,0
5774,90.91,-204.99,0
5785,90.91,-204.32,0
5796,90.91,-204.53,0
5808,83.33,-204.53,0
5820,83.33,-205.26,0
5831,90.91,-205.83,0
5842,90.91,-205.59,0
5854,83.33,-205.74,0
5865,90.91,-205.44,0
5876,90.91,-204.85,0
5889,76.92,-204.51,0
5900,90.91,-204.96,0
5911,90.91,-205.07,0
5922,90.91,-204.83,0
5934,83.33,-204.57,0
5945,90.91,-204.91,0
5957,83.33,-205.47,0
5968,90.91,-205.30,0
5980,83.33,-205.70,0
5991,90.91,-206.11,0
6002,90.91,-205.64,0
6013,90.91,-204.67,0
6026,76.92,-205.08,0
6037,90.91,-204.66,0
6048,90.91,-204.40,0
6060,83.33,-204.99,0
6071,90.91,-205.11,0
6082,90.91,-205.15,0
6094,83.33,-204.73,0
6106,83.33,-204.84,0
6117,90.91,-205.40,0
6128,90.91,-205.41,0
6139,90.91,-205.40,0
6151,83.33,-205.60,0
6163,83.33,-205.50,0
6174,90.91,-205.19,0
6185,90.91,-204.04,0
6197,83.33,-204.39,0
6208,90.91,-205.01,0
6220,90.91,-205.07,0
6232,76.92,-205.27,0
6243,90.91,-205.53,0
6254,90.91,-205.18,0
6265,90.91,-205.33,0
6277,83.33,-204.99,0
6289,83.33,-205.03,0
6300,90.91,-204.91,0
6311,90.91,-204.85,0
6323,83.33,-204.76,0
6334,90.91,-204.81,0
6345,90.91,-205.26,0
6358,76.92,-205.04,0
6369,90.91,-205.22,0
6380,90.91,-204.96,0
6391,90.91,-204.99,0
6403,83.33,-205.09,0
6414,90.91,-205.36,0
6426,83.33,-205.43,0
6437,90.91,-205.21,0
6449,83.33,-205.18,0
6460,90.91,-204.91,0
6471,90.91,-205.47,0
6482,90.91,-205.33,0
6495,76.92,-204.84,0
6506,90.91,-204.89,0
6517,90.91,-204.98,0
6529,83.33,-205.02,0
6540,90.91,-205.45,0
6551,90.91,-205.40,0
6563,83.33,-206.06,0
6575,83.33,-206.08,0
6586,90.91,-206.04,0
6597,90.91,-205.40,0
6608,90.91,-205.35,0
6621,83.33,-205.58,0
6632,83.33,-205.45,0
6643,90.91,-204.97,0
6654,90.91,-204.46,0
6666,83.33,-204.46,0
6677,90.91,-204.81,0
6689,90.91,-205.55,0
6701,76.92,-205.91,0
6712,90.91,-205.35,0
6723,90.91,-204.87,0
6734,90.91,-205.37,0
6746,83.33,-205.17,0
6758,83.33,-204.83,0
6769,90.91,-205.00,0
6780,90.91,-204.72,0
6792,83.33,-204.87,0
6803,90.91,-204.43,0
6814,90.91,-204.76,0
6827,76.92,-205.07,0
6838,90.91,-204.78,0
6849,90.91,-204.88,0
6860,90.91,-205.24,0
6872,83.33,-205.24,0
6883,90.91,-205.27,0
6895,83.33,-205.17,0
6906,90.91,-205.03,0
6918,83.33,-204.65,0
6929,90.91,-204.61,0
6940,90.91,-204.51,0
6951,90.91,-204.53,0
6964,76.92,-204.98,0
6975,90.91,-204.97,0
6986,90.91,-205.23,0
6998,83.33,-205.50,0
7009,90.91,-205.95,0
7020,90.91,-205.83,0
7032,83.33,-205.54,0
7044,83.33,-205.25,0
7055,90.91,-204.75,0
7066,90.91,-204.63,0
7077,90.91,-204.84,0
7090,83.33,-204.91,0
7101,83.33,-204.98,0
7112,90.91,-205.23,0
7123,90.91,-205.12,0
7135,83.33,-205.14,0
7146,90.91,-205.22,0
7158,83.33,-205.47,0
7170,83.33,-205.66,0
7181,90.91,-205.09,0
7192,90.91,-204.96,0
7203,90.91,-205.07,0
7215,83.33,-204.97,0
7227,83.33,-204.44,0
7238,90.91,-204.70,0
7249,90.91,-205.09,0
7261,83.33,-205.18,0
7272,90.91,-205.11,0
7283,90.91,-205.20,0
7296,76.92,-205.02,0
7307,90.91,-204.90,0
7318,90.91,-205.34,0
7329,90.91,-205.28,0
7341,83.33,-204.67,0
7352,90.91,-204.80,0
7364,83.33,-205.03,0
7375,90.91,-204.51,0
7387,83.33,-204.82,0
7398,90.91,-205.29,0
7409,90.91,-205.16,0
7420,90.91,-205.33,0
7433,76.92,-205.41,0
7444,90.91,-205.37,0
7455,90.91,-205.35,0
7467,83.33,-205.25,0
7478,90.91,-204.85,0
7490,90.91,-204.89,0
7501,83.33,-204.92,0
7513,83.33,-204.74,0
7524,90.91,-204.25,0
7535,90.91,-204.73,0
7546,90.91,-205.26,0
7559,76.92,-205.32,0
7570,90.91,-205.63,0
7581,90.91,-205.83,0
7592,90.91,-205.94,0
7604,83.33,-205.29,0
7615,90.91,-204.84,0
7627,83.33,-204.36,0
7639,83.33,-204.68,0
7650,90.91,-204.66,0
7661,90.91,-204.43,0
7672,90.91,-204.25,0
7684,83.33,-204.42,0
7696,83.33,-205.14,0
7707,90.91,-205.74,0
7718,90.91,-205.29,0
7730,83.33,-205.41,0
7741,90.91,-205.95,0
7752,90.91,-205.72,0
7764,83.33,-205.23,0
7776,83.33,-204.88,0
7787,90.91,-205.13,0
7798,90.91,-204.91,0
7810,83.33,-204.78,0
7821,90.91,-205.35,0
7833,83.33,-204.88,0
7844,90.91,-205.55,0
7856,83.33,-205.72,0
7867,90.91,-205.89,0
7878,90.91,-205.65,0
7890,90.91,-205.32,0
7902,76.92,-205.34,0
7913,90.91,-205.41,0
7924,90.91,-204.99,0
7936,83.33,-205.23,0
7947,90.91,-205.49,0
7959,90.91,-205.24,0
7970,83.33,-205.08,0
7982,83.33,-205.12,0
7993,90.91,-205.10,0
8004,90.91,-205.76,0
8015,90.91,-206.05,0
8028,76.92,-205.62,0
8039,90.91,-205.60,0
8050,90.91,-205.42,0
8061,90.91,-205.45,0
8073,83.33,-205.73,0
8084,90.91,-205.11,0
8096,83.33,-204.52,0
8108,83.33,-204.65,0
8119,90.91,-205.06,0
8130,90.91,-205.56,0
8141,90.91,-205.25,0
8153,83.33,-205.38,0
8165,83.33,-205.32,0
8176,90.91,-205.09,0
8187,90.91,-205.38,0
8199,83.33,-205.00,0
8210,90.91,-204.58,0
8221,90.91,-204.32,0
8233,83.33,-204.66,0
8245,83.33,-204.53,0
8256,90.91,-204.56,0
8267,90.91,-205.11,0
8279,83.33,-205.64,0
8291,90.91,-205.60,0
8302,83.33,-205.31,0
8313,90.91,-205.39,0
8325,83.33,-205.30,0
8336,90.91,-205.26,0
8347,90.91,-205.28,0
8359,90.91,-205.36,0
8371,76.92,-205.06,0
8382,90.91,-205.03,0
8393,90.91,-204.86,0
8404,90.91,-204.73,0
8416,83.33,-204.98,0
8428,83.33,-205.66,0
8439,90.91,-205.62,0
8451,83.33,-205.17,0
8462,90.91,-204.79,0
8473,90.91,-205.06,0
8484,90.91,-205.45,0
8497,76.92,-204.96,0
8508,90.91,-204.68,0
8519,90.91,-204.34,0
8530,90.91,-204.42,0
8542,83.33,-205.00,0
8553,90.91,-205.19,0
8565,83.33,-205.06,0
8577,83.33,-205.02,0
8588,90.91,-205.09,0
8599,90.91,-205.09,0
8610,90.91,-204.82,0
8622,83.33,-204.90,0
8634,83.33,-205.05,0
8645,90.91,-205.08,0
8656,90.91,-204.46,0
8668,83.33,-204.46,0
8679,90.91,-204.61,0
8690,90.91,-204.78,0
8702,83.33,-204.87,0
8714,83.33,-205.20,0
8725,90.91,-204.94,0
8736,90.91,-205.42,0
8748,83.33,-205.55,0
8760,90.91,-205.28,0
8771,83.33,-205.30,0
8782,90.91,-205.10,0
8794,83.33,-204.75,0
8805,90.91,-204.86,0
8816,90.91,-204.85,0
8828,90.91,-204.70,0
8840,76.92,-205.29,0
8851,90.91,-205.39,0
8862,90.91,-205.57,0
8873,90.91,-205.45,0
8885,83.33,-205.58,0
8897,83.33,-205.31,0
8908,90.91,-205.28,0
8920,83.33,-204.81,0
8931,90.91,-204.33,0
8942,90.91,-204.55,0
8953,90.91,-205.14,0
8966,76.92,-204.94,0
8977,90.91,-204.63,0
8988,90.91,-205.71,0
8999,90.91,-205.86,0
9011,83.33,-205.72,0
9022,90.91,-205.70,0
9034,83.33,-205.57,0
9046,83.33,-205.42,0
9057,90.91,-205.26,0
9068,90.91,-205.28,0
9079,90.91,-204.56,0
9091,83.33,-205.40,0
9103,83.33,-205.45,0
9114,90.91,-204.97,0
9125,90.91,-204.96,0
9137,83.33,-204.86,0
9148,90.91,-205.33,0
9159,90.91,-205.52,0
9171,83.33,-205.28,0
9183,83.33,-205.28,0
9194,90.91,-204.91,0
9205,90.91,-205.11,0
9217,83.33,-204.56,0
9229,90.91,-204.17,0
9240,83.33,-204.28,0
9251,90.91,-205.08,0
9263,83.33,-205.26,0
9274,90.91,-205.41,0
9285,90.91,-205.39,0
9297,90.91,-205.68,0
9309,76.92,-205.99,0
9320,90.91,-205.61,0
9331,90.91,-205.31,0
9342,90.91,-204.81,0
9354,83.33,-204.50,0
9366,83.33,-204.22,0
9377,90.91,-204.50,0
9389,83.33,-205.06,0
9400,90.91,-204.85,0
9411,90.91,-204.63,0
9422,90.91,-204.45,0
9435,76.92,-205.35,0
9446,90.91,-205.52,0
9457,90.91,-205.17,0
9468,90.91,-205.71,0
9480,83.33,-205.79,0
9491,90.91,-205.09,0
9503,83.33,-204.42,0
9515,83.33,-204.90,0
9526,90.91,-205.46,0
9537,90.91,-205.20,0
9548,90.91,-204.89,0
9560,83.33,-204.98,0
9572,83.33,-205.56,0
9583,90.91,-205.72,0
9594,90.91,-205.28,0
9606,83.33,-205.24,0
9617,90.91,-205.54,0
9628,90.91,-205.36,0
9640,83.33,-204.94,0
9652,83.33,-204.46,0
9663,90.91,-203.99,0
9674,90.91,-204.48,0
9686,83.33,-204.49,0
9698,90.91,-205.13,0
9709,83.33,-205.06,0
9720,90.91,-205.98,0
9732,83.33,-206.30,0
9743,90.91,-206.20,0
9754,90.91,-205.61,0
9766,83.33,-205.00,0
9778,83.33,-204.64,0
9789,90.91,-204.76,0
9800,90.91,-204.90,0
9811,90.91,-204.42,0
9823,83.33,-204.46,0
9835,83.33,-204.53,0
9846,90.91,-205.19,0
9858,83.33,-205.65,0
9869,90.91,-205.48,0
9880,90.91,-205.39,0
9891,90.91,-205.52,0
9904,76.92,-205.33,0
9915,90.91,-205.05,0
9926,90.91,-204.83,0
9937,90.91,-204.68,0
9949,83.33,-204.77,0
9960,90.91,-205.14,0
9972,83.33,-204.86,0
9984,83.33,-205.17,0
9995,90.91,-205.61,0
10006,90.91,-205.67,0
10017,90.91,-205.22,0
10029,83.33,-205.46,0
10041,83.33,-205.47,0
10052,90.91,-205.28,0
10063,90.91,-204.83,0
10075,83.33,-204.78,0
10086,90.91,-204.51,0
10097,90.91,-205.13,0
10109,83.33,-204.73,0
10121,83.33,-205.04,0
10132,90.91,-205.09,0
10143,90.91,-205.49,0
10155,83.33,-205.44,0
10167,90.91,-205.92,0
10178,83.33,-206.33,0
10189,90.91,-205.41,0
10201,83.33,-205.02,0
10212,90.91,-204.30,0
10223,90.91,-204.34,0
10235,83.33,-204.49,0
10247,83.33,-204.78,0
10258,90.91,-205.06,0
10269,90.91,-205.25,0
10280,90.91,-204.90,0
10292,83.33,-205.54,0
10304,83.33,-206.42,0
10315,90.91,-205.98,0
10327,83.33,-205.64,0
10338,90.91,-204.81,0
10349,90.91,-203.95,0
10360,90.91,-204.62,0
10373,76.92,-204.46,0
10384,90.91,-204.82,0
10395,90.91,-205.15,0
10406,90.91,-205.43,0
10418,83.33,-205.49,0
10429,90.91,-205.26,0
10441,83.33,-205.46,0
10452,90.91,-205.59,0
10464,83.33,-205.49,0
10475,90.91,-205.10,0
10486,90.91,-205.00,0
10498,83.33,-204.77,0
10510,83.33,-204.51,0
10521,90.91,-204.78,0
10532,90.91,-204.41,0
10544,83.33,-204.50,0
10555,90.91,-204.49,0
10566,90.91,-205.23,0
10578,83.33,-205.89,0
10590,83.33,-205.89,0
10601,90.91,-205.11,0
10612,90.91,-205.01,0
10624,83.33,-205.58,0
10636,90.91,-205.47,0
10647,83.33,-204.97,0
10658,90.91,-203.99,0
10670,83.33,-203.96,0
10681,90.91,-204.52,0
10692,90.91,-205.25,0
10704,83.33,-205.58,0
10716,83.33,-205.71,0
10727,90.91,-205.31,0
10738,90.91,-205.07,0
10749,90.91,-205.40,0
10761,83.33,-205.69,0
10773,83.33,-205.71,0
10784,90.91,-204.86,0
10796,83.33,-204.77,0
10807,90.91,-204.84,0
10818,90.91,-204.08,0
10829,90.91,-204.93,0
10842,76.92,-205.78,0
10853,90.91,-205.87,0
10864,90.91,-205.34,0
10875,90.91,-205.54,0
10887,83.33,-205.44,0
10898,90.91,-204.94,0
10910,83.33,-205.45,0
10921,90.91,-205.72,0
10933,83.33,-204.88,0
10944,90.91,-204.23,0
10955,90.91,-204.06,0
10967,83.33,-204.42,0
10979,83.33,-205.04,0
10990,90.91,-205.01,0
11001,90.91,-205.28,0
11013,83.33,-205.67,0
11024,90.91,-205.39,0
11035,90.91,-205.02,0
11047,83.33,-205.03,0
11059,83.33,-204.76,0
11070,90.91,-204.56,0
11081,90.91,-204.38,0
11092,90.91,-204.05,0
11105,83.33,-204.26,0
11116,83.33,-204.12,0
11127,90.91,-204.81,0
11139,83.33,-205.37,0
11150,90.91,-205.84,0
11161,90.91,-205.50,0
11173,90.91,-205.71,0
11185,76.92,-206.01,0
11196,90.91,-205.66,0
11207,90.91,-205.05,0
11218,90.91,-204.51,0
11230,83.33,-204.19,0
11242,83.33,-204.46,0
11253,90.91,-204.57,0
11265,83.33,-204.71,0
11276,90.91,-205.54,0
11287,90.91,-205.65,0
11298,90.91,-205.98,0
11311,76.92,-206.09,0
11322,90.91,-206.06,0
11333,90.91,-206.17,0
11344,90.91,-205.36,0
11356,83.33,-204.55,0
11367,90.91,-204.39,0
11379,83.33,-204.20,0
11390,90.91,-204.68,0
11402,83.33,-204.60,0
11413,90.91,-204.25,0
11424,90.91,-205.68,0
11436,83.33,-206.12,0
11448,83.33,-206.07,0
11459,90.91,-206.04,0
11470,90.91,-205.62,0
11482,83.33,-205.62,0
11493,90.91,-204.60,0
11504,90.91,-204.11,0
11516,83.33,-203.79,0
11528,83.33,-204.14,0
11539,90.91,-204.16,0
11550,90.91,-204.75,0
11561,90.91,-205.04,0
11574,83.33,-205.04,0
11585,83.33,-205.62,0
11596,90.91,-205.88,0
11608,83.33,-205.68,0
11619,90.91,-205.20,0
11630,90.91,-205.27,0
11642,90.91,-204.81,0
11654,76.92,-204.64,0
11665,90.91,-203.98,0
11676,90.91,-204.32,0
11687,90.91,-204.76,0
11699,83.33,-205.04,0
11711,83.33,-205.49,0
11722,90.91,-205.44,0
11734,83.33,-205.91,0
11745,90.91,-205.55,0
11756,90.91,-205.33,0
11767,90.91,-204.85,0
11780,76.92,-204.89,0
11791,90.91,-204.43,0
11802,90.91,-204.35,0
11813,90.91,-204.61,0
11825,83.33,-204.26,0
11836,90.91,-204.91,0
11848,83.33,-205.64,0
11859,90.91,-205.41,0
11871,83.33,-205.64,0
11882,90.91,-205.50,0
11893,90.91,-205.45,0
11905,83.33,-205.53,0
11917,83.33,-205.11,0
11928,90.91,-204.95,0
11939,90.91,-204.84,0
11951,83.33,-204.17,0
11962,90.91,-204.03,0
11973,90.91,-204.13,0
11985,83.33,-204.79,0
11997,83.33,-205.51,0
12008,90.91,-205.76,0
12019,90.91,-205.89,0
12030,90.91,-205.54,0
12043,83.33,-205.66,0
12054,83.33,-204.94,0
12065,90.91,-204.39,0
12077,83.33,-204.41,0
12088,90.91,-203.83,0
12099,90.91,-203.93,0
12111,90.91,-204.36,0
12123,76.92,-204.80,0
12134,90.91,-205.17,0
12145,90.91,-205.47,0
12156,90.91,-205.67,0
12168,83.33,-205.70,0
12180,83.33,-205.52,0
12191,90.91,-204.72,0
12203,83.33,-204.34,0
12214,90.91,-204.02,0
12225,90.91,-204.02,0
12236,90.91,-204.45,0
12249,76.92,-204.61,0
12260,90.91,-205.26,0
12271,90.91,-205.12,0
12282,90.91,-205.43,0
12294,83.33,-205.65,0
12305,90.91,-205.30,0
12317,83.33,-205.32,0
12328,90.91,-205.10,0
12340,83.33,-204.87,0
12351,90.91,-205.09,0
12362,90.91,-204.82,0
12374,83.33,-204.48,0
12386,83.33,-204.57,0
12397,90.91,-204.72,0
12408,90.91,-204.56,0
12420,83.33,-205.45,0
12431,90.91,-205.88,0
12442,90.91,-205.62,0
12454,83.33,-205.04,0
12466,83.33,-204.59,0
12477,90.91,-204.86,0
12488,90.91,-204.82,0
12499,90.91,-204.27,0
12512,83.33,-204.71,0
12523,83.33,-204.97,0
12534,90.91,-204.66,0
12546,83.33,-204.77,0
12557,90.91,-205.09,0
12568,90.91,-205.14,0
12580,83.33,-206.33,0
12592,83.33,-206.22,0
12603,90.91,-205.80,0
12614,90.91,-205.68,0
12625,90.91,-205.09,0
12637,83.33,-204.87,0
12649,83.33,-204.45,0
12660,90.91,-204.77,0
12672,83.33,-204.67,0
12683,90.91,-204.31,0
12694,90.91,-205.02,0
12705,90.91,-205.34,0
12718,76.92,-204.91,0
12729,90.91,-205.47,0
12740,90.91,-205.61,0
12751,90.91,-205.08,0
12763,83.33,-204.96,0
12774,90.91,-204.95,0
12786,83.33,-204.83,0
12797,90.91,-205.15,0
12809,83.33,-204.59,0
12820,90.91,-203.76,0
12831,90.91,-204.50,0
12843,83.33,-204.99,0
12855,83.33,-205.32,0
12866,90.91,-205.84,0
12877,90.91,-205.37,0
12889,83.33,-205.75,0
12900,90.91,-205.05,0
12912,90.91,-204.54,0
12923,83.33,-204.00,0
12935,83.33,-204.52,0
12946,90.91,-204.63,0
12957,90.91,-205.07,0
12968,90.91,-205.07,0
12981,83.33,-205.30,0
12992,83.33,-205.49,0
13003,90.91,-205.62,0
13015,83.33,-205.37,0
13026,90.91,-206.09,0
13037,90.91,-205.45,0
13049,83.33,-205.52,0
13061,83.33,-205.27,0
13072,90.91,-204.86,0
13083,90.91,-204.33,0
13094,90.91,-204.21,0
13106,83.33,-204.60,0
13118,83.33,-205.77,0
13129,90.91,-205.75,0
13140,90.91,-205.45,0
13152,83.33,-205.40,0
13163,90.91,-205.93,0
13174,90.91,-205.19,0
13187,76.92,-204.61,0
13198,90.91,-204.72,0
13209,90.91,-204.25,0
13220,90.91,-204.97,0
13232,83.33,-205.14,0
13243,90.91,-205.60,0
13255,83.33,-204.96,0
13266,90.91,-204.50,0
13278,83.33,-204.71,0
13289,90.91,-205.14,0
13300,90.91,-205.13,0
13312,83.33,-205.26,0
13324,83.33,-205.46,0
13335,90.91,-204.85,0
13346,90.91,-204.45,0
13358,83.33,-204.65,0
13369,90.91,-204.59,0
13381,90.91,-205.00,0
13392,83.33,-204.91,0
13404,83.33,-204.74,0
13415,90.91,-204.92,0
13426,90.91,-204.96,0
13437,90.91,-205.10,0
13450,76.92,-204.83,0
13461,90.91,-204.97,0
13472,90.91,-205.10,0
13484,83.33,-204.65,0
13495,90.91,-204.94,0
13506,90.91,-204.81,0
13518,83.33,-204.58,0
13530,83.33,-204.54,0
13541,90.91,-204.41,0
13552,90.91,-204.82,0
13563,90.91,-205.28,0
13575,83.33,-205.74,0
13587,83.33,-205.61,0
13598,90.91,-205.49,0
13609,90.91,-205.83,0
13621,83.33,-205.28,0
13632,90.91,-204.48,0
13643,90.91,-204.32,0
13656,76.92,-204.40,0
13667,90.91,-204.33,0
13678,90.91,-204.85,0
13689,90.91,-205.67,0
13701,83.33,-205.93,0
13712,90.91,-205.53,0
13724,83.33,-205.90,0
13735,90.91,-205.75,0
13747,83.33,-205.35,0
13758,90.91,-205.14,0
13769,90.91,-204.58,0
13780,90.91,-204.65,0
13793,76.92,-205.05,0
13804,90.91,-204.96,0
13815,90.91,-205.07,0
13827,83.33,-205.13,0
13838,90.91,-205.80,0
13850,90.91,-206.17,0
13861,83.33,-205.81,0
13873,83.33,-205.75,0
13884,90.91,-205.27,0
13895,90.91,-205.11,0
13906,90.91,-204.73,0
13919,76.92,-204.97,0
13930,90.91,-204.72,0
13941,90.91,-204.85,0
13953,83.33,-204.43,0
13964,90.91,-205.10,0
13975,90.91,-205.35,0
13987,83.33,-205.41,0
13999,83.33,-205.59,0
14010,90.91,-205.45,0
14021,90.91,-205.76,0
14032,90.91,-205.92,0
14044,83.33,-204.92,0
14056,83.33,-204.68,0
14067,90.91,-204.86,0
14078,90.91,-204.52,0
14090,83.33,-204.85,0
14101,90.91,-205.05,0
14112,90.91,-205.36,0
14125,76.92,-205.59,0
14136,90.91,-205.41,0
14147,90.91,-205.36,0
14158,90.91,-204.77,0
14170,83.33,-204.82,0
14181,90.91,-205.13,0
14193,83.33,-205.02,0
14204,90.91,-204.84,0
14216,83.33,-204.92,0
14227,90.91,-204.66,0
14238,90.91,-204.52,0
14249,90.91,-204.68,0
14262,76.92,-205.44,0
14273,90.91,-205.24,0
14284,90.91,-205.17,0
14296,83.33,-204.88,0
14307,90.91,-205.40,0
14319,90.91,-205.27,0
14330,83.33,-205.54,0
14342,83.33,-205.37,0
14353,90.91,-204.44,0
14364,90.91,-204.51,0
14375,90.91,-205.13,0
14388,76.92,-204.65,0
14399,90.91,-204.83,0
14410,90.91,-204.90,0
14422,83.33,-205.24,0
14433,90.91,-205.87,0
14444,90.91,-206.14,0
14456,83.33,-205.92,0
14468,83.33,-205.60,0
14479,90.91,-205.36,0
14490,90.91,-204.41,0
14501,90.91,-204.46,0
14513,83.33,-204.30,0
14525,83.33,-204.64,0
14536,90.91,-204.97,0
14547,90.91,-205.23,0
14559,83.33,-205.79,0
14570,90.91,-205.83,0
14581,90.91,-206.28,0
14594,76.92,-205.46,0
14605,90.91,-205.02,0
14616,90.91,-204.86,0
14627,90.91,-204.68,0
14639,83.33,-204.81,0
14650,90.91,-204.73,0
14662,83.33,-204.87,0
14673,90.91,-204.67,0
14685,83.33,-205.32,0
14696,90.91,-205.55,0
14707,90.91,-205.76,0
14720,90.91,-205.87,0
14731,76.92,-205.77,0
14742,90.91,-205.39,0
14753,90.91,-205.05,0
14765,83.33,-204.59,0
14776,90.91,-204.55,0
14788,90.91,-205.24,0
14799,90.91,-204.85,0
14811,83.33,-204.51,0
14822,90.91,-204.51,0
14833,90.91,-205.25,0
14844,90.91,-206.00,0
14857,76.92,-205.79,0
14868,90.91,-205.27,0
14879,90.91,-205.04,0
14891,83.33,-205.65,0
14902,90.91,-205.05,0
14913,90.91,-204.58,0
14925,83.33,-204.49,0
14937,83.33,-204.08,0
14948,90.91,-203.91,0
14959,90.91,-204.22,0
14970,90.91,-204.49,0
14982,83.33,-204.98,0
14994,83.33,-205.58,0
15005,90.91,-206.29,0
15016,90.91,-206.40,0
15028,83.33,-205.54,0
15039,90.91,-204.91,0
15050,90.91,-204.68,0
15063,76.92,-204.48,0
15074,90.91,-204.12,0
15085,90.91,-204.02,0
15096,90.91,-204.34,0
15108,83.33,-205.07,0
15119,90.91,-205.23,0
15131,83.33,-205.07,0
15142,90.91,-205.38,0
15154,83.33,-205.41,0
15165,90.91,-206.16,0
15176,90.91,-206.17,0
15188,90.91,-205.36,0
15200,76.92,-204.82,0
15211,90.91,-203.68,0
15222,90.91,-203.78,0
15234,83.33,-204.76,0
15245,90.91,-205.28,0
15257,83.33,-204.92,0
15268,90.91,-205.16,0
15280,83.33,-205.75,0
15291,90.91,-205.82,0
15302,90.91,-205.58,0
15313,90.91,-205.40,0
15326,76.92,-205.85,0
15337,90.91,-205.06,0
15348,90.91,-204.28,0
15360,83.33,-204.08,0
15371,90.91,-204.24,0
15382,90.91,-204.42,0
15394,83.33,-204.44,0
15406,83.33,-204.78,0
15417,90.91,-205.94,0
15428,90.91,-206.69,0
15439,90.91,-206.50,0
15451,83.33,-205.30,0
15463,83.33,-204.89,0
15474,90.91,-204.86,0
15485,90.91,-204.60,0
15497,83.33,-204.55,0
15508,90.91,-204.03,0
15519,90.91,-204.42,0
15532,76.92,-204.98,0
15543,90.91,-204.87,0
15554,90.91,-204.60,0
15565,90.91,-204.84,0
15577,83.33,-205.31,0
15588,90.91,-205.63,0
15600,83.33,-205.60,0
15611,90.91,-205.16,0
15623,83.33,-205.04,0
15634,90.91,-204.53,0
15645,90.91,-204.81,0
15657,90.91,-204.21,0
15669,76.92,-204.03,0
15680,90.91,-204.82,0
15691,90.91,-205.29,0
15703,83.33,-205.50,0
15714,90.91,-205.43,0
15726,83.33,-205.83,0
15737,90.91,-206.22,0
15749,83.33,-206.06,0
15760,90.91,-205.69,0
15771,90.91,-205.11,0
15782,90.91,-204.42,0
15795,76.92,-204.45,0
15806,90.91,-204.22,0
15817,90.91,-204.36,0
15828,90.91,-204.80,0
15840,83.33,-205.43,0
15851,90.91,-206.40,0
15863,83.33,-206.15,0
15875,83.33,-205.34,0
15886,90.91,-205.45,0
15897,90.91,-205.60,0
15908,90.91,-205.20,0
15920,83.33,-205.03,0
15932,83.33,-204.67,0
15943,90.91,-204.68,0
15954,90.91,-204.47,0
15966,83.33,-204.01,0
15977,90.91,-204.69,0
15988,90.91,-205.72,0
16001,76.92,-206.40,0
16012,90.91,-206.17,0
16023,90.91,-206.00,0
16034,90.91,-205.78,0
16046,83.33,-204.93,0
16057,90.91,-204.74,0
16069,83.33,-204.51,0
16080,90.91,-204.14,0
16092,83.33,-204.43,0
16103,90.91,-205.06,0
16114,90.91,-205.14,0
16126,90.91,-205.16,0
16138,76.92,-205.76,0
16149,90.91,-205.98,0
16160,90.91,-206.18,0
16172,83.33,-206.06,0
16183,90.91,-205.50,0
16195,83.33,-204.78,0
16206,90.91,-204.91,0
16218,83.33,-204.86,0
16229,90.91,-204.00,0
16240,90.91,-204.23,0
16251,90.91,-204.04,0
16264,76.92,-204.31,0
16275,90.91,-204.93,0
16286,90.91,-205.35,0
16297,90.91,-205.47,0
16309,83.33,-205.97,0
16320,90.91,-206.06,0
16332,83.33,-205.66,0
16344,83.33,-205.47,0
16355,90.91,-204.63,0
16366,90.91,-203.88,0
16377,90.91,-204.03,0
16389,83.33,-204.00,0
16401,83.33,-204.32,0
16412,90.91,-204.77,0
16423,90.91,-205.44,0
16435,83.33,-205.66,0
16446,90.91,-205.78,0
16457,90.91,-205.06,0
16470,76.92,-205.05,0
16481,90.91,-205.20,0
16492,90.91,-205.25,0
16503,90.91,-204.58,0
16515,83.33,-204.87,0
16527,90.91,-204.99,0
16538,83.33,-204.83,0
16549,90.91,-204.70,0
16561,83.33,-205.40,0
16572,90.91,-205.88,0
16583,90.91,-206.08,0
16595,90.91,-205.85,0
16607,76.92,-205.24,0
16618,90.91,-205.21,0
16629,90.91,-204.73,0
16641,83.33,-204.97,0
16652,90.91,-205.08,0
16664,83.33,-204.17,0
16675,90.91,-204.58,0
16687,83.33,-204.66,0
16698,90.91,-204.80,0
16709,90.91,-205.35,0
16720,90.91,-205.48,0
16733,76.92,-206.15,0
16744,90.91,-205.91,0
16755,90.91,-205.62,0
16766,90.91,-205.22,0
16778,83.33,-205.01,0
16789,90.91,-204.29,0
16801,83.33,-204.23,0
16813,83.33,-204.10,0
16824,90.91,-204.89,0
16835,90.91,-205.98,0
16846,90.91,-205.46,0
16858,83.33,-205.69,0
16870,83.33,-205.76,0
16881,90.91,-205.88,0
16892,90.91,-205.63,0
16904,83.33,-205.09,0
16915,90.91,-204.92,0
16926,90.91,-205.06,0
16939,76.92,-204.47,0
16950,90.91,-204.11,0
16961,90.91,-204.96,0
16972,90.91,-205.32,0
16984,83.33,-205.27,0
16996,90.91,-205.17,0
17007,83.33,-205.34,0
17018,90.91,-205.49,0
17030,83.33,-205.16,0
17041,90.91,-205.54,0
17052,90.91,-205.58,0
17064,83.33,-205.29,0
17076,83.33,-204.35,0
17087,90.91,-204.33,0
17098,90.91,-204.84,0
17110,83.33,-204.79,0
17121,90.91,-205.33,0
17133,83.33,-205.42,0
17144,90.91,-205.43,0
17156,83.33,-205.73,0
17167,90.91,-205.21,0
17178,90.91,-204.75,0
17189,90.91,-204.80,0
17202,76.92,-204.81,0
17213,90.91,-204.73,0
17224,90.91,-204.46,0
17235,90.91,-204.97,0
17247,83.33,-204.73,0
17258,90.91,-204.41,0
17270,83.33,-204.96,0
17282,83.33,-205.64,0
17293,90.91,-206.25,0
17304,90.91,-205.96,0
17315,90.91,-205.92,0
17327,83.33,-205.42,0
17339,83.33,-205.58,0
17350,90.91,-205.07,0
17361,90.91,-204.05,0
17373,83.33,-204.57,0
17384,90.91,-205.05,0
17395,90.91,-204.87,0
17408,76.92,-205.20,0
17419,90.91,-205.46,0
17430,90.91,-205.36,0
17441,90.91,-205.36,0
17453,83.33,-205.20,0
17465,90.91,-205.69,0
17476,83.33,-205.64,0
17487,90.91,-205.38,0
17499,83.33,-204.84,0
17510,90.91,-204.19,0
17521,90.91,-203.80,0
17533,83.33,-204.38,0
17545,83.33,-204.57,0
17556,90.91,-204.83,0
17567,90.91,-205.09,0
17579,83.33,-205.46,0
17590,90.91,-205.79,0
17602,83.33,-206.42,0
17613,90.91,-206.02,0
17625,83.33,-205.22,0
17636,90.91,-205.33,0
17647,90.91,-204.58,0
17658,90.91,-204.61,0
17671,76.92,-204.63,0
17682,90.91,-204.89,0
17693,90.91,-205.24,0
17704,90.91,-205.71,0
17716,83.33,-205.90,0
17727,90.91,-205.67,0
17739,83.33,-205.55,0
17751,83.33,-205.42,0
17762,90.91,-204.91,0
17773,90.91,-203.88,0
17784,90.91,-204.46,0
17796,83.33,-204.15,0
17808,83.33,-204.06,0
17819,90.91,-204.36,0
17830,90.91,-204.82,0
17842,83.33,-204.80,0
17853,90.91,-205.09,0
17864,90.91,-204.95,0
17876,83.33,-205.59,0
17888,83.33,-205.87,0
17899,90.91,-205.85,0
17910,90.91,-205.51,0
17922,83.33,-205.13,0
17934,90.91,-204.64,0
17945,83.33,-204.61,0
17956,90.91,-204.69,0
17968,83.33,-204.76,0
17979,90.91,-205.40,0
17990,90.91,-205.33,0
18002,90.91,-205.20,0
18014,83.33,-205.87,0
18025,90.91,-205.83,0
18036,90.91,-206.19,0
18048,83.33,-205.99,0
18059,90.91,-205.04,0
18071,83.33,-204.75,0
18082,90.91,-204.15,0
18094,83.33,-204.11,0
18105,90.91,-204.51,0
18116,90.91,-204.59,0
18127,90.91,-205.75,0
18140,76.92,-205.95,0
18151,90.91,-206.02,0
18162,90.91,-205.97,0
18173,90.91,-206.11,0
18185,83.33,-205.75,0
18196,90.91,-204.98,0
18208,83.33,-204.63,0
18220,83.33,-204.43,0
18231,90.91,-204.37,0
18242,90.91,-204.45,0
18253,90.91,-204.53,0
18265,83.33,-204.74,0
18277,83.33,-205.46,0
18288,90.91,-205.89,0
18299,90.91,-206.01,0
18311,83.33,-205.98,0
18322,90.91,-205.71,0
18333,90.91,-205.30,0
18345,83.33,-204.51,0
18357,83.33,-204.65,0
18368,90.91,-204.60,0
18379,90.91,-204.14,0
18391,83.33,-204.18,0
18403,90.91,-204.48,0
18414,83.33,-205.21,0
18425,90.91,-205.91,0
18437,83.33,-206.30,0
18448,90.91,-206.47,0
18459,90.91,-205.51,0
18471,83.33,-205.58,0
18483,83.33,-205.14,0
18494,90.91,-204.49,0
18505,90.91,-204.36,0
18516,90.91,-203.58,0
18528,83.33,-203.73,0
18540,83.33,-204.57,0
18551,90.91,-204.91,0
18563,83.33,-205.57,0
18574,90.91,-205.80,0
18585,90.91,-206.12,0
18596,90.91,-206.20,0
18609,76.92,-205.86,0
18620,90.91,-205.46,0
18631,90.91,-205.01,0
18642,90.91,-204.96,0
18654,83.33,-204.24,0
18665,90.91,-204.20,0
18677,83.33,-204.24,0
18689,83.33,-204.47,0
18700,90.91,-205.38,0
18711,90.91,-205.58,0
18722,90.91,-205.47,0
18734,83.33,-206.06,0
18746,83.33,-206.44,0
18757,90.91,-206.38,0
18768,90.91,-205.69,0
18780,83.33,-205.11,0
18791,90.91,-204.46,0
18802,90.91,-203.65,0
18814,83.33,-204.03,0
18826,83.33,-204.24,0
18837,90.91,-204.82,0
18848,90.91,-205.34,0
18860,83.33,-205.55,0
18872,90.91,-205.87,0
18883,83.33,-205.72,0
18894,90.91,-205.75,0
18906,83.33,-205.94,0
18917,90.91,-205.09,0
18928,90.91,-204.58,0
18940,83.33,-204.39,0
18952,83.33,-204.56,0
18963,90.91,-204.49,0
18974,90.91,-204.53,0
18985,90.91,-204.91,0
18997,83.33,-205.60,0
19009,83.33,-205.81,0
19020,90.91,-205.87,0
19032,83.33,-206.00,0
19043,90.91,-205.63,0
19054,90.91,-204.73,0
19065,90.91,-204.87,0
19078,76.92,-204.36,0
19089,90.91,-204.20,0
19100,90.91,-203.95,0
19111,90.91,-204.50,0
19123,83.33,-204.97,0
19134,90.91,-205.27,0
19146,83.33,-205.60,0
19158,83.33,-206.27,0
19169,90.91,-206.43,0
19180,90.91,-206.25,0
19191,90.91,-205.46,0
19203,83.33,-204.91,0
19215,83.33,-204.68,0
19226,90.91,-203.84,0
19237,90.91,-204.16,0
19249,83.33,-203.91,0
19260,90.91,-204.56,0
19271,90.91,-205.34,0
19283,83.33,-205.78,0
19295,83.33,-205.93,0
19306,90.91,-206.03,0
19317,90.91,-206.21,0
19329,83.33,-205.78,0
19341,90.91,-205.26,0
19352,83.33,-204.98,0
19363,90.91,-204.58,0
19375,83.33,-203.97,0
19386,90.91,-204.14,0
19397,90.91,-204.08,0
19409,83.33,-204.74,0
19421,83.33,-205.49,0
19432,90.91,-205.92,0
19443,90.91,-205.93,0
19454,90.91,-205.97,0
19466,83.33,-205.67,0
19478,83.33,-205.31,0
19489,90.91,-205.77,0
19501,83.33,-205.32,0
19512,90.91,-204.43,0
19523,90.91,-204.11,0
19534,90.91,-204.22,0
19547,76.92,-204.49,0
19558,90.91,-204.49,0
19569,90.91,-205.34,0
19580,90.91,-205.62,0
19592,83.33,-206.22,0
19603,90.91,-205.94,0
19615,83.33,-205.98,0
19627,83.33,-205.39,0
19638,90.91,-204.90,0
19649,90.91,-204.06,0
19660,90.91,-204.01,0
19672,83.33,-203.66,0
19684,83.33,-204.01,0
19695,90.91,-204.72,0
19706,90.91,-205.86,0
19718,83.33,-206.21,0
19729,90.91,-206.46,0
19741,90.91,-206.37,0
19752,83.33,-205.72,0
19764,83.33,-205.30,0
19775,90.91,-205.21,0
19786,90.91,-203.96,0
19798,83.33,-203.57,0
19810,90.91,-204.49,0
19821,83.33,-204.92,0
19832,90.91,-204.48,0
19844,83.33,-204.91,0
19855,90.91,-205.19,0
19866,90.91,-205.89,0
19878,83.33,-206.44,0
19890,83.33,-206.12,0
19901,90.91,-205.79,0
19912,90.91,-205.34,0
19923,90.91,-205.12,0
19935,83.33,-204.49,0
19947,83.33,-204.20,0
19958,90.91,-204.10,0
19970,83.33,-204.67,0
19981,90.91,-204.58,0
19992,90.91,-205.06,0
20003,90.91,-205.67,0
20016,76.92,-205.70,0
20027,90.91,-205.33,0
20038,90.91,-205.49,0
20049,90.91,-205.23,0
20061,83.33,-204.98,0
20072,90.91,-204.66,0
20084,83.33,-204.96,0
20096,83.33,-204.45,0
20107,90.91,-204.37,0
20118,90.91,-204.18,0
20129,90.91,-204.81,0
20141,83.33,-205.91,0
20153,83.33,-206.45,0
20164,90.91,-206.53,0
20175,90.91,-206.15,0
20187,83.33,-205.79,0
20198,90.91,-205.25,0
20209,90.91,-204.50,0
20221,83.33,-204.23,0
20233,83.33,-204.33,0
20244,90.91,-204.32,0
20255,90.91,-204.76,0
20267,83.33,-205.12,0
20278,90.91,-205.58,0
20290,83.33,-206.55,0
20301,90.91,-206.54,0
20313,83.33,-206.69,0
20324,90.91,-205.88,0
20335,90.91,-204.61,0
20347,90.91,-204.18,0
20359,76.92,-203.74,0
20370,90.91,-203.94,0
20381,90.91,-204.17,0
20392,90.91,-204.35,0
20404,83.33,-204.73,0
20416,83.33,-205.68,0
20427,90.91,-206.11,0
20439,83.33,-206.09,0
20450,90.91,-205.98,0
20461,90.91,-205.78,0
20472,90.91,-205.39,0
20485,76.92,-204.99,0
20496,90.91,-204.17,0
20507,90.91,-203.87,0
20518,90.91,-204.02,0
20530,83.33,-204.25,0
20541,90.91,-204.27,0
20553,83.33,-205.16,0
20564,90.91,-205.79,0
20576,83.33,-205.60,0
20587,90.91,-205.37,0
20598,90.91,-205.91,0
20610,83.33,-205.81,0
20622,83.33,-204.98,0
20633,90.91,-205.08,0
20644,90.91,-204.11,0
20656,83.33,-204.31,0
20667,90.91,-204.30,0
20678,90.91,-205.27,0
20690,83.33,-205.46,0
20702,83.33,-205.60,0
20713,90.91,-205.82,0
20724,90.91,-205.29,0
20736,83.33,-205.32,0
20747,90.91,-205.31,0
20759,83.33,-204.78,0
20770,90.91,-204.33,0
20782,83.33,-203.46,0
20793,90.91,-204.27,0
20804,90.91,-204.30,0
20816,90.91,-204.01,0
20828,76.92,-204.45,0
20839,90.91,-205.27,0
20850,90.91,-205.34,0
20861,90.91,-206.14,0
20873,83.33,-206.59,0
20885,83.33,-206.25,0
20896,90.91,-205.51,0
20908,83.33,-205.26,0
20919,90.91,-204.58,0
20930,90.91,-204.19,0
20941,90.91,-204.33,0
20954,76.92,-204.51,0
20965,90.91,-204.26,0
20976,90.91,-204.93,0
20987,90.91,-205.44,0
20999,83.33,-205.74,0
21010,90.91,-206.12,0
21022,83.33,-205.65,0
21033,90.91,-205.56,0
21045,83.33,-205.31,0
21056,90.91,-204.58,0
21067,90.91,-204.42,0
21079,83.33,-204.24,0
21091,83.33,-203.84,0
21102,90.91,-204.20,0
21113,90.91,-204.43,0
21125,83.33,-204.81,0
21136,90.91,-205.18,0
21147,90.91,-205.90,0
21159,83.33,-206.31,0
21171,83.33,-205.70,0
21182,90.91,-205.80,0
21193,90.91,-205.28,0
21204,90.91,-204.81,0
21216,83.33,-204.66,0
21228,83.33,-204.43,0
21239,90.91,-204.09,0
21251,83.33,-204.62,0
21262,90.91,-205.47,0
21273,90.91,-206.03,0
21285,90.91,-205.78,0
21297,76.92,-205.85,0
21308,90.91,-205.37,0
21319,90.91,-205.14,0
21330,90.91,-204.93,0
21342,83.33,-204.08,0
21354,83.33,-204.19,0
21365,90.91,-204.04,0
21377,83.33,-204.00,0
21388,90.91,-204.39,0
21399,90.91,-204.69,0
21410,90.91,-205.88,0
21423,76.92,-206.03,0
21434,90.91,-206.57,0
21445,90.91,-205.98,0
21456,90.91,-205.79,0
21468,83.33,-205.71,0
21479,90.91,-205.70,0
21491,83.33,-204.83,0
21502,90.91,-204.04,0
21514,83.33,-203.95,0
21525,90.91,-203.88,0
21536,90.91,-204.35,0
21548,83.33,-205.04,0
21560,83.33,-205.61,0
21571,90.91,-205.69,0
21582,90.91,-205.53,0
21594,83.33,-205.88,0
21605,90.91,-205.61,0
21616,90.91,-205.44,0
21628,83.33,-204.65,0
21640,83.33,-203.92,0
21651,90.91,-204.08,0
21662,90.91,-204.40,0
21673,90.91,-204.69,0
21685,83.33,-205.06,0
21697,83.33,-205.14,0
21708,90.91,-205.58,0
21720,83.33,-205.64,0
21731,90.91,-206.01,0
21742,90.91,-205.84,0
21754,90.91,-205.32,0
21766,76.92,-204.93,0
21777,90.91,-204.56,0
21788,90.91,-204.67,0
21799,90.91,-204.73,0
21811,83.33,-204.28,0
21823,90.91,-204.64,0
21834,83.33,-204.70,0
21846,83.33,-205.42,0
21857,90.91,-205.82,0
21868,90.91,-205.89,0
21879,90.91,-205.76,0
21892,76.92,-206.01,0
21903,90.91,-205.91,0
21914,90.91,-205.47,0
21925,90.91,-204.89,0
21937,83.33,-204.55,0
21948,90.91,-204.22,0
21960,83.33,-203.77,0
21971,90.91,-204.06,0
21983,83.33,-204.43,0
21994,90.91,-205.73,0
22005,90.91,-205.77,0
22017,83.33,-205.86,0
22029,83.33,-206.42,0
22040,90.91,-206.09,0
22051,90.91,-205.30,0
22063,83.33,-205.20,0
22074,90.91,-204.47,0
22085,90.91,-203.82,0
22097,83.33,-204.30,0
22109,83.33,-204.50,0
22120,90.91,-204.44,0
22131,90.91,-205.29,0
22142,90.91,-205.26,0
22154,83.33,-205.73,0
22166,83.33,-206.08,0
22177,90.91,-205.45,0
22189,83.33,-205.11,0
22200,90.91,-204.44,0
22211,90.91,-204.52,0
22222,90.91,-204.25,0
22235,76.92,-203.94,0
22246,90.91,-204.24,0
22257,90.91,-204.67,0
22268,90.91,-205.21,0
22280,83.33,-206.28,0
22292,90.91,-206.27,0
22303,83.33,-205.82,0
22315,83.33,-206.08,0
22326,90.91,-206.05,0
22337,90.91,-204.96,0
22348,90.91,-204.46,0
22361,76.92,-204.19,0
22372,90.91,-204.25,0
22383,90.91,-203.78,0
22394,90.91,-204.11,0
22406,83.33,-204.32,0
22417,90.91,-205.46,0
22429,83.33,-206.54,0
22440,90.91,-206.21,0
22452,83.33,-206.54,0
22463,90.91,-205.76,0
22474,90.91,-205.63,0
22486,83.33,-205.15,0
22498,83.33,-204.41,0
22509,90.91,-203.99,0
22520,90.91,-204.75,0
22532,83.33,-204.91,0
22543,90.91,-204.78,0
22554,90.91,-205.31,0
22566,83.33,-205.95,0
22578,83.33,-206.56,0
22589,90.91,-206.41,0
22600,90.91,-206.11,0
22611,90.91,-206.09,0
22623,83.33,-205.38,0
22635,83.33,-204.35,0
22646,90.91,-204.33,0
22658,83.33,-203.88,0
22669,90.91,-204.00,0
22680,90.91,-204.87,0
22691,90.91,-205.37,0
22704,76.92,-205.95,0
22715,90.91,-206.27,0
22726,90.91,-205.90,0
22737,90.91,-205.62,0
22749,83.33,-205.34,0
22761,90.91,-205.44,0
22772,83.33,-204.69,0
22784,83.33,-203.85,0
22795,90.91,-204.11,0
22806,90.91,-204.76,0
22817,90.91,-205.16,0
22830,83.33,-205.07,0
22841,83.33,-205.61,0
22852,90.91,-205.99,0
22863,90.91,-205.97,0
22875,83.33,-205.54,0
22886,90.91,-205.21,0
22898,83.33,-205.32,0
22909,90.91,-205.28,0
22921,83.33,-204.41,0
22932,90.91,-204.12,0
22943,90.91,-203.98,0
22955,83.33,-204.66,0
22967,83.33,-205.46,0
22978,90.91,-205.51,0
22989,90.91,-205.19,0
23001,83.33,-205.67,0
23012,90.91,-206.10,0
23023,90.91,-205.85,0
23035,83.33,-205.54,0
23047,83.33,-205.20,0
23058,90.91,-204.60,0
23069,90.91,-204.01,0
23080,90.91,-203.69,0
23092,83.33,-203.71,0
23104,83.33,-204.48,0
23115,90.91,-204.61,0
23127,83.33,-205.06,0
23138,90.91,-205.51,0
23149,90.91,-205.48,0
23160,90.91,-205.84,0
23173,76.92,-206.15,0
23184,90.91,-205.81,0
23195,90.91,-204.94,0
23206,90.91,-204.69,0
23218,83.33,-204.26,0
23229,90.91,-203.90,0
23241,83.33,-204.21,0
23252,90.91,-204.41,0
23264,83.33,-205.57,0
23275,90.91,-206.28,0
23286,90.91,-205.88,0
23299,83.33,-205.72,0
23310,83.33,-205.48,0
23321,90.91,-204.97,0
23332,90.91,-205.32,0
23344,83.33,-204.35,0
23355,90.91,-203.95,0
23367,90.91,-203.86,0
23378,90.91,-204.05,0
23390,83.33,-204.16,0
23401,90.91,-204.61,0
23412,90.91,-205.25,0
23424,83.33,-205.81,0
23436,83.33,-206.02,0
23447,90.91,-205.93,0
23458,90.91,-205.75,0
23470,83.33,-205.38,0
23481,90.91,-204.73,0
23492,90.91,-203.89,0
23504,83.33,-203.36,0
23516,83.33,-203.56,0
23527,90.91,-204.26,0
23538,90.91,-205.67,0
23549,90.91,-205.95,0
23561,83.33,-205.82,0
23573,83.33,-205.83,0
23584,90.91,-205.99,0
23596,83.33,-205.29,0
23607,90.91,-205.07,0
23618,90.91,-205.10,0
23629,90.91,-204.54,0
23642,76.92,-204.67,0
23653,90.91,-204.28,0
23664,90.91,-204.46,0
23675,90.91,-204.37,0
23687,83.33,-204.95,0
23698,90.91,-205.28,0
23710,83.33,-206.05,0
23721,90.91,-205.81,0
23733,83.33,-205.66,0
23744,90.91,-205.26,0
23755,90.91,-205.14,0
23768,83.33,-204.76,0
23779,83.33,-203.82,0
23790,90.91,-204.07,0
23801,90.91,-204.31,0
23813,83.33,-204.35,0
23824,90.91,-204.92,0
23836,83.33,-205.20,0
23847,90.91,-205.15,0
23859,83.33,-205.60,0
23870,90.91,-206.20,0
23881,90.91,-205.96,0
23892,90.91,-205.89,0
23905,76.92,-205.06,0
23916,90.91,-204.36,0
23927,90.91,-203.89,0
23939,83.33,-204.02,0
23950,90.91,-204.63,0
23961,90.91,-204.79,0
23973,83.33,-205.39,0
23985,83.33,-205.35,0
23996,90.91,-206.07,0
24007,90.91,-206.27,0
24018,90.91,-206.06,0
24030,83.33,-205.57,0
24042,83.33,-205.39,0
24053,90.91,-205.21,0
24065,83.33,-204.29,0
24076,90.91,-203.91,0
24087,90.91,-204.28,0
24098,90.91,-204.25,0
24111,76.92,-204.62,0
24122,90.91,-205.52,0
24133,90.91,-205.89,0
24144,90.91,-206.32,0
24156,83.33,-206.23,0
24167,90.91,-206.17,0
24179,83.33,-205.50,0
24190,90.91,-204.51,0
24202,83.33,-204.31,0
24213,90.91,-204.25,0
24224,90.91,-204.15,0
24237,83.33,-203.97,0
24248,83.33,-203.95,0
24259,90.91,-205.03,0
24270,90.91,-205.60,0
24282,83.33,-205.71,0
24293,90.91,-206.12,0
24305,83.33,-205.80,0
24316,90.91,-205.63,0
24328,83.33,-205.07,0
24339,90.91,-204.90,0
24350,90.91,-204.56,0
24361,90.91,-203.89,0
24374,76.92,-204.02,0
24385,90.91,-204.40,0
24396,90.91,-204.87,0
24408,83.33,-205.07,0
24419,90.91,-205.63,0
24430,90.91,-206.29,0
24442,83.33,-206.14,0
24454,83.33,-205.73,0
24465,90.91,-205.43,0
24476,90.91,-204.88,0
24487,90.91,-204.43,0
24499,83.33,-204.91,0
24511,83.33,-204.57,0
24522,90.91,-204.43,0
24534,83.33,-204.77,0
24545,90.91,-205.31,0
24556,90.91,-205.76,0
24567,90.91,-205.96,0
24580,76.92,-206.46,0
24591,90.91,-206.65,0
24602,90.91,-206.21,0
24613,90.91,-205.31,0
24625,83.33,-204.62,0
24636,90.91,-204.71,0
24648,83.33,-204.44,0
24659,90.91,-204.28,0
24671,83.33,-204.31,0
24682,90.91,-205.05,0
24693,90.91,-205.26,0
24706,83.33,-205.34,0
24717,83.33,-205.76,0
24728,90.91,-205.92,0
24739,90.91,-205.59,0
24751,83.33,-205.50,0
24762,90.91,-205.02,0
24774,90.91,-204.38,0
24785,83.33,-203.99,0
24797,83.33,-204.05,0
24808,90.91,-204.45,0
24819,90.91,-205.18,0
24830,90.91,-205.64,0
24843,76.92,-205.62,0
24854,90.91,-205.75,0
24865,90.91,-205.82,0
24877,83.33,-205.16,0
24888,90.91,-205.42,0
24899,90.91,-204.63,0
24911,83.33,-204.23,0
24923,83.33,-203.94,0
24934,90.91,-203.83,0
24945,90.91,-204.25,0
24956,90.91,-205.21,0
24968,83.33,-205.47,0
24980,83.33,-205.81,0
24991,90.91,-205.88,0
25003,83.33,-205.93,0
25014,90.91,-205.65,0
25025,90.91,-205.55,0
25036,90.91,-205.06,0
25049,76.92,-204.49,0
25060,90.91,-204.25,0
25071,90.91,-204.27,0
25082,90.91,-204.20,0
25094,83.33,-204.22,0
25105,90.91,-205.15,0
25117,83.33,-205.42,0
25128,90.91,-205.75,0
25140,83.33,-205.76,0
25151,90.91,-205.76,0
25162,90.91,-206.21,0
25175,83.33,-206.28,0
25186,83.33,-205.13,0
25197,90.91,-204.52,0
25208,90.91,-203.97,0
25220,83.33,-203.58,0
25231,90.91,-204.55,0
25243,83.33,-204.77,0
25254,90.91,-204.61,0
25266,83.33,-205.29,0
25277,90.91,-205.41,0
25288,90.91,-206.23,0
25299,90.91,-206.22,0
25312,76.92,-205.55,0
25323,90.91,-204.80,0
25334,90.91,-205.07,0
25346,83.33,-204.90,0
25357,90.91,-203.93,0
25368,90.91,-203.41,0
25380,83.33,-203.94,0
25392,83.33,-205.53,0
25403,90.91,-206.17,0
25414,90.91,-205.64,0
25425,90.91,-205.90,0
25437,83.33,-205.99,0
25449,83.33,-205.63,0
25460,90.91,-205.22,0
25472,83.33,-204.23,0
25483,90.91,-204.32,0
25494,90.91,-204.01,0
25505,90.91,-204.17,0
25518,76.92,-204.04,0
25529,90.91,-204.01,0
25540,90.91,-204.60,0
25551,90.91,-205.30,0
25563,83.33,-205.94,0
25574,90.91,-206.30,0
25586,83.33,-206.41,0
25597,90.91,-205.90,0
25609,83.33,-205.29,0
25620,90.91,-204.48,0
25631,90.91,-203.82,0
25644,83.33,-203.69,0
25655,83.33,-203.97,0
25666,90.91,-204.34,0
25677,90.91,-204.93,0
25689,83.33,-205.02,0
25700,90.91,-205.76,0
25712,83.33,-206.53,0
25723,90.91,-206.10,0
25735,83.33,-205.83,0
25746,90.91,-205.72,0
25757,90.91,-204.61,0
25768,90.91,-203.90,0
25781,76.92,-203.58,0
25792,90.91,-204.04,0
25803,90.91,-204.15,0
25815,83.33,-204.67,0
25826,90.91,-205.15,0
25837,90.91,-205.67,0
25849,83.33,-205.84,0
25861,83.33,-205.90,0
25872,90.91,-206.04,0
25883,90.91,-204.84,0
25894,90.91,-204.54,0
25906,83.33,-204.44,0
25918,83.33,-204.32,0
25929,90.91,-204.13,0
25940,90.91,-203.56,0
25952,83.33,-204.35,0
25963,90.91,-204.95,0
25974,90.91,-205.04,0
25987,76.92,-205.48,0
25998,90.91,-205.70,0
26009,90.91,-205.23,0
26020,90.91,-205.20,0
26032,83.33,-204.69,0
26044,90.91,-205.02,0
26055,83.33,-205.14,0
26066,90.91,-205.10,0
26078,83.33,-204.63,0
26089,90.91,-204.50,0
26100,90.91,-205.04,0
26113,83.33,-205.03,0
26124,83.33,-205.16,0
26135,90.91,-204.96,0
26146,90.91,-205.69,0
26158,83.33,-205.87,0
26169,90.91,-205.40,0
26181,83.33,-205.13,0
26192,90.91,-205.16,0
26204,83.33,-204.82,0
26215,90.91,-204.42,0
26226,90.91,-204.38,0
26237,90.91,-204.59,0
26250,76.92,-204.85,0
26261,90.91,-205.47,0
26272,90.91,-205.58,0
26284,83.33,-205.53,0
26295,90.91,-205.41,0
26306,90.91,-204.79,0
26318,83.33,-205.38,0
26330,83.33,-205.08,0
26341,90.91,-204.81,0
26352,90.91,-204.69,0
26363,90.91,-203.71,0
26375,83.33,-203.34,0
26387,83.33,-204.13,0
26398,90.91,-204.74,0
26409,90.91,-205.35,0
26421,83.33,-205.56,0
26432,90.91,-205.72,0
26443,90.91,-205.89,0
26456,76.92,-205.55,0
26467,90.91,-204.99,0
26478,90.91,-204.87,0
26489,90.91,-204.23,0
26501,83.33,-203.78,0
26513,90.91,-203.69,0
26524,83.33,-204.23,0
26535,90.91,-204.95,0
26547,83.33,-205.05,0
26558,90.91,-205.01,0
26569,90.91,-205.50,0
26582,90.91,-205.71,0
26593,76.92,-205.48,0
26604,90.91,-205.41,0
26615,90.91,-205.23,0
26627,83.33,-205.07,0
26638,90.91,-204.48,0
26650,83.33,-203.88,0
26661,90.91,-203.70,0
26673,83.33,-204.40,0
26684,90.91,-205.20,0
26695,90.91,-206.16,0
26706,90.91,-205.95,0
26719,76.92,-205.97,0
26730,90.91,-205.20,0
26741,90.91,-205.19,0
26753,83.33,-205.28,0
26764,90.91,-204.29,0
26775,90.91,-205.00,0
26787,83.33,-205.22,0
26799,83.33,-204.62,0
26810,90.91,-204.47,0
26821,90.91,-204.66,0
26832,90.91,-204.71,0
26844,83.33,-205.08,0
26856,83.33,-205.68,0
26867,90.91,-206.26,0
26878,90.91,-205.39,0
26890,83.33,-204.74,0
26901,90.91,-204.93,0
26912,90.91,-205.12,0
26925,76.92,-204.61,0
26936,90.91,-204.71,0
26947,90.91,-204.88,0
26958,90.91,-204.51,0
26970,83.33,-204.70,0
26982,90.91,-204.51,0
26993,83.33,-205.21,0
27004,90.91,-205.59,0
27016,83.33,-205.26,0
27027,90.91,-205.55,0
27038,90.91,-205.41,0
27051,76.92,-205.07,0
27062,90.91,-204.59,0
27073,90.91,-204.11,0
27084,90.91,-204.23,0
27096,83.33,-204.32,0
27107,90.91,-204.83,0
27119,83.33,-205.35,0
27130,90.91,-206.32,0
27142,83.33,-206.34,0
27153,90.91,-205.99,0
27164,90.91,-205.83,0
27175,90.91,-204.95,0
27188,76.92,-204.60,0
27199,90.91,-203.69,0
27210,90.91,-204.14,0
27222,83.33,-204.30,0
27233,90.91,-204.79,0
27244,90.91,-205.01,0
27256,83.33,-205.32,0
27268,83.33,-205.39,0
27279,90.91,-206.01,0
27290,90.91,-206.06,0
27301,90.91,-205.66,0
27313,83.33,-205.51,0
27325,83.33,-204.85,0
27336,90.91,-204.50,0
27347,90.91,-204.40,0
27359,83.33,-204.01,0
27370,90.91,-204.49,0
27381,90.91,-204.36,0
27394,76.92,-204.35,0
27405,90.91,-204.61,0
27416,90.91,-204.90,0
27427,90.91,-205.16,0
27439,83.33,-205.48,0
27451,90.91,-205.44,0
27462,83.33,-205.01,0
27473,90.91,-204.35,0
27485,83.33,-204.24,0
27496,90.91,-204.26,0
27507,90.91,-204.35,0
27520,76.92,-204.06,0
27531,90.91,-204.45,0
27542,90.91,-205.61,0
27553,90.91,-205.66,0
27565,83.33,-205.13,0
27576,90.91,-205.69,0
27588,83.33,-205.63,0
27599,90.91,-205.61,0
27611,83.33,-205.43,0
27622,90.91,-204.81,0
27633,90.91,-204.22,0
27644,90.91,-203.75,0
27657,76.92,-203.98,0
27668,90.91,-204.00,0
27679,90.91,-204.58,0
27691,83.33,-205.42,0
27702,90.91,-205.58,0
27713,90.91,-205.94,0
27725,83.33,-205.81,0
27737,83.33,-205.37,0
27748,90.91,-205.14,0
27759,90.91,-205.14,0
27770,90.91,-204.13,0
27782,83.33,-203.77,0
27794,83.33,-203.97,0
27805,90.91,-204.02,0
27816,90.91,-204.49,0
27828,83.33,-204.62,0
27839,90.91,-205.09,0
27850,90.91,-205.44,0
27863,76.92,-206.57,0
27874,90.91,-206.32,0
27885,90.91,-205.68,0
27896,90.91,-205.19,0
27908,83.33,-205.07,0
27920,90.91,-204.14,0
27931,83.33,-204.08,0
27942,90.91,-203.94,0
27954,83.33,-204.20,0
27965,90.91,-204.85,0
27976,90.91,-205.41,0
27988,90.91,-205.84,0
28000,76.92,-205.77,0
28011,90.91,-205.94,0
28022,90.91,-205.73,0
28034,83.33,-205.19,0
28045,90.91,-205.03,0
28057,83.33,-204.88,0
28068,90.91,-205.03,0
28080,83.33,-204.89,0
28091,90.91,-204.54,0
28102,90.91,-204.60,0
28113,90.91,-205.22,0
28126,76.92,-205.28,0
28137,90.91,-205.34,0
28148,90.91,-205.99,0
28160,83.33,-206.28,0
28171,90.91,-205.89,0
28182,90.91,-205.32,0
28194,83.33,-204.59,0
28206,83.33,-205.12,0
28217,90.91,-205.18,0
28228,90.91,-204.07,0
28239,90.91,-204.38,0
28251,83.33,-204.96,0
28263,83.33,-204.96,0
28274,90.91,-205.64,0
28285,90.91,-205.60,0
28297,83.33,-205.66,0
28308,90.91,-205.73,0
28319,90.91,-205.10,0
28332,76.92,-205.09,0
28343,90.91,-204.88,0
28354,90.91,-204.18,0
28365,90.91,-204.38,0
28377,83.33,-204.53,0
28389,90.91,-204.90,0
28400,83.33,-205.47,0
28411,90.91,-205.81,0
28423,83.33,-205.52,0
28434,90.91,-205.98,0
28445,90.91,-206.05,0
28457,83.33,-205.77,0
28469,83.33,-205.29,0
28480,90.91,-205.20,0
28491,90.91,-204.83,0
28503,83.33,-204.24,0
28514,90.91,-204.10,0
28526,83.33,-204.14,0
28537,90.91,-204.45,0
28549,83.33,-204.84,0
28560,90.91,-205.07,0
28571,90.91,-205.32,0
28582,90.91,-206.07,0
28595,76.92,-205.86,0
28606,90.91,-205.01,0
28617,90.91,-204.82,0
28628,90.91,-204.94,0
28640,83.33,-204.73,0
28651,90.91,-203.85,0
28663,83.33,-204.21,0
28675,83.33,-204.44,0
28686,90.91,-205.25,0
28697,90.91,-204.95,0
28708,90.91,-204.81,0
28720,83.33,-205.58,0
28732,83.33,-205.59,0
28743,90.91,-205.51,0
28754,90.91,-205.13,0
28766,83.33,-204.82,0
28777,90.91,-204.78,0
28789,90.91,-204.93,0
28801,76.92,-204.53,0
28812,90.91,-204.47,0
28823,90.91,-204.48,0
28834,90.91,-204.59,0
28846,83.33,-205.25,0
28858,83.33,-205.87,0
28869,90.91,-205.84,0
28880,90.91,-205.85,0
28892,83.33,-205.69,0
28903,90.91,-205.52,0
28914,90.91,-204.93,0
28926,83.33,-204.17,0
28938,83.33,-203.57,0
28949,90.91,-204.03,0
28960,90.91,-204.31,0
28972,83.33,-205.00,0
28983,90.91,-205.19,0
28995,83.33,-205.49,0
29006,90.91,-205.62,0
29018,83.33,-206.07,0
29029,90.91,-205.86,0
29040,90.91,-204.87,0
29051,90.91,-203.97,0
29064,76.92,-204.01,0
29075,90.91,-204.45,0
29086,90.91,-204.56,0
29097,90.91,-204.03,0
29109,83.33,-204.39,0
29120,90.91,-205.37,0
29132,83.33,-205.48,0
29144,83.33,-205.72,0
29155,90.91,-205.75,0
29166,90.91,-204.99,0
29177,90.91,-205.19,0
29190,83.33,-205.34,0
29201,83.33,-204.98,0
29212,90.91,-204.76,0
29223,90.91,-204.76,0
29235,83.33,-204.80,0
29246,90.91,-204.32,0
29258,83.33,-204.47,0
29270,83.33,-204.84,0
29281,90.91,-205.41,0
29292,90.91,-205.75,0
29303,90.91,-205.73,0
29315,83.33,-205.71,0
29327,83.33,-205.42,0
29338,90.91,-204.95,0
29349,90.91,-204.46,0
29361,83.33,-204.27,0
29372,90.91,-203.69,0
29383,90.91,-203.87,0
29395,83.33,-204.57,0
29407,83.33,-204.86,0
29418,90.91,-205.32,0
29429,90.91,-206.21,0
29441,83.33,-205.60,0
29452,90.91,-205.23,0
29464,83.33,-205.11,0
29475,90.91,-204.75,0
29487,83.33,-204.77,0
29498,90.91,-204.82,0
29509,90.91,-204.64,0
29521,90.91,-204.57,0
29533,76.92,-204.72,0
29544,90.91,-204.85,0
29555,90.91,-204.90,0
29566,90.91,-205.34,0
29578,83.33,-205.73,0
29590,83.33,-205.69,0
29601,90.91,-205.25,0
29613,83.33,-205.00,0
29624,90.91,-204.65,0
29635,90.91,-204.68,0
29646,90.91,-204.66,0
29659,76.92,-204.53,0
29670,90.91,-204.45,0
29681,90.91,-205.26,0
29692,90.91,-205.26,0
29704,83.33,-205.21,0
29715,90.91,-205.89,0
29727,83.33,-205.53,0
29739,83.33,-205.55,0
29750,90.91,-205.51,0
29761,90.91,-204.91,0
29772,90.91,-204.04,0
29784,83.33,-204.36,0
29796,83.33,-204.37,0
29807,90.91,-204.30,0
29818,90.91,-203.80,0
29830,83.33,-205.02,0
29841,90.91,-205.30,0
29853,90.91,-205.16,0
29864,83.33,-205.66,0
29876,83.33,-205.36,0
29887,90.91,-205.06,0
29898,90.91,-205.60,0
29910,83.33,-205.33,0
29922,90.91,-204.29,0
29933,83.33,-203.78,0
29944,90.91,-204.45,0
29956,83.33,-204.78,0
29967,90.91,-205.02,0
29978,90.91,-205.04,0
29990,83.33,-205.77,0
30002,83.33,-205.48,0
30013,90.91,-205.33,0
30024,90.91,-205.57,0
30035,90.91,-205.19,0
30047,83.33,-205.65,0
30059,83.33,-205.11,0
30070,90.91,-204.37,0
30082,83.33,-204.19,0
30093,90.91,-204.32,0
30104,90.91,-204.16,0
30115,90.91,-204.56,0
30128,76.92,-204.75,0
30139,90.91,-204.93,0
30150,90.91,-205.29,0
30161,90.91,-205.66,0
30173,83.33,-205.92,0
30184,90.91,-205.83,0
30196,83.33,-205.08,0
30208,83.33,-205.16,0
30219,90.91,-203.98,0
30230,90.91,-203.68,0
30241,90.91,-204.72,0
30254,83.33,-204.78,0
30265,83.33,-204.97,0
30276,90.91,-205.13,0
30287,90.91,-205.32,0
30299,83.33,-205.39,0
30310,90.91,-206.00,0
30322,83.33,-205.93,0
30333,90.91,-204.99,0
30345,83.33,-204.61,0
30356,90.91,-204.34,0
30367,90.91,-204.09,0
30379,83.33,-204.42,0
30391,83.33,-204.20,0
30402,90.91,-205.09,0
30413,90.91,-205.41,0
30425,83.33,-205.66,0
30436,90.91,-205.89,0
30447,90.91,-205.44,0
30459,83.33,-204.97,0
30471,83.33,-205.10,0
30482,90.91,-204.94,0
30493,90.91,-204.56,0
30504,90.91,-204.42,0
30516,83.33,-204.67,0
30528,83.33,-205.03,0
30539,90.91,-205.20,0
30551,83.33,-204.84,0
30562,90.91,-205.14,0
30573,90.91,-205.74,0
30584,90.91,-205.26,0
30597,76.92,-204.99,0
30608,90.91,-205.16,0
30619,90.91,-204.35,0
30630,90.91,-204.12,0
30642,83.33,-204.93,0
30654,90.91,-205.14,0
30665,83.33,-205.14,0
30676,90.91,-205.23,0
30688,83.33,-205.25,0
30699,90.91,-205.43,0
30710,90.91,-205.62,0
30723,76.92,-205.31,0
30734,90.91,-205.08,0
30745,90.91,-204.89,0
30756,90.91,-204.70,0
30768,83.33,-204.23,0
30779,90.91,-203.87,0
30791,83.33,-204.84,0
30802,90.91,-205.32,0
30814,83.33,-204.97,0
30825,90.91,-205.25,0
30836,90.91,-205.39,0
30848,83.33,-205.70,0
30860,83.33,-205.74,0
30871,90.91,-205.35,0
30882,90.91,-205.01,0
30894,83.33,-205.11,0
30905,90.91,-204.92,0
30916,90.91,-204.53,0
30928,83.33,-204.24,0
30940,83.33,-204.18,0
30951,90.91,-204.25,0
30962,90.91,-205.24,0
30973,90.91,-205.63,0
30986,83.33,-205.56,0
30997,83.33,-205.33,0
31008,90.91,-205.53,0
31020,83.33,-205.39,0
31031,90.91,-204.92,0
31042,90.91,-204.47,0
31054,90.91,-205.00,0
31066,76.92,-204.60,0
31077,90.91,-204.57,0
31088,90.91,-204.61,0
31099,90.91,-204.99,0
31111,83.33,-205.27,0
31123,83.33,-205.58,0
31134,90.91,-205.67,0
31145,90.91,-205.49,0
31157,83.33,-205.27,0
31168,90.91,-205.16,0
31179,90.91,-204.54,0
31192,76.92,-204.04,0
31203,90.91,-204.26,0
31214,90.91,-204.61,0
31225,90.91,-204.79,0
31237,83.33,-205.13,0
31248,90.91,-205.03,0
31260,83.33,-205.26,0
31271,90.91,-205.81,0
31283,83.33,-205.73,0
31294,90.91,-205.00,0
31305,90.91,-204.63,0
31316,90.91,-204.92,0
31329,76.92,-204.79,0
31340,90.91,-204.55,0
31351,90.91,-204.66,0
31363,83.33,-204.60,0
31374,90.91,-204.53,0
31386,90.91,-204.84,0
31397,83.33,-205.34,0
31409,83.33,-204.72,0
31420,90.91,-205.15,0
31431,90.91,-205.63,0
31442,90.91,-205.11,0
31455,76.92,-204.73,0
31466,90.91,-204.92,0
31477,90.91,-204.55,0
31489,83.33,-204.05,0
31500,90.91,-204.61,0
31511,90.91,-204.55,0
31523,83.33,-204.39,0
31535,83.33,-205.22,0
31546,90.91,-205.19,0
31557,90.91,-205.35,0
31568,90.91,-205.05,0
31580,83.33,-205.48,0
31592,83.33,-204.74,0
31603,90.91,-204.37,0
31614,90.91,-204.23,0
31626,83.33,-204.51,0
31637,90.91,-204.31,0
31648,90.91,-204.79,0
31661,76.92,-204.47,0
31672,90.91,-204.63,0
31683,90.91,-204.97,0
31694,90.91,-205.21,0
31706,83.33,-205.39,0
31717,90.91,-205.57,0
31729,83.33,-205.50,0
31740,90.91,-205.19,0
31752,83.33,-204.61,0
31763,90.91,-204.73,0
31774,90.91,-204.61,0
31787,90.91,-204.61,0
31798,76.92,-204.67,0
31809,90.91,-204.94,0
31820,90.91,-205.26,0
31832,83.33,-205.57,0
31843,90.91,-205.43,0
31855,83.33,-205.61,0
31866,90.91,-205.82,0
31878,83.33,-205.31,0
31889,90.91,-205.27,0
31900,90.91,-205.18,0
31911,90.91,-204.95,0
31924,76.92,-204.20,0
31935,90.91,-204.49,0
31946,90.91,-204.83,0
31958,83.33,-205.28,0
31969,90.91,-205.89,0
31980,90.91,-205.66,0
31992,83.33,-205.13,0
32004,83.33,-204.92,0
32015,90.91,-205.26,0
32026,90.91,-206.09,0
32037,90.91,-205.32,0
32049,83.33,-204.31,0
32061,83.33,-203.93,0
32072,90.91,-204.19,0
32083,90.91,-204.53,0
32095,83.33,-204.81,0
32106,90.91,-205.42,0
32118,90.91,-205.03,0
32130,76.92,-205.30,0
32141,90.91,-206.00,0
32152,90.91,-205.40,0
32163,90.91,-204.97,0
32175,83.33,-204.43,0
32187,90.91,-204.47,0
32198,83.33,-205.04,0
32209,90.91,-205.15,0
32221,83.33,-205.09,0
32232,90.91,-205.19,0
32243,90.91,-205.26,0
32256,76.92,-205.71,0
32267,90.91,-205.92,0
32278,90.91,-205.98,0
32289,90.91,-206.33,0
32301,83.33,-205.34,0
32312,90.91,-204.67,0
32324,83.33,-204.48,0
32335,90.91,-204.78,0
32347,83.33,-204.95,0
32358,90.91,-204.41,0
32369,90.91,-204.65,0
32380,90.91,-204.74,0
32393,76.92,-205.43,0
32404,90.91,-205.57,0
32415,90.91,-204.98,0
32427,83.33,-205.26,0
32438,90.91,-205.63,0
32449,90.91,-205.57,0
32461,83.33,-205.21,0
32473,83.33,-205.07,0
32484,90.91,-204.57,0
32495,90.91,-204.55,0
32506,90.91,-204.36,0
32519,83.33,-205.01,0
32530,83.33,-205.42,0
32541,90.91,-205.46,0
32552,90.91,-205.48,0
32564,83.33,-205.28,0
32575,90.91,-205.36,0
32587,83.33,-205.37,0
32599,83.33,-204.72,0
32610,90.91,-204.68,0
32621,90.91,-203.86,0
32632,90.91,-204.52,0
32644,83.33,-204.57,0
32656,83.33,-204.58,0
32667,90.91,-205.28,0
32678,90.91,-205.51,0
32690,83.33,-205.64,0
32701,90.91,-205.75,0
32712,90.91,-205.28,0
32724,83.33,-204.84,0
32736,83.33,-205.26,0
32747,90.91,-205.77,0
32758,90.91,-205.12,0
32770,83.33,-204.62,0
32781,90.91,-204.72,0
32793,83.33,-204.91,0
32804,90.91,-205.41,0
32816,83.33,-206.32,0
32827,90.91,-205.86,0
32838,90.91,-205.60,0
32849,90.91,-205.51,0
32862,76.92,-205.00,0
32873,90.91,-204.22,0
32884,90.91,-204.77,0
32896,83.33,-204.85,0
32907,90.91,-205.03,0
32919,90.91,-204.36,0
32930,83.33,-204.52,0
32942,83.33,-204.49,0
32953,90.91,-205.23,0
32964,90.91,-205.60,0
32975,90.91,-205.85,0
32988,76.92,-205.42,0
32999,90.91,-205.00,0
33010,90.91,-204.56,0
33021,90.91,-205.08,0
33033,83.33,-204.98,0
33044,90.91,-204.81,0
33056,83.33,-204.70,0
33068,83.33,-204.66,0
33079,90.91,-205.43,0
33090,90.91,-204.80,0
33101,90.91,-205.24,0
33113,83.33,-205.56,0
33125,83.33,-205.60,0
33136,90.91,-205.00,0
33147,90.91,-205.17,0
33159,83.33,-205.37,0
33170,90.91,-204.90,0
33181,90.91,-203.97,0
33193,83.33,-203.88,0
33205,83.33,-203.84,0
33216,90.91,-204.80,0
33227,90.91,-204.94,0
33239,83.33,-205.50,0
33251,90.91,-205.36,0
33262,83.33,-205.45,0
33273,90.91,-205.41,0
33285,83.33,-205.84,0
33296,90.91,-205.51,0
33307,90.91,-205.18,0
33319,90.91,-204.79,0
33331,76.92,-204.83,0
33342,90.91,-204.97,0
33353,90.91,-204.73,0
33364,90.91,-204.36,0
33376,83.33,-205.28,0
33388,83.33,-205.33,0
33399,90.91,-205.41,0
33411,83.33,-205.47,0
33422,90.91,-205.05,0
33433,90.91,-204.87,0
33444,90.91,-204.86,0
33457,76.92,-204.47,0
33468,90.91,-204.38,0
33479,90.91,-204.75,0
33490,90.91,-204.52,0
33502,83.33,-204.00,0
33513,90.91,-204.44,0
33525,83.33,-205.01,0
33537,83.33,-205.32,0
33548,90.91,-205.47,0
33559,90.91,-206.02,0
33570,90.91,-205.99,0
33582,83.33,-205.48,0
33594,83.33,-204.84,0
33605,90.91,-204.57,0
33616,90.91,-204.07,0
33628,83.33,-204.29,0
33639,90.91,-204.61,0
33651,90.91,-204.87,0
33662,83.33,-204.91,0
33674,83.33,-205.18,0
33685,90.91,-205.70,0
33696,90.91,-205.46,0
33708,83.33,-204.47,0
33720,83.33,-204.43,0
33731,90.91,-204.73,0
33742,90.91,-204.68,0
33754,83.33,-204.59,0
33765,90.91,-204.40,0
33776,90.91,-203.99,0
33788,83.33,-204.55,0
33800,83.33,-205.32,0
33811,90.91,-205.07,0
33822,90.91,-205.22,0
33833,90.91,-205.56,0
33845,83.33,-205.59,0
33857,83.33,-205.46,0
33868,90.91,-205.59,0
33880,83.33,-205.42,0
33891,90.91,-204.94,0
33902,90.91,-204.44,0
33913,90.91,-204.14,0
33926,76.92,-204.37,0
33937,90.91,-204.66,0
33948,90.91,-205.09,0
33959,90.91,-205.38,0
33971,83.33,-205.26,0
33982,90.91,-205.00,0
33994,83.33,-204.94,0
34006,83.33,-205.55,0
34017,90.91,-205.43,0
34028,90.91,-205.11,0
34039,90.91,-204.78,0
34052,83.33,-204.26,0
34063,83.33,-204.45,0
34074,90.91,-204.95,0
34085,90.91,-205.02,0
34097,83.33,-204.96,0
34108,90.91,-204.67,0
34120,83.33,-205.56,0
34131,90.91,-206.12,0
34143,83.33,-205.76,0
34154,90.91,-205.24,0
34165,90.91,-205.23,0
34177,83.33,-205.32,0
34189,83.33,-204.91,0
34200,90.91,-204.05,0
34211,90.91,-204.21,0
34223,83.33,-205.06,0
34234,90.91,-205.14,0
34245,90.91,-205.47,0
34257,83.33,-205.58,0
34269,83.33,-205.89,0
34280,90.91,-206.10,0
34291,90.91,-205.51,0
34302,90.91,-204.91,0
34314,83.33,-204.93,0
34326,83.33,-205.00,0
34337,90.91,-204.28,0
34349,83.33,-203.98,0
34360,90.91,-204.49,0
34371,90.91,-205.15,0
34382,90.91,-205.71,0
34395,76.92,-205.51,0
34406,90.91,-205.51,0
34417,90.91,-205.77,0
34428,90.91,-206.06,0
34440,83.33,-205.99,0
34452,90.91,-205.51,0
34463,83.33,-204.86,0
34475,83.33,-204.19,0
34486,90.91,-204.05,0
34497,90.91,-204.34,0
34508,90.91,-204.46,0
34521,76.92,-204.50,0
34532,90.91,-204.82,0
34543,90.91,-205.36,0
34554,90.91,-205.69,0
34566,83.33,-206.04,0
34577,90.91,-205.95,0
34589,83.33,-205.17,0
34600,90.91,-204.68,0
34612,83.33,-204.67,0
34623,90.91,-204.71,0
34634,90.91,-204.95,0
34646,83.33,-204.97,0
34658,83.33,-204.96,0
34669,90.91,-205.05,0
34680,90.91,-204.78,0
34692,83.33,-205.10,0
34703,90.91,-205.91,0
34714,90.91,-205.44,0
34726,83.33,-205.43,0
34738,83.33,-205.26,0
34749,90.91,-204.54,0
34760,90.91,-204.62,0
34771,90.91,-204.53,0
34783,83.33,-204.29,0
34795,83.33,-204.58,0
34806,90.91,-205.39,0
34818,83.33,-205.47,0
34829,90.91,-205.52,0
34840,90.91,-206.17,0
34852,90.91,-206.00,0
34864,76.92,-205.01,0
34875,90.91,-204.86,0
34886,90.91,-204.59,0
34897,90.91,-204.68,0
34909,83.33,-204.27,0
34921,83.33,-204.39,0
34932,90.91,-204.45,0
34944,83.33,-204.69,0
34955,90.91,-204.86,0
34966,90.91,-205.46,0
34977,90.91,-205.52,0
34990,76.92,-205.58,0
35001,90.91,-205.33,0
35012,90.91,-205.30,0
35023,90.91,-205.64,0
35035,83.33,-205.11,0
35046,90.91,-204.32,0
35058,83.33,-204.00,0
35069,90.91,-204.72,0
35081,83.33,-205.21,0
35092,90.91,-205.24,0
35103,90.91,-205.18,0
35115,83.33,-205.30,0
35127,83.33,-205.85,0
35138,90.91,-205.48,0
35149,90.91,-205.10,0
35161,83.33,-205.08,0
35172,90.91,-204.61,0
35183,90.91,-204.51,0
35195,83.33,-204.40,0
35207,83.33,-204.12,0
35218,90.91,-204.41,0
35229,90.91,-205.29,0
35240,90.91,-204.84,0
35253,83.33,-205.47,0
35264,83.33,-205.57,0
35275,90.91,-204.94,0
35287,83.33,-205.60,0
35298,90.91,-205.23,0
35309,90.91,-205.05,0
35321,83.33,-204.96,0
35333,83.33,-204.54,0
35344,90.91,-204.31,0
35355,90.91,-204.27,0
35366,90.91,-204.28,0
35378,83.33,-205.00,0
35390,83.33,-205.30,0
35401,90.91,-205.02,0
35412,90.91,-204.99,0
35424,83.33,-206.00,0
35435,90.91,-206.04,0
35446,90.91,-205.45,0
35459,76.92,-204.52,0
35470,90.91,-204.26,0
35481,90.91,-204.01,0
35492,90.91,-204.43,0
35504,83.33,-204.50,0
35515,90.91,-204.50,0
35527,83.33,-204.61,0
35538,90.91,-205.61,0
35550,83.33,-205.68,0
35561,90.91,-205.68,0
35572,90.91,-205.35,0
35584,83.33,-205.18,0
35596,83.33,-205.04,0
35607,90.91,-204.54,0
35618,90.91,-203.85,0
35630,83.33,-204.48,0
35641,90.91,-204.93,0
35653,90.91,-205.16,0
35664,83.33,-205.21,0
35676,83.33,-205.33,0
35687,90.91,-205.81,0
35698,90.91,-206.57,0
35709,90.91,-206.17,0
35722,76.92,-205.19,0
35733,90.91,-204.59,0
35744,90.91,-204.59,0
35756,83.33,-204.84,0
35767,90.91,-204.73,0
35778,90.91,-204.22,0
35790,83.33,-204.81,0
35802,83.33,-205.40,0
35813,90.91,-205.79,0
35824,90.91,-205.48,0
35835,90.91,-205.23,0
35847,83.33,-205.42,0
35859,83.33,-205.07,0
35870,90.91,-204.67,0
35881,90.91,-204.75,0
35893,83.33,-204.12,0
35904,90.91,-204.03,0
35915,90.91,-204.73,0
35928,76.92,-204.47,0
35939,90.91,-204.64,0
35950,90.91,-204.89,0
35961,90.91,-205.18,0
35973,83.33,-205.32,0
35984,90.91,-205.69,0
35996,83.33,-205.42,0
36007,90.91,-205.07,0
36019,83.33,-205.09,0
36030,90.91,-205.05,0
36041,90.91,-204.45,0
36054,90.91,-204.50,0
36065,76.92,-204.82,0
36076,90.91,-205.13,0
36087,90.91,-205.04,0
36099,83.33,-205.35,0
36110,90.91,-205.51,0
36122,83.33,-205.97,0
36133,90.91,-206.36,0
36145,83.33,-206.09,0
36156,90.91,-205.05,0
36167,90.91,-204.80,0
36178,90.91,-204.75,0
36191,76.92,-204.42,0
36202,90.91,-204.19,0
36213,90.91,-204.36,0
36225,83.33,-204.90,0
36236,90.91,-205.18,0
36247,90.91,-205.02,0
36259,83.33,-204.26,0
36271,83.33,-204.87,0
36282,90.91,-205.35,0
36293,90.91,-205.35,0
36304,90.91,-205.12,0
36316,83.33,-204.96,0
36328,83.33,-204.59,0
36339,90.91,-204.45,0
36350,90.91,-205.00,0
36362,83.33,-204.59,0
36373,90.91,-205.01,0
36385,90.91,-205.40,0
36397,76.92,-205.51,0
36408,90.91,-205.19,0
36419,90.91,-205.60,0
36430,90.91,-205.93,0
36442,83.33,-205.76,0
36454,83.33,-204.88,0
36465,90.91,-204.43,0
36476,90.91,-204.28,0
36488,83.33,-204.58,0
36499,90.91,-204.17,0
36510,90.91,-204.72,0
36523,76.92,-205.40,0
36534,90.91,-205.08,0
36545,90.91,-205.12,0
36556,90.91,-205.33,0
36568,83.33,-205.08,0
36579,90.91,-204.85,0
36591,83.33,-205.10,0
36602,90.91,-205.15,0
36614,83.33,-204.60,0
36625,90.91,-204.67,0
36636,90.91,-204.58,0
36647,90.91,-204.92,0
36660,76.92,-204.92,0
36671,90.91,-205.02,0
36682,90.91,-205.07,0
36694,83.33,-205.05,0
36705,90.91,-205.06,0
36717,90.91,-204.75,0
36728,83.33,-204.36,0
36740,83.33,-204.70,0
36751,90.91,-204.79,0
36762,90.91,-204.64,0
36773,90.91,-204.38,0
36786,83.33,-204.56,0
36797,90.91,-204.99,0
36808,90.91,-204.78,0
36819,90.91,-205.32,0
36831,83.33,-205.36,0
36842,90.91,-204.93,0
36854,83.33,-205.38,0
36866,83.33,-205.28,0
36877,90.91,-205.64,0
36888,90.91,-205.38,0
36899,90.91,-204.89,0
36911,83.33,-204.91,0
36923,83.33,-204.97,0
36934,90.91,-204.58,0
36945,90.91,-205.02,0
36957,83.33,-204.78,0
36968,90.91,-204.67,0
36979,90.91,-205.79,0
36992,76.92,-205.32,0
37003,90.91,-205.00,0
37014,90.91,-205.58,0
37025,90.91,-205.32,0
37037,83.33,-204.54,0
37048,90.91,-204.35,0
37060,83.33,-204.49,0
37071,90.91,-204.45,0
37083,83.33,-204.94,0
37094,90.91,-204.99,0
37105,90.91,-204.77,0
37117,90.91,-205.56,0
37129,76.92,-205.36,0
37140,90.91,-204.78,0
37151,90.91,-205.22,0
37163,83.33,-205.22,0
37174,90.91,-205.59,0
37186,83.33,-205.41,0
37197,90.91,-204.76,0
37209,83.33,-204.49,0
37220,90.91,-204.86,0
37231,90.91,-204.54,0
37242,90.91,-205.14,0
37255,76.92,-205.15,0
37266,90.91,-205.45,0
37277,90.91,-205.35,0
37288,90.91,-205.17,0
37300,83.33,-204.91,0
37311,90.91,-204.56,0
37323,83.33,-205.16,0
37335,83.33,-204.73,0
37346,90.91,-204.48,0
37357,90.91,-204.46,0
37368,90.91,-205.34,0
37380,83.33,-205.75,0
37392,83.33,-205.74,0
37403,90.91,-205.56,0
37414,90.91,-205.29,0
37426,83.33,-205.46,0
37437,90.91,-205.37,0
37449,90.91,-205.06,0
37460,83.33,-204.84,0
37472,83.33,-204.67,0
37483,90.91,-205.36,0
37494,90.91,-205.01,0
37506,83.33,-204.87,0
37518,90.91,-205.00,0
37529,83.33,-205.12,0
37540,90.91,-205.65,0
37552,83.33,-205.82,0
37563,90.91,-205.23,0
37574,90.91,-205.46,0
37586,83.33,-205.05,0
37598,83.33,-204.98,0
37609,90.91,-205.29,0
37620,90.91,-204.89,0
37632,83.33,-204.81,0
37643,90.91,-205.00,0
37655,83.33,-205.22,0
37666,90.91,-205.16,0
37678,83.33,-205.08,0
37689,90.91,-205.68,0
37700,90.91,-205.80,0
37711,90.91,-205.51,0
37724,76.92,-205.16,0
37735,90.91,-205.45,0
37746,90.91,-205.21,0
37757,90.91,-205.30,0
37769,83.33,-205.37,0
37780,90.91,-205.50,0
37792,83.33,-205.12,0
37804,83.33,-205.20,0
37815,90.91,-205.96,0
37826,90.91,-205.15,0
37837,90.91,-205.03,0
37849,83.33,-205.54,0
37861,83.33,-205.84,0
37872,90.91,-205.19,0
37883,90.91,-204.78,0
37895,83.33,-204.55,0
37906,90.91,-204.38,0
37918,90.91,-204.70,0
37929,83.33,-204.63,0
37941,83.33,-204.55,0
37952,90.91,-204.44,0
37963,90.91,-205.45,0
37975,83.33,-205.96,0
37987,83.33,-205.47,0
37998,90.91,-205.40,0
38009,90.91,-204.86,0
38021,83.33,-204.52,0
38032,90.91,-204.28,0
38043,90.91,-204.10,0
38055,83.33,-204.54,0
38067,83.33,-204.84,0
38078,90.91,-204.67,0
38089,90.91,-204.70,0
38100,90.91,-205.11,0
38112,83.33,-205.50,0
38124,83.33,-205.46,0
38135,90.91,-204.94,0
38147,83.33,-204.68,0
38158,90.91,-204.89,0
38169,90.91,-204.58,0
38180,90.91,-204.94,0
38193,76.92,-204.79,0
38204,90.91,-205.15,0
38215,90.91,-205.01,0
38226,90.91,-205.15,0
38238,83.33,-205.18,0
38250,90.91,-205.30,0
38261,83.33,-205.55,0
38273,83.33,-205.33,0
38284,90.91,-205.70,0
38295,90.91,-205.58,0
38306,90.91,-204.93,0
38319,83.33,-205.24,0
38330,90.91,-205.26,0
38341,90.91,-204.29,0
38352,90.91,-203.91,0
38364,83.33,-204.22,0
38375,90.91,-204.41,0
38387,83.33,-205.03,0
38398,90.91,-204.97,0
38410,83.33,-205.54,0
38421,90.91,-205.87,0
38432,90.91,-205.28,0
38444,83.33,-205.39,0
38456,83.33,-205.43,0
38467,90.91,-204.90,0
38478,90.91,-205.30,0
38490,83.33,-205.55,0
38501,90.91,-205.46,0
38512,90.91,-205.49,0
38524,83.33,-205.39,0
38536,83.33,-205.01,0
38547,90.91,-205.16,0
38558,90.91,-205.71,0
38569,90.91,-205.52,0
38581,83.33,-204.91,0
38593,83.33,-205.27,0
38604,90.91,-205.13,0
38616,83.33,-205.28,0
38627,90.91,-204.96,0
38638,90.91,-204.86,0
38649,90.91,-205.20,0
38662,76.92,-204.77,0
38673,90.91,-204.75,0
38684,90.91,-204.94,0
38695,90.91,-205.13,0
38707,83.33,-205.42,0
38719,90.91,-205.73,0
38730,83.33,-205.22,0
38742,83.33,-205.07,0
38753,90.91,-205.01,0
38764,90.91,-204.56,0
38775,90.91,-204.42,0
38788,76.92,-205.04,0
38799,90.91,-205.04,0
38810,90.91,-205.73,0
38821,90.91,-205.68,0
38833,83.33,-205.59,0
38844,90.91,-205.17,0
38856,83.33,-205.19,0
38867,90.91,-204.95,0
38879,83.33,-205.21,0
38890,90.91,-205.43,0
38901,90.91,-205.26,0
38913,83.33,-204.52,0
38925,83.33,-204.03,0
38936,90.91,-204.76,0
38947,90.91,-205.01,0
38959,83.33,-205.70,0
38970,90.91,-206.07,0
38981,90.91,-205.19,0
38993,83.33,-205.13,0
39005,83.33,-204.77,0
39016,90.91,-204.68,0
39027,90.91,-204.84,0
39038,90.91,-205.29,0
39050,83.33,-205.01,0
39062,83.33,-205.24,0
39073,90.91,-205.39,0
39085,83.33,-205.38,0
39096,90.91,-204.76,0
39107,90.91,-204.78,0
39119,90.91,-205.22,0
39131,76.92,-205.49,0
39142,90.91,-205.05,0
39153,90.91,-204.98,0
39164,90.91,-205.03,0
39176,83.33,-204.98,0
39188,83.33,-204.51,0
39199,90.91,-204.31,0
39211,83.33,-204.89,0
39222,90.91,-205.13,0
39233,90.91,-204.99,0
39244,90.91,-205.03,0
39257,76.92,-205.14,0
39268,90.91,-205.44,0
39279,90.91,-204.81,0
39290,90.91,-205.33,0
39302,83.33,-204.76,0
39313,90.91,-205.24,0
39325,83.33,-204.68,0
39336,90.91,-204.79,0
39348,83.33,-204.96,0
39359,90.91,-205.57,0
39370,90.91,-205.23,0
39382,83.33,-205.39,0
39394,83.33,-205.15,0
39405,90.91,-204.68,0
39416,90.91,-204.37,0
39428,83.33,-204.92,0
39439,90.91,-205.28,0
39450,90.91,-205.23,0
39462,83.33,-205.25,0
39474,83.33,-205.14,0
39485,90.91,-205.72,0
39496,90.91,-205.34,0
39507,90.91,-204.57,0
39520,83.33,-204.48,0
39531,83.33,-204.89,0
39542,90.91,-205.07,0
39554,83.33,-204.66,0
