66,15.15,-199.48,0
77,90.91,-199.25,0
89,83.33,-199.35,0
100,90.91,-199.71,0
111,90.91,-199.50,0
123,83.33,-199.63,0
135,83.33,-200.12,0
146,90.91,-200.61,0
157,90.91,-200.92,0
168,90.91,-200.15,0
180,83.33,-199.63,0
192,83.33,-199.65,0
203,90.91,-199.17,0
215,83.33,-199.00,0
226,90.91,-199.03,0
237,90.91,-199.45,0
249,90.91,-199.40,0
261,76.92,-199.85,0
272,90.91,-200.18,0
283,90.91,-200.78,0
294,90.91,-201.02,0
306,83.33,-200.27,0
318,83.33,-199.86,0
329,90.91,-199.56,0
340,90.91,-199.22,0
352,83.33,-199.22,0
363,90.91,-199.83,0
374,90.91,-199.66,0
387,76.92,-199.63,0
398,90.91,-199.48,0
409,90.91,-199.78,0
420,90.91,-200.56,0
432,83.33,-201.08,0
443,90.91,-200.80,0
455,83.33,-200.54,0
466,90.91,-200.26,0
478,83.33,-199.96,0
489,90.91,-199.72,0
500,90.91,-199.69,0
513,83.33,-198.98,0
524,83.33,-198.98,0
535,90.91,-199.08,0
546,90.91,-200.05,0
558,83.33,-200.70,0
569,90.91,-200.71,0
581,83.33,-200.61,0
592,90.91,-200.61,0
604,83.33,-200.07,0
615,90.91,-199.65,0
626,90.91,-199.29,0
637,90.91,-199.59,0
650,76.92,-199.16,0
661,90.91,-199.09,0
672,90.91,-199.19,0
684,83.33,-199.94,0
695,90.91,-200.12,0
706,90.91,-199.96,0
718,83.33,-200.33,0
730,83.33,-200.31,0
741,90.91,-200.42,0
752,90.91,-200.12,0
763,90.91,-200.34,0
776,83.33,-199.86,0
787,83.33,-199.66,0
798,90.91,-199.24,0
809,90.91,-199.34,0
821,83.33,-200.11,0
832,90.91,-200.08,0
844,83.33,-200.16,0
856,83.33,-200.34,0
867,90.91,-200.25,0
878,90.91,-199.89,0
889,90.91,-199.83,0
901,83.33,-199.98,0
913,83.33,-199.71,0
924,90.91,-198.94,0
935,90.91,-198.40,0
947,83.33,-198.81,0
958,90.91,-198.93,0
969,90.91,-199.15,0
982,76.92,-199.51,0
993,90.91,-200.04,0
1004,90.91,-200.09,0
1015,90.91,-200.89,0
1027,83.33,-200.69,0
1039,90.91,-200.26,0
1050,83.33,-199.83,0
1061,90.91,-199.26,0
1073,83.33,-198.59,0
1084,90.91,-198.67,0
1095,90.91,-199.13,0
1107,83.33,-199.48,0
1119,83.33,-199.64,0
1130,90.91,-200.24,0
1141,90.91,-200.54,0
1153,83.33,-200.78,0
1164,90.91,-201.16,0
1176,83.33,-201.24,0
1187,90.91,-200.05,0
1199,83.33,-199.49,0
1210,90.91,-198.70,0
1221,90.91,-198.43,0
1232,90.91,-198.56,0
1245,76.92,-198.67,0
1256,90.91,-199.62,0
1267,90.91,-200.83,0
1278,90.91,-201.24,0
1290,83.33,-201.15,0
1301,90.91,-201.11,0
1313,83.33,-200.88,0
1325,83.33,-199.84,0
1336,90.91,-199.64,0
1347,90.91,-199.55,0
1358,90.91,-198.81,0
1371,83.33,-199.04,0
1382,83.33,-199.19,0
1393,90.91,-199.63,0
1404,90.91,-200.21,0
1416,83.33,-200.91,0
1427,90.91,-201.63,0
1439,83.33,-200.82,0
1451,83.33,-200.51,0
1462,90.91,-200.45,0
1473,90.91,-199.83,0
1484,90.91,-199.83,0
1496,83.33,-199.07,0
1508,83.33,-198.93,0
1519,90.91,-199.20,0
1530,90.91,-199.46,0
1542,83.33,-199.71,0
1553,90.91,-200.50,0
1564,90.91,-200.73,0
1576,83.33,-201.18,0
1588,83.33,-200.99,0
1599,90.91,-200.19,0
1610,90.91,-199.81,0
1622,83.33,-198.90,0
1634,90.91,-198.29,0
1645,83.33,-198.62,0
1656,90.91,-199.21,0
1668,83.33,-199.39,0
1679,90.91,-200.12,0
1690,90.91,-199.92,0
1702,83.33,-200.83,0
1714,83.33,-201.52,0
1725,90.91,-201.62,0
1736,90.91,-201.09,0
1747,90.91,-200.30,0
1759,83.33,-199.33,0
1771,83.33,-198.91,0
1782,90.91,-198.28,0
1794,83.33,-198.26,0
1805,90.91,-198.74,0
1816,90.91,-199.19,0
1827,90.91,-199.88,0
1840,76.92,-201.05,0
1851,90.91,-201.09,0
1862,90.91,-200.38,0
1873,90.91,-200.69,0
1885,83.33,-200.22,0
1897,90.91,-199.81,0
1908,83.33,-199.08,0
1920,83.33,-198.77,0
1931,90.91,-198.50,0
1942,90.91,-198.92,0
1953,90.91,-199.83,0
1966,76.92,-199.94,0
1977,90.91,-200.31,0
1988,90.91,-200.84,0
1999,90.91,-201.39,0
2011,83.33,-201.66,0
2022,90.91,-200.66,0
2034,83.33,-199.96,0
2045,90.91,-198.77,0
2057,83.33,-198.33,0
2068,90.91,-198.76,0
2079,90.91,-198.98,0
2091,83.33,-199.23,0
2103,83.33,-199.95,0
2114,90.91,-200.49,0
2125,90.91,-200.55,0
2137,83.33,-200.93,0
2148,90.91,-200.82,0
2160,90.91,-200.31,0
2171,83.33,-199.59,0
2183,83.33,-198.86,0
2194,90.91,-198.53,0
2205,90.91,-198.73,0
2216,90.91,-198.88,0
2229,76.92,-198.90,0
2240,90.91,-199.17,0
2251,90.91,-200.50,0
2263,83.33,-200.90,0
2274,90.91,-200.50,0
2285,90.91,-200.74,0
2297,83.33,-200.40,0
2309,83.33,-200.43,0
2320,90.91,-200.70,0
2331,90.91,-199.83,0
2342,90.91,-199.42,0
2354,83.33,-198.91,0
2366,83.33,-199.11,0
2377,90.91,-199.25,0
2388,90.91,-199.80,0
2400,83.33,-200.51,0
2411,90.91,-200.66,0
2423,90.91,-200.78,0
2435,76.92,-200.76,0
2446,90.91,-200.40,0
2457,90.91,-200.44,0
2468,90.91,-200.12,0
2480,83.33,-199.29,0
2492,83.33,-198.87,0
2503,90.91,-198.73,0
2514,90.91,-199.48,0
2526,83.33,-199.75,0
2537,90.91,-199.50,0
2548,90.91,-200.28,0
2561,76.92,-201.17,0
2572,90.91,-201.25,0
2583,90.91,-201.52,0
2594,90.91,-201.00,0
2606,83.33,-200.20,0
2617,90.91,-198.97,0
2629,83.33,-198.63,0
2640,90.91,-198.20,0
2652,83.33,-199.00,0
2663,90.91,-199.18,0
2674,90.91,-199.87,0
2686,90.91,-200.49,0
2698,76.92,-200.85,0
2709,90.91,-201.12,0
2720,90.91,-201.18,0
2732,83.33,-201.04,0
2743,90.91,-199.97,0
2755,83.33,-198.92,0
2766,90.91,-198.61,0
2778,83.33,-198.49,0
2789,90.91,-199.61,0
2800,90.91,-200.01,0
2811,90.91,-199.76,0
2824,76.92,-200.11,0
2835,90.91,-201.04,0
2846,90.91,-201.11,0
2857,90.91,-201.39,0
2869,83.33,-200.30,0
2880,90.91,-199.51,0
2892,83.33,-199.43,0
2904,83.33,-198.92,0
2915,90.91,-198.81,0
2926,90.91,-198.40,0
2937,90.91,-199.00,0
2950,83.33,-199.31,0
2961,83.33,-199.89,0
2972,90.91,-200.14,0
2983,90.91,-201.03,0
2995,83.33,-201.46,0
3006,90.91,-201.75,0
3018,83.33,-200.51,0
3030,83.33,-199.76,0
3041,90.91,-199.03,0
3052,90.91,-198.89,0
3063,90.91,-198.66,0
3075,83.33,-198.97,0
3087,83.33,-199.26,0
3098,90.91,-199.48,0
3109,90.91,-200.98,0
3121,83.33,-201.25,0
3132,90.91,-200.81,0
3143,90.91,-200.53,0
3155,83.33,-200.12,0
3167,83.33,-199.67,0
3178,90.91,-199.07,0
3189,90.91,-199.15,0
3201,83.33,-198.99,0
3213,90.91,-198.37,0
3224,83.33,-199.04,0
3235,90.91,-199.31,0
3247,83.33,-200.01,0
3258,90.91,-200.35,0
3269,90.91,-200.41,0
3281,83.33,-200.89,0
3293,83.33,-201.00,0
3304,90.91,-200.36,0
3315,90.91,-199.81,0
3326,90.91,-199.67,0
3338,83.33,-199.55,0
3350,83.33,-199.12,0
3361,90.91,-198.70,0
3373,83.33,-199.71,0
3384,90.91,-200.00,0
3395,90.91,-200.33,0
3406,90.91,-200.80,0
3419,76.92,-200.47,0
3430,90.91,-199.87,0
3441,90.91,-199.39,0
3452,90.91,-199.75,0
3464,83.33,-199.99,0
3476,90.91,-200.37,0
3487,83.33,-199.70,0
3499,83.33,-199.38,0
3510,90.91,-199.26,0
3521,90.91,-199.52,0
3532,90.91,-200.53,0
3545,76.92,-200.09,0
3556,90.91,-200.21,0
3567,90.91,-200.56,0
3578,90.91,-200.44,0
3590,83.33,-199.95,0
3601,90.91,-199.53,0
3613,83.33,-199.52,0
3624,90.91,-199.23,0
3636,83.33,-199.14,0
3647,90.91,-199.42,0
3658,90.91,-199.58,0
3670,83.33,-200.57,0
3682,83.33,-200.45,0
3693,90.91,-199.92,0
3704,90.91,-200.24,0
3716,83.33,-200.27,0
3727,90.91,-199.90,0
3739,90.91,-199.94,0
3750,83.33,-199.64,0
3762,83.33,-200.07,0
3773,90.91,-200.10,0
3784,90.91,-199.74,0
3795,90.91,-199.57,0
3808,76.92,-199.45,0
3819,90.91,-200.06,0
3830,90.91,-200.21,0
3842,83.33,-200.12,0
3853,90.91,-200.20,0
3864,90.91,-199.63,0
3876,83.33,-199.70,0
3888,83.33,-200.18,0
3899,90.91,-200.01,0
3910,90.91,-199.53,0
3921,90.91,-199.75,0
3933,83.33,-199.91,0
3945,83.33,-200.12,0
3956,90.91,-199.73,0
3968,83.33,-199.47,0
3979,90.91,-199.47,0
3990,90.91,-200.17,0
4002,90.91,-200.22,0
4014,76.92,-200.23,0
4025,90.91,-199.75,0
4036,90.91,-199.88,0
4047,90.91,-200.52,0
4059,83.33,-199.88,0
4071,83.33,-199.37,0
4082,90.91,-199.28,0
4093,90.91,-199.46,0
4105,83.33,-199.93,0
4116,90.91,-200.52,0
4127,90.91,-199.89,0
4140,76.92,-200.06,0
4151,90.91,-200.38,0
4162,90.91,-200.43,0
4173,90.91,-200.31,0
4185,83.33,-199.76,0
4196,90.91,-199.54,0
4208,83.33,-199.19,0
4219,90.91,-198.76,0
4231,83.33,-198.88,0
4242,90.91,-198.94,0
4253,90.91,-200.09,0
4265,90.91,-200.26,0
4277,76.92,-200.10,0
4288,90.91,-199.95,0
4299,90.91,-199.95,0
4311,83.33,-199.45,0
4322,90.91,-199.34,0
4334,83.33,-199.44,0
4345,90.91,-198.95,0
4357,83.33,-199.44,0
4368,90.91,-199.39,0
4379,90.91,-199.73,0
4390,90.91,-200.01,0
4403,76.92,-199.99,0
4414,90.91,-200.20,0
4425,90.91,-200.67,0
4436,90.91,-200.00,0
4448,83.33,-199.82,0
4460,90.91,-199.34,0
4471,83.33,-199.91,0
4483,83.33,-199.67,0
4494,90.91,-199.17,0
4505,90.91,-199.21,0
4516,90.91,-199.47,0
4529,76.92,-199.62,0
4540,90.91,-199.35,0
4551,90.91,-199.70,0
4562,90.91,-199.80,0
4574,83.33,-200.20,0
4585,90.91,-200.62,0
4597,83.33,-199.79,0
4609,83.33,-199.07,0
4620,90.91,-199.69,0
4631,90.91,-199.86,0
4642,90.91,-199.65,0
4654,83.33,-199.59,0
4666,83.33,-200.27,0
4677,90.91,-200.19,0
4688,90.91,-200.54,0
4700,83.33,-200.18,0
4711,90.91,-199.81,0
4723,90.91,-199.47,0
4734,83.33,-200.05,0
4746,83.33,-199.62,0
4757,90.91,-199.25,0
4768,90.91,-199.35,0
4780,83.33,-199.53,0
4792,83.33,-200.09,0
4803,90.91,-199.68,0
4814,90.91,-199.85,0
4826,83.33,-199.87,0
4837,90.91,-199.62,0
4848,90.91,-199.87,0
4860,83.33,-199.46,0
4872,83.33,-199.27,0
4883,90.91,-199.38,0
4894,90.91,-199.71,0
4905,90.91,-199.65,0
4918,83.33,-199.31,0
4929,83.33,-199.74,0
4940,90.91,-199.92,0
4952,83.33,-199.96,0
4963,90.91,-200.18,0
4974,90.91,-200.08,0
4986,83.33,-199.44,0
4998,83.33,-199.15,0
5009,90.91,-199.87,0
5020,90.91,-200.07,0
5031,90.91,-199.83,0
5043,83.33,-199.45,0
5055,83.33,-199.72,0
5066,90.91,-200.12,0
5078,83.33,-200.81,0
5089,90.91,-200.54,0
5100,90.91,-200.18,0
5111,90.91,-200.82,0
5124,76.92,-199.89,0
5135,90.91,-199.28,0
5146,90.91,-199.41,0
5157,90.91,-199.47,0
5169,83.33,-199.42,0
5181,90.91,-199.81,0
5192,83.33,-200.11,0
5203,90.91,-200.10,0
5215,83.33,-199.73,0
5226,90.91,-199.48,0
5237,90.91,-200.10,0
5250,76.92,-200.49,0
5261,90.91,-200.54,0
5272,90.91,-200.55,0
5283,90.91,-200.37,0
5295,83.33,-199.85,0
5306,90.91,-199.48,0
5318,83.33,-199.57,0
5329,90.91,-199.43,0
5341,83.33,-199.83,0
5352,90.91,-199.68,0
5363,90.91,-199.93,0
5374,90.91,-200.10,0
5387,76.92,-200.06,0
5398,90.91,-200.26,0
5409,90.91,-200.17,0
5421,83.33,-199.96,0
5432,90.91,-200.16,0
5444,90.91,-200.31,0
5455,83.33,-200.33,0
5467,83.33,-200.42,0
5478,90.91,-199.77,0
5489,90.91,-199.60,0
5500,90.91,-199.47,0
5513,76.92,-200.25,0
5524,90.91,-200.18,0
5535,90.91,-200.39,0
5547,83.33,-200.29,0
5558,90.91,-199.99,0
5569,90.91,-199.70,0
5581,83.33,-199.77,0
5593,83.33,-200.03,0
5604,90.91,-199.38,0
5615,90.91,-199.32,0
5626,90.91,-199.57,0
5638,83.33,-199.61,0
5650,83.33,-199.41,0
5661,90.91,-199.62,0
5672,90.91,-199.88,0
5684,83.33,-200.66,0
5695,90.91,-200.84,0
5707,90.91,-200.60,0
5719,83.33,-199.86,0
5730,90.91,-199.75,0
5741,90.91,-199.03,0
5752,90.91,-198.96,0
5764,83.33,-199.02,0
5776,83.33,-199.48,0
5787,90.91,-199.65,0
5798,90.91,-199.44,0
5810,83.33,-200.33,0
5821,90.91,-200.17,0
5832,90.91,-200.33,0
5844,83.33,-200.78,0
5856,83.33,-200.45,0
5867,90.91,-200.06,0
5878,90.91,-199.76,0
5890,83.33,-199.21,0
5902,90.91,-198.94,0
5913,83.33,-199.67,0
5924,90.91,-200.07,0
5936,83.33,-200.44,0
5947,90.91,-200.75,0
5958,90.91,-200.95,0
5970,83.33,-200.60,0
5982,83.33,-200.25,0
5993,90.91,-199.68,0
6004,90.91,-199.04,0
6016,83.33,-199.26,0
6027,90.91,-199.08,0
6039,83.33,-198.70,0
6050,90.91,-199.26,0
6062,83.33,-199.69,0
6073,90.91,-199.79,0
6084,90.91,-200.96,0
6095,90.91,-201.08,0
6108,76.92,-200.67,0
6119,90.91,-200.48,0
6130,90.91,-199.82,0
6141,90.91,-199.54,0
6153,83.33,-199.40,0
6165,90.91,-199.40,0
6176,83.33,-199.40,0
6188,83.33,-199.18,0
6199,90.91,-199.92,0
6210,90.91,-199.35,0
6221,90.91,-199.95,0
6234,76.92,-200.10,0
6245,90.91,-200.18,0
6256,90.91,-200.45,0
6267,90.91,-200.10,0
6279,83.33,-200.06,0
6290,90.91,-199.46,0
6302,83.33,-199.69,0
6313,90.91,-199.25,0
6325,83.33,-199.23,0
6336,90.91,-199.53,0
6347,90.91,-199.79,0
6359,83.33,-199.82,0
6371,83.33,-200.07,0
6382,90.91,-200.45,0
6393,90.91,-200.52,0
6405,83.33,-200.01,0
6416,90.91,-199.54,0
6428,90.91,-199.10,0
6439,83.33,-199.01,0
6451,83.33,-199.23,0
6462,90.91,-198.94,0
6473,90.91,-199.59,0
6484,90.91,-199.98,0
6497,76.92,-199.85,0
6508,90.91,-200.06,0
6519,90.91,-200.43,0
6531,83.33,-200.04,0
6542,90.91,-199.92,0
6553,90.91,-199.34,0
6565,83.33,-199.03,0
6577,83.33,-199.44,0
6588,90.91,-199.21,0
6599,90.91,-199.68,0
6610,90.91,-199.61,0
6622,83.33,-199.99,0
6634,83.33,-200.61,0
6645,90.91,-200.13,0
6657,83.33,-200.03,0
6668,90.91,-200.63,0
6679,90.91,-199.78,0
6691,90.91,-200.01,0
6703,76.92,-199.85,0
6714,90.91,-199.50,0
6725,90.91,-200.00,0
6736,90.91,-199.66,0
6748,83.33,-199.07,0
6760,83.33,-199.32,0
6771,90.91,-199.91,0
6782,90.91,-199.88,0
6794,83.33,-199.69,0
6805,90.91,-200.03,0
6816,90.91,-199.96,0
6829,76.92,-199.20,0
6840,90.91,-199.81,0
6851,90.91,-200.05,0
6862,90.91,-200.18,0
6874,83.33,-199.77,0
6885,90.91,-199.62,0
6897,83.33,-199.64,0
6908,90.91,-199.55,0
6920,83.33,-199.60,0
6931,90.91,-200.06,0
6942,90.91,-199.82,0
6955,90.91,-200.05,0
6966,76.92,-200.00,0
6977,90.91,-199.99,0
6988,90.91,-200.02,0
7000,83.33,-199.48,0
7011,90.91,-199.39,0
7023,83.33,-198.57,0
7034,90.91,-199.38,0
7046,83.33,-199.94,0
7057,90.91,-200.52,0
7068,90.91,-200.15,0
7079,90.91,-199.50,0
7092,76.92,-199.34,0
7103,90.91,-199.62,0
7114,90.91,-199.75,0
7126,83.33,-199.99,0
7137,90.91,-200.20,0
7148,90.91,-200.39,0
7160,83.33,-200.15,0
7172,83.33,-199.59,0
7183,90.91,-199.98,0
7194,90.91,-199.94,0
7205,90.91,-200.05,0
7218,83.33,-199.52,0
7229,83.33,-199.77,0
7240,90.91,-200.07,0
7251,90.91,-200.52,0
7263,83.33,-200.00,0
7274,90.91,-199.84,0
7286,83.33,-199.46,0
7298,83.33,-199.87,0
7309,90.91,-199.55,0
7320,90.91,-199.18,0
7331,90.91,-199.28,0
7343,83.33,-199.57,0
7355,83.33,-199.56,0
7366,90.91,-199.47,0
7377,90.91,-200.04,0
7389,83.33,-200.21,0
7400,90.91,-200.12,0
7411,90.91,-199.84,0
7424,76.92,-199.57,0
7435,90.91,-198.95,0
7446,90.91,-199.34,0
7457,90.91,-199.92,0
7469,83.33,-200.04,0
7481,90.91,-200.67,0
7492,83.33,-200.87,0
7503,90.91,-200.36,0
7515,83.33,-200.57,0
7526,90.91,-200.29,0
7537,90.91,-199.76,0
7549,83.33,-199.70,0
7561,83.33,-199.46,0
7572,90.91,-199.99,0
7583,90.91,-199.57,0
7595,83.33,-199.30,0
7606,90.91,-199.61,0
7618,83.33,-199.92,0
7629,90.91,-200.15,0
7641,83.33,-199.85,0
7652,90.91,-199.82,0
7663,90.91,-200.00,0
7674,90.91,-199.97,0
7687,76.92,-199.35,0
7698,90.91,-198.57,0
7709,90.91,-199.15,0
7720,90.91,-199.76,0
7732,83.33,-199.50,0
7744,90.91,-199.43,0
7755,83.33,-199.68,0
7767,83.33,-199.64,0
7778,90.91,-200.17,0
7789,90.91,-199.95,0
7800,90.91,-199.88,0
7813,76.92,-200.17,0
7824,90.91,-199.80,0
7835,90.91,-199.69,0
7846,90.91,-199.40,0
7858,83.33,-199.56,0
7869,90.91,-200.18,0
7881,83.33,-200.87,0
7892,90.91,-200.50,0
7904,83.33,-200.46,0
7915,90.91,-200.45,0
7926,90.91,-200.46,0
7938,83.33,-200.23,0
7950,83.33,-199.81,0
7961,90.91,-199.99,0
7972,90.91,-199.89,0
7984,83.33,-199.83,0
7995,90.91,-199.93,0
8007,90.91,-200.23,0
8018,83.33,-199.98,0
8030,83.33,-199.44,0
8041,90.91,-199.70,0
8052,90.91,-199.99,0
8064,83.33,-199.75,0
8076,83.33,-199.77,0
8087,90.91,-200.04,0
8098,90.91,-200.09,0
8110,83.33,-199.86,0
8121,90.91,-199.13,0
8132,90.91,-199.55,0
8144,83.33,-200.12,0
8156,83.33,-200.54,0
8167,90.91,-200.39,0
8178,90.91,-199.13,0
8189,90.91,-199.17,0
8201,83.33,-199.71,0
8213,83.33,-200.07,0
8224,90.91,-200.69,0
8236,83.33,-200.18,0
8247,90.91,-199.65,0
8258,90.91,-199.70,0
8270,90.91,-199.63,0
8282,76.92,-199.89,0
8293,90.91,-200.00,0
8304,90.91,-199.62,0
8315,90.91,-199.24,0
8327,83.33,-199.44,0
8339,83.33,-199.48,0
8350,90.91,-199.14,0
8361,90.91,-199.93,0
8373,83.33,-199.83,0
8384,90.91,-199.65,0
8395,90.91,-199.84,0
8408,76.92,-199.83,0
8419,90.91,-200.23,0
8430,90.91,-199.70,0
8441,90.91,-199.85,0
8453,83.33,-199.62,0
8464,90.91,-199.71,0
8476,83.33,-200.15,0
8487,90.91,-199.91,0
8499,83.33,-199.70,0
8510,90.91,-199.68,0
8521,90.91,-199.77,0
8534,90.91,-199.67,0
8545,76.92,-199.97,0
8556,90.91,-200.60,0
8567,90.91,-200.44,0
8579,83.33,-200.17,0
8590,90.91,-200.16,0
8602,83.33,-199.82,0
8613,90.91,-200.41,0
8625,83.33,-199.89,0
8636,90.91,-199.22,0
8647,90.91,-200.10,0
8658,90.91,-199.77,0
8671,76.92,-200.04,0
8682,90.91,-200.36,0
8693,90.91,-200.12,0
8705,83.33,-200.10,0
8716,90.91,-200.26,0
8727,90.91,-200.27,0
8739,83.33,-199.63,0
8751,83.33,-199.93,0
8762,90.91,-199.92,0
8773,90.91,-200.12,0
8784,90.91,-199.88,0
8797,83.33,-200.22,0
8808,83.33,-200.50,0
8819,90.91,-200.38,0
8830,90.91,-199.99,0
8842,83.33,-200.06,0
8853,90.91,-200.57,0
8865,83.33,-199.97,0
8877,83.33,-199.70,0
8888,90.91,-199.79,0
8899,90.91,-199.53,0
8910,90.91,-199.39,0
8922,83.33,-199.59,0
8934,83.33,-200.22,0
8945,90.91,-200.32,0
8956,90.91,-200.77,0
8968,83.33,-200.37,0
8979,90.91,-199.16,0
8990,90.91,-199.20,0
9003,76.92,-199.36,0
9014,90.91,-199.16,0
9025,90.91,-199.14,0
9036,90.91,-199.72,0
9048,83.33,-200.00,0
9060,90.91,-199.75,0
9071,83.33,-200.51,0
9082,90.91,-200.19,0
9094,83.33,-200.01,0
9105,90.91,-199.80,0
9116,90.91,-200.17,0
9128,83.33,-199.84,0
9140,83.33,-199.37,0
9151,90.91,-199.46,0
9162,90.91,-199.67,0
9174,83.33,-199.59,0
9185,90.91,-199.83,0
9197,83.33,-200.26,0
9208,90.91,-200.74,0
9220,83.33,-200.26,0
9231,90.91,-200.60,0
9242,90.91,-200.59,0
9253,90.91,-199.88,0
9266,76.92,-200.18,0
9277,90.91,-200.52,0
9288,90.91,-200.02,0
9299,90.91,-199.66,0
9311,83.33,-199.55,0
9323,90.91,-199.81,0
9334,83.33,-199.79,0
9346,83.33,-200.05,0
9357,90.91,-200.01,0
9368,90.91,-200.56,0
9379,90.91,-200.26,0
9392,76.92,-200.19,0
9403,90.91,-200.03,0
9414,90.91,-200.04,0
9425,90.91,-199.58,0
9437,83.33,-199.44,0
9448,90.91,-199.57,0
9460,83.33,-200.21,0
9472,83.33,-200.48,0
9483,90.91,-200.30,0
9494,90.91,-200.52,0
9505,90.91,-199.80,0
9517,83.33,-199.55,0
9529,83.33,-199.08,0
9540,90.91,-199.33,0
9551,90.91,-199.39,0
9563,83.33,-199.13,0
9574,90.91,-199.78,0
9586,90.91,-199.27,0
9597,83.33,-199.58,0
9609,83.33,-199.77,0
9620,90.91,-199.76,0
9631,90.91,-200.08,0
9643,83.33,-200.01,0
9655,83.33,-199.61,0
9666,90.91,-199.61,0
9677,90.91,-199.73,0
9689,83.33,-200.29,0
9700,90.91,-199.78,0
9711,90.91,-199.34,0
9723,83.33,-199.18,0
9735,83.33,-199.28,0
9746,90.91,-199.24,0
9757,90.91,-199.41,0
9768,90.91,-199.68,0
9780,83.33,-199.99,0
9792,83.33,-199.77,0
9803,90.91,-200.29,0
9815,83.33,-200.30,0
9826,90.91,-199.94,0
9837,90.91,-200.01,0
9849,90.91,-199.64,0
9861,76.92,-199.58,0
9872,90.91,-199.69,0
9883,90.91,-199.79,0
9894,90.91,-199.53,0
9906,83.33,-200.03,0
9918,83.33,-200.29,0
9929,90.91,-200.59,0
9940,90.91,-200.86,0
9952,83.33,-200.56,0
9963,90.91,-200.09,0
9974,90.91,-199.84,0
9987,76.92,-199.37,0
9998,90.91,-199.30,0
10009,90.91,-199.56,0
10020,90.91,-199.24,0
10032,83.33,-199.58,0
10043,90.91,-200.45,0
10055,83.33,-200.45,0
10066,90.91,-200.50,0
10078,83.33,-200.25,0
10089,90.91,-200.18,0
10100,90.91,-200.57,0
10113,83.33,-200.35,0
10124,83.33,-199.62,0
10135,90.91,-199.57,0
10146,90.91,-199.77,0
10158,83.33,-199.86,0
10169,90.91,-199.69,0
10181,83.33,-199.26,0
10192,90.91,-199.58,0
10204,83.33,-200.01,0
10215,90.91,-199.70,0
10226,90.91,-199.72,0
10237,90.91,-199.88,0
10250,76.92,-200.36,0
10261,90.91,-199.72,0
10272,90.91,-199.63,0
10284,83.33,-199.38,0
10295,90.91,-199.01,0
10306,90.91,-199.54,0
10318,83.33,-199.96,0
10330,83.33,-200.06,0
10341,90.91,-200.12,0
10352,90.91,-200.94,0
10363,90.91,-200.43,0
10376,83.33,-199.74,0
10387,83.33,-200.28,0
10398,90.91,-199.50,0
10409,90.91,-199.57,0
10421,83.33,-199.48,0
10432,90.91,-199.09,0
10444,83.33,-199.42,0
10456,83.33,-199.64,0
10467,90.91,-199.76,0
10478,90.91,-199.36,0
10489,90.91,-199.71,0
10501,83.33,-200.39,0
10513,83.33,-200.42,0
10524,90.91,-200.59,0
10535,90.91,-200.13,0
10547,83.33,-199.47,0
10558,90.91,-199.04,0
10569,90.91,-199.37,0
10582,76.92,-199.61,0
10593,90.91,-200.17,0
10604,90.91,-200.20,0
10615,90.91,-199.72,0
10627,83.33,-200.12,0
10639,90.91,-200.93,0
10650,83.33,-200.57,0
10661,90.91,-200.00,0
10673,83.33,-199.61,0
10684,90.91,-199.76,0
10695,90.91,-199.47,0
10707,83.33,-199.34,0
10719,83.33,-199.48,0
10730,90.91,-199.51,0
10741,90.91,-199.84,0
10753,83.33,-200.19,0
10764,90.91,-200.53,0
10776,83.33,-200.97,0
10787,90.91,-201.05,0
10799,83.33,-200.37,0
10810,90.91,-199.72,0
10821,90.91,-199.45,0
10832,90.91,-199.33,0
10845,76.92,-199.25,0
10856,90.91,-199.85,0
10867,90.91,-200.44,0
10878,90.91,-200.27,0
10890,83.33,-200.43,0
10902,90.91,-199.63,0
10913,83.33,-199.27,0
10925,83.33,-199.46,0
10936,90.91,-199.76,0
10947,90.91,-199.22,0
10958,90.91,-199.13,0
10971,76.92,-199.56,0
10982,90.91,-199.62,0
10993,90.91,-199.67,0
11004,90.91,-199.75,0
11016,83.33,-199.83,0
11027,90.91,-199.61,0
11039,83.33,-200.35,0
11051,83.33,-200.53,0
11062,90.91,-199.52,0
11073,90.91,-199.61,0
11084,90.91,-199.57,0
11096,83.33,-200.09,0
11108,83.33,-200.47,0
11119,90.91,-200.19,0
11130,90.91,-199.36,0
11142,83.33,-198.93,0
11153,90.91,-199.48,0
11165,83.33,-200.51,0
11176,90.91,-200.12,0
11188,83.33,-199.88,0
11199,90.91,-199.56,0
11210,90.91,-199.62,0
11222,83.33,-199.86,0
11234,83.33,-199.40,0
11245,90.91,-199.48,0
11256,90.91,-199.56,0
11268,83.33,-199.76,0
11279,90.91,-199.58,0
11290,90.91,-199.79,0
11302,83.33,-199.74,0
11314,83.33,-199.66,0
11325,90.91,-199.65,0
11336,90.91,-199.55,0
11347,90.91,-200.23,0
11360,83.33,-200.50,0
11371,83.33,-200.60,0
11382,90.91,-200.77,0
11394,83.33,-200.03,0
11405,90.91,-199.42,0
11416,90.91,-199.30,0
11428,83.33,-199.35,0
11440,83.33,-199.43,0
11451,90.91,-199.15,0
11462,90.91,-199.51,0
11473,90.91,-199.34,0
11485,83.33,-199.40,0
11497,83.33,-199.68,0
11508,90.91,-199.86,0
11520,83.33,-200.42,0
11531,90.91,-200.03,0
11542,90.91,-199.97,0
11553,90.91,-199.75,0
11566,76.92,-199.61,0
11577,90.91,-199.44,0
11588,90.91,-199.56,0
11599,90.91,-200.03,0
11611,83.33,-199.96,0
11623,90.91,-200.51,0
11634,83.33,-200.62,0
11645,90.91,-200.06,0
11657,83.33,-199.83,0
11668,90.91,-199.84,0
11679,90.91,-200.22,0
11692,76.92,-199.83,0
11703,90.91,-199.68,0
11714,90.91,-199.66,0
11725,90.91,-199.25,0
11737,83.33,-199.59,0
11748,90.91,-199.73,0
11760,83.33,-199.59,0
11771,90.91,-199.95,0
11783,83.33,-199.67,0
11794,90.91,-200.01,0
11805,90.91,-200.26,0
11816,90.91,-199.72,0
11829,76.92,-199.93,0
11840,90.91,-199.72,0
11851,90.91,-199.28,0
11863,83.33,-199.35,0
11874,90.91,-199.25,0
11886,90.91,-200.14,0
11897,83.33,-200.42,0
11909,83.33,-199.69,0
11920,90.91,-199.88,0
11931,90.91,-200.09,0
11942,90.91,-200.26,0
11955,76.92,-200.82,0
11966,90.91,-200.09,0
11977,90.91,-200.00,0
11988,90.91,-199.65,0
12000,83.33,-199.69,0
12011,90.91,-199.29,0
12023,83.33,-199.04,0
12035,83.33,-199.64,0
12046,90.91,-199.82,0
12057,90.91,-200.27,0
12068,90.91,-200.00,0
12080,83.33,-199.59,0
12092,83.33,-199.91,0
12103,90.91,-200.52,0
12114,90.91,-199.44,0
12126,83.33,-199.17,0
12137,90.91,-199.40,0
12149,83.33,-199.81,0
12161,83.33,-200.08,0
12172,90.91,-200.02,0
12183,90.91,-199.59,0
12194,90.91,-200.12,0
12206,83.33,-200.05,0
12218,83.33,-200.14,0
12229,90.91,-199.89,0
12240,90.91,-199.69,0
12252,83.33,-199.28,0
12263,90.91,-198.97,0
12274,90.91,-199.41,0
12286,83.33,-199.92,0
12298,83.33,-200.27,0
12309,90.91,-200.59,0
12320,90.91,-200.46,0
12332,83.33,-199.59,0
12344,90.91,-199.97,0
12355,83.33,-200.19,0
12366,90.91,-199.56,0
12378,83.33,-199.31,0
12389,90.91,-199.16,0
12400,90.91,-199.39,0
12412,83.33,-200.14,0
12424,83.33,-200.56,0
12435,90.91,-200.61,0
12446,90.91,-199.69,0
12457,90.91,-199.41,0
12469,83.33,-199.52,0
12481,83.33,-199.91,0
12492,90.91,-199.78,0
12504,83.33,-199.97,0
12515,90.91,-199.96,0
12526,90.91,-199.86,0
12537,90.91,-199.63,0
12550,76.92,-199.98,0
12561,90.91,-199.98,0
12572,90.91,-199.99,0
12583,90.91,-199.78,0
12595,83.33,-199.41,0
12607,90.91,-199.55,0
12618,83.33,-199.93,0
12630,83.33,-199.86,0
12641,90.91,-199.79,0
12652,90.91,-199.72,0
12663,90.91,-200.01,0
12676,76.92,-200.48,0
12687,90.91,-199.97,0
12698,90.91,-200.44,0
12709,90.91,-200.52,0
12721,83.33,-200.21,0
12732,90.91,-199.87,0
12744,83.33,-198.77,0
12755,90.91,-198.73,0
12767,83.33,-198.99,0
12778,90.91,-199.83,0
12789,90.91,-199.87,0
12801,83.33,-199.89,0
12813,83.33,-199.49,0
12824,90.91,-199.58,0
12835,90.91,-200.01,0
12847,83.33,-199.97,0
12858,90.91,-199.84,0
12870,83.33,-199.52,0
12881,90.91,-200.26,0
12893,83.33,-200.49,0
12904,90.91,-200.32,0
12915,90.91,-199.77,0
12926,90.91,-199.23,0
12939,76.92,-199.83,0
12950,90.91,-200.36,0
12961,90.91,-200.34,0
12973,83.33,-199.92,0
12984,90.91,-199.51,0
12995,90.91,-199.79,0
13007,83.33,-199.93,0
13019,83.33,-199.74,0
13030,90.91,-199.47,0
13041,90.91,-199.83,0
13052,90.91,-199.88,0
13065,83.33,-199.78,0
13076,83.33,-199.61,0
13087,90.91,-199.79,0
13099,83.33,-199.66,0
13110,90.91,-199.91,0
13121,90.91,-200.44,0
13133,83.33,-200.00,0
13145,83.33,-199.81,0
13156,90.91,-199.68,0
13167,90.91,-199.57,0
13178,90.91,-199.84,0
13190,83.33,-199.60,0
13202,83.33,-199.39,0
13213,90.91,-199.98,0
13224,90.91,-200.49,0
13236,83.33,-200.16,0
13247,90.91,-200.41,0
13258,90.91,-199.97,0
13271,76.92,-199.77,0
13282,90.91,-199.54,0
13293,90.91,-199.13,0
13304,90.91,-199.92,0
13316,83.33,-199.78,0
13328,90.91,-199.44,0
13339,83.33,-200.01,0
13350,90.91,-200.58,0
13362,83.33,-200.71,0
13373,90.91,-200.32,0
13384,90.91,-200.54,0
13396,83.33,-200.14,0
13408,83.33,-199.97,0
13419,90.91,-199.90,0
13430,90.91,-199.65,0
13442,83.33,-199.80,0
13453,90.91,-199.40,0
13465,83.33,-199.65,0
13476,90.91,-199.85,0
13488,83.33,-199.82,0
13499,90.91,-199.85,0
13510,90.91,-199.70,0
13521,90.91,-199.48,0
13534,76.92,-199.34,0
13545,90.91,-199.67,0
13556,90.91,-199.18,0
13568,83.33,-199.14,0
13579,90.91,-199.51,0
13591,90.91,-199.89,0
13602,83.33,-200.28,0
13614,83.33,-200.47,0
13625,90.91,-199.94,0
13636,90.91,-199.75,0
13647,90.91,-199.87,0
13660,76.92,-200.10,0
13671,90.91,-200.17,0
13682,90.91,-200.17,0
13693,90.91,-199.78,0
13705,83.33,-199.42,0
13716,90.91,-199.39,0
13728,83.33,-199.50,0
13740,83.33,-199.41,0
13751,90.91,-199.29,0
13762,90.91,-199.30,0
13773,90.91,-199.89,0
13786,83.33,-200.93,0
13797,83.33,-200.87,0
13808,90.91,-200.00,0
13819,90.91,-199.74,0
13831,83.33,-199.66,0
13842,90.91,-199.47,0
13854,83.33,-198.86,0
13865,90.91,-199.84,0
13877,83.33,-200.67,0
13888,90.91,-200.58,0
13899,90.91,-200.23,0
13911,83.33,-199.94,0
13923,83.33,-200.29,0
13934,90.91,-200.07,0
13945,90.91,-200.39,0
13957,83.33,-199.12,0
13968,90.91,-199.35,0
13979,90.91,-200.11,0
13991,83.33,-200.90,0
14003,83.33,-200.70,0
14014,90.91,-199.62,0
14025,90.91,-199.15,0
14036,90.91,-199.44,0
14049,83.33,-199.56,0
14060,83.33,-199.47,0
14071,90.91,-200.05,0
14083,83.33,-200.58,0
14094,90.91,-200.10,0
14105,90.91,-199.81,0
14117,83.33,-199.56,0
14129,83.33,-199.95,0
14140,90.91,-200.06,0
14151,90.91,-200.23,0
14162,90.91,-200.02,0
14174,83.33,-199.56,0
14186,83.33,-199.60,0
14197,90.91,-199.75,0
14209,83.33,-200.29,0
14220,90.91,-199.77,0
14231,90.91,-200.04,0
14242,90.91,-199.91,0
14255,76.92,-199.82,0
14266,90.91,-199.87,0
14277,90.91,-200.26,0
14288,90.91,-199.63,0
14300,83.33,-198.83,0
14312,90.91,-199.21,0
14323,83.33,-199.51,0
14334,90.91,-199.66,0
14346,83.33,-199.60,0
14357,90.91,-199.84,0
14368,90.91,-200.52,0
14381,76.92,-200.30,0
14392,90.91,-199.68,0
14403,90.91,-200.06,0
14414,90.91,-200.41,0
14426,83.33,-200.47,0
14437,90.91,-199.74,0
14449,83.33,-199.99,0
14460,90.91,-199.65,0
14472,83.33,-199.83,0
14483,90.91,-199.86,0
14494,90.91,-199.49,0
14505,90.91,-199.93,0
14518,76.92,-199.98,0
14529,90.91,-199.72,0
14540,90.91,-199.62,0
14552,83.33,-200.20,0
14563,90.91,-199.85,0
14575,90.91,-200.39,0
14586,83.33,-200.42,0
14598,83.33,-199.73,0
14609,90.91,-200.27,0
14620,90.91,-200.63,0
14631,90.91,-200.55,0
14644,76.92,-200.17,0
14655,90.91,-200.25,0
14666,90.91,-200.37,0
14678,83.33,-199.85,0
14689,90.91,-199.68,0
14700,90.91,-199.72,0
14712,83.33,-200.01,0
14724,83.33,-200.24,0
14735,90.91,-199.41,0
14746,90.91,-199.53,0
14757,90.91,-199.85,0
14769,83.33,-200.31,0
14781,83.33,-200.29,0
14792,90.91,-200.06,0
14803,90.91,-199.60,0
14815,83.33,-199.96,0
14826,90.91,-200.73,0
14838,90.91,-200.83,0
14850,83.33,-200.09,0
14861,90.91,-199.67,0
14872,90.91,-199.95,0
14883,90.91,-200.00,0
14895,83.33,-199.99,0
14907,83.33,-199.86,0
14918,90.91,-199.49,0
14929,90.91,-200.07,0
14941,83.33,-199.92,0
14952,90.91,-199.71,0
14963,90.91,-200.00,0
14976,76.92,-200.31,0
14987,90.91,-199.99,0
14998,90.91,-199.83,0
15009,90.91,-199.82,0
15021,83.33,-199.82,0
15033,90.91,-199.76,0
15044,83.33,-199.81,0
15055,90.91,-198.96,0
15067,83.33,-199.07,0
15078,90.91,-199.82,0
15089,90.91,-199.91,0
15101,83.33,-199.77,0
15113,83.33,-199.73,0
15124,90.91,-199.67,0
15135,90.91,-199.92,0
15147,83.33,-200.34,0
15158,90.91,-200.35,0
15170,83.33,-199.65,0
15181,90.91,-199.16,0
15193,83.33,-199.17,0
15204,90.91,-199.36,0
15215,90.91,-199.29,0
15226,90.91,-198.69,0
15239,76.92,-199.00,0
15250,90.91,-200.16,0
15261,90.91,-200.31,0
15272,90.91,-200.37,0
15284,83.33,-199.79,0
15296,83.33,-200.05,0
15307,90.91,-200.55,0
15319,83.33,-200.39,0
15330,90.91,-199.70,0
15341,90.91,-199.66,0
15352,90.91,-199.83,0
15365,76.92,-200.33,0
15376,90.91,-200.54,0
15387,90.91,-199.98,0
15398,90.91,-200.15,0
15410,83.33,-200.77,0
15421,90.91,-200.54,0
15433,83.33,-200.43,0
15444,90.91,-200.34,0
15456,83.33,-199.92,0
15467,90.91,-199.41,0
15478,90.91,-199.38,0
15491,83.33,-199.46,0
15502,83.33,-199.78,0
15513,90.91,-200.42,0
15524,90.91,-200.20,0
15536,83.33,-199.79,0
15547,90.91,-199.70,0
15559,83.33,-199.81,0
15570,90.91,-199.89,0
15582,83.33,-199.49,0
15593,90.91,-199.23,0
15604,90.91,-199.14,0
15616,83.33,-199.30,0
15628,83.33,-199.74,0
15639,90.91,-200.01,0
15650,90.91,-199.64,0
15662,83.33,-200.12,0
15673,90.91,-200.34,0
15684,90.91,-200.43,0
15696,83.33,-200.37,0
15708,83.33,-199.74,0
15719,90.91,-199.30,0
15730,90.91,-199.35,0
15741,90.91,-199.31,0
15754,83.33,-199.39,0
15765,83.33,-199.62,0
15776,90.91,-199.86,0
15788,83.33,-200.49,0
15799,90.91,-200.96,0
15810,90.91,-200.69,0
15822,83.33,-200.04,0
15834,83.33,-199.72,0
15845,90.91,-199.48,0
15856,90.91,-198.61,0
15867,90.91,-199.06,0
15879,83.33,-199.71,0
15891,83.33,-200.27,0
15902,90.91,-200.46,0
15913,90.91,-200.83,0
15925,83.33,-200.70,0
15936,90.91,-200.08,0
15947,90.91,-199.96,0
15960,76.92,-200.22,0
15971,90.91,-200.00,0
15982,90.91,-200.07,0
15993,90.91,-199.48,0
16005,83.33,-199.06,0
16017,90.91,-199.03,0
16028,83.33,-199.52,0
16039,90.91,-199.79,0
16051,83.33,-199.99,0
16062,90.91,-199.74,0
16073,90.91,-199.40,0
16086,76.92,-199.83,0
16097,90.91,-200.38,0
16108,90.91,-200.28,0
16119,90.91,-199.97,0
16131,83.33,-199.85,0
16142,90.91,-199.42,0
16154,83.33,-199.86,0
16165,90.91,-199.41,0
16177,83.33,-199.74,0
16188,90.91,-200.09,0
16199,90.91,-200.39,0
16210,90.91,-200.23,0
16223,76.92,-199.95,0
16234,90.91,-200.16,0
16245,90.91,-200.33,0
16257,83.33,-200.18,0
16268,90.91,-200.00,0
16280,90.91,-199.46,0
16291,83.33,-199.20,0
16303,83.33,-199.19,0
16314,90.91,-199.58,0
16325,90.91,-200.12,0
16336,90.91,-199.97,0
16349,76.92,-200.27,0
16360,90.91,-200.37,0
16371,90.91,-200.22,0
16382,90.91,-200.72,0
16394,83.33,-200.78,0
16405,90.91,-200.25,0
16417,83.33,-199.94,0
16429,83.33,-199.65,0
16440,90.91,-199.59,0
16451,90.91,-199.62,0
16462,90.91,-199.82,0
16474,83.33,-200.06,0
16486,83.33,-200.07,0
16497,90.91,-200.63,0
16508,90.91,-200.38,0
16520,83.33,-200.26,0
16531,90.91,-200.44,0
16543,90.91,-199.91,0
16555,76.92,-199.10,0
16566,90.91,-199.63,0
16577,90.91,-199.92,0
16588,90.91,-199.81,0
16600,83.33,-199.40,0
16612,83.33,-199.64,0
16623,90.91,-199.31,0
16634,90.91,-199.28,0
16646,83.33,-199.70,0
16657,90.91,-199.99,0
16668,90.91,-200.11,0
16680,83.33,-200.10,0
16692,83.33,-199.86,0
16703,90.91,-199.53,0
16714,90.91,-199.50,0
16726,83.33,-199.60,0
16737,90.91,-199.68,0
16749,83.33,-200.42,0
16760,90.91,-200.23,0
16772,83.33,-200.10,0
16783,90.91,-200.14,0
16794,90.91,-200.16,0
16806,90.91,-199.71,0
16818,76.92,-199.99,0
16829,90.91,-199.89,0
16840,90.91,-199.02,0
16851,90.91,-199.13,0
16863,83.33,-199.44,0
16875,83.33,-199.47,0
16886,90.91,-199.83,0
16898,83.33,-199.85,0
16909,90.91,-200.13,0
16920,90.91,-200.15,0
16931,90.91,-200.07,0
16944,76.92,-200.35,0
16955,90.91,-200.23,0
16966,90.91,-199.49,0
16977,90.91,-199.68,0
16989,83.33,-199.88,0
17000,90.91,-200.26,0
17012,83.33,-199.36,0
17024,83.33,-199.13,0
17035,90.91,-199.48,0
17046,90.91,-198.94,0
17057,90.91,-199.34,0
17070,83.33,-199.84,0
17081,83.33,-199.78,0
17092,90.91,-199.47,0
17103,90.91,-200.06,0
17115,83.33,-200.06,0
17126,90.91,-199.92,0
17138,83.33,-199.37,0
17149,90.91,-199.12,0
17161,83.33,-199.47,0
17172,90.91,-199.44,0
17183,90.91,-199.84,0
17195,83.33,-200.00,0
17207,83.33,-200.01,0
17218,90.91,-200.36,0
17229,90.91,-200.27,0
17241,83.33,-200.20,0
17252,90.91,-199.80,0
17263,90.91,-199.31,0
17275,83.33,-199.12,0
17287,83.33,-199.12,0
17298,90.91,-198.91,0
17309,90.91,-199.52,0
17320,90.91,-199.48,0
17333,83.33,-199.71,0
17344,83.33,-200.32,0
17355,90.91,-200.17,0
17367,83.33,-200.10,0
17378,90.91,-199.57,0
17389,90.91,-200.77,0
17401,83.33,-200.61,0
17413,83.33,-199.28,0
17424,90.91,-199.30,0
17435,90.91,-199.81,0
17446,90.91,-200.04,0
17458,83.33,-200.24,0
17470,83.33,-200.24,0
17481,90.91,-200.81,0
17492,90.91,-200.97,0
17504,83.33,-201.00,0
17515,90.91,-201.08,0
17526,90.91,-200.16,0
17539,76.92,-199.62,0
17550,90.91,-199.24,0
17561,90.91,-199.47,0
17572,90.91,-199.05,0
17584,83.33,-199.43,0
17596,90.91,-199.84,0
17607,90.91,-200.12,0
17618,90.91,-200.46,0
17630,83.33,-200.35,0
17641,90.91,-200.19,0
17652,90.91,-200.27,0
17665,76.92,-200.21,0
17676,90.91,-199.83,0
17687,90.91,-199.28,0
17698,90.91,-199.11,0
17710,83.33,-199.05,0
17721,90.91,-199.14,0
17733,83.33,-199.52,0
17744,90.91,-199.53,0
17756,83.33,-200.11,0
17767,90.91,-200.62,0
17778,90.91,-200.43,0
17789,90.91,-200.08,0
17802,76.92,-200.25,0
17813,90.91,-199.99,0
17824,90.91,-199.58,0
17836,83.33,-199.27,0
17847,90.91,-199.22,0
17859,83.33,-199.76,0
17870,90.91,-199.76,0
17882,83.33,-199.93,0
17893,90.91,-200.34,0
17904,90.91,-200.56,0
17915,90.91,-200.26,0
17928,76.92,-200.35,0
17939,90.91,-200.22,0
17950,90.91,-199.24,0
17961,90.91,-199.23,0
17973,83.33,-199.59,0
17984,90.91,-199.80,0
17996,83.33,-199.37,0
18008,83.33,-199.85,0
18019,90.91,-200.43,0
18030,90.91,-200.72,0
18041,90.91,-200.48,0
18054,83.33,-200.52,0
18065,83.33,-200.46,0
18076,90.91,-200.23,0
18087,90.91,-200.02,0
18099,83.33,-199.44,0
18110,90.91,-199.06,0
18122,83.33,-199.41,0
18134,83.33,-199.58,0
18145,90.91,-199.68,0
18156,90.91,-200.14,0
18167,90.91,-200.37,0
18179,83.33,-200.30,0
18191,83.33,-200.61,0
18202,90.91,-200.22,0
18213,90.91,-200.52,0
18225,83.33,-200.57,0
18236,90.91,-199.72,0
18247,90.91,-199.55,0
18259,83.33,-199.42,0
18271,83.33,-199.58,0
18282,90.91,-199.25,0
18293,90.91,-199.27,0
18305,83.33,-199.97,0
18316,90.91,-199.86,0
18328,83.33,-200.48,0
18339,90.91,-200.90,0
18351,83.33,-200.50,0
18362,90.91,-200.09,0
18373,90.91,-199.71,0
18385,83.33,-199.97,0
18397,83.33,-199.98,0
18408,90.91,-199.98,0
18419,90.91,-200.02,0
18430,90.91,-199.38,0
18442,83.33,-199.94,0
18454,83.33,-200.42,0
18465,90.91,-200.06,0
18477,83.33,-200.54,0
18488,90.91,-200.09,0
18499,90.91,-200.40,0
18510,90.91,-199.45,0
18523,76.92,-199.56,0
18534,90.91,-199.64,0
18545,90.91,-199.71,0
18556,90.91,-199.60,0
18568,83.33,-199.49,0
18579,90.91,-199.66,0
18591,83.33,-200.14,0
18603,83.33,-200.81,0
18614,90.91,-200.95,0
18625,90.91,-200.56,0
18636,90.91,-199.92,0
18649,83.33,-199.54,0
18660,90.91,-199.81,0
18671,90.91,-199.71,0
18682,90.91,-199.36,0
18694,83.33,-199.57,0
18705,90.91,-199.40,0
18717,83.33,-199.16,0
18728,90.91,-199.59,0
18740,83.33,-200.29,0
18751,90.91,-200.86,0
18762,90.91,-200.86,0
18774,83.33,-200.36,0
18786,83.33,-199.97,0
18797,90.91,-199.28,0
18808,90.91,-199.23,0
18820,83.33,-198.97,0
18831,90.91,-199.28,0
18842,90.91,-199.42,0
18854,83.33,-199.46,0
18866,83.33,-199.82,0
18877,90.91,-199.82,0
18888,90.91,-200.04,0
18899,90.91,-200.66,0
18912,83.33,-200.26,0
18923,83.33,-199.91,0
18934,90.91,-199.67,0
18946,83.33,-199.31,0
18957,90.91,-199.44,0
18968,90.91,-199.53,0
18980,83.33,-199.50,0
18992,83.33,-199.68,0
19003,90.91,-199.65,0
19014,90.91,-200.13,0
19025,90.91,-200.08,0
19037,83.33,-200.34,0
19049,83.33,-200.37,0
19060,90.91,-199.80,0
19072,83.33,-199.79,0
19083,90.91,-199.37,0
19094,90.91,-198.95,0
19105,90.91,-199.31,0
19118,76.92,-199.72,0
19129,90.91,-200.10,0
19140,90.91,-200.06,0
19151,90.91,-200.24,0
19163,83.33,-200.37,0
19175,90.91,-200.30,0
19186,83.33,-200.20,0
19197,90.91,-200.74,0
19209,83.33,-200.12,0
19220,90.91,-199.51,0
19231,90.91,-199.29,0
19244,76.92,-199.34,0
19255,90.91,-199.54,0
19266,90.91,-199.63,0
19277,90.91,-199.76,0
19289,83.33,-200.47,0
19300,90.91,-200.68,0
19312,83.33,-200.49,0
19323,90.91,-200.59,0
19335,83.33,-200.50,0
19346,90.91,-199.37,0
19357,90.91,-199.56,0
19368,90.91,-199.43,0
19381,76.92,-199.59,0
19392,90.91,-199.73,0
19403,90.91,-199.49,0
19415,83.33,-199.57,0
19426,90.91,-200.05,0
19438,90.91,-200.18,0
19449,83.33,-200.29,0
19461,83.33,-199.96,0
19472,90.91,-199.63,0
19483,90.91,-199.52,0
19494,90.91,-199.64,0
19507,76.92,-199.38,0
19518,90.91,-199.46,0
19529,90.91,-199.73,0
19540,90.91,-199.85,0
19552,83.33,-199.63,0
19563,90.91,-200.00,0
19575,83.33,-200.24,0
19587,83.33,-201.01,0
19598,90.91,-200.81,0
19609,90.91,-199.62,0
19620,90.91,-199.27,0
19632,83.33,-199.27,0
19644,83.33,-199.76,0
19655,90.91,-199.88,0
19666,90.91,-199.96,0
19678,83.33,-199.51,0
19689,90.91,-200.26,0
19701,90.91,-200.37,0
19713,76.92,-200.34,0
19724,90.91,-200.43,0
19735,90.91,-200.09,0
19746,90.91,-199.67,0
19758,83.33,-199.99,0
19770,83.33,-200.31,0
19781,90.91,-200.00,0
19792,90.91,-199.43,0
19804,83.33,-199.21,0
19815,90.91,-199.70,0
19826,90.91,-199.41,0
19838,83.33,-199.89,0
19850,83.33,-200.78,0
19861,90.91,-199.83,0
19872,90.91,-199.90,0
19884,83.33,-199.71,0
19895,90.91,-199.33,0
19907,83.33,-199.96,0
19918,90.91,-200.05,0
19930,83.33,-199.91,0
19941,90.91,-200.30,0
19952,90.91,-199.84,0
19964,90.91,-200.31,0
19976,76.92,-200.14,0
19987,90.91,-199.86,0
19998,90.91,-200.15,0
20009,90.91,-199.84,0
20021,83.33,-199.49,0
20033,83.33,-199.69,0
20044,90.91,-199.93,0
20056,83.33,-200.00,0
20067,90.91,-200.62,0
20078,90.91,-200.59,0
20089,90.91,-199.84,0
20102,76.92,-199.57,0
20113,90.91,-200.17,0
20124,90.91,-200.21,0
20135,90.91,-199.51,0
20147,83.33,-199.44,0
20158,90.91,-200.10,0
20170,83.33,-200.36,0
20182,83.33,-200.09,0
20193,90.91,-200.37,0
20204,90.91,-200.17,0
20215,90.91,-199.76,0
20228,83.33,-199.77,0
20239,83.33,-199.89,0
20250,90.91,-199.64,0
20261,90.91,-200.35,0
20273,83.33,-200.04,0
20284,90.91,-200.05,0
20296,83.33,-200.09,0
20307,90.91,-199.89,0
20319,83.33,-199.66,0
20330,90.91,-199.83,0
20341,90.91,-200.20,0
20353,83.33,-199.94,0
20365,83.33,-199.72,0
20376,90.91,-199.46,0
20387,90.91,-199.29,0
20399,83.33,-199.36,0
20410,90.91,-199.56,0
20421,90.91,-199.69,0
20433,83.33,-199.77,0
20445,83.33,-199.99,0
20456,90.91,-199.71,0
20467,90.91,-199.83,0
20478,90.91,-200.12,0
20491,83.33,-200.63,0
20502,90.91,-200.41,0
20513,90.91,-199.64,0
20525,83.33,-199.63,0
20536,90.91,-199.11,0
20547,90.91,-199.53,0
20559,83.33,-199.32,0
20571,83.33,-199.55,0
20582,90.91,-199.64,0
20593,90.91,-200.00,0
20604,90.91,-200.37,0
20616,83.33,-200.07,0
20628,83.33,-200.25,0
20639,90.91,-200.18,0
20651,83.33,-199.61,0
20662,90.91,-199.27,0
20673,90.91,-199.59,0
20685,90.91,-199.39,0
20697,76.92,-199.71,0
20708,90.91,-199.46,0
20719,90.91,-199.85,0
20730,90.91,-200.37,0
20742,83.33,-200.63,0
20754,83.33,-200.65,0
20765,90.91,-199.81,0
20776,90.91,-199.86,0
20788,83.33,-199.40,0
20799,90.91,-199.57,0
20810,90.91,-199.58,0
20823,76.92,-199.67,0
20834,90.91,-200.11,0
20845,90.91,-200.19,0
20856,90.91,-200.04,0
20868,83.33,-200.46,0
20879,90.91,-200.54,0
20891,83.33,-200.78,0
20902,90.91,-200.12,0
20914,83.33,-200.02,0
20925,90.91,-199.62,0
20936,90.91,-199.44,0
20948,90.91,-199.56,0
20960,76.92,-199.43,0
20971,90.91,-199.60,0
20982,90.91,-199.53,0
20994,83.33,-200.07,0
21005,90.91,-200.41,0
21017,83.33,-199.96,0
21028,90.91,-199.55,0
21040,83.33,-199.93,0
21051,90.91,-200.25,0
21062,90.91,-199.63,0
21073,90.91,-199.34,0
21086,76.92,-198.92,0
21097,90.91,-198.56,0
21108,90.91,-199.79,0
21120,83.33,-199.98,0
21131,90.91,-200.01,0
21142,90.91,-200.72,0
21154,83.33,-200.52,0
21166,83.33,-199.89,0
21177,90.91,-199.72,0
21188,90.91,-199.98,0
21199,90.91,-199.46,0
21212,83.33,-199.80,0
21223,83.33,-199.39,0
21234,90.91,-199.35,0
21245,90.91,-199.09,0
21257,83.33,-199.46,0
21268,90.91,-199.98,0
21280,83.33,-199.54,0
21292,83.33,-200.44,0
21303,90.91,-200.35,0
21314,90.91,-200.45,0
21325,90.91,-200.15,0
21337,83.33,-200.30,0
21349,83.33,-200.04,0
21360,90.91,-199.35,0
21371,90.91,-199.59,0
21383,83.33,-200.05,0
21394,90.91,-199.34,0
21405,90.91,-199.63,0
21417,83.33,-200.12,0
21429,83.33,-200.26,0
21440,90.91,-200.44,0
21451,90.91,-199.60,0
21463,83.33,-199.84,0
21475,83.33,-200.38,0
21486,90.91,-199.98,0
21497,90.91,-200.03,0
21509,83.33,-199.93,0
21520,90.91,-200.07,0
21531,90.91,-199.95,0
21543,83.33,-199.43,0
21555,83.33,-199.83,0
21566,90.91,-200.05,0
21577,90.91,-200.04,0
21588,90.91,-200.13,0
21600,83.33,-200.27,0
21612,83.33,-200.65,0
21623,90.91,-200.65,0
21635,83.33,-200.52,0
21646,90.91,-199.70,0
21657,90.91,-199.61,0
21669,90.91,-199.46,0
21681,76.92,-198.72,0
21692,90.91,-199.54,0
21703,90.91,-199.86,0
21714,90.91,-199.80,0
21726,83.33,-199.76,0
21738,83.33,-200.16,0
21749,90.91,-200.42,0
21761,83.33,-200.20,0
21772,90.91,-200.34,0
21783,90.91,-200.13,0
21794,90.91,-199.76,0
21807,76.92,-199.95,0
21818,90.91,-199.80,0
21829,90.91,-199.59,0
21840,90.91,-199.39,0
21852,83.33,-199.52,0
21863,90.91,-200.28,0
21875,83.33,-200.23,0
21886,90.91,-200.10,0
21898,83.33,-200.46,0
21909,90.91,-200.74,0
21920,90.91,-200.31,0
21933,83.33,-200.01,0
21944,83.33,-200.03,0
21955,90.91,-199.72,0
21966,90.91,-199.15,0
21978,83.33,-199.41,0
21989,90.91,-199.53,0
22001,83.33,-200.03,0
22012,90.91,-200.81,0
22024,83.33,-200.48,0
22035,90.91,-199.82,0
22046,90.91,-199.70,0
22057,90.91,-199.56,0
22070,76.92,-199.58,0
22081,90.91,-199.35,0
22092,90.91,-199.72,0
22104,83.33,-199.94,0
22115,90.91,-199.98,0
22126,90.91,-199.67,0
22138,83.33,-199.53,0
22150,83.33,-200.01,0
22161,90.91,-200.62,0
22172,90.91,-201.07,0
22183,90.91,-200.87,0
22196,83.33,-199.92,0
22207,83.33,-199.68,0
22218,90.91,-199.31,0
22230,83.33,-199.43,0
22241,90.91,-199.81,0
22252,90.91,-199.75,0
22264,83.33,-199.48,0
22276,83.33,-198.72,0
22287,90.91,-199.45,0
22298,90.91,-200.18,0
22309,90.91,-200.48,0
22321,83.33,-200.34,0
22333,83.33,-200.46,0
22344,90.91,-199.69,0
22355,90.91,-199.15,0
22367,83.33,-199.33,0
22378,90.91,-199.22,0
22389,90.91,-199.54,0
22402,76.92,-199.26,0
22413,90.91,-199.52,0
22424,90.91,-200.00,0
22435,90.91,-200.75,0
22447,83.33,-200.87,0
22459,90.91,-199.97,0
22470,83.33,-199.92,0
22481,90.91,-200.14,0
22493,83.33,-200.17,0
22504,90.91,-199.52,0
22515,90.91,-199.45,0
22528,76.92,-199.90,0
22539,90.91,-199.84,0
22550,90.91,-199.74,0
22561,90.91,-199.73,0
22573,83.33,-200.05,0
22584,90.91,-200.90,0
22596,83.33,-200.66,0
22607,90.91,-200.59,0
22619,83.33,-200.32,0
22630,90.91,-200.07,0
22641,90.91,-200.06,0
22652,90.91,-199.76,0
22665,76.92,-199.64,0
22676,90.91,-199.24,0
22687,90.91,-199.11,0
22699,83.33,-199.83,0
22710,90.91,-199.63,0
22722,90.91,-199.63,0
22733,83.33,-199.76,0
22745,83.33,-200.02,0
22756,90.91,-199.84,0
22767,90.91,-199.69,0
22778,90.91,-199.57,0
22791,76.92,-199.23,0
22802,90.91,-199.50,0
22813,90.91,-199.94,0
22824,90.91,-199.98,0
22836,83.33,-200.10,0
22847,90.91,-200.14,0
22859,83.33,-200.26,0
22871,83.33,-200.14,0
22882,90.91,-199.83,0
22893,90.91,-200.21,0
22904,90.91,-200.02,0
22916,83.33,-199.91,0
22928,83.33,-199.96,0
22939,90.91,-199.90,0
22950,90.91,-199.80,0
22962,83.33,-199.34,0
22973,90.91,-199.17,0
22985,90.91,-199.49,0
22996,83.33,-199.39,0
23008,83.33,-200.29,0
23019,90.91,-200.48,0
23030,90.91,-200.25,0
23042,83.33,-199.67,0
23054,83.33,-199.88,0
23065,90.91,-199.80,0
23076,90.91,-199.63,0
23088,83.33,-199.51,0
23099,90.91,-199.29,0
23110,90.91,-199.54,0
23122,83.33,-199.45,0
23134,83.33,-200.25,0
23145,90.91,-200.49,0
23156,90.91,-200.17,0
23168,83.33,-200.51,0
23179,90.91,-200.24,0
23191,83.33,-200.59,0
23202,90.91,-200.06,0
23214,83.33,-200.38,0
23225,90.91,-200.12,0
23236,90.91,-199.72,0
23248,90.91,-199.62,0
23260,76.92,-199.58,0
23271,90.91,-199.95,0
23282,90.91,-200.72,0
23293,90.91,-200.50,0
23305,83.33,-200.03,0
23317,83.33,-199.70,0
23328,90.91,-200.82,0
23340,83.33,-200.21,0
23351,90.91,-199.43,0
23362,90.91,-199.34,0
23373,90.91,-199.00,0
23386,76.92,-198.98,0
23397,90.91,-199.13,0
23408,90.91,-199.72,0
23419,90.91,-200.36,0
23431,83.33,-200.63,0
23442,90.91,-200.50,0
23454,83.33,-200.02,0
23465,90.91,-199.91,0
23477,83.33,-199.95,0
23488,90.91,-199.64,0
23499,90.91,-199.29,0
23512,76.92,-199.14,0
23523,90.91,-199.23,0
23534,90.91,-199.90,0
23545,90.91,-200.55,0
23557,83.33,-200.84,0
23568,90.91,-200.88,0
23580,83.33,-201.14,0
23591,90.91,-201.22,0
23603,83.33,-200.85,0
23614,90.91,-200.24,0
23625,90.91,-199.41,0
23636,90.91,-199.43,0
23649,76.92,-199.04,0
23660,90.91,-198.59,0
23671,90.91,-198.87,0
23683,83.33,-199.86,0
23694,90.91,-200.12,0
23706,90.91,-200.88,0
23717,83.33,-201.24,0
23729,83.33,-200.98,0
23740,90.91,-200.64,0
23751,90.91,-200.09,0
23762,90.91,-199.98,0
23775,76.92,-199.05,0
23786,90.91,-198.96,0
23797,90.91,-198.81,0
23809,83.33,-199.70,0
23820,90.91,-199.88,0
23831,90.91,-199.93,0
23843,83.33,-200.44,0
23855,83.33,-201.10,0
23866,90.91,-201.65,0
23877,90.91,-200.46,0
23888,90.91,-199.35,0
23900,83.33,-199.32,0
23912,83.33,-199.88,0
23923,90.91,-199.88,0
23934,90.91,-199.27,0
23946,83.33,-199.13,0
23957,90.91,-199.91,0
23969,90.91,-199.89,0
23981,76.92,-199.92,0
23992,90.91,-200.30,0
24003,90.91,-200.83,0
24014,90.91,-200.46,0
24026,83.33,-200.70,0
24038,83.33,-200.47,0
24049,90.91,-200.00,0
24060,90.91,-198.80,0
24072,83.33,-198.79,0
24083,90.91,-199.02,0
24094,90.91,-199.37,0
24107,76.92,-199.97,0
24118,90.91,-200.06,0
24129,90.91,-200.53,0
24140,90.91,-200.18,0
24152,83.33,-199.83,0
24163,90.91,-200.10,0
24175,83.33,-200.07,0
24186,90.91,-200.14,0
24198,83.33,-199.67,0
24209,90.91,-199.67,0
24220,90.91,-199.66,0
24232,90.91,-199.53,0
24244,76.92,-199.50,0
24255,90.91,-199.83,0
24266,90.91,-199.83,0
24278,83.33,-200.26,0
24289,90.91,-200.43,0
24301,83.33,-200.34,0
24312,90.91,-199.89,0
24324,83.33,-200.27,0
24335,90.91,-200.01,0
24346,90.91,-199.36,0
24357,90.91,-198.88,0
24370,76.92,-199.00,0
24381,90.91,-199.64,0
24392,90.91,-200.39,0
24403,90.91,-200.73,0
24415,83.33,-200.04,0
24426,90.91,-199.91,0
24438,83.33,-200.21,0
24450,83.33,-200.27,0
24461,90.91,-199.37,0
24472,90.91,-199.27,0
24483,90.91,-199.44,0
24496,83.33,-199.23,0
24507,83.33,-198.97,0
24518,90.91,-199.77,0
24529,90.91,-199.92,0
24541,83.33,-199.81,0
24552,90.91,-200.52,0
24564,83.33,-200.47,0
24576,83.33,-200.07,0
24587,90.91,-199.77,0
24598,90.91,-199.73,0
24609,90.91,-199.67,0
24621,83.33,-199.82,0
24633,83.33,-199.83,0
24644,90.91,-199.51,0
24655,90.91,-199.41,0
24667,83.33,-199.98,0
24678,90.91,-200.22,0
24689,90.91,-199.70,0
24701,83.33,-199.56,0
24713,83.33,-200.25,0
24724,90.91,-200.48,0
24735,90.91,-200.01,0
24747,83.33,-199.93,0
24759,83.33,-199.98,0
24770,90.91,-199.69,0
24781,90.91,-199.64,0
24793,83.33,-199.15,0
24804,90.91,-199.09,0
24815,90.91,-199.20,0
24827,83.33,-200.06,0
24839,83.33,-200.45,0
24850,90.91,-200.48,0
24861,90.91,-200.75,0
24872,90.91,-200.09,0
24884,83.33,-199.58,0
24896,83.33,-200.26,0
24907,90.91,-199.69,0
24919,83.33,-199.64,0
24930,90.91,-198.89,0
24941,90.91,-198.84,0
24953,90.91,-199.25,0
24965,76.92,-199.32,0
24976,90.91,-200.24,0
24987,90.91,-200.50,0
24998,90.91,-200.96,0
25010,83.33,-200.58,0
25022,83.33,-200.75,0
25033,90.91,-201.04,0
25044,90.91,-199.93,0
25056,83.33,-199.29,0
25067,90.91,-199.82,0
25078,90.91,-199.92,0
25091,76.92,-199.83,0
25102,90.91,-200.53,0
25113,90.91,-200.88,0
25124,90.91,-200.91,0
25136,83.33,-200.18,0
25147,90.91,-200.13,0
25159,83.33,-200.26,0
25170,90.91,-199.90,0
25182,83.33,-199.59,0
25193,90.91,-199.81,0
25204,90.91,-199.19,0
25217,83.33,-199.33,0
25228,83.33,-199.65,0
25239,90.91,-200.40,0
25250,90.91,-200.88,0
25262,83.33,-200.56,0
25273,90.91,-200.41,0
25285,83.33,-200.38,0
25296,90.91,-200.17,0
25308,83.33,-200.32,0
25319,90.91,-199.93,0
25330,90.91,-199.75,0
25341,90.91,-200.12,0
25354,76.92,-199.71,0
25365,90.91,-199.44,0
25376,90.91,-199.54,0
25388,83.33,-199.89,0
25399,90.91,-200.22,0
25410,90.91,-200.32,0
25422,83.33,-200.14,0
25434,83.33,-200.00,0
25445,90.91,-199.62,0
25456,90.91,-199.52,0
25467,90.91,-199.80,0
25480,83.33,-199.87,0
25491,83.33,-200.05,0
25502,90.91,-199.53,0
25513,90.91,-199.57,0
25525,83.33,-200.05,0
25536,90.91,-200.33,0
25548,83.33,-200.97,0
25560,83.33,-200.97,0
25571,90.91,-200.09,0
25582,90.91,-200.18,0
25593,90.91,-199.85,0
25605,83.33,-199.59,0
25617,83.33,-200.27,0
25628,90.91,-200.52,0
25639,90.91,-199.76,0
25651,83.33,-200.16,0
25662,90.91,-200.41,0
25673,90.91,-200.13,0
25686,76.92,-200.23,0
25697,90.91,-200.27,0
25708,90.91,-200.33,0
25719,90.91,-199.98,0
25731,83.33,-199.78,0
25743,90.91,-199.49,0
25754,83.33,-199.26,0
25765,90.91,-199.51,0
25777,83.33,-200.22,0
25788,90.91,-200.07,0
25799,90.91,-200.38,0
25811,83.33,-200.54,0
25823,83.33,-200.11,0
25834,90.91,-199.77,0
25845,90.91,-199.44,0
25857,83.33,-199.13,0
25868,90.91,-198.83,0
25880,83.33,-199.62,0
25891,90.91,-199.85,0
25903,83.33,-199.82,0
25914,90.91,-199.92,0
25925,90.91,-200.28,0
25936,90.91,-200.93,0
25949,76.92,-200.72,0
25960,90.91,-200.45,0
25971,90.91,-199.97,0
25982,90.91,-199.76,0
25994,83.33,-199.47,0
26006,83.33,-199.39,0
26017,90.91,-199.21,0
26029,83.33,-199.99,0
26040,90.91,-200.89,0
26051,90.91,-200.02,0
26062,90.91,-200.09,0
26075,76.92,-200.01,0
26086,90.91,-200.01,0
26097,90.91,-200.10,0
26108,90.91,-200.25,0
26120,83.33,-199.89,0
26131,90.91,-199.72,0
26143,83.33,-199.57,0
26155,83.33,-199.59,0
26166,90.91,-199.38,0
26177,90.91,-199.61,0
26188,90.91,-200.17,0
26200,83.33,-200.64,0
26212,83.33,-200.49,0
26223,90.91,-199.90,0
26234,90.91,-200.05,0
26246,83.33,-200.24,0
26257,90.91,-200.17,0
26269,83.33,-199.44,0
26280,90.91,-199.41,0
26292,83.33,-200.02,0
26303,90.91,-200.08,0
26314,90.91,-199.94,0
26326,83.33,-199.87,0
26338,83.33,-200.09,0
26349,90.91,-200.35,0
26360,90.91,-199.98,0
26372,83.33,-200.01,0
26383,90.91,-200.20,0
26394,90.91,-200.34,0
26406,83.33,-200.25,0
26418,83.33,-200.37,0
26429,90.91,-199.78,0
26440,90.91,-199.97,0
26451,90.91,-200.52,0
26464,83.33,-200.58,0
26475,83.33,-200.03,0
26486,90.91,-199.57,0
26498,83.33,-199.54,0
26509,90.91,-199.73,0
26520,90.91,-200.02,0
26532,83.33,-199.89,0
26544,83.33,-200.19,0
26555,90.91,-200.50,0
26566,90.91,-200.81,0
26577,90.91,-200.16,0
26589,83.33,-199.42,0
26601,83.33,-199.47,0
26612,90.91,-199.62,0
26624,83.33,-200.23,0
26635,90.91,-199.95,0
26646,90.91,-200.38,0
26657,90.91,-201.12,0
26670,76.92,-200.63,0
26681,90.91,-199.88,0
26692,90.91,-199.86,0
26703,90.91,-199.94,0
26715,83.33,-199.87,0
26727,90.91,-199.66,0
26738,83.33,-199.80,0
26749,90.91,-199.52,0
26761,83.33,-200.01,0
26772,90.91,-200.27,0
26783,90.91,-200.27,0
26796,76.92,-200.34,0
26807,90.91,-200.29,0
26818,90.91,-200.55,0
26829,90.91,-200.12,0
26841,83.33,-200.04,0
26852,90.91,-199.57,0
26864,83.33,-199.04,0
26875,90.91,-199.29,0
26887,83.33,-199.03,0
26898,90.91,-199.20,0
26909,90.91,-199.43,0
26920,90.91,-199.82,0
26933,76.92,-200.52,0
26944,90.91,-200.40,0
26955,90.91,-200.30,0
26967,83.33,-200.17,0
26978,90.91,-200.14,0
26990,90.91,-200.01,0
27001,83.33,-199.41,0
27013,83.33,-199.21,0
27024,90.91,-198.99,0
27035,90.91,-198.97,0
27046,90.91,-198.74,0
27059,76.92,-199.08,0
27070,90.91,-199.74,0
27081,90.91,-200.57,0
27092,90.91,-200.91,0
27104,83.33,-200.57,0
27115,90.91,-200.26,0
27127,83.33,-199.82,0
27139,83.33,-199.51,0
27150,90.91,-199.47,0
27161,90.91,-199.24,0
27172,90.91,-198.93,0
27184,83.33,-199.41,0
27196,83.33,-200.19,0
27207,90.91,-200.58,0
27218,90.91,-200.56,0
27230,83.33,-200.36,0
27241,90.91,-201.00,0
27253,90.91,-200.62,0
27265,76.92,-200.11,0
27276,90.91,-199.61,0
27287,90.91,-199.52,0
27298,90.91,-199.44,0
27310,83.33,-199.36,0
27322,83.33,-199.68,0
27333,90.91,-199.85,0
27344,90.91,-200.67,0
27356,83.33,-200.77,0
27367,90.91,-200.48,0
27378,90.91,-200.08,0
27390,83.33,-200.14,0
27402,83.33,-199.61,0
27413,90.91,-199.88,0
27424,90.91,-199.46,0
27436,83.33,-199.48,0
27447,90.91,-199.24,0
27459,83.33,-199.68,0
27470,90.91,-200.61,0
27482,83.33,-200.40,0
27493,90.91,-200.34,0
27504,90.91,-200.69,0
27516,90.91,-200.37,0
27528,76.92,-200.43,0
27539,90.91,-200.33,0
27550,90.91,-200.11,0
27561,90.91,-200.24,0
27573,83.33,-200.03,0
27585,83.33,-199.98,0
27596,90.91,-199.84,0
27608,83.33,-200.19,0
27619,90.91,-199.71,0
27630,90.91,-199.73,0
27641,90.91,-199.98,0
27654,76.92,-200.30,0
27665,90.91,-200.61,0
27676,90.91,-200.60,0
27687,90.91,-200.18,0
27699,83.33,-200.19,0
27710,90.91,-200.38,0
27722,83.33,-200.51,0
27734,83.33,-199.89,0
27745,90.91,-199.98,0
27756,90.91,-200.37,0
27767,90.91,-199.69,0
27780,83.33,-199.32,0
27791,83.33,-199.64,0
27802,90.91,-200.20,0
27813,90.91,-200.20,0
27825,83.33,-200.05,0
27836,90.91,-200.16,0
27848,83.33,-199.70,0
27859,90.91,-200.16,0
27871,83.33,-199.96,0
27882,90.91,-200.09,0
27893,90.91,-200.34,0
27905,83.33,-199.91,0
27917,83.33,-199.91,0
27928,90.91,-199.72,0
27939,90.91,-199.91,0
27951,83.33,-199.93,0
27962,90.91,-199.70,0
27973,90.91,-199.67,0
27985,83.33,-200.62,0
27997,83.33,-200.02,0
28008,90.91,-199.36,0
28019,90.91,-199.32,0
28030,90.91,-199.73,0
28043,76.92,-199.58,0
28054,90.91,-199.54,0
28065,90.91,-199.24,0
28077,83.33,-199.72,0
28088,90.91,-199.96,0
28099,90.91,-200.01,0
28111,83.33,-200.31,0
28123,83.33,-199.88,0
28134,90.91,-199.36,0
28145,90.91,-199.27,0
28156,90.91,-198.90,0
28168,83.33,-199.54,0
28180,83.33,-199.62,0
28191,90.91,-199.62,0
28203,83.33,-200.38,0
28214,90.91,-200.84,0
28225,90.91,-200.58,0
28236,90.91,-200.28,0
28249,76.92,-200.07,0
28260,90.91,-199.59,0
28271,90.91,-199.58,0
28282,90.91,-199.77,0
28294,83.33,-200.07,0
28306,83.33,-199.70,0
28317,90.91,-199.79,0
28328,90.91,-199.60,0
28340,83.33,-199.70,0
28351,90.91,-200.07,0
28362,90.91,-199.85,0
28375,76.92,-200.08,0
28386,90.91,-200.42,0
28397,90.91,-200.81,0
28408,90.91,-200.02,0
28420,83.33,-200.03,0
28431,90.91,-199.99,0
28443,83.33,-199.64,0
28454,90.91,-199.41,0
28466,83.33,-198.99,0
28477,90.91,-199.18,0
28488,90.91,-199.30,0
28500,90.91,-200.04,0
28512,76.92,-200.68,0
28523,90.91,-200.24,0
28534,90.91,-200.35,0
28546,83.33,-200.23,0
28557,90.91,-200.28,0
28569,83.33,-200.19,0
28580,90.91,-199.99,0
28592,83.33,-199.52,0
28603,90.91,-199.38,0
28614,90.91,-199.72,0
28625,90.91,-199.89,0
28638,76.92,-199.82,0
28649,90.91,-200.80,0
28660,90.91,-200.94,0
28672,83.33,-201.27,0
28683,90.91,-201.06,0
28694,90.91,-199.81,0
28706,83.33,-199.84,0
28718,83.33,-199.68,0
28729,90.91,-199.74,0
28740,90.91,-199.98,0
28751,90.91,-199.63,0
28764,83.33,-199.93,0
28775,83.33,-199.56,0
28786,90.91,-200.04,0
28797,90.91,-199.86,0
28809,83.33,-199.90,0
28820,90.91,-199.91,0
28832,83.33,-199.61,0
28844,83.33,-199.96,0
28855,90.91,-199.85,0
28866,90.91,-199.72,0
28877,90.91,-199.99,0
28889,83.33,-199.48,0
28901,83.33,-200.49,0
28912,90.91,-200.22,0
28923,90.91,-200.05,0
28935,83.33,-200.18,0
28946,90.91,-200.14,0
28957,90.91,-200.04,0
28969,83.33,-199.80,0
28981,83.33,-200.23,0
28992,90.91,-199.85,0
29003,90.91,-199.84,0
29015,83.33,-199.79,0
29027,83.33,-199.68,0
29038,90.91,-199.93,0
29049,90.91,-199.68,0
29061,83.33,-199.84,0
29072,90.91,-199.96,0
29083,90.91,-200.22,0
29095,83.33,-199.88,0
29107,83.33,-199.68,0
29118,90.91,-199.68,0
29129,90.91,-199.61,0
29140,90.91,-199.54,0
29152,83.33,-198.93,0
29164,83.33,-199.25,0
29175,90.91,-200.11,0
29187,83.33,-200.53,0
29198,90.91,-199.88,0
29209,90.91,-200.28,0
29221,90.91,-200.24,0
29233,76.92,-200.03,0
29244,90.91,-200.26,0
29255,90.91,-199.97,0
29266,90.91,-199.91,0
29278,83.33,-199.85,0
29290,83.33,-199.63,0
29301,90.91,-199.35,0
29313,83.33,-200.06,0
29324,90.91,-200.45,0
29335,90.91,-200.35,0
29346,90.91,-200.24,0
29359,76.92,-200.13,0
29370,90.91,-199.33,0
29381,90.91,-199.81,0
29392,90.91,-200.40,0
29404,83.33,-200.19,0
29415,90.91,-199.86,0
29427,83.33,-199.31,0
29438,90.91,-198.97,0
29450,83.33,-199.09,0
29461,90.91,-199.62,0
29472,90.91,-199.68,0
29485,83.33,-199.92,0
29496,83.33,-200.37,0
29507,90.91,-200.17,0
29518,90.91,-200.37,0
29530,83.33,-200.64,0
29541,90.91,-200.29,0
29553,83.33,-200.11,0
29564,90.91,-199.61,0
29576,83.33,-199.12,0
29587,90.91,-198.97,0
29598,90.91,-199.06,0
29609,90.91,-199.32,0
29622,76.92,-199.88,0
29633,90.91,-200.14,0
29644,90.91,-200.31,0
29656,83.33,-200.92,0
29667,90.91,-200.52,0
29678,90.91,-200.19,0
29690,83.33,-200.35,0
29702,83.33,-200.00,0
29713,90.91,-200.16,0
29724,90.91,-199.30,0
29735,90.91,-199.71,0
29748,76.92,-199.91,0
29759,90.91,-199.69,0
29770,90.91,-200.48,0
29782,83.33,-200.44,0
29793,90.91,-200.22,0
29804,90.91,-200.52,0
29816,83.33,-200.32,0
29828,83.33,-199.99,0
29839,90.91,-200.14,0
29850,90.91,-199.66,0
29861,90.91,-199.56,0
29873,83.33,-199.46,0
29885,83.33,-199.43,0
29896,90.91,-199.52,0
29907,90.91,-199.94,0
29919,83.33,-200.87,0
29930,90.91,-201.32,0
29942,90.91,-201.32,0
29954,76.92,-200.86,0
29965,90.91,-200.58,0
29976,90.91,-199.75,0
29987,90.91,-199.26,0
29999,83.33,-199.72,0
30011,83.33,-199.51,0
30022,90.91,-199.75,0
30033,90.91,-200.08,0
30045,83.33,-200.01,0
30056,90.91,-200.71,0
30067,90.91,-200.95,0
30080,76.92,-200.29,0
30091,90.91,-200.25,0
30102,90.91,-200.50,0
30113,90.91,-200.09,0
30125,83.33,-199.72,0
30136,90.91,-199.38,0
30148,83.33,-198.70,0
30159,90.91,-199.11,0
30171,83.33,-199.59,0
30182,90.91,-200.53,0
30193,90.91,-201.04,0
30205,90.91,-201.03,0
30217,76.92,-201.39,0
30228,90.91,-200.74,0
30239,90.91,-200.26,0
30251,83.33,-199.74,0
30262,90.91,-199.76,0
30274,83.33,-199.68,0
30285,90.91,-199.30,0
30297,83.33,-199.27,0
30308,90.91,-199.73,0
30319,90.91,-200.40,0
30330,90.91,-200.83,0
30343,76.92,-200.41,0
30354,90.91,-200.54,0
30365,90.91,-201.11,0
30376,90.91,-200.68,0
30388,83.33,-199.96,0
30399,90.91,-199.40,0
30411,83.33,-198.84,0
30423,83.33,-199.28,0
30434,90.91,-199.76,0
30445,90.91,-199.56,0
30456,90.91,-199.81,0
30469,76.92,-200.21,0
30480,90.91,-200.46,0
30491,90.91,-200.20,0
30502,90.91,-200.19,0
30514,83.33,-200.05,0
30525,90.91,-199.61,0
30537,83.33,-199.65,0
30548,90.91,-199.23,0
30560,83.33,-198.98,0
30571,90.91,-199.08,0
30582,90.91,-199.16,0
30594,83.33,-200.44,0
30606,83.33,-200.20,0
30617,90.91,-200.27,0
30628,90.91,-200.44,0
30640,83.33,-200.67,0
30651,90.91,-200.57,0
30663,90.91,-200.26,0
30674,83.33,-199.39,0
30686,83.33,-199.57,0
30697,90.91,-199.65,0
30708,90.91,-199.14,0
30720,83.33,-199.17,0
30732,83.33,-199.88,0
30743,90.91,-200.27,0
30754,90.91,-200.57,0
30766,83.33,-200.47,0
30777,90.91,-200.55,0
30788,90.91,-200.83,0
30800,83.33,-200.81,0
30812,83.33,-200.17,0
30823,90.91,-200.42,0
30834,90.91,-199.88,0
30845,90.91,-199.29,0
30857,83.33,-199.13,0
30869,83.33,-199.29,0
30880,90.91,-200.33,0
30892,83.33,-200.28,0
30903,90.91,-200.15,0
30914,90.91,-200.08,0
30926,90.91,-200.41,0
30938,76.92,-200.38,0
30949,90.91,-200.88,0
30960,90.91,-200.56,0
30971,90.91,-199.11,0
30983,83.33,-199.11,0
30995,83.33,-199.42,0
31006,90.91,-199.28,0
31017,90.91,-199.59,0
31029,83.33,-199.79,0
31040,90.91,-200.08,0
31051,90.91,-200.32,0
31064,76.92,-200.18,0
31075,90.91,-199.87,0
31086,90.91,-200.34,0
31097,90.91,-200.29,0
31109,83.33,-199.99,0
31120,90.91,-199.48,0
31132,83.33,-199.27,0
31143,90.91,-199.27,0
31155,83.33,-199.24,0
31166,90.91,-199.58,0
31177,90.91,-200.26,0
31190,90.91,-200.45,0
31201,76.92,-200.22,0
31212,90.91,-200.33,0
31223,90.91,-200.44,0
31235,83.33,-200.57,0
31246,90.91,-199.91,0
31258,83.33,-199.52,0
31269,90.91,-199.46,0
31281,83.33,-199.59,0
31292,90.91,-199.28,0
31303,90.91,-199.77,0
31314,90.91,-200.26,0
31327,76.92,-200.41,0
31338,90.91,-200.97,0
31349,90.91,-200.95,0
31361,83.33,-200.49,0
31372,90.91,-200.44,0
31383,90.91,-199.81,0
31395,83.33,-199.05,0
31407,83.33,-199.24,0
31418,90.91,-199.56,0
31429,90.91,-199.62,0
31440,90.91,-200.16,0
31453,83.33,-199.79,0
31464,83.33,-199.49,0
31475,90.91,-200.07,0
31486,90.91,-200.43,0
31498,83.33,-200.24,0
31509,90.91,-200.40,0
31521,83.33,-200.56,0
31533,83.33,-199.87,0
31544,90.91,-199.09,0
31555,90.91,-198.77,0
31566,90.91,-199.08,0
31578,83.33,-199.79,0
31590,83.33,-200.35,0
31601,90.91,-200.23,0
31612,90.91,-200.05,0
31624,83.33,-200.33,0
31635,90.91,-200.88,0
31646,90.91,-200.62,0
31659,76.92,-199.97,0
31670,90.91,-199.61,0
31681,90.91,-199.58,0
31692,90.91,-199.48,0
31704,83.33,-199.37,0
31716,90.91,-199.18,0
31727,90.91,-199.45,0
31738,90.91,-199.95,0
31750,83.33,-200.77,0
31761,90.91,-200.88,0
31772,90.91,-200.96,0
31784,83.33,-200.29,0
31796,83.33,-200.24,0
31807,90.91,-199.65,0
31818,90.91,-199.34,0
31830,83.33,-199.29,0
31841,90.91,-199.76,0
31853,83.33,-200.43,0
31864,90.91,-199.70,0
31876,83.33,-199.67,0
31887,90.91,-199.62,0
31898,90.91,-200.61,0
31910,90.91,-201.36,0
31922,76.92,-200.73,0
31933,90.91,-199.61,0
31944,90.91,-199.31,0
31955,90.91,-199.33,0
31967,83.33,-199.80,0
31979,83.33,-199.93,0
31990,90.91,-200.29,0
32002,83.33,-199.89,0
32013,90.91,-200.17,0
32024,90.91,-200.86,0
32035,90.91,-200.95,0
32048,76.92,-200.61,0
32059,90.91,-200.44,0
32070,90.91,-200.14,0
32081,90.91,-199.56,0
32093,83.33,-199.52,0
32104,90.91,-199.47,0
32116,83.33,-199.25,0
32128,83.33,-199.31,0
32139,90.91,-199.54,0
32150,90.91,-200.00,0
32161,90.91,-200.43,0
32174,83.33,-200.74,0
32185,83.33,-200.83,0
32196,90.91,-200.19,0
32207,90.91,-200.11,0
32219,83.33,-200.65,0
32230,90.91,-200.50,0
32242,83.33,-199.49,0
32253,90.91,-199.61,0
32265,83.33,-199.33,0
32276,90.91,-199.77,0
32287,90.91,-199.90,0
32299,83.33,-199.95,0
32311,83.33,-200.24,0
32322,90.91,-200.77,0
32333,90.91,-200.42,0
32345,83.33,-199.85,0
32356,90.91,-199.83,0
32367,90.91,-199.66,0
32379,83.33,-199.67,0
32391,83.33,-199.52,0
32402,90.91,-199.34,0
32413,90.91,-199.36,0
32424,90.91,-199.44,0
32437,83.33,-199.82,0
32448,83.33,-200.11,0
32459,90.91,-200.47,0
32471,83.33,-200.75,0
32482,90.91,-200.55,0
32493,90.91,-200.70,0
32505,83.33,-200.10,0
32517,83.33,-199.41,0
32528,90.91,-200.22,0
32539,90.91,-200.21,0
32550,90.91,-199.99,0
32562,83.33,-200.05,0
32574,83.33,-199.71,0
32585,90.91,-199.77,0
32596,90.91,-199.62,0
32608,83.33,-199.58,0
32619,90.91,-199.99,0
32630,90.91,-200.42,0
32643,76.92,-200.44,0
32654,90.91,-200.24,0
32665,90.91,-199.91,0
32676,90.91,-199.82,0
32688,83.33,-199.95,0
32700,90.91,-199.53,0
32711,83.33,-199.28,0
32722,90.91,-199.30,0
32734,83.33,-199.76,0
32745,90.91,-200.06,0
32756,90.91,-200.05,0
32769,76.92,-199.85,0
32780,90.91,-199.74,0
32791,90.91,-200.06,0
32802,90.91,-200.01,0
32814,83.33,-200.05,0
32825,90.91,-199.42,0
32837,83.33,-199.39,0
32848,90.91,-199.33,0
32860,83.33,-199.55,0
32871,90.91,-200.15,0
32882,90.91,-200.34,0
32893,90.91,-200.11,0
32906,76.92,-200.25,0
32917,90.91,-200.13,0
32928,90.91,-199.95,0
32940,83.33,-200.01,0
32951,90.91,-200.29,0
32963,83.33,-200.10,0
32974,90.91,-199.42,0
32986,83.33,-199.21,0
32997,90.91,-199.08,0
33008,90.91,-199.81,0
33019,90.91,-200.20,0
33032,76.92,-200.41,0
33043,90.91,-200.48,0
33054,90.91,-200.53,0
33065,90.91,-200.69,0
33077,83.33,-200.49,0
33088,90.91,-200.23,0
33100,83.33,-199.82,0
33112,83.33,-199.92,0
33123,90.91,-199.78,0
33134,90.91,-199.19,0
33145,90.91,-198.92,0
33158,83.33,-199.60,0
33169,83.33,-200.03,0
33180,90.91,-200.48,0
33191,90.91,-200.10,0
33203,83.33,-199.51,0
33214,90.91,-199.71,0
33226,83.33,-199.97,0
33238,83.33,-199.75,0
33249,90.91,-199.23,0
33260,90.91,-199.68,0
33271,90.91,-199.85,0
33283,83.33,-199.73,0
33295,83.33,-199.58,0
33306,90.91,-200.13,0
33317,90.91,-200.73,0
33329,83.33,-200.56,0
33340,90.91,-199.97,0
33351,90.91,-200.13,0
33363,83.33,-199.91,0
33375,83.33,-200.16,0
33386,90.91,-199.72,0
33397,90.91,-199.80,0
33409,83.33,-200.07,0
33421,90.91,-200.20,0
33432,83.33,-200.04,0
33443,90.91,-199.86,0
33455,83.33,-199.92,0
33466,90.91,-199.45,0
33477,90.91,-199.69,0
33489,83.33,-199.83,0
33501,83.33,-199.94,0
33512,90.91,-199.86,0
33523,90.91,-199.59,0
33534,90.91,-199.47,0
33546,83.33,-199.61,0
33558,83.33,-199.95,0
33569,90.91,-199.79,0
33581,83.33,-200.06,0
33592,90.91,-201.04,0
33603,90.91,-200.66,0
33614,90.91,-200.12,0
33627,76.92,-199.82,0
33638,90.91,-199.59,0
33649,90.91,-200.31,0
33660,90.91,-200.25,0
33672,83.33,-200.26,0
33684,90.91,-199.95,0
33695,83.33,-199.26,0
33707,83.33,-199.45,0
33718,90.91,-199.66,0
33729,90.91,-200.02,0
33740,90.91,-200.06,0
33753,76.92,-200.18,0
33764,90.91,-199.87,0
33775,90.91,-200.00,0
33786,90.91,-200.65,0
33798,83.33,-200.85,0
33809,90.91,-200.43,0
33821,83.33,-199.95,0
33832,90.91,-199.44,0
33844,83.33,-199.78,0
33855,90.91,-199.73,0
33866,90.91,-198.99,0
33878,83.33,-199.50,0
33890,83.33,-199.50,0
33901,90.91,-199.60,0
33912,90.91,-199.31,0
33924,83.33,-199.67,0
33935,90.91,-200.04,0
33947,90.91,-199.84,0
33958,83.33,-199.90,0
33970,83.33,-199.77,0
33981,90.91,-200.35,0
33992,90.91,-200.15,0
34003,90.91,-199.86,0
34016,76.92,-200.05,0
34027,90.91,-199.71,0
34038,90.91,-199.98,0
34050,83.33,-200.33,0
34061,90.91,-200.68,0
34072,90.91,-200.66,0
34084,83.33,-200.70,0
34096,83.33,-200.65,0
34107,90.91,-199.93,0
34118,90.91,-199.65,0
34129,90.91,-199.61,0
34141,83.33,-199.12,0
34153,83.33,-199.52,0
34164,90.91,-199.99,0
34176,83.33,-199.95,0
34187,90.91,-199.73,0
34198,90.91,-199.88,0
34210,90.91,-200.46,0
34222,76.92,-200.82,0
34233,90.91,-200.16,0
34244,90.91,-199.79,0
34255,90.91,-199.66,0
34267,83.33,-199.30,0
34279,83.33,-198.67,0
34290,90.91,-198.63,0
34301,90.91,-199.13,0
34313,83.33,-200.16,0
34324,90.91,-201.10,0
34335,90.91,-200.40,0
34348,76.92,-200.00,0
34359,90.91,-200.75,0
34370,90.91,-200.82,0
34381,90.91,-200.66,0
34393,83.33,-199.60,0
34404,90.91,-199.07,0
34416,83.33,-199.61,0
34427,90.91,-199.63,0
34439,83.33,-199.85,0
34450,90.91,-200.55,0
34461,90.91,-200.37,0
34473,90.91,-199.97,0
34485,76.92,-200.51,0
34496,90.91,-200.33,0
34507,90.91,-200.08,0
34519,83.33,-200.24,0
34530,90.91,-199.67,0
34542,83.33,-199.34,0
34553,90.91,-198.88,0
34565,83.33,-199.33,0
34576,90.91,-200.17,0
34587,90.91,-199.84,0
34598,90.91,-199.73,0
34611,76.92,-199.74,0
34622,90.91,-200.16,0
34633,90.91,-200.28,0
34644,90.91,-200.10,0
34656,83.33,-199.96,0
34667,90.91,-199.47,0
34679,83.33,-199.22,0
34691,83.33,-199.44,0
34702,90.91,-199.48,0
34713,90.91,-199.42,0
34724,90.91,-199.22,0
34737,83.33,-200.12,0
34748,83.33,-200.61,0
34759,90.91,-200.41,0
34770,90.91,-200.25,0
34782,83.33,-199.88,0
34793,90.91,-200.22,0
34805,83.33,-199.65,0
34817,83.33,-199.25,0
34828,90.91,-199.23,0
34839,90.91,-199.66,0
34850,90.91,-199.98,0
34862,83.33,-199.86,0
34874,83.33,-199.74,0
34885,90.91,-199.95,0
34896,90.91,-200.39,0
34908,83.33,-200.74,0
34919,90.91,-200.24,0
34930,90.91,-199.92,0
34942,83.33,-199.57,0
34954,83.33,-199.66,0
34965,90.91,-199.31,0
34976,90.91,-199.28,0
34988,83.33,-199.47,0
35000,90.91,-200.13,0
35011,83.33,-200.12,0
35022,90.91,-199.75,0
35034,83.33,-200.05,0
35045,90.91,-199.99,0
35056,90.91,-199.91,0
35068,83.33,-199.99,0
35080,83.33,-199.84,0
35091,90.91,-199.91,0
35102,90.91,-200.13,0
35113,90.91,-199.84,0
35125,83.33,-199.46,0
35137,83.33,-199.48,0
35148,90.91,-199.66,0
35160,83.33,-199.62,0
35171,90.91,-199.98,0
35182,90.91,-199.74,0
35193,90.91,-199.89,0
35206,76.92,-199.98,0
35217,90.91,-200.11,0
35228,90.91,-200.35,0
35239,90.91,-199.99,0
35251,83.33,-200.15,0
35263,90.91,-199.98,0
35274,83.33,-200.14,0
35286,83.33,-199.95,0
35297,90.91,-199.89,0
35308,90.91,-200.38,0
35319,90.91,-200.46,0
35332,76.92,-200.39,0
35343,90.91,-200.52,0
35354,90.91,-200.05,0
35365,90.91,-200.26,0
35377,83.33,-200.07,0
35388,90.91,-200.08,0
35400,83.33,-199.64,0
35411,90.91,-199.56,0
35423,83.33,-199.36,0
35434,90.91,-199.58,0
35445,90.91,-199.55,0
35457,83.33,-200.06,0
35469,83.33,-200.28,0
35480,90.91,-200.65,0
35491,90.91,-200.28,0
35503,83.33,-200.78,0
35514,90.91,-200.55,0
35526,90.91,-200.02,0
35537,83.33,-199.78,0
35549,83.33,-199.58,0
35560,90.91,-199.44,0
35571,90.91,-198.87,0
35582,90.91,-199.24,0
35595,76.92,-200.18,0
35606,90.91,-200.33,0
35617,90.91,-200.59,0
35629,83.33,-200.19,0
35640,90.91,-199.78,0
35651,90.91,-200.15,0
35663,83.33,-199.60,0
35675,83.33,-199.50,0
35686,90.91,-199.49,0
35697,90.91,-199.14,0
35708,90.91,-199.29,0
35720,83.33,-199.29,0
35732,83.33,-199.97,0
35743,90.91,-200.33,0
35755,83.33,-200.82,0
35766,90.91,-200.70,0
35777,90.91,-199.92,0
35789,90.91,-200.07,0
35801,76.92,-200.13,0
35812,90.91,-199.58,0
35823,90.91,-199.68,0
35834,90.91,-199.43,0
35846,83.33,-199.67,0
35858,83.33,-199.95,0
35869,90.91,-200.16,0
35880,90.91,-200.32,0
35892,83.33,-200.19,0
35903,90.91,-199.96,0
35914,90.91,-200.07,0
35927,76.92,-199.94,0
35938,90.91,-199.63,0
35949,90.91,-199.74,0
35960,90.91,-198.81,0
35972,83.33,-199.09,0
35983,90.91,-199.22,0
35995,83.33,-199.75,0
36006,90.91,-199.95,0
36018,83.33,-199.95,0
36029,90.91,-199.97,0
36040,90.91,-199.93,0
36052,90.91,-200.55,0
36064,76.92,-200.24,0
36075,90.91,-199.61,0
36086,90.91,-199.70,0
36098,83.33,-199.89,0
36109,90.91,-199.35,0
36121,83.33,-199.18,0
36132,90.91,-199.51,0
36144,83.33,-199.65,0
36155,90.91,-199.76,0
36166,90.91,-199.72,0
36177,90.91,-200.20,0
36190,76.92,-200.55,0
36201,90.91,-200.75,0
36212,90.91,-200.20,0
36224,83.33,-199.54,0
36235,90.91,-199.35,0
36246,90.91,-199.13,0
36258,83.33,-198.98,0
36270,83.33,-199.19,0
36281,90.91,-199.61,0
36292,90.91,-199.68,0
36303,90.91,-200.06,0
36316,83.33,-200.16,0
36327,83.33,-199.96,0
36338,90.91,-200.01,0
36349,90.91,-199.94,0
36361,83.33,-199.79,0
36372,90.91,-199.63,0
36384,83.33,-199.45,0
36396,83.33,-199.34,0
36407,90.91,-199.46,0
36418,90.91,-199.45,0
36429,90.91,-200.10,0
36441,83.33,-200.68,0
36453,83.33,-201.34,0
36464,90.91,-201.03,0
36475,90.91,-200.65,0
36487,83.33,-200.09,0
36498,90.91,-200.05,0
36510,90.91,-200.27,0
36521,83.33,-200.10,0
36533,83.33,-199.90,0
36544,90.91,-199.97,0
36555,90.91,-200.51,0
36567,83.33,-200.57,0
36579,83.33,-200.00,0
36590,90.91,-200.01,0
36601,90.91,-199.88,0
36613,83.33,-200.15,0
36624,90.91,-200.38,0
36635,90.91,-200.41,0
36647,83.33,-199.81,0
36659,83.33,-199.73,0
36670,90.91,-199.78,0
36681,90.91,-199.49,0
36692,90.91,-199.87,0
36704,83.33,-200.24,0
36716,83.33,-200.40,0
36727,90.91,-200.72,0
36739,83.33,-200.11,0
36750,90.91,-200.15,0
36761,90.91,-200.75,0
36773,90.91,-200.03,0
36785,76.92,-199.90,0
36796,90.91,-199.33,0
36807,90.91,-199.44,0
36818,90.91,-199.70,0
36830,83.33,-200.05,0
36842,83.33,-200.07,0
36853,90.91,-200.19,0
36865,83.33,-200.63,0
36876,90.91,-200.22,0
36887,90.91,-200.38,0
36898,90.91,-200.07,0
36911,76.92,-199.83,0
36922,90.91,-199.79,0
36933,90.91,-199.23,0
36944,90.91,-199.85,0
36956,83.33,-200.14,0
36967,90.91,-200.02,0
36979,83.33,-200.02,0
36990,90.91,-199.58,0
37002,83.33,-199.75,0
37013,90.91,-199.63,0
37024,90.91,-199.81,0
37037,83.33,-200.13,0
37048,83.33,-200.27,0
37059,90.91,-199.96,0
37070,90.91,-199.50,0
37082,83.33,-199.34,0
37093,90.91,-199.90,0
37105,83.33,-200.04,0
37116,90.91,-199.53,0
37128,83.33,-200.17,0
37139,90.91,-200.33,0
37150,90.91,-199.56,0
37161,90.91,-199.87,0
37174,76.92,-200.78,0
37185,90.91,-200.53,0
37196,90.91,-200.16,0
37208,83.33,-200.21,0
37219,90.91,-200.01,0
37230,90.91,-199.73,0
37242,83.33,-199.47,0
37254,83.33,-199.64,0
37265,90.91,-199.92,0
37276,90.91,-199.62,0
37287,90.91,-200.14,0
37300,83.33,-200.31,0
37311,83.33,-200.25,0
37322,90.91,-199.84,0
37334,83.33,-199.78,0
37345,90.91,-199.74,0
37356,90.91,-199.46,0
37368,83.33,-200.07,0
37380,83.33,-200.09,0
37391,90.91,-199.85,0
37402,90.91,-199.99,0
37413,90.91,-199.70,0
37425,83.33,-199.41,0
37437,83.33,-199.54,0
37448,90.91,-200.47,0
37459,90.91,-200.42,0
37471,83.33,-200.24,0
37482,90.91,-199.79,0
37493,90.91,-200.15,0
37506,76.92,-200.48,0
37517,90.91,-200.66,0
37528,90.91,-200.39,0
37539,90.91,-199.94,0
37551,83.33,-199.33,0
37563,83.33,-199.27,0
37574,90.91,-199.34,0
37585,90.91,-200.06,0
37597,83.33,-200.55,0
37608,90.91,-200.52,0
37619,90.91,-200.36,0
37632,76.92,-200.09,0
37643,90.91,-199.59,0
37654,90.91,-199.31,0
37665,90.91,-199.43,0
37677,83.33,-199.59,0
37688,90.91,-199.53,0
37700,83.33,-199.18,0
37711,90.91,-200.15,0
37723,83.33,-200.44,0
37734,90.91,-200.91,0
37745,90.91,-200.53,0
37757,90.91,-199.94,0
37769,76.92,-200.01,0
37780,90.91,-200.15,0
37791,90.91,-200.20,0
37803,83.33,-199.84,0
37814,90.91,-199.86,0
37826,83.33,-199.65,0
37837,90.91,-199.90,0
37849,83.33,-200.05,0
37860,90.91,-200.44,0
37871,90.91,-200.49,0
37882,90.91,-199.86,0
37895,76.92,-199.75,0
37906,90.91,-199.77,0
37917,90.91,-199.47,0
37928,90.91,-199.74,0
37940,83.33,-200.53,0
37951,90.91,-200.60,0
37963,83.33,-200.23,0
37975,83.33,-200.12,0
37986,90.91,-199.99,0
37997,90.91,-199.72,0
38008,90.91,-199.82,0
38021,83.33,-200.32,0
38032,83.33,-199.98,0
38043,90.91,-199.77,0
38054,90.91,-200.09,0
38066,83.33,-200.09,0
38077,90.91,-199.51,0
38089,83.33,-200.19,0
38100,90.91,-199.56,0
38112,83.33,-199.95,0
38123,90.91,-199.74,0
38134,90.91,-199.79,0
38146,83.33,-200.13,0
38158,83.33,-200.79,0
38169,90.91,-200.82,0
38180,90.91,-200.03,0
38192,83.33,-200.09,0
38203,90.91,-200.70,0
38214,90.91,-200.60,0
38226,83.33,-199.86,0
38238,83.33,-199.39,0
38249,90.91,-199.67,0
38260,90.91,-200.20,0
38272,83.33,-199.86,0
38284,90.91,-199.88,0
38295,83.33,-200.07,0
38306,90.91,-199.94,0
38318,83.33,-199.67,0
38329,90.91,-199.79,0
38340,90.91,-199.36,0
38352,83.33,-199.65,0
38364,83.33,-199.82,0
38375,90.91,-200.06,0
38386,90.91,-200.18,0
38397,90.91,-200.23,0
38409,83.33,-200.00,0
38421,83.33,-200.09,0
38432,90.91,-200.03,0
38444,83.33,-199.73,0
38455,90.91,-199.13,0
38466,90.91,-199.71,0
38478,90.91,-199.91,0
38490,76.92,-199.97,0
38501,90.91,-199.76,0
38512,90.91,-200.16,0
38523,90.91,-200.05,0
38535,83.33,-199.62,0
38547,83.33,-199.15,0
38558,90.91,-199.21,0
38569,90.91,-199.48,0
38581,83.33,-199.93,0
38592,90.91,-200.11,0
38603,90.91,-199.85,0
38616,76.92,-199.78,0
38627,90.91,-199.94,0
38638,90.91,-200.28,0
38649,90.91,-199.93,0
38661,83.33,-199.70,0
38672,90.91,-199.86,0
38684,83.33,-199.98,0
38695,90.91,-199.50,0
38707,83.33,-199.50,0
38718,90.91,-199.99,0
38729,90.91,-200.60,0
38742,90.91,-200.59,0
38753,76.92,-200.71,0
38764,90.91,-199.89,0
38775,90.91,-199.92,0
38787,83.33,-200.99,0
38798,90.91,-201.15,0
38810,83.33,-200.45,0
38821,90.91,-199.75,0
38833,83.33,-199.69,0
38844,90.91,-200.07,0
38855,90.91,-199.58,0
38866,90.91,-199.53,0
38879,76.92,-199.87,0
38890,90.91,-200.26,0
38901,90.91,-200.55,0
38913,83.33,-200.70,0
38924,90.91,-200.86,0
38935,90.91,-200.16,0
38947,83.33,-200.47,0
38959,83.33,-199.84,0
38970,90.91,-199.35,0
38981,90.91,-199.56,0
38992,90.91,-200.11,0
39005,83.33,-200.20,0
39016,83.33,-199.90,0
39027,90.91,-199.95,0
39038,90.91,-199.60,0
39050,83.33,-200.01,0
39061,90.91,-200.67,0
39073,83.33,-200.33,0
39085,83.33,-199.85,0
39096,90.91,-199.98,0
39107,90.91,-200.08,0
39118,90.91,-199.73,0
39130,83.33,-199.55,0
39142,83.33,-200.41,0
39153,90.91,-200.08,0
39164,90.91,-200.19,0
39176,83.33,-200.19,0
39187,90.91,-200.05,0
39198,90.91,-200.24,0
39211,76.92,-199.93,0
39222,90.91,-199.85,0
39233,90.91,-199.85,0
39244,90.91,-199.43,0
39256,83.33,-199.46,0
39268,90.91,-199.78,0
39279,83.33,-199.38,0
39290,90.91,-199.43,0
39302,83.33,-199.57,0
39313,90.91,-199.91,0
39324,90.91,-199.76,0
39336,83.33,-200.01,0
39348,83.33,-200.05,0
39359,90.91,-199.91,0
39370,90.91,-199.83,0
39382,83.33,-199.67,0
39393,90.91,-199.81,0
39405,83.33,-199.63,0
39416,90.91,-199.52,0
39428,83.33,-200.12,0
39439,90.91,-199.54,0
39450,90.91,-199.50,0
39461,90.91,-199.67,0
39474,76.92,-199.57,0
39485,90.91,-199.73,0
39496,90.91,-199.64,0
39507,90.91,-200.54,0
39519,83.33,-200.26,0
39531,90.91,-200.63,0
39542,90.91,-200.57,0
39554,83.33,-200.41,0
39565,90.91,-200.27,0
39576,90.91,-200.29,0
39587,90.91,-199.73,0
39600,76.92,-199.22,0
39611,90.91,-198.97,0
39622,90.91,-199.00,0
39633,90.91,-199.28,0
39645,83.33,-200.41,0
39656,90.91,-200.58,0
39668,83.33,-199.84,0
39680,83.33,-200.10,0
39691,90.91,-200.55,0
39702,90.91,-200.80,0
39713,90.91,-200.77,0
39725,83.33,-200.37,0
39737,83.33,-199.93,0
39748,90.91,-199.39,0
39759,90.91,-199.13,0
39771,83.33,-198.99,0
39782,90.91,-199.33,0
39794,83.33,-200.05,0
39805,90.91,-199.70,0
39817,83.33,-200.05,0
39828,90.91,-200.36,0
39839,90.91,-200.96,0
