66,15.15,-192.32,0
77,90.91,-191.31,0
89,83.33,-190.25,0
100,90.91,-190.94,0
111,90.91,-191.83,0
123,83.33,-193.58,0
135,83.33,-193.92,0
146,90.91,-193.65,0
157,90.91,-192.03,0
168,90.91,-190.20,0
180,83.33,-189.49,0
192,83.33,-190.17,0
203,90.91,-191.99,0
215,83.33,-192.75,0
226,90.91,-192.57,0
237,90.91,-192.03,0
249,90.91,-191.23,0
261,83.33,-190.68,0
272,90.91,-191.74,0
283,90.91,-192.92,0
294,90.91,-192.44,0
306,83.33,-191.44,0
318,83.33,-190.19,0
329,90.91,-188.81,0
340,90.91,-189.62,0
352,83.33,-190.39,0
363,90.91,-192.23,0
374,90.91,-193.38,0
387,76.92,-193.57,0
398,90.91,-192.10,0
409,90.91,-190.84,0
420,90.91,-190.50,0
432,83.33,-191.42,0
443,90.91,-192.62,0
455,83.33,-192.55,0
466,90.91,-191.09,0
478,83.33,-190.41,0
489,90.91,-189.97,0
500,90.91,-190.20,0
513,83.33,-191.15,0
524,83.33,-192.85,0
535,90.91,-193.73,0
546,90.91,-192.90,0
558,83.33,-191.43,0
569,90.91,-189.73,0
581,83.33,-190.02,0
592,90.91,-191.29,0
604,83.33,-193.21,0
615,90.91,-192.80,0
626,90.91,-191.22,0
637,90.91,-190.58,0
650,76.92,-189.61,0
661,90.91,-190.54,0
672,90.91,-191.58,0
684,83.33,-193.21,0
695,90.91,-193.40,0
706,90.91,-191.69,0
718,83.33,-191.02,0
730,83.33,-189.60,0
741,90.91,-189.55,0
752,90.91,-190.99,0
763,90.91,-192.52,0
776,83.33,-193.41,0
787,83.33,-192.11,0
798,90.91,-191.02,0
809,90.91,-190.06,0
821,83.33,-190.33,0
832,90.91,-191.76,0
844,83.33,-193.10,0
856,83.33,-193.57,0
867,90.91,-192.16,0
878,90.91,-191.21,0
889,90.91,-189.90,0
901,83.33,-190.49,0
913,83.33,-192.29,0
924,90.91,-193.53,0
935,90.91,-193.67,0
947,83.33,-192.48,0
958,90.91,-190.89,0
969,90.91,-189.83,0
982,76.92,-190.31,0
993,90.91,-192.06,0
1004,90.91,-192.64,0
1015,90.91,-192.34,0
1027,83.33,-190.85,0
1038,90.91,-189.84,0
1050,83.33,-189.41,0
1061,90.91,-189.69,0
1073,83.33,-191.87,0
1084,90.91,-192.99,0
1095,90.91,-193.09,0
1107,83.33,-191.84,0
1119,83.33,-190.68,0
1130,90.91,-189.84,0
1141,90.91,-190.06,0
1153,83.33,-192.03,0
1164,90.91,-192.94,0
1176,83.33,-193.04,0
1187,90.91,-191.35,0
1199,83.33,-189.40,0
1210,90.91,-189.76,0
1221,90.91,-190.87,0
1232,90.91,-192.20,0
1245,76.92,-193.25,0
1256,90.91,-193.42,0
1267,90.91,-192.39,0
1278,90.91,-189.96,0
1290,83.33,-189.91,0
1302,90.91,-190.52,0
1313,83.33,-191.85,0
1325,83.33,-192.64,0
1336,90.91,-192.28,0
1347,90.91,-190.97,0
1358,90.91,-189.89,0
1371,76.92,-189.66,0
1382,90.91,-190.68,0
1393,90.91,-192.77,0
1404,90.91,-193.99,0
1416,83.33,-193.33,0
1427,90.91,-191.43,0
1439,83.33,-189.75,0
1451,83.33,-189.78,0
1462,90.91,-190.83,0
1473,90.91,-192.36,0
1484,90.91,-193.14,0
1496,83.33,-192.74,0
1508,83.33,-191.99,0
1519,90.91,-190.85,0
1530,90.91,-190.15,0
1542,83.33,-190.42,0
1553,90.91,-192.24,0
1565,90.91,-193.55,0
1576,83.33,-192.48,0
1588,83.33,-191.10,0
1599,90.91,-189.44,0
1610,90.91,-189.45,0
1622,83.33,-190.32,0
1634,83.33,-192.62,0
1645,90.91,-193.69,0
1656,90.91,-192.35,0
1668,83.33,-190.85,0
1679,90.91,-190.13,0
1690,90.91,-190.26,0
1702,83.33,-190.59,0
1714,83.33,-192.21,0
1725,90.91,-193.12,0
1736,90.91,-192.61,0
1747,90.91,-191.52,0
1759,83.33,-189.98,0
1771,83.33,-190.14,0
1782,90.91,-190.75,0
1794,83.33,-192.97,0
1805,90.91,-193.80,0
1816,90.91,-192.53,0
1828,90.91,-190.99,0
1840,76.92,-189.40,0
1851,90.91,-189.78,0
1862,90.91,-190.82,0
1873,90.91,-191.86,0
1885,83.33,-192.91,0
1897,83.33,-192.43,0
1908,90.91,-190.72,0
1920,83.33,-190.20,0
1931,90.91,-190.45,0
1942,90.91,-191.95,0
1953,90.91,-192.98,0
1966,76.92,-193.51,0
1977,90.91,-192.48,0
1988,90.91,-190.80,0
1999,90.91,-189.77,0
2011,83.33,-189.64,0
2022,90.91,-191.48,0
2034,83.33,-193.56,0
2045,90.91,-193.65,0
2057,83.33,-192.09,0
2068,90.91,-190.74,0
2079,90.91,-190.16,0
2091,83.33,-190.35,0
2103,83.33,-192.21,0
2114,90.91,-193.48,0
2125,90.91,-193.29,0
2137,83.33,-191.33,0
2148,90.91,-190.11,0
2160,83.33,-189.69,0
2171,90.91,-190.23,0
2183,83.33,-191.87,0
2194,90.91,-193.22,0
2205,90.91,-193.79,0
2216,90.91,-192.43,0
2229,76.92,-191.19,0
2240,90.91,-190.77,0
2251,90.91,-190.77,0
2263,83.33,-192.46,0
2274,90.91,-193.03,0
2285,90.91,-193.25,0
2297,83.33,-192.07,0
2309,83.33,-189.94,0
2320,90.91,-190.10,0
2331,90.91,-190.51,0
2342,90.91,-192.12,0
2354,83.33,-193.51,0
2366,83.33,-193.78,0
2377,90.91,-192.64,0
2388,90.91,-190.64,0
2400,83.33,-190.22,0
2411,90.91,-190.29,0
2423,90.91,-192.90,0
2435,76.92,-193.78,0
2446,90.91,-192.92,0
2457,90.91,-190.87,0
2468,90.91,-189.82,0
2480,83.33,-190.00,0
2492,83.33,-190.56,0
2503,90.91,-192.34,0
2514,90.91,-193.48,0
2526,83.33,-193.47,0
2537,90.91,-191.83,0
2548,90.91,-190.02,0
2561,76.92,-189.53,0
2572,90.91,-189.68,0
2583,90.91,-191.54,0
2594,90.91,-193.11,0
2606,83.33,-192.81,0
2617,90.91,-191.39,0
2629,83.33,-190.26,0
2640,90.91,-190.50,0
2652,83.33,-190.81,0
2663,90.91,-192.70,0
2674,90.91,-193.45,0
2686,90.91,-192.87,0
2698,76.92,-191.44,0
2709,90.91,-189.74,0
2720,90.91,-189.44,0
2732,83.33,-190.08,0
2743,90.91,-192.60,0
2755,83.33,-193.45,0
2766,90.91,-193.46,0
2778,83.33,-191.97,0
2789,90.91,-190.09,0
2800,90.91,-190.20,0
2811,90.91,-191.52,0
2824,76.92,-193.58,0
2835,90.91,-193.69,0
2846,90.91,-193.13,0
2857,90.91,-191.52,0
2869,83.33,-189.11,0
2880,90.91,-189.31,0
2892,83.33,-190.65,0
2904,83.33,-192.60,0
2915,90.91,-193.70,0
2926,90.91,-193.60,0
2937,90.91,-191.46,0
2950,83.33,-189.95,0
2961,83.33,-189.99,0
2972,90.91,-190.85,0
2983,90.91,-193.12,0
2995,83.33,-193.35,0
3006,90.91,-192.32,0
3018,83.33,-190.52,0
3030,83.33,-188.91,0
3041,90.91,-189.27,0
3052,90.91,-190.74,0
3063,90.91,-192.69,0
3075,83.33,-194.21,0
3087,83.33,-192.60,0
3098,90.91,-191.18,0
3109,90.91,-189.95,0
3121,83.33,-190.41,0
3132,90.91,-190.59,0
3143,90.91,-191.69,0
3155,83.33,-192.72,0
3167,83.33,-191.87,0
3178,90.91,-190.36,0
3189,90.91,-190.01,0
3201,83.33,-190.01,0
3213,90.91,-191.33,0
3224,83.33,-193.67,0
3235,90.91,-193.97,0
3247,83.33,-192.41,0
3258,90.91,-191.30,0
3269,90.91,-189.99,0
3281,83.33,-189.84,0
3293,83.33,-190.93,0
3304,90.91,-192.47,0
3315,90.91,-193.24,0
3326,90.91,-191.38,0
3338,83.33,-190.49,0
3350,83.33,-189.83,0
3361,90.91,-190.21,0
3373,83.33,-192.15,0
3384,90.91,-193.22,0
3395,90.91,-193.39,0
3406,90.91,-192.01,0
3419,76.92,-190.63,0
3430,90.91,-189.76,0
3441,90.91,-189.20,0
3452,90.91,-190.62,0
3464,83.33,-192.25,0
3475,90.91,-192.53,0
3487,83.33,-191.25,0
3499,83.33,-190.17,0
3510,90.91,-189.90,0
3521,90.91,-190.01,0
3532,90.91,-191.61,0
3545,76.92,-192.64,0
3556,90.91,-193.10,0
3567,90.91,-191.62,0
3578,90.91,-190.25,0
3590,83.33,-189.21,0
3601,90.91,-189.42,0
3613,83.33,-191.06,0
3624,90.91,-192.40,0
3636,83.33,-193.01,0
3647,90.91,-191.53,0
3658,90.91,-190.87,0
3670,83.33,-190.21,0
3682,83.33,-190.52,0
3693,90.91,-192.22,0
3704,90.91,-193.36,0
3716,83.33,-193.28,0
3727,90.91,-191.64,0
3738,90.91,-189.67,0
3750,83.33,-188.95,0
3762,83.33,-189.33,0
3773,90.91,-191.65,0
3784,90.91,-193.07,0
3795,90.91,-193.02,0
3808,83.33,-191.59,0
3819,83.33,-190.72,0
3830,90.91,-190.54,0
3842,83.33,-190.70,0
3853,90.91,-192.48,0
3864,90.91,-193.10,0
3876,83.33,-192.97,0
3888,83.33,-190.81,0
3899,90.91,-189.52,0
3910,90.91,-189.80,0
3921,90.91,-190.83,0
3933,83.33,-193.02,0
3945,83.33,-194.40,0
3956,90.91,-194.28,0
3968,83.33,-192.54,0
3979,90.91,-190.24,0
3990,90.91,-189.92,0
4001,90.91,-190.42,0
4014,76.92,-191.76,0
4025,90.91,-192.22,0
4036,90.91,-191.78,0
4047,90.91,-191.45,0
4059,83.33,-189.86,0
4071,90.91,-190.24,0
4082,83.33,-191.02,0
4093,90.91,-193.12,0
4105,83.33,-194.13,0
4116,90.91,-193.80,0
4127,90.91,-192.02,0
4140,76.92,-190.81,0
4151,90.91,-190.15,0
4162,90.91,-190.28,0
4173,90.91,-191.94,0
4185,83.33,-192.59,0
4196,90.91,-191.64,0
4208,83.33,-190.75,0
4219,90.91,-189.93,0
4231,83.33,-190.11,0
4242,90.91,-191.77,0
4253,90.91,-194.13,0
4264,90.91,-194.45,0
4277,76.92,-193.35,0
4288,90.91,-192.03,0
4299,90.91,-189.87,0
4311,83.33,-189.51,0
4322,90.91,-190.62,0
4333,90.91,-191.81,0
4345,83.33,-192.83,0
4357,83.33,-192.19,0
4368,90.91,-191.41,0
4379,90.91,-190.73,0
4390,90.91,-191.53,0
4403,83.33,-192.71,0
4414,83.33,-193.49,0
4425,90.91,-192.99,0
4436,90.91,-191.19,0
4448,83.33,-189.96,0
4459,90.91,-189.49,0
4471,83.33,-189.46,0
4483,83.33,-190.85,0
4494,90.91,-192.64,0
4505,90.91,-193.44,0
4516,90.91,-192.56,0
4528,83.33,-191.94,0
4540,83.33,-191.12,0
4551,90.91,-190.96,0
4562,90.91,-191.53,0
4574,83.33,-192.04,0
4585,90.91,-192.17,0
4596,90.91,-191.19,0
4609,76.92,-189.86,0
4620,90.91,-189.54,0
4631,90.91,-190.01,0
4642,90.91,-191.91,0
4654,83.33,-193.40,0
4666,90.91,-193.23,0
4677,83.33,-192.03,0
4688,90.91,-191.22,0
4700,83.33,-190.12,0
4711,90.91,-190.27,0
4722,90.91,-191.59,0
4734,83.33,-192.27,0
4746,83.33,-192.65,0
4757,90.91,-191.03,0
4768,90.91,-189.86,0
4780,83.33,-189.48,0
4791,90.91,-190.35,0
4803,83.33,-192.42,0
4814,90.91,-192.98,0
4826,83.33,-193.21,0
4837,90.91,-191.88,0
4848,90.91,-190.67,0
4859,90.91,-189.79,0
4872,76.92,-189.61,0
4883,90.91,-190.87,0
4894,90.91,-191.44,0
4905,90.91,-191.80,0
4917,83.33,-191.19,0
4929,90.91,-190.36,0
4940,83.33,-190.12,0
4952,83.33,-190.90,0
4963,90.91,-192.77,0
4974,90.91,-193.85,0
4985,90.91,-193.25,0
4998,76.92,-191.47,0
5009,90.91,-189.84,0
5020,90.91,-188.87,0
5031,90.91,-189.25,0
5043,83.33,-191.88,0
5054,90.91,-192.54,0
5066,83.33,-193.15,0
5078,83.33,-192.05,0
5089,90.91,-190.55,0
5100,90.91,-190.61,0
5111,90.91,-191.65,0
5123,83.33,-192.76,0
5135,83.33,-193.27,0
5146,90.91,-192.44,0
5157,90.91,-190.79,0
5169,83.33,-189.84,0
5180,90.91,-189.04,0
5191,90.91,-189.86,0
5203,83.33,-192.18,0
5215,83.33,-193.68,0
5226,90.91,-193.70,0
5237,90.91,-192.28,0
5249,83.33,-190.53,0
5261,90.91,-190.47,0
5272,83.33,-191.06,0
5283,90.91,-192.08,0
5295,83.33,-192.86,0
5306,90.91,-192.16,0
5317,90.91,-190.85,0
5329,83.33,-189.40,0
5341,83.33,-189.22,0
5352,90.91,-191.02,0
5363,90.91,-193.43,0
5374,90.91,-193.93,0
5386,83.33,-192.87,0
5398,83.33,-191.50,0
5409,90.91,-190.27,0
5421,83.33,-190.17,0
5432,90.91,-190.78,0
5443,90.91,-192.85,0
5454,90.91,-192.66,0
5467,76.92,-191.60,0
5478,90.91,-190.57,0
5489,90.91,-189.55,0
5500,90.91,-190.04,0
5512,83.33,-191.03,0
5524,90.91,-193.32,0
5535,83.33,-194.62,0
5547,83.33,-193.24,0
5558,90.91,-191.38,0
5569,90.91,-189.43,0
5580,90.91,-189.67,0
5593,76.92,-189.89,0
5604,90.91,-191.35,0
5615,90.91,-192.32,0
5626,90.91,-190.91,0
5638,83.33,-190.55,0
5649,90.91,-189.46,0
5661,83.33,-189.66,0
5672,90.91,-191.64,0
5684,83.33,-193.62,0
5695,90.91,-193.79,0
5706,90.91,-192.22,0
5718,83.33,-190.96,0
5730,83.33,-188.82,0
5741,90.91,-189.18,0
5752,90.91,-190.72,0
5764,83.33,-192.29,0
5775,90.91,-192.90,0
5786,90.91,-192.15,0
5798,83.33,-191.17,0
5810,83.33,-190.61,0
5821,90.91,-190.80,0
5832,90.91,-191.31,0
5843,90.91,-192.88,0
5856,83.33,-192.96,0
5867,83.33,-191.26,0
5878,90.91,-190.21,0
5890,83.33,-189.54,0
5901,90.91,-189.97,0
5912,90.91,-191.70,0
5924,83.33,-192.98,0
5936,83.33,-193.10,0
5947,90.91,-192.38,0
5958,90.91,-191.47,0
5969,90.91,-190.93,0
5981,83.33,-190.71,0
5993,83.33,-192.26,0
6004,90.91,-192.71,0
6016,83.33,-192.93,0
6027,90.91,-191.58,0
6038,90.91,-190.59,0
6049,90.91,-190.14,0
6062,76.92,-190.12,0
6073,90.91,-191.88,0
6084,90.91,-193.23,0
6095,90.91,-193.62,0
6107,83.33,-191.95,0
6119,90.91,-191.31,0
6130,83.33,-190.33,0
6141,90.91,-190.86,0
6153,83.33,-192.02,0
6164,90.91,-192.85,0
6175,90.91,-193.02,0
6188,76.92,-191.01,0
6199,90.91,-190.44,0
6210,90.91,-190.30,0
6221,90.91,-191.05,0
6233,83.33,-191.96,0
6244,90.91,-192.69,0
6256,83.33,-192.72,0
6267,90.91,-191.26,0
6279,83.33,-190.41,0
6290,90.91,-188.93,0
6301,90.91,-189.75,0
6312,90.91,-191.52,0
6325,76.92,-193.27,0
6336,90.91,-193.38,0
6347,90.91,-191.92,0
6359,83.33,-190.45,0
6370,90.91,-189.86,0
6381,90.91,-189.85,0
6393,83.33,-192.11,0
6405,83.33,-193.02,0
6416,90.91,-193.00,0
6427,90.91,-191.82,0
6438,90.91,-190.24,0
6451,76.92,-189.55,0
6462,90.91,-189.64,0
6473,90.91,-192.17,0
6484,90.91,-192.94,0
6496,83.33,-192.86,0
6507,90.91,-191.88,0
6519,83.33,-190.48,0
6531,83.33,-189.83,0
6542,90.91,-190.15,0
6553,90.91,-192.29,0
6564,90.91,-193.25,0
6576,83.33,-192.98,0
6588,83.33,-191.52,0
6599,90.91,-190.03,0
6610,90.91,-189.57,0
6622,83.33,-190.80,0
6633,90.91,-192.91,0
6644,90.91,-193.83,0
6657,76.92,-192.50,0
6668,90.91,-190.37,0
6679,90.91,-189.39,0
6690,90.91,-189.53,0
6702,83.33,-190.56,0
6714,83.33,-192.28,0
6725,90.91,-193.48,0
6736,90.91,-193.06,0
6748,83.33,-191.47,0
6759,90.91,-189.69,0
6770,90.91,-189.40,0
6782,83.33,-191.17,0
6794,83.33,-192.42,0
6805,90.91,-193.15,0
6816,90.91,-191.75,0
6828,83.33,-191.07,0
6839,90.91,-189.96,0
6851,83.33,-189.55,0
6862,90.91,-190.84,0
6874,83.33,-193.75,0
6885,90.91,-193.29,0
6896,90.91,-191.95,0
6907,90.91,-191.20,0
6920,76.92,-189.95,0
6931,90.91,-189.69,0
6942,90.91,-190.45,0
6953,90.91,-192.71,0
6965,83.33,-193.70,0
6977,90.91,-192.41,0
6988,83.33,-191.00,0
7000,83.33,-190.24,0
7011,90.91,-190.45,0
7022,90.91,-191.53,0
7033,90.91,-193.13,0
7046,76.92,-193.53,0
7057,90.91,-192.70,0
7068,90.91,-191.03,0
7079,90.91,-190.04,0
7091,83.33,-190.03,0
7102,90.91,-191.00,0
7114,83.33,-192.61,0
7126,83.33,-193.35,0
7137,90.91,-192.57,0
7148,90.91,-191.48,0
7159,90.91,-189.96,0
7171,83.33,-190.13,0
7183,83.33,-191.46,0
7194,90.91,-192.79,0
7205,90.91,-193.25,0
7217,83.33,-192.11,0
7228,90.91,-191.32,0
7240,90.91,-190.27,0
7251,83.33,-190.33,0
7263,83.33,-191.57,0
7274,90.91,-193.07,0
7285,90.91,-193.61,0
7297,83.33,-192.56,0
7309,83.33,-191.37,0
7320,90.91,-190.03,0
7331,90.91,-190.35,0
7343,83.33,-192.14,0
7354,90.91,-193.27,0
7365,90.91,-193.22,0
7377,83.33,-191.69,0
7389,83.33,-190.27,0
7400,90.91,-189.79,0
7411,90.91,-189.40,0
7422,90.91,-191.28,0
7434,83.33,-192.50,0
7446,83.33,-193.53,0
7457,90.91,-192.04,0
7469,83.33,-190.95,0
7480,90.91,-190.19,0
7491,90.91,-190.92,0
7502,90.91,-191.96,0
7515,76.92,-192.86,0
7526,90.91,-192.14,0
7537,90.91,-190.73,0
7548,90.91,-189.51,0
7560,83.33,-189.01,0
7572,90.91,-189.73,0
7583,83.33,-191.94,0
7595,83.33,-193.54,0
7606,90.91,-193.54,0
7617,90.91,-192.20,0
7628,90.91,-191.29,0
7641,76.92,-190.21,0
7652,90.91,-190.11,0
7663,90.91,-191.74,0
7674,90.91,-192.51,0
7686,83.33,-192.03,0
7697,90.91,-190.89,0
7709,83.33,-189.91,0
7720,90.91,-190.34,0
7732,83.33,-190.47,0
7743,90.91,-192.34,0
7754,90.91,-193.42,0
7766,83.33,-193.12,0
7778,83.33,-192.12,0
7789,90.91,-190.88,0
7800,90.91,-189.39,0
7812,83.33,-190.00,0
7823,90.91,-191.68,0
7835,90.91,-192.87,0
7846,83.33,-192.69,0
7858,83.33,-191.12,0
7869,90.91,-189.88,0
7880,90.91,-189.84,0
7891,90.91,-190.86,0
7904,76.92,-192.48,0
7915,90.91,-193.27,0
7926,90.91,-193.26,0
7938,83.33,-191.77,0
7949,90.91,-189.80,0
7960,90.91,-188.89,0
7972,83.33,-189.88,0
7984,83.33,-191.90,0
7995,90.91,-192.90,0
8006,90.91,-192.50,0
8017,90.91,-191.26,0
8029,83.33,-190.13,0
8041,83.33,-190.08,0
8052,90.91,-191.05,0
8064,83.33,-193.32,0
8075,90.91,-193.63,0
8086,90.91,-192.48,0
8098,90.91,-190.73,0
8110,76.92,-189.07,0
8121,90.91,-189.07,0
8132,90.91,-189.94,0
8143,90.91,-192.35,0
8155,83.33,-193.42,0
8167,83.33,-192.75,0
8178,90.91,-191.80,0
8189,90.91,-190.53,0
8201,83.33,-190.33,0
8212,90.91,-190.83,0
8223,90.91,-191.82,0
8236,76.92,-192.83,0
8247,90.91,-191.93,0
8258,90.91,-191.07,0
8269,90.91,-189.44,0
8281,83.33,-189.34,0
8292,90.91,-191.28,0
8304,83.33,-192.93,0
8315,90.91,-194.09,0
8327,83.33,-193.36,0
8338,90.91,-192.12,0
8349,90.91,-190.28,0
8360,90.91,-189.29,0
8373,76.92,-190.15,0
8384,90.91,-191.86,0
8395,90.91,-192.58,0
8407,83.33,-192.13,0
8418,90.91,-190.88,0
8430,90.91,-189.59,0
8441,83.33,-189.94,0
8453,83.33,-191.22,0
8464,90.91,-192.97,0
8475,90.91,-193.80,0
8486,90.91,-192.54,0
8499,76.92,-190.84,0
8510,90.91,-189.02,0
8521,90.91,-189.36,0
8532,90.91,-190.03,0
8544,83.33,-191.83,0
8555,90.91,-193.05,0
8567,83.33,-192.43,0
8579,83.33,-191.50,0
8590,90.91,-190.99,0
8601,90.91,-191.32,0
8612,90.91,-192.53,0
8624,83.33,-193.25,0
8636,83.33,-193.26,0
8647,90.91,-192.08,0
8658,90.91,-190.38,0
8670,83.33,-188.85,0
8681,90.91,-189.13,0
8693,90.91,-190.22,0
8705,76.92,-192.20,0
8716,90.91,-193.87,0
8727,90.91,-192.78,0
8738,90.91,-191.39,0
8750,83.33,-190.52,0
8762,83.33,-190.42,0
8773,90.91,-191.90,0
8784,90.91,-192.59,0
8796,83.33,-192.10,0
8807,90.91,-190.63,0
8818,90.91,-189.52,0
8830,83.33,-189.85,0
8842,83.33,-190.05,0
8853,90.91,-191.83,0
8864,90.91,-194.18,0
8876,83.33,-194.86,0
8887,90.91,-193.28,0
8899,83.33,-191.76,0
8910,90.91,-190.42,0
8922,83.33,-190.12,0
8933,90.91,-191.04,0
8944,90.91,-192.03,0
8956,90.91,-192.14,0
8968,76.92,-190.63,0
8979,90.91,-189.68,0
8990,90.91,-189.33,0
9001,90.91,-189.85,0
9013,83.33,-192.49,0
9025,83.33,-193.84,0
9036,90.91,-194.18,0
9048,83.33,-192.11,0
9059,90.91,-190.27,0
9070,90.91,-189.05,0
9081,90.91,-189.25,0
9094,76.92,-191.19,0
9105,90.91,-191.93,0
9116,90.91,-192.62,0
9127,90.91,-191.75,0
9139,83.33,-191.00,0
9150,90.91,-190.79,0
9162,83.33,-190.93,0
9174,83.33,-192.11,0
9185,90.91,-193.10,0
9196,90.91,-193.05,0
9207,90.91,-191.61,0
9220,83.33,-189.76,0
9231,83.33,-189.38,0
9242,90.91,-190.32,0
9253,90.91,-192.38,0
9265,83.33,-192.76,0
9276,90.91,-193.24,0
9288,83.33,-192.05,0
9299,90.91,-190.77,0
9311,83.33,-190.95,0
9322,90.91,-190.24,0
9333,90.91,-191.92,0
9345,83.33,-192.83,0
9357,83.33,-192.46,0
9368,90.91,-190.86,0
9379,90.91,-189.16,0
9391,83.33,-188.83,0
9402,90.91,-189.55,0
9413,90.91,-191.55,0
9425,83.33,-193.19,0
9437,83.33,-192.97,0
9448,90.91,-192.27,0
9459,90.91,-190.26,0
9470,90.91,-189.87,0
9483,83.33,-190.10,0
9494,83.33,-191.94,0
9505,90.91,-193.06,0
9517,83.33,-192.76,0
9528,90.91,-191.11,0
9539,90.91,-189.83,0
9551,83.33,-189.25,0
9563,83.33,-190.63,0
9574,90.91,-193.03,0
9585,90.91,-193.61,0
9596,90.91,-193.27,0
9608,83.33,-191.34,0
9620,83.33,-189.54,0
9631,90.91,-189.33,0
9643,83.33,-190.53,0
9654,90.91,-192.29,0
9665,90.91,-192.50,0
9676,90.91,-191.97,0
9689,76.92,-191.70,0
9700,90.91,-190.34,0
9711,90.91,-190.31,0
9722,90.91,-190.43,0
9734,83.33,-192.16,0
9746,90.91,-192.93,0
9757,83.33,-192.87,0
9768,90.91,-191.46,0
9780,83.33,-189.96,0
9791,90.91,-189.58,0
9802,90.91,-190.13,0
9815,76.92,-191.97,0
9826,90.91,-193.41,0
9837,90.91,-192.87,0
9848,90.91,-191.65,0
9860,83.33,-190.35,0
9871,90.91,-190.56,0
9883,83.33,-191.34,0
9894,90.91,-192.31,0
9906,83.33,-192.85,0
9917,90.91,-191.57,0
9928,90.91,-189.83,0
9939,90.91,-188.94,0
9952,76.92,-189.53,0
9963,90.91,-191.01,0
9974,90.91,-193.33,0
9986,83.33,-194.10,0
9997,90.91,-192.49,0
10008,90.91,-191.43,0
10020,83.33,-190.62,0
10032,83.33,-190.10,0
10043,90.91,-191.33,0
10054,90.91,-192.39,0
10065,90.91,-193.07,0
10078,83.33,-192.13,0
10089,83.33,-190.26,0
10100,90.91,-189.38,0
10112,83.33,-189.78,0
10123,90.91,-191.69,0
10134,90.91,-193.10,0
10146,83.33,-194.37,0
10158,83.33,-193.20,0
10169,90.91,-191.84,0
10180,90.91,-190.16,0
10191,90.91,-189.68,0
10203,83.33,-191.35,0
10215,83.33,-193.00,0
10226,90.91,-192.78,0
10237,90.91,-191.48,0
10249,83.33,-190.63,0
10260,90.91,-190.14,0
10271,90.91,-190.57,0
10284,76.92,-191.63,0
10295,90.91,-193.70,0
10306,90.91,-194.23,0
10317,90.91,-192.63,0
10329,83.33,-190.41,0
10341,90.91,-189.87,0
10352,83.33,-190.06,0
10363,90.91,-190.87,0
10375,83.33,-192.37,0
10386,90.91,-193.15,0
10397,90.91,-192.09,0
10409,83.33,-191.24,0
10421,83.33,-189.79,0
10432,90.91,-189.63,0
10443,90.91,-191.86,0
10455,83.33,-192.76,0
10466,90.91,-193.14,0
10478,83.33,-191.86,0
10489,90.91,-190.84,0
10501,83.33,-190.25,0
10512,90.91,-190.12,0
10523,90.91,-191.75,0
10534,90.91,-193.16,0
10547,76.92,-193.86,0
10558,90.91,-191.84,0
10569,90.91,-190.63,0
10580,90.91,-190.17,0
10592,83.33,-190.59,0
10603,90.91,-192.18,0
10615,83.33,-193.24,0
10627,83.33,-192.95,0
10638,90.91,-191.60,0
10649,90.91,-190.85,0
10660,90.91,-189.85,0
10673,76.92,-190.54,0
10684,90.91,-191.87,0
10695,90.91,-192.73,0
10706,90.91,-193.23,0
10718,83.33,-191.73,0
10729,90.91,-190.22,0
10741,83.33,-189.70,0
10753,83.33,-189.39,0
10764,90.91,-191.88,0
10775,90.91,-193.21,0
10786,90.91,-193.03,0
10798,83.33,-191.38,0
10810,83.33,-190.50,0
10821,90.91,-190.25,0
10832,90.91,-190.27,0
10844,83.33,-191.83,0
10855,90.91,-193.00,0
10866,90.91,-192.94,0
10878,83.33,-191.87,0
10890,83.33,-189.96,0
10901,90.91,-188.78,0
10912,90.91,-189.45,0
10924,83.33,-191.72,0
10936,90.91,-193.42,0
10947,83.33,-193.62,0
10958,90.91,-192.12,0
10970,83.33,-190.10,0
10981,90.91,-189.51,0
10992,90.91,-190.80,0
11004,83.33,-192.80,0
11016,83.33,-194.05,0
11027,90.91,-192.83,0
11038,90.91,-190.76,0
11049,90.91,-189.46,0
11061,83.33,-189.97,0
11073,83.33,-190.81,0
11084,90.91,-192.41,0
11096,83.33,-193.03,0
11107,90.91,-192.92,0
11118,90.91,-191.27,0
11129,90.91,-190.15,0
11142,76.92,-190.32,0
11153,90.91,-190.46,0
11164,90.91,-191.98,0
11175,90.91,-192.98,0
11187,83.33,-192.22,0
11199,90.91,-190.79,0
11210,83.33,-189.62,0
11222,83.33,-189.67,0
11233,90.91,-190.40,0
11244,90.91,-192.72,0
11255,90.91,-193.62,0
11268,76.92,-193.35,0
11279,90.91,-192.02,0
11290,90.91,-190.17,0
11301,90.91,-189.89,0
11313,83.33,-191.01,0
11324,90.91,-192.59,0
11336,83.33,-193.04,0
11347,90.91,-191.92,0
11359,83.33,-191.21,0
11370,90.91,-190.37,0
11381,90.91,-190.28,0
11393,83.33,-191.64,0
11405,83.33,-193.13,0
11416,90.91,-194.08,0
11427,90.91,-192.81,0
11439,83.33,-191.22,0
11450,90.91,-189.54,0
11461,90.91,-189.39,0
11473,83.33,-190.40,0
11485,83.33,-192.15,0
11496,90.91,-192.83,0
11507,90.91,-192.22,0
11518,90.91,-191.25,0
11531,76.92,-190.08,0
11542,90.91,-190.20,0
11553,90.91,-191.68,0
11565,83.33,-193.84,0
11576,90.91,-194.73,0
11587,90.91,-192.95,0
11599,83.33,-190.70,0
11611,83.33,-189.01,0
11622,90.91,-189.34,0
11633,90.91,-190.74,0
11644,90.91,-191.95,0
11656,83.33,-193.17,0
11668,83.33,-192.24,0
11679,90.91,-191.30,0
11691,83.33,-190.42,0
11702,90.91,-189.92,0
11713,90.91,-190.68,0
11724,90.91,-192.22,0
11737,76.92,-193.08,0
11748,90.91,-192.06,0
11759,90.91,-190.91,0
11770,90.91,-189.30,0
11782,83.33,-189.69,0
11794,90.91,-190.99,0
11805,83.33,-193.29,0
11816,90.91,-193.89,0
11828,83.33,-193.16,0
11839,90.91,-192.27,0
11850,90.91,-190.35,0
11863,76.92,-189.66,0
11874,90.91,-190.87,0
11885,90.91,-192.44,0
11896,90.91,-192.29,0
11908,83.33,-191.43,0
11919,90.91,-190.90,0
11931,83.33,-190.65,0
11942,90.91,-191.01,0
11954,83.33,-192.24,0
11965,90.91,-193.66,0
11976,90.91,-194.51,0
11987,90.91,-193.20,0
12000,76.92,-191.19,0
12011,90.91,-189.83,0
12022,90.91,-189.97,0
12034,83.33,-191.45,0
12045,90.91,-192.96,0
12057,90.91,-192.70,0
12068,83.33,-192.11,0
12080,83.33,-190.67,0
12091,90.91,-189.82,0
12102,90.91,-190.81,0
12113,90.91,-193.01,0
12126,76.92,-193.87,0
12137,90.91,-193.75,0
12148,90.91,-192.00,0
12160,83.33,-190.32,0
12171,90.91,-189.59,0
12182,90.91,-189.94,0
12194,83.33,-190.84,0
12206,83.33,-191.90,0
12217,90.91,-192.72,0
12228,90.91,-192.21,0
12239,90.91,-190.94,0
12251,83.33,-190.19,0
12263,83.33,-190.64,0
12274,90.91,-192.52,0
12285,90.91,-193.43,0
12297,83.33,-193.14,0
12308,90.91,-191.97,0
12319,90.91,-189.96,0
12332,76.92,-188.82,0
12343,90.91,-188.97,0
12354,90.91,-191.39,0
12365,90.91,-193.18,0
12377,83.33,-193.49,0
12389,83.33,-191.90,0
12400,90.91,-190.79,0
12411,90.91,-190.53,0
12423,83.33,-190.60,0
12434,90.91,-192.52,0
12445,90.91,-193.35,0
12457,83.33,-193.02,0
12469,83.33,-190.88,0
12480,90.91,-189.81,0
12491,90.91,-190.07,0
12503,83.33,-190.24,0
12514,90.91,-192.99,0
12526,83.33,-194.36,0
12537,90.91,-193.64,0
12549,83.33,-191.99,0
12560,90.91,-190.58,0
12571,90.91,-190.41,0
12582,90.91,-190.95,0
12595,76.92,-192.04,0
12606,90.91,-192.66,0
12617,90.91,-192.20,0
12628,90.91,-191.04,0
12640,83.33,-189.43,0
12652,90.91,-189.61,0
12663,83.33,-190.86,0
12675,83.33,-193.40,0
12686,90.91,-194.54,0
12697,90.91,-193.93,0
12708,90.91,-192.59,0
12721,76.92,-190.84,0
12732,90.91,-190.10,0
12743,90.91,-190.58,0
12754,90.91,-191.89,0
12766,83.33,-192.41,0
12777,90.91,-192.14,0
12789,83.33,-191.26,0
12801,83.33,-190.33,0
12812,90.91,-190.57,0
12823,90.91,-191.36,0
12834,90.91,-192.81,0
12846,83.33,-194.37,0
12858,83.33,-193.39,0
12869,90.91,-190.93,0
12880,90.91,-189.53,0
12892,83.33,-189.56,0
12903,90.91,-190.42,0
12915,90.91,-192.52,0
12926,83.33,-193.46,0
12938,83.33,-193.05,0
12949,90.91,-191.82,0
12960,90.91,-190.87,0
12972,83.33,-190.81,0
12984,83.33,-191.45,0
12995,90.91,-193.20,0
13006,90.91,-194.02,0
13018,83.33,-192.76,0
13029,90.91,-191.38,0
13040,90.91,-189.51,0
13052,83.33,-189.31,0
13064,83.33,-190.44,0
13075,90.91,-192.71,0
13086,90.91,-194.23,0
13097,90.91,-193.49,0
13109,83.33,-192.53,0
13121,83.33,-190.45,0
13132,90.91,-189.68,0
13144,83.33,-190.27,0
13155,90.91,-192.71,0
13166,90.91,-193.52,0
13178,90.91,-192.30,0
13190,76.92,-190.50,0
13201,90.91,-190.04,0
13212,90.91,-190.18,0
13223,90.91,-191.16,0
13235,83.33,-193.22,0
13247,83.33,-194.18,0
13258,90.91,-193.41,0
13270,83.33,-190.91,0
13281,90.91,-189.00,0
13292,90.91,-189.62,0
13303,90.91,-191.05,0
13316,76.92,-192.62,0
13327,90.91,-193.11,0
13338,90.91,-192.07,0
13349,90.91,-190.67,0
13361,83.33,-189.56,0
13372,90.91,-189.90,0
13384,83.33,-191.46,0
13395,90.91,-192.55,0
13407,83.33,-193.54,0
13418,90.91,-192.28,0
13429,90.91,-190.92,0
13442,83.33,-189.70,0
13453,83.33,-189.55,0
13464,90.91,-190.20,0
13475,90.91,-191.93,0
13487,83.33,-192.75,0
13498,90.91,-192.40,0
13510,83.33,-191.23,0
13521,90.91,-190.52,0
13533,83.33,-191.07,0
13544,90.91,-192.03,0
13555,90.91,-193.05,0
13566,90.91,-193.22,0
13579,76.92,-191.94,0
13590,90.91,-190.67,0
13601,90.91,-189.32,0
13613,83.33,-189.64,0
13624,90.91,-191.46,0
13635,90.91,-193.00,0
13647,83.33,-193.84,0
13659,83.33,-193.15,0
13670,90.91,-191.06,0
13681,90.91,-189.39,0
13692,90.91,-189.86,0
13705,83.33,-191.42,0
13716,83.33,-193.05,0
13727,90.91,-194.48,0
13739,83.33,-193.31,0
13750,90.91,-191.89,0
13761,90.91,-189.93,0
13773,83.33,-189.37,0
13785,83.33,-192.36,0
13796,90.91,-193.46,0
13807,90.91,-193.43,0
13818,90.91,-192.24,0
13830,83.33,-190.91,0
13842,83.33,-189.72,0
13853,90.91,-190.58,0
13864,90.91,-191.97,0
13876,83.33,-192.83,0
13887,90.91,-193.27,0
13898,90.91,-192.57,0
13911,76.92,-191.23,0
13922,90.91,-191.06,0
13933,90.91,-191.10,0
13944,90.91,-192.11,0
13956,83.33,-192.94,0
13968,90.91,-193.39,0
13979,83.33,-192.07,0
13990,90.91,-191.00,0
14002,83.33,-189.67,0
14013,90.91,-189.64,0
14024,90.91,-191.44,0
14036,83.33,-193.09,0
14048,83.33,-194.13,0
14059,90.91,-193.14,0
14070,90.91,-191.15,0
14082,83.33,-189.77,0
14093,90.91,-190.07,0
14105,83.33,-192.11,0
14116,90.91,-192.44,0
14128,83.33,-192.14,0
14139,90.91,-191.29,0
14150,90.91,-190.08,0
14161,90.91,-189.18,0
14174,76.92,-189.88,0
14185,90.91,-191.46,0
14196,90.91,-192.90,0
14208,83.33,-193.29,0
14219,90.91,-192.07,0
14231,90.91,-191.08,0
14242,83.33,-189.77,0
14254,83.33,-189.33,0
14265,90.91,-191.03,0
14276,90.91,-192.46,0
14287,90.91,-192.52,0
14300,76.92,-191.42,0
14311,90.91,-190.16,0
14322,90.91,-189.91,0
14333,90.91,-190.10,0
14345,83.33,-192.14,0
14356,90.91,-192.87,0
14368,83.33,-192.71,0
14380,83.33,-191.54,0
14391,90.91,-190.39,0
14402,90.91,-189.91,0
14413,90.91,-189.51,0
14425,83.33,-191.48,0
14437,83.33,-192.76,0
14448,90.91,-192.91,0
14459,90.91,-191.43,0
14471,83.33,-190.24,0
14482,90.91,-190.49,0
14494,90.91,-190.93,0
14505,83.33,-192.31,0
14517,83.33,-193.24,0
14528,90.91,-193.19,0
14539,90.91,-191.57,0
14551,83.33,-190.29,0
14563,83.33,-189.58,0
14574,90.91,-190.01,0
14585,90.91,-192.58,0
14597,83.33,-193.38,0
14608,90.91,-192.97,0
14619,90.91,-191.82,0
14631,83.33,-189.79,0
14643,83.33,-189.97,0
14654,90.91,-191.24,0
14665,90.91,-192.70,0
14676,90.91,-193.13,0
14688,83.33,-192.73,0
14700,83.33,-191.86,0
14711,90.91,-190.15,0
14723,83.33,-189.49,0
14734,90.91,-190.73,0
14745,90.91,-192.92,0
14756,90.91,-193.82,0
14769,76.92,-192.73,0
14780,90.91,-191.13,0
14791,90.91,-190.66,0
14802,90.91,-189.92,0
14814,83.33,-191.04,0
14826,83.33,-192.49,0
14837,90.91,-193.03,0
14849,83.33,-192.90,0
14860,90.91,-191.57,0
14871,90.91,-189.81,0
14882,90.91,-190.02,0
14895,76.92,-190.81,0
14906,90.91,-192.68,0
14917,90.91,-194.26,0
14928,90.91,-193.60,0
14940,83.33,-191.75,0
14951,90.91,-190.03,0
14963,83.33,-189.63,0
14974,90.91,-190.21,0
14986,83.33,-192.55,0
14997,90.91,-194.38,0
15008,90.91,-193.66,0
15021,83.33,-192.15,0
15032,83.33,-190.24,0
15043,90.91,-190.50,0
15054,90.91,-191.30,0
15066,83.33,-193.19,0
15077,90.91,-193.73,0
15089,83.33,-193.02,0
15100,90.91,-191.68,0
15112,83.33,-189.88,0
15123,90.91,-190.36,0
15134,90.91,-191.11,0
15145,90.91,-193.26,0
15158,76.92,-194.12,0
15169,90.91,-193.40,0
15180,90.91,-191.55,0
15192,83.33,-189.70,0
15203,90.91,-189.63,0
15214,90.91,-191.39,0
15226,83.33,-193.10,0
15238,83.33,-193.40,0
15249,90.91,-192.58,0
15260,90.91,-190.90,0
15271,90.91,-189.97,0
15283,83.33,-190.22,0
15295,83.33,-191.13,0
15306,90.91,-192.91,0
15318,83.33,-193.01,0
15329,90.91,-192.61,0
15340,90.91,-191.66,0
15352,90.91,-190.35,0
15364,76.92,-190.36,0
15375,90.91,-190.82,0
15386,90.91,-192.11,0
15397,90.91,-193.14,0
15409,83.33,-192.41,0
15421,83.33,-190.62,0
15432,90.91,-189.60,0
15443,90.91,-190.36,0
15455,83.33,-191.84,0
15466,90.91,-193.53,0
15477,90.91,-194.35,0
15490,76.92,-192.58,0
15501,90.91,-190.93,0
15512,90.91,-189.62,0
15523,90.91,-189.68,0
15535,83.33,-190.78,0
15546,90.91,-192.27,0
15558,83.33,-193.04,0
15569,90.91,-192.52,0
15581,83.33,-191.30,0
15592,90.91,-189.68,0
15603,90.91,-190.29,0
15616,90.91,-191.28,0
15627,76.92,-192.67,0
15638,90.91,-193.54,0
15649,90.91,-192.48,0
15661,83.33,-190.95,0
15672,90.91,-189.50,0
15684,83.33,-189.30,0
15695,90.91,-191.03,0
15707,83.33,-192.12,0
15718,90.91,-193.10,0
15729,90.91,-192.77,0
15740,90.91,-191.26,0
15753,76.92,-190.12,0
15764,90.91,-190.23,0
15775,90.91,-191.55,0
15787,83.33,-192.41,0
15798,90.91,-192.73,0
15809,90.91,-191.29,0
15821,83.33,-191.00,0
15833,83.33,-189.64,0
15844,90.91,-190.34,0
15855,90.91,-192.16,0
15866,90.91,-193.22,0
15879,83.33,-193.96,0
15890,83.33,-192.50,0
15901,90.91,-190.51,0
15912,90.91,-189.98,0
15924,83.33,-190.01,0
15935,90.91,-190.92,0
15947,83.33,-192.20,0
15959,83.33,-193.20,0
15970,90.91,-192.44,0
15981,90.91,-191.00,0
15992,90.91,-190.31,0
16004,83.33,-190.17,0
16016,83.33,-191.64,0
16027,90.91,-193.65,0
16038,90.91,-193.81,0
16050,83.33,-191.80,0
16061,90.91,-190.29,0
16072,90.91,-190.00,0
16084,83.33,-189.85,0
16096,83.33,-191.94,0
16107,90.91,-193.07,0
16118,90.91,-193.74,0
16130,83.33,-192.61,0
16141,90.91,-191.47,0
16153,83.33,-190.76,0
16164,90.91,-191.05,0
16176,83.33,-192.68,0
16187,90.91,-193.14,0
16198,90.91,-193.09,0
16210,90.91,-192.03,0
16222,76.92,-190.74,0
16233,90.91,-189.74,0
16244,90.91,-190.18,0
16256,83.33,-192.06,0
16267,90.91,-193.56,0
16279,83.33,-193.94,0
16290,90.91,-193.07,0
16302,83.33,-191.52,0
16313,90.91,-189.85,0
16324,90.91,-189.55,0
16335,90.91,-190.91,0
16348,76.92,-192.41,0
16359,90.91,-193.05,0
16370,90.91,-192.05,0
16381,90.91,-190.13,0
16393,83.33,-189.78,0
16404,90.91,-190.08,0
16416,83.33,-191.98,0
16428,83.33,-193.59,0
16439,90.91,-193.50,0
16450,90.91,-191.81,0
16461,90.91,-190.58,0
16474,83.33,-189.92,0
16485,83.33,-189.97,0
16496,90.91,-191.78,0
16507,90.91,-193.20,0
16519,83.33,-192.94,0
16530,90.91,-191.84,0
16542,83.33,-191.40,0
16553,90.91,-191.18,0
16565,83.33,-191.01,0
16576,90.91,-192.61,0
16587,90.91,-193.55,0
16599,83.33,-193.11,0
16611,83.33,-191.55,0
16622,90.91,-189.81,0
16633,90.91,-189.39,0
16645,83.33,-189.59,0
16656,90.91,-191.11,0
16667,90.91,-192.36,0
16679,83.33,-193.47,0
16691,83.33,-192.36,0
16702,90.91,-190.97,0
16713,90.91,-190.32,0
16724,90.91,-190.53,0
16736,83.33,-192.27,0
16748,83.33,-192.69,0
16759,90.91,-192.84,0
16771,83.33,-191.40,0
16782,90.91,-190.28,0
16793,90.91,-189.66,0
16805,83.33,-190.70,0
16817,83.33,-193.03,0
16828,90.91,-194.55,0
16839,90.91,-193.99,0
16850,90.91,-192.37,0
16862,83.33,-191.27,0
16874,83.33,-190.28,0
16885,90.91,-190.36,0
16897,83.33,-191.38,0
16908,90.91,-192.38,0
16919,90.91,-192.27,0
16930,90.91,-191.47,0
16943,76.92,-190.21,0
16954,90.91,-189.86,0
16965,90.91,-191.20,0
16976,90.91,-194.15,0
16988,83.33,-195.28,0
16999,90.91,-193.73,0
17011,83.33,-191.60,0
17022,90.91,-189.48,0
17034,83.33,-188.93,0
17045,90.91,-190.17,0
17056,90.91,-192.28,0
17069,83.33,-193.40,0
17080,90.91,-192.75,0
17091,90.91,-191.74,0
17102,90.91,-190.83,0
17114,83.33,-191.09,0
17125,90.91,-191.90,0
17137,83.33,-193.70,0
17148,90.91,-194.14,0
17160,83.33,-193.10,0
17171,90.91,-191.46,0
17182,90.91,-189.66,0
17193,90.91,-188.76,0
17206,76.92,-189.66,0
17217,90.91,-192.28,0
17228,90.91,-193.83,0
17240,83.33,-193.67,0
17251,90.91,-192.46,0
17262,90.91,-191.32,0
17274,83.33,-190.32,0
17286,83.33,-190.51,0
17297,90.91,-191.85,0
17308,90.91,-192.79,0
17319,90.91,-192.03,0
17332,76.92,-190.96,0
17343,90.91,-189.49,0
17354,90.91,-189.49,0
17366,83.33,-190.57,0
17377,90.91,-192.58,0
17388,90.91,-194.42,0
17400,83.33,-193.64,0
17412,83.33,-192.52,0
17423,90.91,-190.92,0
17434,90.91,-190.25,0
17445,90.91,-190.76,0
17457,83.33,-191.85,0
17469,83.33,-192.51,0
17480,90.91,-191.99,0
17491,90.91,-191.11,0
17503,83.33,-190.26,0
17514,90.91,-190.64,0
17525,90.91,-192.15,0
17538,76.92,-193.55,0
17549,90.91,-194.83,0
17560,90.91,-193.52,0
17571,90.91,-191.59,0
17583,83.33,-190.43,0
17595,83.33,-189.84,0
17606,90.91,-190.78,0
17617,90.91,-191.59,0
17629,83.33,-191.75,0
17640,90.91,-191.50,0
17651,90.91,-191.17,0
17664,76.92,-190.79,0
17675,90.91,-191.10,0
17686,90.91,-192.02,0
17697,90.91,-193.58,0
17709,83.33,-193.86,0
17720,90.91,-192.99,0
17732,83.33,-191.73,0
17743,90.91,-190.01,0
17755,83.33,-189.41,0
17766,90.91,-190.72,0
17777,90.91,-192.22,0
17788,90.91,-192.88,0
17801,76.92,-192.64,0
17812,90.91,-191.59,0
17823,90.91,-190.98,0
17835,83.33,-190.29,0
17846,90.91,-190.69,0
17858,90.91,-192.71,0
17869,90.91,-193.85,0
17881,83.33,-192.35,0
17892,90.91,-190.38,0
17903,90.91,-188.79,0
17914,90.91,-189.39,0
17927,76.92,-190.74,0
17938,90.91,-191.99,0
17949,90.91,-193.41,0
17960,90.91,-192.84,0
17972,83.33,-191.79,0
17983,90.91,-191.06,0
17995,83.33,-190.95,0
18007,83.33,-191.84,0
18018,90.91,-192.41,0
18029,90.91,-193.35,0
18040,90.91,-191.92,0
18052,83.33,-190.21,0
18064,83.33,-189.14,0
18075,90.91,-189.12,0
18086,90.91,-190.90,0
18098,83.33,-193.11,0
18109,90.91,-194.24,0
18121,83.33,-193.01,0
18132,90.91,-191.67,0
18144,83.33,-190.70,0
18155,90.91,-190.51,0
18166,90.91,-191.26,0
18178,83.33,-192.45,0
18190,83.33,-192.68,0
18201,90.91,-191.56,0
18212,90.91,-190.32,0
18224,83.33,-189.52,0
18235,90.91,-190.26,0
18246,90.91,-192.03,0
18258,83.33,-193.91,0
18270,83.33,-194.61,0
18281,90.91,-192.33,0
18292,90.91,-190.89,0
18304,83.33,-190.00,0
18315,90.91,-190.17,0
18327,83.33,-191.47,0
18338,90.91,-192.16,0
18350,83.33,-192.69,0
18361,90.91,-191.79,0
18372,90.91,-190.75,0
18384,90.91,-190.60,0
18396,76.92,-191.47,0
18407,90.91,-192.51,0
18418,90.91,-193.90,0
18429,90.91,-194.02,0
18441,83.33,-192.86,0
18453,83.33,-190.42,0
18464,90.91,-189.24,0
18476,83.33,-189.66,0
18487,90.91,-191.41,0
18498,90.91,-192.42,0
18509,90.91,-192.88,0
18522,76.92,-192.37,0
18533,90.91,-191.10,0
18544,90.91,-190.65,0
18555,90.91,-190.52,0
18567,83.33,-192.12,0
18578,90.91,-193.31,0
18590,83.33,-193.00,0
18601,90.91,-191.54,0
18613,83.33,-190.36,0
18624,90.91,-189.28,0
18635,90.91,-189.82,0
18648,83.33,-191.89,0
18659,83.33,-192.85,0
18670,90.91,-193.61,0
18681,90.91,-191.57,0
18693,83.33,-190.28,0
18704,90.91,-189.85,0
18716,83.33,-190.00,0
18727,90.91,-191.17,0
18739,83.33,-192.66,0
18750,90.91,-193.21,0
18761,90.91,-192.06,0
18772,90.91,-190.04,0
18785,76.92,-189.34,0
18796,90.91,-190.04,0
18807,90.91,-192.40,0
18819,83.33,-194.06,0
18830,90.91,-194.18,0
18841,90.91,-192.75,0
18853,83.33,-190.92,0
18865,83.33,-190.67,0
18876,90.91,-190.18,0
18887,90.91,-192.02,0
18898,90.91,-192.80,0
18911,83.33,-192.79,0
18922,83.33,-191.53,0
18933,90.91,-190.98,0
18945,83.33,-189.78,0
18956,90.91,-190.33,0
18967,90.91,-192.30,0
18979,83.33,-193.92,0
18991,83.33,-193.07,0
19002,90.91,-191.37,0
19013,90.91,-189.84,0
19024,90.91,-189.40,0
19036,83.33,-189.14,0
19048,83.33,-191.54,0
19059,90.91,-193.76,0
19070,90.91,-193.86,0
19082,83.33,-192.76,0
19093,90.91,-190.86,0
19104,90.91,-190.06,0
19117,76.92,-190.36,0
19128,90.91,-192.38,0
19139,90.91,-193.52,0
19150,90.91,-193.13,0
19162,83.33,-191.78,0
19174,90.91,-190.29,0
19185,83.33,-189.63,0
19196,90.91,-190.38,0
19208,83.33,-191.93,0
19219,90.91,-193.00,0
19230,90.91,-192.95,0
19243,76.92,-192.14,0
19254,90.91,-190.61,0
19265,90.91,-190.27,0
19276,90.91,-190.45,0
19288,83.33,-192.12,0
19299,90.91,-193.38,0
19311,83.33,-192.80,0
19322,90.91,-191.38,0
19334,83.33,-189.85,0
19345,90.91,-189.97,0
19356,90.91,-190.64,0
19367,90.91,-192.37,0
19380,76.92,-193.76,0
19391,90.91,-193.41,0
19402,90.91,-191.87,0
19414,83.33,-189.65,0
19425,90.91,-189.21,0
19436,90.91,-190.16,0
19448,83.33,-191.97,0
19460,83.33,-193.10,0
19471,90.91,-192.51,0
19482,90.91,-191.37,0
19493,90.91,-190.27,0
19506,83.33,-190.73,0
19517,83.33,-191.77,0
19528,90.91,-192.83,0
19539,90.91,-194.32,0
19551,83.33,-193.19,0
19562,90.91,-191.40,0
19574,83.33,-189.61,0
19586,83.33,-190.01,0
19597,90.91,-190.35,0
19608,90.91,-192.37,0
19619,90.91,-192.80,0
19631,83.33,-191.86,0
19643,83.33,-191.19,0
19654,90.91,-190.53,0
19665,90.91,-190.25,0
19677,83.33,-191.29,0
19688,90.91,-193.05,0
19699,90.91,-194.13,0
19712,76.92,-193.35,0
19723,90.91,-191.25,0
19734,90.91,-189.10,0
19745,90.91,-189.17,0
19757,83.33,-190.35,0
19769,90.91,-192.62,0
19780,83.33,-193.93,0
19791,90.91,-193.38,0
19803,83.33,-191.98,0
19814,90.91,-191.00,0
19825,90.91,-191.41,0
19837,83.33,-192.43,0
19849,83.33,-193.03,0
19860,90.91,-193.22,0
19871,90.91,-192.05,0
19883,83.33,-190.77,0
19894,90.91,-189.13,0
19906,83.33,-189.72,0
19917,90.91,-190.70,0
19929,83.33,-192.94,0
19940,90.91,-193.82,0
19951,90.91,-193.13,0
19962,90.91,-192.37,0
19975,76.92,-190.59,0
19986,90.91,-190.11,0
19997,90.91,-190.59,0
20008,90.91,-191.71,0
20020,83.33,-192.43,0
20032,90.91,-192.00,0
20043,83.33,-191.12,0
20055,83.33,-189.97,0
20066,90.91,-190.96,0
20077,90.91,-192.47,0
20088,90.91,-193.95,0
20101,76.92,-193.68,0
20112,90.91,-192.69,0
20123,90.91,-191.31,0
20134,90.91,-189.76,0
20146,83.33,-189.51,0
20157,90.91,-190.40,0
20169,83.33,-192.63,0
20180,90.91,-193.12,0
20192,83.33,-192.44,0
20203,90.91,-191.58,0
20214,90.91,-189.79,0
20226,83.33,-189.69,0
20238,83.33,-191.40,0
20249,90.91,-192.60,0
20260,90.91,-193.55,0
20272,83.33,-192.19,0
20283,90.91,-189.95,0
20294,90.91,-189.33,0
20306,83.33,-189.75,0
20318,83.33,-190.94,0
20329,90.91,-192.70,0
20340,90.91,-193.81,0
20352,83.33,-192.73,0
20364,90.91,-191.69,0
20375,83.33,-190.48,0
20386,90.91,-190.86,0
20398,83.33,-191.69,0
20409,90.91,-192.10,0
20420,90.91,-192.54,0
20432,83.33,-191.72,0
20444,83.33,-190.07,0
20455,90.91,-188.39,0
20466,90.91,-188.44,0
20477,90.91,-191.29,0
20489,83.33,-193.01,0
20501,83.33,-194.18,0
20512,90.91,-193.59,0
20524,83.33,-191.31,0
20535,90.91,-189.72,0
20546,90.91,-189.76,0
20557,90.91,-190.80,0
20570,76.92,-192.45,0
20581,90.91,-192.73,0
20592,90.91,-191.90,0
20603,90.91,-190.24,0
20615,83.33,-189.42,0
20627,90.91,-189.88,0
20638,83.33,-191.54,0
20649,90.91,-193.22,0
20661,83.33,-194.04,0
20672,90.91,-192.29,0
20683,90.91,-190.62,0
20696,76.92,-189.52,0
20707,90.91,-189.48,0
20718,90.91,-191.27,0
20729,90.91,-192.10,0
20741,83.33,-192.49,0
20752,90.91,-191.80,0
20764,83.33,-190.67,0
20775,90.91,-190.50,0
20787,83.33,-191.22,0
20798,90.91,-193.17,0
20809,90.91,-194.12,0
20820,90.91,-193.85,0
20833,76.92,-191.78,0
20844,90.91,-190.00,0
20855,90.91,-188.77,0
20867,83.33,-189.22,0
20878,90.91,-191.66,0
20890,90.91,-192.62,0
20901,83.33,-192.91,0
20913,83.33,-191.79,0
20924,90.91,-191.00,0
20935,90.91,-190.73,0
20946,90.91,-190.76,0
20959,76.92,-192.81,0
20970,90.91,-193.96,0
20981,90.91,-192.99,0
20993,83.33,-190.87,0
21004,90.91,-188.86,0
21015,90.91,-189.12,0
21027,83.33,-190.14,0
21039,83.33,-192.09,0
21050,90.91,-193.75,0
21061,90.91,-193.49,0
21072,90.91,-192.33,0
21084,83.33,-191.01,0
21096,83.33,-190.50,0
21107,90.91,-190.77,0
21118,90.91,-191.87,0
21130,83.33,-192.71,0
21141,90.91,-192.75,0
21153,90.91,-191.25,0
21165,76.92,-190.09,0
21176,90.91,-189.31,0
21187,90.91,-190.79,0
21198,90.91,-193.15,0
21210,83.33,-194.29,0
21222,83.33,-194.35,0
21233,90.91,-193.15,0
21244,90.91,-191.02,0
21256,83.33,-189.94,0
21267,90.91,-190.21,0
21278,90.91,-192.21,0
21291,76.92,-193.11,0
21302,90.91,-192.61,0
21313,90.91,-191.48,0
21324,90.91,-189.68,0
21336,83.33,-189.94,0
21347,90.91,-191.33,0
21359,83.33,-193.64,0
21370,90.91,-194.36,0
21382,83.33,-193.80,0
21393,90.91,-192.06,0
21404,90.91,-190.43,0
21416,90.91,-189.11,0
21428,76.92,-189.18,0
21439,90.91,-191.46,0
21450,90.91,-193.08,0
21462,83.33,-192.66,0
21473,90.91,-191.79,0
21485,83.33,-190.10,0
21496,90.91,-191.28,0
21508,83.33,-191.55,0
21519,90.91,-192.79,0
21530,90.91,-193.49,0
21541,90.91,-192.68,0
21554,76.92,-190.21,0
21565,90.91,-188.62,0
21576,90.91,-188.82,0
21587,90.91,-190.08,0
21599,83.33,-191.33,0
21610,90.91,-192.83,0
21622,83.33,-193.78,0
21634,83.33,-192.32,0
21645,90.91,-191.06,0
21656,90.91,-190.99,0
21667,90.91,-191.22,0
21679,83.33,-192.25,0
21691,83.33,-192.92,0
21702,90.91,-191.30,0
21713,90.91,-189.12,0
21725,83.33,-188.52,0
21736,90.91,-188.90,0
21748,90.91,-190.36,0
21760,76.92,-192.69,0
21771,90.91,-194.36,0
21782,90.91,-193.63,0
21793,90.91,-191.98,0
21805,83.33,-190.42,0
21817,83.33,-190.35,0
21828,90.91,-190.67,0
21839,90.91,-191.79,0
21851,83.33,-192.25,0
21862,90.91,-191.54,0
21873,90.91,-190.33,0
21885,83.33,-189.43,0
21897,83.33,-190.52,0
21908,90.91,-192.17,0
21919,90.91,-193.77,0
21931,83.33,-194.42,0
21942,90.91,-193.30,0
21954,83.33,-191.48,0
21965,90.91,-189.73,0
21977,83.33,-189.03,0
21988,90.91,-189.72,0
21999,90.91,-191.52,0
22010,90.91,-192.57,0
22023,76.92,-192.70,0
22034,90.91,-191.99,0
22045,90.91,-191.04,0
22056,90.91,-191.42,0
22068,83.33,-192.48,0
22080,90.91,-194.22,0
22091,90.91,-194.11,0
22103,83.33,-192.46,0
22114,90.91,-190.69,0
22125,90.91,-189.26,0
22136,90.91,-189.06,0
22149,76.92,-190.12,0
22160,90.91,-192.28,0
22171,90.91,-193.49,0
22182,90.91,-193.25,0
22194,83.33,-191.31,0
22205,90.91,-190.07,0
22217,83.33,-191.34,0
22228,90.91,-193.41,0
22240,83.33,-194.10,0
22251,90.91,-193.76,0
22262,90.91,-191.87,0
22274,83.33,-189.74,0
22286,83.33,-189.08,0
22297,90.91,-189.78,0
22308,90.91,-191.04,0
22320,83.33,-193.40,0
22331,90.91,-194.30,0
22343,90.91,-193.23,0
22354,83.33,-191.93,0
22366,83.33,-190.43,0
22377,90.91,-190.10,0
22388,90.91,-191.88,0
22400,83.33,-193.36,0
22412,83.33,-192.48,0
22423,90.91,-190.76,0
22434,90.91,-189.49,0
22446,83.33,-188.47,0
22457,90.91,-189.65,0
22468,90.91,-192.28,0
22480,83.33,-194.19,0
22492,83.33,-194.88,0
22503,90.91,-193.01,0
22514,90.91,-191.60,0
22525,90.91,-190.22,0
22537,83.33,-189.62,0
22549,83.33,-190.27,0
22560,90.91,-192.04,0
22572,83.33,-192.08,0
22583,90.91,-191.02,0
22594,90.91,-190.69,0
22606,90.91,-190.41,0
22618,76.92,-191.52,0
22629,90.91,-192.63,0
22640,90.91,-193.71,0
22651,90.91,-194.01,0
22663,83.33,-192.73,0
22675,83.33,-190.76,0
22686,90.91,-189.16,0
22697,90.91,-188.84,0
22709,83.33,-190.39,0
22720,90.91,-191.30,0
22731,90.91,-192.39,0
22744,76.92,-191.87,0
22755,90.91,-191.27,0
22766,90.91,-191.00,0
22777,90.91,-191.17,0
22789,83.33,-192.44,0
22800,90.91,-193.98,0
22812,83.33,-193.45,0
22823,90.91,-191.54,0
22835,83.33,-189.58,0
22846,90.91,-189.05,0
22857,90.91,-188.82,0
22868,90.91,-190.12,0
22881,76.92,-192.43,0
22892,90.91,-193.41,0
22903,90.91,-192.26,0
22915,83.33,-191.60,0
22926,90.91,-191.24,0
22938,90.91,-191.19,0
22949,83.33,-191.95,0
22961,83.33,-192.60,0
22972,90.91,-192.81,0
22983,90.91,-190.92,0
22994,90.91,-188.90,0
23007,76.92,-188.74,0
23018,90.91,-190.17,0
23029,90.91,-192.65,0
23041,83.33,-194.26,0
23052,90.91,-194.71,0
23063,90.91,-192.81,0
23075,83.33,-190.95,0
23087,83.33,-190.33,0
23098,90.91,-190.51,0
23109,90.91,-191.22,0
23120,90.91,-192.07,0
23132,83.33,-192.22,0
23144,83.33,-190.97,0
23155,90.91,-190.00,0
23166,90.91,-190.44,0
23178,83.33,-191.73,0
23189,90.91,-193.79,0
23201,90.91,-194.66,0
23213,76.92,-194.10,0
23224,90.91,-192.04,0
23235,90.91,-189.34,0
23246,90.91,-188.75,0
23258,83.33,-189.21,0
23270,83.33,-190.68,0
23281,90.91,-192.21,0
23292,90.91,-192.49,0
23304,83.33,-192.43,0
23315,90.91,-190.93,0
23326,90.91,-191.03,0
23339,76.92,-192.27,0
23350,90.91,-194.11,0
23361,90.91,-194.08,0
23372,90.91,-192.34,0
23384,83.33,-190.59,0
23395,90.91,-188.38,0
23407,83.33,-188.33,0
23418,90.91,-189.54,0
23430,83.33,-190.77,0
23441,90.91,-192.09,0
23452,90.91,-193.08,0
23463,90.91,-192.40,0
23476,76.92,-192.00,0
23487,90.91,-192.18,0
23498,90.91,-192.28,0
23510,83.33,-192.79,0
23521,90.91,-192.77,0
23533,90.91,-191.46,0
23544,83.33,-189.83,0
23556,83.33,-188.36,0
23567,90.91,-188.58,0
23578,90.91,-189.61,0
23589,90.91,-192.71,0
23602,76.92,-194.53,0
23613,90.91,-193.99,0
23624,90.91,-192.85,0
23635,90.91,-191.35,0
23647,83.33,-190.91,0
23658,90.91,-190.96,0
23670,83.33,-191.83,0
23682,83.33,-192.16,0
23693,90.91,-190.77,0
23704,90.91,-189.55,0
23715,90.91,-188.57,0
23727,83.33,-189.41,0
23739,83.33,-191.82,0
23750,90.91,-193.96,0
23761,90.91,-194.60,0
23773,83.33,-193.84,0
23784,90.91,-192.39,0
23796,90.91,-190.19,0
23808,76.92,-188.92,0
23819,90.91,-189.57,0
23830,90.91,-190.47,0
23841,90.91,-191.81,0
23853,83.33,-191.34,0
23865,83.33,-190.74,0
23876,90.91,-190.73,0
23887,90.91,-191.14,0
23899,83.33,-192.88,0
23910,90.91,-194.90,0
23921,90.91,-194.57,0
23933,83.33,-192.96,0
23945,83.33,-191.07,0
23956,90.91,-189.21,0
23967,90.91,-188.80,0
23979,83.33,-189.88,0
23990,90.91,-191.70,0
24002,83.33,-193.17,0
24013,90.91,-192.58,0
24025,83.33,-192.39,0
24036,90.91,-191.79,0
24047,90.91,-192.33,0
24059,90.91,-192.91,0
24071,76.92,-193.40,0
24082,90.91,-193.90,0
24093,90.91,-191.93,0
24104,90.91,-189.16,0
24116,83.33,-188.41,0
24128,83.33,-188.68,0
24139,90.91,-190.61,0
24151,83.33,-192.63,0
24162,90.91,-194.25,0
24173,90.91,-193.48,0
24184,90.91,-192.58,0
24197,76.92,-191.80,0
24208,90.91,-191.20,0
24219,90.91,-192.09,0
24230,90.91,-192.53,0
24242,83.33,-192.15,0
24253,90.91,-190.95,0
24265,83.33,-189.23,0
24276,90.91,-188.31,0
24288,83.33,-189.30,0
24299,90.91,-191.36,0
24310,90.91,-194.03,0
24323,83.33,-195.30,0
24334,83.33,-194.36,0
24345,90.91,-192.37,0
24356,90.91,-190.89,0
24368,83.33,-189.95,0
24379,90.91,-190.66,0
24391,83.33,-191.51,0
24402,90.91,-191.76,0
24414,83.33,-190.63,0
24425,90.91,-189.59,0
24436,90.91,-189.69,0
24448,83.33,-190.80,0
24460,83.33,-193.25,0
24471,90.91,-195.16,0
24482,90.91,-195.61,0
24494,83.33,-193.63,0
24505,90.91,-190.53,0
24516,90.91,-188.98,0
24528,83.33,-188.99,0
24540,83.33,-190.20,0
24551,90.91,-191.45,0
24562,90.91,-191.88,0
24573,90.91,-191.78,0
24586,83.33,-191.27,0
24597,83.33,-191.39,0
24608,90.91,-192.21,0
24620,83.33,-193.85,0
24631,90.91,-195.23,0
24642,90.91,-194.12,0
24654,83.33,-192.08,0
24666,83.33,-189.66,0
24677,90.91,-187.83,0
24688,90.91,-187.73,0
24699,90.91,-189.85,0
24711,83.33,-191.55,0
24723,83.33,-192.98,0
24734,90.91,-193.06,0
24745,90.91,-192.07,0
24757,83.33,-192.12,0
24768,90.91,-192.19,0
24779,90.91,-192.67,0
24792,76.92,-193.25,0
24803,90.91,-192.43,0
24814,90.91,-189.85,0
24825,90.91,-188.00,0
24837,83.33,-187.82,0
24849,90.91,-188.58,0
24860,83.33,-191.05,0
24871,90.91,-192.85,0
24883,83.33,-194.44,0
24894,90.91,-194.01,0
24905,90.91,-192.62,0
24918,76.92,-191.35,0
24929,90.91,-190.83,0
24940,90.91,-192.34,0
24951,90.91,-191.83,0
24963,83.33,-191.09,0
24974,90.91,-189.51,0
24986,83.33,-188.78,0
24997,90.91,-188.56,0
25009,83.33,-190.13,0
25020,90.91,-193.45,0
25031,90.91,-195.43,0
25042,90.91,-195.33,0
25055,76.92,-193.94,0
25066,90.91,-191.55,0
25077,90.91,-190.24,0
25089,83.33,-189.81,0
25100,90.91,-190.38,0
25112,90.91,-191.14,0
25123,83.33,-190.56,0
25135,83.33,-189.98,0
25146,90.91,-189.76,0
25157,90.91,-190.14,0
25168,90.91,-192.01,0
25181,76.92,-194.51,0
25192,90.91,-195.33,0
25203,90.91,-193.79,0
25214,90.91,-192.25,0
25226,83.33,-189.27,0
25237,90.91,-187.83,0
25249,83.33,-188.31,0
25261,83.33,-190.52,0
25272,90.91,-191.62,0
25283,90.91,-191.98,0
25294,90.91,-191.72,0
25306,83.33,-191.70,0
25318,83.33,-192.20,0
25329,90.91,-192.38,0
25340,90.91,-193.61,0
25352,83.33,-193.57,0
25363,90.91,-192.29,0
25375,90.91,-190.43,0
25387,76.92,-189.04,0
25398,90.91,-187.77,0
25409,90.91,-188.75,0
25420,90.91,-191.58,0
25432,83.33,-193.84,0
25444,83.33,-193.95,0
25455,90.91,-192.96,0
25466,90.91,-191.79,0
25478,83.33,-191.28,0
25489,90.91,-191.56,0
25500,90.91,-193.20,0
25512,83.33,-192.42,0
25524,83.33,-190.45,0
25535,90.91,-189.37,0
25546,90.91,-188.30,0
25558,83.33,-188.63,0
25569,90.91,-189.70,0
25581,83.33,-192.47,0
25592,90.91,-194.92,0
25604,83.33,-194.74,0
25615,90.91,-192.86,0
25626,90.91,-190.82,0
25638,90.91,-190.30,0
25650,76.92,-190.42,0
25661,90.91,-190.94,0
25672,90.91,-191.42,0
25683,90.91,-190.10,0
25695,83.33,-189.22,0
25707,83.33,-188.92,0
25718,90.91,-189.47,0
25730,83.33,-190.79,0
25741,90.91,-193.99,0
25752,90.91,-195.24,0
25763,90.91,-193.64,0
25776,76.92,-191.43,0
25787,90.91,-189.90,0
25798,90.91,-189.72,0
25809,90.91,-189.43,0
25821,83.33,-190.59,0
25832,90.91,-191.72,0
25844,83.33,-192.03,0
25856,83.33,-191.70,0
25867,90.91,-190.49,0
25878,90.91,-191.18,0
25889,90.91,-192.44,0
25902,83.33,-194.49,0
25913,83.33,-194.40,0
25924,90.91,-192.15,0
25935,90.91,-190.26,0
25947,83.33,-188.47,0
25958,90.91,-188.20,0
25970,83.33,-189.95,0
25981,90.91,-192.00,0
25993,83.33,-192.97,0
26004,90.91,-192.85,0
26015,90.91,-191.85,0
26027,83.33,-191.08,0
26039,83.33,-191.17,0
26050,90.91,-191.90,0
26061,90.91,-193.08,0
26073,83.33,-193.33,0
26084,90.91,-190.95,0
26095,90.91,-189.32,0
26107,83.33,-187.64,0
26119,83.33,-188.20,0
26130,90.91,-189.90,0
26141,90.91,-192.35,0
26152,90.91,-194.03,0
26164,83.33,-193.58,0
26176,83.33,-192.25,0
26187,90.91,-190.39,0
26199,83.33,-189.94,0
26210,90.91,-191.01,0
26221,90.91,-192.14,0
26233,83.33,-192.18,0
26245,83.33,-190.80,0
26256,90.91,-189.83,0
26267,90.91,-188.79,0
26278,90.91,-189.45,0
26290,83.33,-191.69,0
26302,83.33,-193.83,0
26313,90.91,-194.65,0
26324,90.91,-193.68,0
26336,83.33,-192.76,0
26347,90.91,-190.93,0
26358,90.91,-189.44,0
26371,76.92,-190.02,0
26382,90.91,-191.38,0
26393,90.91,-192.10,0
26404,90.91,-191.71,0
26416,83.33,-190.58,0
26427,90.91,-189.88,0
26439,83.33,-190.88,0
26450,90.91,-192.96,0
26462,83.33,-193.87,0
26473,90.91,-193.96,0
26484,90.91,-191.97,0
26497,83.33,-190.19,0
26508,83.33,-188.83,0
26519,90.91,-188.60,0
26530,90.91,-190.11,0
26542,83.33,-191.50,0
26553,90.91,-192.46,0
26565,83.33,-192.47,0
26576,90.91,-192.14,0
26588,83.33,-191.18,0
26599,90.91,-191.81,0
26610,90.91,-193.04,0
26621,90.91,-193.42,0
26634,76.92,-192.84,0
26645,90.91,-190.84,0
26656,90.91,-189.57,0
26668,83.33,-189.20,0
26679,90.91,-189.71,0
26690,90.91,-191.63,0
26702,83.33,-193.84,0
26714,83.33,-194.72,0
26725,90.91,-193.47,0
26736,90.91,-192.19,0
26747,90.91,-190.86,0
26760,83.33,-191.16,0
26771,83.33,-191.60,0
26782,90.91,-192.31,0
26793,90.91,-191.94,0
26805,83.33,-190.66,0
26816,90.91,-189.66,0
26828,83.33,-189.24,0
26840,83.33,-189.70,0
26851,90.91,-192.17,0
26862,90.91,-193.84,0
26873,90.91,-194.23,0
26885,83.33,-192.73,0
26897,83.33,-191.07,0
26908,90.91,-190.21,0
26919,90.91,-190.15,0
26931,83.33,-191.63,0
26942,90.91,-192.64,0
26953,90.91,-192.25,0
26966,76.92,-190.97,0
26977,90.91,-190.24,0
26988,90.91,-190.40,0
26999,90.91,-191.25,0
27011,83.33,-193.11,0
27022,90.91,-194.28,0
27034,83.33,-194.47,0
27045,90.91,-192.52,0
27057,83.33,-190.08,0
27068,90.91,-188.97,0
27079,90.91,-189.89,0
27091,83.33,-191.47,0
27103,83.33,-192.60,0
27114,90.91,-192.91,0
27125,90.91,-191.64,0
27137,83.33,-191.00,0
27148,90.91,-191.38,0
27160,83.33,-191.69,0
27171,90.91,-193.59,0
27183,83.33,-194.60,0
27194,90.91,-193.43,0
27205,90.91,-191.76,0
27216,90.91,-190.12,0
27229,76.92,-189.00,0
27240,90.91,-189.37,0
27251,90.91,-191.89,0
27262,90.91,-193.04,0
27274,83.33,-193.00,0
27285,90.91,-192.10,0
27297,83.33,-190.92,0
27309,83.33,-190.51,0
27320,90.91,-190.53,0
27331,90.91,-192.54,0
27342,90.91,-193.87,0
27355,76.92,-192.96,0
27366,90.91,-190.71,0
27377,90.91,-188.59,0
27388,90.91,-188.55,0
27400,83.33,-189.73,0
27411,90.91,-192.43,0
27423,83.33,-193.59,0
27435,83.33,-194.24,0
27446,90.91,-192.93,0
27457,90.91,-191.72,0
27468,90.91,-190.63,0
27480,83.33,-190.18,0
27492,83.33,-191.64,0
27503,90.91,-192.12,0
27514,90.91,-191.45,0
27526,83.33,-190.14,0
27537,90.91,-189.26,0
27548,90.91,-189.26,0
27560,83.33,-190.60,0
27572,83.33,-192.85,0
27583,90.91,-194.55,0
27594,90.91,-194.40,0
27606,83.33,-192.93,0
27618,90.91,-190.98,0
27629,83.33,-190.32,0
27640,90.91,-190.48,0
27652,83.33,-191.53,0
27663,90.91,-192.20,0
27674,90.91,-191.77,0
27686,83.33,-190.19,0
27698,83.33,-189.69,0
27709,90.91,-190.57,0
27720,90.91,-191.35,0
27731,90.91,-193.46,0
27743,83.33,-195.19,0
27755,83.33,-194.24,0
27766,90.91,-191.82,0
27778,83.33,-189.97,0
27789,90.91,-189.75,0
27800,90.91,-189.72,0
27811,90.91,-191.10,0
27824,76.92,-192.51,0
27835,90.91,-192.48,0
27846,90.91,-191.74,0
27857,90.91,-190.95,0
27869,83.33,-190.89,0
27881,90.91,-191.71,0
27892,83.33,-193.61,0
27904,83.33,-194.48,0
27915,90.91,-193.33,0
27926,90.91,-191.29,0
27937,90.91,-188.93,0
27950,76.92,-188.55,0
27961,90.91,-189.38,0
27972,90.91,-191.55,0
27983,90.91,-192.76,0
27995,83.33,-192.78,0
28006,90.91,-192.56,0
28018,83.33,-191.22,0
28029,90.91,-191.34,0
28041,83.33,-191.72,0
28052,90.91,-192.80,0
28063,90.91,-193.00,0
28075,83.33,-192.28,0
28087,83.33,-190.41,0
28098,90.91,-189.49,0
28109,90.91,-188.88,0
28121,83.33,-190.22,0
28132,90.91,-192.66,0
28144,90.91,-194.24,0
28155,83.33,-193.74,0
28167,83.33,-192.61,0
28178,90.91,-191.27,0
28189,90.91,-190.54,0
28200,90.91,-191.89,0
28213,76.92,-192.55,0
28224,90.91,-192.97,0
28235,90.91,-191.36,0
28247,83.33,-190.25,0
28258,90.91,-188.86,0
28269,90.91,-188.65,0
28281,83.33,-190.83,0
28293,83.33,-193.61,0
28304,90.91,-195.19,0
28315,90.91,-194.06,0
28326,90.91,-192.26,0
28338,83.33,-190.41,0
28350,83.33,-190.07,0
28361,90.91,-190.63,0
28372,90.91,-191.74,0
28384,83.33,-192.19,0
28395,90.91,-191.56,0
28406,90.91,-190.58,0
28419,76.92,-190.75,0
28430,90.91,-191.51,0
28441,90.91,-193.17,0
28452,90.91,-194.87,0
28464,83.33,-195.09,0
28476,90.91,-193.74,0
28487,90.91,-191.61,0
28498,90.91,-189.44,0
28510,83.33,-188.43,0
28521,90.91,-189.76,0
28532,90.91,-192.14,0
28545,76.92,-193.37,0
28556,90.91,-192.45,0
28567,90.91,-192.40,0
28578,90.91,-190.95,0
28590,83.33,-191.32,0
28601,90.91,-192.78,0
28613,83.33,-193.78,0
28624,90.91,-193.85,0
28636,83.33,-192.25,0
28647,90.91,-190.25,0
28658,90.91,-189.38,0
28669,90.91,-188.82,0
28682,76.92,-190.42,0
28693,90.91,-192.34,0
28704,90.91,-193.89,0
28716,83.33,-193.70,0
28727,90.91,-192.40,0
28739,90.91,-191.81,0
28750,83.33,-191.07,0
28762,83.33,-191.69,0
28773,90.91,-192.94,0
28784,90.91,-192.58,0
28795,90.91,-190.91,0
28808,76.92,-189.54,0
28819,90.91,-189.03,0
28830,90.91,-189.95,0
28841,90.91,-191.52,0
28853,83.33,-193.71,0
28864,90.91,-194.83,0
28876,83.33,-193.57,0
28888,83.33,-191.57,0
28899,90.91,-190.27,0
28910,90.91,-189.43,0
28921,90.91,-190.58,0
28933,83.33,-191.96,0
28945,83.33,-191.72,0
28956,90.91,-189.86,0
28967,90.91,-189.61,0
28979,83.33,-190.05,0
28990,90.91,-191.02,0
29002,90.91,-192.41,0
29014,76.92,-194.05,0
29025,90.91,-194.47,0
29036,90.91,-193.21,0
29047,90.91,-191.62,0
29059,83.33,-190.15,0
29071,83.33,-189.11,0
29082,90.91,-190.45,0
29093,90.91,-192.03,0
29105,83.33,-192.92,0
29116,90.91,-192.17,0
29127,90.91,-190.76,0
29139,83.33,-190.18,0
29151,83.33,-190.41,0
29162,90.91,-192.60,0
29173,90.91,-194.21,0
29185,83.33,-193.75,0
29196,90.91,-192.48,0
29208,83.33,-190.26,0
29219,90.91,-189.17,0
29231,83.33,-188.38,0
29242,90.91,-190.79,0
29253,90.91,-193.30,0
29265,90.91,-193.99,0
29277,76.92,-192.86,0
29288,90.91,-191.18,0
29299,90.91,-191.04,0
29310,90.91,-191.81,0
29322,83.33,-192.40,0
29334,83.33,-193.29,0
29345,90.91,-192.71,0
29357,83.33,-190.78,0
29368,90.91,-189.22,0
29379,90.91,-188.64,0
29390,90.91,-189.33,0
29403,76.92,-191.75,0
29414,90.91,-193.73,0
29425,90.91,-194.17,0
29436,90.91,-193.20,0
29448,83.33,-191.51,0
29459,90.91,-190.41,0
29471,83.33,-190.10,0
29483,83.33,-191.49,0
29494,90.91,-192.24,0
29505,90.91,-191.76,0
29516,90.91,-190.73,0
29529,83.33,-189.70,0
29540,83.33,-189.13,0
29551,90.91,-190.05,0
29562,90.91,-192.97,0
29574,83.33,-194.76,0
29585,90.91,-194.22,0
29597,83.33,-192.62,0
29608,90.91,-191.26,0
29620,83.33,-189.99,0
29631,90.91,-189.82,0
29642,90.91,-191.29,0
29654,83.33,-192.28,0
29666,83.33,-192.07,0
29677,90.91,-191.44,0
29688,90.91,-190.58,0
29700,83.33,-190.91,0
29711,90.91,-190.94,0
29722,90.91,-193.13,0
29734,83.33,-194.60,0
29746,83.33,-194.07,0
29757,90.91,-191.73,0
29768,90.91,-189.78,0
29779,90.91,-189.33,0
29792,83.33,-189.34,0
29803,83.33,-190.75,0
29814,90.91,-192.98,0
29826,83.33,-193.40,0
29837,90.91,-191.84,0
29848,90.91,-190.56,0
29860,83.33,-191.10,0
29872,83.33,-190.65,0
29883,90.91,-192.42,0
29894,90.91,-193.16,0
29905,90.91,-192.40,0
29917,83.33,-191.19,0
29929,83.33,-188.93,0
29940,90.91,-189.15,0
29952,83.33,-189.75,0
29963,90.91,-191.42,0
29974,90.91,-194.00,0
29985,90.91,-193.81,0
29998,76.92,-192.10,0
30009,90.91,-190.33,0
30020,90.91,-190.11,0
30031,90.91,-189.99,0
30043,83.33,-191.64,0
30055,90.91,-192.53,0
30066,83.33,-192.06,0
30077,90.91,-190.48,0
30089,83.33,-189.37,0
30100,90.91,-189.55,0
30111,90.91,-190.62,0
30124,76.92,-192.98,0
30135,90.91,-194.17,0
30146,90.91,-193.69,0
30157,90.91,-192.45,0
30169,83.33,-190.22,0
30180,90.91,-189.13,0
30192,83.33,-189.58,0
30203,90.91,-191.60,0
30215,83.33,-192.04,0
30226,90.91,-192.03,0
30237,90.91,-190.98,0
30248,90.91,-189.81,0
30261,76.92,-190.08,0
30272,90.91,-190.83,0
30283,90.91,-192.92,0
30295,83.33,-194.39,0
30306,90.91,-193.42,0
30318,90.91,-191.48,0
30329,83.33,-189.19,0
30341,83.33,-189.06,0
30352,90.91,-190.25,0
30363,90.91,-191.75,0
30374,90.91,-192.62,0
30387,76.92,-192.32,0
30398,90.91,-192.29,0
30409,90.91,-191.31,0
30420,90.91,-191.39,0
30432,83.33,-191.41,0
30443,90.91,-192.68,0
30455,83.33,-193.89,0
30467,83.33,-192.71,0
30478,90.91,-190.91,0
30489,90.91,-189.38,0
30500,90.91,-189.52,0
30512,83.33,-190.96,0
30524,83.33,-192.34,0
30535,90.91,-193.47,0
30546,90.91,-192.64,0
30558,83.33,-192.24,0
30569,90.91,-191.08,0
30580,90.91,-190.90,0
30593,76.92,-191.88,0
30604,90.91,-193.35,0
30615,90.91,-193.10,0
30626,90.91,-191.76,0
30638,83.33,-190.22,0
30650,90.91,-189.12,0
30661,90.91,-190.09,0
30672,90.91,-192.81,0
30684,83.33,-194.34,0
30695,90.91,-194.84,0
30706,90.91,-193.33,0
30718,83.33,-191.54,0
30730,83.33,-190.94,0
30741,90.91,-190.56,0
30752,90.91,-190.92,0
30764,83.33,-192.07,0
30775,90.91,-193.21,0
30787,83.33,-192.05,0
30798,90.91,-190.31,0
30810,83.33,-189.73,0
30821,90.91,-190.57,0
30832,90.91,-192.35,0
30843,90.91,-193.71,0
30856,76.92,-194.45,0
30867,90.91,-193.77,0
30878,90.91,-192.03,0
30889,90.91,-189.57,0
30901,83.33,-189.10,0
30913,90.91,-190.18,0
30924,83.33,-191.88,0
30936,83.33,-192.66,0
30947,90.91,-192.09,0
30958,90.91,-190.81,0
30969,90.91,-190.28,0
30982,76.92,-190.43,0
30993,90.91,-192.07,0
31004,90.91,-194.40,0
31015,90.91,-194.56,0
31027,83.33,-192.05,0
31038,90.91,-190.51,0
31050,83.33,-189.11,0
31062,83.33,-188.91,0
31073,90.91,-190.20,0
31084,90.91,-192.27,0
31095,90.91,-193.31,0
31107,83.33,-192.43,0
31119,83.33,-191.84,0
31130,90.91,-190.72,0
31141,90.91,-191.00,0
31153,83.33,-192.00,0
31164,90.91,-192.54,0
31175,90.91,-192.64,0
31187,83.33,-191.19,0
31199,83.33,-189.70,0
31210,90.91,-188.48,0
31221,90.91,-188.39,0
31233,83.33,-190.41,0
31245,83.33,-192.42,0
31256,90.91,-193.73,0
31267,90.91,-192.89,0
31279,83.33,-191.75,0
31290,90.91,-190.92,0
31301,90.91,-190.41,0
31313,83.33,-191.39,0
31325,83.33,-192.37,0
31336,90.91,-191.96,0
31347,90.91,-190.67,0
31358,90.91,-190.25,0
31370,83.33,-189.69,0
31382,83.33,-190.02,0
31393,90.91,-192.12,0
31405,83.33,-193.96,0
31416,90.91,-194.10,0
31427,90.91,-192.47,0
31438,90.91,-191.00,0
31451,76.92,-190.34,0
31462,90.91,-189.93,0
31473,90.91,-190.51,0
31484,90.91,-191.28,0
31496,83.33,-191.61,0
31508,90.91,-191.19,0
31519,83.33,-190.91,0
31531,83.33,-190.81,0
31542,90.91,-191.11,0
31553,90.91,-193.24,0
31564,90.91,-194.03,0
31577,76.92,-194.02,0
31588,90.91,-192.18,0
31599,90.91,-189.98,0
31610,90.91,-188.31,0
31622,83.33,-188.74,0
31633,90.91,-191.11,0
31645,83.33,-192.37,0
31656,90.91,-192.95,0
31668,83.33,-192.00,0
31679,90.91,-190.96,0
31690,90.91,-190.43,0
31702,83.33,-191.01,0
31714,83.33,-192.35,0
31725,90.91,-193.38,0
31736,90.91,-192.97,0
31748,83.33,-191.33,0
31759,90.91,-189.24,0
31771,90.91,-189.11,0
31782,83.33,-190.21,0
31794,83.33,-192.66,0
31805,90.91,-193.44,0
31816,90.91,-194.02,0
31827,90.91,-192.98,0
31840,76.92,-191.28,0
31851,90.91,-190.10,0
31862,90.91,-190.09,0
31874,83.33,-191.67,0
31885,90.91,-192.67,0
31896,90.91,-191.68,0
31908,83.33,-190.59,0
31920,83.33,-190.33,0
31931,90.91,-191.00,0
31942,90.91,-191.21,0
31953,90.91,-192.99,0
31965,83.33,-194.12,0
31977,83.33,-193.32,0
31988,90.91,-191.80,0
32000,83.33,-190.57,0
32011,90.91,-189.82,0
32022,90.91,-190.34,0
32033,90.91,-191.18,0
32046,76.92,-192.04,0
32057,90.91,-191.91,0
32068,90.91,-191.23,0
32079,90.91,-190.48,0
32091,83.33,-190.27,0
32103,90.91,-191.28,0
32114,83.33,-193.50,0
32125,90.91,-193.66,0
32137,83.33,-192.91,0
32148,90.91,-191.65,0
32159,90.91,-189.98,0
32172,76.92,-188.88,0
32183,90.91,-189.43,0
32194,90.91,-191.70,0
32205,90.91,-193.20,0
32217,83.33,-192.75,0
32228,90.91,-191.54,0
32240,83.33,-190.72,0
32251,90.91,-191.16,0
32263,83.33,-191.25,0
32274,90.91,-192.53,0
32285,90.91,-192.78,0
32296,90.91,-191.92,0
32309,76.92,-190.65,0
32320,90.91,-188.94,0
32331,90.91,-189.00,0
32343,83.33,-190.65,0
32354,90.91,-192.62,0
32365,90.91,-194.00,0
32377,83.33,-193.30,0
32389,83.33,-191.52,0
32400,90.91,-190.36,0
32411,90.91,-190.41,0
32422,90.91,-191.50,0
32435,83.33,-192.50,0
32446,83.33,-192.52,0
32457,90.91,-191.50,0
32468,90.91,-191.29,0
32480,83.33,-190.12,0
32491,90.91,-190.61,0
32503,83.33,-191.52,0
32515,83.33,-193.31,0
32526,90.91,-194.56,0
32537,90.91,-193.00,0
32548,90.91,-191.96,0
32560,83.33,-190.45,0
32572,83.33,-189.87,0
32583,90.91,-190.69,0
32594,90.91,-192.22,0
32606,83.33,-193.09,0
32617,90.91,-192.89,0
32628,90.91,-191.52,0
32641,76.92,-189.77,0
32652,90.91,-190.23,0
32663,90.91,-191.90,0
32674,90.91,-193.95,0
32686,83.33,-194.37,0
32698,90.91,-193.27,0
32709,83.33,-191.24,0
32720,90.91,-189.64,0
32732,83.33,-189.15,0
32743,90.91,-190.43,0
32754,90.91,-192.35,0
32766,83.33,-193.26,0
32778,83.33,-192.55,0
32789,90.91,-191.72,0
32800,90.91,-190.94,0
32812,83.33,-190.60,0
32823,90.91,-191.15,0
32835,83.33,-192.20,0
32846,90.91,-192.94,0
32858,83.33,-192.19,0
32869,90.91,-190.26,0
32880,90.91,-188.98,0
32891,90.91,-189.13,0
32904,76.92,-191.14,0
32915,90.91,-193.74,0
32926,90.91,-193.67,0
32937,90.91,-191.84,0
32949,83.33,-191.03,0
32960,90.91,-190.47,0
32972,83.33,-190.97,0
32984,83.33,-191.59,0
32995,90.91,-192.67,0
33006,90.91,-192.45,0
33017,90.91,-191.44,0
33030,83.33,-190.36,0
33041,83.33,-189.16,0
33052,90.91,-190.01,0
33063,90.91,-192.06,0
33075,83.33,-193.32,0
33086,90.91,-193.61,0
33098,83.33,-192.57,0
33110,83.33,-190.84,0
33121,90.91,-190.38,0
33132,90.91,-190.16,0
33143,90.91,-190.75,0
33155,83.33,-191.99,0
33167,83.33,-192.64,0
33178,90.91,-191.95,0
33189,90.91,-190.66,0
33201,83.33,-189.88,0
33212,90.91,-189.85,0
33223,90.91,-191.95,0
33235,83.33,-193.22,0
33247,83.33,-193.69,0
33258,90.91,-192.08,0
33269,90.91,-190.51,0
33281,83.33,-189.79,0
33293,90.91,-189.53,0
33304,83.33,-191.18,0
33315,90.91,-192.41,0
33327,83.33,-192.88,0
33338,90.91,-192.34,0
33349,90.91,-191.00,0
33361,83.33,-190.76,0
33373,83.33,-190.15,0
33384,90.91,-192.41,0
33395,90.91,-194.16,0
33406,90.91,-193.92,0
33418,83.33,-191.72,0
33430,83.33,-190.07,0
33441,90.91,-189.44,0
33453,83.33,-189.84,0
33464,90.91,-191.73,0
33475,90.91,-192.86,0
33486,90.91,-193.10,0
33499,76.92,-192.27,0
33510,90.91,-191.56,0
33521,90.91,-190.77,0
33532,90.91,-190.86,0
33544,83.33,-192.73,0
33555,90.91,-193.57,0
33567,83.33,-193.66,0
33579,83.33,-191.86,0
33590,90.91,-190.31,0
33601,90.91,-189.82,0
33612,90.91,-190.11,0
33625,83.33,-191.85,0
33636,83.33,-192.77,0
33647,90.91,-193.61,0
33658,90.91,-193.28,0
33670,83.33,-191.99,0
33681,90.91,-190.36,0
33693,83.33,-190.53,0
33704,90.91,-192.55,0
33716,83.33,-193.37,0
33727,90.91,-192.89,0
33738,90.91,-191.31,0
33750,83.33,-189.91,0
33762,83.33,-190.12,0
33773,90.91,-190.35,0
33784,90.91,-191.80,0
33796,83.33,-193.96,0
33807,90.91,-193.75,0
33818,90.91,-193.00,0
33830,83.33,-190.83,0
33842,83.33,-190.14,0
33853,90.91,-190.00,0
33864,90.91,-191.34,0
33875,90.91,-192.38,0
33888,83.33,-191.48,0
33899,83.33,-191.29,0
33910,90.91,-190.35,0
33922,83.33,-189.71,0
33933,90.91,-191.46,0
33944,90.91,-193.44,0
33956,83.33,-193.62,0
33968,83.33,-192.92,0
33979,90.91,-191.98,0
33990,90.91,-190.34,0
34001,90.91,-189.18,0
34013,83.33,-189.69,0
34025,83.33,-191.36,0
34036,90.91,-192.93,0
34048,83.33,-193.21,0
34059,90.91,-191.88,0
34070,90.91,-190.79,0
34081,90.91,-190.42,0
34094,76.92,-191.17,0
34105,90.91,-192.70,0
34116,90.91,-193.74,0
34127,90.91,-193.63,0
34139,83.33,-191.67,0
34150,90.91,-189.87,0
34162,83.33,-189.46,0
34173,90.91,-190.10,0
34185,83.33,-191.98,0
34196,90.91,-193.77,0
34207,90.91,-193.75,0
34220,76.92,-191.81,0
34231,90.91,-190.82,0
34242,90.91,-191.04,0
34253,90.91,-191.23,0
34265,83.33,-192.24,0
34276,90.91,-192.78,0
34288,83.33,-191.94,0
34299,90.91,-190.60,0
34311,83.33,-189.50,0
34322,90.91,-189.86,0
34333,90.91,-190.44,0
34344,90.91,-191.85,0
34357,76.92,-193.21,0
34368,90.91,-193.46,0
34379,90.91,-191.86,0
34391,83.33,-190.33,0
34402,90.91,-190.16,0
34413,90.91,-190.85,0
34425,83.33,-192.61,0
34437,83.33,-193.78,0
34448,90.91,-192.92,0
34459,90.91,-191.08,0
34470,90.91,-190.07,0
34483,83.33,-190.04,0
34494,83.33,-191.13,0
34505,90.91,-192.77,0
34516,90.91,-193.72,0
34528,83.33,-193.16,0
34539,90.91,-191.60,0
34551,83.33,-190.05,0
34563,83.33,-189.59,0
34574,90.91,-190.09,0
34585,90.91,-191.44,0
34596,90.91,-192.80,0
34608,83.33,-192.28,0
34620,83.33,-191.58,0
34631,90.91,-190.24,0
34642,90.91,-190.11,0
34654,83.33,-191.24,0
34665,90.91,-193.56,0
34676,90.91,-194.68,0
34689,76.92,-193.61,0
34700,90.91,-191.57,0
34711,90.91,-189.90,0
34722,90.91,-189.45,0
34734,83.33,-189.83,0
34745,90.91,-191.65,0
34757,83.33,-193.27,0
34768,90.91,-193.18,0
34780,83.33,-192.07,0
34791,90.91,-190.96,0
34802,90.91,-190.66,0
34814,90.91,-192.03,0
34826,76.92,-193.05,0
34837,90.91,-193.73,0
34848,90.91,-192.57,0
34860,83.33,-190.64,0
34871,90.91,-188.79,0
34883,83.33,-189.02,0
34894,90.91,-190.25,0
34906,83.33,-192.28,0
34917,90.91,-193.02,0
34928,90.91,-192.83,0
34939,90.91,-191.47,0
34952,76.92,-189.85,0
34963,90.91,-190.23,0
34974,90.91,-190.65,0
34985,90.91,-192.20,0
34997,83.33,-192.89,0
35008,90.91,-191.87,0
35020,83.33,-190.38,0
35032,83.33,-189.33,0
35043,90.91,-189.68,0
35054,90.91,-191.08,0
35065,90.91,-192.79,0
35078,83.33,-193.36,0
35089,83.33,-192.55,0
35100,90.91,-191.16,0
35111,90.91,-190.21,0
35123,83.33,-189.63,0
35134,90.91,-190.85,0
35146,83.33,-192.14,0
35158,83.33,-192.79,0
35169,90.91,-190.99,0
35180,90.91,-190.57,0
35191,90.91,-189.08,0
35203,83.33,-189.09,0
35215,83.33,-191.36,0
35226,90.91,-193.13,0
35237,90.91,-194.79,0
35249,83.33,-192.97,0
35260,90.91,-190.86,0
35271,90.91,-189.39,0
35283,83.33,-189.18,0
35295,83.33,-190.00,0
35306,90.91,-191.81,0
35317,90.91,-192.57,0
35329,83.33,-191.61,0
35340,90.91,-190.71,0
35352,83.33,-190.18,0
35363,90.91,-190.45,0
35375,83.33,-191.47,0
35386,90.91,-193.54,0
35397,90.91,-193.99,0
35409,83.33,-192.62,0
35421,83.33,-190.65,0
35432,90.91,-189.00,0
35443,90.91,-189.02,0
35454,90.91,-191.04,0
35466,83.33,-192.88,0
35478,83.33,-193.92,0
35489,90.91,-192.36,0
35501,83.33,-191.48,0
35512,90.91,-191.00,0
35523,90.91,-191.22,0
35534,90.91,-192.14,0
35547,76.92,-193.01,0
35558,90.91,-193.61,0
35569,90.91,-192.20,0
35580,90.91,-190.51,0
35592,83.33,-189.72,0
35603,90.91,-189.92,0
35615,83.33,-192.37,0
35627,83.33,-193.72,0
35638,90.91,-194.06,0
35649,90.91,-192.96,0
35660,90.91,-192.17,0
35673,83.33,-190.67,0
35684,83.33,-190.99,0
35695,90.91,-192.04,0
35706,90.91,-193.33,0
35718,83.33,-193.32,0
35729,90.91,-191.84,0
35741,83.33,-190.45,0
35752,90.91,-190.15,0
35764,83.33,-190.69,0
35775,90.91,-192.99,0
35786,90.91,-193.95,0
35798,83.33,-193.72,0
35810,83.33,-192.24,0
35821,90.91,-190.41,0
35832,90.91,-189.38,0
35844,83.33,-189.69,0
35855,90.91,-191.19,0
35866,90.91,-192.50,0
35878,83.33,-193.17,0
35890,83.33,-192.20,0
35901,90.91,-190.67,0
35912,90.91,-189.95,0
35923,90.91,-190.24,0
35936,83.33,-192.18,0
35947,83.33,-193.88,0
35958,90.91,-193.68,0
35970,83.33,-192.26,0
35981,90.91,-190.73,0
35992,90.91,-189.90,0
36004,83.33,-190.57,0
36016,83.33,-191.67,0
36027,90.91,-192.36,0
36038,90.91,-192.54,0
36049,90.91,-191.45,0
36061,83.33,-190.43,0
36073,83.33,-190.51,0
36084,90.91,-190.06,0
36096,83.33,-191.50,0
36107,90.91,-193.26,0
36118,90.91,-193.34,0
36129,90.91,-191.28,0
36142,76.92,-190.12,0
36153,90.91,-189.40,0
36164,90.91,-189.35,0
36175,90.91,-191.31,0
36187,83.33,-192.79,0
36198,90.91,-192.65,0
36210,83.33,-191.83,0
36221,90.91,-190.70,0
36233,83.33,-189.93,0
36244,90.91,-190.51,0
36255,90.91,-191.76,0
36268,83.33,-193.21,0
36279,83.33,-193.06,0
36290,90.91,-191.03,0
36301,90.91,-189.62,0
36313,83.33,-189.37,0
36324,90.91,-189.70,0
36336,83.33,-192.14,0
36347,90.91,-193.15,0
36359,83.33,-192.40,0
36370,90.91,-191.37,0
36381,90.91,-190.84,0
36392,90.91,-190.50,0
36405,76.92,-190.67,0
36416,90.91,-191.73,0
36427,90.91,-192.97,0
36439,83.33,-192.39,0
36450,90.91,-191.28,0
36461,90.91,-190.42,0
36473,83.33,-189.47,0
36485,83.33,-189.71,0
36496,90.91,-192.34,0
36507,90.91,-194.26,0
36518,90.91,-193.75,0
36531,83.33,-192.19,0
36542,83.33,-190.44,0
36553,90.91,-190.08,0
36564,90.91,-190.30,0
36576,83.33,-191.61,0
36587,90.91,-192.80,0
36599,83.33,-192.71,0
36611,83.33,-190.54,0
36622,90.91,-189.28,0
36633,90.91,-189.90,0
36644,90.91,-191.65,0
36656,83.33,-193.50,0
36668,83.33,-194.11,0
36679,90.91,-193.14,0
36690,90.91,-191.50,0
36702,83.33,-189.48,0
36713,90.91,-188.79,0
36724,90.91,-189.49,0
36737,76.92,-192.01,0
36748,90.91,-193.05,0
36759,90.91,-192.43,0
36770,90.91,-191.26,0
36782,83.33,-190.50,0
36793,90.91,-190.48,0
36805,83.33,-191.36,0
36816,90.91,-193.02,0
36828,83.33,-193.46,0
36839,90.91,-192.41,0
36850,90.91,-190.95,0
36862,90.91,-189.71,0
36874,76.92,-189.60,0
36885,90.91,-190.44,0
36896,90.91,-192.72,0
36908,83.33,-193.62,0
36919,90.91,-193.15,0
36931,83.33,-192.11,0
36942,90.91,-190.32,0
36954,83.33,-189.94,0
36965,90.91,-190.45,0
36976,90.91,-191.81,0
36987,90.91,-192.64,0
37000,76.92,-191.65,0
37011,90.91,-190.65,0
37022,90.91,-189.35,0
37033,90.91,-189.41,0
37045,83.33,-190.55,0
37056,90.91,-193.16,0
37068,83.33,-194.28,0
37080,83.33,-193.20,0
37091,90.91,-191.39,0
37102,90.91,-189.92,0
37113,90.91,-189.55,0
37125,83.33,-190.39,0
37137,83.33,-192.29,0
37148,90.91,-192.52,0
37159,90.91,-191.77,0
37171,83.33,-190.71,0
37182,90.91,-189.77,0
37194,90.91,-189.72,0
37206,83.33,-191.28,0
37217,90.91,-193.00,0
37228,90.91,-194.02,0
37239,90.91,-192.33,0
37251,83.33,-191.23,0
37263,83.33,-189.29,0
37274,90.91,-189.20,0
37285,90.91,-189.86,0
37297,83.33,-191.45,0
37308,90.91,-192.64,0
37319,90.91,-192.15,0
37331,83.33,-191.25,0
37343,83.33,-190.03,0
37354,90.91,-190.50,0
37365,90.91,-191.25,0
37377,83.33,-192.97,0
37388,90.91,-193.74,0
37400,83.33,-192.46,0
37411,90.91,-190.82,0
37423,83.33,-189.65,0
37434,90.91,-190.10,0
37445,90.91,-191.21,0
37457,90.91,-192.83,0
37469,76.92,-193.76,0
37480,90.91,-192.59,0
37491,90.91,-191.53,0
37502,90.91,-190.45,0
37514,83.33,-190.15,0
37526,83.33,-191.34,0
37537,90.91,-192.96,0
37549,83.33,-193.01,0
37560,90.91,-192.24,0
37571,90.91,-190.38,0
37582,90.91,-189.41,0
37595,76.92,-189.59,0
37606,90.91,-191.26,0
37617,90.91,-193.17,0
37628,90.91,-193.73,0
37640,83.33,-193.01,0
37651,90.91,-191.49,0
37663,83.33,-189.87,0
37675,83.33,-189.30,0
37686,90.91,-191.10,0
37697,90.91,-192.79,0
37708,90.91,-193.35,0
37721,83.33,-193.06,0
37732,83.33,-191.78,0
37743,90.91,-190.38,0
37754,90.91,-190.48,0
37766,83.33,-191.85,0
37777,90.91,-193.21,0
37789,83.33,-193.51,0
37800,90.91,-192.55,0
37812,83.33,-191.51,0
37823,90.91,-189.45,0
37834,90.91,-189.53,0
37846,83.33,-190.98,0
37858,83.33,-192.75,0
37869,90.91,-193.67,0
37880,90.91,-193.26,0
37892,83.33,-192.09,0
37903,90.91,-190.76,0
37914,90.91,-191.39,0
37926,83.33,-192.51,0
37938,83.33,-193.97,0
37949,90.91,-194.11,0
37960,90.91,-192.30,0
37971,90.91,-190.57,0
37983,83.33,-189.77,0
37995,83.33,-189.61,0
38006,90.91,-191.40,0
38018,83.33,-193.08,0
38029,90.91,-193.15,0
38040,90.91,-191.56,0
38052,90.91,-190.57,0
38064,83.33,-189.64,0
38075,90.91,-190.13,0
38086,90.91,-191.23,0
38097,90.91,-192.71,0
38109,83.33,-193.03,0
38121,83.33,-191.36,0
38132,90.91,-189.87,0
38144,83.33,-189.11,0
38155,90.91,-189.80,0
38166,90.91,-191.62,0
38177,90.91,-193.39,0
38190,76.92,-193.76,0
38201,90.91,-191.85,0
38212,90.91,-190.41,0
38223,90.91,-190.38,0
38235,83.33,-190.86,0
38246,90.91,-191.37,0
38258,83.33,-192.57,0
38269,90.91,-192.83,0
38281,83.33,-191.64,0
38292,90.91,-190.20,0
38303,90.91,-189.98,0
38316,83.33,-190.48,0
38327,83.33,-192.42,0
38338,90.91,-193.54,0
38349,90.91,-193.72,0
38361,83.33,-192.29,0
38372,90.91,-191.16,0
38384,83.33,-190.09,0
38395,90.91,-189.86,0
38407,83.33,-191.51,0
38418,90.91,-192.54,0
38429,90.91,-192.75,0
38440,90.91,-191.32,0
38453,76.92,-189.85,0
38464,90.91,-189.19,0
38475,90.91,-189.96,0
38487,83.33,-192.20,0
38498,90.91,-193.94,0
38509,90.91,-193.07,0
38521,83.33,-191.58,0
38533,83.33,-190.43,0
38544,90.91,-190.48,0
38555,90.91,-190.31,0
38566,90.91,-191.97,0
38579,83.33,-193.13,0
38590,83.33,-193.11,0
38601,90.91,-191.86,0
38612,90.91,-190.32,0
38624,83.33,-189.34,0
38635,90.91,-190.47,0
38647,83.33,-192.06,0
38659,83.33,-193.39,0
38670,90.91,-192.93,0
38681,90.91,-191.65,0
38692,90.91,-190.13,0
38704,83.33,-189.42,0
38716,83.33,-189.18,0
38727,90.91,-190.95,0
38738,90.91,-192.62,0
38750,83.33,-192.95,0
38761,90.91,-191.55,0
38772,90.91,-190.32,0
38785,76.92,-189.52,0
38796,90.91,-190.43,0
38807,90.91,-192.85,0
38818,90.91,-193.81,0
38830,83.33,-192.87,0
38841,90.91,-190.80,0
38853,83.33,-189.73,0
38864,90.91,-189.52,0
38876,83.33,-190.23,0
38887,90.91,-192.06,0
38898,90.91,-192.84,0
38910,83.33,-192.93,0
38922,83.33,-191.45,0
38933,90.91,-189.98,0
38944,90.91,-190.19,0
38956,83.33,-190.68,0
38967,90.91,-192.73,0
38979,83.33,-193.44,0
38990,90.91,-192.61,0
39002,83.33,-192.38,0
39013,90.91,-190.73,0
39024,90.91,-190.65,0
39035,90.91,-190.41,0
39048,76.92,-192.61,0
39059,90.91,-193.47,0
39070,90.91,-193.76,0
39081,90.91,-192.61,0
39093,83.33,-190.78,0
39104,90.91,-190.23,0
39116,83.33,-190.66,0
39128,83.33,-192.36,0
39139,90.91,-192.48,0
39150,90.91,-192.18,0
39161,90.91,-191.32,0
39174,83.33,-190.25,0
39185,83.33,-189.71,0
39196,90.91,-190.43,0
39207,90.91,-192.26,0
39219,83.33,-193.95,0
39230,90.91,-193.62,0
39242,83.33,-191.72,0
39254,83.33,-189.56,0
39265,90.91,-188.86,0
39276,90.91,-189.70,0
39287,90.91,-191.62,0
39299,83.33,-193.08,0
39311,83.33,-192.22,0
39322,90.91,-191.14,0
39333,90.91,-189.91,0
39345,83.33,-190.43,0
39356,90.91,-191.20,0
39367,90.91,-192.73,0
39379,83.33,-193.25,0
39391,83.33,-192.42,0
39402,90.91,-190.40,0
39413,90.91,-189.21,0
39425,83.33,-189.08,0
39437,90.91,-190.22,0
39448,83.33,-192.20,0
39459,90.91,-192.76,0
39471,83.33,-192.58,0
39482,90.91,-191.64,0
39493,90.91,-190.05,0
39505,83.33,-190.28,0
39517,83.33,-190.82,0
39528,90.91,-192.30,0
39539,90.91,-192.94,0
39550,90.91,-192.11,0
39562,83.33,-190.27,0
39574,83.33,-189.11,0
39585,90.91,-189.53,0
39597,83.33,-190.42,0
39608,90.91,-192.10,0
39619,90.91,-193.37,0
39630,90.91,-192.36,0
39643,76.92,-191.51,0
39654,90.91,-190.07,0
39665,90.91,-189.75,0
39676,90.91,-191.22,0
39688,83.33,-192.43,0
39700,90.91,-193.44,0
39711,83.33,-192.95,0
39723,83.33,-190.95,0
39734,90.91,-189.10,0
39745,90.91,-188.86,0
39756,90.91,-190.98,0
39769,76.92,-193.30,0
39780,90.91,-193.89,0
39791,90.91,-192.22,0
39802,90.91,-191.31,0
39814,83.33,-190.41,0
39825,90.91,-189.88,0
39837,83.33,-190.82,0
39848,90.91,-192.08,0
39860,83.33,-193.85,0
39871,90.91,-192.72,0
39882,90.91,-190.92,0
39894,83.33,-189.65,0
39906,83.33,-190.03,0
39917,90.91,-191.60,0
39928,90.91,-192.75,0
39940,83.33,-193.11,0
39951,90.91,-192.44,0
39962,90.91,-191.61,0
39974,83.33,-190.26,0
39986,83.33,-189.93,0
39997,90.91,-190.78,0
40008,90.91,-192.39,0
40019,90.91,-193.61,0
40032,76.92,-192.64,0
40043,90.91,-191.12,0
40054,90.91,-190.11,0
40066,83.33,-190.05,0
40077,90.91,-191.24,0
40088,90.91,-192.94,0
40100,83.33,-193.58,0
40112,83.33,-192.74,0
40123,90.91,-191.54,0
40134,90.91,-190.36,0
40145,90.91,-189.64,0
40157,83.33,-191.13,0
40169,83.33,-192.73,0
40180,90.91,-193.75,0
40192,83.33,-192.82,0
40203,90.91,-191.54,0
40214,90.91,-190.12,0
40225,90.91,-189.66,0
40238,76.92,-191.01,0
40249,90.91,-191.96,0
40260,90.91,-193.29,0
40271,90.91,-192.21,0
40283,83.33,-191.15,0
40295,90.91,-190.25,0
40306,83.33,-189.54,0
40317,90.91,-191.34,0
40329,83.33,-192.50,0
40340,90.91,-193.07,0
40351,90.91,-191.70,0
40364,76.92,-190.28,0
40375,90.91,-189.31,0
40386,90.91,-189.74,0
40397,90.91,-191.15,0
40409,83.33,-192.46,0
40420,90.91,-192.87,0
40432,83.33,-191.68,0
40443,90.91,-190.92,0
40455,83.33,-189.78,0
40466,90.91,-189.49,0
40477,90.91,-191.87,0
40488,90.91,-193.10,0
40501,76.92,-193.40,0
40512,90.91,-191.85,0
40523,90.91,-190.60,0
40535,83.33,-189.42,0
40546,90.91,-189.50,0
40558,90.91,-191.83,0
40569,83.33,-193.55,0
40581,83.33,-193.39,0
40592,90.91,-192.24,0
40603,90.91,-190.95,0
40614,90.91,-189.56,0
40627,76.92,-189.85,0
40638,90.91,-191.58,0
40649,90.91,-192.79,0
40660,90.91,-192.66,0
40672,83.33,-191.85,0
40683,90.91,-190.38,0
40695,83.33,-189.92,0
40707,83.33,-190.31,0
40718,90.91,-191.98,0
40729,90.91,-192.78,0
40740,90.91,-193.29,0
40752,83.33,-192.69,0
40764,83.33,-190.79,0
40775,90.91,-189.70,0
40786,90.91,-189.87,0
40798,83.33,-191.23,0
40809,90.91,-192.98,0
40821,90.91,-193.54,0
40833,76.92,-192.03,0
40844,90.91,-190.75,0
40855,90.91,-189.90,0
40866,90.91,-190.10,0
40878,83.33,-191.88,0
40890,83.33,-193.46,0
40901,90.91,-193.87,0
40912,90.91,-192.18,0
40924,83.33,-190.63,0
40935,90.91,-189.42,0
40946,90.91,-189.52,0
40958,83.33,-190.91,0
40970,83.33,-192.65,0
40981,90.91,-193.27,0
40992,90.91,-192.24,0
41004,83.33,-190.65,0
41015,90.91,-190.24,0
41027,83.33,-190.70,0
41038,90.91,-192.93,0
41050,83.33,-193.58,0
41061,90.91,-192.85,0
41072,90.91,-191.75,0
41083,90.91,-190.21,0
41096,76.92,-189.92,0
41107,90.91,-190.44,0
41118,90.91,-192.20,0
41129,90.91,-193.89,0
41141,83.33,-193.13,0
41153,90.91,-191.64,0
41164,83.33,-190.46,0
41176,83.33,-190.72,0
41187,90.91,-191.12,0
41198,90.91,-192.81,0
41209,90.91,-193.76,0
41222,76.92,-193.37,0
41233,90.91,-191.67,0
41244,90.91,-189.74,0
41255,90.91,-189.58,0
41267,83.33,-190.12,0
41278,90.91,-191.90,0
41290,83.33,-192.79,0
41302,83.33,-193.53,0
41313,90.91,-192.45,0
41324,90.91,-191.05,0
41335,90.91,-189.79,0
41347,83.33,-190.03,0
41359,83.33,-191.66,0
41370,90.91,-192.68,0
41381,90.91,-192.39,0
41393,83.33,-191.12,0
41404,90.91,-189.80,0
41416,90.91,-189.53,0
41427,83.33,-189.90,0
41439,83.33,-191.92,0
41450,90.91,-193.27,0
41461,90.91,-193.10,0
41473,83.33,-192.54,0
41485,83.33,-190.57,0
41496,90.91,-189.99,0
41507,90.91,-190.48,0
41519,83.33,-192.64,0
41530,90.91,-193.14,0
41541,90.91,-192.76,0
41553,83.33,-191.43,0
41565,83.33,-190.11,0
41576,90.91,-190.31,0
41587,90.91,-190.86,0
41598,90.91,-192.66,0
41610,83.33,-193.20,0
41622,83.33,-192.70,0
41633,90.91,-191.78,0
41645,83.33,-190.50,0
41656,90.91,-189.62,0
41667,90.91,-190.28,0
41678,90.91,-191.88,0
41691,76.92,-193.13,0
41702,90.91,-192.51,0
41713,90.91,-191.77,0
41724,90.91,-190.36,0
41736,83.33,-189.78,0
41748,90.91,-190.16,0
41759,83.33,-192.57,0
41771,83.33,-193.70,0
41782,90.91,-193.22,0
41793,90.91,-192.45,0
41804,90.91,-190.34,0
41817,76.92,-190.08,0
41828,90.91,-190.56,0
41839,90.91,-192.07,0
41850,90.91,-193.44,0
41862,83.33,-192.21,0
41873,90.91,-191.43,0
41885,83.33,-189.77,0
41896,90.91,-190.05,0
41908,83.33,-190.59,0
41919,90.91,-192.15,0
41930,90.91,-193.11,0
41942,83.33,-192.47,0
41954,83.33,-191.13,0
41965,90.91,-190.36,0
41976,90.91,-190.40,0
41988,83.33,-190.60,0
41999,90.91,-192.65,0
42011,90.91,-194.03,0
42022,83.33,-193.30,0
42034,83.33,-191.71,0
42045,90.91,-190.03,0
42056,90.91,-189.51,0
42067,90.91,-190.75,0
42080,76.92,-192.16,0
42091,90.91,-193.33,0
42102,90.91,-192.65,0
42114,83.33,-191.63,0
42125,90.91,-190.80,0
42136,90.91,-190.09,0
42148,83.33,-190.64,0
42160,83.33,-192.91,0
42171,90.91,-193.52,0
42182,90.91,-192.47,0
42193,90.91,-190.75,0
42205,83.33,-189.17,0
42217,83.33,-189.38,0
42228,90.91,-190.31,0
42240,83.33,-192.65,0
42251,90.91,-193.08,0
42262,90.91,-192.61,0
42273,90.91,-191.76,0
42286,76.92,-189.98,0
42297,90.91,-190.11,0
42308,90.91,-191.00,0
42319,90.91,-192.39,0
42331,83.33,-193.16,0
42343,90.91,-191.65,0
42354,83.33,-190.05,0
42365,90.91,-188.89,0
42377,83.33,-189.27,0
42388,90.91,-190.24,0
42399,90.91,-192.38,0
42412,76.92,-193.26,0
42423,90.91,-192.74,0
42434,90.91,-191.75,0
42445,90.91,-190.86,0
42457,83.33,-190.26,0
42468,90.91,-191.01,0
42480,83.33,-192.43,0
42491,90.91,-193.00,0
42503,83.33,-191.79,0
42514,90.91,-190.47,0
42525,90.91,-189.96,0
42536,90.91,-190.05,0
42549,76.92,-190.86,0
42560,90.91,-193.13,0
