66,15.15,-200.64,0
77,90.91,-200.65,0
89,83.33,-200.75,0
100,90.91,-200.51,0
111,90.91,-200.07,0
123,90.91,-199.69,0
135,83.33,-199.41,0
146,90.91,-199.64,0
157,90.91,-199.74,0
168,90.91,-200.47,0
180,83.33,-200.52,0
192,90.91,-200.45,0
203,83.33,-201.04,0
215,83.33,-201.00,0
226,90.91,-200.93,0
237,90.91,-200.69,0
248,90.91,-199.74,0
261,83.33,-199.80,0
272,83.33,-199.60,0
283,90.91,-199.51,0
294,90.91,-199.77,0
306,83.33,-200.29,0
317,90.91,-200.28,0
329,90.91,-200.35,0
340,83.33,-200.44,0
352,83.33,-200.78,0
363,90.91,-200.55,0
374,90.91,-199.95,0
386,83.33,-199.19,0
397,90.91,-199.86,0
409,83.33,-199.21,0
420,90.91,-198.98,0
432,83.33,-199.44,0
443,90.91,-199.65,0
454,90.91,-199.81,0
465,90.91,-199.93,0
478,76.92,-199.91,0
489,90.91,-201.02,0
500,90.91,-200.18,0
512,83.33,-200.45,0
523,90.91,-200.75,0
534,90.91,-199.91,0
546,83.33,-198.97,0
558,83.33,-199.16,0
569,90.91,-199.33,0
580,90.91,-199.84,0
591,90.91,-200.56,0
603,83.33,-200.10,0
615,83.33,-200.08,0
626,90.91,-200.52,0
637,90.91,-200.49,0
649,83.33,-199.94,0
660,90.91,-199.41,0
671,90.91,-199.18,0
684,76.92,-199.29,0
695,90.91,-199.95,0
706,90.91,-199.17,0
717,90.91,-199.38,0
729,83.33,-199.33,0
740,90.91,-199.82,0
752,83.33,-200.28,0
763,90.91,-200.71,0
775,83.33,-200.16,0
786,90.91,-200.09,0
797,90.91,-199.70,0
808,90.91,-199.50,0
821,76.92,-199.59,0
832,90.91,-200.09,0
843,90.91,-199.94,0
855,83.33,-199.88,0
866,90.91,-199.96,0
877,90.91,-200.14,0
889,83.33,-200.16,0
901,83.33,-200.26,0
912,90.91,-200.36,0
923,90.91,-199.80,0
934,90.91,-200.18,0
946,83.33,-200.19,0
958,83.33,-200.06,0
969,90.91,-200.27,0
980,90.91,-199.90,0
992,83.33,-199.48,0
1003,90.91,-199.80,0
1014,90.91,-200.21,0
1027,76.92,-200.41,0
1038,90.91,-200.65,0
1049,90.91,-200.48,0
1060,90.91,-199.98,0
1072,83.33,-199.54,0
1083,90.91,-200.08,0
1095,83.33,-200.08,0
1106,90.91,-200.00,0
1118,83.33,-200.19,0
1129,90.91,-199.95,0
1140,90.91,-199.88,0
1152,83.33,-199.79,0
1164,90.91,-199.55,0
1175,83.33,-199.92,0
1186,90.91,-199.69,0
1198,83.33,-200.05,0
1209,90.91,-200.02,0
1220,90.91,-200.21,0
1232,90.91,-200.65,0
1244,76.92,-200.48,0
1255,90.91,-199.69,0
1266,90.91,-200.16,0
1277,90.91,-199.95,0
1289,83.33,-199.88,0
1301,90.91,-199.78,0
1312,83.33,-199.98,0
1324,83.33,-199.74,0
1335,90.91,-199.96,0
1346,90.91,-199.75,0
1357,90.91,-200.37,0
1369,83.33,-200.74,0
1381,83.33,-200.75,0
1392,90.91,-200.40,0
1403,90.91,-199.70,0
1415,83.33,-199.66,0
1426,90.91,-199.56,0
1437,90.91,-199.37,0
1449,83.33,-199.52,0
1461,83.33,-198.55,0
1472,90.91,-198.68,0
1483,90.91,-199.64,0
1495,83.33,-200.75,0
1506,90.91,-200.82,0
1518,83.33,-201.17,0
1529,90.91,-200.62,0
1541,83.33,-200.84,0
1552,90.91,-200.66,0
1563,90.91,-199.68,0
1574,90.91,-199.83,0
1587,76.92,-199.54,0
1598,90.91,-199.39,0
1609,90.91,-199.21,0
1620,90.91,-199.40,0
1632,83.33,-200.01,0
1643,90.91,-200.80,0
1655,83.33,-201.09,0
1667,83.33,-200.68,0
1678,90.91,-200.54,0
1689,90.91,-200.05,0
1700,90.91,-200.41,0
1712,83.33,-200.12,0
1724,83.33,-198.84,0
1735,90.91,-198.93,0
1746,90.91,-199.04,0
1758,83.33,-199.31,0
1769,90.91,-199.69,0
1780,90.91,-200.06,0
1793,76.92,-200.40,0
1804,90.91,-201.33,0
1815,90.91,-201.14,0
1826,90.91,-201.22,0
1838,83.33,-199.89,0
1849,90.91,-199.78,0
1861,83.33,-199.64,0
1872,90.91,-198.87,0
1884,83.33,-199.58,0
1895,90.91,-199.98,0
1906,90.91,-199.52,0
1917,90.91,-199.98,0
1930,76.92,-200.85,0
1941,90.91,-200.61,0
1952,90.91,-201.01,0
1964,83.33,-200.56,0
1975,90.91,-199.99,0
1986,90.91,-199.67,0
1998,83.33,-199.61,0
2010,83.33,-199.49,0
2021,90.91,-199.46,0
2032,90.91,-199.59,0
2043,90.91,-199.21,0
2055,83.33,-199.53,0
2067,90.91,-199.98,0
2078,90.91,-200.29,0
2089,90.91,-200.18,0
2101,83.33,-200.22,0
2112,90.91,-199.57,0
2123,90.91,-199.94,0
2136,83.33,-200.34,0
2147,83.33,-200.41,0
2158,90.91,-200.03,0
2169,90.91,-199.37,0
2181,83.33,-199.22,0
2192,90.91,-199.26,0
2204,90.91,-199.99,0
2215,83.33,-200.12,0
2227,83.33,-200.39,0
2238,90.91,-199.88,0
2249,90.91,-200.51,0
2260,90.91,-200.84,0
2272,83.33,-200.94,0
2284,83.33,-200.63,0
2295,90.91,-200.20,0
2307,83.33,-199.96,0
2318,90.91,-199.15,0
2329,90.91,-199.74,0
2340,90.91,-199.60,0
2353,76.92,-198.99,0
2364,90.91,-199.58,0
2375,90.91,-199.93,0
2386,90.91,-200.10,0
2398,83.33,-200.27,0
2409,90.91,-199.87,0
2421,83.33,-200.53,0
2433,83.33,-200.51,0
2444,90.91,-200.24,0
2455,90.91,-199.93,0
2466,90.91,-199.95,0
2478,83.33,-199.76,0
2490,83.33,-199.54,0
2501,90.91,-199.15,0
2512,90.91,-199.27,0
2524,83.33,-199.69,0
2535,90.91,-200.27,0
2546,90.91,-200.50,0
2558,83.33,-200.73,0
2570,83.33,-200.14,0
2581,90.91,-200.47,0
2592,90.91,-200.69,0
2604,83.33,-200.35,0
2615,90.91,-199.67,0
2627,83.33,-199.54,0
2638,90.91,-198.94,0
2650,83.33,-199.25,0
2661,90.91,-199.47,0
2672,90.91,-199.79,0
2683,90.91,-200.27,0
2696,76.92,-200.30,0
2707,90.91,-200.44,0
2718,90.91,-200.27,0
2729,90.91,-200.56,0
2741,83.33,-200.23,0
2752,90.91,-199.58,0
2764,90.91,-199.30,0
2776,76.92,-199.29,0
2787,90.91,-199.73,0
2798,90.91,-199.99,0
2809,90.91,-200.08,0
2821,83.33,-200.34,0
2833,90.91,-199.75,0
2844,83.33,-200.14,0
2855,90.91,-200.06,0
2867,83.33,-200.49,0
2878,90.91,-199.57,0
2889,90.91,-199.67,0
2902,90.91,-199.46,0
2913,76.92,-199.38,0
2924,90.91,-199.20,0
2935,90.91,-199.07,0
2947,83.33,-199.25,0
2958,90.91,-199.86,0
2969,90.91,-200.41,0
2981,83.33,-201.07,0
2993,83.33,-200.39,0
3004,90.91,-200.21,0
3015,90.91,-199.58,0
3026,90.91,-199.41,0
3038,83.33,-199.68,0
3050,83.33,-199.61,0
3061,90.91,-199.47,0
3073,83.33,-199.55,0
3084,90.91,-199.85,0
3095,90.91,-200.55,0
3106,90.91,-200.71,0
3119,76.92,-201.01,0
3130,90.91,-200.78,0
3141,90.91,-200.31,0
3152,90.91,-200.39,0
3164,83.33,-199.64,0
3175,90.91,-198.80,0
3187,83.33,-198.77,0
3198,90.91,-199.11,0
3210,83.33,-199.64,0
3221,90.91,-199.35,0
3232,90.91,-199.63,0
3244,83.33,-199.99,0
3256,83.33,-200.73,0
3267,90.91,-200.79,0
3278,90.91,-200.76,0
3290,83.33,-200.19,0
3301,90.91,-199.86,0
3312,90.91,-199.56,0
3324,83.33,-199.59,0
3336,83.33,-199.46,0
3347,90.91,-199.72,0
3358,90.91,-199.54,0
3369,90.91,-199.75,0
3381,83.33,-200.70,0
3393,83.33,-201.13,0
3404,90.91,-200.21,0
3416,83.33,-200.67,0
3427,90.91,-199.99,0
3438,90.91,-199.72,0
3449,90.91,-199.78,0
3462,76.92,-199.66,0
3473,90.91,-200.03,0
3484,90.91,-200.50,0
3495,90.91,-199.72,0
3507,83.33,-199.31,0
3518,90.91,-199.90,0
3530,83.33,-200.50,0
3542,83.33,-200.11,0
3553,90.91,-200.01,0
3564,90.91,-199.91,0
3575,90.91,-199.93,0
3587,83.33,-199.79,0
3599,83.33,-199.66,0
3610,90.91,-200.31,0
3621,90.91,-199.81,0
3633,83.33,-200.00,0
3644,90.91,-199.97,0
3655,90.91,-199.93,0
3667,90.91,-199.96,0
3679,76.92,-199.50,0
3690,90.91,-199.62,0
3701,90.91,-200.33,0
3713,83.33,-199.98,0
3724,90.91,-200.23,0
3736,90.91,-200.71,0
3747,83.33,-200.62,0
3759,83.33,-200.66,0
3770,90.91,-200.40,0
3781,90.91,-199.89,0
3792,90.91,-199.17,0
3805,83.33,-199.82,0
3816,83.33,-200.03,0
3827,90.91,-199.96,0
3838,90.91,-200.15,0
3850,83.33,-199.75,0
3861,90.91,-200.32,0
3872,90.91,-200.47,0
3885,76.92,-200.52,0
3896,90.91,-200.25,0
3907,90.91,-200.05,0
3918,90.91,-200.08,0
3930,83.33,-199.74,0
3941,90.91,-199.85,0
3953,83.33,-199.61,0
3964,90.91,-199.62,0
3976,83.33,-200.03,0
3987,90.91,-199.69,0
3998,90.91,-199.90,0
4009,90.91,-200.94,0
4022,76.92,-201.00,0
4033,90.91,-200.32,0
4044,90.91,-200.12,0
4056,83.33,-199.79,0
4067,90.91,-199.58,0
4078,90.91,-199.65,0
4090,83.33,-199.22,0
4102,83.33,-199.90,0
4113,90.91,-200.30,0
4124,90.91,-200.43,0
4135,90.91,-199.82,0
4147,83.33,-200.75,0
4159,83.33,-200.97,0
4170,90.91,-200.45,0
4182,83.33,-200.61,0
4193,90.91,-200.11,0
4204,90.91,-199.82,0
4215,90.91,-199.18,0
4228,76.92,-198.96,0
4239,90.91,-199.27,0
4250,90.91,-199.92,0
4261,90.91,-200.22,0
4273,83.33,-200.25,0
4284,90.91,-200.60,0
4296,83.33,-200.99,0
4307,90.91,-200.18,0
4319,83.33,-199.91,0
4330,90.91,-199.97,0
4341,90.91,-200.00,0
4353,83.33,-199.36,0
4365,83.33,-198.95,0
4376,90.91,-198.70,0
4387,90.91,-199.93,0
4399,83.33,-200.83,0
4410,90.91,-200.88,0
4421,90.91,-200.85,0
4433,83.33,-200.74,0
4445,83.33,-200.65,0
4456,90.91,-200.33,0
4467,90.91,-200.01,0
4478,90.91,-199.89,0
4490,83.33,-199.28,0
4502,83.33,-199.20,0
4513,90.91,-198.99,0
4525,83.33,-199.80,0
4536,90.91,-200.11,0
4547,90.91,-200.29,0
4558,90.91,-200.61,0
4571,83.33,-201.04,0
4582,83.33,-200.62,0
4593,90.91,-199.85,0
4604,90.91,-200.00,0
4616,83.33,-199.50,0
4627,90.91,-199.38,0
4639,90.91,-199.59,0
4651,76.92,-199.63,0
4662,90.91,-199.94,0
4673,90.91,-200.74,0
4684,90.91,-200.69,0
4696,83.33,-200.72,0
4708,90.91,-200.56,0
4719,83.33,-200.29,0
4730,90.91,-200.33,0
4742,83.33,-199.60,0
4753,90.91,-199.49,0
4764,90.91,-198.68,0
4775,90.91,-198.47,0
4788,76.92,-198.99,0
4799,90.91,-199.19,0
4810,90.91,-199.37,0
4822,83.33,-199.81,0
4833,90.91,-200.47,0
4844,90.91,-200.49,0
4856,83.33,-200.42,0
4868,83.33,-200.20,0
4879,90.91,-199.94,0
4890,90.91,-199.88,0
4901,90.91,-199.34,0
4913,83.33,-199.17,0
4925,83.33,-199.20,0
4936,90.91,-199.34,0
4947,90.91,-199.81,0
4959,83.33,-199.72,0
4970,90.91,-199.63,0
4981,90.91,-200.35,0
4994,76.92,-200.34,0
5005,90.91,-200.17,0
5016,90.91,-200.17,0
5027,90.91,-200.47,0
5039,83.33,-200.21,0
5050,90.91,-199.84,0
5062,83.33,-199.80,0
5073,90.91,-199.99,0
5085,83.33,-200.24,0
5096,90.91,-200.34,0
5107,90.91,-200.24,0
5118,90.91,-200.13,0
5131,76.92,-200.25,0
5142,90.91,-200.27,0
5153,90.91,-199.95,0
5165,83.33,-199.36,0
5176,90.91,-199.28,0
5187,90.91,-199.54,0
5199,83.33,-200.08,0
5211,83.33,-200.06,0
5222,90.91,-200.39,0
5233,90.91,-199.74,0
5244,90.91,-199.64,0
5256,83.33,-199.81,0
5268,83.33,-199.93,0
5279,90.91,-200.06,0
5291,83.33,-200.04,0
5302,90.91,-199.97,0
5313,90.91,-199.54,0
5324,90.91,-200.20,0
5337,76.92,-200.37,0
5348,90.91,-199.74,0
5359,90.91,-200.11,0
5370,90.91,-200.17,0
5382,83.33,-200.13,0
5393,90.91,-200.20,0
5405,83.33,-199.87,0
5416,90.91,-199.97,0
5428,83.33,-199.73,0
5439,90.91,-199.65,0
5450,90.91,-200.23,0
5462,83.33,-200.33,0
5474,90.91,-200.42,0
5485,83.33,-200.20,0
5496,90.91,-199.94,0
5508,83.33,-199.75,0
5519,90.91,-199.86,0
5530,90.91,-199.60,0
5542,90.91,-199.69,0
5554,76.92,-199.68,0
5565,90.91,-200.07,0
5576,90.91,-200.35,0
5587,90.91,-200.55,0
5599,83.33,-200.03,0
5611,90.91,-200.33,0
5622,83.33,-200.25,0
5634,83.33,-200.13,0
5645,90.91,-200.60,0
5656,90.91,-200.46,0
5667,90.91,-200.22,0
5679,83.33,-200.46,0
5691,83.33,-200.09,0
5702,90.91,-199.98,0
5713,90.91,-199.62,0
5725,83.33,-200.00,0
5736,90.91,-199.78,0
5747,90.91,-199.93,0
5760,76.92,-200.36,0
5771,90.91,-200.53,0
5782,90.91,-199.94,0
5793,90.91,-199.69,0
5805,83.33,-199.39,0
5816,90.91,-199.20,0
5828,83.33,-199.22,0
5839,90.91,-199.74,0
5851,83.33,-200.03,0
5862,90.91,-200.53,0
5873,90.91,-200.33,0
5884,90.91,-200.53,0
5897,76.92,-200.40,0
5908,90.91,-200.27,0
5919,90.91,-199.77,0
5931,83.33,-199.24,0
5942,90.91,-199.09,0
5953,90.91,-199.25,0
5965,83.33,-199.44,0
5977,83.33,-199.38,0
5988,90.91,-199.93,0
5999,90.91,-199.90,0
6010,90.91,-200.45,0
6022,83.33,-200.84,0
6034,83.33,-200.12,0
6045,90.91,-199.68,0
6056,90.91,-199.49,0
6068,83.33,-199.62,0
6079,90.91,-199.40,0
6090,90.91,-199.15,0
6103,76.92,-199.44,0
6114,90.91,-200.28,0
6125,90.91,-200.29,0
6136,90.91,-200.47,0
6148,83.33,-200.56,0
6159,90.91,-200.41,0
6171,83.33,-200.41,0
6182,90.91,-200.05,0
6194,83.33,-200.10,0
6205,90.91,-199.65,0
6216,90.91,-199.14,0
6227,90.91,-199.78,0
6240,76.92,-200.33,0
6251,90.91,-199.79,0
6262,90.91,-199.50,0
6274,83.33,-199.94,0
6285,90.91,-200.94,0
6296,90.91,-200.62,0
6308,83.33,-200.57,0
6320,83.33,-200.03,0
6331,90.91,-199.62,0
6342,90.91,-199.48,0
6353,90.91,-199.69,0
6365,83.33,-199.27,0
6377,90.91,-199.69,0
6388,83.33,-200.14,0
6400,83.33,-200.33,0
6411,90.91,-200.02,0
6422,90.91,-200.48,0
6433,90.91,-200.37,0
6446,83.33,-200.20,0
6457,83.33,-199.88,0
6468,90.91,-199.52,0
6479,90.91,-199.85,0
6491,83.33,-200.03,0
6502,90.91,-199.81,0
6514,90.91,-199.60,0
6525,83.33,-199.93,0
6537,83.33,-200.81,0
6548,90.91,-200.77,0
6559,90.91,-200.28,0
6571,83.33,-200.31,0
6582,90.91,-200.00,0
6594,83.33,-199.86,0
6605,90.91,-199.91,0
6617,83.33,-199.54,0
6628,90.91,-199.88,0
6639,90.91,-200.06,0
6650,90.91,-200.37,0
6663,76.92,-200.17,0
6674,90.91,-200.02,0
6685,90.91,-199.78,0
6696,90.91,-200.17,0
6708,83.33,-199.90,0
6719,90.91,-199.85,0
6731,83.33,-199.72,0
6743,83.33,-199.82,0
6754,90.91,-200.05,0
6765,90.91,-200.13,0
6776,90.91,-200.29,0
6788,83.33,-200.00,0
6800,83.33,-199.64,0
6811,90.91,-199.36,0
6822,90.91,-199.35,0
6834,83.33,-199.67,0
6845,90.91,-200.36,0
6856,90.91,-200.40,0
6868,83.33,-200.38,0
6880,83.33,-200.58,0
6891,90.91,-200.94,0
6902,90.91,-200.29,0
6914,83.33,-199.75,0
6925,90.91,-199.58,0
6937,83.33,-199.56,0
6948,90.91,-199.52,0
6960,83.33,-200.24,0
6971,90.91,-200.22,0
6982,90.91,-200.35,0
6993,90.91,-199.96,0
7006,76.92,-199.50,0
7017,90.91,-200.41,0
7028,90.91,-200.79,0
7040,83.33,-200.26,0
7051,90.91,-200.22,0
7062,90.91,-200.06,0
7074,83.33,-200.13,0
7086,83.33,-200.24,0
7097,90.91,-199.92,0
7108,90.91,-199.27,0
7119,90.91,-199.32,0
7131,83.33,-199.73,0
7143,83.33,-200.40,0
7154,90.91,-199.95,0
7165,90.91,-200.03,0
7177,83.33,-200.67,0
7188,90.91,-200.19,0
7199,90.91,-200.13,0
7212,83.33,-199.95,0
7223,83.33,-200.13,0
7234,90.91,-200.08,0
7245,90.91,-199.99,0
7257,83.33,-199.46,0
7268,90.91,-199.30,0
7280,90.91,-199.43,0
7291,83.33,-199.92,0
7303,83.33,-200.38,0
7314,90.91,-200.72,0
7325,90.91,-200.57,0
7336,90.91,-200.58,0
7348,83.33,-199.83,0
7360,83.33,-199.47,0
7371,90.91,-199.69,0
7383,83.33,-199.02,0
7394,90.91,-198.79,0
7405,90.91,-199.92,0
7416,90.91,-200.06,0
7429,76.92,-200.39,0
7440,90.91,-200.76,0
7451,90.91,-200.91,0
7462,90.91,-200.79,0
7474,83.33,-200.49,0
7485,90.91,-200.43,0
7497,83.33,-199.94,0
7508,90.91,-199.19,0
7520,83.33,-198.92,0
7531,90.91,-199.36,0
7542,90.91,-199.18,0
7554,83.33,-199.23,0
7566,83.33,-199.80,0
7577,90.91,-200.57,0
7588,90.91,-201.07,0
7600,83.33,-201.37,0
7611,90.91,-200.42,0
7622,90.91,-199.57,0
7634,83.33,-199.67,0
7646,83.33,-200.33,0
7657,90.91,-199.30,0
7668,90.91,-198.77,0
7680,83.33,-199.28,0
7691,90.91,-199.91,0
7703,83.33,-200.30,0
7714,90.91,-200.27,0
7726,83.33,-201.06,0
7737,90.91,-201.72,0
7748,90.91,-201.53,0
7759,90.91,-200.82,0
7772,76.92,-200.33,0
7783,90.91,-200.12,0
7794,90.91,-199.89,0
7805,90.91,-199.54,0
7817,83.33,-199.14,0
7828,90.91,-198.53,0
7840,83.33,-199.61,0
7852,83.33,-200.62,0
7863,90.91,-200.39,0
7874,90.91,-200.36,0
7885,90.91,-200.44,0
7897,83.33,-200.93,0
7909,83.33,-200.78,0
7920,90.91,-200.51,0
7931,90.91,-200.02,0
7943,83.33,-199.27,0
7954,90.91,-199.24,0
7965,90.91,-199.25,0
7977,90.91,-199.47,0
7989,76.92,-199.55,0
8000,90.91,-199.79,0
8011,90.91,-200.54,0
8023,83.33,-201.12,0
8034,90.91,-200.96,0
8046,90.91,-200.00,0
8057,83.33,-200.03,0
8069,83.33,-199.67,0
8080,90.91,-199.69,0
8091,90.91,-199.34,0
8102,90.91,-198.77,0
8114,83.33,-200.17,0
8126,83.33,-200.24,0
8137,90.91,-200.38,0
8148,90.91,-200.63,0
8160,83.33,-200.17,0
8171,90.91,-200.41,0
8182,90.91,-200.52,0
8195,76.92,-199.74,0
8206,90.91,-199.19,0
8217,90.91,-199.13,0
8228,90.91,-199.11,0
8240,83.33,-199.30,0
8251,90.91,-200.10,0
8263,83.33,-200.13,0
8274,90.91,-199.93,0
8286,83.33,-200.61,0
8297,90.91,-200.81,0
8308,90.91,-200.56,0
8320,83.33,-200.59,0
8332,83.33,-201.07,0
8343,90.91,-200.66,0
8354,90.91,-200.04,0
8366,83.33,-199.47,0
8377,90.91,-199.65,0
8388,90.91,-199.55,0
8400,83.33,-199.77,0
8412,83.33,-199.91,0
8423,90.91,-199.71,0
8434,90.91,-200.31,0
8445,90.91,-200.93,0
8457,83.33,-201.28,0
8469,83.33,-200.86,0
8480,90.91,-200.78,0
8492,83.33,-200.13,0
8503,90.91,-199.74,0
8514,90.91,-199.42,0
8525,90.91,-199.60,0
8538,76.92,-199.48,0
8549,90.91,-199.33,0
8560,90.91,-199.25,0
8571,90.91,-199.91,0
8583,83.33,-200.65,0
8594,90.91,-200.88,0
8606,83.33,-201.26,0
8617,90.91,-201.63,0
8629,83.33,-200.98,0
8640,90.91,-199.87,0
8651,90.91,-199.52,0
8663,83.33,-198.93,0
8675,83.33,-199.30,0
8686,90.91,-199.41,0
8697,90.91,-199.61,0
8709,83.33,-199.87,0
8720,90.91,-200.28,0
8731,90.91,-201.12,0
8743,90.91,-201.42,0
8755,76.92,-200.97,0
8766,90.91,-200.93,0
8777,90.91,-200.79,0
8788,90.91,-199.87,0
8800,83.33,-199.50,0
8812,90.91,-198.93,0
8823,83.33,-198.42,0
8835,83.33,-198.24,0
8846,90.91,-198.95,0
8857,90.91,-199.57,0
8868,90.91,-200.40,0
8881,83.33,-201.41,0
8892,83.33,-201.29,0
8903,90.91,-200.88,0
8914,90.91,-200.32,0
8926,83.33,-200.69,0
8937,90.91,-199.74,0
8948,90.91,-199.27,0
8961,76.92,-198.49,0
8972,90.91,-198.27,0
8983,90.91,-198.92,0
8994,90.91,-199.90,0
9006,83.33,-200.25,0
9017,90.91,-201.01,0
9029,83.33,-201.08,0
9040,90.91,-200.98,0
9052,83.33,-200.31,0
9063,90.91,-200.30,0
9074,90.91,-200.10,0
9085,90.91,-199.52,0
9098,76.92,-198.87,0
9109,90.91,-199.07,0
9120,90.91,-199.29,0
9132,83.33,-199.12,0
9143,90.91,-199.57,0
9154,90.91,-200.83,0
9166,83.33,-201.21,0
9178,83.33,-201.56,0
9189,90.91,-201.33,0
9200,90.91,-200.98,0
9211,90.91,-199.82,0
9223,83.33,-199.39,0
9235,83.33,-199.01,0
9246,90.91,-198.87,0
9257,90.91,-198.85,0
9269,83.33,-199.05,0
9280,90.91,-199.55,0
9291,90.91,-200.03,0
9304,76.92,-200.41,0
9315,90.91,-201.24,0
9326,90.91,-200.84,0
9337,90.91,-200.73,0
9349,83.33,-199.79,0
9360,90.91,-199.49,0
9372,83.33,-199.02,0
9383,90.91,-198.87,0
9395,83.33,-198.72,0
9406,90.91,-199.13,0
9417,90.91,-199.38,0
9428,90.91,-200.23,0
9441,76.92,-200.16,0
9452,90.91,-200.53,0
9463,90.91,-200.61,0
9475,83.33,-200.34,0
9486,90.91,-200.28,0
9497,90.91,-199.94,0
9509,83.33,-199.81,0
9521,83.33,-199.60,0
9532,90.91,-199.34,0
9543,90.91,-199.87,0
9554,90.91,-199.62,0
9566,83.33,-199.60,0
9578,83.33,-200.34,0
9589,90.91,-200.75,0
9601,83.33,-200.33,0
9612,90.91,-200.40,0
9623,90.91,-200.68,0
9634,90.91,-200.52,0
9647,76.92,-200.26,0
9658,90.91,-199.66,0
9669,90.91,-199.48,0
9680,90.91,-199.45,0
9692,83.33,-198.99,0
9703,90.91,-199.80,0
9715,90.91,-200.40,0
9726,83.33,-200.67,0
9738,83.33,-200.92,0
9749,90.91,-200.50,0
9760,90.91,-200.12,0
9772,83.33,-199.94,0
9784,90.91,-199.69,0
9795,83.33,-199.94,0
9806,90.91,-200.29,0
9818,83.33,-199.34,0
9829,90.91,-198.97,0
9840,90.91,-199.56,0
9851,90.91,-200.51,0
9864,76.92,-200.41,0
9875,90.91,-199.97,0
9886,90.91,-200.39,0
9897,90.91,-199.92,0
9909,83.33,-200.19,0
9920,90.91,-199.90,0
9932,83.33,-199.87,0
9944,83.33,-200.15,0
9955,90.91,-200.02,0
9966,90.91,-199.74,0
9977,90.91,-199.85,0
9989,83.33,-200.28,0
10001,83.33,-200.60,0
10012,90.91,-199.92,0
10023,90.91,-199.92,0
10035,83.33,-199.99,0
10046,90.91,-200.46,0
10057,90.91,-200.88,0
10070,76.92,-200.82,0
10081,90.91,-200.52,0
10092,90.91,-199.73,0
10103,90.91,-199.50,0
10115,83.33,-199.50,0
10126,90.91,-199.75,0
10138,83.33,-199.93,0
10149,90.91,-199.42,0
10161,83.33,-199.98,0
10172,90.91,-200.05,0
10183,90.91,-199.57,0
10194,90.91,-200.19,0
10207,76.92,-200.00,0
10218,90.91,-199.87,0
10229,90.91,-199.64,0
10241,83.33,-199.90,0
10252,90.91,-200.59,0
10263,90.91,-200.52,0
10275,83.33,-199.84,0
10287,83.33,-199.85,0
10298,90.91,-199.99,0
10309,90.91,-199.90,0
10320,90.91,-199.58,0
10332,83.33,-200.15,0
10344,83.33,-200.34,0
10355,90.91,-199.95,0
10366,90.91,-199.88,0
10378,83.33,-199.10,0
10389,90.91,-199.81,0
10400,90.91,-200.03,0
10413,76.92,-199.61,0
10424,90.91,-199.62,0
10435,90.91,-199.37,0
10446,90.91,-200.19,0
10458,83.33,-200.88,0
10469,90.91,-200.57,0
10481,90.91,-201.06,0
10492,83.33,-200.71,0
10504,83.33,-200.35,0
10515,90.91,-199.79,0
10526,90.91,-199.40,0
10537,90.91,-199.83,0
10550,83.33,-199.72,0
10561,83.33,-199.62,0
10572,90.91,-199.27,0
10584,83.33,-199.57,0
10595,90.91,-200.21,0
10606,90.91,-200.64,0
10618,90.91,-200.99,0
10630,76.92,-200.82,0
10641,90.91,-200.37,0
10652,90.91,-200.14,0
10663,90.91,-199.23,0
10675,83.33,-199.10,0
10686,90.91,-199.10,0
10698,83.33,-199.51,0
10710,83.33,-199.32,0
10721,90.91,-199.74,0
10732,90.91,-200.02,0
10743,90.91,-200.05,0
10755,83.33,-200.65,0
10767,83.33,-200.78,0
10778,90.91,-200.45,0
10789,90.91,-199.77,0
10801,83.33,-199.37,0
10812,90.91,-199.12,0
10823,90.91,-198.91,0
10835,83.33,-198.90,0
10847,83.33,-199.53,0
10858,90.91,-199.99,0
10869,90.91,-200.53,0
10881,83.33,-201.01,0
10892,90.91,-200.67,0
10904,83.33,-200.32,0
10915,90.91,-200.11,0
10927,83.33,-199.97,0
10938,90.91,-199.59,0
10949,90.91,-199.72,0
10960,90.91,-199.55,0
10973,76.92,-199.14,0
10984,90.91,-199.08,0
10995,90.91,-200.10,0
11006,90.91,-200.35,0
11018,83.33,-200.71,0
11029,90.91,-200.42,0
11041,83.33,-199.74,0
11053,83.33,-199.75,0
11064,90.91,-199.96,0
11075,90.91,-199.52,0
11086,90.91,-199.68,0
11098,83.33,-199.91,0
11110,83.33,-200.27,0
11121,90.91,-200.34,0
11132,90.91,-199.83,0
11144,83.33,-199.88,0
11155,90.91,-200.65,0
11166,90.91,-200.62,0
11179,76.92,-200.30,0
11190,90.91,-199.81,0
11201,90.91,-199.66,0
11212,90.91,-199.55,0
11224,83.33,-199.98,0
11235,90.91,-199.67,0
11247,83.33,-199.63,0
11258,90.91,-199.59,0
11270,83.33,-199.30,0
11281,90.91,-199.88,0
11292,90.91,-200.12,0
11303,90.91,-200.28,0
11316,76.92,-200.37,0
11327,90.91,-199.68,0
11338,90.91,-199.86,0
11350,83.33,-199.72,0
11361,90.91,-199.77,0
11372,90.91,-200.15,0
11384,83.33,-199.91,0
11396,83.33,-199.75,0
11407,90.91,-199.73,0
11418,90.91,-199.81,0
11429,90.91,-199.86,0
11441,83.33,-199.49,0
11453,90.91,-199.59,0
11464,83.33,-199.85,0
11475,90.91,-200.51,0
11487,83.33,-200.44,0
11498,90.91,-200.54,0
11509,90.91,-200.29,0
11522,83.33,-199.14,0
11533,83.33,-199.37,0
11544,90.91,-199.76,0
11555,90.91,-199.80,0
11567,83.33,-200.41,0
11578,90.91,-199.76,0
11590,90.91,-199.54,0
11601,83.33,-199.93,0
11613,83.33,-199.93,0
11624,90.91,-200.12,0
11635,90.91,-199.92,0
11646,90.91,-199.71,0
11658,83.33,-200.20,0
11670,83.33,-199.65,0
11681,90.91,-199.50,0
11693,83.33,-199.39,0
11704,90.91,-199.84,0
11715,90.91,-200.14,0
11726,90.91,-199.17,0
11739,76.92,-199.33,0
11750,90.91,-199.79,0
11761,90.91,-199.93,0
11772,90.91,-200.47,0
11784,83.33,-200.28,0
11795,90.91,-200.58,0
11807,83.33,-200.14,0
11819,83.33,-199.87,0
11830,90.91,-199.51,0
11841,90.91,-199.08,0
11852,90.91,-199.39,0
11864,83.33,-198.77,0
11876,83.33,-198.79,0
11887,90.91,-199.37,0
11898,90.91,-200.12,0
11910,83.33,-200.85,0
11921,90.91,-200.58,0
11932,90.91,-200.05,0
11944,83.33,-200.92,0
11956,83.33,-200.51,0
11967,90.91,-200.39,0
11978,90.91,-200.30,0
11990,83.33,-199.52,0
12001,90.91,-199.17,0
12013,83.33,-199.60,0
12024,90.91,-200.21,0
12036,83.33,-200.67,0
12047,90.91,-199.93,0
12058,90.91,-200.18,0
12069,90.91,-200.48,0
12082,76.92,-200.26,0
12093,90.91,-199.97,0
12104,90.91,-199.84,0
12115,90.91,-199.63,0
12127,83.33,-199.52,0
12138,90.91,-199.71,0
12150,83.33,-199.94,0
12162,83.33,-199.91,0
12173,90.91,-200.29,0
12184,90.91,-200.10,0
12195,90.91,-200.52,0
12207,83.33,-200.66,0
12219,83.33,-200.27,0
12230,90.91,-200.24,0
12241,90.91,-200.22,0
12253,83.33,-199.63,0
12264,90.91,-199.64,0
12275,90.91,-199.38,0
12288,90.91,-199.94,0
12299,76.92,-199.99,0
12310,90.91,-200.20,0
12321,90.91,-200.62,0
12333,83.33,-200.99,0
12344,90.91,-200.61,0
12356,90.91,-200.35,0
12367,83.33,-200.09,0
12379,83.33,-199.61,0
12390,90.91,-199.45,0
12401,90.91,-199.23,0
12412,90.91,-199.21,0
12425,83.33,-198.76,0
12436,83.33,-199.94,0
12447,90.91,-200.61,0
12459,83.33,-200.57,0
12470,90.91,-201.49,0
12481,90.91,-200.77,0
12492,90.91,-200.67,0
12505,76.92,-200.68,0
12516,90.91,-199.70,0
12527,90.91,-200.08,0
12538,90.91,-200.00,0
12550,83.33,-199.45,0
12561,90.91,-198.92,0
12573,83.33,-199.16,0
12584,90.91,-199.70,0
12596,83.33,-199.73,0
12607,90.91,-200.49,0
12618,90.91,-200.35,0
12630,83.33,-200.16,0
12642,83.33,-199.89,0
12653,90.91,-199.55,0
12664,90.91,-200.02,0
12676,83.33,-200.10,0
12687,90.91,-199.90,0
12698,90.91,-199.59,0
12710,83.33,-199.59,0
12722,83.33,-200.11,0
12733,90.91,-200.29,0
12744,90.91,-200.39,0
12755,90.91,-199.69,0
12767,83.33,-199.60,0
12779,83.33,-199.57,0
12790,90.91,-199.69,0
12802,83.33,-199.81,0
12813,90.91,-200.37,0
12824,90.91,-200.13,0
12835,90.91,-200.16,0
12848,76.92,-199.93,0
12859,90.91,-199.78,0
12870,90.91,-200.13,0
12881,90.91,-199.91,0
12893,83.33,-200.17,0
12904,90.91,-200.05,0
12916,83.33,-200.18,0
12928,83.33,-200.27,0
12939,90.91,-200.04,0
12950,90.91,-200.36,0
12961,90.91,-199.35,0
12973,83.33,-199.60,0
12985,83.33,-199.99,0
12996,90.91,-200.32,0
13007,90.91,-200.79,0
13019,83.33,-200.40,0
13030,90.91,-199.37,0
13041,90.91,-198.59,0
13053,83.33,-198.91,0
13065,83.33,-199.51,0
13076,90.91,-199.10,0
13087,90.91,-200.24,0
13099,83.33,-200.72,0
13110,90.91,-201.17,0
13122,90.91,-200.89,0
13133,90.91,-200.16,0
13145,83.33,-200.21,0
13156,90.91,-199.02,0
13167,90.91,-198.72,0
13178,90.91,-199.02,0
13191,83.33,-199.37,0
13202,83.33,-200.03,0
13213,90.91,-200.32,0
13224,90.91,-200.17,0
13236,83.33,-200.13,0
13247,90.91,-200.15,0
13259,90.91,-200.42,0
13271,76.92,-200.05,0
13282,90.91,-199.62,0
13293,90.91,-199.82,0
13304,90.91,-199.18,0
13316,83.33,-199.48,0
13328,90.91,-199.52,0
13339,83.33,-200.17,0
13350,90.91,-199.91,0
13362,83.33,-200.09,0
13373,90.91,-200.15,0
13384,90.91,-200.17,0
13395,90.91,-200.42,0
13408,76.92,-200.08,0
13419,90.91,-200.01,0
13430,90.91,-200.24,0
13442,83.33,-200.13,0
13453,90.91,-200.23,0
13464,90.91,-201.02,0
13476,83.33,-200.33,0
13488,83.33,-200.47,0
13499,90.91,-200.24,0
13510,90.91,-199.57,0
13521,90.91,-199.81,0
13533,83.33,-200.56,0
13545,83.33,-199.82,0
13556,90.91,-199.85,0
13568,83.33,-199.70,0
13579,90.91,-199.93,0
13590,90.91,-199.47,0
13601,90.91,-200.08,0
13614,76.92,-199.84,0
13625,90.91,-199.92,0
13636,90.91,-200.37,0
13647,90.91,-200.21,0
13659,83.33,-200.26,0
13670,90.91,-200.21,0
13682,83.33,-200.16,0
13693,90.91,-199.35,0
13705,83.33,-200.22,0
13716,90.91,-199.82,0
13727,90.91,-199.64,0
13739,83.33,-200.21,0
13751,83.33,-200.08,0
13762,90.91,-199.70,0
13773,90.91,-199.93,0
13785,83.33,-200.74,0
13796,90.91,-200.87,0
13807,90.91,-200.27,0
13819,83.33,-200.05,0
13831,83.33,-199.56,0
13842,90.91,-199.56,0
13853,90.91,-199.49,0
13864,90.91,-199.71,0
13876,83.33,-199.73,0
13888,83.33,-200.03,0
13899,90.91,-200.43,0
13911,83.33,-200.01,0
13922,90.91,-200.00,0
13933,90.91,-199.83,0
13944,90.91,-199.43,0
13957,76.92,-199.89,0
13968,90.91,-200.23,0
13979,90.91,-199.55,0
13990,90.91,-200.39,0
14002,83.33,-199.52,0
14013,90.91,-199.69,0
14025,83.33,-200.47,0
14036,90.91,-200.77,0
14048,83.33,-200.90,0
14059,90.91,-200.58,0
14070,90.91,-199.28,0
14082,83.33,-199.82,0
14094,83.33,-199.40,0
14105,90.91,-201.24,0
14116,90.91,-200.48,0
14128,83.33,-200.87,0
14139,90.91,-200.71,0
14150,90.91,-198.92,0
14162,83.33,-200.35,0
14174,83.33,-199.58,0
14185,90.91,-199.69,0
14196,90.91,-199.06,0
14208,83.33,-200.08,0
14219,90.91,-200.18,0
14231,83.33,-200.92,0
14242,90.91,-200.81,0
14254,83.33,-202.00,0
14265,90.91,-202.11,0
14276,90.91,-200.49,0
14287,90.91,-198.96,0
14300,83.33,-198.03,0
14311,83.33,-198.91,0
14322,90.91,-199.78,0
14333,90.91,-199.88,0
14345,83.33,-199.12,0
14356,90.91,-199.10,0
14368,90.91,-199.56,0
14380,76.92,-201.54,0
14391,90.91,-201.87,0
14402,90.91,-200.55,0
14413,90.91,-200.67,0
14425,83.33,-198.94,0
14436,90.91,-199.45,0
14448,83.33,-200.47,0
14459,90.91,-199.66,0
14471,83.33,-199.09,0
14482,90.91,-198.67,0
14493,90.91,-199.23,0
14504,90.91,-199.28,0
14517,76.92,-199.74,0
14528,90.91,-201.30,0
14539,90.91,-201.15,0
14551,83.33,-200.62,0
14562,90.91,-199.97,0
14573,90.91,-199.59,0
14585,83.33,-199.73,0
14597,83.33,-199.33,0
14608,90.91,-199.09,0
14619,90.91,-199.29,0
14630,90.91,-198.81,0
14642,83.33,-199.42,0
14654,83.33,-200.35,0
14665,90.91,-201.29,0
14676,90.91,-201.41,0
14688,83.33,-200.80,0
14699,90.91,-200.13,0
14710,90.91,-200.09,0
14723,76.92,-199.89,0
14734,90.91,-199.49,0
14745,90.91,-199.37,0
14756,90.91,-198.70,0
14768,83.33,-198.29,0
14779,90.91,-198.69,0
14791,83.33,-199.59,0
14802,90.91,-199.97,0
14814,83.33,-201.16,0
14825,90.91,-201.73,0
14836,90.91,-200.77,0
14848,83.33,-200.63,0
14860,83.33,-200.83,0
14871,90.91,-200.42,0
14882,90.91,-199.51,0
14894,83.33,-199.07,0
14905,90.91,-198.80,0
14916,90.91,-198.86,0
14928,83.33,-199.54,0
14940,83.33,-199.90,0
14951,90.91,-200.47,0
14962,90.91,-200.20,0
14973,90.91,-199.91,0
14985,83.33,-199.90,0
14997,83.33,-200.37,0
15008,90.91,-200.33,0
15020,83.33,-199.51,0
15031,90.91,-199.04,0
15042,90.91,-198.98,0
15053,90.91,-199.19,0
15066,76.92,-199.28,0
15077,90.91,-199.76,0
15088,90.91,-200.46,0
15099,90.91,-200.80,0
15111,83.33,-200.92,0
15122,90.91,-201.00,0
15134,83.33,-200.38,0
15145,90.91,-200.29,0
15157,83.33,-199.91,0
15168,90.91,-199.13,0
15179,90.91,-199.18,0
15191,83.33,-199.30,0
15203,90.91,-200.03,0
15214,83.33,-200.09,0
15225,90.91,-200.22,0
15237,83.33,-200.19,0
15248,90.91,-200.14,0
15259,90.91,-200.65,0
15271,90.91,-200.63,0
15283,76.92,-200.12,0
15294,90.91,-199.90,0
15305,90.91,-199.71,0
15316,90.91,-199.42,0
15328,83.33,-199.13,0
15340,90.91,-199.34,0
15351,83.33,-199.94,0
15363,83.33,-200.95,0
15374,90.91,-200.66,0
15385,90.91,-200.39,0
15396,90.91,-199.98,0
15408,83.33,-200.61,0
15420,83.33,-200.60,0
15431,90.91,-200.14,0
15442,90.91,-199.68,0
15454,83.33,-199.27,0
15465,90.91,-199.39,0
15476,90.91,-199.55,0
15489,76.92,-200.08,0
15500,90.91,-200.01,0
15511,90.91,-199.99,0
15522,90.91,-200.41,0
15534,83.33,-200.66,0
15545,90.91,-200.72,0
15557,83.33,-200.44,0
15568,90.91,-200.13,0
15580,83.33,-199.57,0
15591,90.91,-199.38,0
15602,90.91,-199.56,0
15613,90.91,-199.12,0
15626,76.92,-199.62,0
15637,90.91,-199.83,0
15648,90.91,-199.31,0
15660,83.33,-199.58,0
15671,90.91,-200.17,0
15682,90.91,-200.17,0
15694,83.33,-200.92,0
15706,83.33,-200.64,0
15717,90.91,-200.26,0
15728,90.91,-199.90,0
15739,90.91,-199.60,0
15751,83.33,-199.09,0
15763,83.33,-199.20,0
15774,90.91,-199.30,0
15785,90.91,-199.07,0
15797,83.33,-199.11,0
15808,90.91,-199.55,0
15819,90.91,-199.73,0
15832,76.92,-200.07,0
15843,90.91,-200.44,0
15854,90.91,-200.07,0
15865,90.91,-200.37,0
15877,83.33,-200.30,0
15888,90.91,-200.16,0
15900,83.33,-199.77,0
15911,90.91,-199.27,0
15923,83.33,-199.15,0
15934,90.91,-198.96,0
15945,90.91,-199.26,0
15956,90.91,-199.83,0
15969,76.92,-200.03,0
15980,90.91,-200.23,0
15991,90.91,-199.98,0
16003,83.33,-200.40,0
16014,90.91,-200.28,0
16025,90.91,-200.33,0
16037,83.33,-199.62,0
16049,83.33,-199.14,0
16060,90.91,-199.43,0
16071,90.91,-199.32,0
16082,90.91,-199.63,0
16094,83.33,-199.88,0
16106,90.91,-200.24,0
16117,90.91,-200.71,0
16129,83.33,-200.60,0
16140,90.91,-200.54,0
16151,90.91,-200.48,0
16162,90.91,-200.30,0
16175,83.33,-199.92,0
16186,83.33,-199.94,0
16197,90.91,-199.16,0
16208,90.91,-198.67,0
16220,83.33,-198.85,0
16231,90.91,-199.65,0
16243,90.91,-200.34,0
16254,83.33,-200.42,0
16266,83.33,-201.24,0
16277,90.91,-200.90,0
16288,90.91,-200.48,0
16300,83.33,-200.21,0
16312,90.91,-199.05,0
16323,83.33,-198.99,0
16334,90.91,-198.91,0
16346,83.33,-199.38,0
16357,90.91,-199.86,0
16368,90.91,-199.95,0
16379,90.91,-200.18,0
16392,76.92,-200.85,0
16403,90.91,-200.35,0
16414,90.91,-200.54,0
16425,90.91,-201.09,0
16437,83.33,-200.58,0
16448,90.91,-200.04,0
16460,83.33,-199.42,0
16472,83.33,-199.09,0
16483,90.91,-199.30,0
16494,90.91,-200.03,0
16505,90.91,-200.12,0
16517,83.33,-200.00,0
16529,83.33,-200.79,0
16540,90.91,-200.65,0
16551,90.91,-200.49,0
16563,83.33,-199.72,0
16574,90.91,-199.50,0
16585,90.91,-199.45,0
16598,76.92,-199.20,0
16609,90.91,-199.77,0
16620,90.91,-199.88,0
16631,90.91,-199.45,0
16643,83.33,-199.43,0
16654,90.91,-199.76,0
16666,83.33,-200.71,0
16677,90.91,-200.79,0
16689,83.33,-200.56,0
16700,90.91,-200.42,0
16711,90.91,-200.12,0
16722,90.91,-200.23,0
16735,76.92,-199.39,0
16746,90.91,-199.54,0
16757,90.91,-199.85,0
16769,83.33,-199.56,0
16780,90.91,-200.03,0
16791,90.91,-200.33,0
16803,83.33,-200.22,0
16815,83.33,-199.95,0
16826,90.91,-200.39,0
16837,90.91,-200.60,0
16848,90.91,-199.93,0
16860,83.33,-198.84,0
16872,83.33,-199.45,0
16883,90.91,-200.11,0
16894,90.91,-200.57,0
16906,83.33,-199.51,0
16917,90.91,-199.32,0
16928,90.91,-199.72,0
16941,76.92,-200.30,0
16952,90.91,-199.95,0
16963,90.91,-199.42,0
16974,90.91,-200.31,0
16986,83.33,-200.22,0
16997,90.91,-200.39,0
17009,83.33,-199.65,0
17020,90.91,-199.92,0
17032,83.33,-200.01,0
17043,90.91,-200.61,0
17054,90.91,-200.22,0
17065,90.91,-199.38,0
17078,83.33,-198.85,0
17089,83.33,-199.36,0
17100,90.91,-199.49,0
17112,83.33,-199.63,0
17123,90.91,-199.96,0
17134,90.91,-200.01,0
17146,90.91,-200.47,0
17158,76.92,-201.36,0
17169,90.91,-200.82,0
17180,90.91,-199.85,0
17191,90.91,-199.50,0
17203,83.33,-199.99,0
17215,90.91,-199.96,0
17226,83.33,-199.34,0
17238,83.33,-199.01,0
17249,90.91,-199.44,0
17260,90.91,-200.11,0
17271,90.91,-200.37,0
17283,83.33,-200.73,0
17295,83.33,-200.58,0
17306,90.91,-200.42,0
17317,90.91,-200.77,0
17329,83.33,-199.92,0
17340,90.91,-199.62,0
17351,90.91,-199.19,0
17363,83.33,-199.11,0
17375,83.33,-199.72,0
17386,90.91,-199.48,0
17397,90.91,-200.02,0
17409,83.33,-200.32,0
17420,90.91,-201.04,0
17432,83.33,-201.33,0
17443,90.91,-200.68,0
17455,83.33,-200.35,0
17466,90.91,-200.48,0
17477,90.91,-199.95,0
17488,90.91,-199.61,0
17501,76.92,-198.96,0
17512,90.91,-198.83,0
17523,90.91,-199.65,0
17534,90.91,-199.60,0
17546,83.33,-200.26,0
17557,90.91,-200.29,0
17569,83.33,-200.31,0
17581,83.33,-200.30,0
17592,90.91,-200.77,0
17603,90.91,-200.72,0
17614,90.91,-199.63,0
17626,83.33,-199.46,0
17638,83.33,-199.47,0
17649,90.91,-199.51,0
17660,90.91,-199.52,0
17672,83.33,-198.81,0
17683,90.91,-199.30,0
17694,90.91,-199.91,0
17707,76.92,-200.70,0
17718,90.91,-200.40,0
17729,90.91,-200.75,0
17740,90.91,-200.80,0
17752,83.33,-200.41,0
17763,90.91,-199.65,0
17775,83.33,-199.58,0
17786,90.91,-199.11,0
17798,83.33,-199.11,0
17809,90.91,-199.63,0
17820,90.91,-199.96,0
17831,90.91,-199.91,0
17844,76.92,-200.00,0
17855,90.91,-200.53,0
17866,90.91,-201.08,0
17878,83.33,-200.01,0
17889,90.91,-199.56,0
17900,90.91,-198.94,0
17912,83.33,-198.82,0
17924,83.33,-199.31,0
17935,90.91,-199.10,0
17946,90.91,-199.15,0
17957,90.91,-199.76,0
17969,83.33,-199.90,0
17981,83.33,-200.40,0
17992,90.91,-201.07,0
18003,90.91,-200.35,0
18015,83.33,-199.71,0
18026,90.91,-199.56,0
18037,90.91,-199.83,0
18050,83.33,-199.90,0
18061,83.33,-199.47,0
18072,90.91,-198.97,0
18083,90.91,-198.76,0
18095,83.33,-199.86,0
18106,90.91,-200.55,0
18118,90.91,-200.82,0
18129,83.33,-200.45,0
18141,83.33,-200.02,0
18152,90.91,-200.36,0
18163,90.91,-200.46,0
18174,90.91,-200.60,0
18187,83.33,-199.84,0
18198,83.33,-200.12,0
18209,90.91,-199.78,0
18221,83.33,-199.25,0
18232,90.91,-199.50,0
18243,90.91,-199.55,0
18254,90.91,-199.96,0
18267,76.92,-199.80,0
18278,90.91,-199.36,0
18289,90.91,-199.94,0
18300,90.91,-200.17,0
18312,83.33,-200.62,0
18323,90.91,-201.01,0
18335,83.33,-200.52,0
18347,83.33,-200.57,0
18358,90.91,-199.36,0
18369,90.91,-198.83,0
18380,90.91,-199.90,0
18392,83.33,-200.36,0
18404,83.33,-199.87,0
18415,90.91,-199.83,0
18426,90.91,-200.24,0
18438,83.33,-200.33,0
18449,90.91,-200.24,0
18460,90.91,-200.55,0
18472,83.33,-199.98,0
18484,83.33,-199.86,0
18495,90.91,-200.34,0
18506,90.91,-199.66,0
18518,83.33,-200.12,0
18529,90.91,-200.19,0
18541,83.33,-199.67,0
18552,90.91,-199.50,0
18564,83.33,-199.68,0
18575,90.91,-199.42,0
18586,90.91,-200.16,0
18597,90.91,-201.36,0
18610,76.92,-201.28,0
18621,90.91,-200.56,0
18632,90.91,-199.72,0
18643,90.91,-199.83,0
18655,83.33,-199.72,0
18666,90.91,-199.60,0
18678,83.33,-198.89,0
18690,83.33,-198.90,0
18701,90.91,-199.07,0
18712,90.91,-199.78,0
18723,90.91,-200.28,0
18735,83.33,-201.21,0
18747,83.33,-201.06,0
18758,90.91,-200.23,0
18769,90.91,-200.78,0
18781,83.33,-200.43,0
18792,90.91,-200.30,0
18803,90.91,-199.42,0
18816,76.92,-199.13,0
18827,90.91,-199.34,0
18838,90.91,-199.61,0
18849,90.91,-199.70,0
18861,83.33,-200.84,0
18872,90.91,-200.92,0
18884,83.33,-201.10,0
18895,90.91,-200.53,0
18907,83.33,-200.12,0
18918,90.91,-200.03,0
18929,90.91,-199.64,0
18940,90.91,-198.94,0
18953,83.33,-197.96,0
18964,83.33,-198.16,0
18975,90.91,-199.40,0
18987,83.33,-199.58,0
18998,90.91,-199.60,0
19009,90.91,-200.00,0
19021,90.91,-200.32,0
19033,76.92,-200.91,0
19044,90.91,-200.53,0
19055,90.91,-199.95,0
19066,90.91,-199.52,0
19078,83.33,-200.18,0
19089,90.91,-200.04,0
19101,83.33,-198.95,0
19112,90.91,-198.92,0
19124,83.33,-199.59,0
19135,90.91,-199.51,0
19146,90.91,-200.64,0
19158,83.33,-201.11,0
19170,83.33,-200.83,0
19181,90.91,-201.14,0
19192,90.91,-201.26,0
19204,83.33,-201.04,0
19215,90.91,-199.87,0
19226,90.91,-199.63,0
19238,83.33,-199.27,0
19250,83.33,-198.98,0
19261,90.91,-199.34,0
19272,90.91,-199.64,0
19283,90.91,-200.05,0
19295,83.33,-200.08,0
19307,83.33,-200.75,0
19318,90.91,-200.95,0
19330,83.33,-200.68,0
19341,90.91,-199.92,0
19352,90.91,-199.69,0
19363,90.91,-199.72,0
19376,76.92,-199.21,0
19387,90.91,-199.85,0
19398,90.91,-199.33,0
19409,90.91,-199.42,0
19421,83.33,-200.22,0
19432,90.91,-200.24,0
19444,83.33,-199.80,0
19456,83.33,-199.77,0
19467,90.91,-200.17,0
19478,90.91,-199.78,0
19489,90.91,-199.65,0
19501,83.33,-199.49,0
19513,83.33,-199.88,0
19524,90.91,-199.71,0
19535,90.91,-199.40,0
19547,83.33,-199.22,0
19558,90.91,-199.56,0
19569,90.91,-199.43,0
19581,83.33,-199.56,0
19593,83.33,-199.41,0
19604,90.91,-199.40,0
19615,90.91,-199.63,0
19627,83.33,-200.08,0
19638,90.91,-200.04,0
19650,83.33,-199.73,0
19661,90.91,-199.02,0
19673,83.33,-199.33,0
19684,90.91,-199.90,0
19695,90.91,-200.34,0
19706,90.91,-199.61,0
19719,76.92,-199.35,0
19730,90.91,-199.69,0
19741,90.91,-199.91,0
19752,90.91,-200.02,0
19764,83.33,-200.01,0
19775,90.91,-199.41,0
19787,83.33,-199.73,0
19799,83.33,-200.42,0
19810,90.91,-199.58,0
19821,90.91,-199.39,0
19832,90.91,-199.69,0
19844,83.33,-199.48,0
19856,83.33,-199.80,0
19867,90.91,-199.83,0
19878,90.91,-199.77,0
19890,83.33,-199.45,0
19901,90.91,-199.50,0
19912,90.91,-200.43,0
19924,90.91,-201.04,0
19936,76.92,-200.95,0
19947,90.91,-200.14,0
19958,90.91,-200.29,0
19970,83.33,-200.26,0
19981,90.91,-199.45,0
19993,90.91,-199.10,0
20004,83.33,-199.28,0
20016,83.33,-199.52,0
20027,90.91,-200.02,0
20038,90.91,-200.15,0
20049,90.91,-200.28,0
20062,83.33,-200.70,0
20073,83.33,-200.49,0
20084,90.91,-200.67,0
20096,83.33,-200.71,0
20107,90.91,-200.57,0
20118,90.91,-200.21,0
20129,90.91,-199.49,0
20142,76.92,-199.60,0
20153,90.91,-198.95,0
20164,90.91,-199.10,0
20175,90.91,-199.55,0
20187,83.33,-199.72,0
20198,90.91,-200.51,0
20210,83.33,-200.81,0
20221,90.91,-200.54,0
20233,83.33,-200.89,0
20244,90.91,-200.31,0
20255,90.91,-200.33,0
20267,83.33,-199.67,0
20279,83.33,-199.64,0
20290,90.91,-199.85,0
20301,90.91,-199.70,0
20313,83.33,-199.53,0
20324,90.91,-200.27,0
20335,90.91,-201.22,0
20347,83.33,-201.72,0
20359,83.33,-200.55,0
20370,90.91,-200.26,0
20381,90.91,-199.94,0
20392,90.91,-200.11,0
20404,83.33,-199.91,0
20416,83.33,-199.71,0
20427,90.91,-199.24,0
20439,83.33,-199.68,0
20450,90.91,-200.02,0
20461,90.91,-200.38,0
20472,90.91,-200.75,0
20485,76.92,-200.87,0
20496,90.91,-200.65,0
20507,90.91,-200.49,0
20518,90.91,-200.34,0
20530,83.33,-199.75,0
20541,90.91,-199.19,0
20553,83.33,-199.30,0
20564,90.91,-199.68,0
20576,83.33,-199.46,0
20587,90.91,-199.57,0
20598,90.91,-199.77,0
20610,83.33,-199.78,0
20622,83.33,-200.07,0
20633,90.91,-200.00,0
20644,90.91,-199.99,0
20656,83.33,-199.96,0
20667,90.91,-199.58,0
20678,90.91,-199.52,0
20690,83.33,-199.37,0
20702,83.33,-199.47,0
20713,90.91,-200.02,0
20724,90.91,-200.20,0
20736,83.33,-200.25,0
20747,90.91,-200.43,0
20759,83.33,-200.23,0
20770,90.91,-200.29,0
20782,83.33,-199.72,0
20793,90.91,-199.61,0
20804,90.91,-199.59,0
20815,90.91,-199.76,0
20828,76.92,-199.34,0
20839,90.91,-199.45,0
20850,90.91,-200.03,0
20861,90.91,-200.03,0
20873,83.33,-200.52,0
20884,90.91,-200.05,0
20896,83.33,-200.25,0
20908,83.33,-200.77,0
20919,90.91,-199.94,0
20930,90.91,-199.62,0
20941,90.91,-199.58,0
20953,83.33,-199.55,0
20965,83.33,-199.82,0
20976,90.91,-200.46,0
20987,90.91,-200.24,0
20999,83.33,-199.95,0
21010,90.91,-199.74,0
21021,90.91,-199.99,0
21033,83.33,-199.74,0
21045,83.33,-200.20,0
21056,90.91,-200.65,0
21067,90.91,-200.11,0
21079,83.33,-200.00,0
21090,90.91,-200.28,0
21102,83.33,-199.10,0
21113,90.91,-199.39,0
21125,83.33,-199.56,0
21136,90.91,-200.58,0
21147,90.91,-200.25,0
21158,90.91,-200.65,0
21171,76.92,-200.50,0
21182,90.91,-199.81,0
21193,90.91,-199.72,0
21204,90.91,-200.02,0
21216,83.33,-199.84,0
21227,90.91,-200.00,0
21239,83.33,-199.84,0
21251,83.33,-199.70,0
21262,90.91,-199.57,0
21273,90.91,-199.75,0
21284,90.91,-200.45,0
21296,83.33,-200.64,0
21308,83.33,-200.44,0
21319,90.91,-200.03,0
21330,90.91,-199.04,0
21342,83.33,-199.52,0
21353,90.91,-200.30,0
21364,90.91,-200.10,0
21377,83.33,-199.93,0
21388,83.33,-200.17,0
21399,90.91,-199.92,0
21410,90.91,-200.13,0
21422,83.33,-200.74,0
21433,90.91,-200.14,0
21445,90.91,-199.95,0
21456,83.33,-200.13,0
21468,83.33,-200.00,0
21479,90.91,-199.52,0
21490,90.91,-199.71,0
21501,90.91,-199.68,0
21514,83.33,-199.67,0
21525,83.33,-199.82,0
21536,90.91,-200.15,0
21548,83.33,-200.24,0
21559,90.91,-200.42,0
21570,90.91,-200.47,0
21582,90.91,-200.30,0
21594,76.92,-199.29,0
21605,90.91,-199.79,0
21616,90.91,-200.24,0
21627,90.91,-199.92,0
21639,83.33,-200.39,0
21650,90.91,-200.70,0
21662,83.33,-200.22,0
21673,90.91,-200.33,0
21685,83.33,-200.68,0
21696,90.91,-200.83,0
21707,90.91,-200.33,0
21719,83.33,-199.91,0
21731,83.33,-199.59,0
21742,90.91,-200.17,0
21753,90.91,-199.93,0
21765,83.33,-200.00,0
21776,90.91,-200.26,0
21787,90.91,-200.34,0
21799,83.33,-200.40,0
21811,83.33,-200.20,0
21822,90.91,-200.14,0
21833,90.91,-199.87,0
21844,90.91,-199.22,0
21856,83.33,-199.60,0
21868,83.33,-199.49,0
21879,90.91,-199.63,0
21891,83.33,-199.84,0
21902,90.91,-199.58,0
21913,90.91,-199.98,0
21924,90.91,-199.82,0
21937,76.92,-200.45,0
21948,90.91,-200.85,0
21959,90.91,-200.22,0
21970,90.91,-199.90,0
21982,83.33,-200.22,0
21993,90.91,-200.41,0
22005,83.33,-200.02,0
22017,83.33,-199.70,0
22028,90.91,-199.75,0
22039,90.91,-199.48,0
22050,90.91,-200.19,0
22062,83.33,-200.26,0
22074,83.33,-199.87,0
22085,90.91,-200.40,0
22096,90.91,-200.06,0
22108,83.33,-199.17,0
22119,90.91,-198.97,0
22130,90.91,-199.35,0
22142,83.33,-199.55,0
22154,83.33,-200.14,0
22165,90.91,-200.27,0
22176,90.91,-200.36,0
22188,83.33,-200.26,0
22199,90.91,-199.84,0
22211,83.33,-200.08,0
22222,90.91,-200.22,0
22234,83.33,-199.85,0
22245,90.91,-199.25,0
22256,90.91,-199.42,0
22267,90.91,-199.62,0
22280,76.92,-199.64,0
22291,90.91,-199.71,0
22302,90.91,-199.95,0
22313,90.91,-200.36,0
22325,83.33,-200.40,0
22336,90.91,-200.43,0
22348,83.33,-199.92,0
22360,83.33,-199.64,0
22371,90.91,-199.70,0
22382,90.91,-199.73,0
22393,90.91,-199.80,0
22405,83.33,-199.86,0
22417,83.33,-199.73,0
22428,90.91,-200.24,0
22439,90.91,-200.05,0
22451,83.33,-200.12,0
22462,90.91,-200.16,0
22473,90.91,-200.03,0
22486,76.92,-200.63,0
22497,90.91,-200.01,0
22508,90.91,-199.39,0
22519,90.91,-199.40,0
22531,83.33,-199.73,0
22542,90.91,-200.43,0
22554,83.33,-200.07,0
22565,90.91,-199.84,0
22577,83.33,-200.22,0
22588,90.91,-199.77,0
22599,90.91,-199.85,0
22610,90.91,-200.34,0
22623,76.92,-200.83,0
22634,90.91,-200.53,0
22645,90.91,-200.32,0
22657,83.33,-200.07,0
22668,90.91,-199.02,0
22679,90.91,-199.28,0
22691,83.33,-199.25,0
22703,83.33,-199.52,0
22714,90.91,-200.14,0
22725,90.91,-200.18,0
22736,90.91,-200.51,0
22748,83.33,-200.17,0
22760,83.33,-199.91,0
22771,90.91,-199.59,0
22782,90.91,-199.35,0
22794,83.33,-199.56,0
22805,90.91,-199.99,0
22816,90.91,-199.84,0
22829,76.92,-199.70,0
22840,90.91,-200.11,0
22851,90.91,-200.56,0
22862,90.91,-200.61,0
22874,83.33,-200.49,0
22885,90.91,-200.33,0
22897,90.91,-200.27,0
22908,83.33,-200.09,0
22920,83.33,-200.05,0
22931,90.91,-200.44,0
22942,90.91,-200.96,0
22953,90.91,-200.26,0
22966,83.33,-199.71,0
22977,83.33,-199.28,0
22988,90.91,-199.53,0
23000,83.33,-200.45,0
23011,90.91,-200.27,0
23022,90.91,-200.57,0
23034,90.91,-201.01,0
23046,76.92,-199.94,0
23057,90.91,-199.14,0
23068,90.91,-200.08,0
23079,90.91,-200.22,0
23091,83.33,-200.08,0
23103,90.91,-199.53,0
23114,83.33,-200.06,0
23126,83.33,-200.11,0
23137,90.91,-200.92,0
23148,90.91,-200.67,0
23159,90.91,-200.22,0
23171,83.33,-199.59,0
23183,83.33,-199.17,0
23194,90.91,-199.92,0
23205,90.91,-200.53,0
23217,83.33,-200.43,0
23228,90.91,-200.28,0
23239,90.91,-200.31,0
23251,83.33,-200.14,0
23263,83.33,-199.86,0
23274,90.91,-200.11,0
23285,90.91,-200.58,0
23297,83.33,-200.46,0
23308,90.91,-199.78,0
23320,83.33,-199.61,0
23331,90.91,-199.93,0
23343,83.33,-199.68,0
23354,90.91,-199.67,0
23365,90.91,-199.80,0
23376,90.91,-200.01,0
23389,76.92,-200.76,0
23400,90.91,-200.44,0
23411,90.91,-200.37,0
23422,90.91,-199.82,0
23434,83.33,-200.05,0
23445,90.91,-199.82,0
23457,83.33,-199.44,0
23469,83.33,-199.64,0
23480,90.91,-199.67,0
23491,90.91,-199.60,0
23502,90.91,-199.51,0
23514,83.33,-199.88,0
23526,83.33,-200.56,0
23537,90.91,-200.80,0
23548,90.91,-199.95,0
23560,83.33,-199.27,0
23571,90.91,-199.94,0
23582,90.91,-199.92,0
23595,76.92,-199.87,0
23606,90.91,-199.66,0
23617,90.91,-199.56,0
23628,90.91,-200.28,0
23640,83.33,-200.96,0
23651,90.91,-200.44,0
23663,83.33,-200.23,0
23674,90.91,-200.00,0
23686,83.33,-199.20,0
23697,90.91,-199.17,0
23708,90.91,-199.49,0
23719,90.91,-199.85,0
23732,76.92,-200.55,0
23743,90.91,-200.48,0
23754,90.91,-200.03,0
23766,83.33,-200.35,0
23777,90.91,-200.11,0
23788,90.91,-199.74,0
23800,83.33,-199.97,0
23812,83.33,-199.60,0
23823,90.91,-199.47,0
23834,90.91,-199.60,0
23845,90.91,-199.62,0
23857,83.33,-200.17,0
23869,83.33,-200.58,0
23880,90.91,-200.03,0
23891,90.91,-200.29,0
23903,83.33,-200.43,0
23914,90.91,-200.99,0
23925,90.91,-200.43,0
23938,76.92,-199.68,0
23949,90.91,-199.49,0
23960,90.91,-199.31,0
23971,90.91,-200.14,0
23983,83.33,-200.43,0
23994,90.91,-200.15,0
24006,83.33,-200.31,0
24017,90.91,-199.85,0
24029,83.33,-200.03,0
24040,90.91,-200.17,0
24051,90.91,-200.24,0
24062,90.91,-200.18,0
24075,76.92,-200.22,0
24086,90.91,-199.59,0
24097,90.91,-199.17,0
24109,83.33,-199.29,0
24120,90.91,-199.74,0
24131,90.91,-200.08,0
24143,83.33,-200.25,0
24155,83.33,-200.36,0
24166,90.91,-200.00,0
24177,90.91,-200.25,0
24188,90.91,-200.62,0
24200,83.33,-200.94,0
24212,83.33,-199.55,0
24223,90.91,-199.03,0
24235,83.33,-199.72,0
24246,90.91,-199.61,0
24257,90.91,-199.93,0
24268,90.91,-199.89,0
24281,76.92,-199.95,0
24292,90.91,-200.44,0
24303,90.91,-200.62,0
24314,90.91,-201.20,0
24326,83.33,-201.25,0
24337,90.91,-200.84,0
24349,83.33,-200.40,0
24360,90.91,-199.93,0
24372,83.33,-199.63,0
24383,90.91,-199.58,0
24394,90.91,-199.95,0
24406,83.33,-200.63,0
24418,90.91,-200.28,0
24429,83.33,-199.93,0
24440,90.91,-200.08,0
24452,83.33,-200.88,0
24463,90.91,-200.87,0
24474,90.91,-200.41,0
24486,90.91,-199.91,0
24498,76.92,-199.64,0
24509,90.91,-199.77,0
24520,90.91,-199.97,0
24531,90.91,-200.01,0
24543,83.33,-199.63,0
24555,90.91,-200.02,0
24566,83.33,-200.04,0
24578,83.33,-200.22,0
24589,90.91,-200.24,0
24600,90.91,-199.80,0
24611,90.91,-200.49,0
24624,83.33,-199.41,0
24635,83.33,-199.15,0
24646,90.91,-199.35,0
24657,90.91,-199.44,0
24669,83.33,-199.78,0
24680,90.91,-200.40,0
24691,90.91,-199.92,0
24704,76.92,-199.74,0
24715,90.91,-199.86,0
24726,90.91,-200.38,0
24737,90.91,-200.29,0
24749,83.33,-200.03,0
24760,90.91,-199.85,0
24772,83.33,-199.83,0
24783,90.91,-199.97,0
24795,83.33,-200.07,0
24806,90.91,-200.42,0
24817,90.91,-199.84,0
24828,90.91,-199.41,0
24841,76.92,-199.76,0
24852,90.91,-199.65,0
24863,90.91,-199.59,0
24875,83.33,-199.40,0
24886,90.91,-199.69,0
24897,90.91,-199.70,0
24909,83.33,-199.98,0
24921,83.33,-199.96,0
24932,90.91,-200.23,0
24943,90.91,-200.18,0
24954,90.91,-200.26,0
24966,83.33,-200.04,0
24978,83.33,-199.80,0
24989,90.91,-199.59,0
25000,90.91,-199.96,0
25012,83.33,-199.89,0
25023,90.91,-199.67,0
25034,90.91,-199.82,0
25047,76.92,-200.07,0
25058,90.91,-200.30,0
25069,90.91,-200.53,0
25080,90.91,-200.36,0
25092,83.33,-200.26,0
25103,90.91,-200.12,0
25115,83.33,-199.66,0
25126,90.91,-199.38,0
25138,83.33,-199.39,0
25149,90.91,-198.83,0
25160,90.91,-199.38,0
25171,90.91,-199.99,0
25184,76.92,-199.79,0
25195,90.91,-200.37,0
25206,90.91,-200.74,0
25218,83.33,-201.07,0
25229,90.91,-201.08,0
25240,90.91,-200.60,0
25252,83.33,-199.96,0
25264,83.33,-199.66,0
25275,90.91,-199.48,0
25286,90.91,-199.70,0
25297,90.91,-199.35,0
25309,83.33,-199.24,0
25321,83.33,-199.80,0
25332,90.91,-200.12,0
25344,83.33,-200.65,0
25355,90.91,-200.60,0
25366,90.91,-200.58,0
25377,90.91,-200.90,0
25390,76.92,-200.37,0
25401,90.91,-199.93,0
25412,90.91,-198.89,0
25423,90.91,-199.11,0
25435,83.33,-199.85,0
25446,90.91,-199.80,0
25458,83.33,-200.10,0
25469,90.91,-200.69,0
25481,83.33,-201.44,0
25492,90.91,-201.49,0
25503,90.91,-200.79,0
25515,83.33,-200.18,0
25527,83.33,-200.02,0
25538,90.91,-199.27,0
25549,90.91,-198.82,0
25561,83.33,-199.07,0
25572,90.91,-199.07,0
25583,90.91,-199.23,0
25595,83.33,-200.30,0
25607,83.33,-200.28,0
25618,90.91,-200.79,0
25629,90.91,-200.79,0
25640,90.91,-201.09,0
25652,83.33,-200.50,0
25664,83.33,-199.83,0
25675,90.91,-199.82,0
25687,83.33,-199.72,0
25698,90.91,-199.32,0
25709,90.91,-199.10,0
25720,90.91,-199.50,0
25733,76.92,-199.92,0
25744,90.91,-200.92,0
25755,90.91,-200.91,0
25766,90.91,-200.75,0
25778,83.33,-200.69,0
25789,90.91,-200.23,0
25801,83.33,-199.54,0
25812,90.91,-199.80,0
25824,83.33,-199.57,0
25835,90.91,-199.38,0
25846,90.91,-199.22,0
25858,83.33,-199.23,0
25870,90.91,-199.84,0
25881,83.33,-200.49,0
25892,90.91,-200.61,0
25904,83.33,-200.39,0
25915,90.91,-199.99,0
25926,90.91,-200.30,0
25938,90.91,-200.37,0
25950,76.92,-199.97,0
25961,90.91,-199.67,0
25972,90.91,-199.93,0
25984,83.33,-199.82,0
25995,90.91,-200.16,0
26007,90.91,-199.61,0
26018,83.33,-199.93,0
26030,83.33,-200.33,0
26041,90.91,-200.62,0
26052,90.91,-200.74,0
26063,90.91,-200.07,0
26076,83.33,-200.17,0
26087,83.33,-200.66,0
26098,90.91,-199.82,0
26109,90.91,-199.24,0
26121,83.33,-199.31,0
26132,90.91,-199.78,0
26144,90.91,-199.77,0
26156,76.92,-199.64,0
26167,90.91,-199.30,0
26178,90.91,-200.27,0
26189,90.91,-200.58,0
26201,83.33,-199.91,0
26213,90.91,-199.83,0
26224,83.33,-199.76,0
26235,90.91,-200.08,0
26247,83.33,-200.58,0
26258,90.91,-200.17,0
26269,90.91,-199.82,0
26280,90.91,-199.98,0
26293,76.92,-199.93,0
26304,90.91,-200.19,0
26315,90.91,-200.68,0
26327,83.33,-200.21,0
26338,90.91,-199.60,0
26349,90.91,-199.82,0
26361,83.33,-200.21,0
26373,83.33,-200.40,0
26384,90.91,-199.99,0
26395,90.91,-199.85,0
26406,90.91,-199.86,0
26418,83.33,-199.99,0
26430,83.33,-200.08,0
26441,90.91,-200.12,0
26452,90.91,-199.67,0
26464,83.33,-199.46,0
26475,90.91,-199.73,0
26486,90.91,-199.82,0
26499,76.92,-199.91,0
26510,90.91,-200.61,0
26521,90.91,-201.07,0
26532,90.91,-200.24,0
26544,83.33,-199.60,0
26555,90.91,-199.68,0
26567,83.33,-199.58,0
26578,90.91,-199.17,0
26590,83.33,-198.94,0
26601,90.91,-198.92,0
26612,90.91,-198.61,0
26624,83.33,-199.92,0
26636,83.33,-200.14,0
26647,90.91,-199.67,0
26658,90.91,-200.08,0
26670,83.33,-199.91,0
26681,90.91,-200.21,0
26692,90.91,-200.97,0
26704,83.33,-199.87,0
26716,83.33,-199.54,0
26727,90.91,-199.71,0
26738,90.91,-199.63,0
26749,90.91,-199.59,0
26761,83.33,-199.76,0
26773,83.33,-200.50,0
26784,90.91,-201.16,0
26796,83.33,-200.76,0
26807,90.91,-200.45,0
26818,90.91,-200.45,0
26829,90.91,-199.73,0
26842,76.92,-200.03,0
26853,90.91,-199.27,0
26864,90.91,-198.98,0
26875,90.91,-199.36,0
26887,83.33,-199.67,0
26898,90.91,-199.90,0
26910,83.33,-200.10,0
26921,90.91,-200.32,0
26933,83.33,-200.00,0
26944,90.91,-200.23,0
26955,90.91,-200.42,0
26967,83.33,-200.14,0
26979,83.33,-200.42,0
26990,90.91,-199.62,0
27001,90.91,-199.53,0
27013,83.33,-199.50,0
27024,90.91,-198.95,0
27035,90.91,-199.28,0
27047,83.33,-199.82,0
27059,83.33,-199.99,0
27070,90.91,-200.16,0
27081,90.91,-200.26,0
27092,90.91,-199.71,0
27104,83.33,-199.87,0
27116,83.33,-200.29,0
27127,90.91,-199.85,0
27139,83.33,-199.12,0
27150,90.91,-199.44,0
27161,90.91,-199.90,0
27172,90.91,-199.68,0
27185,76.92,-199.70,0
27196,90.91,-200.56,0
27207,90.91,-200.17,0
27218,90.91,-200.71,0
27230,83.33,-201.00,0
27241,90.91,-200.44,0
27253,83.33,-200.14,0
27265,83.33,-199.59,0
27276,90.91,-199.92,0
27287,90.91,-200.04,0
27298,90.91,-199.75,0
27310,83.33,-199.78,0
27322,83.33,-198.77,0
27333,90.91,-199.50,0
27344,90.91,-200.01,0
27356,83.33,-200.62,0
27367,90.91,-200.30,0
27378,90.91,-199.96,0
27390,83.33,-199.81,0
27402,83.33,-199.86,0
27413,90.91,-199.65,0
27424,90.91,-200.04,0
27436,83.33,-199.79,0
27447,90.91,-200.15,0
27459,90.91,-199.90,0
27470,83.33,-200.29,0
27482,83.33,-200.78,0
27493,90.91,-200.50,0
27504,90.91,-200.41,0
27515,90.91,-199.78,0
27528,83.33,-199.67,0
27539,83.33,-199.80,0
27550,90.91,-200.03,0
27561,90.91,-200.37,0
27573,83.33,-200.14,0
27584,90.91,-199.09,0
27596,90.91,-199.34,0
27608,76.92,-200.30,0
27619,90.91,-200.89,0
27630,90.91,-200.54,0
27641,90.91,-199.95,0
27653,83.33,-199.28,0
27665,90.91,-199.58,0
27676,83.33,-199.89,0
27687,90.91,-200.04,0
27699,83.33,-200.03,0
27710,90.91,-200.42,0
27721,90.91,-200.92,0
27732,90.91,-200.32,0
27745,76.92,-200.03,0
27756,90.91,-199.78,0
27767,90.91,-199.34,0
27779,83.33,-199.40,0
27790,90.91,-199.78,0
27801,90.91,-199.58,0
27813,83.33,-199.42,0
27825,83.33,-199.65,0
27836,90.91,-200.07,0
27847,90.91,-200.61,0
27858,90.91,-200.28,0
27870,83.33,-199.74,0
27882,83.33,-200.26,0
27893,90.91,-200.34,0
27905,83.33,-200.01,0
27916,90.91,-199.13,0
27927,90.91,-199.97,0
27938,90.91,-199.87,0
27951,76.92,-199.76,0
27962,90.91,-200.09,0
27973,90.91,-200.00,0
27984,90.91,-200.02,0
27996,83.33,-199.95,0
28007,90.91,-200.00,0
28019,83.33,-200.32,0
28030,90.91,-199.71,0
28042,83.33,-200.02,0
28053,90.91,-200.18,0
28064,90.91,-199.71,0
28076,83.33,-199.55,0
28088,83.33,-199.66,0
28099,90.91,-200.67,0
28110,90.91,-200.33,0
28122,83.33,-200.43,0
28133,90.91,-200.73,0
28144,90.91,-200.06,0
28156,83.33,-199.90,0
28168,83.33,-199.53,0
28179,90.91,-199.72,0
28190,90.91,-199.72,0
28201,90.91,-199.62,0
28213,83.33,-200.09,0
28225,83.33,-199.74,0
28236,90.91,-199.95,0
28248,83.33,-200.44,0
28259,90.91,-200.37,0
28270,90.91,-200.88,0
28281,90.91,-200.65,0
28294,76.92,-200.01,0
28305,90.91,-200.39,0
28316,90.91,-199.95,0
28327,90.91,-199.68,0
28339,83.33,-199.84,0
28350,90.91,-200.72,0
28362,83.33,-200.70,0
28374,83.33,-199.75,0
28385,90.91,-199.78,0
28396,90.91,-199.87,0
28407,90.91,-200.34,0
28419,83.33,-200.17,0
28431,83.33,-199.85,0
28442,90.91,-200.07,0
28453,90.91,-199.99,0
28465,83.33,-199.68,0
28476,90.91,-199.58,0
28487,90.91,-199.17,0
28499,83.33,-199.69,0
28511,83.33,-199.95,0
28522,90.91,-200.65,0
28533,90.91,-200.83,0
28545,83.33,-200.44,0
28556,90.91,-199.99,0
28568,90.91,-199.16,0
28579,83.33,-199.23,0
28591,83.33,-199.35,0
28602,90.91,-199.00,0
28613,90.91,-199.43,0
28624,90.91,-200.26,0
28637,83.33,-200.20,0
28648,83.33,-200.62,0
28659,90.91,-200.37,0
28670,90.91,-200.37,0
28682,83.33,-200.07,0
28693,90.91,-199.64,0
28705,90.91,-199.45,0
28717,76.92,-199.69,0
28728,90.91,-200.27,0
28739,90.91,-200.24,0
28750,90.91,-199.76,0
28762,83.33,-199.81,0
28774,90.91,-200.15,0
28785,83.33,-200.88,0
28796,90.91,-200.82,0
28808,83.33,-200.65,0
28819,90.91,-200.18,0
28830,90.91,-199.36,0
28841,90.91,-199.49,0
28854,76.92,-199.53,0
28865,90.91,-199.53,0
28876,90.91,-199.14,0
28888,83.33,-199.44,0
28899,90.91,-199.65,0
28910,90.91,-199.71,0
28922,83.33,-200.10,0
28934,83.33,-200.55,0
28945,90.91,-200.61,0
28956,90.91,-200.40,0
28967,90.91,-200.42,0
28979,83.33,-200.70,0
28991,83.33,-200.21,0
29002,90.91,-199.53,0
29014,83.33,-199.80,0
29025,90.91,-199.92,0
29036,90.91,-200.53,0
29047,90.91,-199.95,0
29060,76.92,-200.12,0
29071,90.91,-200.10,0
29082,90.91,-200.30,0
29093,90.91,-199.50,0
29105,83.33,-199.75,0
29116,90.91,-200.15,0
29128,83.33,-200.18,0
29139,90.91,-200.17,0
29151,83.33,-200.11,0
29162,90.91,-200.00,0
29173,90.91,-199.59,0
29185,83.33,-199.98,0
29197,83.33,-199.92,0
29208,90.91,-199.79,0
29219,90.91,-199.54,0
29231,83.33,-199.48,0
29242,90.91,-200.21,0
29253,90.91,-199.72,0
29265,83.33,-199.48,0
29277,83.33,-199.24,0
29288,90.91,-199.46,0
29299,90.91,-199.81,0
29310,90.91,-200.46,0
29322,83.33,-199.99,0
29334,83.33,-199.97,0
29345,90.91,-200.24,0
29357,83.33,-200.38,0
29368,90.91,-200.49,0
29379,90.91,-200.30,0
29390,90.91,-200.53,0
29403,76.92,-200.88,0
29414,90.91,-200.49,0
29425,90.91,-200.18,0
29436,90.91,-200.10,0
29448,83.33,-200.13,0
29459,90.91,-200.26,0
29471,83.33,-200.57,0
29483,83.33,-200.21,0
29494,90.91,-199.54,0
29505,90.91,-199.73,0
29516,90.91,-200.20,0
29528,83.33,-199.71,0
29540,83.33,-199.67,0
29551,90.91,-200.40,0
29562,90.91,-200.40,0
29574,83.33,-200.02,0
29585,90.91,-200.13,0
29596,90.91,-199.49,0
29608,90.91,-199.64,0
29620,76.92,-199.74,0
29631,90.91,-200.01,0
29642,90.91,-199.67,0
29654,83.33,-199.65,0
29665,90.91,-199.72,0
29677,90.91,-199.88,0
29688,83.33,-199.83,0
29700,83.33,-199.66,0
29711,90.91,-199.75,0
29722,90.91,-200.18,0
29733,90.91,-200.58,0
29746,83.33,-200.69,0
29757,83.33,-199.51,0
29768,90.91,-199.43,0
29779,90.91,-199.83,0
29791,83.33,-199.86,0
29802,90.91,-200.34,0
29814,90.91,-199.92,0
29826,76.92,-199.84,0
29837,90.91,-200.20,0
29848,90.91,-199.84,0
29859,90.91,-199.93,0
29871,83.33,-199.56,0
29883,90.91,-199.55,0
29894,83.33,-200.25,0
29905,90.91,-200.66,0
29917,83.33,-199.93,0
29928,90.91,-199.44,0
29939,90.91,-200.08,0
29952,90.91,-200.23,0
29963,76.92,-200.28,0
29974,90.91,-199.92,0
29985,90.91,-200.04,0
29997,83.33,-200.10,0
30008,90.91,-200.11,0
30019,90.91,-199.23,0
30031,83.33,-199.22,0
30043,83.33,-199.31,0
30054,90.91,-199.73,0
30065,90.91,-200.48,0
30076,90.91,-200.38,0
30088,83.33,-200.45,0
30100,83.33,-199.86,0
30111,90.91,-200.20,0
30123,83.33,-200.04,0
30134,90.91,-199.45,0
30145,90.91,-199.03,0
30156,90.91,-199.03,0
30169,76.92,-199.14,0
30180,90.91,-199.56,0
30191,90.91,-199.58,0
30202,90.91,-200.27,0
30214,83.33,-200.35,0
30225,90.91,-200.12,0
30237,83.33,-200.42,0
30248,90.91,-200.69,0
30260,83.33,-200.70,0
30271,90.91,-200.63,0
30282,90.91,-200.10,0
30294,83.33,-199.66,0
30306,83.33,-199.51,0
30317,90.91,-199.71,0
30328,90.91,-199.86,0
30340,83.33,-200.33,0
30351,90.91,-200.42,0
30362,90.91,-200.59,0
30374,83.33,-200.12,0
30386,83.33,-200.20,0
30397,90.91,-200.17,0
30408,90.91,-199.60,0
30419,90.91,-199.73,0
30431,83.33,-199.59,0
30443,83.33,-199.55,0
30454,90.91,-199.97,0
30466,83.33,-199.75,0
30477,90.91,-199.95,0
30488,90.91,-200.32,0
30499,90.91,-200.49,0
30512,76.92,-200.40,0
30523,90.91,-200.29,0
30534,90.91,-199.32,0
30545,90.91,-199.25,0
30557,83.33,-199.42,0
30568,90.91,-199.31,0
30580,83.33,-199.90,0
30592,83.33,-200.21,0
30603,90.91,-199.94,0
30614,90.91,-200.10,0
30625,90.91,-200.17,0
30637,83.33,-199.87,0
30649,83.33,-200.01,0
30660,90.91,-200.45,0
30671,90.91,-199.93,0
30683,83.33,-199.58,0
30694,90.91,-199.24,0
30705,90.91,-199.41,0
30717,83.33,-200.12,0
30729,83.33,-200.63,0
30740,90.91,-200.09,0
30751,90.91,-199.38,0
30763,83.33,-199.29,0
30774,90.91,-200.08,0
30786,83.33,-200.22,0
30797,90.91,-199.66,0
30809,83.33,-199.66,0
30820,90.91,-199.73,0
30831,90.91,-200.22,0
30842,90.91,-199.70,0
30855,76.92,-199.40,0
30866,90.91,-199.72,0
30877,90.91,-200.51,0
30888,90.91,-200.09,0
30900,83.33,-199.91,0
30911,90.91,-200.16,0
30923,83.33,-199.75,0
30935,83.33,-199.93,0
30946,90.91,-200.13,0
30957,90.91,-199.76,0
30968,90.91,-200.07,0
30980,83.33,-199.82,0
30992,83.33,-200.15,0
31003,90.91,-200.78,0
31014,90.91,-200.29,0
31026,83.33,-200.01,0
31037,90.91,-199.82,0
31048,90.91,-199.55,0
31060,83.33,-199.64,0
31072,83.33,-199.51,0
31083,90.91,-199.96,0
31094,90.91,-199.92,0
31106,83.33,-200.59,0
31117,90.91,-199.94,0
31129,83.33,-199.67,0
31140,90.91,-200.51,0
31152,83.33,-200.75,0
31163,90.91,-200.47,0
31174,90.91,-200.61,0
31185,90.91,-199.61,0
31198,76.92,-199.26,0
31209,90.91,-199.70,0
31220,90.91,-199.85,0
31232,83.33,-199.68,0
31243,90.91,-199.61,0
31254,90.91,-199.86,0
31266,83.33,-199.73,0
31278,83.33,-199.94,0
31289,90.91,-199.56,0
31300,90.91,-199.64,0
31311,90.91,-200.26,0
31323,83.33,-200.27,0
31335,90.91,-199.63,0
31346,83.33,-199.80,0
31357,90.91,-199.82,0
31369,83.33,-200.01,0
31380,90.91,-199.90,0
31391,90.91,-199.95,0
31404,83.33,-199.53,0
31415,83.33,-200.03,0
31426,90.91,-200.24,0
31437,90.91,-200.23,0
31449,83.33,-200.03,0
31460,90.91,-199.55,0
31472,90.91,-199.47,0
31483,83.33,-200.15,0
31495,83.33,-200.03,0
31506,90.91,-199.93,0
31517,90.91,-199.69,0
31528,90.91,-200.06,0
31541,83.33,-200.35,0
31552,83.33,-200.18,0
31563,90.91,-200.31,0
31575,83.33,-199.81,0
31586,90.91,-199.69,0
31597,90.91,-199.69,0
31608,90.91,-199.72,0
31621,76.92,-199.77,0
31632,90.91,-199.76,0
31643,90.91,-200.29,0
31654,90.91,-200.10,0
31666,83.33,-199.76,0
31677,90.91,-200.08,0
31689,83.33,-199.75,0
31700,90.91,-199.87,0
31712,83.33,-200.08,0
31723,90.91,-199.27,0
31734,90.91,-198.97,0
31746,83.33,-198.94,0
31758,83.33,-199.40,0
31769,90.91,-199.30,0
31780,90.91,-199.81,0
31792,83.33,-200.16,0
31803,90.91,-200.19,0
31814,90.91,-199.88,0
31826,83.33,-200.15,0
31838,83.33,-200.45,0
31849,90.91,-200.34,0
31860,90.91,-200.01,0
31872,83.33,-199.41,0
31883,90.91,-199.24,0
31895,83.33,-199.62,0
31906,90.91,-199.84,0
31918,83.33,-199.97,0
31929,90.91,-199.88,0
31940,90.91,-199.98,0
31951,90.91,-200.07,0
31964,76.92,-200.52,0
31975,90.91,-200.39,0
31986,90.91,-200.06,0
31997,90.91,-200.01,0
32009,83.33,-200.03,0
32020,90.91,-199.82,0
32032,83.33,-199.98,0
32044,83.33,-199.92,0
32055,90.91,-199.91,0
32066,90.91,-200.10,0
32077,90.91,-200.35,0
32089,83.33,-200.43,0
32101,83.33,-199.95,0
32112,90.91,-199.78,0
32123,90.91,-200.10,0
32135,83.33,-200.58,0
32146,90.91,-199.46,0
32157,90.91,-199.45,0
32169,83.33,-199.38,0
32181,83.33,-199.53,0
32192,90.91,-199.71,0
32203,90.91,-199.86,0
32215,83.33,-199.89,0
32226,90.91,-200.35,0
32238,83.33,-200.71,0
32249,90.91,-200.91,0
32261,83.33,-200.71,0
32272,90.91,-199.93,0
32283,90.91,-199.87,0
32294,90.91,-199.80,0
32307,76.92,-199.66,0
32318,90.91,-200.16,0
32329,90.91,-200.36,0
32340,90.91,-200.16,0
32352,83.33,-199.70,0
32363,90.91,-199.44,0
32375,83.33,-199.58,0
32387,83.33,-200.16,0
32398,90.91,-200.18,0
32409,90.91,-199.85,0
32420,90.91,-200.31,0
32432,83.33,-200.30,0
32444,83.33,-200.03,0
32455,90.91,-199.84,0
32466,90.91,-199.48,0
32478,83.33,-199.13,0
32489,90.91,-199.28,0
32500,90.91,-199.21,0
32513,76.92,-199.93,0
32524,90.91,-199.66,0
32535,90.91,-199.93,0
32546,90.91,-199.52,0
32558,83.33,-199.82,0
32569,90.91,-200.13,0
32581,83.33,-200.11,0
32592,90.91,-200.07,0
32604,83.33,-200.13,0
32615,90.91,-200.26,0
32626,90.91,-200.33,0
32637,90.91,-200.06,0
32650,76.92,-199.60,0
32661,90.91,-199.56,0
32672,90.91,-199.78,0
32684,83.33,-199.68,0
32695,90.91,-200.15,0
32706,90.91,-200.39,0
32718,83.33,-200.40,0
32730,83.33,-200.61,0
32741,90.91,-200.58,0
32752,90.91,-200.22,0
32763,90.91,-199.99,0
32775,83.33,-199.54,0
32787,83.33,-199.38,0
32798,90.91,-199.52,0
32809,90.91,-199.39,0
32821,83.33,-199.90,0
32832,90.91,-199.67,0
32843,90.91,-200.28,0
32856,76.92,-200.81,0
32867,90.91,-200.39,0
32878,90.91,-200.26,0
32889,90.91,-200.07,0
32901,83.33,-200.03,0
32912,90.91,-200.30,0
32924,90.91,-199.75,0
32935,83.33,-199.64,0
32947,83.33,-199.24,0
32958,90.91,-198.76,0
32969,90.91,-199.54,0
32980,90.91,-200.82,0
32993,83.33,-200.81,0
33004,83.33,-200.94,0
33015,90.91,-200.54,0
33027,83.33,-200.36,0
33038,90.91,-199.88,0
33049,90.91,-199.70,0
33061,90.91,-200.09,0
33073,76.92,-199.42,0
33084,90.91,-199.14,0
33095,90.91,-199.88,0
33106,90.91,-200.57,0
33118,83.33,-200.39,0
33130,90.91,-199.95,0
33141,83.33,-200.17,0
33153,83.33,-200.22,0
33164,90.91,-200.66,0
33175,90.91,-200.26,0
33186,90.91,-199.74,0
33199,83.33,-199.53,0
33210,83.33,-199.03,0
33221,90.91,-199.79,0
33232,90.91,-200.14,0
33244,83.33,-200.75,0
33255,90.91,-200.57,0
33266,90.91,-200.56,0
33278,83.33,-200.71,0
33290,83.33,-200.62,0
33301,90.91,-200.15,0
33312,90.91,-199.80,0
33324,83.33,-200.02,0
33335,90.91,-200.09,0
33347,83.33,-199.96,0
33358,90.91,-199.53,0
33370,83.33,-199.79,0
33381,90.91,-199.44,0
33392,90.91,-199.65,0
33403,90.91,-199.82,0
33416,76.92,-199.73,0
33427,90.91,-199.85,0
33438,90.91,-199.92,0
33449,90.91,-199.67,0
33461,83.33,-199.25,0
33472,90.91,-200.09,0
33484,83.33,-200.72,0
33496,83.33,-200.65,0
33507,90.91,-199.68,0
33518,90.91,-199.68,0
33529,90.91,-200.63,0
33541,83.33,-200.58,0
33553,83.33,-200.05,0
33564,90.91,-199.81,0
33575,90.91,-199.61,0
33587,83.33,-199.57,0
33598,90.91,-200.13,0
33609,90.91,-200.02,0
33622,76.92,-199.90,0
33633,90.91,-200.29,0
33644,90.91,-200.06,0
33655,90.91,-200.62,0
33667,83.33,-200.51,0
33678,90.91,-200.10,0
33690,83.33,-200.29,0
33701,90.91,-199.81,0
33713,83.33,-199.51,0
33724,90.91,-199.54,0
33735,90.91,-200.00,0
33746,90.91,-200.05,0
33759,76.92,-200.36,0
33770,90.91,-200.99,0
33781,90.91,-200.46,0
33793,83.33,-200.22,0
33804,90.91,-200.07,0
33815,90.91,-200.23,0
33827,83.33,-200.54,0
33839,83.33,-199.97,0
33850,90.91,-200.24,0
33861,90.91,-199.72,0
33872,90.91,-200.20,0
33884,83.33,-200.30,0
33896,83.33,-199.70,0
33907,90.91,-200.52,0
33918,90.91,-200.40,0
33930,83.33,-200.27,0
33941,90.91,-200.31,0
33952,90.91,-199.75,0
33965,76.92,-199.67,0
33976,90.91,-199.88,0
33987,90.91,-199.93,0
33998,90.91,-199.65,0
34010,83.33,-200.22,0
34021,90.91,-200.19,0
34033,83.33,-199.78,0
34044,90.91,-199.84,0
34056,83.33,-199.95,0
34067,90.91,-200.13,0
34078,90.91,-200.06,0
34089,90.91,-199.72,0
34102,76.92,-199.41,0
34113,90.91,-199.31,0
34124,90.91,-198.98,0
34136,83.33,-200.12,0
34147,90.91,-200.06,0
34158,90.91,-200.49,0
34170,83.33,-200.45,0
34182,83.33,-200.27,0
34193,90.91,-200.18,0
34204,90.91,-200.13,0
34215,90.91,-200.05,0
34227,83.33,-199.64,0
34239,83.33,-199.16,0
34250,90.91,-199.28,0
34262,83.33,-199.92,0
34273,90.91,-199.75,0
34284,90.91,-199.38,0
34295,90.91,-199.70,0
34308,76.92,-200.02,0
34319,90.91,-199.74,0
34330,90.91,-199.95,0
34341,90.91,-200.56,0
34353,83.33,-200.53,0
34364,90.91,-199.64,0
34376,83.33,-199.15,0
34387,90.91,-199.04,0
34399,83.33,-199.97,0
34410,90.91,-200.52,0
34421,90.91,-200.63,0
34433,83.33,-200.63,0
34445,83.33,-200.62,0
34456,90.91,-200.03,0
34467,90.91,-199.75,0
34479,83.33,-199.76,0
34490,90.91,-199.72,0
34501,90.91,-199.65,0
34513,83.33,-199.61,0
34525,83.33,-199.25,0
34536,90.91,-199.41,0
34547,90.91,-200.29,0
34558,90.91,-200.25,0
34570,83.33,-200.69,0
34582,90.91,-200.92,0
34593,83.33,-200.55,0
34605,83.33,-199.90,0
34616,90.91,-200.29,0
34627,90.91,-199.09,0
34638,90.91,-199.32,0
34651,83.33,-199.18,0
34662,83.33,-199.29,0
34673,90.91,-199.44,0
34684,90.91,-199.87,0
34696,83.33,-199.99,0
34707,90.91,-200.54,0
34719,90.91,-200.24,0
34731,76.92,-200.10,0
34742,90.91,-199.32,0
34753,90.91,-199.58,0
34764,90.91,-199.95,0
34776,83.33,-199.65,0
34788,90.91,-199.69,0
34799,83.33,-199.97,0
34810,90.91,-200.20,0
34822,83.33,-200.13,0
34833,90.91,-200.44,0
34844,90.91,-200.69,0
34856,90.91,-200.55,0
34868,76.92,-200.73,0
34879,90.91,-200.01,0
34890,90.91,-199.42,0
34902,83.33,-199.48,0
34913,90.91,-199.25,0
34925,90.91,-199.77,0
34936,83.33,-200.28,0
34948,83.33,-200.47,0
34959,90.91,-200.63,0
34970,90.91,-200.48,0
34981,90.91,-200.15,0
34993,83.33,-200.83,0
35005,83.33,-201.01,0
35016,90.91,-200.14,0
35027,90.91,-199.46,0
35039,83.33,-200.10,0
35050,90.91,-199.83,0
35061,90.91,-199.80,0
35074,76.92,-199.15,0
35085,90.91,-198.96,0
35096,90.91,-199.76,0
35107,90.91,-200.38,0
35119,83.33,-200.48,0
35130,90.91,-200.08,0
35142,83.33,-200.66,0
35153,90.91,-199.68,0
35165,83.33,-199.70,0
35176,90.91,-199.99,0
35187,90.91,-199.66,0
35198,90.91,-200.30,0
35211,76.92,-200.73,0
35222,90.91,-200.17,0
35233,90.91,-199.88,0
35245,83.33,-199.95,0
35256,90.91,-200.30,0
35267,90.91,-199.67,0
35279,83.33,-199.28,0
35291,83.33,-199.54,0
35302,90.91,-199.61,0
35313,90.91,-199.70,0
35324,90.91,-199.60,0
35336,83.33,-199.43,0
35348,83.33,-199.62,0
35359,90.91,-199.68,0
35371,83.33,-200.37,0
35382,90.91,-200.15,0
35393,90.91,-199.34,0
35404,90.91,-199.63,0
35417,76.92,-199.66,0
35428,90.91,-199.85,0
35439,90.91,-199.70,0
35450,90.91,-199.73,0
35462,83.33,-199.40,0
35473,90.91,-199.80,0
35485,83.33,-199.62,0
35496,90.91,-199.81,0
35508,83.33,-199.88,0
35519,90.91,-199.74,0
35530,90.91,-199.40,0
35542,83.33,-199.00,0
35554,83.33,-198.64,0
35565,90.91,-198.56,0
35576,90.91,-199.53,0
35588,83.33,-200.20,0
35599,90.91,-200.33,0
35610,90.91,-200.36,0
35622,83.33,-200.20,0
35634,83.33,-200.11,0
35645,90.91,-199.72,0
35656,90.91,-200.04,0
35667,90.91,-200.01,0
35679,83.33,-199.50,0
35691,83.33,-199.30,0
35702,90.91,-199.69,0
35714,83.33,-200.48,0
35725,90.91,-200.39,0
35736,90.91,-200.14,0
35747,90.91,-200.08,0
35760,76.92,-200.10,0
35771,90.91,-200.52,0
35782,90.91,-200.81,0
35793,90.91,-200.18,0
35805,83.33,-200.11,0
35816,90.91,-199.55,0
35828,83.33,-199.51,0
35840,83.33,-199.91,0
35851,90.91,-199.78,0
35862,90.91,-200.19,0
35873,90.91,-200.29,0
35885,83.33,-200.18,0
35897,83.33,-200.64,0
35908,90.91,-200.02,0
35919,90.91,-200.57,0
35931,83.33,-200.42,0
35942,90.91,-199.50,0
35953,90.91,-199.63,0
35965,83.33,-199.74,0
35977,83.33,-199.53,0
35988,90.91,-199.56,0
35999,90.91,-200.61,0
36011,83.33,-200.44,0
36022,90.91,-200.39,0
36034,83.33,-200.58,0
36045,90.91,-200.81,0
36057,83.33,-200.54,0
36068,90.91,-199.62,0
36079,90.91,-199.81,0
36090,90.91,-199.64,0
36103,76.92,-199.82,0
36114,90.91,-199.53,0
36125,90.91,-199.77,0
36136,90.91,-199.77,0
36148,83.33,-200.27,0
36159,90.91,-200.05,0
36171,83.33,-200.40,0
36183,83.33,-199.82,0
36194,90.91,-199.72,0
36205,90.91,-199.48,0
36216,90.91,-199.17,0
36228,83.33,-199.13,0
36240,83.33,-199.63,0
36251,90.91,-199.97,0
36262,90.91,-199.66,0
36274,83.33,-199.95,0
36285,90.91,-200.43,0
36296,90.91,-200.82,0
36308,83.33,-200.57,0
36320,83.33,-200.25,0
36331,90.91,-199.99,0
36342,90.91,-199.44,0
36354,83.33,-199.47,0
36365,90.91,-199.54,0
36377,90.91,-199.40,0
36388,83.33,-199.78,0
36400,83.33,-199.82,0
36411,90.91,-199.93,0
36422,90.91,-199.76,0
36433,90.91,-200.31,0
36446,83.33,-200.72,0
36457,83.33,-200.62,0
36468,90.91,-199.97,0
36480,83.33,-199.57,0
36491,90.91,-199.37,0
36502,90.91,-199.22,0
36514,90.91,-200.01,0
36526,76.92,-200.02,0
36537,90.91,-199.79,0
36548,90.91,-199.24,0
36559,90.91,-198.76,0
36571,83.33,-199.52,0
36583,90.91,-200.27,0
36594,83.33,-199.63,0
36605,90.91,-200.04,0
36617,83.33,-199.83,0
36628,90.91,-199.95,0
36639,90.91,-200.14,0
36652,83.33,-200.60,0
36663,83.33,-200.59,0
36674,90.91,-199.99,0
36685,90.91,-200.10,0
36697,83.33,-200.76,0
36708,90.91,-200.93,0
36720,90.91,-200.56,0
36731,83.33,-199.47,0
36743,83.33,-199.02,0
36754,90.91,-199.20,0
36765,90.91,-200.02,0
36776,90.91,-200.54,0
36788,83.33,-200.82,0
36800,83.33,-200.49,0
36811,90.91,-200.48,0
36823,83.33,-200.53,0
36834,90.91,-200.40,0
36845,90.91,-199.88,0
36856,90.91,-199.50,0
36869,76.92,-199.37,0
36880,90.91,-199.32,0
36891,90.91,-199.59,0
36902,90.91,-199.97,0
36914,83.33,-200.07,0
36925,90.91,-200.37,0
36937,83.33,-200.74,0
36948,90.91,-200.52,0
36960,83.33,-200.25,0
36971,90.91,-200.24,0
36982,90.91,-200.43,0
36994,83.33,-199.91,0
37006,83.33,-198.99,0
37017,90.91,-198.96,0
37028,90.91,-199.48,0
37040,83.33,-200.07,0
37051,90.91,-200.03,0
37062,90.91,-200.32,0
37074,83.33,-200.57,0
37086,83.33,-200.72,0
37097,90.91,-200.95,0
37108,90.91,-200.20,0
37120,83.33,-199.50,0
37131,90.91,-199.44,0
37143,83.33,-199.31,0
37154,90.91,-199.69,0
37166,83.33,-199.70,0
37177,90.91,-199.48,0
37188,90.91,-199.49,0
37199,90.91,-200.46,0
37212,76.92,-200.67,0
37223,90.91,-200.20,0
37234,90.91,-200.56,0
37245,90.91,-199.73,0
37257,83.33,-199.98,0
37268,90.91,-200.26,0
37280,83.33,-199.67,0
37292,83.33,-199.85,0
37303,90.91,-200.05,0
37314,90.91,-199.87,0
37325,90.91,-199.88,0
37337,83.33,-200.14,0
37349,83.33,-200.51,0
37360,90.91,-200.76,0
37371,90.91,-200.72,0
37383,83.33,-200.17,0
37394,90.91,-199.93,0
37405,90.91,-200.02,0
37417,83.33,-200.29,0
37429,83.33,-199.62,0
37440,90.91,-199.59,0
37451,90.91,-200.21,0
37463,83.33,-200.66,0
37474,90.91,-200.20,0
37486,83.33,-200.20,0
37497,90.91,-200.59,0
37509,83.33,-200.20,0
37520,90.91,-200.25,0
37531,90.91,-200.40,0
37542,90.91,-200.28,0
37555,76.92,-200.00,0
37566,90.91,-199.75,0
37577,90.91,-200.02,0
37588,90.91,-199.80,0
37600,83.33,-199.79,0
37611,90.91,-199.76,0
37623,83.33,-200.18,0
37635,83.33,-200.73,0
37646,90.91,-200.26,0
37657,90.91,-200.32,0
37668,90.91,-200.55,0
37680,83.33,-200.77,0
37692,83.33,-200.89,0
37703,90.91,-200.46,0
37714,90.91,-199.93,0
37726,83.33,-199.49,0
37737,90.91,-199.37,0
37748,90.91,-199.82,0
37761,76.92,-199.98,0
37772,90.91,-200.09,0
37783,90.91,-200.11,0
37794,90.91,-200.16,0
37806,83.33,-200.51,0
37817,90.91,-200.73,0
37829,83.33,-200.01,0
37840,90.91,-199.94,0
37852,83.33,-199.40,0
37863,90.91,-199.57,0
37874,90.91,-199.90,0
37885,90.91,-199.91,0
37898,76.92,-200.02,0
37909,90.91,-199.85,0
37920,90.91,-200.04,0
37932,83.33,-200.08,0
37943,90.91,-200.20,0
37954,90.91,-200.47,0
37966,83.33,-200.15,0
37978,83.33,-200.41,0
37989,90.91,-200.12,0
38000,90.91,-200.14,0
38011,90.91,-200.36,0
38023,83.33,-199.77,0
38035,83.33,-199.55,0
38046,90.91,-198.86,0
38057,90.91,-199.34,0
38069,83.33,-199.94,0
38080,90.91,-200.49,0
38091,90.91,-200.52,0
38104,76.92,-200.03,0
38115,90.91,-200.00,0
38126,90.91,-200.48,0
38137,90.91,-200.93,0
38149,83.33,-200.79,0
38160,90.91,-199.90,0
38172,83.33,-199.81,0
38183,90.91,-199.77,0
38195,83.33,-199.85,0
38206,90.91,-199.73,0
38217,90.91,-199.51,0
38228,90.91,-199.62,0
38241,76.92,-199.32,0
38252,90.91,-200.22,0
38263,90.91,-200.48,0
38275,83.33,-200.72,0
38286,90.91,-201.17,0
38297,90.91,-200.52,0
38309,90.91,-199.80,0
38321,83.33,-199.10,0
38332,90.91,-199.08,0
38343,90.91,-199.25,0
38354,90.91,-199.12,0
38366,83.33,-199.84,0
