66,15.15,-195.06,0
77,90.91,-195.33,0
89,83.33,-195.75,0
100,90.91,-195.89,0
111,90.91,-195.82,0
123,83.33,-196.04,0
135,83.33,-195.68,0
146,90.91,-195.10,0
157,90.91,-195.19,0
168,90.91,-194.87,0
180,83.33,-195.06,0
192,83.33,-195.48,0
203,90.91,-196.41,0
215,83.33,-196.22,0
226,90.91,-196.04,0
237,90.91,-195.66,0
248,90.91,-194.83,0
261,76.92,-194.77,0
272,90.91,-195.06,0
283,90.91,-195.32,0
294,90.91,-195.53,0
306,83.33,-195.89,0
317,90.91,-196.24,0
329,90.91,-195.37,0
340,90.91,-194.02,0
352,83.33,-193.93,0
363,90.91,-195.15,0
374,90.91,-195.40,0
386,83.33,-195.85,0
398,90.91,-196.72,0
409,83.33,-196.46,0
420,90.91,-195.78,0
432,83.33,-195.38,0
443,90.91,-195.29,0
454,90.91,-195.16,0
466,90.91,-195.50,0
478,76.92,-196.13,0
489,90.91,-196.68,0
500,90.91,-196.10,0
512,83.33,-195.91,0
523,90.91,-194.99,0
535,90.91,-194.33,0
546,83.33,-194.91,0
558,83.33,-195.24,0
569,90.91,-195.82,0
580,90.91,-195.58,0
591,90.91,-196.65,0
604,83.33,-196.90,0
615,83.33,-195.75,0
626,90.91,-195.46,0
637,90.91,-194.93,0
649,83.33,-194.74,0
660,90.91,-195.72,0
672,90.91,-196.34,0
684,76.92,-196.94,0
695,90.91,-196.11,0
706,90.91,-196.11,0
717,90.91,-195.71,0
729,83.33,-194.80,0
741,90.91,-194.80,0
752,83.33,-194.83,0
763,90.91,-195.55,0
775,83.33,-196.09,0
786,90.91,-196.62,0
797,90.91,-196.49,0
809,90.91,-195.43,0
821,76.92,-194.95,0
832,90.91,-195.05,0
843,90.91,-194.91,0
855,83.33,-195.48,0
866,90.91,-196.20,0
878,90.91,-196.28,0
889,83.33,-195.64,0
901,83.33,-195.35,0
912,90.91,-195.05,0
923,90.91,-194.60,0
934,90.91,-194.66,0
946,83.33,-195.15,0
958,83.33,-195.73,0
969,90.91,-197.27,0
980,90.91,-196.07,0
992,83.33,-195.80,0
1003,90.91,-196.24,0
1014,90.91,-195.89,0
1027,76.92,-195.83,0
1038,90.91,-195.10,0
1049,90.91,-195.30,0
1060,90.91,-195.91,0
1072,83.33,-195.79,0
1083,90.91,-196.00,0
1095,83.33,-196.15,0
1106,90.91,-195.28,0
1118,83.33,-195.21,0
1129,90.91,-194.78,0
1140,90.91,-195.43,0
1152,83.33,-195.81,0
1164,83.33,-196.67,0
1175,90.91,-196.15,0
1186,90.91,-195.26,0
1198,83.33,-195.17,0
1209,90.91,-194.94,0
1220,90.91,-194.80,0
1232,83.33,-195.21,0
1244,83.33,-195.46,0
1255,90.91,-196.31,0
1266,90.91,-196.20,0
1277,90.91,-196.25,0
1289,83.33,-195.30,0
1301,83.33,-194.95,0
1312,90.91,-194.96,0
1324,83.33,-194.55,0
1335,90.91,-195.33,0
1346,90.91,-195.80,0
1357,90.91,-196.59,0
1370,76.92,-196.32,0
1381,90.91,-195.57,0
1392,90.91,-195.56,0
1403,90.91,-194.33,0
1415,83.33,-194.54,0
1426,90.91,-194.72,0
1438,83.33,-195.07,0
1449,90.91,-196.38,0
1461,83.33,-196.91,0
1472,90.91,-196.22,0
1483,90.91,-195.97,0
1495,83.33,-194.98,0
1507,83.33,-195.24,0
1518,90.91,-195.15,0
1529,90.91,-195.27,0
1541,83.33,-196.23,0
1552,90.91,-196.50,0
1563,90.91,-196.34,0
1575,83.33,-195.80,0
1587,83.33,-195.08,0
1598,90.91,-195.31,0
1609,90.91,-194.89,0
1620,90.91,-195.65,0
1632,83.33,-195.10,0
1644,83.33,-195.95,0
1655,90.91,-196.86,0
1667,83.33,-195.96,0
1678,90.91,-195.26,0
1689,90.91,-194.73,0
1700,90.91,-194.96,0
1713,76.92,-195.64,0
1724,90.91,-195.77,0
1735,90.91,-196.51,0
1746,90.91,-196.36,0
1758,83.33,-195.24,0
1769,90.91,-195.08,0
1781,83.33,-194.71,0
1793,83.33,-194.26,0
1804,90.91,-194.21,0
1815,90.91,-195.48,0
1826,90.91,-195.86,0
1838,83.33,-196.42,0
1850,83.33,-196.75,0
1861,90.91,-196.28,0
1872,90.91,-195.66,0
1884,83.33,-194.43,0
1895,90.91,-194.13,0
1906,90.91,-195.32,0
1918,83.33,-195.60,0
1930,83.33,-195.74,0
1941,90.91,-196.32,0
1952,90.91,-195.61,0
1964,83.33,-195.44,0
1975,90.91,-194.85,0
1987,83.33,-194.87,0
1998,90.91,-194.77,0
2010,83.33,-194.91,0
2021,90.91,-196.24,0
2032,90.91,-196.55,0
2043,90.91,-196.30,0
2056,76.92,-195.89,0
2067,90.91,-195.00,0
2078,90.91,-195.01,0
2089,90.91,-194.90,0
2101,83.33,-195.29,0
2112,90.91,-195.79,0
2124,83.33,-196.20,0
2136,83.33,-196.19,0
2147,90.91,-195.56,0
2158,90.91,-195.36,0
2169,90.91,-194.55,0
2181,83.33,-194.40,0
2193,83.33,-194.67,0
2204,90.91,-195.31,0
2215,90.91,-195.96,0
2227,83.33,-195.95,0
2238,90.91,-195.52,0
2249,90.91,-195.57,0
2262,76.92,-195.10,0
2273,90.91,-195.27,0
2284,90.91,-195.15,0
2295,90.91,-195.23,0
2307,83.33,-196.07,0
2318,90.91,-196.23,0
2330,83.33,-195.73,0
2341,90.91,-195.06,0
2353,83.33,-194.64,0
2364,90.91,-194.60,0
2375,90.91,-194.97,0
2386,90.91,-195.66,0
2399,76.92,-195.95,0
2410,90.91,-196.35,0
2421,90.91,-196.76,0
2433,83.33,-195.71,0
2444,90.91,-195.41,0
2455,90.91,-195.10,0
2467,83.33,-194.03,0
2479,83.33,-194.52,0
2490,90.91,-195.67,0
2501,90.91,-196.15,0
2512,90.91,-196.13,0
2524,83.33,-196.48,0
2536,83.33,-195.75,0
2547,90.91,-195.07,0
2558,90.91,-194.64,0
2570,83.33,-194.68,0
2581,90.91,-195.28,0
2592,90.91,-196.49,0
2605,83.33,-196.55,0
2616,83.33,-196.45,0
2627,90.91,-196.06,0
2638,90.91,-195.64,0
2650,83.33,-194.66,0
2661,90.91,-194.44,0
2673,90.91,-194.91,0
2684,83.33,-195.03,0
2696,83.33,-195.74,0
2707,90.91,-196.27,0
2718,90.91,-196.03,0
2729,90.91,-195.53,0
2742,83.33,-194.73,0
2753,83.33,-194.63,0
2764,90.91,-195.08,0
2776,83.33,-195.65,0
2787,90.91,-196.20,0
2798,90.91,-196.25,0
2810,90.91,-195.91,0
2822,76.92,-195.79,0
2833,90.91,-194.74,0
2844,90.91,-194.21,0
2855,90.91,-193.80,0
2867,83.33,-194.50,0
2879,90.91,-196.04,0
2890,83.33,-196.87,0
2902,83.33,-196.68,0
2913,90.91,-196.18,0
2924,90.91,-195.60,0
2935,90.91,-194.89,0
2948,83.33,-194.12,0
2959,83.33,-194.45,0
2970,90.91,-195.30,0
2981,90.91,-195.20,0
2993,83.33,-195.30,0
3004,90.91,-196.11,0
3016,90.91,-195.87,0
3027,83.33,-195.20,0
3039,83.33,-194.65,0
3050,90.91,-194.51,0
3061,90.91,-195.07,0
3073,83.33,-196.05,0
3084,90.91,-197.02,0
3096,83.33,-196.81,0
3107,90.91,-196.05,0
3119,83.33,-195.50,0
3130,90.91,-194.23,0
3141,90.91,-194.06,0
3152,90.91,-194.62,0
3165,76.92,-195.40,0
3176,90.91,-195.61,0
3187,90.91,-196.29,0
3198,90.91,-196.19,0
3210,83.33,-195.94,0
3221,90.91,-195.81,0
3233,83.33,-195.50,0
3245,83.33,-195.43,0
3256,90.91,-195.81,0
3267,90.91,-196.16,0
3278,90.91,-196.94,0
3290,83.33,-196.70,0
3302,83.33,-195.91,0
3313,90.91,-195.36,0
3324,90.91,-194.76,0
3336,83.33,-194.44,0
3347,90.91,-194.70,0
3358,90.91,-195.61,0
3371,76.92,-196.43,0
3382,90.91,-196.37,0
3393,90.91,-196.10,0
3404,90.91,-195.89,0
3416,83.33,-195.39,0
3427,90.91,-195.10,0
3439,83.33,-195.13,0
3450,90.91,-195.69,0
3462,83.33,-195.95,0
3473,90.91,-196.46,0
3484,90.91,-196.36,0
3495,90.91,-195.54,0
3508,76.92,-194.85,0
3519,90.91,-195.19,0
3530,90.91,-195.47,0
3542,83.33,-195.02,0
3553,90.91,-196.00,0
3564,90.91,-195.86,0
3576,83.33,-196.66,0
3588,83.33,-196.52,0
3599,90.91,-195.57,0
3610,90.91,-195.51,0
3621,90.91,-194.26,0
3633,83.33,-195.32,0
3645,83.33,-195.60,0
3656,90.91,-195.69,0
3667,90.91,-196.01,0
3679,83.33,-195.93,0
3690,90.91,-195.37,0
3701,90.91,-195.46,0
3714,76.92,-194.49,0
3725,90.91,-194.83,0
3736,90.91,-195.41,0
3747,90.91,-196.03,0
3759,83.33,-196.04,0
3770,90.91,-196.05,0
3782,83.33,-196.05,0
3793,90.91,-195.61,0
3805,83.33,-195.07,0
3816,90.91,-194.90,0
3827,90.91,-194.84,0
3838,90.91,-195.42,0
3851,76.92,-195.95,0
3862,90.91,-196.12,0
3873,90.91,-195.54,0
3885,83.33,-194.52,0
3896,90.91,-194.19,0
3907,90.91,-194.39,0
3919,83.33,-195.03,0
3931,83.33,-195.88,0
3942,90.91,-196.41,0
3953,90.91,-196.20,0
3964,90.91,-196.33,0
3976,83.33,-196.06,0
3988,83.33,-195.40,0
3999,90.91,-194.65,0
4011,83.33,-194.49,0
4022,90.91,-194.60,0
4033,90.91,-194.99,0
4044,90.91,-196.08,0
4057,76.92,-196.11,0
4068,90.91,-195.99,0
4079,90.91,-196.13,0
4090,90.91,-194.91,0
4102,83.33,-194.90,0
4113,90.91,-195.35,0
4125,83.33,-196.30,0
4136,90.91,-196.30,0
4148,83.33,-196.43,0
4159,90.91,-195.72,0
4170,90.91,-194.55,0
4182,83.33,-194.45,0
4194,83.33,-193.99,0
4205,90.91,-194.13,0
4216,90.91,-194.82,0
4228,83.33,-195.32,0
4239,90.91,-195.73,0
4250,90.91,-196.14,0
4262,83.33,-196.19,0
4274,83.33,-195.22,0
4285,90.91,-194.61,0
4296,90.91,-194.82,0
4307,90.91,-195.28,0
4319,83.33,-196.29,0
4331,90.91,-195.99,0
4342,90.91,-195.52,0
4354,83.33,-195.56,0
4365,90.91,-195.29,0
4376,90.91,-194.90,0
4387,90.91,-194.52,0
4400,83.33,-193.91,0
4411,83.33,-194.69,0
4422,90.91,-195.32,0
4433,90.91,-196.64,0
4445,83.33,-197.23,0
4456,90.91,-196.59,0
4468,90.91,-195.57,0
4480,76.92,-195.14,0
4491,90.91,-195.57,0
4502,90.91,-195.52,0
4513,90.91,-195.23,0
4525,83.33,-195.83,0
4537,90.91,-195.74,0
4548,83.33,-195.26,0
4559,90.91,-195.10,0
4571,83.33,-194.80,0
4582,90.91,-194.53,0
4593,90.91,-195.08,0
4605,90.91,-195.69,0
4617,76.92,-195.80,0
4628,90.91,-196.80,0
4639,90.91,-196.57,0
4651,83.33,-196.29,0
4662,90.91,-195.68,0
4674,90.91,-195.16,0
4685,83.33,-194.29,0
4697,83.33,-194.47,0
4708,90.91,-195.90,0
4719,90.91,-196.00,0
4730,90.91,-196.16,0
4743,83.33,-195.77,0
4754,83.33,-195.84,0
4765,90.91,-195.03,0
4776,90.91,-194.93,0
4788,83.33,-195.50,0
4799,90.91,-195.35,0
4810,90.91,-196.41,0
4823,76.92,-197.09,0
4834,90.91,-196.44,0
4845,90.91,-195.26,0
4856,90.91,-194.18,0
4868,83.33,-193.89,0
4879,90.91,-194.60,0
4891,83.33,-195.52,0
4902,90.91,-196.15,0
4914,83.33,-196.61,0
4925,90.91,-197.19,0
4936,90.91,-196.90,0
4947,90.91,-195.40,0
4960,76.92,-195.31,0
4971,90.91,-194.92,0
4982,90.91,-194.61,0
4994,83.33,-195.28,0
5005,90.91,-196.22,0
5016,90.91,-196.41,0
5028,83.33,-195.54,0
5040,83.33,-195.03,0
5051,90.91,-195.27,0
5062,90.91,-195.39,0
5073,90.91,-194.70,0
5085,83.33,-195.32,0
5097,83.33,-196.45,0
5108,90.91,-196.91,0
5120,83.33,-196.11,0
5131,90.91,-195.32,0
5142,90.91,-195.03,0
5153,90.91,-194.85,0
5166,76.92,-195.27,0
5177,90.91,-195.54,0
5188,90.91,-196.24,0
5199,90.91,-196.82,0
5211,83.33,-196.76,0
5222,90.91,-196.24,0
5234,83.33,-195.97,0
5245,90.91,-195.23,0
5257,83.33,-194.65,0
5268,90.91,-195.35,0
5279,90.91,-195.81,0
5291,83.33,-196.19,0
5303,83.33,-196.42,0
5314,90.91,-196.47,0
5325,90.91,-195.40,0
5337,83.33,-194.83,0
5348,90.91,-195.07,0
5359,90.91,-195.00,0
5371,83.33,-195.73,0
5383,83.33,-196.16,0
5394,90.91,-196.44,0
5405,90.91,-197.07,0
5416,90.91,-195.88,0
5428,83.33,-195.09,0
5440,83.33,-194.06,0
5451,90.91,-193.86,0
5463,83.33,-194.83,0
5474,90.91,-195.65,0
5485,90.91,-195.99,0
5496,90.91,-196.35,0
5509,76.92,-196.41,0
5520,90.91,-195.76,0
5531,90.91,-194.58,0
5542,90.91,-194.98,0
5554,83.33,-194.77,0
5565,90.91,-194.95,0
5577,83.33,-195.99,0
5588,90.91,-196.14,0
5600,83.33,-196.44,0
5611,90.91,-195.33,0
5622,90.91,-194.91,0
5634,83.33,-194.97,0
5646,83.33,-195.49,0
5657,90.91,-195.32,0
5668,90.91,-195.87,0
5680,83.33,-196.27,0
5691,90.91,-196.82,0
5702,90.91,-196.67,0
5714,83.33,-195.13,0
5726,83.33,-195.01,0
5737,90.91,-194.97,0
5748,90.91,-194.85,0
5760,83.33,-195.10,0
5771,90.91,-195.83,0
5783,83.33,-196.22,0
5794,90.91,-196.12,0
5806,83.33,-195.81,0
5817,90.91,-195.31,0
5828,90.91,-194.22,0
5839,90.91,-194.58,0
5852,76.92,-195.15,0
5863,90.91,-195.79,0
5874,90.91,-196.97,0
5885,90.91,-197.04,0
5897,83.33,-195.82,0
5908,90.91,-195.31,0
5920,83.33,-194.25,0
5932,83.33,-194.25,0
5943,90.91,-194.34,0
5954,90.91,-194.60,0
5965,90.91,-195.37,0
5977,83.33,-196.00,0
5989,83.33,-195.90,0
6000,90.91,-195.41,0
6011,90.91,-194.60,0
6023,83.33,-194.02,0
6034,90.91,-194.62,0
6045,90.91,-195.73,0
6057,83.33,-196.22,0
6069,83.33,-196.04,0
6080,90.91,-196.08,0
6091,90.91,-196.15,0
6103,83.33,-194.84,0
6114,90.91,-194.08,0
6126,83.33,-194.33,0
6137,90.91,-194.95,0
6149,83.33,-195.79,0
6160,90.91,-196.03,0
6171,90.91,-195.80,0
6182,90.91,-195.94,0
6195,76.92,-195.44,0
6206,90.91,-194.32,0
6217,90.91,-194.29,0
6228,90.91,-195.23,0
6240,83.33,-195.69,0
6251,90.91,-195.64,0
6263,83.33,-196.59,0
6275,83.33,-196.24,0
6286,90.91,-195.82,0
6297,90.91,-195.17,0
6308,90.91,-194.38,0
6320,83.33,-194.54,0
6332,83.33,-195.04,0
6343,90.91,-195.18,0
6354,90.91,-196.06,0
6366,83.33,-195.98,0
6377,90.91,-195.22,0
6388,90.91,-194.99,0
6401,83.33,-194.78,0
6412,83.33,-194.50,0
6423,90.91,-194.81,0
6434,90.91,-195.56,0
6446,83.33,-196.22,0
6457,90.91,-196.11,0
6469,90.91,-196.29,0
6480,83.33,-195.49,0
6492,83.33,-194.83,0
6503,90.91,-194.83,0
6514,90.91,-195.17,0
6525,90.91,-195.19,0
6538,83.33,-196.04,0
6549,83.33,-196.16,0
6560,90.91,-196.74,0
6572,83.33,-195.86,0
6583,90.91,-195.12,0
6594,90.91,-194.52,0
6606,90.91,-194.67,0
6618,76.92,-195.55,0
6629,90.91,-195.87,0
6640,90.91,-196.05,0
6651,90.91,-195.93,0
6663,83.33,-195.74,0
6675,90.91,-195.02,0
6686,83.33,-194.58,0
6697,90.91,-194.38,0
6709,83.33,-194.72,0
6720,90.91,-195.04,0
6731,90.91,-195.90,0
6743,83.33,-196.52,0
6755,83.33,-195.82,0
6766,90.91,-195.51,0
6777,90.91,-195.36,0
6789,83.33,-195.08,0
6800,90.91,-195.18,0
6811,90.91,-195.59,0
6823,83.33,-195.84,0
6835,83.33,-196.71,0
6846,90.91,-196.77,0
6857,90.91,-196.15,0
6868,90.91,-195.49,0
6880,83.33,-194.46,0
6892,83.33,-193.84,0
6903,90.91,-194.43,0
6915,83.33,-195.36,0
6926,90.91,-196.29,0
6937,90.91,-196.60,0
6948,90.91,-195.87,0
6961,76.92,-195.30,0
6972,90.91,-194.72,0
6983,90.91,-194.86,0
6994,90.91,-195.19,0
7006,83.33,-195.25,0
7017,90.91,-195.93,0
7029,83.33,-196.19,0
7041,83.33,-196.60,0
7052,90.91,-196.11,0
7063,90.91,-194.89,0
7074,90.91,-194.07,0
7086,83.33,-194.52,0
7098,83.33,-194.63,0
7109,90.91,-195.69,0
7120,90.91,-196.90,0
7132,83.33,-196.54,0
7143,90.91,-196.19,0
7154,90.91,-195.20,0
7166,83.33,-194.87,0
7178,83.33,-194.79,0
7189,90.91,-195.46,0
7200,90.91,-195.85,0
7212,83.33,-196.14,0
7223,90.91,-196.07,0
7235,83.33,-195.85,0
7246,90.91,-195.37,0
7258,83.33,-194.54,0
7269,90.91,-194.21,0
7280,90.91,-194.74,0
7291,90.91,-194.59,0
7304,76.92,-195.38,0
7315,90.91,-196.18,0
7326,90.91,-196.49,0
7337,90.91,-195.99,0
7349,83.33,-195.27,0
7360,90.91,-194.96,0
7372,83.33,-194.45,0
7384,83.33,-195.39,0
7395,90.91,-196.56,0
7406,90.91,-196.33,0
7417,90.91,-196.70,0
7429,83.33,-196.59,0
7441,83.33,-196.10,0
7452,90.91,-195.41,0
7463,90.91,-194.79,0
7475,83.33,-195.08,0
7486,90.91,-194.78,0
7497,90.91,-195.36,0
7510,76.92,-195.97,0
7521,90.91,-196.02,0
7532,90.91,-196.09,0
7543,90.91,-195.95,0
7555,83.33,-195.19,0
7566,90.91,-195.01,0
7578,83.33,-195.27,0
7589,90.91,-195.22,0
7601,83.33,-195.91,0
7612,90.91,-196.30,0
7623,90.91,-196.29,0
7634,90.91,-195.61,0
7647,76.92,-194.95,0
7658,90.91,-194.42,0
7669,90.91,-194.51,0
7681,83.33,-195.53,0
7692,90.91,-196.15,0
7703,90.91,-196.23,0
7715,83.33,-195.80,0
7727,83.33,-195.76,0
7738,90.91,-195.82,0
7749,90.91,-195.08,0
7760,90.91,-194.25,0
7772,83.33,-194.67,0
7784,83.33,-195.12,0
7795,90.91,-195.59,0
7806,90.91,-196.03,0
7818,83.33,-196.11,0
7829,90.91,-195.81,0
7840,90.91,-195.32,0
7853,76.92,-195.08,0
7864,90.91,-194.70,0
7875,90.91,-195.27,0
7886,90.91,-195.95,0
7898,83.33,-196.59,0
7909,90.91,-196.26,0
7921,83.33,-195.32,0
7932,90.91,-194.64,0
7944,83.33,-194.74,0
7955,90.91,-194.88,0
7966,90.91,-194.99,0
7977,90.91,-195.81,0
7990,83.33,-196.43,0
8001,90.91,-196.30,0
8012,90.91,-195.82,0
8024,83.33,-195.45,0
8035,90.91,-195.60,0
8046,90.91,-194.98,0
8058,90.91,-194.51,0
8070,76.92,-195.26,0
8081,90.91,-196.04,0
8092,90.91,-196.86,0
8103,90.91,-196.20,0
8115,83.33,-195.58,0
8127,90.91,-194.73,0
8138,83.33,-194.02,0
8150,83.33,-194.71,0
8161,90.91,-195.17,0
8172,90.91,-196.30,0
8183,90.91,-196.50,0
8196,83.33,-196.01,0
8207,83.33,-196.14,0
8218,90.91,-195.33,0
8229,90.91,-194.71,0
8241,83.33,-194.86,0
8252,90.91,-195.21,0
8264,90.91,-195.82,0
8275,83.33,-196.02,0
8287,83.33,-196.57,0
8298,90.91,-196.44,0
8309,90.91,-195.68,0
8321,83.33,-194.93,0
8332,90.91,-194.33,0
8344,83.33,-194.65,0
8355,90.91,-195.51,0
8367,83.33,-196.22,0
8378,90.91,-196.62,0
8389,90.91,-196.16,0
8400,90.91,-195.12,0
8413,76.92,-194.65,0
8424,90.91,-194.23,0
8435,90.91,-194.74,0
8446,90.91,-195.33,0
8458,83.33,-195.45,0
8469,90.91,-196.30,0
8481,83.33,-196.28,0
8493,83.33,-196.27,0
8504,90.91,-195.35,0
8515,90.91,-194.53,0
8526,90.91,-194.79,0
8538,83.33,-194.88,0
8550,83.33,-195.57,0
8561,90.91,-195.63,0
8572,90.91,-196.13,0
8584,83.33,-195.85,0
8595,90.91,-195.15,0
8606,90.91,-194.87,0
8619,76.92,-194.39,0
8630,90.91,-194.48,0
8641,90.91,-195.06,0
8652,90.91,-195.88,0
8664,83.33,-196.23,0
8675,90.91,-195.73,0
8687,83.33,-195.51,0
8698,90.91,-195.50,0
8710,83.33,-195.50,0
8721,90.91,-194.29,0
8732,90.91,-194.36,0
8743,90.91,-195.01,0
8756,76.92,-196.15,0
8767,90.91,-196.80,0
8778,90.91,-196.01,0
8790,83.33,-195.89,0
8801,90.91,-195.75,0
8812,90.91,-194.88,0
8824,83.33,-193.90,0
8836,83.33,-194.48,0
8847,90.91,-196.02,0
8858,90.91,-196.12,0
8869,90.91,-196.15,0
8881,83.33,-195.81,0
8893,83.33,-195.03,0
8904,90.91,-194.04,0
8915,90.91,-194.23,0
8927,83.33,-195.00,0
8938,90.91,-195.73,0
8949,90.91,-196.57,0
8962,76.92,-197.03,0
8973,90.91,-196.15,0
8984,90.91,-195.52,0
8995,90.91,-194.79,0
9007,83.33,-194.61,0
9018,90.91,-194.51,0
9030,83.33,-195.59,0
9041,90.91,-196.46,0
9053,83.33,-196.33,0
9064,90.91,-195.71,0
9075,90.91,-195.45,0
9086,90.91,-194.90,0
9099,76.92,-194.69,0
9110,90.91,-193.78,0
9121,90.91,-194.66,0
9133,83.33,-195.80,0
9144,90.91,-196.63,0
9155,90.91,-196.67,0
9167,83.33,-196.69,0
9179,83.33,-195.82,0
9190,90.91,-194.44,0
9201,90.91,-194.00,0
9212,90.91,-194.79,0
9224,83.33,-195.45,0
9236,83.33,-196.32,0
9247,90.91,-196.56,0
9259,83.33,-196.29,0
9270,90.91,-196.57,0
9281,90.91,-195.53,0
9292,90.91,-194.40,0
9305,76.92,-194.63,0
9316,90.91,-194.63,0
9327,90.91,-195.49,0
9338,90.91,-196.65,0
9350,83.33,-197.24,0
9361,90.91,-196.18,0
9373,83.33,-195.03,0
9384,90.91,-194.62,0
9396,83.33,-194.84,0
9407,90.91,-195.27,0
9418,90.91,-195.48,0
9430,83.33,-195.87,0
9442,83.33,-196.35,0
9453,90.91,-195.56,0
9464,90.91,-194.98,0
9476,83.33,-195.10,0
9487,90.91,-194.58,0
9498,90.91,-195.32,0
9510,83.33,-195.35,0
9522,83.33,-196.31,0
9533,90.91,-197.08,0
9544,90.91,-197.03,0
9555,90.91,-196.06,0
9567,83.33,-195.23,0
9579,83.33,-194.66,0
9590,90.91,-195.21,0
9602,83.33,-195.34,0
9613,90.91,-195.84,0
9624,90.91,-196.50,0
9635,90.91,-196.80,0
9648,76.92,-195.99,0
9659,90.91,-194.84,0
9670,90.91,-194.48,0
9681,90.91,-194.14,0
9693,83.33,-194.94,0
9704,90.91,-195.60,0
9716,83.33,-195.76,0
9728,83.33,-196.33,0
9739,90.91,-195.92,0
9750,90.91,-195.57,0
9761,90.91,-194.40,0
9773,83.33,-194.56,0
9785,83.33,-194.98,0
9796,90.91,-195.30,0
9807,90.91,-196.14,0
9819,83.33,-196.47,0
9830,90.91,-196.48,0
9841,90.91,-196.43,0
9853,90.91,-194.92,0
9865,76.92,-194.53,0
9876,90.91,-194.56,0
9887,90.91,-194.75,0
9899,83.33,-195.64,0
9910,90.91,-196.39,0
9922,90.91,-196.60,0
9933,83.33,-195.65,0
9945,83.33,-195.26,0
9956,90.91,-194.72,0
9967,90.91,-194.24,0
9978,90.91,-194.71,0
9991,83.33,-194.74,0
10002,83.33,-195.62,0
10013,90.91,-196.39,0
10024,90.91,-196.89,0
10036,83.33,-196.38,0
10047,90.91,-194.90,0
10059,90.91,-194.45,0
10071,76.92,-194.62,0
10082,90.91,-194.86,0
10093,90.91,-195.76,0
10104,90.91,-196.21,0
10116,83.33,-195.80,0
10128,90.91,-195.97,0
10139,83.33,-195.87,0
10150,90.91,-195.32,0
10162,83.33,-194.95,0
10173,90.91,-194.10,0
10184,90.91,-195.12,0
10196,90.91,-195.86,0
10208,76.92,-196.39,0
10219,90.91,-195.96,0
10230,90.91,-195.04,0
10242,83.33,-194.97,0
10253,90.91,-195.16,0
10265,90.91,-194.71,0
10276,83.33,-195.22,0
10288,83.33,-195.78,0
10299,90.91,-196.51,0
10310,90.91,-196.22,0
10321,90.91,-195.81,0
10334,83.33,-195.19,0
10345,83.33,-194.28,0
10356,90.91,-194.42,0
10368,83.33,-194.71,0
10379,90.91,-195.02,0
10390,90.91,-195.59,0
10401,90.91,-195.73,0
10414,76.92,-195.95,0
10425,90.91,-195.90,0
10436,90.91,-195.01,0
10447,90.91,-194.50,0
10459,83.33,-194.73,0
10470,90.91,-195.20,0
10482,83.33,-195.54,0
10493,90.91,-196.21,0
10505,83.33,-196.47,0
10516,90.91,-195.68,0
10527,90.91,-195.21,0
10539,83.33,-195.15,0
10551,83.33,-194.18,0
10562,90.91,-194.41,0
10573,90.91,-195.20,0
10585,83.33,-195.35,0
10596,90.91,-195.68,0
10607,90.91,-195.95,0
10619,83.33,-195.49,0
10631,83.33,-195.30,0
10642,90.91,-195.31,0
10653,90.91,-195.17,0
10664,90.91,-196.27,0
10676,83.33,-196.27,0
10688,83.33,-196.67,0
10699,90.91,-196.47,0
10711,83.33,-195.36,0
10722,90.91,-195.22,0
10733,90.91,-194.43,0
10744,90.91,-194.84,0
10757,76.92,-194.79,0
10768,90.91,-195.29,0
10779,90.91,-195.48,0
10790,90.91,-195.94,0
10802,83.33,-195.77,0
10813,90.91,-195.35,0
10825,83.33,-195.10,0
10836,90.91,-194.66,0
10848,83.33,-195.29,0
10859,90.91,-195.62,0
10870,90.91,-196.30,0
10882,83.33,-196.56,0
10894,83.33,-196.32,0
10905,90.91,-195.75,0
10916,90.91,-194.38,0
10928,83.33,-194.57,0
10939,90.91,-194.64,0
10950,90.91,-195.41,0
10962,83.33,-195.39,0
10974,83.33,-195.70,0
10985,90.91,-196.47,0
10996,90.91,-196.21,0
11008,83.33,-195.52,0
11019,90.91,-195.11,0
11031,83.33,-195.11,0
11042,90.91,-195.48,0
11054,83.33,-196.59,0
11065,90.91,-196.73,0
11076,90.91,-196.26,0
11087,90.91,-196.07,0
11100,76.92,-195.13,0
11111,90.91,-194.71,0
11122,90.91,-194.54,0
11133,90.91,-194.45,0
11145,83.33,-195.43,0
11156,90.91,-195.67,0
11168,83.33,-196.32,0
11180,83.33,-196.48,0
11191,90.91,-196.07,0
11202,90.91,-195.57,0
11213,90.91,-195.17,0
11225,83.33,-194.66,0
11237,83.33,-195.11,0
11248,90.91,-195.52,0
11259,90.91,-195.98,0
11271,83.33,-196.10,0
11282,90.91,-195.65,0
11293,90.91,-195.26,0
11305,83.33,-194.57,0
11317,83.33,-194.69,0
11328,90.91,-194.60,0
11339,90.91,-195.12,0
11351,83.33,-196.37,0
11362,90.91,-197.00,0
11374,83.33,-196.38,0
11385,90.91,-195.96,0
11397,83.33,-195.15,0
11408,90.91,-194.59,0
11419,90.91,-194.78,0
11430,90.91,-195.08,0
11443,76.92,-195.84,0
11454,90.91,-195.73,0
11465,90.91,-195.85,0
11476,90.91,-195.58,0
11488,83.33,-195.27,0
11499,90.91,-194.60,0
11511,83.33,-194.02,0
11523,83.33,-194.87,0
11534,90.91,-196.13,0
11545,90.91,-197.02,0
11556,90.91,-196.76,0
11568,83.33,-196.43,0
11580,83.33,-196.30,0
11591,90.91,-195.51,0
11602,90.91,-194.45,0
11614,83.33,-194.06,0
11625,90.91,-194.90,0
11636,90.91,-195.85,0
11649,76.92,-196.62,0
11660,90.91,-196.79,0
11671,90.91,-196.35,0
11682,90.91,-195.74,0
11694,83.33,-194.94,0
11705,90.91,-194.65,0
11717,83.33,-195.15,0
11728,90.91,-195.81,0
11740,83.33,-196.63,0
11751,90.91,-197.25,0
11762,90.91,-196.56,0
11773,90.91,-195.45,0
11786,76.92,-195.16,0
11797,90.91,-194.51,0
11808,90.91,-194.43,0
11820,83.33,-194.64,0
11831,90.91,-195.19,0
11842,90.91,-196.25,0
11854,83.33,-196.49,0
11866,83.33,-195.66,0
11877,90.91,-195.09,0
11888,90.91,-195.23,0
11899,90.91,-194.84,0
11911,83.33,-195.51,0
11923,83.33,-196.32,0
11934,90.91,-196.28,0
11945,90.91,-196.07,0
11957,83.33,-195.64,0
11968,90.91,-195.11,0
11979,90.91,-194.63,0
11992,76.92,-194.34,0
12003,90.91,-194.85,0
12014,90.91,-194.95,0
12025,90.91,-195.21,0
12037,83.33,-196.32,0
12048,90.91,-196.20,0
12060,83.33,-195.60,0
12071,90.91,-194.78,0
12083,83.33,-194.44,0
12094,90.91,-194.94,0
12105,90.91,-195.10,0
12116,90.91,-195.75,0
12129,76.92,-196.49,0
12140,90.91,-196.30,0
12151,90.91,-195.96,0
12163,83.33,-195.11,0
12174,90.91,-194.62,0
12185,90.91,-194.95,0
12197,83.33,-195.22,0
12209,83.33,-195.32,0
12220,90.91,-196.31,0
12231,90.91,-196.19,0
12242,90.91,-195.84,0
12254,83.33,-195.46,0
12266,83.33,-195.13,0
12277,90.91,-194.85,0
12289,83.33,-194.81,0
12300,90.91,-195.31,0
12311,90.91,-195.89,0
12322,90.91,-196.29,0
12335,76.92,-196.76,0
12346,90.91,-196.18,0
12357,90.91,-195.37,0
12368,90.91,-194.83,0
12380,83.33,-195.06,0
12391,90.91,-195.22,0
12403,83.33,-195.26,0
12414,90.91,-196.22,0
12426,83.33,-196.28,0
12437,90.91,-195.83,0
12448,90.91,-194.97,0
12460,83.33,-194.23,0
12472,83.33,-194.22,0
12483,90.91,-194.91,0
12494,90.91,-195.31,0
12506,83.33,-196.50,0
12517,90.91,-196.75,0
12528,90.91,-196.44,0
12540,83.33,-195.85,0
12552,83.33,-194.77,0
12563,90.91,-194.51,0
12574,90.91,-194.75,0
12585,90.91,-195.17,0
12597,83.33,-196.27,0
12609,83.33,-196.13,0
12620,90.91,-196.03,0
12632,83.33,-195.49,0
12643,90.91,-194.88,0
12654,90.91,-194.61,0
12665,90.91,-194.49,0
12678,76.92,-194.62,0
12689,90.91,-195.45,0
12700,90.91,-196.29,0
12711,90.91,-196.56,0
12723,83.33,-196.02,0
12734,90.91,-195.05,0
12746,83.33,-193.90,0
12758,83.33,-194.22,0
12769,90.91,-194.85,0
12780,90.91,-195.13,0
12791,90.91,-195.92,0
12803,83.33,-196.97,0
12815,83.33,-196.99,0
12826,90.91,-196.11,0
12837,90.91,-195.25,0
12849,83.33,-194.57,0
12860,90.91,-194.71,0
12871,90.91,-194.89,0
12883,83.33,-195.64,0
12895,83.33,-196.06,0
12906,90.91,-196.36,0
12917,90.91,-196.22,0
12929,83.33,-195.23,0
12940,90.91,-194.64,0
12952,83.33,-194.37,0
12963,90.91,-194.01,0
12975,83.33,-194.98,0
12986,90.91,-196.02,0
12997,90.91,-196.46,0
13008,90.91,-195.88,0
13021,76.92,-195.57,0
13032,90.91,-194.58,0
13043,90.91,-194.71,0
13054,90.91,-195.31,0
13066,83.33,-194.90,0
13077,90.91,-195.47,0
13089,83.33,-196.12,0
13101,83.33,-196.20,0
13112,90.91,-196.10,0
13123,90.91,-195.71,0
13134,90.91,-194.92,0
13146,83.33,-194.41,0
13158,83.33,-194.91,0
13169,90.91,-195.00,0
13180,90.91,-195.31,0
13192,83.33,-196.27,0
13203,90.91,-196.88,0
13214,90.91,-196.07,0
13227,76.92,-195.38,0
13238,90.91,-194.76,0
13249,90.91,-194.37,0
13260,90.91,-194.86,0
13272,83.33,-195.43,0
13283,90.91,-195.89,0
13295,90.91,-196.01,0
13306,83.33,-196.30,0
13318,83.33,-195.64,0
13329,90.91,-194.88,0
13340,90.91,-194.71,0
13351,90.91,-194.43,0
13364,83.33,-194.70,0
13375,83.33,-195.85,0
13386,90.91,-195.70,0
13398,83.33,-196.02,0
13409,90.91,-196.17,0
13420,90.91,-195.55,0
13432,90.91,-194.92,0
13444,76.92,-195.78,0
13455,90.91,-196.22,0
13466,90.91,-196.36,0
13477,90.91,-196.75,0
13489,83.33,-196.48,0
13501,90.91,-195.56,0
13512,83.33,-195.08,0
13523,90.91,-195.39,0
13535,83.33,-194.86,0
13546,90.91,-195.63,0
13557,90.91,-196.27,0
13570,83.33,-195.99,0
13581,83.33,-196.04,0
13592,90.91,-195.78,0
13603,90.91,-195.62,0
13615,83.33,-195.13,0
13626,90.91,-194.27,0
13638,90.91,-194.65,0
13649,83.33,-195.49,0
13661,83.33,-195.76,0
13672,90.91,-196.13,0
13683,90.91,-195.82,0
13694,90.91,-195.22,0
13707,83.33,-194.82,0
13718,83.33,-194.23,0
13729,90.91,-194.43,0
13741,83.33,-195.59,0
13752,90.91,-195.68,0
13763,90.91,-195.91,0
13775,90.91,-196.16,0
13787,76.92,-196.06,0
13798,90.91,-195.09,0
13809,90.91,-195.04,0
13820,90.91,-194.62,0
13832,83.33,-194.73,0
13844,90.91,-194.81,0
13855,83.33,-196.02,0
13867,83.33,-197.16,0
13878,90.91,-196.04,0
13889,90.91,-195.73,0
13900,90.91,-194.89,0
13913,83.33,-194.57,0
13924,83.33,-194.47,0
13935,90.91,-195.12,0
13946,90.91,-195.25,0
13958,83.33,-195.11,0
13969,90.91,-195.64,0
13981,90.91,-195.34,0
13992,83.33,-195.14,0
14004,83.33,-194.27,0
14015,90.91,-194.47,0
14026,90.91,-195.02,0
14038,83.33,-195.81,0
14050,90.91,-196.43,0
14061,83.33,-196.33,0
14072,90.91,-195.83,0
14084,83.33,-195.71,0
14095,90.91,-194.85,0
14106,90.91,-194.87,0
14118,90.91,-195.02,0
14130,76.92,-195.21,0
14141,90.91,-195.85,0
14152,90.91,-196.34,0
14163,90.91,-196.43,0
14175,83.33,-195.50,0
14187,90.91,-194.35,0
14198,83.33,-193.96,0
14210,83.33,-194.74,0
14221,90.91,-195.45,0
14232,90.91,-196.14,0
14243,90.91,-196.82,0
14255,83.33,-196.66,0
14267,83.33,-195.66,0
14278,90.91,-195.34,0
14289,90.91,-195.11,0
14301,83.33,-194.55,0
14312,90.91,-194.31,0
14323,90.91,-194.69,0
14336,76.92,-195.46,0
14347,90.91,-196.11,0
14358,90.91,-195.91,0
14369,90.91,-195.30,0
14381,83.33,-195.08,0
14392,90.91,-195.36,0
14404,83.33,-195.30,0
14415,90.91,-194.93,0
14427,83.33,-195.44,0
14438,90.91,-195.89,0
14449,90.91,-195.69,0
14460,90.91,-195.89,0
14473,76.92,-195.19,0
14484,90.91,-194.42,0
14495,90.91,-193.89,0
14507,83.33,-195.25,0
14518,90.91,-195.93,0
14529,90.91,-195.59,0
14541,83.33,-196.12,0
14553,83.33,-195.97,0
14564,90.91,-195.81,0
14575,90.91,-194.98,0
14586,90.91,-194.77,0
14598,83.33,-194.90,0
14610,83.33,-195.94,0
14621,90.91,-196.29,0
14632,90.91,-196.03,0
14644,83.33,-195.82,0
14655,90.91,-195.80,0
14666,90.91,-195.25,0
14679,76.92,-194.00,0
14690,90.91,-194.05,0
14701,90.91,-194.66,0
14712,90.91,-195.21,0
14724,83.33,-195.62,0
14735,90.91,-196.01,0
14747,83.33,-196.00,0
14758,90.91,-195.17,0
14770,83.33,-195.04,0
14781,90.91,-194.34,0
14792,90.91,-194.26,0
14803,90.91,-194.76,0
14816,76.92,-195.90,0
14827,90.91,-196.84,0
14838,90.91,-195.85,0
14850,83.33,-195.36,0
14861,90.91,-194.65,0
14872,90.91,-194.88,0
14884,83.33,-195.03,0
14896,83.33,-195.18,0
14907,90.91,-195.47,0
14918,90.91,-195.71,0
14929,90.91,-195.72,0
14941,83.33,-195.59,0
14953,83.33,-195.06,0
14964,90.91,-194.67,0
14976,83.33,-194.17,0
14987,90.91,-194.58,0
14998,90.91,-195.47,0
15009,90.91,-196.06,0
15022,76.92,-196.94,0
15033,90.91,-196.64,0
15044,90.91,-196.03,0
15055,90.91,-195.16,0
15067,83.33,-194.86,0
15078,90.91,-195.14,0
15090,83.33,-194.99,0
15101,90.91,-194.99,0
15113,83.33,-195.45,0
15124,90.91,-195.55,0
15135,90.91,-195.78,0
15147,83.33,-195.24,0
15159,83.33,-194.58,0
15170,90.91,-194.73,0
15181,90.91,-194.74,0
15193,83.33,-194.94,0
15204,90.91,-196.14,0
15215,90.91,-196.11,0
15227,83.33,-196.02,0
15239,83.33,-195.36,0
15250,90.91,-194.45,0
15261,90.91,-194.78,0
15272,90.91,-194.92,0
15284,83.33,-195.69,0
15296,83.33,-195.07,0
15307,90.91,-195.44,0
15319,83.33,-195.92,0
15330,90.91,-194.95,0
15341,90.91,-195.03,0
15352,90.91,-194.63,0
15365,76.92,-194.40,0
15376,90.91,-195.00,0
15387,90.91,-195.79,0
15398,90.91,-196.57,0
15410,83.33,-196.61,0
15421,90.91,-196.19,0
15433,83.33,-195.87,0
15444,90.91,-194.75,0
15456,83.33,-194.24,0
15467,90.91,-194.74,0
15478,90.91,-195.37,0
15490,83.33,-195.96,0
15502,83.33,-196.36,0
15513,90.91,-196.16,0
15524,90.91,-195.42,0
15536,83.33,-194.78,0
15547,90.91,-194.84,0
15558,90.91,-195.31,0
15570,83.33,-195.75,0
15582,83.33,-196.17,0
15593,90.91,-196.34,0
15604,90.91,-195.86,0
15616,83.33,-195.87,0
15627,90.91,-195.34,0
15639,83.33,-194.96,0
15650,90.91,-194.53,0
15662,83.33,-194.48,0
15673,90.91,-195.48,0
15684,90.91,-195.89,0
15695,90.91,-196.56,0
15708,76.92,-196.11,0
15719,90.91,-195.51,0
15730,90.91,-195.24,0
15741,90.91,-194.66,0
15753,83.33,-194.91,0
15764,90.91,-195.37,0
15776,83.33,-195.99,0
15788,83.33,-196.76,0
15799,90.91,-196.10,0
15810,90.91,-196.26,0
15821,90.91,-195.33,0
15833,83.33,-194.63,0
15845,83.33,-194.57,0
15856,90.91,-195.38,0
15867,90.91,-196.71,0
15879,83.33,-196.50,0
15890,90.91,-195.90,0
15901,90.91,-195.73,0
15913,83.33,-195.10,0
15925,83.33,-194.39,0
15936,90.91,-194.21,0
15947,90.91,-193.91,0
15959,83.33,-194.56,0
15970,90.91,-195.66,0
15982,83.33,-196.31,0
15993,90.91,-196.15,0
16005,83.33,-195.61,0
16016,90.91,-195.11,0
16027,90.91,-194.95,0
16038,90.91,-194.61,0
16051,76.92,-194.85,0
16062,90.91,-195.84,0
16073,90.91,-196.52,0
16084,90.91,-196.95,0
16096,83.33,-196.68,0
16107,90.91,-195.01,0
16119,83.33,-194.14,0
16131,83.33,-194.48,0
16142,90.91,-194.86,0
16153,90.91,-195.00,0
16164,90.91,-195.52,0
16176,83.33,-196.66,0
16188,83.33,-196.48,0
16199,90.91,-195.79,0
16210,90.91,-195.01,0
16222,83.33,-194.37,0
16233,90.91,-194.50,0
16244,90.91,-195.52,0
16257,76.92,-196.52,0
16268,90.91,-196.10,0
16279,90.91,-196.23,0
16290,90.91,-195.74,0
16302,83.33,-194.94,0
16313,90.91,-194.54,0
16325,90.91,-194.84,0
16336,83.33,-195.18,0
16348,83.33,-195.34,0
16359,90.91,-195.59,0
16370,90.91,-196.57,0
16381,90.91,-196.41,0
16394,83.33,-195.55,0
16405,83.33,-195.26,0
16416,90.91,-195.23,0
16428,83.33,-195.37,0
16439,90.91,-195.74,0
16450,90.91,-196.14,0
16462,90.91,-196.89,0
16474,76.92,-196.02,0
16485,90.91,-195.66,0
16496,90.91,-194.87,0
16507,90.91,-194.84,0
16519,83.33,-195.37,0
16531,90.91,-195.62,0
16542,83.33,-195.69,0
16553,90.91,-196.40,0
16565,83.33,-196.34,0
16576,90.91,-196.26,0
16587,90.91,-195.11,0
16600,83.33,-194.29,0
16611,83.33,-193.96,0
16622,90.91,-193.92,0
16633,90.91,-194.62,0
16645,83.33,-196.29,0
16656,90.91,-196.42,0
16668,90.91,-195.82,0
16679,83.33,-196.13,0
16691,83.33,-195.26,0
16702,90.91,-195.22,0
16713,90.91,-195.27,0
16724,90.91,-195.00,0
16737,83.33,-195.28,0
16748,83.33,-195.81,0
16759,90.91,-195.92,0
16771,83.33,-195.44,0
16782,90.91,-195.66,0
16793,90.91,-194.88,0
16805,90.91,-194.45,0
16817,76.92,-195.00,0
16828,90.91,-195.81,0
16839,90.91,-195.92,0
16850,90.91,-196.03,0
16862,83.33,-195.61,0
16874,90.91,-195.62,0
16885,83.33,-194.99,0
16897,83.33,-194.39,0
16908,90.91,-194.67,0
16919,90.91,-195.22,0
16930,90.91,-195.94,0
16943,83.33,-196.03,0
16954,83.33,-195.83,0
16965,90.91,-195.72,0
16976,90.91,-194.98,0
16988,83.33,-194.59,0
16999,90.91,-194.90,0
17011,90.91,-195.09,0
17022,83.33,-195.76,0
17034,83.33,-196.70,0
17045,90.91,-196.52,0
17056,90.91,-196.08,0
17068,83.33,-195.63,0
17080,90.91,-194.42,0
17091,83.33,-194.57,0
17102,90.91,-194.87,0
17114,83.33,-195.17,0
17125,90.91,-195.89,0
17136,90.91,-195.97,0
17147,90.91,-195.74,0
17160,76.92,-195.08,0
17171,90.91,-194.45,0
17182,90.91,-194.58,0
17193,90.91,-194.20,0
17205,83.33,-194.73,0
17216,90.91,-195.43,0
17228,83.33,-196.70,0
17240,83.33,-196.77,0
17251,90.91,-196.68,0
17262,90.91,-195.80,0
17273,90.91,-194.45,0
17285,83.33,-193.64,0
17297,83.33,-194.42,0
17308,90.91,-195.49,0
17319,90.91,-195.71,0
17331,83.33,-196.34,0
17342,90.91,-195.57,0
17353,90.91,-195.13,0
17366,76.92,-194.84,0
17377,90.91,-194.51,0
17388,90.91,-194.76,0
17399,90.91,-195.27,0
17411,83.33,-195.84,0
17422,90.91,-196.59,0
17434,83.33,-196.18,0
17445,90.91,-195.59,0
17457,83.33,-195.25,0
17468,90.91,-194.59,0
17479,90.91,-194.60,0
17490,90.91,-195.49,0
17503,76.92,-195.84,0
17514,90.91,-196.39,0
17525,90.91,-196.80,0
17537,83.33,-196.06,0
17548,90.91,-195.83,0
17559,90.91,-194.31,0
17571,83.33,-193.97,0
17583,83.33,-194.60,0
17594,90.91,-195.41,0
17605,90.91,-195.53,0
17616,90.91,-196.08,0
17628,83.33,-196.14,0
17640,83.33,-195.16,0
17651,90.91,-194.89,0
17662,90.91,-194.78,0
17674,83.33,-194.51,0
17685,90.91,-194.87,0
17696,90.91,-195.91,0
17709,76.92,-196.41,0
17720,90.91,-196.07,0
17731,90.91,-195.97,0
17742,90.91,-195.33,0
17754,83.33,-194.65,0
17765,90.91,-194.76,0
17777,83.33,-194.91,0
17788,90.91,-195.21,0
17800,83.33,-196.10,0
17811,90.91,-196.80,0
17822,90.91,-196.50,0
17833,90.91,-195.67,0
17846,76.92,-194.98,0
17857,90.91,-194.48,0
17868,90.91,-194.86,0
17880,83.33,-195.89,0
17891,90.91,-196.27,0
17902,90.91,-196.48,0
17914,83.33,-196.13,0
17926,83.33,-195.70,0
17937,90.91,-194.80,0
17948,90.91,-194.38,0
17959,90.91,-194.40,0
17971,83.33,-194.89,0
17983,83.33,-195.41,0
17994,90.91,-196.20,0
18006,83.33,-196.05,0
18017,90.91,-195.39,0
18028,90.91,-194.89,0
18039,90.91,-194.79,0
18052,76.92,-194.19,0
18063,90.91,-194.77,0
18074,90.91,-195.01,0
18085,90.91,-195.50,0
18097,83.33,-196.12,0
18108,90.91,-196.22,0
18120,83.33,-195.90,0
18131,90.91,-195.30,0
18143,83.33,-194.54,0
18154,90.91,-194.89,0
18165,90.91,-195.64,0
18177,83.33,-195.78,0
18189,83.33,-196.14,0
18200,90.91,-195.86,0
18211,90.91,-195.33,0
18223,83.33,-195.06,0
18234,90.91,-194.19,0
18245,90.91,-194.28,0
18257,83.33,-194.85,0
18269,83.33,-195.63,0
18280,90.91,-196.36,0
18291,90.91,-196.37,0
18302,90.91,-195.88,0
18314,83.33,-195.67,0
18326,83.33,-195.44,0
18337,90.91,-194.96,0
18349,83.33,-195.38,0
18360,90.91,-195.07,0
18371,90.91,-195.41,0
18382,90.91,-196.19,0
18395,76.92,-196.39,0
18406,90.91,-196.24,0
18417,90.91,-195.48,0
18428,90.91,-195.04,0
18440,83.33,-195.42,0
18451,90.91,-195.22,0
18463,83.33,-195.13,0
18475,83.33,-195.52,0
18486,90.91,-195.02,0
18497,90.91,-195.05,0
18508,90.91,-194.84,0
18520,83.33,-194.90,0
18532,83.33,-194.97,0
18543,90.91,-194.60,0
18554,90.91,-194.83,0
18566,83.33,-195.68,0
18577,90.91,-196.26,0
18588,90.91,-195.52,0
18600,83.33,-195.18,0
18612,83.33,-195.72,0
18623,90.91,-195.06,0
18634,90.91,-195.30,0
18646,83.33,-195.44,0
18657,90.91,-196.16,0
18669,83.33,-196.22,0
18680,90.91,-196.02,0
18692,83.33,-195.63,0
18703,90.91,-195.30,0
18714,90.91,-194.93,0
18725,90.91,-195.37,0
18738,76.92,-195.57,0
18749,90.91,-196.20,0
18760,90.91,-196.02,0
18771,90.91,-196.35,0
18783,83.33,-196.12,0
18794,90.91,-195.32,0
18806,83.33,-194.32,0
18818,83.33,-194.11,0
18829,90.91,-194.65,0
18840,90.91,-195.35,0
18851,90.91,-195.65,0
18863,83.33,-195.88,0
18875,83.33,-196.26,0
18886,90.91,-196.08,0
18897,90.91,-195.28,0
18909,83.33,-195.07,0
18920,90.91,-194.16,0
18931,90.91,-194.48,0
18944,76.92,-195.38,0
18955,90.91,-195.53,0
18966,90.91,-195.71,0
18977,90.91,-195.54,0
18989,83.33,-195.18,0
19000,90.91,-194.96,0
19012,83.33,-194.82,0
19023,90.91,-194.79,0
19035,83.33,-195.65,0
19046,90.91,-196.14,0
19057,90.91,-196.75,0
19068,90.91,-196.86,0
19081,76.92,-195.81,0
19092,90.91,-195.21,0
19103,90.91,-194.33,0
19115,83.33,-194.13,0
19126,90.91,-194.72,0
19137,90.91,-195.93,0
19149,83.33,-196.47,0
19161,83.33,-196.49,0
19172,90.91,-196.31,0
19183,90.91,-195.19,0
19194,90.91,-194.68,0
19206,83.33,-194.37,0
19218,83.33,-195.57,0
19229,90.91,-195.82,0
19240,90.91,-195.74,0
19252,83.33,-196.63,0
19263,90.91,-196.85,0
19274,90.91,-195.98,0
19287,76.92,-194.62,0
19298,90.91,-194.39,0
19309,90.91,-194.44,0
19320,90.91,-195.40,0
19332,83.33,-196.59,0
19343,90.91,-196.65,0
19355,83.33,-196.20,0
19366,90.91,-195.99,0
19378,83.33,-195.07,0
19389,90.91,-194.83,0
19400,90.91,-195.07,0
19411,90.91,-195.67,0
19424,76.92,-195.65,0
19435,90.91,-195.99,0
19446,90.91,-196.22,0
19458,83.33,-195.98,0
19469,90.91,-196.01,0
19480,90.91,-195.25,0
19492,83.33,-194.77,0
19504,83.33,-194.15,0
19515,90.91,-195.08,0
19526,90.91,-196.11,0
19537,90.91,-196.72,0
19549,83.33,-196.17,0
19561,83.33,-195.82,0
19572,90.91,-195.02,0
19584,83.33,-194.89,0
19595,90.91,-195.00,0
19606,90.91,-195.10,0
19617,90.91,-195.30,0
19630,76.92,-196.29,0
19641,90.91,-196.85,0
19652,90.91,-196.04,0
19663,90.91,-195.95,0
19675,83.33,-195.49,0
19686,90.91,-194.28,0
19698,83.33,-194.33,0
19709,90.91,-195.20,0
19721,83.33,-196.19,0
19732,90.91,-196.90,0
19743,90.91,-196.61,0
19755,83.33,-195.80,0
19767,83.33,-195.12,0
19778,90.91,-194.75,0
19789,90.91,-195.51,0
19801,83.33,-195.75,0
19812,90.91,-195.85,0
19823,90.91,-196.43,0
19835,83.33,-196.37,0
19847,83.33,-195.94,0
19858,90.91,-195.09,0
19869,90.91,-194.55,0
19880,90.91,-194.82,0
19892,83.33,-195.16,0
19904,83.33,-195.71,0
19915,90.91,-196.30,0
19927,83.33,-196.39,0
19938,90.91,-196.04,0
19949,90.91,-194.95,0
19960,90.91,-194.64,0
19973,83.33,-194.66,0
19984,90.91,-195.06,0
19995,90.91,-195.60,0
20006,90.91,-195.95,0
20018,83.33,-196.07,0
20029,90.91,-196.30,0
20041,90.91,-195.73,0
20052,83.33,-194.70,0
20064,83.33,-195.14,0
20075,90.91,-194.65,0
20086,90.91,-195.04,0
20098,83.33,-195.60,0
20110,90.91,-196.46,0
20121,83.33,-196.26,0
20132,90.91,-195.51,0
20144,83.33,-194.88,0
20155,90.91,-194.79,0
20166,90.91,-194.59,0
20178,90.91,-194.02,0
20190,76.92,-194.85,0
20201,90.91,-196.09,0
20212,90.91,-196.43,0
20224,83.33,-196.05,0
20235,90.91,-196.14,0
20247,90.91,-195.25,0
20258,83.33,-194.26,0
20270,83.33,-194.46,0
20281,90.91,-195.44,0
20292,90.91,-196.05,0
20303,90.91,-195.94,0
20316,83.33,-196.60,0
20327,83.33,-195.91,0
20338,90.91,-195.77,0
20349,90.91,-194.86,0
20361,83.33,-194.31,0
20372,90.91,-194.82,0
20384,90.91,-195.80,0
20396,76.92,-196.29,0
20407,90.91,-196.13,0
20418,90.91,-195.39,0
20429,90.91,-195.70,0
20441,83.33,-194.15,0
20453,90.91,-193.68,0
20464,83.33,-194.15,0
20475,90.91,-195.14,0
20487,83.33,-195.63,0
20498,90.91,-196.05,0
20509,90.91,-195.87,0
20520,90.91,-196.07,0
20533,76.92,-195.54,0
20544,90.91,-194.65,0
20555,90.91,-193.98,0
20567,83.33,-195.34,0
20578,90.91,-196.20,0
20589,90.91,-196.80,0
20601,83.33,-196.28,0
20613,83.33,-195.89,0
20624,90.91,-195.76,0
20635,90.91,-195.17,0
20646,90.91,-194.60,0
20658,83.33,-194.54,0
20670,83.33,-195.30,0
20681,90.91,-195.51,0
20692,90.91,-196.42,0
20704,83.33,-196.82,0
20715,90.91,-196.43,0
20726,90.91,-195.47,0
20739,76.92,-194.81,0
20750,90.91,-194.94,0
20761,90.91,-195.19,0
20772,90.91,-195.32,0
20784,83.33,-195.47,0
20795,90.91,-195.63,0
20807,83.33,-195.57,0
20818,90.91,-195.62,0
20830,83.33,-194.52,0
20841,90.91,-194.77,0
20852,90.91,-194.94,0
20864,83.33,-196.22,0
20876,83.33,-196.85,0
20887,90.91,-196.96,0
20898,90.91,-197.13,0
20910,83.33,-196.44,0
20921,90.91,-195.37,0
20932,90.91,-194.38,0
20944,83.33,-193.74,0
20956,83.33,-194.53,0
20967,90.91,-195.44,0
20978,90.91,-195.93,0
20989,90.91,-195.64,0
21001,83.33,-195.33,0
21013,83.33,-195.17,0
21024,90.91,-194.72,0
21036,83.33,-194.48,0
21047,90.91,-195.40,0
21058,90.91,-196.22,0
21069,90.91,-196.87,0
21082,76.92,-196.90,0
21093,90.91,-196.38,0
21104,90.91,-195.87,0
21115,90.91,-194.37,0
21127,83.33,-193.76,0
21138,90.91,-194.61,0
21150,83.33,-195.09,0
21161,90.91,-195.16,0
21173,83.33,-196.16,0
21184,90.91,-196.00,0
21195,90.91,-195.91,0
21207,83.33,-195.33,0
21219,83.33,-194.70,0
21230,90.91,-194.90,0
21241,90.91,-195.74,0
21253,83.33,-196.43,0
21264,90.91,-196.67,0
21275,90.91,-196.52,0
21287,83.33,-195.57,0
21299,83.33,-195.28,0
21310,90.91,-194.48,0
21321,90.91,-194.42,0
21332,90.91,-194.64,0
21344,83.33,-194.84,0
21356,83.33,-196.07,0
21367,90.91,-196.68,0
21379,83.33,-196.81,0
21390,90.91,-195.99,0
21401,90.91,-195.62,0
21412,90.91,-195.41,0
21425,76.92,-195.89,0
21436,90.91,-195.91,0
21447,90.91,-196.30,0
21458,90.91,-196.29,0
21470,83.33,-196.39,0
21481,90.91,-195.67,0
21493,83.33,-194.54,0
21505,83.33,-194.48,0
21516,90.91,-195.23,0
21527,90.91,-195.11,0
21538,90.91,-195.36,0
21550,83.33,-196.22,0
21562,83.33,-196.37,0
21573,90.91,-196.10,0
21584,90.91,-195.66,0
21596,83.33,-195.25,0
21607,90.91,-195.38,0
21618,90.91,-195.49,0
21630,83.33,-195.60,0
21642,83.33,-196.10,0
21653,90.91,-196.13,0
21664,90.91,-196.26,0
21676,83.33,-196.28,0
21687,90.91,-195.24,0
21699,83.33,-194.11,0
21710,90.91,-194.40,0
21722,83.33,-194.72,0
21733,90.91,-195.49,0
21744,90.91,-195.67,0
21755,90.91,-196.13,0
21768,76.92,-196.11,0
21779,90.91,-194.85,0
21790,90.91,-194.34,0
21801,90.91,-194.50,0
21813,83.33,-194.74,0
21824,90.91,-194.85,0
21836,83.33,-195.39,0
21848,83.33,-196.22,0
21859,90.91,-196.17,0
21870,90.91,-195.99,0
21881,90.91,-195.06,0
21893,83.33,-194.39,0
21905,83.33,-194.13,0
21916,90.91,-194.90,0
21927,90.91,-195.87,0
21939,83.33,-196.49,0
21950,90.91,-196.45,0
21961,90.91,-196.07,0
21974,76.92,-195.20,0
21985,90.91,-194.29,0
21996,90.91,-194.83,0
22007,90.91,-194.87,0
22019,83.33,-195.06,0
22030,90.91,-196.03,0
22042,83.33,-196.49,0
22053,90.91,-196.22,0
22065,83.33,-195.63,0
22076,90.91,-194.92,0
22087,90.91,-195.00,0
22098,90.91,-194.78,0
22111,76.92,-195.49,0
22122,90.91,-195.88,0
22133,90.91,-195.78,0
22145,83.33,-196.32,0
22156,90.91,-196.05,0
22167,90.91,-195.70,0
22179,83.33,-194.82,0
22191,83.33,-194.89,0
22202,90.91,-195.00,0
22213,90.91,-195.72,0
22224,90.91,-196.31,0
22236,83.33,-196.11,0
22248,83.33,-196.00,0
22259,90.91,-195.09,0
22270,90.91,-194.57,0
22282,83.33,-193.89,0
22293,90.91,-193.74,0
22304,90.91,-194.21,0
22317,76.92,-195.08,0
22328,90.91,-196.10,0
22339,90.91,-196.52,0
22350,90.91,-196.10,0
22362,83.33,-194.98,0
22373,90.91,-194.89,0
22385,83.33,-194.88,0
22396,90.91,-195.50,0
22408,83.33,-195.93,0
22419,90.91,-196.37,0
22430,90.91,-196.63,0
22441,90.91,-196.08,0
22454,76.92,-195.58,0
22465,90.91,-194.68,0
22476,90.91,-193.99,0
22488,83.33,-194.51,0
22499,90.91,-194.60,0
22510,90.91,-195.51,0
22522,83.33,-195.44,0
22534,83.33,-195.40,0
22545,90.91,-195.59,0
22556,90.91,-195.16,0
22567,90.91,-195.04,0
22579,83.33,-194.83,0
22591,83.33,-195.47,0
22602,90.91,-196.53,0
22614,83.33,-196.12,0
22625,90.91,-196.15,0
22636,90.91,-196.23,0
22647,90.91,-194.84,0
22660,76.92,-194.65,0
22671,90.91,-194.07,0
22682,90.91,-194.52,0
22693,90.91,-195.30,0
22705,83.33,-195.35,0
22716,90.91,-196.07,0
22728,83.33,-195.69,0
22739,90.91,-195.01,0
22751,83.33,-194.73,0
22762,90.91,-194.62,0
22773,90.91,-194.27,0
22785,83.33,-194.80,0
22797,83.33,-194.68,0
22808,90.91,-195.73,0
22819,90.91,-195.88,0
22831,83.33,-195.49,0
22842,90.91,-195.32,0
22853,90.91,-194.68,0
22865,83.33,-194.39,0
22877,83.33,-194.53,0
22888,90.91,-195.58,0
22899,90.91,-196.43,0
22910,90.91,-196.30,0
22922,83.33,-196.01,0
22934,83.33,-195.15,0
22945,90.91,-194.81,0
22957,83.33,-194.23,0
22968,90.91,-194.39,0
22979,90.91,-195.47,0
22990,90.91,-195.92,0
23003,76.92,-196.58,0
23014,90.91,-196.01,0
23025,90.91,-195.67,0
23036,90.91,-195.33,0
23048,83.33,-194.74,0
23059,90.91,-194.65,0
23071,83.33,-195.17,0
23083,83.33,-195.74,0
23094,90.91,-196.31,0
23105,90.91,-196.30,0
23116,90.91,-195.95,0
23128,83.33,-195.00,0
23140,83.33,-194.53,0
23151,90.91,-194.58,0
23162,90.91,-195.07,0
23174,83.33,-195.54,0
23185,90.91,-196.03,0
23196,90.91,-195.51,0
23208,83.33,-195.79,0
23220,83.33,-195.58,0
23231,90.91,-195.05,0
23242,90.91,-195.06,0
23254,83.33,-194.85,0
23265,90.91,-195.49,0
23277,83.33,-195.78,0
23288,90.91,-196.27,0
23300,83.33,-196.91,0
23311,90.91,-196.73,0
23322,90.91,-195.42,0
23333,90.91,-194.21,0
23346,76.92,-194.36,0
23357,90.91,-195.08,0
23368,90.91,-195.37,0
23379,90.91,-195.75,0
23391,83.33,-196.01,0
23402,90.91,-196.32,0
23414,83.33,-195.60,0
23426,83.33,-195.22,0
23437,90.91,-194.60,0
23448,90.91,-194.48,0
23459,90.91,-194.50,0
23471,83.33,-195.74,0
23483,83.33,-196.56,0
23494,90.91,-196.55,0
23505,90.91,-195.47,0
23517,83.33,-195.31,0
23528,90.91,-194.18,0
23539,90.91,-193.92,0
23552,76.92,-194.42,0
23563,90.91,-195.72,0
23574,90.91,-195.88,0
23585,90.91,-196.05,0
23597,83.33,-195.64,0
23608,90.91,-195.43,0
23620,83.33,-194.74,0
23631,90.91,-194.68,0
23643,83.33,-194.32,0
23654,90.91,-195.16,0
23665,90.91,-196.37,0
23676,90.91,-196.30,0
23689,76.92,-195.92,0
23700,90.91,-195.38,0
23711,90.91,-194.59,0
23723,83.33,-195.12,0
23734,90.91,-195.34,0
23745,90.91,-194.98,0
23757,83.33,-195.04,0
23769,83.33,-195.99,0
23780,90.91,-196.06,0
23791,90.91,-195.73,0
23802,90.91,-195.56,0
23814,83.33,-194.95,0
23826,83.33,-194.69,0
23837,90.91,-195.15,0
23848,90.91,-195.71,0
23860,83.33,-196.62,0
23871,90.91,-196.56,0
23882,90.91,-196.12,0
23895,76.92,-195.19,0
23906,90.91,-194.53,0
23917,90.91,-194.47,0
23928,90.91,-194.89,0
23940,83.33,-195.57,0
23951,90.91,-196.46,0
23963,83.33,-196.57,0
23974,90.91,-196.78,0
23986,83.33,-196.40,0
23997,90.91,-195.51,0
24008,90.91,-194.83,0
24019,90.91,-194.85,0
24032,76.92,-195.25,0
24043,90.91,-195.94,0
24054,90.91,-195.92,0
24066,83.33,-196.23,0
24077,90.91,-195.95,0
24088,90.91,-195.24,0
24100,83.33,-194.87,0
24112,83.33,-194.69,0
24123,90.91,-195.11,0
24134,90.91,-195.54,0
24145,90.91,-196.12,0
24157,83.33,-196.53,0
24169,83.33,-196.18,0
24180,90.91,-195.89,0
24192,83.33,-195.32,0
24203,90.91,-194.98,0
24214,90.91,-194.80,0
24225,90.91,-195.25,0
24238,83.33,-196.20,0
24249,90.91,-196.50,0
24260,90.91,-196.45,0
24271,90.91,-196.30,0
24283,83.33,-195.42,0
24294,90.91,-194.96,0
24306,90.91,-194.77,0
24317,83.33,-195.03,0
24329,83.33,-195.04,0
24340,90.91,-196.21,0
24351,90.91,-196.61,0
24363,83.33,-196.10,0
24375,90.91,-195.55,0
24386,83.33,-195.22,0
24397,90.91,-194.59,0
24409,83.33,-193.95,0
24420,90.91,-194.92,0
24431,90.91,-195.68,0
24443,90.91,-195.83,0
24455,76.92,-196.16,0
24466,90.91,-195.94,0
24477,90.91,-194.85,0
24488,90.91,-194.51,0
24500,83.33,-194.81,0
24512,90.91,-195.48,0
24523,83.33,-195.98,0
24535,83.33,-195.64,0
24546,90.91,-196.34,0
24557,90.91,-195.78,0
24568,90.91,-195.07,0
24581,83.33,-194.76,0
24592,83.33,-194.55,0
24603,90.91,-195.05,0
24614,90.91,-195.98,0
24626,83.33,-196.65,0
24637,90.91,-196.43,0
24649,90.91,-195.83,0
24660,83.33,-195.19,0
24672,83.33,-194.86,0
24683,90.91,-194.24,0
24694,90.91,-194.92,0
24706,83.33,-195.25,0
24718,90.91,-196.52,0
24729,83.33,-197.01,0
24740,90.91,-196.80,0
24752,83.33,-196.28,0
24763,90.91,-195.17,0
24774,90.91,-194.54,0
24786,90.91,-194.24,0
24798,76.92,-195.02,0
24809,90.91,-195.61,0
24820,90.91,-196.25,0
24832,83.33,-196.56,0
24843,90.91,-195.87,0
24855,90.91,-195.01,0
24866,83.33,-194.56,0
24878,83.33,-194.14,0
24889,90.91,-194.60,0
24900,90.91,-194.91,0
24911,90.91,-195.90,0
24923,83.33,-196.73,0
24935,83.33,-196.24,0
24946,90.91,-196.65,0
24957,90.91,-196.54,0
24969,83.33,-195.19,0
24980,90.91,-194.84,0
24991,90.91,-195.07,0
25004,76.92,-195.91,0
25015,90.91,-196.25,0
25026,90.91,-195.99,0
25037,90.91,-195.92,0
25049,83.33,-195.40,0
25060,90.91,-194.77,0
25072,83.33,-194.26,0
25083,90.91,-195.22,0
25095,83.33,-196.07,0
25106,90.91,-196.53,0
25117,90.91,-196.70,0
25128,90.91,-196.65,0
25141,76.92,-195.74,0
25152,90.91,-195.03,0
25163,90.91,-194.74,0
25175,83.33,-194.71,0
25186,90.91,-195.10,0
25197,90.91,-195.96,0
25209,83.33,-196.00,0
25221,83.33,-196.07,0
25232,90.91,-195.73,0
25243,90.91,-195.29,0
25254,90.91,-195.02,0
25266,83.33,-194.74,0
25278,83.33,-194.65,0
25289,90.91,-195.67,0
25300,90.91,-195.95,0
25312,83.33,-196.20,0
25323,90.91,-195.69,0
25334,90.91,-195.62,0
25347,76.92,-194.68,0
25358,90.91,-194.50,0
25369,90.91,-194.87,0
25380,90.91,-195.40,0
25392,83.33,-196.20,0
25403,90.91,-196.31,0
25415,83.33,-195.65,0
25426,90.91,-195.44,0
25438,83.33,-194.65,0
25449,90.91,-193.93,0
25460,90.91,-194.23,0
25472,83.33,-194.93,0
25484,83.33,-195.56,0
25495,90.91,-195.95,0
25506,90.91,-196.29,0
25518,83.33,-195.91,0
25529,90.91,-195.53,0
25540,90.91,-195.29,0
25552,83.33,-195.74,0
25564,83.33,-194.93,0
25575,90.91,-195.07,0
25586,90.91,-195.73,0
25597,90.91,-196.08,0
25609,83.33,-196.09,0
25621,83.33,-195.09,0
25632,90.91,-194.78,0
25644,83.33,-194.23,0
25655,90.91,-194.64,0
25666,90.91,-195.56,0
25677,90.91,-195.92,0
25690,76.92,-196.82,0
25701,90.91,-197.07,0
25712,90.91,-196.94,0
25723,90.91,-195.90,0
25735,83.33,-194.68,0
25746,90.91,-194.49,0
25758,83.33,-194.64,0
25769,90.91,-194.90,0
25781,83.33,-195.18,0
25792,90.91,-195.88,0
25803,90.91,-196.08,0
25815,83.33,-195.73,0
25827,83.33,-194.78,0
25838,90.91,-194.25,0
25849,90.91,-194.79,0
25861,83.33,-195.66,0
25872,90.91,-195.85,0
25883,90.91,-196.53,0
25895,83.33,-196.39,0
25907,83.33,-195.86,0
25918,90.91,-195.36,0
25929,90.91,-195.03,0
25940,90.91,-195.16,0
25952,83.33,-195.00,0
25964,83.33,-194.93,0
25975,90.91,-195.76,0
25987,83.33,-196.40,0
25998,90.91,-196.18,0
26009,90.91,-195.39,0
26020,90.91,-194.91,0
26033,76.92,-194.58,0
26044,90.91,-195.12,0
26055,90.91,-195.76,0
26066,90.91,-195.79,0
26078,83.33,-196.33,0
26089,90.91,-196.26,0
26101,83.33,-195.69,0
26113,83.33,-195.27,0
26124,90.91,-194.46,0
26135,90.91,-194.33,0
26146,90.91,-194.86,0
26158,83.33,-195.42,0
26170,83.33,-196.71,0
26181,90.91,-196.34,0
26192,90.91,-196.15,0
26204,83.33,-195.22,0
26215,90.91,-194.65,0
26226,90.91,-194.85,0
26238,83.33,-194.88,0
26250,83.33,-195.48,0
26261,90.91,-195.61,0
26272,90.91,-196.31,0
26284,83.33,-196.33,0
26295,90.91,-196.06,0
26307,83.33,-195.54,0
26318,90.91,-195.00,0
26330,83.33,-194.89,0
26341,90.91,-195.20,0
26352,90.91,-195.63,0
26363,90.91,-196.21,0
26376,76.92,-195.85,0
26387,90.91,-195.75,0
26398,90.91,-195.47,0
26409,90.91,-195.16,0
26421,83.33,-194.61,0
26432,90.91,-195.10,0
26444,83.33,-195.73,0
26456,83.33,-196.09,0
26467,90.91,-196.39,0
26478,90.91,-195.95,0
26489,90.91,-195.23,0
26501,83.33,-195.00,0
26513,83.33,-194.64,0
26524,90.91,-194.72,0
26535,90.91,-195.32,0
26547,83.33,-195.03,0
26558,90.91,-195.85,0
26569,90.91,-196.42,0
26582,76.92,-196.34,0
26593,90.91,-194.53,0
26604,90.91,-194.61,0
26615,90.91,-194.69,0
26627,83.33,-195.23,0
26638,90.91,-195.69,0
26650,83.33,-196.23,0
26661,90.91,-195.96,0
26673,83.33,-195.36,0
26684,90.91,-194.72,0
26695,90.91,-194.40,0
26706,90.91,-194.15,0
26719,76.92,-194.58,0
26730,90.91,-195.46,0
26741,90.91,-195.99,0
26753,83.33,-196.15,0
26764,90.91,-195.50,0
26775,90.91,-195.36,0
26787,83.33,-194.53,0
26799,83.33,-194.48,0
26810,90.91,-193.83,0
26821,90.91,-194.41,0
26832,90.91,-195.44,0
26844,83.33,-196.09,0
26856,83.33,-196.76,0
26867,90.91,-195.88,0
26878,90.91,-195.08,0
26890,83.33,-194.39,0
26901,90.91,-194.60,0
26912,90.91,-194.97,0
26925,76.92,-195.20,0
26936,90.91,-196.05,0
26947,90.91,-196.02,0
26958,90.91,-196.31,0
26970,83.33,-196.26,0
26981,90.91,-194.76,0
26993,83.33,-194.41,0
27004,90.91,-195.02,0
27016,83.33,-195.16,0
27027,90.91,-195.69,0
27038,90.91,-195.97,0
27049,90.91,-196.36,0
27062,76.92,-196.06,0
27073,90.91,-195.49,0
27084,90.91,-194.38,0
27096,83.33,-194.61,0
27107,90.91,-195.23,0
27118,90.91,-195.70,0
27130,83.33,-196.31,0
27142,83.33,-196.42,0
27153,90.91,-196.21,0
27164,90.91,-195.13,0
27175,90.91,-194.61,0
27187,83.33,-194.61,0
27199,83.33,-194.84,0
27210,90.91,-195.58,0
27222,83.33,-196.12,0
27233,90.91,-196.42,0
27244,90.91,-196.52,0
27255,90.91,-195.84,0
27268,76.92,-194.68,0
27279,90.91,-194.01,0
27290,90.91,-193.35,0
27301,90.91,-194.52,0
27313,83.33,-195.04,0
27324,90.91,-196.27,0
27336,83.33,-195.95,0
27347,90.91,-195.81,0
27359,83.33,-195.24,0
27370,90.91,-194.94,0
27381,90.91,-194.43,0
27393,83.33,-195.25,0
27405,83.33,-195.42,0
27416,90.91,-195.35,0
27427,90.91,-196.01,0
27439,83.33,-196.34,0
27450,90.91,-195.32,0
27461,90.91,-194.05,0
27473,83.33,-194.10,0
27485,83.33,-194.27,0
27496,90.91,-194.88,0
27507,90.91,-195.42,0
27518,90.91,-195.56,0
27530,83.33,-195.92,0
27542,83.33,-195.28,0
27553,90.91,-194.77,0
27565,83.33,-194.41,0
27576,90.91,-194.89,0
27587,90.91,-195.23,0
27598,90.91,-195.80,0
27611,76.92,-196.53,0
27622,90.91,-196.14,0
27633,90.91,-195.14,0
27644,90.91,-194.87,0
27656,83.33,-194.46,0
27667,90.91,-194.08,0
27679,83.33,-194.45,0
27691,83.33,-194.85,0
27702,90.91,-196.02,0
27713,90.91,-196.14,0
27724,90.91,-195.56,0
27736,83.33,-195.88,0
27748,83.33,-195.27,0
27759,90.91,-195.40,0
27770,90.91,-195.23,0
27782,83.33,-195.46,0
27793,90.91,-196.04,0
27804,90.91,-196.06,0
27816,83.33,-196.12,0
27828,83.33,-195.69,0
27839,90.91,-194.90,0
27850,90.91,-194.41,0
27862,83.33,-194.57,0
27873,90.91,-194.73,0
27885,83.33,-195.71,0
27896,90.91,-195.78,0
27908,83.33,-195.83,0
27919,90.91,-195.80,0
27930,90.91,-195.79,0
27941,90.91,-194.72,0
27954,76.92,-194.30,0
27965,90.91,-194.42,0
27976,90.91,-195.14,0
27987,90.91,-195.77,0
27999,83.33,-195.90,0
28010,90.91,-195.50,0
28022,83.33,-195.56,0
28034,83.33,-194.71,0
28045,90.91,-195.05,0
28056,90.91,-194.55,0
28067,90.91,-194.82,0
28079,83.33,-195.85,0
28091,83.33,-196.70,0
28102,90.91,-196.37,0
28113,90.91,-196.21,0
28125,83.33,-195.53,0
28136,90.91,-194.89,0
28147,90.91,-193.84,0
28160,76.92,-194.00,0
28171,90.91,-195.01,0
28182,90.91,-196.35,0
28193,90.91,-196.49,0
28205,83.33,-195.95,0
28216,90.91,-195.42,0
28228,83.33,-194.78,0
28239,90.91,-194.57,0
28251,83.33,-195.02,0
28262,90.91,-195.14,0
28273,90.91,-195.75,0
28284,90.91,-196.47,0
28297,76.92,-196.51,0
28308,90.91,-195.87,0
28319,90.91,-195.00,0
28331,83.33,-194.30,0
28342,90.91,-193.72,0
28353,90.91,-194.04,0
28365,90.91,-194.93,0
28377,76.92,-195.72,0
28388,90.91,-196.08,0
28399,90.91,-195.56,0
28410,90.91,-195.63,0
28422,83.33,-195.57,0
28434,90.91,-194.85,0
28445,83.33,-195.05,0
28456,90.91,-195.31,0
28468,83.33,-196.01,0
28479,90.91,-195.95,0
28490,90.91,-195.66,0
28503,83.33,-195.59,0
28514,83.33,-195.17,0
28525,90.91,-194.87,0
28536,90.91,-194.32,0
28548,83.33,-194.68,0
28559,90.91,-195.26,0
28571,90.91,-195.11,0
28582,83.33,-195.84,0
28594,83.33,-195.72,0
28605,90.91,-194.84,0
28616,90.91,-194.12,0
28627,90.91,-193.78,0
28640,83.33,-194.17,0
28651,83.33,-195.32,0
28662,90.91,-196.37,0
28674,83.33,-196.43,0
28685,90.91,-196.14,0
28696,90.91,-195.40,0
28708,90.91,-194.51,0
28720,76.92,-194.11,0
28731,90.91,-194.31,0
28742,90.91,-195.00,0
28753,90.91,-195.79,0
28765,83.33,-195.84,0
28777,90.91,-196.48,0
28788,83.33,-196.24,0
28800,83.33,-195.60,0
28811,90.91,-194.61,0
28822,90.91,-194.48,0
28833,90.91,-194.09,0
28846,83.33,-194.91,0
28857,83.33,-196.38,0
28868,90.91,-196.74,0
28879,90.91,-195.96,0
28891,83.33,-195.36,0
28902,90.91,-194.62,0
28913,90.91,-194.35,0
28925,83.33,-194.09,0
28937,83.33,-194.53,0
28948,90.91,-194.95,0
28959,90.91,-195.16,0
28971,83.33,-195.78,0
28982,90.91,-195.94,0
28994,83.33,-195.37,0
29005,90.91,-194.63,0
29017,83.33,-194.61,0
29028,90.91,-194.84,0
29039,90.91,-195.83,0
29050,90.91,-196.40,0
29063,76.92,-196.64,0
29074,90.91,-196.33,0
29085,90.91,-195.67,0
29096,90.91,-195.38,0
29108,83.33,-194.38,0
29119,90.91,-194.28,0
29131,83.33,-195.12,0
29143,83.33,-195.56,0
29154,90.91,-196.05,0
29165,90.91,-195.82,0
29176,90.91,-195.19,0
29188,83.33,-194.73,0
29200,83.33,-194.68,0
29211,90.91,-194.80,0
29222,90.91,-194.99,0
29234,83.33,-195.63,0
29245,90.91,-195.93,0
29256,90.91,-195.72,0
29268,83.33,-196.00,0
29280,83.33,-195.66,0
29291,90.91,-195.13,0
29302,90.91,-195.22,0
29314,83.33,-194.98,0
29325,90.91,-195.26,0
29337,83.33,-196.32,0
29348,90.91,-196.57,0
29360,83.33,-195.93,0
29371,90.91,-194.69,0
29382,90.91,-194.50,0
29393,90.91,-194.00,0
29406,76.92,-194.67,0
29417,90.91,-195.35,0
29428,90.91,-195.50,0
29440,83.33,-195.82,0
29451,90.91,-196.14,0
29462,90.91,-196.13,0
29474,83.33,-195.55,0
29486,83.33,-194.64,0
29497,90.91,-194.87,0
29508,90.91,-194.96,0
29519,90.91,-196.08,0
29531,83.33,-196.48,0
29543,83.33,-196.35,0
29554,90.91,-196.27,0
29565,90.91,-195.64,0
29577,83.33,-195.13,0
29588,90.91,-194.86,0
29599,90.91,-194.70,0
29612,76.92,-195.02,0
29623,90.91,-195.87,0
29634,90.91,-196.87,0
29645,90.91,-196.28,0
29657,83.33,-195.65,0
29668,90.91,-195.28,0
29680,83.33,-194.78,0
29691,90.91,-194.77,0
29703,83.33,-195.22,0
29714,90.91,-195.84,0
29725,90.91,-196.25,0
29736,90.91,-196.45,0
29749,76.92,-196.12,0
29760,90.91,-195.42,0
29771,90.91,-194.65,0
29783,83.33,-194.91,0
29794,90.91,-195.06,0
29805,90.91,-196.05,0
29817,83.33,-195.89,0
29829,83.33,-196.32,0
29840,90.91,-196.22,0
29851,90.91,-195.25,0
29862,90.91,-195.05,0
29874,83.33,-194.63,0
29886,83.33,-194.36,0
29897,90.91,-194.87,0
29908,90.91,-195.37,0
29920,83.33,-196.20,0
29931,90.91,-195.85,0
29942,90.91,-195.65,0
29955,76.92,-194.99,0
29966,90.91,-194.27,0
29977,90.91,-194.28,0
29988,90.91,-194.81,0
30000,83.33,-195.46,0
30011,90.91,-196.17,0
30023,83.33,-196.42,0
30034,90.91,-195.84,0
30046,83.33,-195.88,0
30057,90.91,-195.74,0
30068,90.91,-194.96,0
30080,83.33,-194.71,0
30092,83.33,-194.50,0
30103,90.91,-195.21,0
30114,90.91,-196.69,0
30126,83.33,-196.60,0
30137,90.91,-195.93,0
30148,90.91,-195.44,0
30160,83.33,-194.91,0
30172,83.33,-194.85,0
30183,90.91,-195.21,0
30194,90.91,-195.52,0
30205,90.91,-195.56,0
30217,83.33,-195.99,0
30229,83.33,-195.96,0
30240,90.91,-194.93,0
30252,83.33,-194.79,0
30263,90.91,-194.70,0
30274,90.91,-194.88,0
30285,90.91,-195.58,0
30298,76.92,-195.78,0
30309,90.91,-196.60,0
30320,90.91,-196.17,0
30331,90.91,-195.93,0
30343,83.33,-195.35,0
30354,90.91,-194.45,0
30366,83.33,-194.56,0
30377,90.91,-195.08,0
30389,83.33,-195.89,0
30400,90.91,-196.24,0
30411,90.91,-196.14,0
30423,83.33,-195.76,0
30435,83.33,-195.17,0
30446,90.91,-195.21,0
30457,90.91,-194.88,0
30469,83.33,-195.18,0
30480,90.91,-195.49,0
30491,90.91,-196.17,0
30503,83.33,-196.69,0
30515,83.33,-196.87,0
30526,90.91,-195.97,0
30537,90.91,-195.32,0
30548,90.91,-195.26,0
30560,83.33,-194.90,0
30572,83.33,-195.21,0
30583,90.91,-195.87,0
30595,83.33,-196.78,0
30606,90.91,-196.40,0
30617,90.91,-196.37,0
30628,90.91,-196.00,0
30641,76.92,-194.91,0
30652,90.91,-194.62,0
30663,90.91,-194.98,0
30674,90.91,-195.59,0
30686,83.33,-196.30,0
30697,90.91,-196.77,0
30709,83.33,-196.46,0
30721,83.33,-194.94,0
30732,90.91,-194.98,0
30743,90.91,-194.23,0
30754,90.91,-194.08,0
30766,83.33,-194.74,0
30778,83.33,-195.71,0
30789,90.91,-196.50,0
30800,90.91,-196.39,0
30812,83.33,-195.84,0
30823,90.91,-195.33,0
30834,90.91,-194.67,0
30846,83.33,-194.52,0
30858,83.33,-194.92,0
30869,90.91,-195.67,0
30880,90.91,-195.97,0
30892,83.33,-196.37,0
30903,90.91,-195.95,0
30915,83.33,-195.04,0
30926,90.91,-194.72,0
30938,83.33,-194.52,0
30949,90.91,-194.35,0
30960,90.91,-195.20,0
30971,90.91,-196.32,0
30984,76.92,-196.61,0
30995,90.91,-196.42,0
31006,90.91,-195.50,0
31017,90.91,-195.32,0
31029,83.33,-194.95,0
31040,90.91,-195.29,0
31052,83.33,-195.20,0
31064,83.33,-195.47,0
31075,90.91,-195.45,0
31086,90.91,-196.01,0
31097,90.91,-195.59,0
31109,83.33,-194.93,0
31121,83.33,-194.38,0
31132,90.91,-194.47,0
31143,90.91,-195.13,0
31155,83.33,-195.98,0
31166,90.91,-196.18,0
31177,90.91,-196.24,0
31190,76.92,-195.92,0
31201,90.91,-195.64,0
31212,90.91,-195.39,0
31223,90.91,-195.44,0
31235,83.33,-195.41,0
31246,90.91,-194.82,0
31258,83.33,-195.59,0
31269,90.91,-196.39,0
31281,83.33,-196.64,0
31292,90.91,-195.91,0
31303,90.91,-194.97,0
31314,90.91,-194.55,0
31327,76.92,-194.18,0
31338,90.91,-195.03,0
31349,90.91,-195.98,0
31361,83.33,-196.59,0
31372,90.91,-195.71,0
31383,90.91,-195.03,0
31395,83.33,-194.71,0
31407,83.33,-194.03,0
31418,90.91,-194.52,0
31429,90.91,-194.77,0
31440,90.91,-195.25,0
31452,83.33,-195.47,0
31464,83.33,-196.24,0
31475,90.91,-196.31,0
31486,90.91,-196.19,0
31498,83.33,-195.13,0
31509,90.91,-194.79,0
31520,90.91,-194.77,0
31533,83.33,-195.43,0
31544,83.33,-195.88,0
31555,90.91,-196.14,0
31566,90.91,-195.77,0
31578,83.33,-195.73,0
31589,90.91,-194.66,0
31601,90.91,-194.91,0
31612,83.33,-196.01,0
31624,83.33,-195.87,0
31635,90.91,-195.41,0
31646,90.91,-195.54,0
31657,90.91,-196.11,0
31670,83.33,-196.74,0
31681,83.33,-196.23,0
31692,90.91,-194.58,0
31704,83.33,-193.56,0
31715,90.91,-194.19,0
31726,90.91,-194.87,0
31738,90.91,-195.55,0
31750,76.92,-196.08,0
31761,90.91,-195.54,0
31772,90.91,-195.54,0
31783,90.91,-194.94,0
31795,83.33,-194.40,0
31807,90.91,-194.65,0
31818,83.33,-195.44,0
31830,83.33,-195.45,0
31841,90.91,-195.64,0
31852,90.91,-196.63,0
31863,90.91,-196.86,0
31876,83.33,-196.19,0
31887,83.33,-195.07,0
31898,90.91,-194.90,0
31909,90.91,-194.41,0
31921,83.33,-195.17,0
31932,90.91,-195.27,0
31944,90.91,-196.10,0
31955,83.33,-196.12,0
31967,83.33,-195.38,0
31978,90.91,-195.00,0
31989,90.91,-194.48,0
32001,83.33,-194.32,0
32013,90.91,-195.16,0
32024,83.33,-195.72,0
32035,90.91,-195.83,0
32047,83.33,-196.48,0
32058,90.91,-196.48,0
32069,90.91,-195.96,0
32081,90.91,-195.31,0
32093,76.92,-194.42,0
32104,90.91,-194.29,0
32115,90.91,-194.73,0
32126,90.91,-195.51,0
32138,83.33,-196.35,0
32150,90.91,-196.53,0
32161,83.33,-195.18,0
32173,83.33,-194.60,0
32184,90.91,-194.50,0
32195,90.91,-195.22,0
32206,90.91,-195.96,0
32219,83.33,-196.15,0
32230,83.33,-196.06,0
32241,90.91,-196.34,0
32252,90.91,-196.30,0
32264,83.33,-195.43,0
32275,90.91,-194.89,0
32287,90.91,-194.29,0
32299,76.92,-194.07,0
32310,90.91,-194.99,0
32321,90.91,-195.52,0
32332,90.91,-196.23,0
32344,83.33,-196.19,0
32356,90.91,-195.49,0
32367,83.33,-195.16,0
32378,90.91,-195.01,0
32390,83.33,-195.03,0
32401,90.91,-195.62,0
32412,90.91,-195.85,0
32424,90.91,-195.83,0
32436,76.92,-195.84,0
32447,90.91,-195.21,0
32458,90.91,-195.40,0
32470,83.33,-194.37,0
32481,90.91,-194.02,0
32493,90.91,-194.81,0
32504,83.33,-195.30,0
32516,83.33,-196.36,0
32527,90.91,-196.52,0
32538,90.91,-196.66,0
32549,90.91,-195.91,0
32562,83.33,-195.06,0
32573,83.33,-195.31,0
32584,90.91,-195.26,0
32595,90.91,-195.45,0
32607,83.33,-195.58,0
32618,90.91,-195.89,0
32630,90.91,-195.49,0
32642,76.92,-195.18,0
32653,90.91,-194.77,0
32664,90.91,-194.33,0
32675,90.91,-194.41,0
32687,83.33,-195.21,0
32699,90.91,-196.18,0
32710,83.33,-196.53,0
32721,90.91,-197.02,0
32733,83.33,-196.10,0
32744,90.91,-195.35,0
32755,90.91,-194.83,0
32768,90.91,-194.36,0
32779,76.92,-194.82,0
32790,90.91,-195.41,0
32801,90.91,-195.58,0
32813,83.33,-196.19,0
32824,90.91,-196.18,0
32836,90.91,-195.37,0
32847,83.33,-195.44,0
32859,83.33,-195.18,0
32870,90.91,-194.76,0
32881,90.91,-194.92,0
32892,90.91,-196.01,0
32905,83.33,-196.89,0
32916,83.33,-196.49,0
32927,90.91,-195.91,0
32939,83.33,-194.56,0
32950,90.91,-194.37,0
32961,90.91,-194.50,0
32973,90.91,-195.16,0
32985,76.92,-195.23,0
32996,90.91,-195.57,0
33007,90.91,-195.68,0
33018,90.91,-195.50,0
33030,83.33,-195.95,0
33042,90.91,-194.99,0
33053,83.33,-194.79,0
33064,90.91,-195.42,0
33076,83.33,-196.11,0
33087,90.91,-195.88,0
33098,90.91,-196.18,0
33111,83.33,-195.71,0
33122,83.33,-195.58,0
33133,90.91,-195.15,0
33144,90.91,-194.99,0
33156,83.33,-194.75,0
33167,90.91,-194.89,0
33178,90.91,-195.16,0
33190,83.33,-195.86,0
33202,83.33,-196.46,0
33213,90.91,-195.75,0
33224,90.91,-195.36,0
33235,90.91,-195.02,0
33247,83.33,-194.80,0
33259,83.33,-195.75,0
33270,90.91,-196.19,0
33282,83.33,-196.13,0
33293,90.91,-195.78,0
33304,90.91,-195.45,0
33315,90.91,-195.49,0
33328,76.92,-195.40,0
33339,90.91,-194.51,0
33350,90.91,-194.57,0
33361,90.91,-195.68,0
33373,83.33,-195.96,0
33384,90.91,-195.99,0
33396,83.33,-195.83,0
33408,83.33,-196.03,0
33419,90.91,-195.29,0
33430,90.91,-194.64,0
33441,90.91,-194.50,0
33453,83.33,-195.00,0
33465,83.33,-195.58,0
33476,90.91,-196.67,0
33487,90.91,-196.91,0
33499,83.33,-195.92,0
33510,90.91,-194.95,0
33521,90.91,-194.41,0
33533,83.33,-194.43,0
33545,83.33,-194.82,0
33556,90.91,-195.14,0
33567,90.91,-195.65,0
33579,83.33,-196.23,0
33590,90.91,-196.38,0
33602,83.33,-195.30,0
33613,90.91,-194.52,0
33625,83.33,-194.32,0
33636,90.91,-194.28,0
33647,90.91,-194.85,0
33658,90.91,-195.68,0
33671,76.92,-196.39,0
33682,90.91,-196.17,0
33693,90.91,-195.58,0
33704,90.91,-194.95,0
33716,83.33,-194.47,0
33727,90.91,-194.97,0
33739,83.33,-195.04,0
33751,83.33,-195.35,0
33762,90.91,-196.24,0
33773,90.91,-196.85,0
33784,90.91,-196.94,0
33796,83.33,-195.47,0
33808,83.33,-194.20,0
33819,90.91,-193.97,0
33830,90.91,-194.41,0
33842,83.33,-195.15,0
33853,90.91,-195.66,0
33864,90.91,-196.78,0
33876,83.33,-197.02,0
33888,83.33,-196.16,0
33899,90.91,-195.34,0
33910,90.91,-195.16,0
33922,83.33,-194.03,0
33933,90.91,-194.50,0
33945,83.33,-195.88,0
33956,90.91,-196.50,0
33968,83.33,-196.03,0
33979,90.91,-195.54,0
33990,90.91,-195.96,0
34001,90.91,-194.98,0
34014,76.92,-194.25,0
34025,90.91,-194.87,0
34036,90.91,-195.81,0
34048,83.33,-196.45,0
34059,90.91,-196.99,0
34070,90.91,-195.98,0
34082,83.33,-195.61,0
34094,83.33,-195.35,0
34105,90.91,-194.35,0
34116,90.91,-194.68,0
34127,90.91,-195.22,0
34139,83.33,-195.50,0
34151,83.33,-196.16,0
34162,90.91,-196.22,0
34173,90.91,-195.73,0
34185,83.33,-195.41,0
34196,90.91,-195.10,0
34207,90.91,-195.55,0
34220,76.92,-195.23,0
34231,90.91,-195.98,0
34242,90.91,-196.40,0
34253,90.91,-195.85,0
34265,83.33,-195.83,0
34276,90.91,-195.80,0
34288,83.33,-195.47,0
34299,90.91,-195.07,0
34311,83.33,-194.57,0
34322,90.91,-195.25,0
34333,90.91,-196.33,0
34344,90.91,-196.29,0
34357,76.92,-196.25,0
34368,90.91,-196.04,0
34379,90.91,-195.76,0
34391,83.33,-194.64,0
34402,90.91,-194.88,0
34413,90.91,-195.43,0
34425,83.33,-195.46,0
34437,83.33,-195.95,0
34448,90.91,-196.01,0
34459,90.91,-196.03,0
34470,90.91,-195.72,0
34482,83.33,-195.27,0
34494,83.33,-194.81,0
34505,90.91,-194.70,0
34516,90.91,-195.25,0
34528,83.33,-195.79,0
34539,90.91,-196.34,0
34550,90.91,-196.21,0
34563,76.92,-195.40,0
34574,90.91,-194.17,0
34585,90.91,-194.46,0
34596,90.91,-194.51,0
34608,83.33,-195.22,0
34619,90.91,-196.07,0
34631,83.33,-196.38,0
34642,90.91,-196.15,0
34654,83.33,-196.08,0
34665,90.91,-195.56,0
34676,90.91,-194.81,0
34688,83.33,-194.44,0
34700,83.33,-194.32,0
34711,90.91,-195.18,0
34722,90.91,-196.05,0
34734,83.33,-196.79,0
34745,90.91,-196.54,0
34756,90.91,-195.69,0
34768,83.33,-194.92,0
34780,83.33,-194.15,0
34791,90.91,-194.68,0
34802,90.91,-195.45,0
34813,90.91,-196.48,0
34825,83.33,-197.11,0
34837,83.33,-196.59,0
34848,90.91,-195.62,0
34860,83.33,-195.11,0
34871,90.91,-194.56,0
34882,90.91,-194.69,0
34893,90.91,-195.01,0
34906,76.92,-195.72,0
34917,90.91,-196.41,0
34928,90.91,-196.54,0
34939,90.91,-195.98,0
34951,83.33,-195.89,0
34962,90.91,-195.45,0
34974,83.33,-194.40,0
34985,90.91,-194.42,0
34997,83.33,-195.13,0
35008,90.91,-196.01,0
35019,90.91,-196.47,0
35031,83.33,-196.27,0
35043,83.33,-195.99,0
35054,90.91,-195.04,0
35065,90.91,-194.63,0
35077,83.33,-194.97,0
35088,90.91,-195.79,0
35099,90.91,-196.09,0
35111,83.33,-196.81,0
35123,83.33,-196.43,0
35134,90.91,-195.55,0
35145,90.91,-195.32,0
35156,90.91,-195.05,0
35168,83.33,-194.43,0
35180,83.33,-194.53,0
35191,90.91,-195.71,0
35203,83.33,-196.14,0
35214,90.91,-196.64,0
35225,90.91,-196.93,0
35236,90.91,-196.39,0
35249,76.92,-194.89,0
35260,90.91,-194.27,0
35271,90.91,-194.36,0
35282,90.91,-194.94,0
35294,83.33,-196.04,0
35305,90.91,-196.67,0
35317,83.33,-196.83,0
35329,83.33,-195.83,0
35340,90.91,-194.80,0
35351,90.91,-194.52,0
35362,90.91,-194.41,0
35374,83.33,-194.19,0
35386,83.33,-194.55,0
35397,90.91,-195.74,0
35408,90.91,-196.23,0
35420,83.33,-196.26,0
35431,90.91,-195.75,0
35442,90.91,-194.81,0
35454,83.33,-193.89,0
35466,83.33,-194.06,0
35477,90.91,-194.59,0
35488,90.91,-195.35,0
35500,83.33,-195.84,0
35511,90.91,-196.09,0
35523,83.33,-195.93,0
35534,90.91,-195.64,0
35546,83.33,-194.96,0
35557,90.91,-194.91,0
35568,90.91,-195.51,0
35579,90.91,-196.38,0
35592,76.92,-196.35,0
35603,90.91,-196.53,0
35614,90.91,-196.23,0
35625,90.91,-195.22,0
35637,83.33,-194.29,0
35648,90.91,-194.66,0
35660,90.91,-194.81,0
35672,76.92,-195.68,0
35683,90.91,-196.02,0
35694,90.91,-196.26,0
35705,90.91,-196.11,0
35717,83.33,-195.59,0
35729,90.91,-194.92,0
35740,83.33,-194.21,0
35751,90.91,-193.90,0
35763,83.33,-194.71,0
35774,90.91,-195.88,0
35785,90.91,-196.53,0
35798,90.91,-196.68,0
35809,76.92,-195.91,0
35820,90.91,-194.84,0
35831,90.91,-194.06,0
35843,83.33,-194.00,0
35854,90.91,-194.81,0
35866,90.91,-195.65,0
35877,83.33,-196.55,0
35889,83.33,-196.32,0
35900,90.91,-196.07,0
35911,90.91,-195.74,0
35922,90.91,-194.89,0
35935,83.33,-194.15,0
35946,83.33,-193.89,0
35957,90.91,-194.92,0
35969,83.33,-195.59,0
35980,90.91,-195.81,0
35991,90.91,-196.56,0
36003,90.91,-196.07,0
36015,76.92,-195.27,0
36026,90.91,-195.02,0
36037,90.91,-194.86,0
36048,90.91,-195.31,0
36060,83.33,-195.47,0
36072,90.91,-195.99,0
36083,83.33,-195.37,0
36094,90.91,-195.73,0
36106,83.33,-195.07,0
36117,90.91,-194.87,0
36128,90.91,-195.00,0
36141,83.33,-194.64,0
36152,83.33,-195.00,0
36163,90.91,-195.64,0
36174,90.91,-196.02,0
36186,83.33,-196.27,0
36197,90.91,-195.85,0
36209,90.91,-195.30,0
36220,83.33,-194.96,0
36232,83.33,-194.86,0
36243,90.91,-195.09,0
36254,90.91,-195.06,0
36265,90.91,-195.88,0
36278,83.33,-196.00,0
36289,83.33,-195.43,0
36300,90.91,-194.81,0
36312,83.33,-194.39,0
36323,90.91,-194.53,0
36334,90.91,-194.79,0
36346,90.91,-195.49,0
36358,76.92,-196.13,0
36369,90.91,-196.49,0
36380,90.91,-196.36,0
36391,90.91,-196.01,0
36403,83.33,-194.80,0
36414,90.91,-194.29,0
36426,83.33,-194.53,0
36438,83.33,-194.94,0
36449,90.91,-195.67,0
36460,90.91,-196.34,0
36471,90.91,-196.78,0
36483,83.33,-196.50,0
36495,83.33,-195.30,0
36506,90.91,-194.94,0
36517,90.91,-195.12,0
36529,83.33,-195.27,0
36540,90.91,-196.04,0
36551,90.91,-196.28,0
36563,83.33,-196.86,0
36575,83.33,-196.51,0
36586,90.91,-196.01,0
36597,90.91,-195.25,0
36609,83.33,-194.16,0
36620,90.91,-194.04,0
36632,83.33,-194.67,0
36643,90.91,-195.72,0
36655,83.33,-196.62,0
36666,90.91,-196.42,0
36677,90.91,-195.98,0
36688,90.91,-195.22,0
36701,76.92,-195.04,0
36712,90.91,-195.26,0
36723,90.91,-195.66,0
36734,90.91,-195.95,0
36746,83.33,-196.61,0
36757,90.91,-196.44,0
36769,83.33,-196.08,0
36781,83.33,-195.42,0
36792,90.91,-195.38,0
36803,90.91,-194.50,0
36814,90.91,-194.84,0
36826,83.33,-195.40,0
36838,83.33,-195.72,0
36849,90.91,-196.13,0
36860,90.91,-196.76,0
36872,83.33,-196.09,0
36883,90.91,-194.65,0
36894,90.91,-194.66,0
36907,76.92,-194.73,0
36918,90.91,-195.55,0
36929,90.91,-196.34,0
36940,90.91,-196.71,0
36952,83.33,-196.16,0
36963,90.91,-195.75,0
36975,83.33,-195.57,0
36986,90.91,-195.08,0
36998,83.33,-194.43,0
37009,90.91,-195.29,0
37020,90.91,-196.10,0
37031,90.91,-196.52,0
37044,76.92,-196.00,0
37055,90.91,-195.97,0
37066,90.91,-195.83,0
37078,83.33,-194.86,0
37089,90.91,-194.89,0
37100,90.91,-195.27,0
37112,83.33,-195.23,0
37124,83.33,-196.43,0
37135,90.91,-196.57,0
37146,90.91,-196.60,0
37157,90.91,-196.50,0
37169,83.33,-195.00,0
37181,83.33,-194.76,0
37192,90.91,-194.47,0
37203,90.91,-195.16,0
37215,83.33,-195.96,0
37226,90.91,-196.22,0
37237,90.91,-195.98,0
37250,76.92,-196.16,0
37261,90.91,-195.90,0
37272,90.91,-195.11,0
37283,90.91,-195.21,0
37295,83.33,-195.06,0
37306,90.91,-195.62,0
37318,83.33,-196.22,0
37329,90.91,-196.06,0
37341,83.33,-196.03,0
37352,90.91,-195.77,0
37363,90.91,-194.76,0
37374,90.91,-194.58,0
37387,76.92,-194.49,0
37398,90.91,-195.41,0
37409,90.91,-196.11,0
37421,83.33,-196.44,0
37432,90.91,-196.35,0
37443,90.91,-195.65,0
37455,83.33,-195.43,0
37467,83.33,-195.25,0
37478,90.91,-195.65,0
37489,90.91,-195.97,0
37500,90.91,-195.83,0
37512,83.33,-195.86,0
37524,83.33,-195.95,0
37535,90.91,-195.48,0
37547,83.33,-195.31,0
37558,90.91,-194.77,0
37569,90.91,-194.38,0
37580,90.91,-194.77,0
37593,76.92,-195.17,0
37604,90.91,-196.02,0
37615,90.91,-196.89,0
37626,90.91,-196.70,0
37638,83.33,-196.20,0
37649,90.91,-195.06,0
37661,83.33,-195.04,0
37672,90.91,-194.49,0
37684,83.33,-195.24,0
37695,90.91,-195.42,0
37706,90.91,-196.34,0
37718,83.33,-195.84,0
37730,83.33,-195.86,0
37741,90.91,-195.52,0
37752,90.91,-194.54,0
37764,83.33,-194.80,0
37775,90.91,-195.03,0
37786,90.91,-194.77,0
37798,83.33,-196.06,0
37810,83.33,-196.10,0
37821,90.91,-195.33,0
37832,90.91,-195.33,0
37843,90.91,-195.38,0
37855,83.33,-194.52,0
37867,83.33,-194.51,0
37878,90.91,-194.82,0
37890,83.33,-195.52,0
37901,90.91,-196.02,0
37912,90.91,-196.27,0
37923,90.91,-195.94,0
37936,76.92,-194.88,0
37947,90.91,-194.81,0
37958,90.91,-194.65,0
37969,90.91,-195.05,0
37981,83.33,-195.30,0
37992,90.91,-195.75,0
38004,83.33,-196.26,0
38016,83.33,-196.45,0
38027,90.91,-195.57,0
38038,90.91,-194.96,0
38049,90.91,-194.63,0
38061,83.33,-194.99,0
38073,83.33,-195.07,0
38084,90.91,-195.39,0
38095,90.91,-196.89,0
38107,83.33,-197.07,0
38118,90.91,-196.82,0
38129,90.91,-195.92,0
38141,83.33,-194.83,0
38153,83.33,-194.64,0
38164,90.91,-194.73,0
38175,90.91,-195.59,0
38187,83.33,-196.65,0
38198,90.91,-196.83,0
38210,83.33,-196.09,0
38221,90.91,-195.33,0
38233,83.33,-195.27,0
38244,90.91,-195.34,0
38255,90.91,-195.41,0
38266,90.91,-195.69,0
38279,76.92,-196.03,0
38290,90.91,-196.25,0
38301,90.91,-196.17,0
38312,90.91,-195.77,0
38324,83.33,-195.31,0
38335,90.91,-194.84,0
38347,83.33,-194.52,0
38359,83.33,-194.67,0
38370,90.91,-195.85,0
38381,90.91,-196.92,0
38392,90.91,-196.45,0
38404,83.33,-196.16,0
38416,90.91,-195.45,0
38427,90.91,-195.20,0
38438,90.91,-195.20,0
38450,83.33,-195.53,0
38461,90.91,-196.04,0
38472,90.91,-195.78,0
38484,90.91,-195.73,0
38496,76.92,-195.69,0
38507,90.91,-194.91,0
38518,90.91,-194.99,0
38530,83.33,-194.44,0
38541,90.91,-194.11,0
38553,90.91,-195.33,0
38564,90.91,-195.68,0
38576,83.33,-196.55,0
38587,90.91,-196.50,0
38598,90.91,-196.08,0
38609,90.91,-195.25,0
38622,76.92,-194.91,0
38633,90.91,-195.46,0
38644,90.91,-195.48,0
38656,83.33,-196.23,0
38667,90.91,-196.79,0
38678,90.91,-196.86,0
38690,90.91,-196.15,0
38702,76.92,-195.07,0
38713,90.91,-194.54,0
38724,90.91,-194.40,0
38735,90.91,-195.08,0
38747,83.33,-195.35,0
38759,90.91,-195.49,0
38770,83.33,-196.69,0
38781,90.91,-196.38,0
38793,83.33,-195.45,0
38804,90.91,-195.58,0
38815,90.91,-195.13,0
38828,83.33,-194.72,0
38839,83.33,-195.10,0
38850,90.91,-195.38,0
38861,90.91,-196.01,0
38873,83.33,-196.69,0
38884,90.91,-196.07,0
38896,90.91,-195.30,0
38907,83.33,-194.89,0
38919,83.33,-195.35,0
38930,90.91,-195.43,0
38941,90.91,-195.96,0
38952,90.91,-196.35,0
38965,83.33,-196.55,0
38976,83.33,-195.96,0
38987,90.91,-195.44,0
38999,83.33,-194.61,0
39010,90.91,-194.62,0
39021,90.91,-195.08,0
39032,90.91,-196.13,0
39045,76.92,-196.16,0
39056,90.91,-195.95,0
39067,90.91,-196.21,0
39078,90.91,-195.56,0
39090,83.33,-195.23,0
39101,90.91,-195.12,0
39113,83.33,-195.19,0
39124,90.91,-194.85,0
39136,83.33,-195.74,0
39147,90.91,-196.63,0
39158,90.91,-196.56,0
39170,83.33,-196.36,0
39182,83.33,-195.67,0
39193,90.91,-194.89,0
39204,90.91,-194.26,0
39216,83.33,-194.51,0
39227,90.91,-195.32,0
39238,90.91,-195.53,0
39250,83.33,-195.74,0
39262,83.33,-196.25,0
39273,90.91,-196.44,0
39284,90.91,-195.52,0
39296,83.33,-194.82,0
39307,90.91,-195.70,0
39319,83.33,-195.72,0
39330,90.91,-195.48,0
39342,83.33,-196.07,0
39353,90.91,-196.50,0
39364,90.91,-195.80,0
39375,90.91,-195.03,0
39388,76.92,-194.11,0
39399,90.91,-194.49,0
39410,90.91,-194.93,0
39421,90.91,-195.56,0
39433,83.33,-196.12,0
39444,90.91,-195.69,0
39456,83.33,-195.86,0
39468,83.33,-195.32,0
39479,90.91,-194.21,0
39490,90.91,-194.05,0
39501,90.91,-194.37,0
39513,83.33,-195.17,0
39525,83.33,-196.50,0
39536,90.91,-196.88,0
39547,90.91,-196.42,0
39559,83.33,-196.28,0
39570,90.91,-195.35,0
39581,90.91,-194.30,0
39593,83.33,-194.42,0
39605,83.33,-194.49,0
39616,90.91,-195.20,0
39627,90.91,-195.98,0
39639,83.33,-196.58,0
39650,90.91,-196.53,0
39662,83.33,-195.62,0
39673,90.91,-195.09,0
39685,83.33,-194.11,0
39696,90.91,-194.60,0
39707,90.91,-195.22,0
39718,90.91,-195.63,0
39731,76.92,-196.46,0
39742,90.91,-196.35,0
39753,90.91,-196.14,0
39764,90.91,-195.15,0
39776,83.33,-194.50,0
39787,90.91,-194.64,0
39799,83.33,-194.44,0
39811,83.33,-195.31,0
39822,90.91,-196.68,0
39833,90.91,-196.13,0
39844,90.91,-196.35,0
39856,83.33,-195.82,0
39868,83.33,-194.94,0
39879,90.91,-194.64,0
39890,90.91,-194.97,0
39902,83.33,-195.41,0
39913,90.91,-195.97,0
39924,90.91,-196.69,0
39937,76.92,-196.46,0
39948,90.91,-195.69,0
