66,15.15,591.35,0
77,90.91,592.77,0
89,83.33,594.60,0
100,90.91,596.04,0
111,90.91,596.07,0
123,83.33,591.57,0
135,83.33,590.95,0
146,90.91,594.42,0
157,90.91,595.19,0
168,90.91,594.13,0
180,83.33,595.56,0
192,83.33,592.53,0
203,90.91,591.12,0
215,83.33,593.77,0
226,90.91,594.95,0
237,90.91,593.32,0
248,90.91,592.98,0
261,76.92,591.31,0
272,90.91,591.04,0
283,90.91,596.77,0
294,90.91,597.23,0
306,83.33,595.59,0
317,90.91,592.54,0
329,83.33,590.57,0
340,90.91,593.95,0
352,83.33,596.23,0
363,90.91,596.35,0
374,90.91,594.24,0
386,83.33,592.91,0
398,83.33,590.47,0
409,90.91,594.47,0
420,90.91,595.79,0
432,83.33,594.86,0
443,90.91,591.65,0
454,90.91,593.23,0
466,83.33,594.36,0
478,83.33,595.81,0
489,90.91,595.82,0
500,90.91,594.14,0
512,83.33,591.45,0
523,90.91,590.59,0
535,83.33,597.39,0
546,90.91,598.43,0
558,83.33,594.71,0
569,90.91,594.06,0
580,90.91,596.05,0
591,90.91,596.89,0
604,76.92,595.22,0
615,90.91,595.59,0
626,90.91,595.33,0
637,90.91,591.76,0
649,83.33,592.83,0
660,90.91,595.22,0
672,83.33,593.45,0
684,83.33,594.31,0
695,90.91,594.72,0
706,90.91,594.64,0
717,90.91,594.08,0
729,83.33,591.15,0
741,83.33,592.22,0
752,90.91,595.57,0
763,90.91,594.80,0
775,83.33,597.40,0
786,90.91,593.62,0
797,90.91,594.50,0
809,83.33,595.68,0
821,83.33,595.32,0
832,90.91,595.91,0
843,90.91,594.08,0
855,83.33,594.79,0
866,90.91,593.46,0
878,83.33,593.14,0
889,90.91,593.54,0
901,83.33,591.73,0
912,90.91,592.19,0
923,90.91,593.69,0
934,90.91,595.20,0
947,76.92,594.00,0
958,90.91,594.64,0
969,90.91,598.74,0
980,90.91,596.52,0
992,83.33,594.95,0
1003,90.91,593.73,0
1015,83.33,593.40,0
1027,83.33,593.96,0
1038,90.91,594.71,0
1049,90.91,597.29,0
1060,90.91,597.52,0
1072,83.33,593.07,0
1084,83.33,593.93,0
1095,90.91,593.12,0
1106,90.91,595.26,0
1118,83.33,595.09,0
1129,90.91,596.95,0
1140,90.91,590.42,0
1153,76.92,588.99,0
1164,90.91,592.04,0
1175,90.91,594.65,0
1186,90.91,594.18,0
1198,83.33,593.25,0
1209,90.91,592.20,0
1221,83.33,595.44,0
1232,90.91,595.90,0
1244,83.33,594.35,0
1255,90.91,592.24,0
1266,90.91,595.91,0
1277,90.91,595.71,0
1290,76.92,591.32,0
1301,90.91,593.15,0
1312,90.91,596.80,0
1324,83.33,593.40,0
1335,90.91,594.90,0
1346,90.91,591.37,0
1358,83.33,592.15,0
1370,83.33,591.28,0
1381,90.91,595.21,0
1392,90.91,596.62,0
1403,90.91,594.75,0
1415,83.33,595.17,0
1427,83.33,595.44,0
1438,90.91,591.75,0
1449,90.91,597.06,0
1461,83.33,597.13,0
1472,90.91,593.66,0
1483,90.91,592.50,0
1496,76.92,592.93,0
1507,90.91,594.57,0
1518,90.91,595.19,0
1529,90.91,595.12,0
1541,83.33,593.81,0
1552,90.91,590.13,0
1564,83.33,592.16,0
1575,90.91,594.55,0
1587,83.33,595.23,0
1598,90.91,595.07,0
1609,90.91,594.15,0
1620,90.91,592.55,0
1633,76.92,590.29,0
1644,90.91,594.82,0
1655,90.91,598.61,0
1667,83.33,595.47,0
1678,90.91,591.94,0
1689,90.91,592.99,0
1701,83.33,593.15,0
1713,83.33,595.81,0
1724,90.91,594.00,0
1735,90.91,595.31,0
1746,90.91,593.45,0
1758,83.33,592.83,0
1770,83.33,596.32,0
1781,90.91,597.44,0
1793,83.33,593.84,0
1804,90.91,592.86,0
1815,90.91,593.62,0
1826,90.91,594.37,0
1839,76.92,593.78,0
1850,90.91,595.41,0
1861,90.91,594.92,0
1872,90.91,595.15,0
1884,83.33,595.33,0
1895,90.91,595.78,0
1907,83.33,592.00,0
1918,90.91,591.14,0
1930,83.33,595.66,0
1941,90.91,595.63,0
1952,90.91,592.58,0
1964,83.33,594.33,0
1976,83.33,591.43,0
1987,90.91,589.33,0
1998,90.91,592.11,0
2010,83.33,593.75,0
2021,90.91,593.35,0
2032,90.91,593.84,0
2044,83.33,596.61,0
2056,83.33,594.72,0
2067,90.91,592.43,0
2078,90.91,595.17,0
2089,90.91,597.48,0
2101,83.33,593.30,0
2113,83.33,593.43,0
2124,90.91,592.34,0
2136,83.33,593.40,0
2147,90.91,595.94,0
2158,90.91,593.90,0
2169,90.91,592.01,0
2182,76.92,591.29,0
2193,90.91,593.86,0
2204,90.91,598.42,0
2215,90.91,599.76,0
2227,83.33,597.72,0
2238,90.91,594.33,0
2250,83.33,595.34,0
2262,83.33,597.05,0
2273,90.91,595.54,0
2284,90.91,596.34,0
2295,90.91,592.94,0
2307,83.33,588.86,0
2319,83.33,593.44,0
2330,90.91,594.81,0
2341,90.91,595.07,0
2353,83.33,594.77,0
2364,90.91,591.51,0
2375,90.91,590.45,0
2387,83.33,595.77,0
2399,83.33,597.33,0
2410,90.91,592.33,0
2421,90.91,591.44,0
2433,83.33,591.48,0
2444,90.91,593.70,0
2456,83.33,596.54,0
2467,90.91,598.51,0
2479,83.33,597.36,0
2490,90.91,592.47,0
2501,90.91,589.48,0
2512,90.91,591.23,0
2525,76.92,591.94,0
2536,90.91,593.02,0
2547,90.91,592.05,0
2558,90.91,593.94,0
2570,83.33,592.78,0
2581,90.91,588.59,0
2593,83.33,589.11,0
2605,83.33,592.53,0
2616,90.91,593.87,0
2627,90.91,594.64,0
2638,90.91,594.42,0
2650,83.33,594.21,0
2662,83.33,593.05,0
2673,90.91,593.48,0
2684,90.91,595.68,0
2696,83.33,593.35,0
2707,90.91,592.58,0
2718,90.91,595.98,0
2731,76.92,594.40,0
2742,90.91,594.31,0
2753,90.91,592.94,0
2764,90.91,592.09,0
2776,83.33,594.41,0
2787,90.91,596.42,0
2799,83.33,593.66,0
2810,90.91,589.89,0
2822,83.33,594.94,0
2833,90.91,596.20,0
2844,90.91,594.23,0
2855,90.91,594.27,0
2868,76.92,594.08,0
2879,90.91,595.45,0
2890,90.91,596.70,0
2902,83.33,599.30,0
2913,90.91,595.90,0
2924,90.91,593.95,0
2936,83.33,594.78,0
2948,83.33,594.31,0
2959,90.91,594.04,0
2970,90.91,595.27,0
2981,90.91,594.78,0
2993,83.33,592.96,0
3005,83.33,592.15,0
3016,90.91,592.53,0
3027,90.91,595.69,0
3039,83.33,595.05,0
3050,90.91,593.44,0
3061,90.91,593.20,0
3074,76.92,595.10,0
3085,90.91,596.55,0
3096,90.91,594.37,0
3107,90.91,593.69,0
3119,83.33,595.30,0
3130,90.91,593.20,0
3142,83.33,593.82,0
3153,90.91,594.79,0
3165,83.33,594.46,0
3176,90.91,590.77,0
3187,90.91,585.70,0
3198,90.91,592.04,0
3211,76.92,592.85,0
3222,90.91,596.28,0
3233,90.91,596.67,0
3245,83.33,593.65,0
3256,90.91,590.72,0
3267,90.91,592.43,0
3279,83.33,595.84,0
3291,83.33,596.79,0
3302,90.91,594.18,0
3313,90.91,592.37,0
3324,90.91,591.94,0
3336,83.33,596.41,0
3348,83.33,597.15,0
3359,90.91,593.43,0
3371,83.33,590.33,0
3382,90.91,590.13,0
3393,90.91,590.20,0
3404,90.91,597.79,0
3417,76.92,596.16,0
3428,90.91,594.41,0
3439,90.91,594.49,0
3450,90.91,593.39,0
3462,83.33,595.01,0
3473,90.91,597.33,0
3485,83.33,597.02,0
3496,90.91,596.57,0
3508,83.33,593.03,0
3519,90.91,590.80,0
3530,90.91,593.80,0
3542,83.33,598.12,0
3554,83.33,596.83,0
3565,90.91,591.74,0
3576,90.91,590.70,0
3588,83.33,593.45,0
3599,90.91,597.09,0
3610,90.91,592.04,0
3622,83.33,592.72,0
3634,83.33,591.75,0
3645,90.91,589.24,0
3656,90.91,589.97,0
3667,90.91,596.90,0
3679,83.33,597.15,0
3691,83.33,593.74,0
3702,90.91,590.56,0
3714,83.33,591.38,0
3725,90.91,592.72,0
3736,90.91,596.91,0
3747,90.91,597.15,0
3760,76.92,591.65,0
3771,90.91,591.46,0
3782,90.91,593.99,0
3793,90.91,596.88,0
3805,83.33,599.50,0
3816,90.91,597.42,0
3828,83.33,592.51,0
3840,83.33,589.89,0
3851,90.91,594.52,0
3862,90.91,596.53,0
3873,90.91,598.03,0
3885,83.33,592.60,0
3897,83.33,590.32,0
3908,90.91,592.19,0
3919,90.91,595.57,0
3931,83.33,596.59,0
3942,90.91,595.68,0
3953,90.91,590.11,0
3965,83.33,590.15,0
3977,83.33,591.90,0
3988,90.91,595.14,0
3999,90.91,597.31,0
4011,83.33,592.60,0
4022,90.91,590.05,0
4034,83.33,591.29,0
4045,90.91,591.58,0
4057,83.33,596.98,0
4068,90.91,596.99,0
4079,90.91,592.08,0
4090,90.91,589.61,0
4103,76.92,593.13,0
4114,90.91,595.35,0
4125,90.91,595.45,0
4136,90.91,594.24,0
4148,83.33,593.41,0
4159,90.91,592.62,0
4171,83.33,592.12,0
4183,83.33,594.35,0
4194,90.91,594.04,0
4205,90.91,592.43,0
4216,90.91,592.56,0
4228,83.33,592.33,0
4240,83.33,594.17,0
4251,90.91,594.89,0
4262,90.91,596.83,0
4274,83.33,596.45,0
4285,90.91,592.97,0
4296,90.91,593.01,0
4308,83.33,594.84,0
4320,83.33,595.42,0
4331,90.91,593.09,0
4342,90.91,594.95,0
4354,83.33,594.13,0
4365,90.91,594.78,0
4377,83.33,596.09,0
4388,90.91,594.31,0
4400,83.33,594.68,0
4411,90.91,595.47,0
4422,90.91,593.04,0
4433,90.91,596.93,0
4446,76.92,597.13,0
4457,90.91,595.00,0
4468,90.91,592.47,0
4480,83.33,592.80,0
4491,90.91,595.34,0
4502,90.91,596.48,0
4514,83.33,597.86,0
4526,83.33,593.88,0
4537,90.91,592.86,0
4548,90.91,590.94,0
4559,90.91,592.89,0
4571,83.33,596.36,0
4583,83.33,596.96,0
4594,90.91,593.68,0
4605,90.91,594.16,0
4617,83.33,593.64,0
4628,90.91,594.35,0
4639,90.91,595.83,0
4652,76.92,590.05,0
4663,90.91,591.28,0
4674,90.91,594.69,0
4685,90.91,592.82,0
4697,83.33,593.80,0
4708,90.91,595.96,0
4720,83.33,593.92,0
4731,90.91,591.13,0
4743,83.33,594.05,0
4754,90.91,595.48,0
4765,90.91,595.19,0
4776,90.91,596.05,0
4789,76.92,598.13,0
4800,90.91,594.00,0
4811,90.91,591.15,0
4823,83.33,593.53,0
4834,90.91,595.22,0
4845,90.91,594.73,0
4857,83.33,594.47,0
4869,83.33,589.74,0
4880,90.91,590.43,0
4891,90.91,592.07,0
4902,90.91,593.72,0
4914,83.33,593.64,0
4926,83.33,597.07,0
4937,90.91,594.93,0
4948,90.91,595.58,0
4960,83.33,595.93,0
4971,90.91,597.58,0
4982,90.91,595.58,0
4995,76.92,590.01,0
5006,90.91,593.04,0
5017,90.91,595.57,0
5028,90.91,598.75,0
5040,83.33,597.58,0
5051,90.91,594.85,0
5063,83.33,594.61,0
5074,90.91,592.35,0
5086,83.33,591.75,0
5097,90.91,594.99,0
5108,90.91,593.33,0
5120,83.33,594.36,0
5132,83.33,594.76,0
5143,90.91,591.36,0
5154,90.91,590.89,0
5166,83.33,596.12,0
5177,90.91,596.91,0
5188,90.91,596.21,0
5200,83.33,593.17,0
5212,83.33,594.82,0
5223,90.91,594.93,0
5234,90.91,595.79,0
5245,90.91,594.36,0
5257,83.33,594.07,0
5269,83.33,592.91,0
5280,90.91,590.64,0
5292,83.33,592.55,0
5303,90.91,593.09,0
5314,90.91,595.43,0
5325,90.91,593.32,0
5338,76.92,593.13,0
5349,90.91,593.34,0
5360,90.91,594.53,0
5371,90.91,594.78,0
5383,83.33,592.86,0
5394,90.91,594.40,0
5406,83.33,592.88,0
5417,90.91,595.52,0
5429,83.33,596.83,0
5440,90.91,596.76,0
5451,90.91,594.88,0
5463,83.33,593.21,0
5475,83.33,592.30,0
5486,90.91,593.83,0
5497,90.91,595.76,0
5509,83.33,594.62,0
5520,90.91,592.96,0
5531,90.91,592.74,0
5543,83.33,593.20,0
5555,83.33,593.78,0
5566,90.91,596.43,0
5577,90.91,595.68,0
5588,90.91,596.26,0
5600,83.33,595.74,0
5612,83.33,591.82,0
5623,90.91,591.01,0
5635,83.33,593.29,0
5646,90.91,595.87,0
5657,90.91,595.57,0
5668,90.91,592.70,0
5681,76.92,592.29,0
5692,90.91,593.19,0
5703,90.91,594.25,0
5714,90.91,593.67,0
5726,83.33,591.37,0
5737,90.91,594.81,0
5749,83.33,595.78,0
5761,83.33,593.00,0
5772,90.91,594.20,0
5783,90.91,595.72,0
5794,90.91,595.67,0
5806,83.33,594.88,0
5818,83.33,595.26,0
5829,90.91,592.59,0
5840,90.91,592.95,0
5852,83.33,597.08,0
5863,90.91,594.48,0
5874,90.91,592.38,0
5886,83.33,591.11,0
5898,83.33,594.36,0
5909,90.91,594.64,0
5920,90.91,595.68,0
5932,83.33,594.64,0
5943,90.91,590.57,0
5955,83.33,589.27,0
5966,90.91,592.73,0
5978,83.33,596.39,0
5989,90.91,597.73,0
6000,90.91,594.15,0
6011,90.91,592.60,0
6024,76.92,592.23,0
6035,90.91,597.82,0
6046,90.91,600.38,0
6057,90.91,596.38,0
6069,83.33,592.20,0
6080,90.91,591.34,0
6092,83.33,593.01,0
6104,83.33,596.80,0
6115,90.91,597.01,0
6126,90.91,594.09,0
6137,90.91,589.28,0
6149,83.33,589.44,0
6161,83.33,592.55,0
6172,90.91,598.28,0
6183,90.91,595.28,0
6195,83.33,590.27,0
6206,90.91,589.96,0
6217,90.91,593.13,0
6230,90.91,595.60,0
6241,90.91,599.10,0
6252,90.91,596.66,0
6263,90.91,591.22,0
6275,83.33,590.44,0
6286,90.91,592.05,0
6298,90.91,593.16,0
6309,83.33,592.16,0
6321,83.33,592.17,0
6332,90.91,593.64,0
6343,90.91,594.32,0
6354,90.91,594.76,0
6367,83.33,593.61,0
6378,83.33,594.63,0
6389,90.91,595.41,0
6401,83.33,592.36,0
6412,90.91,592.64,0
6423,90.91,595.32,0
6435,90.91,595.85,0
6447,76.92,596.83,0
6458,90.91,594.55,0
6469,90.91,594.43,0
6480,90.91,592.71,0
6492,83.33,594.24,0
6504,90.91,594.40,0
6515,83.33,598.61,0
6526,90.91,598.41,0
6538,83.33,593.79,0
6549,90.91,591.29,0
6560,90.91,592.67,0
6573,83.33,590.56,0
6584,83.33,594.57,0
6595,90.91,593.99,0
6606,90.91,591.87,0
6618,83.33,591.06,0
6629,90.91,594.01,0
6641,90.91,595.92,0
6652,83.33,593.90,0
6664,83.33,591.99,0
6675,90.91,593.46,0
6686,90.91,594.85,0
6697,90.91,594.96,0
6710,83.33,593.49,0
6721,83.33,596.07,0
6732,90.91,593.90,0
6744,83.33,592.37,0
6755,90.91,591.22,0
6766,90.91,595.30,0
6778,90.91,595.11,0
6790,83.33,591.30,0
6801,90.91,590.44,0
6812,90.91,592.66,0
6823,90.91,591.90,0
6835,83.33,592.03,0
6847,90.91,593.77,0
6858,83.33,594.72,0
6870,83.33,592.99,0
6881,90.91,596.12,0
6892,90.91,594.13,0
6903,90.91,595.41,0
6916,83.33,595.17,0
6927,83.33,593.70,0
6938,90.91,592.73,0
6949,90.91,593.14,0
6961,83.33,593.54,0
6972,90.91,593.04,0
6984,90.91,592.19,0
6995,83.33,591.51,0
7007,83.33,592.30,0
7018,90.91,593.86,0
7029,90.91,595.71,0
7041,83.33,595.11,0
7053,90.91,590.01,0
7064,83.33,595.09,0
7075,90.91,596.20,0
7087,83.33,594.99,0
7098,90.91,596.21,0
7109,90.91,596.21,0
7121,90.91,592.36,0
7133,76.92,591.71,0
7144,90.91,594.77,0
7155,90.91,596.55,0
7166,90.91,595.10,0
7178,83.33,591.92,0
7190,90.91,591.05,0
7201,83.33,593.74,0
7213,83.33,594.96,0
7224,90.91,594.75,0
7235,90.91,591.21,0
7246,90.91,589.92,0
7259,83.33,592.46,0
7270,83.33,596.22,0
7281,90.91,597.60,0
7292,90.91,597.17,0
7304,83.33,593.02,0
7315,90.91,593.72,0
7327,90.91,598.14,0
7339,76.92,599.15,0
7350,90.91,597.44,0
7361,90.91,597.34,0
7372,90.91,591.78,0
7384,83.33,592.27,0
7396,90.91,593.70,0
7407,83.33,595.01,0
7418,90.91,594.92,0
7430,83.33,592.86,0
7441,90.91,589.86,0
7452,90.91,592.65,0
7464,90.91,592.22,0
7476,76.92,591.01,0
7487,90.91,589.39,0
7498,90.91,591.79,0
7510,83.33,592.12,0
7521,90.91,593.12,0
7533,90.91,596.92,0
7544,83.33,596.77,0
7556,83.33,592.30,0
7567,90.91,589.28,0
7578,90.91,595.02,0
7589,90.91,594.62,0
7602,83.33,592.63,0
7613,83.33,594.06,0
7624,90.91,590.56,0
7635,90.91,588.99,0
7647,83.33,591.25,0
7658,90.91,595.54,0
7670,90.91,595.11,0
7682,76.92,595.50,0
7693,90.91,593.19,0
7704,90.91,592.68,0
7715,90.91,592.65,0
7727,83.33,596.01,0
7739,90.91,597.65,0
7750,83.33,592.88,0
7761,90.91,593.87,0
7773,83.33,595.01,0
7784,90.91,595.80,0
7795,90.91,597.36,0
7808,90.91,595.22,0
7819,76.92,590.80,0
7830,90.91,591.66,0
7841,90.91,597.70,0
7853,83.33,597.67,0
7864,90.91,593.27,0
7876,90.91,593.70,0
7887,83.33,594.49,0
7899,83.33,595.70,0
7910,90.91,593.67,0
7921,90.91,593.69,0
7932,90.91,595.86,0
7945,83.33,593.79,0
7956,83.33,591.59,0
7967,90.91,595.67,0
7979,83.33,597.13,0
7990,90.91,594.45,0
8001,90.91,590.04,0
8013,90.91,593.34,0
8025,76.92,595.16,0
8036,90.91,594.82,0
8047,90.91,592.55,0
8058,90.91,595.27,0
8070,83.33,594.38,0
8082,90.91,590.69,0
8093,83.33,592.00,0
8104,90.91,596.85,0
8116,83.33,595.17,0
8127,90.91,591.89,0
8138,90.91,593.22,0
8151,83.33,594.62,0
8162,83.33,595.69,0
8173,90.91,596.68,0
8184,90.91,594.20,0
8196,83.33,592.09,0
8207,90.91,592.98,0
8219,90.91,592.53,0
8230,83.33,594.61,0
8242,83.33,596.42,0
8253,90.91,594.40,0
8264,90.91,591.30,0
8275,90.91,591.73,0
8288,83.33,593.32,0
8299,83.33,595.11,0
8310,90.91,595.01,0
8322,83.33,594.76,0
8333,90.91,591.12,0
8344,90.91,592.03,0
8356,90.91,594.06,0
8368,76.92,596.18,0
8379,90.91,595.82,0
8390,90.91,596.64,0
8401,90.91,599.05,0
8413,83.33,596.47,0
8424,90.91,593.84,0
8436,83.33,594.23,0
8448,83.33,594.48,0
8459,90.91,593.15,0
8470,90.91,591.92,0
8481,90.91,593.39,0
8493,83.33,596.63,0
8505,83.33,595.96,0
8516,90.91,591.38,0
8527,90.91,592.80,0
8539,83.33,594.29,0
8550,90.91,592.00,0
8562,90.91,593.10,0
8573,83.33,594.12,0
8585,83.33,592.60,0
8596,90.91,593.82,0
8607,90.91,594.96,0
8619,83.33,595.84,0
8631,90.91,594.04,0
8642,83.33,594.36,0
8653,90.91,597.41,0
8665,83.33,594.38,0
8676,90.91,593.89,0
8687,90.91,594.75,0
8698,90.91,595.37,0
8711,76.92,592.39,0
8722,90.91,593.71,0
8733,90.91,595.56,0
8744,90.91,597.36,0
8756,83.33,596.25,0
8768,90.91,594.20,0
8779,83.33,592.02,0
8791,83.33,594.30,0
8802,90.91,596.07,0
8813,90.91,593.85,0
8824,90.91,594.22,0
8837,83.33,594.68,0
8848,83.33,592.41,0
8859,90.91,593.89,0
8870,90.91,597.27,0
8882,83.33,595.89,0
8893,90.91,594.24,0
8905,90.91,594.94,0
8916,83.33,594.04,0
8928,83.33,592.89,0
8939,90.91,593.84,0
8950,90.91,593.78,0
8962,83.33,593.28,0
8974,90.91,594.65,0
8985,83.33,594.49,0
8996,90.91,595.58,0
9008,83.33,596.24,0
9019,90.91,593.93,0
9030,90.91,592.07,0
9042,90.91,594.00,0
9054,76.92,594.37,0
9065,90.91,593.00,0
9076,90.91,595.81,0
9088,83.33,596.40,0
9099,90.91,591.40,0
9111,90.91,593.64,0
9122,83.33,595.95,0
9134,83.33,595.16,0
9145,90.91,595.04,0
9156,90.91,595.94,0
9167,90.91,594.01,0
9180,83.33,591.16,0
9191,83.33,593.02,0
9202,90.91,593.98,0
9213,90.91,595.03,0
9225,83.33,593.56,0
9236,90.91,590.21,0
9248,90.91,588.84,0
9260,76.92,594.24,0
9271,90.91,596.11,0
9282,90.91,595.05,0
9293,90.91,592.80,0
9305,83.33,593.72,0
9317,90.91,589.95,0
9328,83.33,593.75,0
9339,90.91,596.20,0
9351,83.33,594.74,0
9362,90.91,595.76,0
9373,90.91,593.70,0
9385,90.91,592.74,0
9397,76.92,595.33,0
9408,90.91,595.58,0
9419,90.91,595.93,0
9431,83.33,592.44,0
9442,90.91,591.17,0
9454,90.91,591.75,0
9465,83.33,593.65,0
9477,83.33,599.72,0
9488,90.91,595.37,0
9499,90.91,590.30,0
9510,90.91,594.94,0
9523,83.33,593.70,0
9534,83.33,593.29,0
9545,90.91,593.92,0
9556,90.91,594.40,0
9568,83.33,593.61,0
9579,90.91,589.75,0
9591,90.91,593.18,0
9603,76.92,598.00,0
9614,90.91,596.15,0
9625,90.91,593.35,0
9636,90.91,591.21,0
9648,83.33,594.95,0
9660,90.91,596.26,0
9671,83.33,596.02,0
9682,90.91,597.55,0
9694,83.33,596.09,0
9705,90.91,591.69,0
9716,90.91,590.15,0
9729,83.33,595.85,0
9740,83.33,597.20,0
9751,90.91,592.33,0
9762,90.91,593.42,0
9774,83.33,593.95,0
9785,90.91,593.94,0
9797,90.91,596.71,0
9808,83.33,595.68,0
9820,83.33,593.53,0
9831,90.91,589.95,0
9842,90.91,593.90,0
9853,90.91,596.30,0
9866,83.33,594.98,0
9877,83.33,595.39,0
9888,90.91,591.90,0
9900,83.33,594.22,0
9911,90.91,595.99,0
9922,90.91,593.46,0
9934,90.91,593.78,0
9946,76.92,594.79,0
9957,90.91,594.87,0
9968,90.91,592.01,0
9979,90.91,592.84,0
9991,83.33,597.36,0
10003,90.91,596.55,0
10014,83.33,594.02,0
10025,90.91,593.80,0
10037,83.33,593.89,0
10048,90.91,593.67,0
10059,90.91,593.92,0
10072,83.33,595.60,0
10083,83.33,591.81,0
10094,90.91,591.94,0
10105,90.91,590.13,0
10117,83.33,592.86,0
10128,90.91,597.41,0
10140,90.91,595.78,0
10151,83.33,590.60,0
10163,83.33,591.82,0
10174,90.91,592.52,0
10185,90.91,593.25,0
10196,90.91,593.39,0
10209,83.33,591.15,0
10220,83.33,591.71,0
10231,90.91,593.14,0
10243,83.33,595.44,0
10254,90.91,594.24,0
10265,90.91,593.81,0
10277,90.91,596.01,0
10289,76.92,593.19,0
10300,90.91,593.22,0
10311,90.91,591.71,0
10322,90.91,591.17,0
10334,83.33,594.01,0
10346,90.91,595.61,0
10357,83.33,594.93,0
10369,83.33,593.36,0
10380,90.91,593.23,0
10391,90.91,594.88,0
10402,90.91,593.25,0
10415,83.33,594.73,0
10426,83.33,593.40,0
10437,90.91,594.08,0
10448,90.91,592.55,0
10460,83.33,596.21,0
10471,90.91,597.51,0
10483,90.91,596.11,0
10494,83.33,594.45,0
10506,83.33,592.59,0
10517,90.91,590.73,0
10528,90.91,596.23,0
10540,83.33,597.50,0
10552,90.91,596.62,0
10563,83.33,592.05,0
10574,90.91,588.66,0
10586,83.33,589.46,0
10597,90.91,594.65,0
10608,90.91,596.90,0
10620,90.91,597.12,0
10632,76.92,590.28,0
10643,90.91,587.97,0
10654,90.91,592.96,0
10665,90.91,598.99,0
10677,83.33,598.32,0
10689,90.91,593.67,0
10700,83.33,587.94,0
10712,83.33,588.47,0
10723,90.91,594.54,0
10734,90.91,596.71,0
10745,90.91,595.78,0
10758,83.33,594.14,0
10769,83.33,590.51,0
10780,90.91,588.24,0
10791,90.91,596.78,0
10803,83.33,603.39,0
10814,90.91,596.52,0
10826,90.91,590.34,0
10838,76.92,590.89,0
10849,90.91,595.99,0
10860,90.91,599.85,0
10871,90.91,597.25,0
10883,83.33,592.90,0
10895,90.91,590.33,0
10906,83.33,593.17,0
10917,90.91,593.68,0
10929,83.33,596.92,0
10940,90.91,597.19,0
10951,90.91,593.10,0
10963,90.91,588.41,0
10975,76.92,591.22,0
10986,90.91,594.81,0
10997,90.91,594.95,0
11009,83.33,590.42,0
11020,90.91,589.01,0
11032,83.33,590.57,0
11043,90.91,594.20,0
11055,83.33,597.52,0
11066,90.91,596.47,0
11077,90.91,593.54,0
11088,90.91,594.54,0
11101,76.92,595.14,0
11112,90.91,595.78,0
11123,90.91,597.97,0
11134,90.91,598.79,0
11146,83.33,593.15,0
11157,90.91,590.80,0
11169,83.33,594.02,0
11181,83.33,595.25,0
11192,90.91,596.39,0
11203,90.91,592.21,0
11214,90.91,591.32,0
11226,83.33,593.27,0
11238,83.33,597.69,0
11249,90.91,596.59,0
11260,90.91,592.06,0
11272,83.33,590.57,0
11283,90.91,595.96,0
11294,90.91,597.31,0
11307,76.92,601.33,0
11318,90.91,596.04,0
11329,90.91,592.49,0
11340,90.91,588.22,0
11352,83.33,590.19,0
11363,90.91,594.81,0
11375,83.33,595.54,0
11386,90.91,592.49,0
11398,83.33,593.03,0
11409,90.91,593.84,0
11420,90.91,594.54,0
11431,90.91,595.23,0
11444,76.92,594.10,0
11455,90.91,591.66,0
11466,90.91,590.95,0
11478,83.33,591.41,0
11489,90.91,594.10,0
11500,90.91,595.04,0
11512,83.33,591.89,0
11524,83.33,591.90,0
11535,90.91,593.39,0
11546,90.91,595.61,0
11557,90.91,598.23,0
11569,83.33,596.49,0
11581,83.33,591.88,0
11592,90.91,593.52,0
11603,90.91,591.81,0
11615,83.33,593.54,0
11626,90.91,597.52,0
11637,90.91,592.20,0
11650,76.92,590.70,0
11661,90.91,592.76,0
11672,90.91,597.31,0
11683,90.91,599.54,0
11695,83.33,597.68,0
11706,90.91,592.00,0
11718,90.91,588.10,0
11729,90.91,591.68,0
11741,83.33,598.11,0
11752,90.91,598.57,0
11763,90.91,594.80,0
11774,90.91,590.76,0
11787,83.33,591.91,0
11798,90.91,598.41,0
11809,90.91,595.78,0
11821,83.33,594.50,0
11832,90.91,592.37,0
11843,90.91,590.52,0
11855,90.91,589.93,0
11867,83.33,593.58,0
11878,90.91,598.03,0
11889,90.91,595.95,0
11900,90.91,592.38,0
11912,83.33,591.72,0
11924,83.33,598.45,0
11935,90.91,597.99,0
11947,83.33,591.03,0
11958,90.91,590.53,0
11969,90.91,590.88,0
11980,90.91,592.55,0
11993,76.92,594.79,0
12004,90.91,596.39,0
12015,90.91,593.98,0
12026,90.91,591.02,0
12038,83.33,592.14,0
12049,90.91,596.07,0
12061,83.33,596.11,0
12072,90.91,596.81,0
12084,83.33,595.07,0
12095,90.91,593.46,0
12106,90.91,593.72,0
12118,83.33,593.37,0
12130,83.33,593.50,0
12141,90.91,592.76,0
12152,90.91,588.78,0
12164,83.33,591.24,0
12175,90.91,594.98,0
12186,90.91,594.27,0
12198,83.33,593.16,0
12210,83.33,594.56,0
12221,90.91,593.23,0
12232,90.91,592.47,0
12243,90.91,593.51,0
12255,83.33,595.66,0
12267,83.33,595.88,0
12278,90.91,592.04,0
12290,83.33,589.59,0
12301,90.91,591.73,0
12312,90.91,594.49,0
12323,90.91,595.62,0
12336,76.92,592.13,0
12347,90.91,590.68,0
12358,90.91,595.68,0
12369,90.91,595.14,0
12381,83.33,593.39,0
12392,90.91,595.10,0
12404,83.33,592.03,0
12416,83.33,593.76,0
12427,90.91,596.58,0
12438,90.91,597.41,0
12449,90.91,594.74,0
12461,83.33,595.31,0
12473,83.33,592.79,0
12484,90.91,592.05,0
12495,90.91,594.85,0
12507,83.33,595.54,0
12518,90.91,594.55,0
12529,90.91,595.75,0
12541,83.33,595.54,0
12553,83.33,594.41,0
12564,90.91,595.05,0
12575,90.91,596.11,0
12587,83.33,593.69,0
12598,90.91,593.91,0
12610,83.33,594.93,0
12621,90.91,592.08,0
12633,83.33,591.53,0
12644,90.91,593.68,0
12655,90.91,592.35,0
12666,90.91,593.76,0
12679,76.92,594.20,0
12690,90.91,593.82,0
12701,90.91,596.24,0
12712,90.91,594.14,0
12724,83.33,592.67,0
12735,90.91,593.80,0
12747,83.33,592.33,0
12759,83.33,594.07,0
12770,90.91,594.89,0
12781,90.91,595.30,0
12792,90.91,594.14,0
12804,83.33,589.56,0
12816,83.33,590.41,0
12827,90.91,593.91,0
12838,90.91,595.93,0
12850,83.33,596.19,0
12861,90.91,594.34,0
12872,90.91,590.21,0
12884,83.33,592.57,0
12896,83.33,595.94,0
12907,90.91,597.31,0
12918,90.91,594.40,0
12930,83.33,593.64,0
12941,90.91,595.00,0
12953,83.33,596.59,0
12964,90.91,596.04,0
12976,83.33,592.59,0
12987,90.91,594.39,0
12998,90.91,597.36,0
13009,90.91,594.06,0
13022,76.92,592.72,0
13033,90.91,595.48,0
13044,90.91,595.25,0
13056,83.33,594.85,0
13067,90.91,594.67,0
13078,90.91,593.94,0
13090,83.33,592.74,0
13102,83.33,595.15,0
13113,90.91,596.45,0
13124,90.91,593.31,0
13135,90.91,594.17,0
13147,83.33,594.51,0
13159,83.33,593.99,0
13170,90.91,593.10,0
13181,90.91,591.92,0
13193,83.33,591.25,0
13204,90.91,591.60,0
13215,90.91,593.11,0
13228,76.92,593.50,0
13239,90.91,592.63,0
13250,90.91,593.59,0
13261,90.91,590.48,0
13273,83.33,592.61,0
13284,90.91,600.56,0
13296,83.33,597.26,0
13307,90.91,595.33,0
13319,83.33,593.87,0
13330,90.91,593.93,0
13341,90.91,597.71,0
13352,90.91,598.04,0
13365,76.92,597.70,0
13376,90.91,593.10,0
13387,90.91,592.20,0
13399,83.33,590.67,0
13410,90.91,589.92,0
13421,90.91,595.33,0
13433,83.33,596.97,0
13445,83.33,590.21,0
13456,90.91,591.92,0
13467,90.91,596.88,0
13478,90.91,596.53,0
13490,83.33,591.49,0
13502,83.33,592.85,0
13513,90.91,588.28,0
13524,90.91,590.54,0
13536,83.33,597.82,0
13547,90.91,597.93,0
13558,90.91,593.82,0
13571,76.92,590.15,0
13582,90.91,587.73,0
13593,90.91,593.61,0
13604,90.91,598.58,0
13616,83.33,598.23,0
13627,90.91,590.83,0
13639,83.33,590.30,0
13650,90.91,592.45,0
13662,83.33,593.92,0
13673,90.91,598.83,0
13684,90.91,597.75,0
13696,83.33,591.86,0
13708,83.33,590.55,0
13719,90.91,594.85,0
13730,90.91,598.89,0
13742,83.33,594.21,0
13753,90.91,590.80,0
13764,90.91,586.79,0
13776,83.33,589.42,0
13788,83.33,597.04,0
13799,90.91,601.43,0
13810,90.91,597.76,0
13821,90.91,592.36,0
13833,83.33,589.76,0
13845,83.33,591.08,0
13856,90.91,597.38,0
13868,83.33,598.65,0
13879,90.91,593.29,0
13890,90.91,590.02,0
13901,90.91,593.63,0
13914,76.92,593.62,0
13925,90.91,593.61,0
13936,90.91,599.87,0
13947,90.91,597.01,0
13959,83.33,590.51,0
13970,90.91,592.60,0
13982,83.33,594.69,0
13993,90.91,595.93,0
14005,83.33,595.29,0
14016,90.91,593.35,0
14027,90.91,591.92,0
14039,83.33,592.88,0
14051,83.33,594.82,0
14062,90.91,596.62,0
14073,90.91,595.36,0
14085,83.33,594.46,0
14096,90.91,593.53,0
14107,90.91,595.64,0
14119,83.33,594.09,0
14131,83.33,593.31,0
14142,90.91,589.73,0
14153,90.91,592.48,0
14164,90.91,594.10,0
14176,83.33,593.34,0
14188,83.33,592.54,0
14199,90.91,592.29,0
14211,83.33,591.78,0
14222,90.91,595.24,0
14233,90.91,597.56,0
14244,90.91,597.92,0
14257,76.92,590.74,0
14268,90.91,590.49,0
14279,90.91,595.21,0
14290,90.91,596.05,0
14302,83.33,595.02,0
14313,90.91,592.85,0
14325,83.33,593.45,0
14337,83.33,595.74,0
14348,90.91,591.98,0
14359,90.91,592.92,0
14370,90.91,594.52,0
14382,83.33,593.64,0
14394,83.33,593.07,0
14405,90.91,595.24,0
14416,90.91,598.83,0
14428,83.33,597.78,0
14439,90.91,595.54,0
14450,90.91,593.65,0
14462,83.33,590.08,0
14474,83.33,591.58,0
14485,90.91,594.13,0
14496,90.91,594.47,0
14508,83.33,593.77,0
14519,90.91,594.26,0
14531,83.33,594.56,0
14542,90.91,594.48,0
14554,83.33,595.62,0
14565,90.91,595.42,0
14576,90.91,592.20,0
14587,90.91,592.22,0
14600,76.92,592.42,0
14611,90.91,592.80,0
14622,90.91,597.29,0
14633,90.91,595.07,0
14645,83.33,592.65,0
14656,90.91,593.32,0
14668,83.33,595.54,0
14680,83.33,597.16,0
14691,90.91,596.91,0
14702,90.91,591.40,0
14713,90.91,591.01,0
14725,83.33,592.83,0
14737,83.33,593.47,0
14748,90.91,594.14,0
14759,90.91,596.08,0
14771,83.33,594.83,0
14782,90.91,591.22,0
14793,90.91,592.63,0
14806,76.92,597.45,0
14817,90.91,596.05,0
14828,90.91,598.33,0
14839,90.91,594.95,0
14851,83.33,591.62,0
14862,90.91,592.48,0
14874,83.33,597.17,0
14885,90.91,595.12,0
14897,83.33,590.65,0
14908,90.91,590.93,0
14919,90.91,594.64,0
14930,90.91,592.43,0
14943,76.92,592.48,0
14954,90.91,593.29,0
14965,90.91,590.83,0
14977,83.33,591.90,0
14988,90.91,595.05,0
14999,90.91,596.49,0
15011,83.33,595.43,0
15023,83.33,595.01,0
15034,90.91,593.36,0
15045,90.91,591.14,0
15056,90.91,593.19,0
15068,83.33,595.03,0
15080,83.33,595.45,0
15091,90.91,594.24,0
15102,90.91,595.36,0
15114,83.33,593.62,0
15125,90.91,592.80,0
15136,90.91,596.62,0
15149,76.92,593.95,0
15160,90.91,593.97,0
15171,90.91,595.97,0
15182,90.91,597.27,0
15194,83.33,596.70,0
15205,90.91,596.01,0
15217,83.33,589.42,0
15228,90.91,591.26,0
15240,83.33,594.58,0
15251,90.91,596.31,0
15262,90.91,598.33,0
15273,90.91,594.99,0
15286,76.92,591.96,0
15297,90.91,593.42,0
15308,90.91,593.14,0
15320,83.33,597.40,0
15331,90.91,591.75,0
15342,90.91,589.46,0
15354,83.33,595.09,0
15366,83.33,599.25,0
15377,90.91,593.99,0
15388,90.91,594.01,0
15399,90.91,593.57,0
15411,83.33,588.36,0
15423,83.33,590.78,0
15434,90.91,595.07,0
15446,83.33,592.83,0
15457,90.91,592.75,0
15468,90.91,590.93,0
15479,90.91,593.44,0
15492,76.92,597.79,0
15503,90.91,596.62,0
15514,90.91,596.36,0
15525,90.91,595.13,0
15537,83.33,593.63,0
15548,90.91,596.73,0
15560,83.33,596.73,0
15571,90.91,594.68,0
15583,83.33,593.48,0
15594,90.91,591.76,0
15605,90.91,595.83,0
15617,83.33,600.34,0
15629,83.33,601.39,0
15640,90.91,594.62,0
15651,90.91,593.70,0
15663,83.33,595.39,0
15674,90.91,596.21,0
15685,90.91,597.43,0
15697,83.33,595.63,0
15709,83.33,591.09,0
15720,90.91,589.90,0
15731,90.91,591.95,0
15742,90.91,596.63,0
15754,83.33,594.60,0
15766,83.33,593.45,0
15777,90.91,589.24,0
15789,83.33,590.31,0
15800,90.91,596.36,0
15811,90.91,597.82,0
15822,90.91,595.37,0
15835,76.92,594.72,0
15846,90.91,595.32,0
15857,90.91,595.12,0
15868,90.91,597.88,0
15880,83.33,600.92,0
15891,90.91,596.57,0
15903,83.33,591.76,0
15915,83.33,592.68,0
15926,90.91,591.24,0
15937,90.91,594.96,0
15948,90.91,595.61,0
15960,83.33,593.55,0
15972,83.33,590.20,0
15983,90.91,592.67,0
15994,90.91,595.94,0
16006,83.33,599.45,0
16017,90.91,597.50,0
16028,90.91,592.25,0
16040,83.33,590.08,0
16052,83.33,595.78,0
16063,90.91,597.00,0
16074,90.91,596.07,0
16086,83.33,594.80,0
16097,90.91,593.33,0
16109,83.33,590.98,0
16120,90.91,596.80,0
16132,83.33,597.90,0
16143,90.91,595.65,0
16154,90.91,590.79,0
16165,90.91,591.52,0
16178,76.92,594.89,0
16189,90.91,595.39,0
16200,90.91,597.19,0
16211,90.91,594.45,0
16223,83.33,589.82,0
16234,90.91,591.21,0
16246,83.33,595.94,0
16258,83.33,597.37,0
16269,90.91,592.94,0
16280,90.91,591.09,0
16291,90.91,590.14,0
16303,83.33,592.45,0
16315,83.33,597.73,0
16326,90.91,599.21,0
16337,90.91,593.33,0
16349,83.33,591.16,0
16360,90.91,592.70,0
16371,90.91,596.99,0
16384,76.92,598.98,0
16395,90.91,594.45,0
16406,90.91,587.41,0
16417,90.91,587.04,0
16429,83.33,592.25,0
16440,90.91,597.02,0
16452,83.33,594.70,0
16463,90.91,593.53,0
16475,83.33,591.85,0
16486,90.91,592.65,0
16497,90.91,594.78,0
16508,90.91,595.41,0
16521,76.92,593.20,0
16532,90.91,589.31,0
16543,90.91,589.46,0
16555,83.33,594.62,0
16566,90.91,598.89,0
16577,90.91,597.84,0
16589,83.33,592.95,0
16601,83.33,588.32,0
16612,90.91,589.75,0
16623,90.91,592.50,0
16634,90.91,595.80,0
16646,83.33,597.07,0
16658,83.33,595.45,0
16669,90.91,588.32,0
16680,90.91,590.33,0
16692,83.33,597.15,0
16703,90.91,598.39,0
16714,90.91,594.13,0
16727,76.92,593.26,0
16738,90.91,593.13,0
16749,90.91,595.78,0
16760,90.91,597.40,0
16772,83.33,599.88,0
16783,90.91,594.54,0
16795,83.33,592.25,0
16806,90.91,592.78,0
16818,83.33,597.66,0
16829,90.91,595.52,0
16840,90.91,593.12,0
16851,90.91,589.18,0
16864,76.92,590.67,0
16875,90.91,595.01,0
16886,90.91,596.27,0
16898,83.33,594.16,0
16909,90.91,592.83,0
16920,90.91,589.30,0
16932,83.33,589.54,0
16944,83.33,593.12,0
16955,90.91,598.82,0
16966,90.91,593.19,0
16977,90.91,591.14,0
16989,83.33,592.92,0
17001,83.33,592.98,0
17012,90.91,592.36,0
17024,83.33,592.92,0
17035,90.91,593.03,0
17046,90.91,592.18,0
17057,90.91,593.15,0
17070,76.92,594.05,0
17081,90.91,595.03,0
17092,90.91,593.57,0
17103,90.91,591.58,0
17115,83.33,593.52,0
17126,90.91,595.49,0
17138,83.33,595.01,0
17149,90.91,591.77,0
17161,83.33,594.27,0
17172,90.91,596.20,0
17183,90.91,594.19,0
17195,83.33,593.70,0
17207,83.33,594.05,0
17218,90.91,594.15,0
17229,90.91,592.79,0
17241,83.33,591.29,0
17252,90.91,591.11,0
17263,90.91,592.02,0
17275,83.33,592.46,0
17287,83.33,593.53,0
17298,90.91,589.68,0
17309,90.91,593.75,0
17320,90.91,597.97,0
17332,83.33,596.13,0
17344,83.33,595.12,0
17355,90.91,594.60,0
17367,83.33,594.29,0
17378,90.91,597.70,0
17389,90.91,592.39,0
17400,90.91,592.06,0
17413,76.92,591.68,0
17424,90.91,595.34,0
17435,90.91,595.68,0
17446,90.91,593.74,0
17458,83.33,597.18,0
17469,90.91,598.65,0
17481,83.33,592.25,0
17492,90.91,591.40,0
17504,83.33,594.28,0
17515,90.91,594.37,0
17526,90.91,593.15,0
17538,83.33,591.37,0
17550,83.33,592.57,0
17561,90.91,593.65,0
17572,90.91,595.09,0
17584,83.33,594.56,0
17595,90.91,595.65,0
17606,90.91,593.50,0
17618,83.33,589.64,0
17630,83.33,593.20,0
17641,90.91,597.42,0
17652,90.91,596.19,0
17664,83.33,592.82,0
17675,90.91,594.28,0
17687,83.33,598.93,0
17698,90.91,595.73,0
17710,83.33,595.52,0
17721,90.91,593.29,0
17732,90.91,590.35,0
17743,90.91,592.69,0
17756,76.92,596.51,0
17767,90.91,595.80,0
17778,90.91,592.72,0
17789,90.91,593.21,0
17801,83.33,594.39,0
17812,90.91,593.09,0
17824,83.33,595.56,0
17836,83.33,593.20,0
17847,90.91,592.19,0
17858,90.91,591.88,0
17869,90.91,590.82,0
17881,83.33,591.77,0
17893,83.33,597.58,0
17904,90.91,597.42,0
17915,90.91,594.97,0
17927,83.33,593.51,0
17938,90.91,594.60,0
17949,90.91,594.06,0
17961,83.33,594.19,0
17973,83.33,594.80,0
17984,90.91,591.77,0
17995,90.91,591.52,0
18007,83.33,593.11,0
18018,90.91,594.78,0
18030,83.33,595.17,0
18041,90.91,592.75,0
18053,83.33,589.49,0
18064,90.91,590.99,0
18075,90.91,590.50,0
18086,90.91,597.48,0
18099,76.92,596.48,0
18110,90.91,593.92,0
18121,90.91,593.49,0
18132,90.91,589.87,0
18144,83.33,593.16,0
18155,90.91,596.85,0
18167,83.33,598.84,0
18179,83.33,594.08,0
18190,90.91,593.23,0
18201,90.91,596.14,0
18212,90.91,596.06,0
18224,83.33,595.31,0
18236,83.33,593.91,0
18247,90.91,590.90,0
18258,90.91,589.88,0
18270,83.33,592.94,0
18281,90.91,596.66,0
18292,90.91,593.14,0
18305,76.92,592.30,0
18316,90.91,591.74,0
18327,90.91,591.87,0
18338,90.91,598.11,0
18350,83.33,597.44,0
18361,90.91,594.33,0
18373,83.33,592.98,0
18384,90.91,591.36,0
18396,83.33,592.94,0
18407,90.91,595.69,0
18418,90.91,595.64,0
18429,90.91,596.77,0
18442,76.92,593.78,0
18453,90.91,592.19,0
18464,90.91,594.51,0
18476,83.33,594.61,0
18487,90.91,594.28,0
18498,90.91,594.80,0
18510,83.33,592.86,0
18522,83.33,593.48,0
18533,90.91,596.48,0
18544,90.91,596.13,0
18555,90.91,593.14,0
18567,83.33,592.70,0
18579,83.33,597.17,0
18590,90.91,597.18,0
18601,90.91,595.35,0
18613,83.33,594.37,0
18624,90.91,594.52,0
18635,90.91,592.00,0
18648,76.92,590.95,0
18659,90.91,595.47,0
18670,90.91,596.21,0
18681,90.91,590.27,0
18693,83.33,589.64,0
18704,90.91,592.61,0
18716,83.33,595.73,0
18727,90.91,596.52,0
18739,83.33,595.35,0
18750,90.91,592.18,0
18761,90.91,591.03,0
18772,90.91,596.59,0
18785,76.92,597.16,0
18796,90.91,597.97,0
18807,90.91,597.17,0
18819,83.33,592.95,0
18830,90.91,594.41,0
18841,90.91,596.34,0
18853,83.33,595.75,0
18865,83.33,592.41,0
18876,90.91,592.06,0
18887,90.91,590.80,0
18898,90.91,591.75,0
18910,83.33,593.76,0
18922,83.33,594.39,0
18933,90.91,593.23,0
18945,83.33,590.65,0
18956,90.91,588.49,0
18967,90.91,595.51,0
18978,90.91,598.16,0
18991,76.92,595.86,0
19002,90.91,595.49,0
19013,90.91,593.66,0
19024,90.91,591.92,0
19036,83.33,597.72,0
19047,90.91,599.28,0
19059,83.33,592.86,0
19070,90.91,590.84,0
19082,83.33,592.55,0
19093,90.91,593.49,0
19104,90.91,592.70,0
19116,83.33,594.88,0
19128,83.33,594.43,0
19139,90.91,590.12,0
19150,90.91,590.24,0
19162,83.33,592.72,0
19173,90.91,593.77,0
19184,90.91,596.51,0
19196,83.33,593.44,0
19208,83.33,592.13,0
19219,90.91,593.00,0
19230,90.91,595.68,0
19241,90.91,593.61,0
19253,83.33,591.69,0
19265,83.33,590.90,0
19276,90.91,591.42,0
19288,83.33,591.69,0
19299,90.91,594.45,0
19310,90.91,596.45,0
19321,90.91,594.43,0
19334,76.92,591.46,0
19345,90.91,593.44,0
19356,90.91,594.22,0
19367,90.91,594.62,0
19379,83.33,595.36,0
19390,90.91,595.34,0
19402,83.33,592.17,0
19414,83.33,593.95,0
19425,90.91,594.69,0
19436,90.91,595.53,0
19447,90.91,593.30,0
19459,83.33,591.59,0
19471,83.33,592.25,0
19482,90.91,595.69,0
19493,90.91,594.07,0
19505,83.33,591.28,0
19516,90.91,590.01,0
19527,90.91,593.38,0
19539,83.33,594.72,0
19551,83.33,595.07,0
19562,90.91,596.50,0
19573,90.91,594.06,0
19585,83.33,592.69,0
19596,90.91,592.96,0
19608,83.33,597.95,0
19619,90.91,596.57,0
19631,83.33,594.53,0
19642,90.91,593.25,0
19653,90.91,593.33,0
19664,90.91,592.97,0
19677,76.92,592.53,0
19688,90.91,593.65,0
19699,90.91,594.83,0
19710,90.91,593.60,0
19722,83.33,592.30,0
19733,90.91,594.45,0
19745,83.33,597.75,0
19757,83.33,594.29,0
19768,90.91,591.16,0
19779,90.91,590.39,0
19790,90.91,595.22,0
19802,83.33,595.76,0
19814,83.33,596.78,0
19825,90.91,595.23,0
19836,90.91,592.29,0
19848,83.33,593.30,0
19859,90.91,598.99,0
19870,90.91,596.97,0
19883,76.92,594.28,0
19894,90.91,593.19,0
19905,90.91,591.98,0
19916,90.91,593.42,0
19928,83.33,594.34,0
19939,90.91,594.17,0
19951,83.33,595.67,0
19962,90.91,592.33,0
19974,83.33,590.65,0
19985,90.91,593.10,0
19996,90.91,596.02,0
20007,90.91,595.80,0
20020,76.92,592.83,0
20031,90.91,594.92,0
20042,90.91,596.47,0
20054,83.33,596.33,0
20065,90.91,596.05,0
20076,90.91,595.11,0
20088,83.33,593.58,0
20100,83.33,592.18,0
20111,90.91,591.63,0
20122,90.91,591.92,0
20133,90.91,590.47,0
20145,83.33,592.94,0
20157,83.33,592.40,0
20168,90.91,596.32,0
20179,90.91,596.91,0
20191,83.33,593.84,0
20202,90.91,591.77,0
20213,90.91,595.12,0
20226,76.92,594.23,0
20237,90.91,594.70,0
20248,90.91,595.82,0
20259,90.91,593.94,0
20271,83.33,591.05,0
20282,90.91,596.35,0
20294,83.33,597.07,0
20305,90.91,593.50,0
20317,83.33,594.43,0
20328,90.91,594.56,0
20339,90.91,592.70,0
20350,90.91,591.95,0
20363,76.92,592.66,0
20374,90.91,593.47,0
20385,90.91,594.35,0
20397,83.33,592.72,0
20408,90.91,593.65,0
20419,90.91,597.55,0
20431,83.33,594.79,0
20443,83.33,593.70,0
20454,90.91,591.39,0
20465,90.91,595.34,0
20476,90.91,597.61,0
20488,83.33,596.33,0
20500,83.33,596.14,0
20511,90.91,594.83,0
20523,83.33,592.96,0
20534,90.91,592.90,0
20545,90.91,592.35,0
20556,90.91,595.44,0
20569,76.92,592.90,0
20580,90.91,591.49,0
20591,90.91,592.29,0
20602,90.91,595.77,0
20614,83.33,593.81,0
20625,90.91,592.31,0
20637,83.33,593.11,0
20648,90.91,594.21,0
20660,83.33,595.82,0
20671,90.91,598.26,0
20682,90.91,597.62,0
20694,83.33,594.26,0
20706,83.33,592.48,0
20717,90.91,592.74,0
20728,90.91,593.14,0
20740,83.33,596.91,0
20751,90.91,596.51,0
20762,90.91,596.23,0
20774,83.33,593.06,0
20786,83.33,593.26,0
20797,90.91,596.30,0
20808,90.91,596.47,0
20819,90.91,593.53,0
20831,83.33,591.78,0
20843,83.33,593.89,0
20854,90.91,594.60,0
20866,83.33,594.68,0
20877,90.91,594.38,0
20888,90.91,594.86,0
20899,90.91,591.39,0
20912,76.92,592.94,0
20923,90.91,597.21,0
20934,90.91,599.41,0
20945,90.91,597.71,0
20957,83.33,594.28,0
20968,90.91,589.23,0
20980,83.33,592.61,0
20992,83.33,596.09,0
21003,90.91,595.45,0
21014,90.91,595.61,0
21025,90.91,595.44,0
21037,83.33,594.43,0
21049,83.33,597.34,0
21060,90.91,597.39,0
21071,90.91,598.25,0
21083,83.33,596.63,0
21094,90.91,592.31,0
21105,90.91,592.41,0
21117,83.33,599.50,0
21129,83.33,599.83,0
21140,90.91,597.61,0
21151,90.91,592.23,0
21163,83.33,591.55,0
21174,90.91,594.12,0
21186,83.33,595.35,0
21197,90.91,595.21,0
21209,83.33,593.68,0
21220,90.91,590.42,0
21231,90.91,589.78,0
21242,90.91,596.32,0
21255,76.92,597.32,0
21266,90.91,596.74,0
21277,90.91,596.82,0
21288,90.91,593.76,0
21300,83.33,593.91,0
21311,90.91,596.38,0
21323,83.33,598.21,0
21335,83.33,592.36,0
21346,90.91,590.57,0
21357,90.91,594.93,0
21368,90.91,594.88,0
21381,83.33,595.53,0
21392,83.33,593.03,0
21403,90.91,592.43,0
21414,90.91,593.21,0
21426,83.33,593.13,0
21437,90.91,595.92,0
21449,90.91,596.00,0
21460,83.33,594.02,0
21472,83.33,591.79,0
21483,90.91,593.26,0
21494,90.91,596.37,0
21506,83.33,598.25,0
21518,90.91,592.92,0
21529,83.33,589.76,0
21540,90.91,592.35,0
21552,83.33,594.90,0
21563,90.91,593.92,0
21574,90.91,594.57,0
21586,90.91,594.34,0
21598,76.92,592.49,0
21609,90.91,594.93,0
21620,90.91,595.31,0
21632,83.33,594.10,0
21643,90.91,592.64,0
21655,90.91,591.81,0
21666,83.33,591.03,0
21678,83.33,593.10,0
21689,90.91,597.49,0
21700,90.91,595.71,0
21711,90.91,594.21,0
21724,83.33,593.42,0
21735,83.33,592.32,0
21746,90.91,593.55,0
21757,90.91,594.84,0
21769,83.33,594.21,0
21780,90.91,596.44,0
21792,83.33,596.23,0
21804,83.33,595.17,0
21815,90.91,593.23,0
21826,90.91,593.45,0
21837,90.91,593.32,0
21849,83.33,592.77,0
21861,83.33,594.58,0
21872,90.91,592.74,0
21883,90.91,592.65,0
21895,83.33,592.51,0
21906,90.91,594.33,0
21917,90.91,595.80,0
21929,83.33,596.43,0
21941,83.33,594.45,0
21952,90.91,589.76,0
21963,90.91,591.31,0
21975,83.33,597.65,0
21986,90.91,595.55,0
21998,83.33,595.44,0
22009,90.91,594.15,0
22021,83.33,592.30,0
22032,90.91,592.91,0
22043,90.91,596.28,0
22054,90.91,598.50,0
22067,76.92,595.12,0
22078,90.91,591.81,0
22089,90.91,590.97,0
22100,90.91,595.93,0
22112,83.33,596.98,0
22123,90.91,595.90,0
22135,83.33,592.80,0
22147,83.33,591.79,0
22158,90.91,592.01,0
22169,90.91,595.26,0
22180,90.91,594.61,0
22192,83.33,595.66,0
22204,83.33,592.65,0
22215,90.91,589.57,0
22226,90.91,591.35,0
22238,83.33,593.90,0
22249,90.91,594.08,0
22260,90.91,592.63,0
22273,76.92,591.37,0
22284,90.91,592.07,0
22295,90.91,595.69,0
22306,90.91,599.20,0
22318,83.33,597.53,0
22329,90.91,591.84,0
22341,83.33,590.91,0
22352,90.91,593.24,0
22364,83.33,594.17,0
22375,90.91,593.46,0
22386,90.91,592.81,0
22397,90.91,592.82,0
22410,76.92,591.58,0
22421,90.91,593.54,0
22432,90.91,594.45,0
22444,83.33,595.80,0
22455,90.91,592.86,0
22466,90.91,595.18,0
22478,83.33,596.23,0
22490,83.33,595.98,0
22501,90.91,594.28,0
22512,90.91,596.53,0
22523,90.91,595.43,0
22535,83.33,598.43,0
22547,83.33,597.35,0
22558,90.91,596.91,0
22569,90.91,593.50,0
22581,83.33,593.03,0
22592,90.91,594.90,0
22603,90.91,596.91,0
22616,76.92,599.76,0
22627,90.91,594.28,0
22638,90.91,591.10,0
22649,90.91,591.65,0
22661,83.33,595.84,0
22672,90.91,595.51,0
22684,83.33,592.39,0
22695,90.91,595.46,0
22707,83.33,593.22,0
22718,90.91,591.07,0
22729,90.91,593.61,0
22740,90.91,595.58,0
22753,76.92,596.25,0
22764,90.91,595.48,0
22775,90.91,592.40,0
22787,83.33,593.12,0
22798,90.91,592.54,0
22809,90.91,595.97,0
22821,83.33,594.21,0
22833,83.33,591.93,0
22844,90.91,594.25,0
22855,90.91,591.31,0
22866,90.91,595.76,0
22878,83.33,599.14,0
22890,83.33,596.20,0
22901,90.91,592.32,0
22913,83.33,591.64,0
22924,90.91,595.03,0
22935,90.91,594.40,0
22946,90.91,595.87,0
22959,76.92,597.17,0
22970,90.91,593.79,0
22981,90.91,593.06,0
22992,90.91,596.24,0
23004,83.33,596.60,0
23015,90.91,593.84,0
23027,83.33,596.00,0
23038,90.91,594.44,0
23050,83.33,591.68,0
23061,90.91,594.66,0
23072,90.91,596.09,0
23084,83.33,595.07,0
23096,83.33,593.46,0
23107,90.91,591.52,0
23118,90.91,594.50,0
23130,83.33,595.90,0
23141,90.91,599.85,0
23152,90.91,596.66,0
23164,83.33,593.08,0
23176,83.33,594.35,0
23187,90.91,593.48,0
23198,90.91,593.46,0
23209,90.91,594.27,0
23221,83.33,593.08,0
23233,83.33,592.78,0
23244,90.91,593.04,0
23256,83.33,593.61,0
23267,90.91,593.40,0
23278,90.91,592.17,0
23289,90.91,592.45,0
23302,76.92,594.25,0
23313,90.91,593.17,0
23324,90.91,595.14,0
23335,90.91,596.06,0
23347,83.33,594.84,0
23358,90.91,593.29,0
23370,83.33,593.10,0
23382,83.33,594.26,0
23393,90.91,595.75,0
23404,90.91,594.88,0
23415,90.91,594.38,0
23427,83.33,594.44,0
23439,83.33,593.53,0
23450,90.91,589.13,0
23461,90.91,592.62,0
23473,83.33,593.85,0
23484,90.91,594.72,0
23495,90.91,595.20,0
23507,83.33,594.57,0
23519,83.33,595.19,0
23530,90.91,595.60,0
23541,90.91,594.07,0
23553,83.33,593.44,0
23565,90.91,592.70,0
23576,83.33,591.35,0
23587,90.91,594.12,0
23599,83.33,594.27,0
23610,90.91,592.84,0
23621,90.91,590.39,0
23633,90.91,589.33,0
23645,76.92,593.18,0
23656,90.91,593.79,0
23667,90.91,594.11,0
23678,90.91,592.24,0
23690,83.33,592.06,0
23702,90.91,590.97,0
23713,83.33,591.89,0
23725,83.33,595.23,0
23736,90.91,594.91,0
23747,90.91,592.03,0
23758,90.91,593.11,0
23771,83.33,598.79,0
23782,83.33,599.29,0
23793,90.91,595.66,0
23804,90.91,594.62,0
23816,83.33,595.09,0
23827,90.91,592.74,0
23839,90.91,595.28,0
23851,76.92,596.62,0
23862,90.91,594.94,0
23873,90.91,592.16,0
23884,90.91,592.92,0
23896,83.33,594.56,0
23908,90.91,592.82,0
23919,83.33,596.05,0
23930,90.91,595.17,0
23942,83.33,591.96,0
23953,90.91,593.84,0
23964,90.91,595.56,0
23976,90.91,597.30,0
23988,76.92,598.02,0
23999,90.91,596.82,0
24010,90.91,589.23,0
24022,83.33,591.00,0
24033,90.91,594.58,0
24045,83.33,592.51,0
24056,90.91,596.21,0
24068,83.33,595.05,0
24079,90.91,589.96,0
24090,90.91,591.64,0
24101,90.91,593.38,0
24114,76.92,594.35,0
24125,90.91,594.42,0
24136,90.91,592.06,0
24147,90.91,593.08,0
24159,83.33,592.32,0
24170,90.91,592.77,0
24182,83.33,596.14,0
24194,83.33,597.05,0
24205,90.91,596.04,0
24216,90.91,595.55,0
24227,90.91,594.04,0
24239,83.33,597.14,0
24251,83.33,595.73,0
24262,90.91,594.01,0
24273,90.91,593.69,0
24285,83.33,594.51,0
24296,90.91,592.77,0
24307,90.91,588.45,0
24320,76.92,590.87,0
24331,90.91,593.92,0
24342,90.91,593.37,0
24353,90.91,593.07,0
24365,83.33,593.40,0
24376,90.91,596.01,0
24388,83.33,595.19,0
24399,90.91,592.70,0
24411,83.33,594.60,0
24422,90.91,595.00,0
24433,90.91,591.27,0
24444,90.91,594.89,0
24457,76.92,596.39,0
24468,90.91,597.79,0
24479,90.91,593.64,0
24491,83.33,591.25,0
24502,90.91,592.14,0
24513,90.91,593.11,0
24525,83.33,594.11,0
24537,83.33,593.70,0
24548,90.91,592.88,0
24559,90.91,590.78,0
24570,90.91,593.00,0
24582,83.33,594.82,0
24594,83.33,594.83,0
24605,90.91,593.87,0
24616,90.91,593.11,0
24628,83.33,595.14,0
24639,90.91,594.23,0
24650,90.91,595.86,0
24663,76.92,598.29,0
24674,90.91,598.25,0
24685,90.91,593.54,0
24696,90.91,592.31,0
24708,83.33,593.98,0
24719,90.91,596.86,0
24731,83.33,593.18,0
24742,90.91,591.75,0
24754,83.33,592.10,0
24765,90.91,593.79,0
24776,90.91,597.25,0
24787,90.91,597.64,0
24800,76.92,593.74,0
24811,90.91,591.94,0
24822,90.91,591.37,0
24834,83.33,595.50,0
24845,90.91,599.52,0
24856,90.91,595.69,0
24868,83.33,592.82,0
24880,83.33,591.90,0
24891,90.91,592.76,0
24902,90.91,593.68,0
24913,90.91,593.62,0
24925,83.33,592.23,0
24937,83.33,591.24,0
24948,90.91,593.46,0
24960,83.33,595.38,0
24971,90.91,597.67,0
24982,90.91,597.05,0
24993,90.91,593.63,0
25006,76.92,591.52,0
25017,90.91,594.49,0
25028,90.91,598.50,0
25039,90.91,598.01,0
25051,83.33,595.63,0
25062,90.91,590.86,0
25074,83.33,589.42,0
25085,90.91,593.14,0
25097,83.33,598.94,0
25108,90.91,597.43,0
25119,90.91,591.12,0
25131,83.33,591.22,0
25143,83.33,595.22,0
25154,90.91,597.78,0
25165,90.91,596.19,0
25177,83.33,591.69,0
25188,90.91,590.35,0
25200,90.91,590.83,0
25211,83.33,599.07,0
25223,83.33,600.23,0
25234,90.91,597.55,0
25245,90.91,591.79,0
25256,90.91,590.70,0
25269,83.33,593.70,0
25280,83.33,597.76,0
25291,90.91,596.68,0
25303,83.33,593.15,0
25314,90.91,588.57,0
25325,90.91,590.44,0
25337,90.91,596.34,0
25349,76.92,596.76,0
25360,90.91,594.56,0
25371,90.91,590.20,0
25382,90.91,590.16,0
25394,83.33,595.29,0
25406,90.91,599.52,0
25417,83.33,597.72,0
25428,90.91,593.39,0
25440,83.33,594.03,0
25451,90.91,594.07,0
25462,90.91,594.89,0
25475,83.33,597.14,0
25486,83.33,597.01,0
25497,90.91,589.88,0
25508,90.91,588.92,0
25520,83.33,592.79,0
25531,90.91,598.11,0
25543,90.91,597.41,0
25554,83.33,589.94,0
25566,83.33,587.99,0
25577,90.91,592.92,0
25588,90.91,595.76,0
25600,83.33,597.48,0
25612,83.33,598.11,0
25623,90.91,592.45,0
25634,90.91,589.93,0
25646,83.33,593.32,0
25657,90.91,597.42,0
25668,90.91,596.29,0
25680,83.33,593.16,0
25692,83.33,591.75,0
25703,90.91,595.66,0
25714,90.91,594.38,0
25725,90.91,594.31,0
25737,83.33,592.76,0
25749,83.33,591.03,0
25760,90.91,591.04,0
25772,83.33,592.83,0
25783,90.91,597.61,0
25794,90.91,594.39,0
25805,90.91,590.21,0
25818,76.92,591.04,0
25829,90.91,593.03,0
25840,90.91,597.78,0
25851,90.91,597.67,0
25863,83.33,596.70,0
25874,90.91,593.66,0
25886,83.33,589.76,0
25897,90.91,593.64,0
25909,83.33,596.96,0
25920,90.91,597.54,0
25931,90.91,591.73,0
25943,83.33,586.50,0
25955,83.33,590.31,0
25966,90.91,592.46,0
25977,90.91,598.74,0
25989,83.33,595.94,0
26000,90.91,591.03,0
26011,90.91,589.63,0
26023,83.33,594.07,0
26035,83.33,597.38,0
26046,90.91,599.22,0
26057,90.91,597.08,0
26068,90.91,594.44,0
26080,83.33,591.41,0
26092,83.33,596.61,0
26103,90.91,599.24,0
26115,83.33,599.19,0
26126,90.91,593.90,0
26137,90.91,591.07,0
26148,90.91,590.28,0
26161,76.92,597.21,0
26172,90.91,603.48,0
26183,90.91,601.03,0
26194,90.91,589.33,0
26206,83.33,589.30,0
26217,90.91,592.72,0
26229,83.33,598.78,0
26241,83.33,601.27,0
26252,90.91,597.48,0
26263,90.91,591.99,0
26274,90.91,591.88,0
26286,83.33,595.96,0
26298,83.33,600.05,0
26309,90.91,596.04,0
26320,90.91,592.84,0
26332,83.33,588.78,0
26343,90.91,590.55,0
26354,90.91,596.89,0
26366,83.33,598.46,0
26378,83.33,594.55,0
26389,90.91,588.12,0
26400,90.91,588.24,0
26412,83.33,594.39,0
26423,90.91,599.02,0
26435,83.33,599.99,0
26446,90.91,590.94,0
26458,83.33,588.20,0
26469,90.91,590.29,0
26480,90.91,594.20,0
26491,90.91,597.48,0
26504,76.92,594.97,0
26515,90.91,592.99,0
26526,90.91,592.07,0
26537,90.91,592.87,0
26549,83.33,595.77,0
26560,90.91,596.40,0
26572,83.33,595.45,0
26584,83.33,590.94,0
26595,90.91,590.83,0
26606,90.91,595.35,0
26617,90.91,594.87,0
26629,83.33,594.27,0
26641,83.33,593.66,0
26652,90.91,592.76,0
26663,90.91,592.98,0
26675,83.33,595.71,0
26686,90.91,598.63,0
26697,90.91,596.12,0
26710,76.92,591.09,0
26721,90.91,590.63,0
26732,90.91,595.94,0
26743,90.91,595.77,0
26755,83.33,593.73,0
26766,90.91,593.16,0
26778,83.33,592.34,0
26789,90.91,592.66,0
26801,83.33,593.67,0
26812,90.91,597.11,0
26823,90.91,595.35,0
26834,90.91,592.62,0
26847,76.92,593.19,0
26858,90.91,593.48,0
26869,90.91,598.28,0
26881,83.33,597.62,0
26892,90.91,593.67,0
26903,90.91,592.94,0
26915,83.33,592.73,0
26927,83.33,593.78,0
26938,90.91,594.25,0
26949,90.91,592.18,0
26960,90.91,591.03,0
26972,83.33,589.45,0
26984,83.33,593.39,0
26995,90.91,596.28,0
27006,90.91,598.05,0
27018,83.33,595.02,0
27029,90.91,591.00,0
27040,90.91,592.45,0
27053,76.92,592.88,0
27064,90.91,595.21,0
27075,90.91,595.35,0
27086,90.91,592.41,0
27098,83.33,589.68,0
27109,90.91,593.38,0
27121,83.33,597.12,0
27132,90.91,596.22,0
27144,83.33,592.39,0
27155,90.91,590.27,0
27166,90.91,591.40,0
27177,90.91,594.64,0
27190,76.92,592.69,0
27201,90.91,591.37,0
27212,90.91,592.40,0
27224,83.33,591.16,0
27235,90.91,589.00,0
27247,90.91,593.22,0
27258,83.33,598.28,0
27270,83.33,595.94,0
27281,90.91,592.98,0
27292,90.91,593.88,0
27303,90.91,592.37,0
27316,83.33,595.97,0
27327,83.33,597.85,0
27338,90.91,595.89,0
27350,83.33,592.62,0
27361,90.91,594.14,0
27372,90.91,593.21,0
27384,90.91,594.12,0
27396,76.92,594.10,0
27407,90.91,592.42,0
27418,90.91,589.80,0
27429,90.91,590.66,0
27441,83.33,593.12,0
27453,90.91,597.67,0
27464,83.33,597.54,0
27475,90.91,594.29,0
27487,83.33,591.56,0
27498,90.91,593.78,0
27509,90.91,595.56,0
27522,83.33,599.49,0
27533,83.33,596.00,0
27544,90.91,593.47,0
27555,90.91,592.36,0
27567,83.33,593.30,0
27578,90.91,594.36,0
27590,90.91,593.46,0
27601,83.33,592.97,0
27613,83.33,590.15,0
27624,90.91,592.43,0
27635,90.91,593.36,0
27646,90.91,593.69,0
27659,83.33,594.44,0
27670,83.33,592.91,0
27681,90.91,591.82,0
27693,83.33,592.55,0
27704,90.91,595.22,0
27715,90.91,597.27,0
27727,90.91,595.89,0
27739,76.92,592.95,0
27750,90.91,591.20,0
27761,90.91,594.91,0
27772,90.91,595.73,0
27784,83.33,593.17,0
27796,83.33,591.00,0
27807,90.91,592.12,0
27819,83.33,592.72,0
27830,90.91,591.35,0
27841,90.91,592.11,0
27852,90.91,594.73,0
27865,76.92,590.85,0
27876,90.91,594.97,0
27887,90.91,595.79,0
27898,90.91,594.55,0
27910,83.33,596.49,0
27921,90.91,594.91,0
27933,83.33,591.22,0
27944,90.91,591.78,0
27956,83.33,595.75,0
27967,90.91,598.20,0
27978,90.91,596.48,0
27990,83.33,595.03,0
28002,83.33,593.64,0
28013,90.91,594.37,0
28024,90.91,594.88,0
28036,83.33,594.16,0
28047,90.91,593.73,0
28058,90.91,593.57,0
28070,83.33,592.36,0
28082,83.33,597.58,0
28093,90.91,597.79,0
28104,90.91,596.32,0
28115,90.91,592.91,0
28127,83.33,594.08,0
28139,83.33,594.70,0
28150,90.91,597.66,0
28162,83.33,597.53,0
28173,90.91,593.68,0
28184,90.91,594.04,0
28195,90.91,593.82,0
28208,76.92,594.07,0
28219,90.91,594.21,0
28230,90.91,595.60,0
28241,90.91,596.71,0
28253,83.33,591.88,0
28264,90.91,590.59,0
28276,83.33,592.42,0
28288,83.33,593.97,0
28299,90.91,593.76,0
28310,90.91,592.69,0
28321,90.91,594.35,0
28333,83.33,593.91,0
28345,83.33,593.19,0
28356,90.91,592.85,0
28367,90.91,594.79,0
28379,83.33,599.14,0
28390,90.91,596.20,0
28401,90.91,594.01,0
28413,83.33,593.54,0
28425,83.33,590.57,0
28436,90.91,590.10,0
28447,90.91,591.88,0
28459,83.33,592.26,0
28470,90.91,593.42,0
28482,83.33,592.83,0
28493,90.91,593.35,0
28505,83.33,591.34,0
28516,90.91,591.37,0
28527,90.91,592.73,0
28538,90.91,594.09,0
28551,76.92,593.61,0
28562,90.91,597.14,0
28573,90.91,596.64,0
28584,90.91,595.85,0
28596,83.33,592.62,0
28607,90.91,591.75,0
28619,83.33,594.53,0
28631,83.33,594.72,0
28642,90.91,593.92,0
28653,90.91,590.61,0
28664,90.91,589.98,0
28676,83.33,593.06,0
28688,83.33,593.27,0
28699,90.91,594.94,0
28710,90.91,594.71,0
28722,83.33,591.48,0
28733,90.91,591.35,0
28744,90.91,597.27,0
28756,83.33,597.14,0
28768,83.33,595.25,0
28779,90.91,592.82,0
28790,90.91,592.64,0
28802,83.33,593.95,0
28813,90.91,594.60,0
28825,83.33,593.82,0
28836,90.91,596.45,0
28848,83.33,595.98,0
28859,90.91,592.65,0
28870,90.91,589.78,0
28881,90.91,594.44,0
28894,76.92,593.87,0
28905,90.91,592.89,0
28916,90.91,595.07,0
28928,83.33,595.39,0
28939,90.91,592.53,0
28950,90.91,593.77,0
28962,83.33,596.35,0
28974,83.33,596.69,0
28985,90.91,593.52,0
28996,90.91,592.08,0
29007,90.91,595.57,0
29019,83.33,596.75,0
29031,83.33,594.17,0
29042,90.91,595.60,0
29053,90.91,596.00,0
29065,83.33,590.51,0
29076,90.91,590.16,0
29088,90.91,595.54,0
29100,76.92,593.87,0
29111,90.91,589.90,0
29122,90.91,591.81,0
29133,90.91,596.27,0
29145,83.33,596.09,0
29157,90.91,597.12,0
29168,83.33,593.88,0
29179,90.91,594.58,0
29191,83.33,596.06,0
29202,90.91,594.27,0
29213,90.91,595.17,0
29225,90.91,594.82,0
29237,76.92,595.28,0
29248,90.91,591.41,0
29259,90.91,592.72,0
29271,83.33,594.52,0
29282,90.91,592.04,0
29294,90.91,592.09,0
29305,83.33,593.44,0
29317,83.33,594.65,0
29328,90.91,593.60,0
29339,90.91,595.93,0
29350,90.91,597.60,0
29363,83.33,594.81,0
29374,83.33,592.30,0
29385,90.91,592.30,0
29396,90.91,595.91,0
29408,83.33,595.88,0
29419,90.91,596.22,0
29431,83.33,596.15,0
29443,83.33,594.41,0
29454,90.91,592.20,0
29465,90.91,591.12,0
29476,90.91,592.34,0
29488,83.33,592.02,0
29500,83.33,590.52,0
29511,90.91,593.18,0
29522,90.91,598.48,0
29534,83.33,599.47,0
29545,90.91,594.31,0
29556,90.91,593.43,0
29569,76.92,591.69,0
29580,90.91,594.18,0
29591,90.91,597.33,0
29602,90.91,597.51,0
29614,83.33,599.49,0
29625,90.91,592.00,0
29637,83.33,588.69,0
29648,90.91,594.69,0
29660,83.33,596.57,0
29671,90.91,594.29,0
29682,90.91,592.41,0
29693,90.91,594.48,0
29706,76.92,594.90,0
29717,90.91,593.35,0
29728,90.91,594.71,0
29740,83.33,592.15,0
29751,90.91,591.11,0
29762,90.91,591.10,0
29774,83.33,593.83,0
29786,83.33,595.09,0
29797,90.91,595.64,0
29808,90.91,595.59,0
29819,90.91,593.10,0
29831,83.33,592.62,0
29843,83.33,595.12,0
29854,90.91,595.05,0
29865,90.91,596.20,0
29877,83.33,594.98,0
29888,90.91,591.27,0
29899,90.91,588.41,0
29912,76.92,591.96,0
29923,90.91,594.48,0
29934,90.91,596.05,0
29945,90.91,593.58,0
29957,83.33,593.28,0
29968,90.91,590.23,0
29980,83.33,593.06,0
29991,90.91,595.24,0
30003,83.33,595.02,0
30014,90.91,593.82,0
30025,90.91,592.14,0
30036,90.91,591.66,0
30049,76.92,594.04,0
30060,90.91,594.50,0
30071,90.91,596.06,0
30083,83.33,595.21,0
30094,90.91,593.07,0
30105,90.91,593.45,0
30117,83.33,594.33,0
30129,83.33,596.58,0
30140,90.91,594.89,0
30151,90.91,594.50,0
30162,90.91,593.92,0
30174,83.33,594.35,0
30186,83.33,592.77,0
30197,90.91,595.04,0
30209,83.33,593.99,0
30220,90.91,590.81,0
30231,90.91,592.84,0
30242,90.91,594.18,0
30255,76.92,592.90,0
30266,90.91,594.89,0
30277,90.91,594.77,0
30288,90.91,596.06,0
30300,83.33,594.12,0
30311,90.91,595.96,0
30323,83.33,595.11,0
30334,90.91,593.69,0
30346,83.33,592.28,0
30357,90.91,591.59,0
30368,90.91,594.15,0
30380,83.33,597.35,0
30392,83.33,596.19,0
30403,90.91,592.45,0
30414,90.91,593.60,0
30426,83.33,594.29,0
30437,90.91,591.63,0
30448,90.91,594.73,0
30460,83.33,598.04,0
30472,83.33,598.42,0
30483,90.91,596.30,0
30494,90.91,593.87,0
30505,90.91,594.52,0
30517,83.33,596.22,0
30529,83.33,595.74,0
30540,90.91,595.86,0
30552,83.33,596.21,0
30563,90.91,596.74,0
30574,90.91,597.63,0
30585,90.91,596.56,0
30598,76.92,594.41,0
30609,90.91,594.49,0
30620,90.91,593.54,0
30631,90.91,592.56,0
30643,83.33,595.67,0
30654,90.91,595.19,0
30666,83.33,592.82,0
30678,83.33,592.79,0
30689,90.91,595.84,0
30700,90.91,596.22,0
30711,90.91,595.79,0
30723,83.33,593.17,0
30735,83.33,592.07,0
30746,90.91,593.16,0
30757,90.91,597.20,0
30769,83.33,596.92,0
30780,90.91,596.57,0
30791,90.91,593.20,0
30803,83.33,590.59,0
30815,83.33,593.44,0
30826,90.91,594.33,0
30837,90.91,592.41,0
30849,83.33,593.29,0
30860,90.91,593.34,0
30872,83.33,592.78,0
30883,90.91,594.53,0
30895,83.33,595.72,0
30906,90.91,595.76,0
30917,90.91,596.78,0
30928,90.91,593.35,0
30941,76.92,593.01,0
30952,90.91,595.72,0
30963,90.91,597.70,0
30974,90.91,597.21,0
30986,83.33,590.57,0
30997,90.91,588.20,0
31009,83.33,590.13,0
31021,83.33,591.81,0
31032,90.91,595.15,0
31043,90.91,594.51,0
31054,90.91,593.84,0
31067,83.33,593.05,0
31078,83.33,596.12,0
31089,90.91,593.57,0
31100,90.91,591.53,0
31112,83.33,592.50,0
31123,90.91,592.77,0
31135,90.91,592.00,0
31147,76.92,592.78,0
31158,90.91,597.56,0
31169,90.91,597.62,0
31180,90.91,592.18,0
31192,83.33,591.90,0
31204,90.91,593.20,0
31215,83.33,593.83,0
31226,90.91,594.53,0
31238,83.33,596.00,0
31249,90.91,594.61,0
31260,90.91,592.64,0
31272,90.91,593.15,0
31284,76.92,596.53,0
31295,90.91,596.04,0
31306,90.91,595.33,0
31318,83.33,599.29,0
31329,90.91,598.29,0
31341,90.91,594.65,0
31352,90.91,593.91,0
31364,83.33,594.28,0
31375,90.91,594.20,0
31386,90.91,593.08,0
31397,90.91,593.46,0
31410,76.92,594.69,0
31421,90.91,594.67,0
31432,90.91,594.40,0
31443,90.91,594.12,0
31455,83.33,594.20,0
31466,90.91,594.99,0
31478,83.33,594.93,0
31490,83.33,592.81,0
31501,90.91,593.90,0
31512,90.91,596.96,0
31523,90.91,595.02,0
31535,83.33,593.19,0
31547,83.33,594.10,0
31558,90.91,594.84,0
31569,90.91,598.94,0
31581,83.33,599.18,0
31592,90.91,596.21,0
31603,90.91,590.19,0
31616,76.92,591.39,0
31627,90.91,596.68,0
31638,90.91,599.32,0
31649,90.91,596.91,0
31661,83.33,590.75,0
31672,90.91,591.92,0
31684,83.33,594.26,0
31695,90.91,595.48,0
31707,83.33,595.43,0
31718,90.91,595.06,0
31729,90.91,592.42,0
31740,90.91,592.59,0
31753,76.92,595.19,0
31764,90.91,597.37,0
31775,90.91,596.37,0
31787,83.33,591.34,0
31798,90.91,588.58,0
31809,90.91,592.10,0
31821,83.33,593.03,0
31833,83.33,591.78,0
31844,90.91,594.32,0
31855,90.91,591.50,0
31866,90.91,589.16,0
31878,83.33,593.42,0
31890,83.33,596.87,0
31901,90.91,596.56,0
31912,90.91,592.53,0
31924,83.33,590.86,0
31935,90.91,593.31,0
31946,90.91,594.11,0
31959,76.92,593.50,0
31970,90.91,593.47,0
31981,90.91,590.66,0
31992,90.91,590.78,0
32004,83.33,593.65,0
32015,90.91,596.05,0
32027,83.33,592.32,0
32038,90.91,591.12,0
32050,83.33,590.72,0
32061,90.91,593.65,0
32072,90.91,592.68,0
32083,90.91,596.95,0
32096,76.92,593.40,0
32107,90.91,591.15,0
32118,90.91,590.83,0
32130,83.33,591.27,0
32141,90.91,595.45,0
32152,90.91,598.76,0
32164,83.33,593.67,0
32176,83.33,591.09,0
32187,90.91,593.51,0
32198,90.91,597.74,0
32209,90.91,594.74,0
32221,83.33,593.23,0
32233,83.33,593.20,0
32244,90.91,592.68,0
32256,83.33,593.62,0
32267,90.91,594.20,0
32278,90.91,594.23,0
32289,90.91,592.99,0
32302,76.92,590.97,0
32313,90.91,592.10,0
32324,90.91,594.08,0
32335,90.91,595.45,0
32347,83.33,594.10,0
32358,90.91,594.54,0
32370,83.33,593.19,0
32381,90.91,592.62,0
32393,83.33,594.48,0
32404,90.91,596.42,0
32415,90.91,593.01,0
32427,83.33,592.24,0
32439,83.33,592.97,0
32450,90.91,592.22,0
32461,90.91,596.17,0
32473,83.33,597.31,0
32484,90.91,594.65,0
32495,90.91,590.97,0
32507,83.33,592.84,0
32519,83.33,598.20,0
32530,90.91,598.01,0
32541,90.91,595.06,0
32552,90.91,593.49,0
32564,83.33,592.86,0
32576,83.33,596.70,0
32587,90.91,597.76,0
32599,83.33,597.87,0
32610,90.91,591.96,0
32621,90.91,594.19,0
32632,90.91,594.28,0
32645,76.92,593.60,0
32656,90.91,597.26,0
32667,90.91,595.76,0
32678,90.91,592.30,0
32690,83.33,592.73,0
32701,90.91,595.87,0
32713,83.33,596.95,0
32724,90.91,596.88,0
32736,83.33,594.76,0
32747,90.91,593.42,0
32758,90.91,593.60,0
32770,83.33,595.01,0
32782,83.33,596.07,0
32793,90.91,592.56,0
32804,90.91,589.41,0
32816,83.33,590.80,0
32827,90.91,593.76,0
32839,90.91,594.00,0
32850,83.33,593.70,0
32862,83.33,594.15,0
32873,90.91,592.61,0
32884,90.91,592.55,0
32896,83.33,592.60,0
32908,90.91,594.37,0
32919,83.33,598.51,0
32930,90.91,594.18,0
32942,83.33,591.90,0
32953,90.91,594.77,0
32964,90.91,599.19,0
32976,90.91,595.47,0
32988,76.92,594.46,0
32999,90.91,593.89,0
33010,90.91,591.91,0
33021,90.91,591.44,0
33033,83.33,595.93,0
33045,90.91,594.36,0
33056,83.33,593.86,0
33068,83.33,592.66,0
33079,90.91,592.69,0
33090,90.91,595.82,0
33101,90.91,595.90,0
33114,83.33,596.31,0
33125,83.33,592.02,0
33136,90.91,591.20,0
33147,90.91,591.14,0
33159,83.33,592.47,0
33170,90.91,595.07,0
33182,90.91,594.50,0
33193,83.33,592.94,0
33205,83.33,594.35,0
33216,90.91,594.24,0
33227,90.91,595.16,0
33239,83.33,593.17,0
33251,90.91,591.47,0
33262,90.91,592.96,0
33273,90.91,594.14,0
33285,83.33,595.73,0
33296,90.91,596.01,0
33307,90.91,591.84,0
33319,83.33,592.10,0
33331,83.33,594.16,0
33342,90.91,595.14,0
33353,90.91,596.10,0
33364,90.91,594.22,0
33376,83.33,594.72,0
33388,83.33,595.07,0
33399,90.91,595.44,0
33411,83.33,593.27,0
33422,90.91,594.88,0
33433,90.91,595.62,0
33444,90.91,592.07,0
33457,76.92,592.42,0
33468,90.91,594.11,0
33479,90.91,596.03,0
33490,90.91,594.32,0
33502,83.33,590.49,0
33513,90.91,589.81,0
33525,83.33,590.98,0
33537,83.33,596.66,0
33548,90.91,592.45,0
33559,90.91,593.16,0
33570,90.91,597.20,0
33582,83.33,594.04,0
33594,83.33,591.89,0
33605,90.91,597.23,0
33616,90.91,594.65,0
33628,83.33,591.47,0
33639,90.91,592.47,0
33650,90.91,594.62,0
33662,83.33,591.04,0
33674,83.33,593.73,0
33685,90.91,593.72,0
33696,90.91,592.49,0
33708,83.33,593.68,0
33719,90.91,593.53,0
33731,83.33,592.76,0
33742,90.91,593.68,0
33754,83.33,596.80,0
33765,90.91,594.46,0
33776,90.91,591.56,0
33787,90.91,591.38,0
33800,76.92,592.12,0
33811,90.91,592.87,0
33822,90.91,593.48,0
33833,90.91,594.40,0
33845,83.33,594.33,0
33856,90.91,593.73,0
33868,83.33,593.95,0
33880,83.33,593.69,0
33891,90.91,593.89,0
33902,90.91,595.30,0
33913,90.91,597.50,0
33925,83.33,596.11,0
33937,83.33,593.78,0
33948,90.91,595.72,0
33959,90.91,595.42,0
33971,83.33,593.32,0
33982,90.91,592.15,0
33993,90.91,593.47,0
34006,76.92,594.32,0
34017,90.91,592.94,0
34028,90.91,596.21,0
34039,90.91,595.09,0
34051,83.33,592.43,0
34062,90.91,592.35,0
34074,83.33,593.42,0
34085,90.91,595.05,0
34097,83.33,594.87,0
34108,90.91,592.97,0
34119,90.91,592.65,0
34130,90.91,592.67,0
34143,76.92,597.81,0
34154,90.91,599.97,0
34165,90.91,597.58,0
34177,83.33,592.90,0
34188,90.91,590.71,0
34199,90.91,594.23,0
34211,83.33,595.01,0
34223,83.33,595.48,0
34234,90.91,595.89,0
34245,90.91,594.91,0
34256,90.91,594.44,0
34268,83.33,594.31,0
34280,83.33,597.04,0
34291,90.91,598.24,0
34302,90.91,593.62,0
34314,83.33,592.81,0
34325,90.91,592.89,0
34336,90.91,595.62,0
34349,76.92,596.57,0
34360,90.91,595.27,0
34371,90.91,593.57,0
34382,90.91,594.28,0
34394,83.33,596.31,0
34405,90.91,595.48,0
34417,83.33,593.34,0
34428,90.91,594.77,0
34440,83.33,594.38,0
34451,90.91,594.01,0
34462,90.91,593.04,0
34473,90.91,594.45,0
34486,76.92,595.95,0
34497,90.91,595.80,0
34508,90.91,596.28,0
34520,83.33,595.00,0
34531,90.91,592.79,0
34542,90.91,595.60,0
34554,83.33,595.92,0
34566,83.33,594.06,0
34577,90.91,591.71,0
34588,90.91,594.39,0
34599,90.91,596.18,0
34612,83.33,597.29,0
34623,83.33,594.85,0
34634,90.91,591.25,0
34646,83.33,590.56,0
34657,90.91,594.12,0
34668,90.91,595.56,0
34680,90.91,597.30,0
34692,76.92,594.21,0
34703,90.91,594.19,0
34714,90.91,592.88,0
34725,90.91,594.17,0
34737,83.33,597.48,0
34749,90.91,595.85,0
34760,83.33,595.72,0
34771,90.91,590.60,0
34783,83.33,592.34,0
34794,90.91,595.35,0
34805,90.91,594.77,0
34818,83.33,595.18,0
34829,83.33,591.42,0
34840,90.91,593.24,0
34851,90.91,594.88,0
34863,83.33,592.67,0
34874,90.91,592.19,0
34886,90.91,594.74,0
34897,83.33,593.33,0
34909,83.33,593.71,0
34920,90.91,596.60,0
34931,90.91,595.42,0
34942,90.91,592.76,0
34955,76.92,591.20,0
34966,90.91,590.92,0
34977,90.91,592.12,0
34989,83.33,594.13,0
35000,90.91,594.43,0
35011,90.91,595.29,0
35023,83.33,592.80,0
35035,83.33,592.44,0
35046,90.91,593.67,0
35057,90.91,597.64,0
35068,90.91,598.07,0
35080,83.33,595.36,0
35092,83.33,592.63,0
35103,90.91,595.43,0
35115,83.33,597.50,0
35126,90.91,595.50,0
35137,90.91,594.52,0
35148,90.91,592.87,0
35161,76.92,591.05,0
35172,90.91,593.05,0
35183,90.91,595.32,0
35194,90.91,597.61,0
35206,83.33,595.45,0
35217,90.91,594.12,0
35229,83.33,590.37,0
35240,90.91,593.28,0
35252,83.33,593.49,0
35263,90.91,593.73,0
35274,90.91,594.07,0
35286,83.33,592.66,0
35298,83.33,595.55,0
35309,90.91,596.19,0
35320,90.91,599.77,0
35332,83.33,596.84,0
35343,90.91,593.03,0
35354,90.91,596.24,0
35366,83.33,596.99,0
35378,83.33,593.51,0
35389,90.91,595.13,0
35400,90.91,592.15,0
35411,90.91,590.63,0
35423,83.33,592.56,0
35435,83.33,596.48,0
35446,90.91,595.61,0
35458,83.33,595.82,0
35469,90.91,592.78,0
35480,90.91,590.05,0
35491,90.91,591.28,0
35504,76.92,596.59,0
35515,90.91,597.65,0
35526,90.91,595.22,0
35537,90.91,593.15,0
35549,83.33,592.72,0
35560,90.91,592.98,0
35572,83.33,595.44,0
35584,83.33,595.59,0
35595,90.91,596.24,0
35606,90.91,594.17,0
35617,90.91,593.83,0
35629,83.33,594.83,0
35641,83.33,595.62,0
35652,90.91,595.31,0
35663,90.91,594.37,0
35675,83.33,592.71,0
35686,90.91,593.47,0
35697,90.91,596.12,0
35709,83.33,597.43,0
35721,83.33,593.43,0
35732,90.91,591.19,0
35743,90.91,593.39,0
35755,83.33,596.34,0
35766,90.91,593.82,0
35778,83.33,595.40,0
35789,90.91,596.37,0
35801,83.33,591.69,0
35812,90.91,593.95,0
35823,90.91,593.76,0
35834,90.91,591.89,0
35847,76.92,593.99,0
35858,90.91,592.32,0
35869,90.91,593.90,0
35880,90.91,597.01,0
35892,83.33,597.34,0
35903,90.91,593.03,0
35915,83.33,592.02,0
35927,83.33,592.96,0
35938,90.91,595.81,0
35949,90.91,594.76,0
35960,90.91,595.16,0
35972,83.33,593.81,0
35984,83.33,591.57,0
35995,90.91,591.29,0
36006,90.91,593.54,0
36018,83.33,592.94,0
36029,90.91,589.99,0
36040,90.91,588.70,0
36052,83.33,590.82,0
36064,83.33,594.07,0
36075,90.91,596.94,0
36086,90.91,596.05,0
36098,83.33,592.12,0
36109,90.91,590.51,0
36121,83.33,592.47,0
36132,90.91,596.95,0
36144,83.33,594.24,0
36155,90.91,594.23,0
36166,90.91,590.97,0
36177,90.91,592.71,0
36190,76.92,597.61,0
36201,90.91,597.71,0
36212,90.91,596.01,0
36224,83.33,593.50,0
36235,90.91,589.96,0
36246,90.91,593.14,0
36258,83.33,595.73,0
36270,83.33,594.52,0
36281,90.91,591.57,0
36292,90.91,589.72,0
36303,90.91,590.90,0
36315,83.33,596.32,0
36327,83.33,597.74,0
36338,90.91,594.54,0
36349,90.91,591.56,0
36361,83.33,590.96,0
36372,90.91,592.02,0
36383,90.91,596.48,0
36396,76.92,596.55,0
36407,90.91,593.83,0
36418,90.91,592.02,0
36429,90.91,590.57,0
36441,83.33,592.86,0
36452,90.91,596.29,0
36464,83.33,594.52,0
36475,90.91,593.07,0
36487,83.33,591.14,0
36498,90.91,593.28,0
36509,90.91,592.78,0
36520,90.91,595.58,0
36533,76.92,596.04,0
36544,90.91,593.72,0
36555,90.91,592.70,0
36567,83.33,596.16,0
36578,90.91,596.54,0
36589,90.91,594.43,0
36601,83.33,592.80,0
36613,83.33,595.35,0
36624,90.91,595.34,0
36635,90.91,595.83,0
36646,90.91,593.16,0
36658,83.33,595.47,0
36670,83.33,593.26,0
36681,90.91,591.07,0
36692,90.91,594.04,0
36704,83.33,596.19,0
36715,90.91,593.98,0
36727,90.91,595.01,0
36739,76.92,593.26,0
36750,90.91,593.61,0
36761,90.91,589.52,0
36772,90.91,593.05,0
36784,83.33,594.90,0
36796,90.91,596.30,0
36807,83.33,593.88,0
36818,90.91,594.80,0
36830,83.33,594.26,0
36841,90.91,594.24,0
36852,90.91,594.59,0
36865,83.33,595.13,0
36876,83.33,592.30,0
36887,90.91,590.89,0
36898,90.91,591.43,0
36910,83.33,595.20,0
36921,90.91,593.38,0
36933,90.91,593.92,0
36944,83.33,594.11,0
36956,83.33,595.22,0
36967,90.91,591.47,0
36978,90.91,592.08,0
36989,90.91,594.31,0
37002,76.92,596.14,0
37013,90.91,592.81,0
37024,90.91,589.50,0
37036,83.33,590.31,0
37047,90.91,594.49,0
37058,90.91,594.20,0
37070,83.33,593.36,0
37082,83.33,595.42,0
37093,90.91,592.59,0
37104,90.91,589.87,0
37115,90.91,593.31,0
37127,83.33,596.58,0
37139,83.33,595.26,0
37150,90.91,591.65,0
37161,90.91,594.04,0
37173,83.33,593.55,0
37184,90.91,592.25,0
37195,90.91,596.86,0
37208,76.92,596.02,0
37219,90.91,594.04,0
37230,90.91,595.25,0
37241,90.91,590.84,0
37253,83.33,593.24,0
37264,90.91,596.31,0
37276,83.33,593.01,0
37287,90.91,591.99,0
37299,83.33,593.74,0
37310,90.91,593.10,0
37321,90.91,594.03,0
37332,90.91,596.19,0
37345,76.92,594.32,0
37356,90.91,591.48,0
37367,90.91,592.31,0
37379,83.33,597.66,0
37390,90.91,598.06,0
37401,90.91,591.25,0
37413,83.33,591.35,0
37425,83.33,596.68,0
37436,90.91,595.29,0
37447,90.91,592.99,0
37458,90.91,592.05,0
37470,83.33,594.08,0
37482,83.33,593.40,0
37493,90.91,594.79,0
37505,83.33,597.82,0
37516,90.91,598.08,0
37527,90.91,594.69,0
37538,90.91,592.90,0
37551,76.92,589.82,0
37562,90.91,592.12,0
37573,90.91,597.29,0
37584,90.91,594.96,0
37596,83.33,591.80,0
37607,90.91,591.94,0
37619,83.33,594.02,0
37630,90.91,592.68,0
37642,83.33,595.51,0
37653,90.91,594.40,0
37664,90.91,590.83,0
37676,83.33,594.62,0
37688,83.33,596.68,0
37699,90.91,596.56,0
37710,90.91,594.46,0
37722,83.33,592.41,0
37733,90.91,595.16,0
37744,90.91,595.71,0
37756,83.33,595.68,0
37768,83.33,594.69,0
37779,90.91,593.93,0
37790,90.91,590.91,0
37801,90.91,592.15,0
37813,83.33,596.45,0
37825,83.33,597.04,0
37836,90.91,592.34,0
37848,83.33,590.49,0
37859,90.91,595.81,0
37870,90.91,596.96,0
37881,90.91,594.62,0
37894,76.92,594.47,0
37905,90.91,595.89,0
37916,90.91,589.19,0
37927,90.91,591.84,0
37939,83.33,596.03,0
37950,90.91,593.96,0
37962,83.33,591.31,0
37974,83.33,592.59,0
37985,90.91,594.04,0
37996,90.91,594.01,0
38007,90.91,598.82,0
38019,83.33,597.47,0
38031,83.33,591.63,0
38042,90.91,592.41,0
38053,90.91,594.90,0
38065,83.33,595.87,0
38076,90.91,597.51,0
38087,90.91,596.89,0
38099,83.33,591.86,0
38111,83.33,592.48,0
38122,90.91,594.25,0
38133,90.91,596.04,0
38145,83.33,594.91,0
38156,90.91,595.52,0
38168,83.33,593.21,0
38179,90.91,592.32,0
38191,83.33,593.03,0
38202,90.91,595.49,0
38213,90.91,594.92,0
38224,90.91,593.60,0
38237,76.92,593.80,0
38248,90.91,595.86,0
38259,90.91,596.60,0
38270,90.91,597.13,0
38282,83.33,594.94,0
38293,90.91,592.85,0
38305,83.33,591.45,0
38317,83.33,594.89,0
38328,90.91,596.34,0
38339,90.91,596.36,0
38350,90.91,594.14,0
38362,83.33,592.76,0
38374,83.33,594.85,0
38385,90.91,599.68,0
38396,90.91,594.67,0
38408,83.33,590.28,0
38419,90.91,594.45,0
38430,90.91,597.83,0
38443,76.92,597.12,0
38454,90.91,598.24,0
38465,90.91,592.73,0
38476,90.91,589.23,0
38488,83.33,594.39,0
38499,90.91,599.18,0
38511,83.33,596.64,0
38522,90.91,592.90,0
38534,83.33,592.87,0
38545,90.91,592.47,0
38556,90.91,593.25,0
38568,90.91,601.98,0
38580,76.92,599.57,0
38591,90.91,588.97,0
38602,90.91,586.80,0
38614,83.33,595.07,0
38625,90.91,597.68,0
38637,90.91,598.06,0
38648,83.33,597.63,0
38660,83.33,591.86,0
38671,90.91,591.90,0
38682,90.91,598.14,0
38693,90.91,597.72,0
38706,83.33,598.29,0
38717,83.33,594.41,0
38728,90.91,592.31,0
38739,90.91,589.08,0
