66,15.15,2177.09,0
77,90.91,2177.68,0
89,83.33,2178.00,0
100,90.91,2179.27,0
111,90.91,2176.23,0
122,90.91,2175.56,0
135,76.92,2174.57,0
146,90.91,2176.98,0
157,90.91,2179.80,0
168,90.91,2176.75,0
180,83.33,2176.95,0
191,90.91,2179.16,0
203,83.33,2179.48,0
215,83.33,2177.05,0
226,90.91,2174.72,0
237,90.91,2176.98,0
248,90.91,2178.03,0
260,83.33,2178.22,0
271,90.91,2176.20,0
283,83.33,2176.97,0
294,90.91,2177.83,0
306,83.33,2180.75,0
317,90.91,2177.39,0
328,90.91,2175.28,0
339,90.91,2176.51,0
352,76.92,2176.54,0
363,90.91,2179.95,0
374,90.91,2178.09,0
386,83.33,2173.94,0
397,90.91,2174.50,0
408,90.91,2175.81,0
420,83.33,2176.77,0
432,83.33,2175.25,0
443,90.91,2176.22,0
454,90.91,2176.61,0
465,90.91,2177.99,0
477,83.33,2177.54,0
488,90.91,2176.62,0
500,83.33,2177.11,0
512,83.33,2175.44,0
523,90.91,2176.95,0
534,90.91,2177.61,0
545,90.91,2174.04,0
557,83.33,2174.46,0
569,83.33,2176.64,0
580,90.91,2178.19,0
591,90.91,2179.36,0
603,83.33,2177.03,0
614,90.91,2177.78,0
625,90.91,2176.58,0
637,90.91,2176.67,0
649,76.92,2179.23,0
660,90.91,2175.23,0
671,90.91,2175.64,0
683,83.33,2175.29,0
694,90.91,2177.19,0
705,90.91,2177.20,0
717,83.33,2176.94,0
729,83.33,2176.65,0
740,90.91,2180.55,0
751,90.91,2182.13,0
762,90.91,2179.54,0
774,83.33,2175.89,0
786,83.33,2174.26,0
797,90.91,2177.52,0
808,90.91,2179.52,0
820,83.33,2178.64,0
831,90.91,2178.23,0
842,90.91,2179.01,0
855,83.33,2181.77,0
866,83.33,2179.03,0
877,90.91,2177.50,0
888,90.91,2176.25,0
900,83.33,2178.48,0
911,90.91,2181.40,0
922,90.91,2176.78,0
934,83.33,2176.46,0
946,83.33,2175.83,0
957,90.91,2176.77,0
968,90.91,2174.62,0
979,90.91,2177.00,0
991,83.33,2177.65,0
1003,83.33,2177.87,0
1014,90.91,2180.83,0
1026,83.33,2182.36,0
1037,90.91,2179.32,0
1048,90.91,2175.14,0
1059,90.91,2177.68,0
1071,83.33,2179.13,0
1083,83.33,2179.15,0
1094,90.91,2178.56,0
1105,90.91,2175.41,0
1117,83.33,2175.97,0
1128,90.91,2180.83,0
1139,90.91,2179.97,0
1152,76.92,2180.69,0
1163,90.91,2177.35,0
1174,90.91,2174.91,0
1185,90.91,2175.17,0
1197,83.33,2179.28,0
1208,90.91,2178.68,0
1220,90.91,2177.30,0
1231,83.33,2176.65,0
1243,83.33,2178.97,0
1254,90.91,2176.34,0
1265,90.91,2175.35,0
1276,90.91,2175.03,0
1288,83.33,2173.81,0
1300,83.33,2179.63,0
1311,90.91,2181.61,0
1323,83.33,2177.75,0
1334,90.91,2174.99,0
1345,90.91,2177.02,0
1356,90.91,2178.67,0
1369,76.92,2179.89,0
1380,90.91,2178.08,0
1391,90.91,2177.29,0
1402,90.91,2177.54,0
1414,83.33,2178.57,0
1425,90.91,2176.68,0
1437,90.91,2177.64,0
1448,83.33,2177.02,0
1460,83.33,2179.76,0
1471,90.91,2181.14,0
1482,90.91,2180.26,0
1494,83.33,2175.96,0
1505,90.91,2178.50,0
1517,83.33,2177.02,0
1528,90.91,2177.41,0
1540,83.33,2175.04,0
1551,90.91,2175.88,0
1562,90.91,2178.16,0
1573,90.91,2179.53,0
1586,76.92,2177.94,0
1597,90.91,2176.69,0
1608,90.91,2176.95,0
1619,90.91,2178.31,0
1631,83.33,2180.53,0
1642,90.91,2178.03,0
1653,90.91,2178.07,0
1666,76.92,2179.32,0
1677,90.91,2178.21,0
1688,90.91,2176.78,0
1699,90.91,2175.83,0
1711,83.33,2174.89,0
1722,90.91,2177.80,0
1734,83.33,2178.32,0
1745,90.91,2177.90,0
1757,83.33,2179.35,0
1768,90.91,2178.35,0
1779,90.91,2176.20,0
1790,90.91,2176.59,0
1803,76.92,2176.53,0
1814,90.91,2176.55,0
1825,90.91,2175.51,0
1837,83.33,2175.84,0
1848,90.91,2177.21,0
1859,90.91,2177.49,0
1870,90.91,2178.44,0
1883,76.92,2177.96,0
1894,90.91,2177.45,0
1905,90.91,2176.59,0
1916,90.91,2178.77,0
1928,83.33,2178.09,0
1939,90.91,2176.34,0
1951,83.33,2174.94,0
1963,83.33,2174.06,0
1974,90.91,2176.57,0
1985,90.91,2178.41,0
1996,90.91,2178.29,0
2008,83.33,2176.91,0
2020,90.91,2177.30,0
2031,83.33,2176.80,0
2042,90.91,2175.89,0
2054,83.33,2177.69,0
2065,90.91,2179.35,0
2076,90.91,2179.06,0
2087,90.91,2175.89,0
2100,76.92,2177.53,0
2111,90.91,2179.98,0
2122,90.91,2180.14,0
2134,83.33,2177.57,0
2145,90.91,2177.16,0
2156,90.91,2177.80,0
2168,83.33,2179.38,0
2180,83.33,2179.96,0
2191,90.91,2177.73,0
2202,90.91,2177.93,0
2213,90.91,2177.65,0
2225,83.33,2178.85,0
2237,90.91,2178.97,0
2248,83.33,2177.03,0
2259,90.91,2176.25,0
2271,83.33,2177.12,0
2282,90.91,2178.27,0
2293,90.91,2175.63,0
2305,83.33,2175.19,0
2317,83.33,2175.73,0
2328,90.91,2176.03,0
2339,90.91,2176.03,0
2351,83.33,2175.99,0
2362,90.91,2175.60,0
2373,90.91,2175.09,0
2385,83.33,2176.76,0
2397,83.33,2174.68,0
2408,90.91,2175.78,0
2419,90.91,2175.18,0
2430,90.91,2175.06,0
2442,83.33,2175.71,0
2454,90.91,2177.78,0
2465,83.33,2176.65,0
2477,83.33,2176.94,0
2488,90.91,2176.89,0
2499,90.91,2178.94,0
2510,90.91,2180.83,0
2522,83.33,2178.44,0
2534,83.33,2174.80,0
2545,90.91,2175.41,0
2556,90.91,2179.60,0
2568,83.33,2176.68,0
2579,90.91,2177.36,0
2590,90.91,2177.78,0
2603,76.92,2176.47,0
2614,90.91,2176.11,0
2625,90.91,2176.69,0
2636,90.91,2176.18,0
2648,83.33,2177.95,0
2659,90.91,2179.12,0
2671,90.91,2178.89,0
2682,83.33,2177.66,0
2694,83.33,2174.37,0
2705,90.91,2176.05,0
2716,90.91,2176.53,0
2727,90.91,2174.98,0
2739,83.33,2178.89,0
2751,83.33,2179.01,0
2762,90.91,2178.70,0
2774,83.33,2179.50,0
2785,90.91,2177.99,0
2796,90.91,2176.05,0
2807,90.91,2176.79,0
2820,76.92,2179.56,0
2831,90.91,2180.16,0
2842,90.91,2180.09,0
2853,90.91,2176.04,0
2865,83.33,2176.29,0
2876,90.91,2179.27,0
2887,90.91,2180.57,0
2899,83.33,2177.59,0
2911,83.33,2177.63,0
2922,90.91,2178.91,0
2933,90.91,2180.52,0
2945,83.33,2180.58,0
2956,90.91,2178.25,0
2968,83.33,2176.73,0
2979,90.91,2179.93,0
2991,83.33,2180.69,0
3002,90.91,2180.16,0
3013,90.91,2177.51,0
3024,90.91,2176.82,0
3037,83.33,2176.90,0
3048,90.91,2177.33,0
3059,90.91,2178.08,0
3070,90.91,2176.39,0
3082,83.33,2175.09,0
3093,90.91,2173.88,0
3104,90.91,2178.45,0
3117,76.92,2179.61,0
3128,90.91,2175.05,0
3139,90.91,2172.79,0
3150,90.91,2174.61,0
3162,83.33,2177.45,0
3173,90.91,2173.98,0
3185,83.33,2173.49,0
3196,90.91,2173.96,0
3208,83.33,2177.40,0
3219,90.91,2176.21,0
3230,90.91,2174.16,0
3241,90.91,2175.96,0
3254,83.33,2179.68,0
3265,83.33,2178.72,0
3276,90.91,2178.20,0
3288,83.33,2175.89,0
3299,90.91,2175.80,0
3310,90.91,2176.79,0
3321,90.91,2178.38,0
3334,76.92,2177.38,0
3345,90.91,2174.96,0
3356,90.91,2176.79,0
3367,90.91,2180.77,0
3379,83.33,2180.28,0
3390,90.91,2178.32,0
3402,83.33,2175.80,0
3414,83.33,2176.21,0
3425,90.91,2176.02,0
3436,90.91,2175.61,0
3447,90.91,2176.57,0
3459,83.33,2177.91,0
3470,90.91,2176.98,0
3482,83.33,2175.74,0
3493,90.91,2178.07,0
3505,83.33,2178.78,0
3516,90.91,2177.26,0
3527,90.91,2174.36,0
3538,90.91,2178.50,0
3551,76.92,2178.55,0
3562,90.91,2176.02,0
3573,90.91,2175.03,0
3585,83.33,2176.49,0
3596,90.91,2178.94,0
3607,90.91,2176.35,0
3619,83.33,2176.25,0
3631,83.33,2176.57,0
3642,90.91,2178.33,0
3653,90.91,2179.24,0
3664,90.91,2181.06,0
3676,83.33,2179.08,0
3687,90.91,2179.54,0
3699,83.33,2176.84,0
3710,90.91,2174.79,0
3722,83.33,2174.30,0
3733,90.91,2173.88,0
3744,90.91,2176.27,0
3756,83.33,2176.59,0
3768,83.33,2175.35,0
3779,90.91,2176.54,0
3790,90.91,2178.61,0
3802,83.33,2179.61,0
3813,90.91,2178.36,0
3824,90.91,2177.21,0
3836,90.91,2177.28,0
3848,76.92,2178.67,0
3859,90.91,2177.92,0
3870,90.91,2178.00,0
3881,90.91,2180.22,0
3893,83.33,2178.58,0
3904,90.91,2179.60,0
3916,83.33,2178.25,0
3928,83.33,2180.48,0
3939,90.91,2177.67,0
3950,90.91,2176.34,0
3961,90.91,2179.50,0
3973,83.33,2179.47,0
3985,83.33,2178.97,0
3996,90.91,2177.31,0
4007,90.91,2175.87,0
4019,83.33,2175.86,0
4030,90.91,2177.21,0
4041,90.91,2179.30,0
4054,90.91,2177.38,0
4065,76.92,2176.05,0
4076,90.91,2177.17,0
4087,90.91,2177.35,0
4099,83.33,2178.00,0
4110,90.91,2177.66,0
4121,90.91,2178.27,0
4133,83.33,2178.18,0
4145,83.33,2177.33,0
4156,90.91,2176.56,0
4167,90.91,2175.77,0
4178,90.91,2176.94,0
4190,83.33,2175.24,0
4202,83.33,2175.74,0
4213,90.91,2177.52,0
4225,83.33,2177.95,0
4236,90.91,2178.77,0
4247,90.91,2177.11,0
4258,90.91,2178.15,0
4270,83.33,2179.42,0
4282,83.33,2181.15,0
4293,90.91,2176.43,0
4304,90.91,2176.00,0
4316,83.33,2177.14,0
4327,90.91,2177.65,0
4338,90.91,2181.07,0
4350,83.33,2178.98,0
4362,83.33,2176.90,0
4373,90.91,2177.11,0
4384,90.91,2177.15,0
4396,83.33,2179.03,0
4407,90.91,2177.04,0
4419,90.91,2178.79,0
4430,83.33,2179.50,0
4442,83.33,2176.92,0
4453,90.91,2175.01,0
4464,90.91,2176.47,0
4475,90.91,2176.42,0
4487,83.33,2176.93,0
4499,83.33,2175.17,0
4510,90.91,2174.63,0
4521,90.91,2173.66,0
4533,83.33,2174.26,0
4544,90.91,2179.19,0
4555,90.91,2177.02,0
4568,76.92,2175.91,0
4579,90.91,2173.63,0
4590,90.91,2175.97,0
4601,90.91,2178.39,0
4613,83.33,2177.12,0
4624,90.91,2174.65,0
4635,90.91,2174.48,0
4647,83.33,2175.63,0
4659,83.33,2177.95,0
4670,90.91,2176.17,0
4681,90.91,2175.00,0
4692,90.91,2175.11,0
4704,83.33,2176.07,0
4716,83.33,2177.84,0
4727,90.91,2175.46,0
4739,83.33,2175.74,0
4750,90.91,2177.19,0
4761,90.91,2179.71,0
4772,90.91,2179.78,0
4785,83.33,2177.18,0
4796,83.33,2175.80,0
4807,90.91,2177.81,0
4818,90.91,2179.61,0
4830,83.33,2178.49,0
4841,90.91,2176.55,0
4852,90.91,2175.99,0
4865,76.92,2176.64,0
4876,90.91,2175.78,0
4887,90.91,2182.83,0
4898,90.91,2181.35,0
4910,83.33,2177.63,0
4921,90.91,2178.22,0
4933,83.33,2179.38,0
4944,90.91,2178.45,0
4956,83.33,2176.08,0
4967,90.91,2175.05,0
4978,90.91,2177.70,0
4989,90.91,2179.81,0
5002,83.33,2178.56,0
5013,83.33,2175.33,0
5024,90.91,2177.14,0
5036,83.33,2176.78,0
5047,90.91,2177.07,0
5058,90.91,2178.32,0
5069,90.91,2176.01,0
5082,76.92,2176.98,0
5093,90.91,2178.28,0
5104,90.91,2178.67,0
5115,90.91,2176.93,0
5127,83.33,2173.31,0
5138,90.91,2178.53,0
5150,83.33,2177.20,0
5161,90.91,2177.01,0
5173,83.33,2175.91,0
5184,90.91,2173.92,0
5195,90.91,2175.07,0
5207,83.33,2176.94,0
5218,90.91,2177.56,0
5230,83.33,2178.26,0
5241,90.91,2177.86,0
5253,83.33,2180.57,0
5264,90.91,2178.12,0
5275,90.91,2177.47,0
5286,90.91,2176.35,0
5299,76.92,2174.49,0
5310,90.91,2174.19,0
5321,90.91,2177.31,0
5332,90.91,2180.60,0
5344,83.33,2178.27,0
5355,90.91,2177.70,0
5367,90.91,2179.37,0
5379,76.92,2179.80,0
5390,90.91,2177.64,0
5401,90.91,2177.79,0
5412,90.91,2176.69,0
5424,83.33,2181.35,0
5435,90.91,2179.02,0
5447,83.33,2176.99,0
5458,90.91,2177.39,0
5470,83.33,2178.58,0
5481,90.91,2178.32,0
5492,90.91,2177.94,0
5504,83.33,2177.79,0
5516,83.33,2176.26,0
5527,90.91,2176.14,0
5538,90.91,2179.57,0
5550,83.33,2176.94,0
5561,90.91,2173.09,0
5572,90.91,2175.24,0
5583,90.91,2178.36,0
5596,76.92,2177.99,0
5607,90.91,2177.27,0
5618,90.91,2177.88,0
5629,90.91,2175.00,0
5641,83.33,2175.53,0
5652,90.91,2179.72,0
5664,83.33,2176.86,0
5676,83.33,2177.84,0
5687,90.91,2179.16,0
5698,90.91,2178.80,0
5709,90.91,2179.61,0
5721,83.33,2174.81,0
5733,83.33,2174.57,0
5744,90.91,2177.07,0
5755,90.91,2178.45,0
5767,83.33,2178.40,0
5778,90.91,2177.44,0
5789,90.91,2176.14,0
5800,90.91,2176.37,0
5813,76.92,2178.48,0
5824,90.91,2180.33,0
5835,90.91,2177.06,0
5847,83.33,2175.48,0
5858,90.91,2176.53,0
5869,90.91,2178.35,0
5881,83.33,2177.74,0
5893,83.33,2179.22,0
5904,90.91,2178.31,0
5915,90.91,2175.48,0
5926,90.91,2176.93,0
5938,83.33,2177.26,0
5950,90.91,2176.83,0
5961,83.33,2174.74,0
5972,90.91,2177.04,0
5984,83.33,2175.67,0
5995,90.91,2179.45,0
6006,90.91,2178.44,0
6018,83.33,2175.69,0
6030,83.33,2174.37,0
6041,90.91,2176.13,0
6052,90.91,2176.26,0
6064,83.33,2179.20,0
6075,90.91,2175.99,0
6086,90.91,2178.45,0
6098,83.33,2178.44,0
6110,83.33,2177.42,0
6121,90.91,2172.96,0
6132,90.91,2176.32,0
6144,83.33,2178.48,0
6155,90.91,2177.46,0
6167,90.91,2176.34,0
6178,83.33,2175.05,0
6190,83.33,2175.97,0
6201,90.91,2176.66,0
6212,90.91,2175.23,0
6223,90.91,2174.95,0
6235,83.33,2174.72,0
6247,83.33,2173.92,0
6258,90.91,2177.84,0
6269,90.91,2177.63,0
6281,83.33,2177.83,0
6292,90.91,2173.90,0
6303,90.91,2174.46,0
6316,76.92,2174.77,0
6327,90.91,2176.82,0
6338,90.91,2177.05,0
6349,90.91,2175.04,0
6361,83.33,2176.25,0
6372,90.91,2175.93,0
6384,90.91,2176.19,0
6395,83.33,2177.67,0
6407,83.33,2176.62,0
6418,90.91,2175.73,0
6429,90.91,2176.05,0
6440,90.91,2174.68,0
6452,83.33,2175.75,0
6464,83.33,2176.57,0
6475,90.91,2173.96,0
6487,83.33,2177.65,0
6498,90.91,2176.72,0
6509,90.91,2177.36,0
6520,90.91,2177.39,0
6533,76.92,2178.17,0
6544,90.91,2177.86,0
6555,90.91,2178.16,0
6566,90.91,2176.97,0
6578,83.33,2174.76,0
6589,90.91,2176.57,0
6600,90.91,2177.46,0
6612,83.33,2176.55,0
6624,83.33,2178.28,0
6635,90.91,2177.24,0
6646,90.91,2174.52,0
6658,83.33,2175.01,0
6669,90.91,2177.33,0
6681,83.33,2177.81,0
6692,90.91,2175.64,0
6704,83.33,2177.29,0
6715,90.91,2177.01,0
6726,90.91,2176.27,0
6737,90.91,2176.21,0
6750,83.33,2175.13,0
6761,83.33,2174.93,0
6772,90.91,2175.40,0
6784,83.33,2177.54,0
6795,90.91,2178.76,0
6806,90.91,2176.12,0
6817,90.91,2177.17,0
6830,76.92,2178.55,0
6841,90.91,2180.00,0
6852,90.91,2175.95,0
6863,90.91,2176.00,0
6875,83.33,2174.15,0
6886,90.91,2177.16,0
6898,83.33,2176.76,0
6909,90.91,2179.22,0
6921,83.33,2177.68,0
6932,90.91,2176.44,0
6943,90.91,2175.08,0
6955,83.33,2178.11,0
6966,90.91,2179.00,0
6978,83.33,2178.45,0
6989,90.91,2176.79,0
7001,83.33,2178.18,0
7012,90.91,2177.30,0
7023,90.91,2177.47,0
7034,90.91,2176.73,0
7047,76.92,2176.11,0
7058,90.91,2177.75,0
7069,90.91,2180.72,0
7080,90.91,2178.86,0
7092,83.33,2176.00,0
7103,90.91,2177.85,0
7115,90.91,2178.85,0
7127,76.92,2176.86,0
7138,90.91,2178.66,0
7149,90.91,2178.48,0
7160,90.91,2177.01,0
7172,83.33,2175.38,0
7183,90.91,2175.52,0
7195,83.33,2177.12,0
7206,90.91,2176.26,0
7218,83.33,2174.72,0
7229,90.91,2176.94,0
7240,90.91,2179.04,0
7251,90.91,2176.11,0
7264,76.92,2178.69,0
7275,90.91,2175.93,0
7286,90.91,2175.64,0
7298,83.33,2177.32,0
7309,90.91,2179.65,0
7320,90.91,2176.01,0
7332,90.91,2176.71,0
7344,76.92,2176.32,0
7355,90.91,2178.06,0
7366,90.91,2179.61,0
7377,90.91,2177.52,0
7389,83.33,2175.47,0
7400,90.91,2177.63,0
7412,83.33,2174.66,0
7424,83.33,2173.18,0
7435,90.91,2177.54,0
7446,90.91,2177.36,0
7457,90.91,2176.51,0
7469,83.33,2176.87,0
7481,83.33,2177.37,0
7492,90.91,2178.24,0
7503,90.91,2176.70,0
7515,83.33,2173.18,0
7526,90.91,2175.79,0
7537,90.91,2178.30,0
7548,90.91,2177.36,0
7561,76.92,2175.46,0
7572,90.91,2178.73,0
7583,90.91,2177.37,0
7595,83.33,2179.15,0
7606,90.91,2178.11,0
7617,90.91,2178.13,0
7629,83.33,2177.08,0
7641,83.33,2177.08,0
7652,90.91,2176.68,0
7663,90.91,2175.02,0
7674,90.91,2174.39,0
7686,83.33,2177.63,0
7698,90.91,2176.68,0
7709,83.33,2175.00,0
7720,90.91,2174.09,0
7732,83.33,2176.91,0
7743,90.91,2180.16,0
7754,90.91,2179.36,0
7766,83.33,2176.38,0
7778,83.33,2175.73,0
7789,90.91,2176.95,0
7800,90.91,2176.65,0
7812,83.33,2175.76,0
7823,90.91,2176.74,0
7834,90.91,2177.91,0
7846,83.33,2180.18,0
7858,83.33,2178.23,0
7869,90.91,2174.98,0
7880,90.91,2175.34,0
7891,90.91,2177.51,0
7903,83.33,2178.88,0
7915,90.91,2179.90,0
7926,83.33,2178.28,0
7938,83.33,2176.60,0
7949,90.91,2177.79,0
7960,90.91,2180.32,0
7971,90.91,2179.00,0
7983,83.33,2179.63,0
7995,83.33,2179.48,0
8006,90.91,2178.37,0
8017,90.91,2177.52,0
8029,83.33,2176.87,0
8040,90.91,2174.71,0
8051,90.91,2173.51,0
8064,76.92,2175.99,0
8075,90.91,2176.18,0
8086,90.91,2177.47,0
8097,90.91,2176.46,0
8109,83.33,2174.13,0
8120,90.91,2176.95,0
8131,90.91,2179.54,0
8143,83.33,2177.92,0
8155,83.33,2176.65,0
8166,90.91,2174.67,0
8177,90.91,2176.77,0
8188,90.91,2178.57,0
8200,83.33,2179.38,0
8212,83.33,2175.17,0
8223,90.91,2176.07,0
8235,83.33,2177.59,0
8246,90.91,2177.77,0
8257,90.91,2178.06,0
8268,90.91,2176.12,0
8281,83.33,2177.40,0
8292,83.33,2174.89,0
8303,90.91,2175.56,0
8314,90.91,2175.68,0
8326,83.33,2176.11,0
8337,90.91,2178.27,0
8348,90.91,2177.83,0
8360,83.33,2177.82,0
8372,83.33,2175.49,0
8383,90.91,2178.64,0
8394,90.91,2176.76,0
8406,83.33,2174.81,0
8417,90.91,2174.08,0
8429,83.33,2175.95,0
8440,90.91,2177.05,0
8452,83.33,2178.09,0
8463,90.91,2179.07,0
8474,90.91,2175.08,0
8485,90.91,2175.51,0
8498,83.33,2180.24,0
8509,83.33,2178.00,0
8520,90.91,2177.15,0
8531,90.91,2177.92,0
8543,83.33,2176.49,0
8554,90.91,2175.76,0
8565,90.91,2174.60,0
8578,76.92,2176.77,0
8589,90.91,2178.37,0
8600,90.91,2178.67,0
8611,90.91,2178.82,0
8623,83.33,2178.19,0
8634,90.91,2178.54,0
8646,83.33,2178.10,0
8657,90.91,2176.81,0
8669,83.33,2179.40,0
8680,90.91,2179.72,0
8691,90.91,2176.49,0
8702,90.91,2177.95,0
8714,83.33,2177.00,0
8726,83.33,2177.00,0
8737,90.91,2177.05,0
8749,83.33,2175.90,0
8760,90.91,2178.82,0
8771,90.91,2180.65,0
8782,90.91,2180.62,0
8795,76.92,2179.99,0
8806,90.91,2177.87,0
8817,90.91,2179.25,0
8828,90.91,2177.65,0
8840,83.33,2178.95,0
8851,90.91,2174.88,0
8863,90.91,2177.40,0
8875,76.92,2177.71,0
8886,90.91,2180.03,0
8897,90.91,2178.39,0
8908,90.91,2177.40,0
8920,83.33,2176.39,0
8931,90.91,2178.64,0
8943,83.33,2179.28,0
8954,90.91,2176.89,0
8966,83.33,2176.35,0
8977,90.91,2179.35,0
8988,90.91,2177.29,0
8999,90.91,2179.67,0
9012,76.92,2178.05,0
9023,90.91,2177.25,0
9034,90.91,2177.74,0
9046,83.33,2177.24,0
9057,90.91,2176.05,0
9068,90.91,2175.23,0
9080,90.91,2174.77,0
9092,76.92,2178.72,0
9103,90.91,2178.97,0
9114,90.91,2178.56,0
9125,90.91,2176.73,0
9137,83.33,2178.44,0
9148,90.91,2177.24,0
9160,83.33,2175.59,0
9171,90.91,2178.07,0
9183,83.33,2178.67,0
9194,90.91,2178.18,0
9205,90.91,2179.30,0
9217,83.33,2177.80,0
9229,90.91,2178.02,0
9240,83.33,2177.93,0
9251,90.91,2176.49,0
9263,83.33,2178.65,0
9274,90.91,2176.40,0
9285,90.91,2177.09,0
9296,90.91,2176.91,0
9309,76.92,2176.69,0
9320,90.91,2176.39,0
9331,90.91,2174.86,0
9342,90.91,2178.34,0
9354,83.33,2180.17,0
9365,90.91,2178.04,0
9377,83.33,2178.27,0
9389,83.33,2179.10,0
9400,90.91,2179.34,0
9411,90.91,2176.98,0
9422,90.91,2180.20,0
9434,83.33,2175.37,0
9446,90.91,2176.29,0
9457,83.33,2176.08,0
9468,90.91,2179.28,0
9480,83.33,2177.69,0
9491,90.91,2176.20,0
9502,90.91,2173.86,0
9513,90.91,2179.11,0
9526,76.92,2178.04,0
9537,90.91,2178.11,0
9548,90.91,2178.20,0
9560,83.33,2179.76,0
9571,90.91,2178.69,0
9582,90.91,2180.02,0
9594,83.33,2179.32,0
9606,83.33,2176.54,0
9617,90.91,2174.71,0
9628,90.91,2176.03,0
9639,90.91,2176.09,0
9651,83.33,2176.26,0
9662,90.91,2178.51,0
9674,83.33,2179.43,0
9686,83.33,2177.72,0
9697,90.91,2177.70,0
9708,90.91,2176.21,0
9719,90.91,2176.16,0
9731,83.33,2178.00,0
9743,83.33,2179.67,0
9754,90.91,2178.46,0
9765,90.91,2177.81,0
9777,83.33,2177.57,0
9788,90.91,2177.44,0
9799,90.91,2175.39,0
9811,90.91,2173.50,0
9823,76.92,2176.44,0
9834,90.91,2176.64,0
9845,90.91,2176.88,0
9857,83.33,2176.03,0
9868,90.91,2177.16,0
9879,90.91,2177.27,0
9891,83.33,2180.46,0
9903,83.33,2178.81,0
9914,90.91,2178.81,0
9925,90.91,2176.95,0
9936,90.91,2176.17,0
9948,83.33,2177.20,0
9960,83.33,2178.10,0
9971,90.91,2176.21,0
9982,90.91,2177.02,0
9994,83.33,2176.76,0
10005,90.91,2177.73,0
10016,90.91,2175.11,0
10029,83.33,2176.68,0
10040,83.33,2177.34,0
10051,90.91,2176.70,0
10062,90.91,2175.66,0
10074,83.33,2175.71,0
10085,90.91,2178.68,0
10096,90.91,2178.29,0
10108,83.33,2176.65,0
10120,83.33,2178.13,0
10131,90.91,2177.10,0
10142,90.91,2177.76,0
10153,90.91,2178.14,0
10165,83.33,2175.18,0
10177,83.33,2177.57,0
10188,90.91,2179.61,0
10200,83.33,2179.94,0
10211,90.91,2177.87,0
10222,90.91,2178.83,0
10233,90.91,2178.58,0
10245,83.33,2180.21,0
10257,83.33,2180.29,0
10268,90.91,2178.25,0
10279,90.91,2174.10,0
10291,83.33,2172.93,0
10302,90.91,2175.39,0
10313,90.91,2178.47,0
10326,76.92,2176.76,0
10337,90.91,2176.15,0
10348,90.91,2175.74,0
10359,90.91,2175.86,0
10371,83.33,2174.23,0
10382,90.91,2177.64,0
10394,83.33,2178.47,0
10405,90.91,2178.75,0
10417,83.33,2177.58,0
10428,90.91,2177.02,0
10439,90.91,2177.16,0
10450,90.91,2176.27,0
10462,83.33,2175.87,0
10474,83.33,2175.91,0
10485,90.91,2178.72,0
10497,83.33,2178.81,0
10508,90.91,2178.23,0
10519,90.91,2176.71,0
10530,90.91,2176.10,0
10543,76.92,2177.89,0
10554,90.91,2176.43,0
10565,90.91,2177.17,0
10576,90.91,2178.13,0
10588,83.33,2178.90,0
10599,90.91,2178.40,0
10611,90.91,2176.10,0
10622,83.33,2173.97,0
10634,83.33,2178.08,0
10645,90.91,2179.26,0
10656,90.91,2179.70,0
10668,83.33,2176.91,0
10679,90.91,2175.72,0
10691,83.33,2177.55,0
10702,90.91,2180.45,0
10714,83.33,2177.10,0
10725,90.91,2176.25,0
10736,90.91,2175.85,0
10747,90.91,2175.66,0
10760,76.92,2175.52,0
10771,90.91,2175.43,0
10782,90.91,2176.30,0
10793,90.91,2176.35,0
10805,83.33,2176.84,0
10816,90.91,2178.23,0
10828,90.91,2176.47,0
10840,76.92,2177.38,0
10851,90.91,2179.58,0
10862,90.91,2177.89,0
10873,90.91,2175.92,0
10885,83.33,2175.51,0
10896,90.91,2177.89,0
10908,83.33,2175.22,0
10919,90.91,2174.91,0
10931,83.33,2174.35,0
10942,90.91,2176.64,0
10953,90.91,2179.89,0
10964,90.91,2179.47,0
10977,76.92,2175.86,0
10988,90.91,2177.76,0
10999,90.91,2176.68,0
11011,83.33,2176.64,0
11022,90.91,2177.79,0
11033,90.91,2180.89,0
11044,90.91,2181.09,0
11057,76.92,2178.14,0
11068,90.91,2175.27,0
11079,90.91,2175.29,0
11090,90.91,2177.89,0
11102,83.33,2178.96,0
11113,90.91,2180.50,0
11125,83.33,2177.68,0
11137,83.33,2177.24,0
11148,90.91,2179.56,0
11159,90.91,2180.18,0
11170,90.91,2178.52,0
11182,83.33,2179.07,0
11194,90.91,2178.70,0
11205,83.33,2179.29,0
11216,90.91,2179.36,0
11228,83.33,2179.16,0
11239,90.91,2177.57,0
11250,90.91,2176.68,0
11261,90.91,2179.05,0
11274,76.92,2178.31,0
11285,90.91,2178.33,0
11296,90.91,2175.90,0
11308,83.33,2176.01,0
11319,90.91,2177.09,0
11330,90.91,2179.22,0
11342,83.33,2177.54,0
11354,83.33,2176.27,0
11365,90.91,2176.20,0
11376,90.91,2176.28,0
11387,90.91,2178.01,0
11399,83.33,2176.96,0
11410,90.91,2178.59,0
11422,83.33,2177.04,0
11433,90.91,2176.23,0
11445,83.33,2174.07,0
11456,90.91,2174.52,0
11467,90.91,2175.63,0
11479,83.33,2176.81,0
11491,83.33,2176.71,0
11502,90.91,2176.37,0
11513,90.91,2175.60,0
11525,83.33,2175.50,0
11536,90.91,2176.79,0
11547,90.91,2175.86,0
11559,90.91,2177.89,0
11571,76.92,2177.95,0
11582,90.91,2177.69,0
11593,90.91,2176.26,0
11604,90.91,2177.94,0
11616,83.33,2179.38,0
11627,90.91,2180.39,0
11639,83.33,2179.71,0
11651,83.33,2179.09,0
11662,90.91,2178.59,0
11673,90.91,2178.58,0
11684,90.91,2179.17,0
11696,83.33,2174.93,0
11708,83.33,2175.58,0
11719,90.91,2178.18,0
11730,90.91,2179.50,0
11742,83.33,2178.54,0
11753,90.91,2176.06,0
11764,90.91,2173.74,0
11776,83.33,2175.32,0
11788,83.33,2178.21,0
11799,90.91,2176.20,0
11810,90.91,2175.25,0
11822,83.33,2172.16,0
11833,90.91,2174.62,0
11844,90.91,2175.05,0
11856,83.33,2174.98,0
11868,83.33,2175.24,0
11879,90.91,2177.70,0
11890,90.91,2173.13,0
11901,90.91,2175.55,0
11913,83.33,2178.83,0
11925,90.91,2178.82,0
11936,83.33,2178.11,0
11948,83.33,2177.51,0
11959,90.91,2177.83,0
11970,90.91,2179.25,0
11981,90.91,2177.47,0
11993,83.33,2175.01,0
12005,83.33,2177.28,0
12016,90.91,2178.55,0
12027,90.91,2175.62,0
12039,83.33,2177.43,0
12050,90.91,2178.89,0
12061,90.91,2175.32,0
12073,83.33,2179.03,0
12085,83.33,2177.32,0
12096,90.91,2177.98,0
12107,90.91,2177.71,0
12119,83.33,2178.61,0
12130,90.91,2180.17,0
12142,90.91,2178.40,0
12153,83.33,2173.33,0
12165,83.33,2177.03,0
12176,90.91,2178.96,0
12187,90.91,2178.09,0
12198,90.91,2177.69,0
12210,83.33,2177.81,0
12222,83.33,2179.74,0
12233,90.91,2177.97,0
12244,90.91,2179.59,0
12256,83.33,2179.31,0
12267,90.91,2176.67,0
12278,90.91,2177.90,0
12291,76.92,2177.11,0
12302,90.91,2175.85,0
12313,90.91,2176.26,0
12324,90.91,2177.59,0
12336,83.33,2178.37,0
12347,90.91,2178.79,0
12358,90.91,2177.78,0
12370,83.33,2176.78,0
12382,83.33,2179.30,0
12393,90.91,2179.28,0
12404,90.91,2179.07,0
12416,83.33,2177.72,0
12427,90.91,2176.93,0
12439,83.33,2176.66,0
12450,90.91,2179.33,0
12462,83.33,2180.47,0
12473,90.91,2179.31,0
12484,90.91,2177.58,0
12495,90.91,2178.69,0
12508,83.33,2179.15,0
12519,83.33,2178.36,0
12530,90.91,2176.97,0
12541,90.91,2174.11,0
12553,83.33,2175.52,0
12564,90.91,2176.37,0
12575,90.91,2176.56,0
12588,76.92,2178.32,0
12599,90.91,2177.27,0
12610,90.91,2175.81,0
12621,90.91,2178.30,0
12633,83.33,2180.11,0
12644,90.91,2176.36,0
12656,83.33,2176.24,0
12667,90.91,2178.39,0
12679,83.33,2177.81,0
12690,90.91,2174.01,0
12701,90.91,2174.29,0
12712,90.91,2176.19,0
12725,83.33,2180.80,0
12736,83.33,2179.66,0
12747,90.91,2178.16,0
12759,83.33,2178.94,0
12770,90.91,2178.47,0
12781,90.91,2177.61,0
12792,90.91,2177.54,0
12805,76.92,2176.76,0
12816,90.91,2175.63,0
12827,90.91,2175.98,0
12838,90.91,2178.05,0
12850,83.33,2177.88,0
12861,90.91,2175.86,0
12873,83.33,2174.47,0
12884,90.91,2174.49,0
12896,83.33,2178.05,0
12907,90.91,2177.07,0
12918,90.91,2179.12,0
12930,83.33,2180.17,0
12942,90.91,2179.13,0
12953,83.33,2178.28,0
12964,90.91,2178.48,0
12976,83.33,2176.17,0
12987,90.91,2179.43,0
12998,90.91,2180.10,0
13009,90.91,2176.17,0
13022,76.92,2174.85,0
13033,90.91,2176.72,0
13044,90.91,2177.61,0
13056,83.33,2178.83,0
13067,90.91,2178.76,0
13078,90.91,2176.22,0
13090,83.33,2176.70,0
13102,83.33,2178.07,0
13113,90.91,2179.53,0
13124,90.91,2179.27,0
13135,90.91,2177.46,0
13147,83.33,2178.17,0
13158,90.91,2179.48,0
13170,83.33,2179.51,0
13181,90.91,2177.05,0
13193,83.33,2177.12,0
13204,90.91,2176.69,0
13215,90.91,2179.04,0
13227,83.33,2178.36,0
13239,83.33,2176.74,0
13250,90.91,2175.62,0
13261,90.91,2177.15,0
13273,83.33,2179.26,0
13284,90.91,2177.60,0
13295,90.91,2174.69,0
13307,83.33,2176.87,0
13319,83.33,2177.94,0
13330,90.91,2175.65,0
13341,90.91,2178.52,0
13352,90.91,2178.65,0
13364,83.33,2178.62,0
13375,90.91,2179.05,0
13387,83.33,2177.66,0
13399,83.33,2177.11,0
13410,90.91,2179.77,0
13421,90.91,2179.26,0
13432,90.91,2177.16,0
13444,83.33,2176.29,0
13456,83.33,2175.99,0
13467,90.91,2175.04,0
13478,90.91,2174.95,0
13490,83.33,2176.60,0
13501,90.91,2178.03,0
13512,90.91,2176.45,0
13524,90.91,2176.95,0
13536,76.92,2177.01,0
13547,90.91,2173.88,0
13558,90.91,2176.06,0
13570,83.33,2176.22,0
13581,90.91,2176.10,0
13592,90.91,2176.59,0
13604,83.33,2178.16,0
13616,83.33,2177.25,0
13627,90.91,2176.25,0
13638,90.91,2173.91,0
13649,90.91,2174.54,0
13661,83.33,2175.96,0
13673,83.33,2179.70,0
13684,90.91,2177.50,0
13696,83.33,2173.49,0
13707,90.91,2174.50,0
13718,90.91,2178.88,0
13729,90.91,2177.75,0
13742,83.33,2177.04,0
13753,90.91,2175.68,0
13764,90.91,2176.80,0
13775,90.91,2180.14,0
13787,83.33,2179.84,0
13798,90.91,2176.89,0
13809,90.91,2173.00,0
13821,83.33,2176.43,0
13833,83.33,2179.80,0
13844,90.91,2180.65,0
13855,90.91,2174.74,0
13867,83.33,2170.13,0
13878,90.91,2175.29,0
13890,83.33,2179.86,0
13901,90.91,2179.13,0
13913,83.33,2174.36,0
13924,90.91,2171.94,0
13935,90.91,2175.61,0
13946,90.91,2177.41,0
13959,83.33,2176.62,0
13970,83.33,2174.73,0
13981,90.91,2176.65,0
13992,90.91,2177.00,0
14004,83.33,2178.55,0
14015,90.91,2180.97,0
14026,90.91,2175.78,0
14039,76.92,2173.57,0
14050,90.91,2178.73,0
14061,90.91,2180.63,0
14072,90.91,2177.29,0
14084,83.33,2175.46,0
14095,90.91,2176.34,0
14107,83.33,2180.44,0
14118,90.91,2178.22,0
14130,83.33,2175.48,0
14141,90.91,2174.91,0
14152,90.91,2177.06,0
14163,90.91,2179.05,0
14176,83.33,2179.60,0
14187,83.33,2176.89,0
14198,90.91,2173.22,0
14210,83.33,2177.05,0
14221,90.91,2181.73,0
14232,90.91,2178.33,0
14243,90.91,2175.32,0
14256,76.92,2178.29,0
14267,90.91,2179.20,0
14278,90.91,2179.47,0
14289,90.91,2177.93,0
14301,83.33,2175.23,0
14312,90.91,2174.83,0
14324,83.33,2174.38,0
14336,83.33,2177.87,0
14347,90.91,2176.25,0
14358,90.91,2174.70,0
14369,90.91,2177.13,0
14381,83.33,2181.09,0
14393,90.91,2178.71,0
14404,83.33,2173.73,0
14415,90.91,2176.02,0
14427,83.33,2177.31,0
14438,90.91,2180.08,0
14449,90.91,2179.53,0
14460,90.91,2174.00,0
14473,76.92,2175.95,0
14484,90.91,2178.33,0
14495,90.91,2177.24,0
14507,83.33,2175.90,0
14518,90.91,2175.34,0
14529,90.91,2174.42,0
14541,83.33,2179.14,0
14553,83.33,2181.16,0
14564,90.91,2178.30,0
14575,90.91,2175.79,0
14586,90.91,2175.95,0
14598,83.33,2179.77,0
14610,90.91,2182.98,0
14621,83.33,2178.62,0
14632,90.91,2176.83,0
14644,83.33,2176.18,0
14655,90.91,2176.46,0
14666,90.91,2179.25,0
14678,83.33,2176.93,0
14690,83.33,2175.88,0
14701,90.91,2177.44,0
14712,90.91,2177.20,0
14724,83.33,2178.56,0
14735,90.91,2177.50,0
14746,90.91,2176.37,0
14758,83.33,2174.66,0
14770,83.33,2177.54,0
14781,90.91,2177.39,0
14792,90.91,2175.73,0
14803,90.91,2175.14,0
14815,83.33,2179.05,0
14826,90.91,2176.39,0
14838,83.33,2172.65,0
14850,83.33,2177.52,0
14861,90.91,2179.72,0
14872,90.91,2179.50,0
14883,90.91,2180.03,0
14895,83.33,2177.17,0
14907,83.33,2176.17,0
14918,90.91,2177.02,0
14929,90.91,2178.77,0
14941,83.33,2179.13,0
14952,90.91,2177.53,0
14963,90.91,2176.95,0
14976,90.91,2176.77,0
14987,76.92,2177.94,0
14998,90.91,2177.00,0
15009,90.91,2177.09,0
15021,83.33,2177.78,0
15032,90.91,2176.67,0
15043,90.91,2174.25,0
15055,83.33,2175.24,0
15067,83.33,2175.71,0
15078,90.91,2174.21,0
15089,90.91,2175.40,0
15100,90.91,2177.66,0
15112,83.33,2178.85,0
15124,83.33,2178.59,0
15135,90.91,2178.79,0
15147,83.33,2178.70,0
15158,90.91,2177.17,0
15169,90.91,2176.03,0
15180,90.91,2178.26,0
15193,83.33,2180.20,0
15204,83.33,2179.71,0
15215,90.91,2179.43,0
15226,90.91,2176.41,0
15238,83.33,2173.79,0
15249,90.91,2174.89,0
15260,90.91,2177.09,0
15272,83.33,2178.78,0
15284,83.33,2177.83,0
15295,90.91,2174.10,0
15306,90.91,2175.13,0
15318,83.33,2177.74,0
15329,90.91,2179.11,0
15341,83.33,2176.39,0
15352,90.91,2175.93,0
15364,83.33,2176.34,0
15375,90.91,2178.43,0
15386,90.91,2177.95,0
15397,90.91,2175.85,0
15410,83.33,2177.08,0
15421,83.33,2178.41,0
15432,90.91,2179.48,0
15443,90.91,2179.74,0
15455,83.33,2176.81,0
15466,90.91,2177.01,0
15477,90.91,2178.03,0
15490,76.92,2178.56,0
15501,90.91,2176.63,0
15512,90.91,2174.41,0
15523,90.91,2178.48,0
15535,83.33,2178.74,0
15546,90.91,2178.89,0
15558,83.33,2179.12,0
15569,90.91,2178.47,0
15581,83.33,2177.95,0
15592,90.91,2180.13,0
15603,90.91,2181.11,0
15614,90.91,2178.66,0
15626,83.33,2176.86,0
15638,83.33,2176.78,0
15649,90.91,2174.29,0
15661,83.33,2173.17,0
15672,90.91,2175.68,0
15683,90.91,2175.17,0
15694,90.91,2177.58,0
15707,76.92,2180.61,0
15718,90.91,2180.37,0
15729,90.91,2177.82,0
15740,90.91,2175.85,0
15752,83.33,2177.60,0
15763,90.91,2179.37,0
15775,83.33,2178.72,0
15787,83.33,2176.68,0
15798,90.91,2179.49,0
15809,90.91,2183.22,0
15820,90.91,2179.00,0
15832,83.33,2177.00,0
15843,90.91,2175.99,0
15855,83.33,2175.95,0
15866,90.91,2176.27,0
15878,83.33,2178.11,0
15889,90.91,2177.48,0
15900,90.91,2177.84,0
15911,90.91,2177.73,0
15924,76.92,2176.74,0
15935,90.91,2176.57,0
15946,90.91,2175.35,0
15958,83.33,2178.15,0
15969,90.91,2177.43,0
15980,90.91,2176.86,0
15992,90.91,2177.56,0
16004,76.92,2177.89,0
16015,90.91,2179.08,0
16026,90.91,2178.13,0
16037,90.91,2177.69,0
16049,83.33,2175.32,0
16060,90.91,2173.48,0
16072,83.33,2178.31,0
16083,90.91,2178.42,0
16095,83.33,2178.52,0
16106,90.91,2176.20,0
16117,90.91,2176.65,0
16129,83.33,2179.01,0
16141,83.33,2179.79,0
16152,90.91,2177.70,0
16163,90.91,2176.30,0
16175,83.33,2175.53,0
16186,90.91,2175.86,0
16197,90.91,2179.44,0
16209,90.91,2179.46,0
16221,76.92,2175.58,0
16232,90.91,2176.27,0
16243,90.91,2175.79,0
16254,90.91,2175.89,0
16266,83.33,2177.18,0
16277,90.91,2177.49,0
16289,83.33,2176.31,0
16301,83.33,2178.19,0
16312,90.91,2179.07,0
16323,90.91,2176.41,0
16334,90.91,2175.43,0
16346,83.33,2176.58,0
16358,83.33,2179.64,0
16369,90.91,2178.35,0
16380,90.91,2176.37,0
16392,83.33,2177.18,0
16403,90.91,2179.64,0
16414,90.91,2178.45,0
16427,90.91,2178.83,0
16438,90.91,2175.50,0
16449,90.91,2173.63,0
16460,90.91,2175.62,0
16472,83.33,2181.55,0
16483,90.91,2180.47,0
16494,90.91,2177.84,0
16506,83.33,2177.25,0
16518,83.33,2178.18,0
16529,90.91,2177.26,0
16540,90.91,2178.02,0
16551,90.91,2178.96,0
16563,83.33,2180.06,0
16575,83.33,2179.48,0
16586,90.91,2178.17,0
16598,83.33,2176.76,0
16609,90.91,2175.65,0
16620,90.91,2178.36,0
16631,90.91,2177.94,0
16644,83.33,2177.23,0
16655,83.33,2177.62,0
16666,90.91,2176.54,0
16677,90.91,2176.94,0
16689,83.33,2174.41,0
16700,90.91,2172.36,0
16711,90.91,2175.36,0
16723,83.33,2177.14,0
16735,83.33,2178.78,0
16746,90.91,2180.60,0
16757,90.91,2179.26,0
16769,83.33,2176.34,0
16780,90.91,2177.00,0
16792,83.33,2180.43,0
16803,90.91,2178.49,0
16815,83.33,2177.01,0
16826,90.91,2178.55,0
16837,90.91,2177.63,0
16848,90.91,2179.09,0
16861,83.33,2178.83,0
16872,83.33,2174.23,0
16883,90.91,2176.73,0
16894,90.91,2177.73,0
16906,83.33,2179.09,0
16917,90.91,2178.09,0
16928,90.91,2177.32,0
16941,76.92,2178.54,0
16952,90.91,2176.10,0
16963,90.91,2173.30,0
16974,90.91,2174.51,0
16986,83.33,2176.17,0
16997,90.91,2175.90,0
17009,83.33,2175.38,0
17020,90.91,2175.03,0
17032,83.33,2175.74,0
17043,90.91,2176.46,0
17054,90.91,2175.48,0
17065,90.91,2175.68,0
17078,83.33,2177.77,0
17089,83.33,2177.35,0
17100,90.91,2178.22,0
17112,83.33,2177.70,0
17123,90.91,2177.85,0
17134,90.91,2178.56,0
17145,90.91,2175.98,0
17158,76.92,2175.17,0
17169,90.91,2176.45,0
17180,90.91,2177.47,0
17191,90.91,2180.05,0
17203,83.33,2175.98,0
17214,90.91,2177.25,0
17226,83.33,2177.55,0
17238,83.33,2176.45,0
17249,90.91,2176.59,0
17260,90.91,2177.39,0
17271,90.91,2175.26,0
17283,83.33,2177.18,0
17295,90.91,2175.30,0
17306,83.33,2174.60,0
17317,90.91,2176.38,0
17329,83.33,2176.13,0
17340,90.91,2176.57,0
17351,90.91,2177.33,0
17362,90.91,2175.88,0
17375,76.92,2176.64,0
17386,90.91,2176.58,0
17397,90.91,2178.28,0
17409,83.33,2179.84,0
17420,90.91,2178.02,0
17431,90.91,2175.26,0
17443,83.33,2176.34,0
17455,83.33,2177.49,0
17466,90.91,2173.73,0
17477,90.91,2174.30,0
17488,90.91,2178.63,0
17500,83.33,2177.62,0
17512,90.91,2175.94,0
17523,83.33,2178.24,0
17534,90.91,2180.09,0
17546,83.33,2177.85,0
17557,90.91,2177.85,0
17568,90.91,2178.98,0
17580,83.33,2178.17,0
17592,83.33,2175.03,0
17603,90.91,2175.00,0
17614,90.91,2177.45,0
17626,83.33,2180.09,0
17637,90.91,2177.40,0
17648,90.91,2175.80,0
17660,83.33,2175.43,0
17672,83.33,2179.48,0
17683,90.91,2182.28,0
17694,90.91,2178.90,0
17705,90.91,2177.70,0
17717,83.33,2175.16,0
17728,90.91,2175.17,0
17740,83.33,2177.62,0
17752,83.33,2178.02,0
17763,90.91,2175.65,0
17774,90.91,2176.03,0
17785,90.91,2176.95,0
17797,83.33,2180.20,0
17809,83.33,2177.54,0
17820,90.91,2178.51,0
17831,90.91,2179.37,0
17843,83.33,2177.87,0
17854,90.91,2179.04,0
17865,90.91,2176.24,0
17878,76.92,2176.27,0
17889,90.91,2177.51,0
17900,90.91,2177.90,0
17911,90.91,2176.98,0
17923,83.33,2176.26,0
17934,90.91,2174.65,0
17945,90.91,2177.38,0
17957,83.33,2178.82,0
17969,83.33,2179.87,0
17980,90.91,2179.21,0
17991,90.91,2177.90,0
18002,90.91,2177.70,0
18014,83.33,2177.71,0
18026,83.33,2176.00,0
18037,90.91,2176.14,0
18049,83.33,2178.37,0
18060,90.91,2178.22,0
18071,90.91,2176.75,0
18082,90.91,2176.36,0
18095,83.33,2176.18,0
18106,83.33,2178.32,0
18117,90.91,2179.17,0
18128,90.91,2177.28,0
18140,83.33,2178.01,0
18151,90.91,2177.89,0
18162,90.91,2175.72,0
18174,83.33,2177.43,0
18186,83.33,2177.65,0
18197,90.91,2177.48,0
18208,90.91,2175.44,0
18220,83.33,2176.83,0
18231,90.91,2177.10,0
18243,83.33,2175.23,0
18254,90.91,2176.69,0
18266,83.33,2179.20,0
18277,90.91,2179.12,0
18288,90.91,2177.10,0
18299,90.91,2175.53,0
18312,83.33,2177.31,0
18323,83.33,2179.72,0
18334,90.91,2177.27,0
18345,90.91,2174.87,0
18357,83.33,2173.74,0
18368,90.91,2175.72,0
18379,90.91,2177.26,0
18392,76.92,2177.61,0
18403,90.91,2176.33,0
18414,90.91,2175.83,0
18425,90.91,2177.91,0
18437,83.33,2179.19,0
18448,90.91,2176.40,0
18460,83.33,2176.27,0
18471,90.91,2177.25,0
18483,83.33,2178.24,0
18494,90.91,2178.70,0
18505,90.91,2176.27,0
18516,90.91,2173.56,0
18529,83.33,2176.67,0
18540,83.33,2177.43,0
18551,90.91,2177.36,0
18563,83.33,2176.54,0
18574,90.91,2175.35,0
18585,90.91,2178.89,0
18596,90.91,2181.55,0
18609,76.92,2179.00,0
18620,90.91,2177.11,0
18631,90.91,2177.60,0
18642,90.91,2178.28,0
18654,83.33,2178.71,0
18665,90.91,2176.67,0
18677,83.33,2175.62,0
18689,83.33,2178.87,0
18700,90.91,2182.00,0
18711,90.91,2179.77,0
18722,90.91,2175.88,0
18734,83.33,2176.06,0
18745,90.91,2177.21,0
18757,83.33,2177.64,0
18768,90.91,2179.07,0
18780,83.33,2176.26,0
18791,90.91,2175.89,0
18802,90.91,2176.77,0
18813,90.91,2178.48,0
18826,76.92,2178.19,0
18837,90.91,2177.54,0
18848,90.91,2178.71,0
18860,83.33,2180.71,0
18871,90.91,2180.31,0
18882,90.91,2178.81,0
18894,83.33,2176.94,0
18906,83.33,2176.76,0
18917,90.91,2177.73,0
18928,90.91,2176.52,0
18939,90.91,2176.54,0
18951,83.33,2174.51,0
18962,90.91,2177.47,0
18974,83.33,2182.65,0
18985,90.91,2179.80,0
18997,83.33,2176.50,0
19008,90.91,2173.05,0
19019,90.91,2174.41,0
19031,83.33,2177.43,0
19043,83.33,2177.23,0
19054,90.91,2176.92,0
19065,90.91,2176.97,0
19077,83.33,2175.62,0
19088,90.91,2177.14,0
19099,90.91,2176.35,0
19111,90.91,2176.73,0
19123,76.92,2177.29,0
19134,90.91,2179.01,0
19145,90.91,2178.02,0
19156,90.91,2177.61,0
19168,83.33,2176.82,0
19179,90.91,2174.24,0
19191,83.33,2175.33,0
19203,83.33,2178.93,0
19214,90.91,2176.61,0
19225,90.91,2179.03,0
19236,90.91,2179.94,0
19248,83.33,2178.63,0
19260,83.33,2179.62,0
19271,90.91,2175.78,0
19282,90.91,2176.69,0
19294,83.33,2178.94,0
19305,90.91,2177.28,0
19316,90.91,2177.87,0
19329,83.33,2176.95,0
19340,83.33,2177.84,0
19351,90.91,2177.10,0
19362,90.91,2176.29,0
19374,83.33,2175.17,0
19385,90.91,2176.91,0
19396,90.91,2174.23,0
19408,83.33,2175.58,0
19420,83.33,2176.77,0
19431,90.91,2174.45,0
19442,90.91,2176.82,0
19453,90.91,2177.15,0
19465,83.33,2178.34,0
19477,83.33,2176.86,0
19488,90.91,2175.23,0
19500,83.33,2174.53,0
19511,90.91,2175.96,0
19522,90.91,2176.54,0
19533,90.91,2175.83,0
19545,83.33,2177.52,0
19557,83.33,2179.40,0
19568,90.91,2179.27,0
19579,90.91,2177.02,0
19591,83.33,2177.91,0
19602,90.91,2180.43,0
19613,90.91,2182.40,0
19625,83.33,2179.93,0
19637,83.33,2177.19,0
19648,90.91,2177.80,0
19659,90.91,2177.84,0
19671,83.33,2177.71,0
19682,90.91,2178.57,0
19694,90.91,2177.65,0
19705,83.33,2179.45,0
19717,83.33,2179.16,0
19728,90.91,2177.76,0
19739,90.91,2177.47,0
19750,90.91,2177.28,0
19762,83.33,2177.15,0
19774,83.33,2179.81,0
19785,90.91,2178.90,0
19796,90.91,2177.41,0
19808,83.33,2178.96,0
19819,90.91,2177.48,0
19830,90.91,2177.75,0
19843,76.92,2177.91,0
19854,90.91,2178.43,0
19865,90.91,2177.28,0
19876,90.91,2177.80,0
19888,83.33,2176.22,0
19899,90.91,2176.29,0
19911,90.91,2176.09,0
19922,83.33,2178.43,0
19934,83.33,2179.81,0
19945,90.91,2177.48,0
19956,90.91,2175.48,0
19968,83.33,2174.36,0
19979,90.91,2176.24,0
19991,83.33,2179.85,0
20002,90.91,2179.46,0
20014,83.33,2176.75,0
20025,90.91,2176.05,0
20036,90.91,2177.91,0
20047,90.91,2181.17,0
20060,76.92,2179.08,0
20071,90.91,2176.94,0
20082,90.91,2176.00,0
20093,90.91,2177.39,0
20105,83.33,2177.22,0
20116,90.91,2178.19,0
20127,90.91,2176.75,0
20140,76.92,2177.32,0
20151,90.91,2180.93,0
20162,90.91,2177.30,0
20173,90.91,2175.21,0
20185,83.33,2176.66,0
20196,90.91,2176.66,0
20208,83.33,2177.81,0
20219,90.91,2177.38,0
20231,83.33,2176.61,0
20242,90.91,2175.86,0
20253,90.91,2177.56,0
20264,90.91,2177.09,0
20277,76.92,2177.12,0
20288,90.91,2178.55,0
20299,90.91,2174.31,0
20311,83.33,2174.94,0
20322,90.91,2176.82,0
20333,90.91,2175.62,0
20344,90.91,2175.90,0
20357,76.92,2179.64,0
20368,90.91,2178.59,0
20379,90.91,2179.08,0
20390,90.91,2178.06,0
20402,83.33,2178.67,0
20413,90.91,2178.06,0
20425,83.33,2178.08,0
20436,90.91,2176.87,0
20448,83.33,2178.11,0
20459,90.91,2176.80,0
20470,90.91,2176.17,0
20482,83.33,2176.43,0
20494,90.91,2177.05,0
20505,83.33,2174.24,0
20516,90.91,2174.68,0
20528,83.33,2177.82,0
20539,90.91,2179.83,0
20550,90.91,2179.48,0
20561,90.91,2175.63,0
20574,76.92,2178.76,0
20585,90.91,2180.85,0
20596,90.91,2175.58,0
20608,83.33,2173.91,0
20619,90.91,2177.33,0
20630,90.91,2180.52,0
20642,83.33,2178.85,0
20654,83.33,2177.47,0
20665,90.91,2174.88,0
20676,90.91,2174.34,0
20687,90.91,2176.34,0
20699,83.33,2177.10,0
20711,90.91,2176.24,0
20722,83.33,2177.09,0
20733,90.91,2177.44,0
20745,83.33,2178.59,0
20756,90.91,2177.77,0
20767,90.91,2179.45,0
20779,83.33,2176.56,0
20791,83.33,2178.22,0
20802,90.91,2178.91,0
20813,90.91,2178.00,0
20825,83.33,2178.95,0
20836,90.91,2175.94,0
20847,90.91,2177.33,0
20859,83.33,2178.36,0
20871,83.33,2176.95,0
20882,90.91,2175.75,0
20893,90.91,2176.25,0
20904,90.91,2174.91,0
20916,83.33,2174.47,0
20927,90.91,2174.04,0
20939,83.33,2176.46,0
20951,83.33,2179.65,0
20962,90.91,2180.81,0
20973,90.91,2179.03,0
20984,90.91,2177.56,0
20996,83.33,2178.18,0
21008,83.33,2177.72,0
21019,90.91,2178.46,0
21030,90.91,2179.08,0
21042,83.33,2177.18,0
21053,90.91,2177.66,0
21064,90.91,2177.08,0
21076,90.91,2177.09,0
21088,76.92,2178.55,0
21099,90.91,2174.66,0
21110,90.91,2174.76,0
21122,83.33,2174.62,0
21133,90.91,2174.92,0
21144,90.91,2176.14,0
21156,83.33,2177.62,0
21168,83.33,2177.76,0
21179,90.91,2177.22,0
21190,90.91,2180.06,0
21201,90.91,2178.97,0
21213,83.33,2177.80,0
21225,83.33,2176.99,0
21236,90.91,2177.25,0
21248,83.33,2174.95,0
21259,90.91,2175.40,0
21270,90.91,2175.35,0
21281,90.91,2176.62,0
21294,83.33,2174.73,0
21305,83.33,2177.11,0
21316,90.91,2177.62,0
21327,90.91,2179.43,0
21339,83.33,2180.19,0
21350,90.91,2176.69,0
21361,90.91,2175.14,0
21373,83.33,2178.68,0
21385,83.33,2178.75,0
21396,90.91,2177.61,0
21407,90.91,2177.38,0
21419,83.33,2176.19,0
21430,90.91,2177.03,0
21442,83.33,2176.35,0
21453,90.91,2175.76,0
21465,83.33,2176.57,0
21476,90.91,2175.76,0
21487,90.91,2178.49,0
21498,90.91,2179.49,0
21511,83.33,2179.58,0
21522,83.33,2177.05,0
21533,90.91,2177.07,0
21544,90.91,2177.56,0
21556,83.33,2177.93,0
21567,90.91,2176.44,0
21578,90.91,2175.08,0
21591,76.92,2176.50,0
21602,90.91,2178.42,0
21613,90.91,2177.92,0
21624,90.91,2174.63,0
21636,83.33,2176.20,0
21647,90.91,2177.80,0
21659,83.33,2179.05,0
21670,90.91,2175.98,0
21682,83.33,2172.76,0
21693,90.91,2173.28,0
21704,90.91,2177.87,0
21715,90.91,2178.96,0
21727,83.33,2178.02,0
21739,83.33,2176.15,0
21750,90.91,2179.16,0
21762,83.33,2180.98,0
21773,90.91,2179.07,0
21784,90.91,2175.07,0
21795,90.91,2175.65,0
21808,76.92,2177.08,0
21819,90.91,2177.63,0
21830,90.91,2177.74,0
21841,90.91,2177.31,0
21853,83.33,2176.69,0
21864,90.91,2177.11,0
21876,83.33,2178.69,0
21888,83.33,2179.06,0
21899,90.91,2175.34,0
21910,90.91,2177.76,0
21921,90.91,2179.79,0
21933,83.33,2176.95,0
21944,90.91,2180.41,0
21956,83.33,2176.07,0
21967,90.91,2174.46,0
21979,83.33,2176.38,0
21990,90.91,2176.07,0
22001,90.91,2174.22,0
22012,90.91,2176.54,0
22025,76.92,2177.19,0
22036,90.91,2177.01,0
22047,90.91,2176.31,0
22059,83.33,2176.24,0
22070,90.91,2176.25,0
22081,90.91,2176.75,0
22093,90.91,2176.36,0
22105,76.92,2175.02,0
22116,90.91,2179.00,0
22127,90.91,2176.28,0
22138,90.91,2178.58,0
22150,83.33,2180.14,0
22161,90.91,2176.72,0
22173,83.33,2178.57,0
22184,90.91,2180.07,0
22196,83.33,2179.82,0
22207,90.91,2179.28,0
22218,90.91,2179.32,0
22230,83.33,2180.17,0
22242,83.33,2177.18,0
22253,90.91,2177.31,0
22264,90.91,2177.58,0
22276,83.33,2176.17,0
22287,90.91,2177.98,0
22298,90.91,2179.11,0
22310,90.91,2179.27,0
22322,76.92,2178.58,0
22333,90.91,2176.74,0
22344,90.91,2176.76,0
22355,90.91,2176.22,0
22367,83.33,2176.89,0
22378,90.91,2175.20,0
22390,83.33,2174.94,0
22402,83.33,2177.65,0
22413,90.91,2179.07,0
22424,90.91,2178.18,0
22435,90.91,2176.97,0
22447,83.33,2177.03,0
22459,83.33,2176.41,0
22470,90.91,2177.72,0
22481,90.91,2178.80,0
22493,83.33,2179.74,0
22504,90.91,2180.58,0
22515,90.91,2178.70,0
22528,90.91,2180.33,0
22539,76.92,2176.35,0
22550,90.91,2177.21,0
22561,90.91,2174.64,0
22573,83.33,2174.04,0
22584,90.91,2177.68,0
22595,90.91,2177.68,0
22607,83.33,2178.59,0
22619,83.33,2176.89,0
22630,90.91,2177.05,0
22641,90.91,2176.70,0
22652,90.91,2180.50,0
22664,83.33,2176.74,0
22676,83.33,2180.82,0
22687,90.91,2181.57,0
22699,83.33,2178.04,0
22710,90.91,2174.51,0
22721,90.91,2178.36,0
22732,90.91,2178.36,0
22744,83.33,2180.79,0
22756,83.33,2177.05,0
22767,90.91,2177.40,0
22778,90.91,2179.16,0
22790,83.33,2179.86,0
22801,90.91,2176.36,0
22812,90.91,2177.80,0
22824,83.33,2179.78,0
22836,83.33,2180.26,0
22847,90.91,2180.97,0
22858,90.91,2179.72,0
22870,83.33,2181.56,0
22881,90.91,2180.60,0
22893,83.33,2176.97,0
22904,90.91,2177.49,0
22916,83.33,2179.76,0
22927,90.91,2177.82,0
22938,90.91,2176.13,0
22949,90.91,2177.22,0
22961,83.33,2175.41,0
22973,83.33,2176.19,0
22984,90.91,2181.08,0
22995,90.91,2176.28,0
23007,83.33,2177.82,0
23018,90.91,2178.33,0
23029,90.91,2176.91,0
23042,76.92,2176.92,0
23053,90.91,2177.66,0
23064,90.91,2180.76,0
23075,90.91,2178.45,0
23087,83.33,2179.80,0
23098,90.91,2178.51,0
23110,90.91,2176.66,0
23121,83.33,2179.25,0
23133,83.33,2178.09,0
23144,90.91,2178.23,0
23155,90.91,2175.07,0
23166,90.91,2174.46,0
23178,83.33,2174.98,0
23190,83.33,2177.22,0
23201,90.91,2177.16,0
23213,83.33,2175.58,0
23224,90.91,2176.06,0
23235,90.91,2181.09,0
23246,90.91,2181.96,0
23259,76.92,2178.41,0
23270,90.91,2177.77,0
23281,90.91,2177.34,0
23292,90.91,2177.44,0
23304,83.33,2177.58,0
23315,90.91,2178.69,0
23327,90.91,2177.58,0
23339,76.92,2176.82,0
23350,90.91,2182.29,0
23361,90.91,2180.51,0
23372,90.91,2178.13,0
23384,83.33,2180.00,0
23395,90.91,2177.56,0
23407,83.33,2177.06,0
23418,90.91,2178.31,0
23430,83.33,2173.32,0
23441,90.91,2176.29,0
23452,90.91,2173.94,0
23463,90.91,2182.77,0
23476,76.92,2178.22,0
23487,90.91,2178.20,0
23498,90.91,2174.41,0
23510,83.33,2181.44,0
23521,90.91,2177.82,0
23532,90.91,2180.96,0
23544,90.91,2174.35,0
23556,76.92,2180.12,0
23567,90.91,2181.06,0
23578,90.91,2183.34,0
23589,90.91,2176.82,0
23601,83.33,2179.35,0
23612,90.91,2179.08,0
23624,83.33,2178.65,0
23635,90.91,2177.77,0
23647,83.33,2177.40,0
23658,90.91,2177.16,0
23669,90.91,2179.19,0
23681,83.33,2178.27,0
23693,83.33,2177.91,0
23704,90.91,2179.70,0
23715,90.91,2178.68,0
23727,83.33,2181.41,0
23738,90.91,2179.50,0
23749,90.91,2177.56,0
23760,90.91,2173.51,0
23773,76.92,2178.59,0
23784,90.91,2181.98,0
23795,90.91,2180.83,0
23806,90.91,2177.83,0
23818,83.33,2178.70,0
23829,90.91,2176.00,0
23841,83.33,2177.06,0
23853,83.33,2176.79,0
23864,90.91,2178.69,0
23875,90.91,2176.53,0
23886,90.91,2178.44,0
23898,83.33,2178.62,0
23910,83.33,2177.15,0
23921,90.91,2178.41,0
23932,90.91,2180.62,0
23944,83.33,2178.45,0
23955,90.91,2179.39,0
23966,90.91,2179.82,0
23977,90.91,2179.33,0
23990,76.92,2181.41,0
24001,90.91,2179.48,0
24012,90.91,2179.47,0
24024,83.33,2177.97,0
24035,90.91,2176.91,0
24046,90.91,2176.45,0
24058,83.33,2178.71,0
24070,83.33,2176.98,0
24081,90.91,2178.27,0
24092,90.91,2176.80,0
24103,90.91,2178.06,0
24115,83.33,2179.87,0
24127,83.33,2181.52,0
24138,90.91,2177.49,0
24150,83.33,2178.45,0
24161,90.91,2179.57,0
24172,90.91,2179.67,0
24183,90.91,2178.47,0
24195,83.33,2175.64,0
24207,83.33,2177.22,0
24218,90.91,2176.68,0
24229,90.91,2176.47,0
24241,83.33,2173.63,0
24252,90.91,2174.45,0
24263,90.91,2178.07,0
24275,83.33,2178.52,0
24287,83.33,2178.28,0
24298,90.91,2178.02,0
24309,90.91,2175.81,0
24321,83.33,2178.91,0
24332,90.91,2178.21,0
24344,90.91,2175.38,0
24355,83.33,2175.37,0
24367,83.33,2177.15,0
24378,90.91,2177.82,0
24389,90.91,2178.46,0
24400,90.91,2181.52,0
24412,83.33,2180.69,0
24424,83.33,2177.83,0
24435,90.91,2176.01,0
24446,90.91,2175.79,0
24458,83.33,2179.38,0
24469,90.91,2176.36,0
24480,90.91,2177.28,0
24493,76.92,2176.78,0
24504,90.91,2178.32,0
24515,90.91,2175.82,0
24526,90.91,2179.37,0
24538,83.33,2177.59,0
24549,90.91,2178.69,0
24561,90.91,2176.68,0
24572,83.33,2178.81,0
24584,83.33,2177.59,0
24595,90.91,2178.48,0
24606,90.91,2175.07,0
24617,90.91,2176.98,0
24629,83.33,2178.10,0
24641,83.33,2176.24,0
24652,90.91,2174.59,0
24664,83.33,2174.60,0
24675,90.91,2177.47,0
24686,90.91,2179.67,0
24697,90.91,2180.30,0
24710,76.92,2178.77,0
