91,218566,15.15,2178.71,0
77,90.91,2185.34,0
89,83.33,2181.07,0
100,90.91,2190.66,0
111,90.91,2184.59,0
122,90.91,2186.41,0
135,76.92,2180.42,0
146,90.91,2187.65,0
157,90.91,2181.66,0
168,90.91,2186.92,0
180,83.33,2183.57,0
191,90.91,2190.28,0
203,83.33,2184.41,0
215,83.33,2187.14,0
226,90.91,2180.84,0
237,90.91,2184.87,0
248,90.91,2177.41,0
260,83.33,2184.49,0
272,83.33,2183.51,0
283,90.91,2192.83,0
294,90.91,2183.97,0
306,83.33,2186.92,0
317,90.91,2178.59,0
328,90.91,2187.65,0
340,83.33,2178.46,0
352,83.33,2188.03,0
363,90.91,2183.46,0
374,90.91,2189.95,0
386,83.33,2187.41,0
397,90.91,2188.03,0
409,90.91,2185.64,0
420,83.33,2185.80,0
432,83.33,2181.96,0
443,90.91,2187.05,0
454,90.91,2179.61,0
465,90.91,2188.18,0
477,83.33,2187.18,0
489,83.33,2190.25,0
500,90.91,2183.81,0
512,83.33,2186.17,0
523,90.91,2181.81,0
534,90.91,2183.88,0
545,90.91,2183.10,0
558,76.92,2190.13,0
569,90.91,2185.52,0
580,90.91,2188.98,0
591,90.91,2184.79,0
603,83.33,2186.03,0
614,90.91,2181.86,0
626,83.33,2184.98,0
637,90.91,2184.99,0
649,83.33,2188.39,0
660,90.91,2188.40,0
671,90.91,2184.48,0
683,83.33,2182.96,0
695,83.33,2186.04,0
706,90.91,2182.39,0
717,90.91,2186.67,0
729,83.33,2184.58,0
740,90.91,2189.30,0
751,90.91,2188.52,0
763,90.91,2186.36,0
775,76.92,2179.88,0
786,90.91,2185.14,0
797,90.91,2184.37,0
808,90.91,2188.23,0
820,83.33,2184.12,0
831,90.91,2191.02,0
843,83.33,2185.63,0
855,83.33,2188.40,0
866,90.91,2182.53,0
877,90.91,2188.35,0
888,90.91,2179.32,0
900,83.33,2186.34,0
912,83.33,2181.22,0
923,90.91,2191.93,0
934,90.91,2180.47,0
946,83.33,2184.65,0
957,90.91,2179.58,0
968,90.91,2189.25,0
980,83.33,2182.18,0
992,83.33,2184.15,0
1003,90.91,2184.16,0
1014,90.91,2189.55,0
1026,83.33,2187.67,0
1037,90.91,2186.11,0
1049,83.33,2178.85,0
1060,90.91,2184.65,0
1072,83.33,2182.28,0
1083,90.91,2187.72,0
1094,90.91,2183.52,0
1105,90.91,2185.31,0
1118,83.33,2184.38,0
1129,83.33,2183.99,0
1140,90.91,2183.58,0
1152,83.33,2184.55,0
1163,90.91,2180.61,0
1174,90.91,2183.35,0
1185,90.91,2185.09,0
1198,76.92,2192.39,0
1209,90.91,2186.72,0
1220,90.91,2187.38,0
1231,90.91,2180.57,0
1243,83.33,2186.65,0
1254,90.91,2180.40,0
1266,83.33,2184.56,0
1277,90.91,2182.98,0
1289,83.33,2191.17,0
1300,90.91,2181.94,0
1311,90.91,2189.23,0
1323,83.33,2182.47,0
1335,83.33,2187.84,0
1346,90.91,2178.25,0
1357,90.91,2185.91,0
1369,83.33,2184.86,0
1380,90.91,2192.85,0
1391,90.91,2185.00,0
1403,83.33,2185.86,0
1415,83.33,2182.72,0
1426,90.91,2186.95,0
1437,90.91,2181.60,0
1448,90.91,2182.71,0
1460,83.33,2180.38,0
1472,90.91,2189.19,0
1483,83.33,2183.09,0
1495,83.33,2186.32,0
1506,90.91,2182.37,0
1517,90.91,2187.87,0
1528,90.91,2181.83,0
1540,83.33,2187.20,0
1552,83.33,2182.35,0
1563,90.91,2191.84,0
1574,90.91,2186.49,0
1586,83.33,2190.15,0
1597,90.91,2181.87,0
1608,90.91,2187.27,0
1620,83.33,2180.68,0
1632,83.33,2183.20,0
1643,90.91,2179.79,0
1654,90.91,2188.57,0
1666,83.33,2184.31,0
1677,90.91,2185.45,0
1689,83.33,2179.78,0
1700,90.91,2184.02,0
1712,83.33,2182.36,0
1723,90.91,2186.29,0
1734,90.91,2182.36,0
1745,90.91,2186.04,0
1758,76.92,2185.54,0
1769,90.91,2187.24,0
1780,90.91,2182.61,0
1792,83.33,2186.09,0
1803,90.91,2181.48,0
1814,90.91,2184.42,0
1826,90.91,2182.57,0
1838,76.92,2192.72,0
1849,90.91,2185.28,0
1860,90.91,2185.67,0
1871,90.91,2176.52,0
1883,83.33,2183.32,0
1894,90.91,2182.90,0
1906,83.33,2187.99,0
1917,90.91,2179.56,0
1929,83.33,2187.01,0
1940,90.91,2182.13,0
1951,90.91,2190.16,0
1963,83.33,2182.06,0
1975,83.33,2189.46,0
1986,90.91,2178.13,0
1997,90.91,2183.66,0
2009,83.33,2180.26,0
2020,90.91,2188.54,0
2031,90.91,2183.67,0
2043,83.33,2183.15,0
2055,83.33,2184.48,0
2066,90.91,2187.73,0
2077,90.91,2184.06,0
2088,90.91,2184.12,0
2100,83.33,2185.67,0
2112,83.33,2187.09,0
2123,90.91,2186.51,0
2135,83.33,2182.87,0
2146,90.91,2184.54,0
2157,90.91,2185.63,0
2168,90.91,2182.30,0
2181,83.33,2184.38,0
2192,83.33,2183.59,0
2203,90.91,2187.80,0
2214,90.91,2184.70,0
2226,83.33,2185.21,0
2237,90.91,2181.80,0
2248,90.91,2186.79,0
2260,83.33,2182.42,0
2272,83.33,2183.31,0
2283,90.91,2186.17,0
2294,90.91,2190.52,0
2306,83.33,2185.75,0
2317,90.91,2182.58,0
2329,83.33,2182.92,0
2340,90.91,2185.36,0
2352,83.33,2181.88,0
2363,90.91,2184.84,0
2374,90.91,2183.35,0
2385,90.91,2190.58,0
2398,76.92,2183.89,0
2409,90.91,2188.48,0
2420,90.91,2180.73,0
2432,83.33,2187.38,0
2443,90.91,2179.97,0
2454,90.91,2188.01,0
2466,83.33,2182.98,0
2478,83.33,2189.20,0
2489,90.91,2183.60,0
2500,90.91,2186.98,0
2511,90.91,2183.86,0
2523,83.33,2186.21,0
2535,90.91,2182.97,0
2546,83.33,2183.13,0
2557,90.91,2187.31,0
2569,83.33,2191.01,0
2580,90.91,2187.04,0
2591,90.91,2182.84,0
2603,83.33,2181.75,0
2615,83.33,2185.12,0
2626,90.91,2183.76,0
2637,90.91,2182.80,0
2649,83.33,2183.60,0
2660,90.91,2185.66,0
2671,90.91,2186.85,0
2683,83.33,2184.78,0
2695,83.33,2184.18,0
2706,90.91,2183.08,0
2717,90.91,2185.31,0
2728,90.91,2186.81,0
2740,83.33,2184.76,0
2752,83.33,2187.07,0
2763,90.91,2184.75,0
2775,83.33,2185.86,0
2786,90.91,2182.79,0
2797,90.91,2184.97,0
2808,90.91,2180.12,0
2821,76.92,2182.03,0
2832,90.91,2181.44,0
2843,90.91,2191.70,0
2854,90.91,2188.53,0
2866,83.33,2186.80,0
2877,90.91,2179.34,0
2889,83.33,2184.82,0
2900,90.91,2183.08,0
2912,83.33,2185.12,0
2923,90.91,2179.46,0
2934,90.91,2189.03,0
2946,83.33,2180.24,0
2958,90.91,2189.77,0
2969,83.33,2178.91,0
2980,90.91,2190.02,0
2992,83.33,2181.65,0
3003,90.91,2188.48,0
3014,90.91,2188.50,0
3025,90.91,2194.06,0
3038,76.92,2184.25,0
3049,90.91,2186.68,0
3060,90.91,2183.21,0
3072,83.33,2187.92,0
3083,90.91,2184.84,0
3094,90.91,2183.75,0
3106,83.33,2185.80,0
3118,83.33,2187.35,0
3129,90.91,2188.78,0
3140,90.91,2185.24,0
3151,90.91,2183.92,0
3163,83.33,2179.72,0
3175,83.33,2184.71,0
3186,90.91,2185.53,0
3197,90.91,2185.98,0
3209,83.33,2185.29,0
3220,90.91,2188.04,0
3231,90.91,2184.62,0
3244,76.92,2185.47,0
3255,90.91,2186.01,0
3266,90.91,2183.25,0
3277,90.91,2186.80,0
3289,83.33,2184.95,0
3300,90.91,2188.56,0
3312,90.91,2187.73,0
3323,83.33,2184.18,0
3335,83.33,2181.92,0
3346,90.91,2182.98,0
3357,90.91,2185.05,0
3368,90.91,2186.26,0
3380,83.33,2183.34,0
3392,83.33,2190.17,0
3403,90.91,2184.53,0
3415,83.33,2187.78,0
3426,90.91,2183.66,0
3437,90.91,2186.57,0
3448,90.91,2180.93,0
3461,76.92,2184.57,0
3472,90.91,2184.13,0
3483,90.91,2189.32,0
3494,90.91,2183.44,0
3506,83.33,2185.47,0
3517,90.91,2187.28,0
3529,83.33,2182.15,0
3540,90.91,2184.30,0
3552,83.33,2179.43,0
3563,90.91,2188.13,0
3574,90.91,2186.15,0
3586,83.33,2191.63,0
3598,83.33,2183.89,0
3609,90.91,2187.40,0
3620,90.91,2183.83,0
3632,83.33,2184.61,0
3643,90.91,2181.79,0
3654,90.91,2188.82,0
3666,90.91,2188.43,0
3678,76.92,2186.18,0
3689,90.91,2185.02,0
3700,90.91,2181.56,0
3712,83.33,2182.43,0
3723,90.91,2180.49,0
3734,90.91,2184.72,0
3746,83.33,2183.95,0
3758,83.33,2187.68,0
3769,90.91,2184.31,0
3780,90.91,2183.30,0
3791,90.91,2185.45,0
3803,83.33,2184.90,0
3815,83.33,2184.68,0
3826,90.91,2185.44,0
3837,90.91,2186.98,0
3849,83.33,2185.89,0
3860,90.91,2183.69,0
3871,90.91,2188.41,0
3884,76.92,2183.43,0
3895,90.91,2184.96,0
3906,90.91,2181.61,0
3917,90.91,2186.96,0
3929,83.33,2183.64,0
3940,90.91,2190.99,0
3952,83.33,2185.71,0
3963,90.91,2185.96,0
3975,83.33,2184.94,0
3986,90.91,2187.72,0
3997,90.91,2180.77,0
4008,90.91,2184.20,0
4021,83.33,2182.52,0
4032,83.33,2185.34,0
4043,90.91,2186.53,0
4055,83.33,2186.63,0
4066,90.91,2181.25,0
4077,90.91,2181.91,0
4088,90.91,2179.03,0
4101,76.92,2182.49,0
4112,90.91,2186.47,0
4123,90.91,2189.98,0
4134,90.91,2192.01,0
4146,83.33,2182.91,0
4157,90.91,2185.84,0
4169,83.33,2182.45,0
4180,90.91,2185.08,0
4192,83.33,2181.04,0
4203,90.91,2186.58,0
4214,90.91,2187.08,0
4226,83.33,2185.62,0
4238,83.33,2185.70,0
4249,90.91,2186.39,0
4260,90.91,2185.16,0
4272,83.33,2181.80,0
4283,90.91,2180.93,0
4294,90.91,2184.36,0
4306,83.33,2190.11,0
4318,83.33,2186.57,0
4329,90.91,2186.15,0
4340,90.91,2182.22,0
4352,83.33,2187.82,0
4363,90.91,2186.36,0
4375,90.91,2183.72,0
4386,83.33,2184.48,0
4398,83.33,2183.16,0
4409,90.91,2190.48,0
4420,90.91,2185.86,0
4431,90.91,2189.72,0
4443,83.33,2178.10,0
4455,83.33,2185.65,0
4466,90.91,2179.96,0
4477,90.91,2192.43,0
4489,83.33,2187.40,0
4500,90.91,2188.69,0
4511,90.91,2180.04,0
4524,76.92,2185.49,0
4535,90.91,2181.05,0
4546,90.91,2185.69,0
4557,90.91,2185.41,0
4569,83.33,2186.69,0
4580,90.91,2184.67,0
4592,83.33,2183.99,0
4603,90.91,2181.83,0
4615,83.33,2184.92,0
4626,90.91,2179.62,0
4637,90.91,2182.35,0
4648,90.91,2183.26,0
4661,76.92,2185.58,0
4672,90.91,2185.43,0
4683,90.91,2186.22,0
4695,83.33,2190.52,0
4706,90.91,2187.32,0
4717,90.91,2186.40,0
4729,90.91,2182.46,0
4741,76.92,2183.13,0
4752,90.91,2189.69,0
4763,90.91,2187.15,0
4774,90.91,2192.24,0
4786,83.33,2179.39,0
4797,90.91,2185.96,0
4809,83.33,2184.69,0
4820,90.91,2187.22,0
4832,83.33,2185.41,0
4843,90.91,2183.03,0
4854,90.91,2184.20,0
4866,83.33,2187.34,0
4878,83.33,2184.35,0
4889,90.91,2188.12,0
4900,90.91,2182.84,0
4912,83.33,2184.44,0
4923,90.91,2187.12,0
4934,90.91,2189.01,0
4946,83.33,2191.36,0
4958,83.33,2181.50,0
4969,90.91,2184.13,0
4980,90.91,2184.69,0
4992,83.33,2187.84,0
5003,90.91,2184.39,0
5015,83.33,2183.82,0
5026,90.91,2185.36,0
5038,83.33,2189.04,0
5049,90.91,2189.59,0
5060,90.91,2180.79,0
5071,90.91,2186.68,0
5084,83.33,2183.88,0
5095,83.33,2186.78,0
5106,90.91,2181.59,0
5117,90.91,2189.17,0
5129,83.33,2186.09,0
5140,90.91,2187.00,0
5151,90.91,2183.87,0
5164,76.92,2188.57,0
5175,90.91,2185.87,0
5186,90.91,2183.47,0
5197,90.91,2178.71,0
5209,83.33,2183.84,0
5220,90.91,2188.24,0
5232,83.33,2188.57,0
5243,90.91,2185.20,0
5255,83.33,2184.82,0
5266,90.91,2187.15,0
5277,90.91,2183.53,0
5288,90.91,2185.97,0
5301,76.92,2184.66,0
5312,90.91,2188.71,0
5323,90.91,2185.86,0
5335,83.33,2187.31,0
5346,90.91,2184.16,0
5357,90.91,2185.48,0
5369,83.33,2182.41,0
5381,83.33,2184.48,0
5392,90.91,2185.98,0
5403,90.91,2185.42,0
5414,90.91,2186.72,0
5426,83.33,2185.93,0
5438,90.91,2187.39,0
5449,83.33,2184.00,0
5460,90.91,2182.87,0
5472,83.33,2184.35,0
5483,90.91,2188.77,0
5494,90.91,2186.40,0
5506,83.33,2186.98,0
5518,83.33,2183.60,0
5529,90.91,2189.09,0
5540,90.91,2185.77,0
5552,83.33,2187.03,0
5563,90.91,2182.84,0
5574,90.91,2182.67,0
5586,83.33,2185.15,0
5598,83.33,2182.66,0
5609,90.91,2183.32,0
5620,90.91,2183.95,0
5632,83.33,2183.29,0
5643,90.91,2182.30,0
5655,83.33,2181.20,0
5666,90.91,2186.41,0
5678,83.33,2186.52,0
5689,90.91,2189.54,0
5700,90.91,2184.69,0
5711,90.91,2183.51,0
5724,76.92,2184.18,0
5735,90.91,2184.01,0
5746,90.91,2183.24,0
5757,90.91,2183.59,0
5769,83.33,2186.74,0
5780,90.91,2189.01,0
5792,83.33,2185.61,0
5804,83.33,2185.98,0
5815,90.91,2183.95,0
5826,90.91,2185.21,0
5837,90.91,2180.90,0
5849,83.33,2188.16,0
5861,90.91,2183.90,0
5872,83.33,2187.30,0
5883,90.91,2177.39,0
5895,83.33,2189.20,0
5906,90.91,2183.90,0
5917,90.91,2188.91,0
5928,90.91,2178.90,0
5941,76.92,2188.06,0
5952,90.91,2189.39,0
5963,90.91,2191.91,0
5975,83.33,2182.21,0
5986,90.91,2188.48,0
5997,90.91,2178.76,0
6009,83.33,2188.79,0
6021,83.33,2179.11,0
6032,90.91,2189.31,0
6043,90.91,2181.48,0
6054,90.91,2189.01,0
6066,83.33,2179.58,0
6078,83.33,2187.13,0
6089,90.91,2181.84,0
6100,90.91,2184.49,0
6112,83.33,2178.30,0
6123,90.91,2188.47,0
6134,90.91,2185.57,0
6147,76.92,2189.77,0
6158,90.91,2181.23,0
6169,90.91,2185.94,0
6180,90.91,2184.82,0
6192,83.33,2182.61,0
6203,90.91,2184.67,0
6215,83.33,2179.43,0
6226,90.91,2189.21,0
6238,83.33,2183.01,0
6249,90.91,2189.02,0
6260,90.91,2185.38,0
6272,83.33,2184.30,0
6284,90.91,2180.73,0
6295,83.33,2184.96,0
6306,90.91,2186.26,0
6318,83.33,2190.58,0
6329,90.91,2189.94,0
6340,90.91,2183.16,0
6351,90.91,2183.47,0
6364,76.92,2184.59,0
6375,90.91,2183.52,0
6386,90.91,2182.70,0
6397,90.91,2186.77,0
6409,83.33,2185.70,0
6420,90.91,2185.84,0
6432,83.33,2185.41,0
6444,83.33,2186.10,0
6455,90.91,2185.44,0
6466,90.91,2183.07,0
6477,90.91,2181.95,0
6489,83.33,2187.24,0
6501,83.33,2190.10,0
6512,90.91,2188.04,0
6523,90.91,2186.98,0
6535,83.33,2187.58,0
6546,90.91,2184.57,0
6557,90.91,2184.01,0
6569,83.33,2187.74,0
6581,83.33,2186.90,0
6592,90.91,2188.46,0
6603,90.91,2187.94,0
6615,83.33,2186.96,0
6626,90.91,2183.69,0
6638,83.33,2187.86,0
6649,90.91,2183.81,0
6661,83.33,2185.64,0
6672,90.91,2183.87,0
6683,90.91,2189.96,0
6694,90.91,2188.60,0
6707,83.33,2186.37,0
6718,83.33,2187.24,0
6729,90.91,2185.58,0
6740,90.91,2182.76,0
6752,83.33,2176.92,0
6763,90.91,2182.21,0
6774,90.91,2185.65,0
6787,76.92,2187.73,0
6798,90.91,2185.81,0
6809,90.91,2185.79,0
6820,90.91,2185.43,0
6832,83.33,2182.94,0
6843,90.91,2179.64,0
6855,83.33,2185.60,0
6866,90.91,2188.29,0
6878,83.33,2188.26,0
6889,90.91,2184.17,0
6900,90.91,2188.08,0
6912,83.33,2185.03,0
6924,83.33,2183.08,0
6935,90.91,2180.94,0
6946,90.91,2188.99,0
6958,83.33,2187.58,0
6969,90.91,2185.70,0
6980,90.91,2185.15,0
6992,83.33,2188.84,0
7004,83.33,2188.42,0
7015,90.91,2184.53,0
7026,90.91,2180.26,0
7037,90.91,2186.47,0
7049,83.33,2186.10,0
7061,83.33,2190.98,0
7072,90.91,2179.95,0
7084,83.33,2188.60,0
7095,90.91,2181.96,0
7106,90.91,2187.51,0
7117,90.91,2185.38,0
7130,83.33,2188.51,0
7141,83.33,2186.25,0
7152,90.91,2186.61,0
7163,90.91,2185.98,0
7175,83.33,2188.61,0
7186,90.91,2188.64,0
7198,90.91,2180.92,0
7209,83.33,2183.97,0
7221,83.33,2185.31,0
7232,90.91,2192.34,0
7243,90.91,2186.48,0
7255,83.33,2187.63,0
7266,90.91,2181.70,0
7278,83.33,2187.61,0
7289,90.91,2182.52,0
7301,83.33,2183.98,0
7312,90.91,2185.77,0
7323,90.91,2188.09,0
7334,90.91,2188.32,0
7347,76.92,2184.79,0
7358,90.91,2185.05,0
7369,90.91,2179.28,0
7380,90.91,2185.04,0
7392,83.33,2179.52,0
7403,90.91,2190.30,0
7415,83.33,2181.98,0
7427,83.33,2185.85,0
7438,90.91,2185.01,0
7449,90.91,2187.58,0
7460,90.91,2183.38,0
7472,83.33,2182.53,0
7484,83.33,2180.08,0
7495,90.91,2188.50,0
7506,90.91,2187.72,0
7518,83.33,2187.53,0
7529,90.91,2184.80,0
7540,90.91,2185.11,0
7553,76.92,2182.33,0
7564,90.91,2185.89,0
7575,90.91,2183.98,0
7586,90.91,2183.38,0
7598,83.33,2184.34,0
7609,90.91,2186.65,0
7621,90.91,2180.72,0
7632,83.33,2189.79,0
7644,83.33,2179.40,0
7655,90.91,2187.75,0
7666,90.91,2184.91,0
7677,90.91,2190.26,0
7689,83.33,2188.68,0
7701,83.33,2186.44,0
7712,90.91,2183.15,0
7724,83.33,2182.12,0
7735,90.91,2182.69,0
7746,90.91,2184.12,0
7757,90.91,2181.72,0
7770,76.92,2183.43,0
7781,90.91,2188.32,0
7792,90.91,2190.94,0
7803,90.91,2183.51,0
7815,83.33,2183.61,0
7826,90.91,2180.60,0
7838,83.33,2187.11,0
7849,90.91,2182.94,0
7861,83.33,2188.92,0
7872,90.91,2186.70,0
7883,90.91,2188.22,0
7895,83.33,2184.89,0
7907,83.33,2187.65,0
7918,90.91,2181.52,0
7929,90.91,2188.09,0
7941,83.33,2181.27,0
7952,90.91,2190.18,0
7963,90.91,2181.60,0
7975,83.33,2187.69,0
7987,83.33,2179.04,0
7998,90.91,2189.46,0
8009,90.91,2182.48,0
8020,90.91,2183.27,0
8032,83.33,2178.70,0
8044,90.91,2186.55,0
8055,83.33,2188.26,0
8067,83.33,2190.15,0
8078,90.91,2186.89,0
8089,90.91,2185.51,0
8100,90.91,2179.43,0
8112,83.33,2178.64,0
8124,83.33,2182.15,0
8135,90.91,2184.94,0
8146,90.91,2184.67,0
8158,83.33,2184.67,0
8169,90.91,2183.83,0
8180,90.91,2186.17,0
8193,76.92,2183.55,0
8204,90.91,2183.21,0
8215,90.91,2181.30,0
8226,90.91,2184.95,0
8238,83.33,2188.95,0
8249,90.91,2186.61,0
8261,83.33,2184.49,0
8272,90.91,2183.95,0
8284,83.33,2186.42,0
8295,90.91,2182.59,0
8306,90.91,2186.11,0
8317,90.91,2182.37,0
8330,76.92,2187.27,0
8341,90.91,2186.14,0
8352,90.91,2187.31,0
8364,83.33,2187.29,0
8375,90.91,2188.03,0
8386,90.91,2182.52,0
8398,83.33,2185.01,0
8410,83.33,2189.65,0
8421,90.91,2183.72,0
8432,90.91,2189.20,0
8443,90.91,2181.91,0
8455,83.33,2190.32,0
8467,90.91,2181.35,0
8478,83.33,2184.90,0
8489,90.91,2178.17,0
8501,83.33,2192.98,0
8512,90.91,2182.58,0
8523,90.91,2193.58,0
8535,83.33,2182.59,0
8547,83.33,2190.99,0
8558,90.91,2182.66,0
8569,90.91,2188.32,0
8581,83.33,2182.44,0
8592,90.91,2183.76,0
8603,90.91,2185.03,0
8615,83.33,2184.38,0
8627,83.33,2188.96,0
8638,90.91,2187.24,0
8649,90.91,2183.86,0
8660,90.91,2182.76,0
8672,83.33,2182.93,0
8684,83.33,2186.78,0
8695,90.91,2184.84,0
8707,83.33,2187.90,0
8718,90.91,2185.98,0
8729,90.91,2184.20,0
8740,90.91,2181.44,0
8753,76.92,2182.73,0
8764,90.91,2176.81,0
8775,90.91,2186.55,0
8786,90.91,2186.16,0
8798,83.33,2188.41,0
8809,90.91,2184.95,0
8821,83.33,2186.11,0
8833,83.33,2183.76,0
8844,90.91,2187.18,0
8855,90.91,2179.32,0
8866,90.91,2184.75,0
8878,83.33,2183.18,0
8890,90.91,2187.77,0
8901,83.33,2184.54,0
8912,90.91,2186.34,0
8924,83.33,2181.05,0
8935,90.91,2184.01,0
8946,90.91,2182.09,0
8957,90.91,2188.33,0
8970,76.92,2185.75,0
8981,90.91,2189.43,0
8992,90.91,2183.03,0
9004,83.33,2189.47,0
9015,90.91,2182.74,0
9026,90.91,2186.13,0
9038,83.33,2178.02,0
9050,83.33,2189.49,0
9061,90.91,2185.90,0
9072,90.91,2189.55,0
9083,90.91,2178.77,0
9095,83.33,2183.50,0
9107,83.33,2178.49,0
9118,90.91,2190.56,0
9129,90.91,2180.84,0
9141,83.33,2191.26,0
9152,90.91,2181.20,0
9163,90.91,2186.72,0
9176,76.92,2184.45,0
9187,90.91,2188.48,0
9198,90.91,2180.88,0
9209,90.91,2185.28,0
9221,83.33,2180.63,0
9232,90.91,2191.46,0
9244,90.91,2184.59,0
9255,83.33,2187.57,0
9267,83.33,2180.39,0
9278,90.91,2188.40,0
9289,90.91,2182.57,0
9300,90.91,2186.42,0
9313,83.33,2181.71,0
9324,83.33,2189.17,0
9335,90.91,2188.38,0
9347,83.33,2190.26,0
9358,90.91,2182.41,0
9369,90.91,2184.92,0
9380,90.91,2178.87,0
9393,76.92,2191.00,0
9404,90.91,2183.72,0
9415,90.91,2188.46,0
9426,90.91,2183.81,0
9438,83.33,2185.35,0
9449,90.91,2184.89,0
9461,83.33,2188.77,0
9473,83.33,2182.47,0
9484,90.91,2183.18,0
9495,90.91,2181.70,0
9506,90.91,2192.45,0
9518,83.33,2187.96,0
9530,83.33,2186.88,0
9541,90.91,2177.29,0
9552,90.91,2186.01,0
9564,83.33,2185.24,0
9575,90.91,2190.15,0
9586,90.91,2181.49,0
9598,83.33,2183.19,0
9610,83.33,2182.76,0
9621,90.91,2190.30,0
9632,90.91,2182.51,0
9644,83.33,2182.31,0
9655,90.91,2178.54,0
9667,90.91,2187.75,0
9678,83.33,2182.93,0
9690,83.33,2190.14,0
9701,90.91,2180.31,0
9712,90.91,2190.68,0
9723,90.91,2183.24,0
9735,83.33,2189.91,0
9747,83.33,2180.12,0
9758,90.91,2184.44,0
9769,90.91,2177.93,0
9781,83.33,2196.48,0
9792,90.91,2190.03,0
9803,90.91,2191.75,0
9816,76.92,2181.77,0
9827,90.91,2187.38,0
9838,90.91,2185.95,0
9849,90.91,2185.07,0
9861,83.33,2177.46,0
9872,90.91,2183.35,0
9884,83.33,2187.67,0
9895,90.91,2190.88,0
9907,83.33,2182.08,0
9918,90.91,2184.45,0
9929,90.91,2180.45,0
9940,90.91,2186.58,0
9953,76.92,2185.67,0
9964,90.91,2188.56,0
9975,90.91,2181.35,0
9987,83.33,2188.71,0
9998,90.91,2186.50,0
10009,90.91,2191.75,0
10021,90.91,2180.40,0
10033,83.33,2186.42,0
10044,90.91,2180.83,0
10055,90.91,2191.37,0
10066,90.91,2187.97,0
10078,83.33,2186.40,0
10090,90.91,2183.18,0
10101,83.33,2187.94,0
10113,83.33,2183.21,0
10124,90.91,2188.28,0
10135,90.91,2174.71,0
10146,90.91,2190.13,0
10158,83.33,2184.61,0
10170,83.33,2191.74,0
10181,90.91,2180.27,0
10192,90.91,2184.96,0
10204,83.33,2181.35,0
10215,90.91,2188.27,0
10226,90.91,2183.20,0
10238,83.33,2187.62,0
10250,83.33,2179.12,0
10261,90.91,2187.84,0
10272,90.91,2183.92,0
10284,83.33,2190.38,0
10295,90.91,2178.04,0
10307,83.33,2179.74,0
10318,90.91,2181.70,0
10330,83.33,2185.74,0
10341,90.91,2187.22,0
10352,90.91,2184.55,0
10363,90.91,2181.22,0
10376,76.92,2185.95,0
10387,90.91,2183.21,0
10398,90.91,2187.70,0
10409,90.91,2182.14,0
10421,83.33,2184.04,0
10432,90.91,2182.93,0
10444,90.91,2189.29,0
10456,76.92,2182.42,0
10467,90.91,2186.13,0
10478,90.91,2177.73,0
10489,90.91,2189.00,0
10501,83.33,2186.98,0
10512,90.91,2189.35,0
10524,83.33,2183.66,0
10535,90.91,2183.66,0
10547,83.33,2184.78,0
10558,90.91,2192.22,0
10569,90.91,2181.94,0
10580,90.91,2183.85,0
10593,76.92,2177.01,0
10604,90.91,2191.57,0
10615,90.91,2186.90,0
10627,83.33,2186.87,0
10638,90.91,2182.91,0
10649,90.91,2187.11,0
10661,83.33,2185.00,0
10673,83.33,2188.64,0
10684,90.91,2180.78,0
10695,90.91,2186.58,0
10706,90.91,2180.48,0
10718,83.33,2193.97,0
10730,83.33,2180.66,0
10741,90.91,2188.50,0
10753,83.33,2178.34,0
10764,90.91,2185.87,0
10775,90.91,2180.76,0
10786,90.91,2191.21,0
10799,83.33,2180.22,0
10810,83.33,2191.85,0
10821,90.91,2174.21,0
10832,90.91,2192.39,0
10844,83.33,2176.29,0
10855,90.91,2188.32,0
10867,90.91,2175.62,0
10878,83.33,2191.93,0
10890,83.33,2188.14,0
10901,90.91,2191.10,0
10912,90.91,2179.92,0
10924,83.33,2189.43,0
10935,90.91,2183.79,0
10947,83.33,2190.47,0
10958,90.91,2178.20,0
10970,83.33,2192.07,0
10981,90.91,2180.32,0
10992,90.91,2191.58,0
11003,90.91,2182.15,0
11016,76.92,2194.26,0
11027,90.91,2176.03,0
11038,90.91,2189.74,0
11049,90.91,2178.60,0
11061,83.33,2194.64,0
11072,90.91,2180.78,0
11084,83.33,2186.58,0
11096,83.33,2173.00,0
11107,90.91,2189.91,0
11118,90.91,2181.06,0
11129,90.91,2184.16,0
11141,83.33,2176.30,0
11153,83.33,2184.61,0
11164,90.91,2189.68,0
11175,90.91,2194.47,0
11187,83.33,2182.83,0
11198,90.91,2184.45,0
11209,90.91,2183.35,0
11222,90.91,2185.26,0
11233,76.92,2181.20,0
11244,90.91,2187.40,0
11255,90.91,2184.42,0
11267,83.33,2189.72,0
11278,90.91,2182.83,0
11290,90.91,2188.56,0
11301,83.33,2175.20,0
11313,83.33,2190.58,0
11324,90.91,2176.95,0
11335,90.91,2195.40,0
11346,90.91,2180.38,0
11358,83.33,2190.38,0
11370,83.33,2179.64,0
11381,90.91,2190.15,0
11393,83.33,2184.58,0
11404,90.91,2188.16,0
11415,90.91,2180.48,0
11426,90.91,2186.02,0
11439,76.92,2183.19,0
11450,90.91,2191.78,0
11461,90.91,2183.09,0
11472,90.91,2189.39,0
11484,83.33,2177.68,0
11495,90.91,2188.67,0
11507,83.33,2179.88,0
11518,90.91,2191.36,0
11530,83.33,2184.10,0
11541,90.91,2188.46,0
11552,90.91,2182.10,0
11564,83.33,2188.61,0
11576,83.33,2178.77,0
11587,90.91,2183.48,0
11598,90.91,2184.43,0
11610,83.33,2188.54,0
11621,90.91,2184.33,0
11632,90.91,2187.19,0
11644,90.91,2181.75,0
11656,76.92,2188.28,0
11667,90.91,2181.08,0
11678,90.91,2185.26,0
11689,90.91,2182.57,0
11701,83.33,2193.19,0
11713,90.91,2183.00,0
11724,83.33,2192.38,0
11736,83.33,2181.79,0
11747,90.91,2185.21,0
11758,90.91,2180.10,0
11769,90.91,2186.10,0
11781,83.33,2183.74,0
11793,83.33,2191.85,0
11804,90.91,2184.87,0
11815,90.91,2190.25,0
11827,83.33,2184.95,0
11838,90.91,2189.10,0
11849,90.91,2183.32,0
11862,76.92,2187.11,0
11873,90.91,2184.15,0
11884,90.91,2193.48,0
11895,90.91,2179.87,0
11907,83.33,2187.95,0
11918,90.91,2183.94,0
11930,83.33,2189.25,0
11941,90.91,2178.44,0
11953,83.33,2188.64,0
11964,90.91,2180.66,0
11975,90.91,2193.73,0
11986,90.91,2186.41,0
11999,76.92,2190.44,0
12010,90.91,2182.21,0
12021,90.91,2188.33,0
12033,83.33,2180.27,0
12044,90.91,2192.33,0
12055,90.91,2174.51,0
12067,83.33,2190.72,0
12079,83.33,2183.97,0
12090,90.91,2190.28,0
12101,90.91,2181.85,0
12112,90.91,2189.08,0
12124,83.33,2175.09,0
12136,90.91,2185.11,0
12147,83.33,2178.47,0
12158,90.91,2189.41,0
12170,83.33,2177.40,0
12181,90.91,2192.76,0
12192,90.91,2177.58,0
12204,83.33,2192.53,0
12216,83.33,2171.95,0
12227,90.91,2185.71,0
12238,90.91,2177.93,0
12250,83.33,2194.03,0
12261,90.91,2182.87,0
12272,90.91,2188.94,0
12284,83.33,2177.91,0
12296,83.33,2193.05,0
12307,90.91,2178.98,0
12318,90.91,2192.17,0
12329,90.91,2180.89,0
12341,83.33,2191.25,0
12353,83.33,2182.06,0
12364,90.91,2186.43,0
12376,83.33,2183.48,0
12387,90.91,2190.50,0
12398,90.91,2176.12,0
12409,90.91,2185.65,0
12422,76.92,2187.77,0
12433,90.91,2192.75,0
12444,90.91,2185.30,0
12455,90.91,2185.75,0
12467,83.33,2179.92,0
12478,90.91,2196.37,0
12490,83.33,2183.26,0
12502,83.33,2179.68,0
12513,90.91,2178.87,0
12524,90.91,2192.61,0
12535,90.91,2189.09,0
12547,83.33,2195.39,0
12559,90.91,2180.19,0
12570,83.33,2189.08,0
12581,90.91,2179.25,0
12593,83.33,2186.44,0
12604,90.91,2183.05,0
12615,90.91,2190.85,0
12626,90.91,2176.56,0
12639,76.92,2193.28,0
12650,90.91,2182.78,0
12661,90.91,2196.09,0
12673,83.33,2179.16,0
12684,90.91,2184.81,0
12695,90.91,2178.70,0
12707,83.33,2194.15,0
12719,83.33,2184.95,0
12730,90.91,2188.67,0
12741,90.91,2183.39,0
12752,90.91,2189.98,0
12764,83.33,2182.31,0
12776,83.33,2188.94,0
12787,90.91,2179.94,0
12798,90.91,2191.80,0
12810,83.33,2181.86,0
12821,90.91,2188.81,0
12832,90.91,2181.10,0
12845,76.92,2189.17,0
12856,90.91,2176.86,0
12867,90.91,2183.14,0
12878,90.91,2176.80,0
12890,83.33,2189.64,0
12901,90.91,2182.01,0
12913,83.33,2191.75,0
12924,90.91,2181.73,0
12936,83.33,2190.77,0
12947,90.91,2177.93,0
12958,90.91,2184.10,0
12969,90.91,2180.54,0
12982,83.33,2190.23,0
12993,83.33,2184.39,0
13004,90.91,2189.26,0
13016,83.33,2178.02,0
13027,90.91,2189.12,0
13038,90.91,2177.64,0
13049,90.91,2190.65,0
13062,76.92,2179.88,0
13073,90.91,2189.20,0
13084,90.91,2182.72,0
13095,90.91,2192.71,0
13107,83.33,2181.69,0
13118,90.91,2191.58,0
13130,83.33,2177.40,0
13142,83.33,2185.88,0
13153,90.91,2183.15,0
13164,90.91,2191.06,0
13175,90.91,2184.70,0
13187,83.33,2191.38,0
13199,83.33,2180.75,0
13210,90.91,2190.06,0
13221,90.91,2183.15,0
13233,83.33,2188.75,0
13244,90.91,2180.52,0
13255,90.91,2191.19,0
13267,83.33,2184.96,0
13279,83.33,2192.39,0
13290,90.91,2179.33,0
13301,90.91,2188.17,0
13313,83.33,2182.20,0
13324,90.91,2190.52,0
13336,83.33,2182.12,0
13347,90.91,2189.60,0
13359,83.33,2183.94,0
13370,90.91,2192.71,0
13381,90.91,2183.88,0
13392,90.91,2188.87,0
13405,83.33,2180.42,0
13416,83.33,2183.56,0
13427,90.91,2177.28,0
13438,90.91,2192.68,0
13450,83.33,2185.73,0
13461,90.91,2187.61,0
13473,90.91,2185.56,0
13485,76.92,2189.12,0
13496,90.91,2180.47,0
13507,90.91,2186.53,0
13518,90.91,2177.53,0
13530,83.33,2192.52,0
13541,90.91,2186.66,0
13553,83.33,2187.94,0
13564,90.91,2180.83,0
13576,83.33,2188.97,0
13587,90.91,2179.80,0
13598,90.91,2189.29,0
13609,90.91,2182.53,0
13622,76.92,2186.41,0
13633,90.91,2185.00,0
13644,90.91,2190.42,0
13656,83.33,2179.20,0
13667,90.91,2189.31,0
13678,90.91,2177.03,0
13690,83.33,2185.61,0
13702,83.33,2186.10,0
13713,90.91,2184.50,0
13724,90.91,2186.64,0
13735,90.91,2181.18,0
13747,83.33,2189.52,0
13759,83.33,2189.81,0
13770,90.91,2180.77,0
13782,83.33,2184.10,0
13793,90.91,2181.89,0
13804,90.91,2187.65,0
13815,90.91,2190.72,0
13828,83.33,2182.30,0
13839,83.33,2186.51,0
13850,90.91,2182.98,0
13861,90.91,2181.38,0
13873,83.33,2185.66,0
13884,90.91,2181.71,0
13895,90.91,2187.11,0
13907,83.33,2179.38,0
13919,83.33,2191.01,0
13930,90.91,2183.72,0
13941,90.91,2192.90,0
13953,83.33,2179.84,0
13964,90.91,2185.74,0
13976,83.33,2182.08,0
13987,90.91,2194.61,0
13999,83.33,2182.53,0
14010,90.91,2196.08,0
14021,90.91,2176.98,0
14032,90.91,2191.57,0
14045,76.92,2180.01,0
14056,90.91,2189.96,0
14067,90.91,2180.35,0
14078,90.91,2187.83,0
14090,83.33,2185.37,0
14101,90.91,2196.76,0
14113,83.33,2183.15,0
14125,83.33,2181.46,0
14136,90.91,2180.55,0
14147,90.91,2183.36,0
14158,90.91,2192.88,0
14170,83.33,2187.14,0
14182,83.33,2189.27,0
14193,90.91,2181.18,0
14204,90.91,2187.32,0
14216,83.33,2180.54,0
14227,90.91,2184.49,0
14238,90.91,2179.62,0
14251,90.91,2183.37,0
14262,76.92,2190.75,0
14273,90.91,2192.21,0
14284,90.91,2183.29,0
14296,83.33,2185.37,0
14307,90.91,2176.62,0
14319,90.91,2185.15,0
14330,83.33,2185.70,0
14342,83.33,2179.15,0
14353,90.91,2189.22,0
14364,90.91,2184.89,0
14375,90.91,2188.78,0
14387,83.33,2183.66,0
14399,83.33,2184.23,0
14410,90.91,2179.72,0
14422,83.33,2185.09,0
14433,90.91,2182.34,0
14444,90.91,2184.02,0
14455,90.91,2189.42,0
14468,76.92,2182.38,0
14479,90.91,2189.31,0
14490,90.91,2184.10,0
14501,90.91,2181.10,0
14513,83.33,2180.93,0
14524,90.91,2186.74,0
14536,83.33,2187.98,0
14547,90.91,2184.94,0
14559,83.33,2182.11,0
14570,90.91,2181.98,0
14581,90.91,2189.91,0
14593,83.33,2181.34,0
14605,83.33,2185.70,0
14616,90.91,2182.10,0
14627,90.91,2187.04,0
14639,83.33,2187.42,0
14650,90.91,2188.93,0
14661,90.91,2178.91,0
14673,90.91,2184.77,0
14685,76.92,2186.07,0
14696,90.91,2187.67,0
14707,90.91,2186.18,0
14718,90.91,2183.33,0
14730,83.33,2186.69,0
14741,90.91,2190.17,0
14753,83.33,2182.52,0
14765,83.33,2183.52,0
14776,90.91,2180.79,0
14787,90.91,2182.62,0
14798,90.91,2189.61,0
14810,83.33,2191.27,0
14822,83.33,2181.28,0
14833,90.91,2181.97,0
14844,90.91,2183.36,0
14856,83.33,2193.71,0
14867,90.91,2184.91,0
14878,90.91,2182.64,0
14891,76.92,2176.13,0
14902,90.91,2189.44,0
14913,90.91,2185.66,0
14924,90.91,2191.35,0
14936,83.33,2184.52,0
14947,90.91,2180.47,0
14959,83.33,2184.57,0
14970,90.91,2190.65,0
14982,83.33,2189.18,0
14993,90.91,2188.50,0
15004,90.91,2180.21,0
15015,90.91,2186.08,0
15028,76.92,2188.41,0
15039,90.91,2191.26,0
15050,90.91,2185.12,0
15062,83.33,2183.89,0
15073,90.91,2186.98,0
15084,90.91,2193.83,0
15096,90.91,2186.56,0
15108,76.92,2179.96,0
15119,90.91,2180.19,0
15130,90.91,2184.94,0
15141,90.91,2185.55,0
15153,83.33,2187.85,0
15164,90.91,2183.76,0
15176,83.33,2187.72,0
15187,90.91,2186.17,0
15199,83.33,2183.61,0
15210,90.91,2186.35,0
15221,90.91,2179.99,0
15233,83.33,2183.25,0
15245,83.33,2185.67,0
15256,90.91,2185.34,0
15267,90.91,2182.86,0
15279,83.33,2184.20,0
15290,90.91,2179.15,0
15301,90.91,2188.57,0
15313,83.33,2186.88,0
15325,83.33,2185.52,0
15336,90.91,2177.15,0
15347,90.91,2183.86,0
15358,90.91,2181.73,0
15370,83.33,2191.34,0
15382,83.33,2181.80,0
15393,90.91,2179.72,0
15405,83.33,2180.27,0
15416,90.91,2182.62,0
15427,90.91,2187.80,0
15438,90.91,2186.09,0
15451,83.33,2182.49,0
15462,83.33,2184.53,0
15473,90.91,2184.30,0
15484,90.91,2183.48,0
15496,83.33,2186.74,0
15507,90.91,2183.00,0
15518,90.91,2185.77,0
15531,76.92,2191.34,0
15542,90.91,2185.23,0
15553,90.91,2190.57,0
15564,90.91,2186.15,0
15576,83.33,2187.47,0
15587,90.91,2184.63,0
15599,83.33,2185.71,0
15610,90.91,2180.82,0
15622,83.33,2188.63,0
15633,90.91,2185.59,0
15644,90.91,2189.54,0
15655,90.91,2182.80,0
15668,76.92,2185.73,0
15679,90.91,2180.30,0
15690,90.91,2189.10,0
15702,83.33,2184.01,0
15713,90.91,2189.32,0
15724,90.91,2191.47,0
15736,83.33,2182.94,0
15748,83.33,2186.43,0
15759,90.91,2185.67,0
15770,90.91,2185.07,0
15781,90.91,2183.47,0
15793,83.33,2182.91,0
15805,90.91,2185.11,0
15816,83.33,2190.72,0
15827,90.91,2185.18,0
15839,83.33,2179.82,0
15850,90.91,2188.56,0
15861,90.91,2183.57,0
15874,83.33,2185.11,0
15885,83.33,2183.92,0
15896,90.91,2183.86,0
15907,90.91,2190.96,0
15919,83.33,2195.00,0
15930,90.91,2180.86,0
15941,90.91,2184.07,0
15953,83.33,2176.86,0
15965,83.33,2183.51,0
15976,90.91,2184.61,0
15987,90.91,2188.37,0
15998,90.91,2184.47,0
16010,83.33,2192.37,0
16022,83.33,2186.61,0
16033,90.91,2190.81,0
16045,83.33,2184.47,0
16056,90.91,2179.55,0
16067,90.91,2187.33,0
16078,90.91,2186.20,0
16091,76.92,2185.48,0
16102,90.91,2186.15,0
16113,90.91,2181.56,0
16124,90.91,2191.29,0
16136,83.33,2187.77,0
16147,90.91,2187.64,0
16159,83.33,2180.10,0
16171,83.33,2182.64,0
16182,90.91,2189.19,0
16193,90.91,2194.87,0
16204,90.91,2184.97,0
16216,83.33,2184.34,0
16228,90.91,2180.75,0
16239,83.33,2187.79,0
16250,90.91,2183.72,0
16262,83.33,2189.91,0
16273,90.91,2182.81,0
16284,90.91,2185.39,0
16295,90.91,2185.37,0
16308,76.92,2184.49,0
16319,90.91,2187.75,0
16330,90.91,2177.83,0
16342,83.33,2185.77,0
16353,90.91,2188.29,0
16364,90.91,2191.60,0
16376,83.33,2181.44,0
16388,83.33,2181.96,0
16399,90.91,2185.87,0
16410,90.91,2189.17,0
16421,90.91,2186.36,0
16433,83.33,2177.99,0
16445,83.33,2185.03,0
16456,90.91,2190.39,0
16467,90.91,2192.49,0
16479,83.33,2190.56,0
16490,90.91,2181.50,0
16501,90.91,2179.46,0
16514,76.92,2181.63,0
16525,90.91,2181.62,0
16536,90.91,2192.86,0
16547,90.91,2188.07,0
16559,83.33,2187.19,0
16570,90.91,2182.89,0
16582,90.91,2186.48,0
16593,83.33,2183.46,0
16605,83.33,2186.42,0
16616,90.91,2182.15,0
16627,90.91,2185.54,0
16638,90.91,2186.72,0
16651,83.33,2185.72,0
16662,83.33,2182.80,0
16673,90.91,2188.02,0
16685,83.33,2186.16,0
16696,90.91,2186.96,0
16707,90.91,2178.84,0
16718,90.91,2184.25,0
16731,76.92,2185.26,0
16742,90.91,2191.12,0
16753,90.91,2185.06,0
16764,90.91,2188.23,0
16776,83.33,2182.60,0
16787,90.91,2183.65,0
16799,83.33,2187.11,0
16811,83.33,2187.15,0
16822,90.91,2191.09,0
16833,90.91,2184.66,0
16844,90.91,2184.01,0
16856,83.33,2189.40,0
16868,83.33,2189.51,0
16879,90.91,2187.67,0
16890,90.91,2179.69,0
16902,83.33,2182.54,0
16913,90.91,2189.39,0
16924,90.91,2188.76,0
16936,83.33,2191.32,0
16948,83.33,2182.41,0
16959,90.91,2186.26,0
16970,90.91,2182.09,0
16982,83.33,2181.22,0
16993,90.91,2182.36,0
17005,90.91,2181.31,0
17016,83.33,2186.20,0
17028,83.33,2185.57,0
17039,90.91,2188.63,0
17050,90.91,2183.33,0
17061,90.91,2185.79,0
17073,83.33,2181.14,0
17085,83.33,2190.07,0
17096,90.91,2182.40,0
17107,90.91,2191.38,0
17119,83.33,2180.67,0
17130,90.91,2190.84,0
17141,90.91,2181.03,0
17154,76.92,2189.51,0
17165,90.91,2180.58,0
17176,90.91,2188.36,0
17187,90.91,2180.29,0
17199,83.33,2189.41,0
17210,90.91,2181.07,0
17222,83.33,2187.21,0
17233,90.91,2180.13,0
17245,83.33,2186.97,0
17256,90.91,2181.61,0
17267,90.91,2186.02,0
17278,90.91,2189.25,0
17291,76.92,2186.76,0
17302,90.91,2187.54,0
17313,90.91,2184.32,0
17325,83.33,2184.16,0
17336,90.91,2182.49,0
17347,90.91,2183.29,0
17359,90.91,2189.17,0
17371,76.92,2187.42,0
17382,90.91,2186.31,0
17393,90.91,2187.14,0
17404,90.91,2182.10,0
17416,83.33,2185.63,0
17427,90.91,2182.21,0
17439,83.33,2182.01,0
17451,83.33,2187.73,0
17462,90.91,2187.46,0
17473,90.91,2190.15,0
17484,90.91,2184.37,0
17496,83.33,2188.27,0
17508,83.33,2185.07,0
17519,90.91,2185.13,0
17530,90.91,2181.84,0
17542,83.33,2185.82,0
17553,90.91,2187.56,0
17564,90.91,2191.06,0
17576,83.33,2183.72,0
17588,83.33,2188.24,0
17599,90.91,2176.72,0
17610,90.91,2185.34,0
17622,83.33,2181.01,0
17633,90.91,2193.20,0
17645,83.33,2180.94,0
17656,90.91,2185.23,0
17668,83.33,2179.93,0
17679,90.91,2187.67,0
17690,90.91,2180.05,0
17701,90.91,2183.41,0
17714,76.92,2175.68,0
17725,90.91,2190.26,0
17736,90.91,2184.67,0
17747,90.91,2192.35,0
17759,83.33,2181.86,0
17770,90.91,2189.67,0
17782,90.91,2181.07,0
17794,76.92,2191.10,0
17805,90.91,2181.41,0
17816,90.91,2188.17,0
17827,90.91,2182.26,0
17839,83.33,2189.47,0
17850,90.91,2184.31,0
17862,83.33,2187.23,0
17873,90.91,2179.03,0
17885,83.33,2184.20,0
17896,90.91,2181.59,0
17907,90.91,2192.97,0
17918,90.91,2188.55,0
17931,76.92,2186.42,0
17942,90.91,2182.36,0
17953,90.91,2188.22,0
17965,83.33,2187.40,0
17976,90.91,2190.66,0
17987,90.91,2177.51,0
17999,83.33,2182.65,0
18011,83.33,2184.82,0
18022,90.91,2189.23,0
18033,90.91,2186.72,0
18044,90.91,2186.36,0
18056,83.33,2176.88,0
18068,83.33,2187.86,0
18079,90.91,2177.92,0
18091,83.33,2190.48,0
18102,90.91,2183.48,0
18113,90.91,2190.47,0
18124,90.91,2182.64,0
18137,76.92,2187.36,0
18148,90.91,2181.95,0
18159,90.91,2185.07,0
18170,90.91,2178.88,0
18182,83.33,2187.13,0
18193,90.91,2186.13,0
18205,90.91,2189.48,0
18216,83.33,2178.36,0
18228,83.33,2187.44,0
18239,90.91,2179.21,0
18250,90.91,2186.72,0
18262,83.33,2178.39,0
18273,90.91,2184.86,0
18285,83.33,2180.61,0
18296,90.91,2189.01,0
18308,83.33,2183.03,0
18319,90.91,2192.76,0
18330,90.91,2178.55,0
18341,90.91,2190.85,0
18354,76.92,2177.42,0
18365,90.91,2194.05,0
18376,90.91,2180.00,0
18387,90.91,2196.62,0
18399,83.33,2177.94,0
18410,90.91,2192.62,0
18422,83.33,2180.48,0
18434,83.33,2186.66,0
18445,90.91,2177.23,0
18456,90.91,2186.41,0
18467,90.91,2185.52,0
18479,83.33,2190.49,0
18491,83.33,2181.94,0
18502,90.91,2185.50,0
18513,90.91,2184.36,0
18525,83.33,2190.07,0
18536,90.91,2184.03,0
18547,90.91,2186.85,0
18560,76.92,2185.90,0
18571,90.91,2189.32,0
18582,90.91,2184.79,0
18593,90.91,2191.38,0
18605,83.33,2181.82,0
18616,90.91,2185.15,0
18628,90.91,2180.37,0
18639,83.33,2190.83,0
18651,83.33,2182.43,0
18662,90.91,2189.18,0
18673,90.91,2176.81,0
18684,90.91,2193.43,0
18696,83.33,2177.32,0
18708,83.33,2190.82,0
18719,90.91,2178.50,0
18731,83.33,2190.51,0
18742,90.91,2184.07,0
18753,90.91,2188.71,0
18764,90.91,2181.98,0
18777,76.92,2187.88,0
18788,90.91,2180.78,0
18799,90.91,2187.47,0
18810,90.91,2179.27,0
18822,83.33,2190.42,0
18833,90.91,2180.27,0
18845,83.33,2192.78,0
18856,90.91,2179.01,0
18868,83.33,2191.13,0
18879,90.91,2177.98,0
18890,90.91,2187.44,0
18902,83.33,2175.73,0
18914,83.33,2188.13,0
18925,90.91,2181.86,0
18936,90.91,2194.44,0
18948,83.33,2181.55,0
18959,90.91,2190.51,0
18970,90.91,2175.65,0
18982,90.91,2188.09,0
18994,76.92,2178.95,0
19005,90.91,2195.68,0
19016,90.91,2182.82,0
19027,90.91,2189.89,0
19039,83.33,2181.26,0
19051,90.91,2185.70,0
19062,83.33,2187.18,0
19074,83.33,2182.05,0
19085,90.91,2186.04,0
19096,90.91,2186.73,0
19107,90.91,2186.45,0
19119,83.33,2183.48,0
19131,83.33,2184.68,0
19142,90.91,2189.48,0
19153,90.91,2182.64,0
19165,83.33,2184.19,0
19176,90.91,2177.36,0
19187,90.91,2188.45,0
19200,76.92,2184.26,0
19211,90.91,2189.25,0
19222,90.91,2182.40,0
19233,90.91,2185.88,0
19245,83.33,2183.86,0
19256,90.91,2188.62,0
19268,83.33,2178.22,0
19279,90.91,2189.20,0
19291,83.33,2182.25,0
19302,90.91,2188.54,0
19313,90.91,2179.68,0
19324,90.91,2191.76,0
19337,76.92,2178.69,0
19348,90.91,2188.76,0
19359,90.91,2181.45,0
19371,83.33,2192.65,0
19382,90.91,2187.23,0
19393,90.91,2185.85,0
19405,90.91,2182.89,0
19417,76.92,2191.94,0
19428,90.91,2181.00,0
19439,90.91,2191.71,0
19450,90.91,2175.45,0
19462,83.33,2192.37,0
19473,90.91,2180.72,0
19485,83.33,2194.07,0
19496,90.91,2176.35,0
19508,83.33,2188.90,0
19519,90.91,2176.60,0
19530,90.91,2184.53,0
19542,83.33,2183.99,0
19554,83.33,2189.18,0
19565,90.91,2183.70,0
19576,90.91,2191.47,0
19588,83.33,2183.40,0
19599,90.91,2190.38,0
19610,90.91,2181.31,0
19622,83.33,2183.22,0
19634,83.33,2181.64,0
19645,90.91,2185.77,0
19656,90.91,2187.69,0
19667,90.91,2189.46,0
19679,83.33,2184.22,0
19691,83.33,2188.99,0
19702,90.91,2186.15,0
19714,83.33,2184.11,0
19725,90.91,2181.58,0
19736,90.91,2187.03,0
19747,90.91,2184.51,0
19760,83.33,2190.62,0
19771,83.33,2184.11,0
19782,90.91,2193.19,0
19793,90.91,2177.50,0
19805,83.33,2186.83,0
19816,90.91,2178.37,0
19827,90.91,2194.30,0
19840,76.92,2183.07,0
19851,90.91,2189.12,0
19862,90.91,2179.12,0
19873,90.91,2186.87,0
19885,83.33,2179.68,0
19896,90.91,2185.60,0
19908,83.33,2178.68,0
19919,90.91,2191.91,0
19931,83.33,2181.78,0
19942,90.91,2191.24,0
19953,90.91,2176.03,0
19964,90.91,2186.82,0
19977,76.92,2179.08,0
19988,90.91,2186.77,0
19999,90.91,2178.90,0
20011,83.33,2188.13,0
20022,90.91,2181.84,0
20033,90.91,2186.94,0
20045,83.33,2181.95,0
20057,83.33,2190.36,0
20068,90.91,2178.18,0
20079,90.91,2187.61,0
20090,90.91,2176.40,0
20102,83.33,2187.77,0
20114,90.91,2184.08,0
20125,83.33,2189.49,0
20136,90.91,2178.95,0
20148,83.33,2190.36,0
20159,90.91,2181.45,0
20170,90.91,2189.05,0
20183,83.33,2179.94,0
20194,83.33,2186.80,0
20205,90.91,2182.01,0
20216,90.91,2190.59,0
20228,83.33,2182.05,0
20239,90.91,2191.14,0
20250,90.91,2181.19,0
20262,83.33,2183.21,0
20274,83.33,2179.38,0
20285,90.91,2183.63,0
20296,90.91,2181.85,0
20307,90.91,2188.96,0
20319,83.33,2187.44,0
20331,83.33,2190.40,0
20342,90.91,2184.49,0
20354,83.33,2184.89,0
20365,90.91,2184.01,0
20376,90.91,2188.22,0
20387,90.91,2186.39,0
20400,76.92,2193.61,0
20411,90.91,2183.14,0
20422,90.91,2193.72,0
20433,90.91,2181.73,0
20445,83.33,2193.73,0
20456,90.91,2178.26,0
20468,90.91,2196.29,0
20480,83.33,2183.62,0
20491,90.91,2196.35,0
20502,90.91,2177.57,0
20513,90.91,2190.07,0
20525,83.33,2181.46,0
20537,90.91,2191.00,0
20548,83.33,2182.15,0
20559,90.91,2191.45,0
20571,83.33,2179.34,0
20582,90.91,2190.14,0
20593,90.91,2184.54,0
20604,90.91,2189.58,0
20617,76.92,2183.06,0
20628,90.91,2181.65,0
20639,90.91,2179.76,0
20651,83.33,2191.44,0
20662,90.91,2187.03,0
20673,90.91,2186.57,0
20685,83.33,2180.46,0
20697,83.33,2188.53,0
20708,90.91,2181.85,0
20719,90.91,2186.02,0
20730,90.91,2178.96,0
20742,83.33,2191.44,0
20754,83.33,2185.12,0
20765,90.91,2192.08,0
20776,90.91,2177.48,0
20788,83.33,2193.75,0
20799,90.91,2179.23,0
20810,90.91,2189.64,0
20823,76.92,2179.63,0
20834,90.91,2192.24,0
20845,90.91,2183.22,0
20856,90.91,2187.45,0
20868,83.33,2186.29,0
20879,90.91,2191.49,0
20891,90.91,2180.02,0
20902,83.33,2188.42,0
20914,83.33,2181.50,0
20925,90.91,2189.28,0
20936,90.91,2185.59,0
20947,90.91,2188.62,0
20959,83.33,2185.45,0
20971,83.33,2187.44,0
20982,90.91,2182.11,0
20994,83.33,2187.23,0
21005,90.91,2185.09,0
21016,90.91,2193.72,0
21027,90.91,2185.87,0
21040,76.92,2193.94,0
21051,90.91,2183.33,0
21062,90.91,2192.90,0
21073,90.91,2181.82,0
21085,83.33,2189.09,0
21096,90.91,2182.80,0
21108,83.33,2195.60,0
21120,83.33,2180.37,0
21131,90.91,2192.62,0
21142,90.91,2179.50,0
21153,90.91,2194.50,0
21165,83.33,2178.16,0
21177,83.33,2189.55,0
21188,90.91,2177.16,0
21199,90.91,2194.38,0
21211,83.33,2185.34,0
21222,90.91,2194.57,0
21233,90.91,2179.99,0
21245,90.91,2188.80,0
21257,76.92,2176.35,0
21268,90.91,2189.63,0
21279,90.91,2183.15,0
21291,83.33,2192.38,0
21302,90.91,2181.31,0
21313,90.91,2189.26,0
21325,83.33,2180.63,0
21337,83.33,2192.47,0
21348,90.91,2179.99,0
21359,90.91,2187.21,0
21370,90.91,2182.73,0
21382,83.33,2191.46,0
21394,83.33,2186.96,0
21405,90.91,2188.32,0
21416,90.91,2185.29,0
21428,83.33,2192.31,0
21439,90.91,2182.43,0
21450,90.91,2188.41,0
21463,76.92,2179.27,0
21474,90.91,2194.00,0
21485,90.91,2188.38,0
21496,90.91,2193.38,0
21508,83.33,2180.70,0
21519,90.91,2184.82,0
21531,83.33,2179.00,0
21542,90.91,2189.80,0
21554,83.33,2181.45,0
21565,90.91,2192.04,0
21576,90.91,2182.76,0
21587,90.91,2190.27,0
21600,76.92,2180.36,0
21611,90.91,2189.97,0
21622,90.91,2179.63,0
21634,83.33,2186.52,0
21645,90.91,2182.03,0
21656,90.91,2190.45,0
21668,90.91,2186.08,0
21680,76.92,2189.28,0
21691,90.91,2184.72,0
21702,90.91,2187.45,0
21713,90.91,2180.18,0
21725,83.33,2186.59,0
21736,90.91,2186.39,0
21748,83.33,2192.16,0
