66,15.15,593.33,0
77,90.91,591.47,0
89,83.33,585.25,0
100,90.91,585.80,0
111,90.91,588.93,0
123,83.33,586.42,0
135,83.33,583.06,0
146,90.91,586.39,0
157,90.91,591.66,0
168,90.91,593.73,0
180,83.33,592.37,0
192,83.33,593.58,0
203,90.91,584.29,0
215,83.33,577.83,0
226,90.91,581.81,0
237,90.91,589.48,0
248,90.91,593.60,0
261,76.92,594.91,0
272,90.91,592.10,0
283,90.91,583.50,0
294,90.91,585.76,0
306,83.33,591.06,0
317,90.91,588.69,0
329,83.33,583.66,0
340,90.91,583.98,0
352,83.33,586.49,0
363,90.91,591.99,0
374,90.91,594.08,0
386,83.33,590.98,0
398,83.33,583.54,0
409,90.91,579.36,0
420,90.91,583.86,0
432,83.33,595.96,0
443,90.91,594.42,0
454,90.91,590.41,0
466,83.33,587.28,0
478,83.33,583.83,0
489,90.91,587.27,0
500,90.91,588.68,0
512,83.33,584.60,0
523,90.91,583.53,0
535,83.33,586.09,0
546,90.91,589.75,0
558,83.33,592.65,0
569,90.91,594.42,0
580,90.91,589.30,0
591,90.91,580.86,0
604,76.92,580.92,0
615,90.91,587.48,0
626,90.91,592.57,0
637,90.91,591.03,0
649,83.33,590.50,0
660,90.91,583.44,0
672,83.33,586.47,0
684,83.33,591.11,0
695,90.91,589.16,0
706,90.91,587.14,0
717,90.91,585.07,0
729,83.33,585.29,0
741,83.33,591.77,0
752,90.91,597.56,0
763,90.91,590.48,0
775,83.33,586.23,0
786,90.91,581.53,0
797,90.91,577.72,0
809,83.33,586.17,0
821,83.33,594.60,0
832,90.91,590.82,0
843,90.91,591.70,0
855,83.33,585.94,0
866,90.91,585.86,0
878,83.33,589.04,0
889,90.91,591.86,0
901,83.33,588.85,0
912,90.91,586.39,0
923,90.91,587.84,0
935,90.91,595.03,0
947,76.92,595.08,0
958,90.91,590.52,0
969,90.91,587.53,0
980,90.91,580.75,0
992,83.33,580.86,0
1004,90.91,591.68,0
1015,83.33,598.64,0
1027,83.33,595.62,0
1038,90.91,590.74,0
1049,90.91,588.28,0
1060,90.91,586.09,0
1073,83.33,587.07,0
1084,83.33,594.33,0
1095,90.91,587.07,0
1106,90.91,582.84,0
1118,83.33,589.08,0
1129,90.91,591.63,0
1141,90.91,589.99,0
1153,76.92,593.47,0
1164,90.91,587.79,0
1175,90.91,575.20,0
1186,90.91,580.22,0
1198,83.33,589.66,0
1210,90.91,592.25,0
1221,83.33,595.37,0
1232,90.91,594.20,0
1244,83.33,584.62,0
1255,90.91,578.55,0
1266,90.91,588.53,0
1278,90.91,594.56,0
1290,76.92,589.73,0
1301,90.91,590.28,0
1312,90.91,588.49,0
1324,83.33,586.51,0
1335,90.91,589.18,0
1347,90.91,598.41,0
1358,90.91,590.43,0
1370,83.33,579.14,0
1381,90.91,578.39,0
1392,90.91,583.95,0
1403,90.91,594.99,0
1416,83.33,600.39,0
1427,90.91,591.25,0
1438,90.91,579.88,0
1449,90.91,581.39,0
1461,83.33,586.14,0
1472,90.91,591.39,0
1484,83.33,591.14,0
1496,83.33,587.06,0
1507,90.91,581.39,0
1518,90.91,586.46,0
1529,90.91,595.69,0
1541,83.33,598.01,0
1553,83.33,589.52,0
1564,90.91,581.45,0
1575,90.91,576.16,0
1587,83.33,585.49,0
1598,90.91,599.12,0
1609,90.91,600.77,0
1622,76.92,590.92,0
1633,90.91,581.69,0
1644,90.91,578.58,0
1655,90.91,585.40,0
1667,83.33,594.39,0
1678,90.91,596.44,0
1690,83.33,590.29,0
1701,90.91,585.42,0
1713,83.33,588.00,0
1724,90.91,593.53,0
1735,90.91,594.49,0
1746,90.91,586.75,0
1759,76.92,580.44,0
1770,90.91,576.40,0
1781,90.91,586.78,0
1793,83.33,596.30,0
1804,90.91,597.48,0
1815,90.91,588.43,0
1827,83.33,578.82,0
1839,83.33,577.95,0
1850,90.91,586.15,0
1861,90.91,595.40,0
1872,90.91,592.63,0
1884,83.33,585.94,0
1896,83.33,585.83,0
1907,90.91,590.44,0
1918,90.91,594.50,0
1930,83.33,590.20,0
1941,90.91,582.89,0
1952,90.91,576.35,0
1965,76.92,577.79,0
1976,90.91,590.17,0
1987,90.91,599.42,0
1998,90.91,597.25,0
2010,83.33,587.74,0
2021,90.91,579.60,0
2033,83.33,576.71,0
2044,90.91,585.76,0
2056,83.33,595.78,0
2067,90.91,593.35,0
2078,90.91,585.21,0
2089,90.91,585.55,0
2102,76.92,587.46,0
2113,90.91,590.28,0
2124,90.91,593.93,0
2136,83.33,589.35,0
2147,90.91,581.04,0
2158,90.91,580.69,0
2170,83.33,591.97,0
2182,83.33,597.52,0
2193,90.91,596.46,0
2204,90.91,590.72,0
2215,90.91,580.05,0
2227,83.33,575.33,0
2239,83.33,584.53,0
2250,90.91,594.62,0
2262,83.33,597.17,0
2273,90.91,591.24,0
2284,90.91,585.80,0
2295,90.91,584.99,0
2308,76.92,587.54,0
2319,90.91,593.83,0
2330,90.91,590.39,0
2341,90.91,578.61,0
2353,83.33,577.85,0
2364,90.91,588.20,0
2376,83.33,599.96,0
2387,90.91,599.96,0
2399,83.33,589.61,0
2410,90.91,577.91,0
2421,90.91,573.36,0
2433,83.33,584.76,0
2445,83.33,593.07,0
2456,90.91,596.94,0
2467,90.91,589.27,0
2479,83.33,583.71,0
2490,90.91,580.05,0
2501,90.91,588.27,0
2513,83.33,594.06,0
2525,83.33,588.68,0
2536,90.91,580.99,0
2547,90.91,579.77,0
2558,90.91,584.75,0
2571,83.33,598.71,0
2582,83.33,603.81,0
2593,90.91,589.46,0
2605,83.33,576.46,0
2616,90.91,576.53,0
2627,90.91,584.17,0
2639,90.91,595.72,0
2651,76.92,604.06,0
2662,90.91,594.72,0
2673,90.91,580.58,0
2684,90.91,582.81,0
2696,83.33,590.77,0
2708,90.91,594.29,0
2719,83.33,590.58,0
2731,83.33,583.66,0
2742,90.91,579.23,0
2753,90.91,586.25,0
2764,90.91,603.62,0
2777,76.92,605.06,0
2788,90.91,585.91,0
2799,90.91,575.56,0
2810,90.91,576.78,0
2822,83.33,584.47,0
2833,90.91,597.42,0
2845,83.33,604.26,0
2856,90.91,591.74,0
2868,83.33,575.13,0
2879,90.91,581.79,0
2890,90.91,594.59,0
2902,83.33,593.96,0
2914,83.33,590.58,0
2925,90.91,585.55,0
2936,90.91,577.41,0
2948,83.33,585.89,0
2959,90.91,602.70,0
2970,90.91,600.95,0
2982,83.33,586.24,0
2994,83.33,574.95,0
3005,90.91,571.36,0
3016,90.91,582.34,0
3027,90.91,601.75,0
3039,83.33,599.23,0
3051,83.33,583.35,0
3062,90.91,574.24,0
3074,83.33,581.30,0
3085,90.91,591.32,0
3096,90.91,595.00,0
3107,90.91,591.42,0
3120,76.92,577.11,0
3131,90.91,577.55,0
3142,90.91,590.34,0
3153,90.91,602.95,0
3165,83.33,599.70,0
3176,90.91,587.01,0
3188,83.33,572.28,0
3200,83.33,573.15,0
3211,90.91,592.52,0
3222,90.91,604.45,0
3233,90.91,596.74,0
3245,83.33,582.46,0
3257,83.33,573.12,0
3268,90.91,578.36,0
3279,90.91,591.67,0
3291,83.33,601.62,0
3302,90.91,592.34,0
3313,90.91,574.91,0
3325,83.33,577.48,0
3337,83.33,595.33,0
3348,90.91,606.71,0
3359,90.91,601.66,0
3371,83.33,584.87,0
3382,90.91,571.07,0
3394,83.33,574.72,0
3405,90.91,593.52,0
3417,83.33,608.69,0
3428,90.91,598.66,0
3439,90.91,582.59,0
3450,90.91,574.10,0
3463,76.92,579.06,0
3474,90.91,594.07,0
3485,90.91,599.09,0
3496,90.91,587.23,0
3508,83.33,574.49,0
3520,90.91,577.88,0
3531,83.33,594.80,0
3543,83.33,599.53,0
3554,90.91,597.33,0
3565,90.91,584.30,0
3576,90.91,570.18,0
3589,83.33,574.94,0
3600,83.33,590.77,0
3611,90.91,604.91,0
3622,90.91,596.41,0
3634,83.33,581.79,0
3645,90.91,572.39,0
3657,90.91,577.42,0
3668,83.33,593.91,0
3680,83.33,598.15,0
3691,90.91,587.53,0
3702,90.91,582.09,0
3714,83.33,583.01,0
3726,83.33,592.18,0
3737,90.91,598.75,0
3748,90.91,597.51,0
3760,83.33,583.92,0
3771,90.91,576.69,0
3782,90.91,582.52,0
3794,83.33,595.75,0
3806,83.33,602.06,0
3817,90.91,595.99,0
3828,90.91,584.79,0
3840,83.33,576.60,0
3851,90.91,582.76,0
3863,83.33,592.36,0
3874,90.91,592.67,0
3886,83.33,587.52,0
3897,90.91,584.39,0
3908,90.91,586.38,0
3919,90.91,596.59,0
3932,76.92,601.24,0
3943,90.91,591.97,0
3954,90.91,580.45,0
3965,90.91,576.52,0
3977,83.33,578.99,0
3988,90.91,593.33,0
4000,83.33,597.89,0
4012,83.33,593.67,0
4023,90.91,583.01,0
4034,90.91,578.78,0
4045,90.91,588.55,0
4057,83.33,595.81,0
4069,83.33,590.47,0
4080,90.91,586.31,0
4091,90.91,581.80,0
4103,83.33,582.52,0
4114,90.91,598.78,0
4125,90.91,603.86,0
4137,83.33,588.53,0
4149,83.33,574.34,0
4160,90.91,579.00,0
4171,90.91,582.75,0
4183,83.33,594.26,0
4194,90.91,602.75,0
4206,83.33,591.26,0
4217,90.91,576.23,0
4229,83.33,581.49,0
4240,90.91,591.55,0
4251,90.91,591.19,0
4262,90.91,589.73,0
4275,76.92,586.53,0
4286,90.91,581.17,0
4297,90.91,588.70,0
4308,90.91,601.83,0
4320,83.33,596.42,0
4331,90.91,583.22,0
4343,83.33,576.71,0
4355,83.33,579.20,0
4366,90.91,586.73,0
4377,90.91,598.00,0
4388,90.91,598.27,0
4400,83.33,587.48,0
4412,83.33,578.35,0
4423,90.91,582.64,0
4434,90.91,588.77,0
4446,83.33,592.36,0
4457,90.91,590.07,0
4469,90.91,583.64,0
4481,76.92,583.53,0
4492,90.91,593.23,0
4503,90.91,597.34,0
4514,90.91,595.64,0
4526,83.33,584.04,0
4538,90.91,575.14,0
4549,90.91,578.59,0
4560,90.91,589.66,0
4572,83.33,597.71,0
4583,90.91,596.55,0
4594,90.91,583.21,0
4606,83.33,578.85,0
4618,83.33,584.67,0
4629,90.91,592.16,0
4640,90.91,596.84,0
4652,83.33,588.99,0
4663,90.91,581.17,0
4675,83.33,584.28,0
4686,90.91,592.99,0
4698,83.33,596.72,0
4709,90.91,591.90,0
4720,90.91,581.16,0
4731,90.91,575.66,0
4744,76.92,583.33,0
4755,90.91,597.68,0
4766,90.91,602.06,0
4777,90.91,594.50,0
4789,83.33,584.93,0
4800,90.91,581.64,0
4812,83.33,585.40,0
4824,83.33,592.70,0
4835,90.91,594.01,0
4846,90.91,587.87,0
4857,90.91,580.40,0
4869,83.33,586.28,0
4881,83.33,598.49,0
4892,90.91,598.75,0
4903,90.91,591.14,0
4915,83.33,584.22,0
4926,90.91,577.71,0
4937,90.91,580.99,0
4950,76.92,597.83,0
4961,90.91,603.19,0
4972,90.91,592.04,0
4983,90.91,580.82,0
4995,83.33,581.24,0
5006,90.91,583.79,0
5018,83.33,591.96,0
5029,90.91,595.06,0
5041,83.33,588.82,0
5052,90.91,578.97,0
5063,90.91,586.26,0
5074,90.91,599.28,0
5087,76.92,593.96,0
5098,90.91,589.60,0
5109,90.91,577.74,0
5121,83.33,573.75,0
5132,90.91,582.01,0
5143,90.91,597.31,0
5155,83.33,598.58,0
5167,83.33,589.88,0
5178,90.91,583.61,0
5189,90.91,580.07,0
5200,90.91,583.03,0
5213,83.33,591.94,0
5224,83.33,590.76,0
5235,90.91,583.75,0
5246,90.91,581.59,0
5258,83.33,588.41,0
5269,90.91,595.48,0
5281,90.91,593.06,0
5293,76.92,586.39,0
5304,90.91,578.77,0
5315,90.91,580.04,0
5326,90.91,587.24,0
5338,83.33,596.63,0
5350,90.91,598.74,0
5361,83.33,588.34,0
5372,90.91,582.28,0
5384,83.33,583.68,0
5395,90.91,588.45,0
5406,90.91,590.88,0
5419,90.91,589.97,0
5430,76.92,584.68,0
5441,90.91,583.60,0
5452,90.91,590.63,0
5464,83.33,595.54,0
5475,90.91,593.54,0
5487,83.33,585.53,0
5498,90.91,576.57,0
5510,83.33,580.18,0
5521,90.91,589.96,0
5532,90.91,598.37,0
5543,90.91,597.35,0
5556,76.92,587.14,0
5567,90.91,581.00,0
5578,90.91,583.87,0
5590,83.33,591.15,0
5601,90.91,593.54,0
5612,90.91,588.45,0
5624,83.33,586.78,0
5636,83.33,587.01,0
5647,90.91,593.08,0
5658,90.91,594.45,0
5669,90.91,589.89,0
5681,83.33,586.18,0
5693,83.33,578.24,0
5704,90.91,581.06,0
5715,90.91,593.22,0
5727,83.33,597.15,0
5738,90.91,595.83,0
5749,90.91,584.22,0
5762,76.92,580.07,0
5773,90.91,585.12,0
5784,90.91,588.10,0
5795,90.91,592.73,0
5807,83.33,585.86,0
5818,90.91,583.53,0
5830,83.33,590.28,0
5841,90.91,593.99,0
5853,83.33,595.69,0
5864,90.91,590.56,0
5875,90.91,583.26,0
5886,90.91,578.96,0
5899,76.92,584.20,0
5910,90.91,593.69,0
5921,90.91,597.94,0
5933,83.33,598.60,0
5944,90.91,588.43,0
5955,90.91,584.12,0
5967,83.33,588.06,0
5979,83.33,586.50,0
5990,90.91,590.77,0
6001,90.91,587.70,0
6012,90.91,586.60,0
6024,83.33,590.82,0
6036,83.33,592.36,0
6047,90.91,593.64,0
6059,83.33,591.80,0
6070,90.91,584.82,0
6081,90.91,581.37,0
6092,90.91,586.68,0
6105,76.92,594.27,0
6116,90.91,599.56,0
6127,90.91,595.75,0
6138,90.91,587.34,0
6150,83.33,584.69,0
6161,90.91,587.71,0
6173,83.33,590.68,0
6184,90.91,591.82,0
6196,83.33,587.07,0
6207,90.91,584.82,0
6218,90.91,593.03,0
6231,83.33,592.95,0
6242,83.33,593.47,0
6253,90.91,589.86,0
6264,90.91,580.70,0
6276,83.33,578.72,0
6287,90.91,580.79,0
6299,90.91,590.03,0
6310,83.33,598.54,0
6322,83.33,592.36,0
6333,90.91,586.54,0
6344,90.91,582.18,0
6355,90.91,582.91,0
6368,76.92,591.04,0
6379,90.91,592.00,0
6390,90.91,590.97,0
6402,83.33,586.14,0
6413,90.91,588.67,0
6424,90.91,592.04,0
6436,83.33,591.58,0
6448,83.33,586.65,0
6459,90.91,584.11,0
6470,90.91,581.90,0
6481,90.91,587.24,0
6493,83.33,595.86,0
6505,83.33,599.43,0
6516,90.91,593.44,0
6528,83.33,585.14,0
6539,90.91,580.63,0
6550,90.91,582.34,0
6561,90.91,589.02,0
6574,76.92,590.85,0
6585,90.91,588.47,0
6596,90.91,584.79,0
6607,90.91,591.44,0
6619,83.33,593.70,0
6630,90.91,592.19,0
6642,83.33,586.84,0
6653,90.91,581.83,0
6665,83.33,581.33,0
6676,90.91,589.59,0
6687,90.91,599.05,0
6699,83.33,600.24,0
6711,83.33,591.62,0
6722,90.91,583.85,0
6733,90.91,582.96,0
6745,83.33,585.19,0
6756,90.91,588.51,0
6767,90.91,591.42,0
6779,83.33,585.85,0
6791,83.33,585.88,0
6802,90.91,595.20,0
6813,90.91,595.02,0
6824,90.91,591.01,0
6836,83.33,581.87,0
6848,83.33,579.60,0
6859,90.91,582.82,0
6871,83.33,591.15,0
6882,90.91,597.64,0
6893,90.91,590.40,0
6904,90.91,585.56,0
6917,76.92,582.69,0
6928,90.91,580.67,0
6939,90.91,586.42,0
6950,90.91,591.42,0
6962,83.33,589.37,0
6973,90.91,583.15,0
6985,83.33,585.76,0
6996,90.91,594.24,0
7008,83.33,593.58,0
7019,90.91,589.46,0
7030,90.91,580.82,0
7042,83.33,578.72,0
7054,83.33,582.18,0
7065,90.91,593.47,0
7076,90.91,602.77,0
7088,83.33,596.32,0
7099,90.91,584.87,0
7111,90.91,581.79,0
7122,83.33,585.91,0
7134,83.33,591.40,0
7145,90.91,592.48,0
7156,90.91,593.87,0
7168,83.33,583.26,0
7180,90.91,585.58,0
7191,83.33,595.11,0
7202,90.91,594.26,0
7214,83.33,590.86,0
7225,90.91,585.92,0
7236,90.91,580.60,0
7248,90.91,579.59,0
7260,76.92,590.85,0
7271,90.91,600.81,0
7282,90.91,596.76,0
7293,90.91,585.44,0
7305,83.33,581.98,0
7317,83.33,582.59,0
7328,90.91,587.12,0
7340,83.33,594.24,0
7351,90.91,594.14,0
7362,90.91,581.06,0
7373,90.91,581.53,0
7386,76.92,593.93,0
7397,90.91,596.63,0
7408,90.91,595.02,0
7419,90.91,583.09,0
7431,83.33,574.75,0
7442,90.91,582.67,0
7454,83.33,594.61,0
7465,90.91,604.74,0
7477,83.33,595.63,0
7488,90.91,581.77,0
7499,90.91,577.37,0
7511,83.33,581.42,0
7523,83.33,592.92,0
7534,90.91,598.74,0
7545,90.91,596.20,0
7557,83.33,586.70,0
7568,90.91,584.78,0
7579,90.91,590.51,0
7591,83.33,593.08,0
7603,83.33,589.74,0
7614,90.91,582.36,0
7625,90.91,577.43,0
7636,90.91,583.59,0
7648,83.33,593.53,0
7660,83.33,603.70,0
7671,90.91,594.33,0
7683,83.33,581.83,0
7694,90.91,577.24,0
7705,90.91,581.99,0
7716,90.91,591.82,0
7729,76.92,592.47,0
7740,90.91,592.16,0
7751,90.91,588.72,0
7762,90.91,584.00,0
7774,83.33,588.13,0
7785,90.91,595.54,0
7797,83.33,589.54,0
7809,83.33,580.27,0
7820,90.91,582.24,0
7831,90.91,586.01,0
7842,90.91,592.89,0
7854,83.33,602.21,0
7866,83.33,593.45,0
7877,90.91,582.39,0
7888,90.91,577.38,0
7900,83.33,583.84,0
7911,90.91,591.26,0
7922,90.91,594.88,0
7934,83.33,592.81,0
7946,83.33,589.20,0
7957,90.91,585.10,0
7968,90.91,588.29,0
7980,83.33,592.71,0
7991,90.91,589.94,0
8003,83.33,583.34,0
8014,90.91,579.89,0
8026,83.33,588.08,0
8037,90.91,598.62,0
8048,90.91,597.45,0
8060,90.91,588.69,0
8072,76.92,582.43,0
8083,90.91,577.11,0
8094,90.91,583.58,0
8105,90.91,594.87,0
8117,83.33,595.40,0
8129,90.91,588.37,0
8140,83.33,584.74,0
8152,83.33,590.10,0
8163,90.91,591.13,0
8174,90.91,591.05,0
8185,90.91,591.56,0
8198,83.33,582.25,0
8209,83.33,577.18,0
8220,90.91,589.27,0
8231,90.91,597.21,0
8243,83.33,594.10,0
8254,90.91,586.79,0
8266,83.33,580.74,0
8278,83.33,575.42,0
8289,90.91,585.13,0
8300,90.91,596.29,0
8311,90.91,590.46,0
8323,83.33,585.34,0
8335,83.33,585.89,0
8346,90.91,585.55,0
8357,90.91,591.42,0
8369,83.33,593.55,0
8380,90.91,589.21,0
8391,90.91,578.13,0
8403,83.33,578.43,0
8415,83.33,590.89,0
8426,90.91,599.04,0
8437,90.91,597.28,0
8449,83.33,586.89,0
8460,90.91,580.39,0
8472,83.33,580.07,0
8483,90.91,587.82,0
8495,83.33,595.80,0
8506,90.91,594.20,0
8517,90.91,592.55,0
8528,90.91,590.84,0
8541,76.92,588.05,0
8552,90.91,592.17,0
8563,90.91,589.30,0
8574,90.91,586.47,0
8586,83.33,584.22,0
8597,90.91,586.01,0
8609,83.33,590.19,0
8621,83.33,596.36,0
8632,90.91,594.28,0
8643,90.91,586.46,0
8654,90.91,580.17,0
8666,83.33,581.50,0
8678,83.33,587.50,0
8689,90.91,592.89,0
8700,90.91,593.46,0
8712,83.33,591.48,0
8723,90.91,588.38,0
8734,90.91,587.31,0
8747,76.92,590.54,0
8758,90.91,588.58,0
8769,90.91,585.69,0
8780,90.91,581.23,0
8792,83.33,586.63,0
8803,90.91,596.70,0
8815,83.33,598.47,0
8826,90.91,593.97,0
8838,83.33,582.62,0
8849,90.91,578.03,0
8860,90.91,585.25,0
8871,90.91,588.54,0
8884,76.92,594.02,0
8895,90.91,592.67,0
8906,90.91,588.35,0
8918,83.33,588.83,0
8929,90.91,589.89,0
8940,90.91,592.05,0
8952,83.33,587.79,0
8964,83.33,584.17,0
8975,90.91,585.54,0
8986,90.91,590.11,0
8997,90.91,596.63,0
9009,83.33,598.15,0
9021,83.33,590.25,0
9032,90.91,584.31,0
9043,90.91,579.44,0
9055,83.33,584.68,0
9066,90.91,588.49,0
9078,90.91,592.58,0
9090,76.92,591.46,0
9101,90.91,588.41,0
9112,90.91,588.16,0
9123,90.91,589.23,0
9135,83.33,587.63,0
9147,90.91,586.67,0
9158,83.33,586.63,0
9169,90.91,584.13,0
9181,83.33,587.43,0
9192,90.91,592.16,0
9203,90.91,596.13,0
9216,90.91,588.60,0
9227,76.92,584.90,0
9238,90.91,584.45,0
9249,90.91,580.28,0
9261,83.33,588.41,0
9272,90.91,593.82,0
9284,90.91,588.82,0
9295,83.33,591.78,0
9307,83.33,588.04,0
9318,90.91,587.76,0
9329,90.91,587.34,0
9340,90.91,589.31,0
9353,76.92,585.05,0
9364,90.91,581.18,0
9375,90.91,590.35,0
9387,83.33,595.29,0
9398,90.91,591.55,0
9409,90.91,588.70,0
9421,83.33,583.87,0
9433,83.33,580.32,0
9444,90.91,583.57,0
9455,90.91,596.81,0
9466,90.91,598.04,0
9478,83.33,588.27,0
9490,83.33,586.57,0
9501,90.91,583.00,0
9512,90.91,585.96,0
9524,83.33,586.26,0
9535,90.91,586.27,0
9546,90.91,583.72,0
9559,76.92,580.71,0
9570,90.91,590.80,0
9581,90.91,596.85,0
9592,90.91,592.76,0
9604,83.33,587.62,0
9615,90.91,581.28,0
9627,83.33,580.19,0
9638,90.91,584.63,0
9650,83.33,592.86,0
9661,90.91,596.72,0
9672,90.91,591.50,0
9683,90.91,590.05,0
9696,76.92,591.19,0
9707,90.91,588.76,0
9718,90.91,587.30,0
9730,83.33,589.47,0
9741,90.91,583.11,0
9752,90.91,584.50,0
9764,83.33,591.54,0
9776,83.33,596.66,0
9787,90.91,592.03,0
9798,90.91,589.97,0
9809,90.91,582.12,0
9821,83.33,581.53,0
9833,83.33,587.56,0
9844,90.91,594.65,0
9856,83.33,594.96,0
9867,90.91,592.03,0
9878,90.91,586.94,0
9889,90.91,584.14,0
9902,76.92,586.20,0
9913,90.91,587.71,0
9924,90.91,584.49,0
9935,90.91,584.83,0
9947,83.33,591.62,0
9958,90.91,592.12,0
9970,83.33,595.05,0
9981,90.91,592.76,0
9993,83.33,585.54,0
10004,90.91,579.68,0
10015,90.91,581.56,0
10028,83.33,586.42,0
10039,83.33,591.78,0
10050,90.91,593.21,0
10061,90.91,589.99,0
10073,83.33,587.51,0
10084,90.91,588.40,0
10096,90.91,587.70,0
10107,83.33,584.76,0
10119,83.33,583.41,0
10130,90.91,585.63,0
10141,90.91,588.20,0
10152,90.91,596.29,0
10165,83.33,596.01,0
10176,83.33,589.31,0
10187,90.91,584.11,0
10199,83.33,582.43,0
10210,90.91,586.91,0
10221,90.91,591.08,0
10233,90.91,593.34,0
10245,76.92,590.96,0
10256,90.91,593.57,0
10267,90.91,592.53,0
10278,90.91,590.67,0
10290,83.33,586.08,0
10302,83.33,582.10,0
10313,90.91,581.63,0
10324,90.91,585.92,0
10336,83.33,595.38,0
10347,90.91,597.73,0
10358,90.91,591.02,0
10371,76.92,587.02,0
10382,90.91,584.19,0
10393,90.91,586.61,0
10404,90.91,585.74,0
10416,83.33,586.44,0
10427,90.91,589.72,0
10439,83.33,590.26,0
10450,90.91,591.05,0
10462,83.33,589.54,0
10473,90.91,588.73,0
10484,90.91,583.52,0
10496,83.33,583.73,0
10508,83.33,586.43,0
10519,90.91,588.13,0
10530,90.91,592.37,0
10542,83.33,597.71,0
10553,90.91,590.95,0
10564,90.91,585.98,0
10576,83.33,584.25,0
10588,83.33,585.62,0
10599,90.91,584.58,0
10610,90.91,587.79,0
10621,90.91,591.78,0
10633,83.33,589.40,0
10645,83.33,592.17,0
10656,90.91,592.87,0
10668,83.33,587.45,0
10679,90.91,584.32,0
10690,90.91,582.22,0
10701,90.91,585.52,0
10714,76.92,589.85,0
10725,90.91,594.83,0
10736,90.91,594.17,0
10747,90.91,587.90,0
10759,83.33,588.48,0
10770,90.91,585.16,0
10782,83.33,586.73,0
10793,90.91,589.47,0
10805,83.33,591.16,0
10816,90.91,588.40,0
10827,90.91,588.03,0
10839,83.33,592.45,0
10851,83.33,591.12,0
10862,90.91,586.57,0
10873,90.91,581.13,0
10885,83.33,580.77,0
10896,90.91,586.83,0
10907,90.91,591.37,0
10919,83.33,594.98,0
10931,83.33,592.21,0
10942,90.91,585.89,0
10953,90.91,584.91,0
10964,90.91,586.72,0
10976,83.33,586.23,0
10988,83.33,589.17,0
10999,90.91,591.03,0
11011,83.33,588.70,0
11022,90.91,592.03,0
11033,90.91,590.92,0
11044,90.91,591.56,0
11057,76.92,587.64,0
11068,90.91,581.19,0
11079,90.91,582.85,0
11090,90.91,588.86,0
11102,83.33,592.61,0
11114,90.91,594.97,0
11125,83.33,591.00,0
11137,83.33,586.56,0
11148,90.91,581.98,0
11159,90.91,586.07,0
11170,90.91,589.04,0
11183,83.33,585.98,0
11194,83.33,588.12,0
11205,90.91,589.45,0
11216,90.91,586.51,0
11228,83.33,592.18,0
11239,90.91,594.14,0
11251,90.91,585.93,0
11262,83.33,581.26,0
11274,83.33,585.35,0
11285,90.91,591.26,0
11296,90.91,595.43,0
11308,83.33,601.32,0
11320,90.91,592.74,0
11331,83.33,583.69,0
11342,90.91,581.67,0
11354,83.33,584.94,0
11365,90.91,588.81,0
11376,90.91,590.54,0
11388,90.91,589.04,0
11400,76.92,587.35,0
11411,90.91,587.13,0
11422,90.91,591.01,0
11433,90.91,590.62,0
11445,83.33,584.65,0
11457,83.33,582.60,0
11468,90.91,582.10,0
11480,83.33,591.90,0
11491,90.91,596.25,0
11502,90.91,594.27,0
11513,90.91,588.07,0
11526,76.92,584.73,0
11537,90.91,585.17,0
11548,90.91,589.80,0
11559,90.91,590.60,0
11571,83.33,588.56,0
11582,90.91,588.36,0
11594,83.33,588.31,0
11606,83.33,590.35,0
11617,90.91,590.23,0
11628,90.91,589.16,0
11639,90.91,585.22,0
11651,83.33,579.81,0
11663,83.33,585.04,0
11674,90.91,594.59,0
11685,90.91,597.09,0
11697,83.33,596.53,0
11708,90.91,585.26,0
11719,90.91,581.30,0
11731,83.33,582.81,0
11743,83.33,588.67,0
11754,90.91,593.28,0
11765,90.91,590.76,0
11777,83.33,588.73,0
11788,90.91,588.94,0
11800,83.33,588.95,0
11811,90.91,590.52,0
11823,83.33,584.20,0
11834,90.91,580.56,0
11845,90.91,579.27,0
11856,90.91,584.16,0
11869,76.92,590.44,0
11880,90.91,598.50,0
11891,90.91,595.60,0
11902,90.91,583.86,0
11914,83.33,581.06,0
11925,90.91,583.62,0
11937,83.33,589.03,0
11949,83.33,592.51,0
11960,90.91,591.05,0
11971,90.91,591.13,0
11982,90.91,589.97,0
11994,83.33,592.06,0
12006,83.33,595.65,0
12017,90.91,592.62,0
12028,90.91,584.18,0
12040,83.33,579.14,0
12051,90.91,583.82,0
12062,90.91,594.90,0
12075,76.92,598.05,0
12086,90.91,594.51,0
12097,90.91,586.78,0
12108,90.91,582.06,0
12120,83.33,586.56,0
12131,90.91,588.99,0
12143,83.33,592.18,0
12154,90.91,590.99,0
12166,83.33,585.10,0
12177,90.91,590.15,0
12188,90.91,591.02,0
12200,90.91,587.86,0
12212,76.92,589.93,0
12223,90.91,584.71,0
12234,90.91,580.13,0
12246,83.33,589.65,0
12257,90.91,600.05,0
12269,90.91,594.26,0
12280,83.33,594.91,0
12292,83.33,588.22,0
12303,90.91,579.18,0
12314,90.91,585.19,0
12325,90.91,589.45,0
12338,83.33,591.50,0
12349,83.33,589.14,0
12360,90.91,588.98,0
12371,90.91,587.80,0
12383,83.33,585.90,0
12394,90.91,591.29,0
12406,90.91,591.86,0
12418,76.92,582.24,0
12429,90.91,582.70,0
12440,90.91,588.55,0
12451,90.91,595.17,0
12463,83.33,594.96,0
12475,90.91,589.99,0
12486,83.33,584.56,0
12497,90.91,582.08,0
12509,83.33,585.84,0
12520,90.91,587.84,0
12531,90.91,589.72,0
12544,76.92,587.51,0
12555,90.91,589.96,0
12566,90.91,590.11,0
12577,90.91,587.60,0
12589,83.33,588.68,0
12600,90.91,582.68,0
12612,83.33,579.53,0
12623,90.91,584.06,0
12635,83.33,591.87,0
12646,90.91,598.91,0
12657,90.91,596.86,0
12668,90.91,587.15,0
12681,76.92,582.60,0
12692,90.91,583.64,0
12703,90.91,586.89,0
12715,83.33,589.10,0
12726,90.91,590.34,0
12737,90.91,587.45,0
12749,83.33,591.29,0
12761,83.33,589.67,0
12772,90.91,589.39,0
12783,90.91,589.57,0
12794,90.91,581.38,0
12806,83.33,580.71,0
12818,83.33,583.51,0
12829,90.91,589.23,0
12840,90.91,596.02,0
12852,83.33,591.39,0
12863,90.91,587.20,0
12874,90.91,583.78,0
12887,76.92,583.82,0
12898,90.91,587.77,0
12909,90.91,588.77,0
12920,90.91,590.57,0
12932,83.33,585.03,0
12943,90.91,587.65,0
12955,83.33,594.08,0
12966,90.91,590.99,0
12978,83.33,586.83,0
12989,90.91,581.58,0
13000,90.91,583.33,0
13011,90.91,592.55,0
13024,76.92,593.74,0
13035,90.91,593.59,0
13046,90.91,588.63,0
13058,83.33,586.23,0
13069,90.91,585.62,0
13080,90.91,584.71,0
13092,83.33,588.40,0
13104,83.33,589.14,0
13115,90.91,590.45,0
13126,90.91,591.94,0
13137,90.91,593.47,0
13149,83.33,590.35,0
13161,83.33,585.90,0
13172,90.91,584.84,0
13184,83.33,581.55,0
13195,90.91,582.13,0
13206,90.91,591.18,0
13217,90.91,592.61,0
13230,76.92,593.50,0
13241,90.91,590.62,0
13252,90.91,585.96,0
13263,90.91,583.94,0
13275,83.33,586.10,0
13286,90.91,588.70,0
13298,83.33,587.59,0
13309,90.91,586.83,0
13321,83.33,593.28,0
13332,90.91,591.58,0
13343,90.91,587.43,0
13355,83.33,584.60,0
13367,83.33,582.87,0
13378,90.91,583.81,0
13389,90.91,588.36,0
13401,83.33,591.09,0
13412,90.91,594.48,0
13423,90.91,594.19,0
13435,83.33,587.64,0
13447,83.33,583.73,0
13458,90.91,585.26,0
13469,90.91,586.35,0
13480,90.91,588.89,0
13492,83.33,588.67,0
13504,83.33,587.23,0
13515,90.91,592.08,0
13527,83.33,593.59,0
13538,90.91,593.79,0
13549,90.91,587.24,0
13560,90.91,582.39,0
13573,76.92,584.74,0
13584,90.91,587.88,0
13595,90.91,594.16,0
13606,90.91,594.01,0
13618,83.33,593.21,0
13629,90.91,586.36,0
13641,83.33,583.35,0
13652,90.91,585.95,0
13664,83.33,587.13,0
13675,90.91,588.95,0
13686,90.91,589.02,0
13698,83.33,587.57,0
13710,83.33,594.27,0
13721,90.91,591.81,0
13732,90.91,585.77,0
13744,83.33,583.85,0
13755,90.91,584.74,0
13767,90.91,584.87,0
13778,83.33,586.60,0
13790,83.33,595.10,0
13801,90.91,597.35,0
13812,90.91,589.55,0
13824,83.33,587.70,0
13836,90.91,584.78,0
13847,83.33,583.57,0
13858,90.91,586.09,0
13870,83.33,588.53,0
13881,90.91,589.20,0
13892,90.91,587.91,0
13904,90.91,591.41,0
13916,76.92,588.51,0
13927,90.91,585.86,0
13938,90.91,583.96,0
13949,90.91,585.29,0
13961,83.33,587.93,0
13973,90.91,588.19,0
13984,83.33,596.25,0
13996,83.33,597.79,0
14007,90.91,589.19,0
14018,90.91,590.42,0
14029,90.91,586.59,0
14042,76.92,583.75,0
14053,90.91,587.02,0
14064,90.91,589.61,0
14075,90.91,594.31,0
14087,83.33,593.53,0
14098,90.91,592.08,0
14110,83.33,588.08,0
14121,90.91,582.84,0
14133,83.33,583.53,0
14144,90.91,586.45,0
14155,90.91,587.72,0
14167,83.33,588.77,0
14179,83.33,593.41,0
14190,90.91,597.60,0
14201,90.91,591.93,0
14213,83.33,588.75,0
14224,90.91,585.64,0
14235,90.91,583.44,0
14247,83.33,584.22,0
14259,83.33,588.54,0
14270,90.91,591.93,0
14281,90.91,592.56,0
14292,90.91,590.48,0
14304,83.33,589.23,0
14316,83.33,583.47,0
14327,90.91,584.54,0
14339,83.33,587.99,0
14350,90.91,586.46,0
14361,90.91,592.58,0
14372,90.91,592.28,0
14385,76.92,585.80,0
14396,90.91,586.43,0
14407,90.91,590.06,0
14418,90.91,585.88,0
14430,83.33,588.80,0
14441,90.91,588.60,0
14453,83.33,580.50,0
14465,83.33,594.01,0
14476,90.91,599.81,0
14487,90.91,592.56,0
14498,90.91,591.24,0
14510,83.33,584.94,0
14522,83.33,575.82,0
14533,90.91,581.65,0
14544,90.91,592.74,0
14556,83.33,595.88,0
14567,90.91,592.97,0
14578,90.91,590.42,0
14590,83.33,585.77,0
14602,83.33,585.30,0
14613,90.91,590.90,0
14624,90.91,590.38,0
14636,83.33,586.29,0
14647,90.91,585.44,0
14659,83.33,587.81,0
14670,90.91,596.07,0
14682,83.33,596.28,0
14693,90.91,589.51,0
14704,90.91,581.72,0
14715,90.91,578.24,0
14728,76.92,581.33,0
14739,90.91,592.86,0
14750,90.91,597.90,0
14761,90.91,590.56,0
14773,83.33,583.44,0
14784,90.91,583.38,0
14796,83.33,583.57,0
14808,83.33,592.60,0
14819,90.91,593.26,0
14830,90.91,584.10,0
14841,90.91,581.98,0
14853,83.33,587.66,0
14865,83.33,596.04,0
14876,90.91,594.63,0
14887,90.91,591.33,0
14899,83.33,580.09,0
14910,90.91,575.50,0
14921,90.91,582.03,0
14934,76.92,596.80,0
14945,90.91,602.08,0
14956,90.91,594.27,0
14967,90.91,584.62,0
14979,83.33,583.38,0
14990,90.91,583.73,0
15002,83.33,592.57,0
15013,90.91,591.83,0
15025,83.33,585.39,0
15036,90.91,580.97,0
15047,90.91,583.43,0
15059,90.91,596.73,0
15071,76.92,594.72,0
15082,90.91,591.71,0
15093,90.91,582.46,0
15105,83.33,575.65,0
15116,90.91,584.26,0
15128,90.91,596.23,0
15139,83.33,600.43,0
15151,83.33,595.45,0
15162,90.91,583.37,0
15173,90.91,578.63,0
15184,90.91,585.40,0
15197,83.33,593.35,0
15208,83.33,590.47,0
15219,90.91,583.51,0
15230,90.91,582.69,0
15242,83.33,587.85,0
15253,90.91,597.28,0
15265,90.91,598.97,0
15277,76.92,587.37,0
15288,90.91,576.77,0
15299,90.91,576.79,0
15310,90.91,586.67,0
15322,83.33,599.07,0
15334,90.91,601.38,0
15345,83.33,591.91,0
15356,90.91,580.88,0
15368,83.33,579.59,0
15379,90.91,585.30,0
15390,90.91,595.19,0
15403,76.92,594.70,0
15414,90.91,586.73,0
15425,90.91,582.80,0
15436,90.91,590.34,0
15448,83.33,595.18,0
15459,90.91,596.93,0
15471,83.33,588.79,0
15482,90.91,578.34,0
15494,83.33,575.29,0
15505,90.91,587.83,0
15516,90.91,599.40,0
15527,90.91,598.55,0
15540,76.92,591.00,0
15551,90.91,578.83,0
15562,90.91,579.17,0
15574,83.33,587.15,0
15585,90.91,595.70,0
15596,90.91,592.08,0
15608,83.33,585.83,0
15620,83.33,580.76,0
15631,90.91,591.17,0
15642,90.91,596.14,0
15653,90.91,596.07,0
15665,83.33,590.83,0
15677,83.33,574.68,0
15688,90.91,573.31,0
15699,90.91,591.50,0
15711,83.33,593.71,0
15722,90.91,596.36,0
15733,90.91,596.79,0
15746,76.92,575.99,0
15757,90.91,571.94,0
15768,90.91,590.37,0
15779,90.91,593.30,0
15791,83.33,589.22,0
15802,90.91,589.57,0
15814,83.33,582.96,0
15825,90.91,583.26,0
15837,83.33,593.96,0
15848,90.91,597.04,0
15859,90.91,586.50,0
15870,90.91,577.38,0
15883,76.92,576.52,0
15894,90.91,586.11,0
15905,90.91,596.85,0
15917,83.33,605.89,0
15928,90.91,590.32,0
15939,90.91,580.98,0
15951,83.33,580.13,0
15963,83.33,582.85,0
15974,90.91,594.57,0
15985,90.91,596.97,0
15996,90.91,587.21,0
16008,83.33,585.95,0
16020,83.33,586.75,0
16031,90.91,594.06,0
16043,83.33,598.08,0
16054,90.91,590.89,0
16065,90.91,578.35,0
16076,90.91,576.62,0
16089,76.92,586.06,0
16100,90.91,593.84,0
16111,90.91,599.31,0
16122,90.91,590.97,0
16134,83.33,581.43,0
16145,90.91,577.54,0
16157,83.33,582.98,0
16168,90.91,593.87,0
16180,83.33,599.26,0
16191,90.91,591.51,0
16202,90.91,586.98,0
16214,83.33,588.09,0
16226,83.33,591.82,0
16237,90.91,595.80,0
16248,90.91,591.66,0
16260,83.33,582.11,0
16271,90.91,578.91,0
16282,90.91,585.53,0
16294,83.33,596.93,0
16306,83.33,600.21,0
16317,90.91,594.47,0
16328,90.91,583.96,0
16339,90.91,579.02,0
16352,83.33,586.01,0
16363,83.33,594.04,0
16374,90.91,595.28,0
16386,83.33,590.71,0
16397,90.91,587.41,0
16408,90.91,584.48,0
16420,90.91,589.10,0
16432,76.92,593.67,0
16443,90.91,591.68,0
16454,90.91,586.46,0
16465,90.91,585.01,0
16477,83.33,588.70,0
16489,90.91,597.54,0
16500,83.33,597.70,0
16512,83.33,592.38,0
16523,90.91,582.03,0
16534,90.91,576.12,0
16545,90.91,587.16,0
16558,83.33,590.08,0
16569,83.33,587.44,0
16580,90.91,594.29,0
16591,90.91,587.14,0
16603,83.33,581.00,0
16614,90.91,597.74,0
16626,90.91,592.25,0
16637,83.33,579.73,0
16649,83.33,586.64,0
16660,90.91,586.56,0
16671,90.91,583.27,0
16683,83.33,598.53,0
16695,83.33,598.94,0
16706,90.91,583.11,0
16717,90.91,578.83,0
16729,83.33,586.97,0
16740,90.91,587.17,0
16751,90.91,591.08,0
16763,83.33,595.02,0
16775,83.33,588.72,0
16786,90.91,584.26,0
16797,90.91,591.01,0
16808,90.91,595.41,0
16820,83.33,588.54,0
16832,83.33,586.55,0
16843,90.91,584.24,0
16855,83.33,581.98,0
16866,90.91,593.72,0
16877,90.91,599.10,0
16888,90.91,593.87,0
16901,76.92,585.30,0
16912,90.91,579.77,0
16923,90.91,587.61,0
16934,90.91,590.21,0
16946,83.33,592.77,0
16957,90.91,592.50,0
16969,83.33,588.94,0
16980,90.91,584.66,0
16992,83.33,585.99,0
17003,90.91,590.13,0
17014,90.91,589.74,0
17026,83.33,588.35,0
17038,83.33,585.26,0
17049,90.91,586.76,0
17060,90.91,593.19,0
17072,83.33,599.09,0
17083,90.91,592.38,0
17094,90.91,585.39,0
17106,83.33,580.19,0
17118,83.33,582.81,0
17129,90.91,591.69,0
17140,90.91,599.15,0
17152,83.33,596.06,0
17163,90.91,587.74,0
17175,83.33,587.24,0
17186,90.91,589.99,0
17198,83.33,588.68,0
17209,90.91,593.79,0
17220,90.91,589.34,0
17231,90.91,574.98,0
17244,76.92,586.21,0
17255,90.91,598.47,0
17266,90.91,595.82,0
17277,90.91,593.76,0
17289,83.33,590.22,0
17300,90.91,574.62,0
17312,83.33,581.71,0
17324,83.33,597.29,0
17335,90.91,594.20,0
17346,90.91,591.51,0
17357,90.91,591.16,0
17369,83.33,582.08,0
17381,83.33,583.19,0
17392,90.91,589.06,0
17403,90.91,593.57,0
17415,83.33,588.00,0
17426,90.91,582.26,0
17437,90.91,589.16,0
17449,83.33,594.44,0
17461,83.33,595.32,0
17472,90.91,591.97,0
17483,90.91,581.51,0
17495,83.33,576.34,0
17506,90.91,580.24,0
17518,83.33,588.65,0
17529,90.91,597.58,0
17541,83.33,596.11,0
17552,90.91,587.35,0
17563,90.91,582.97,0
17574,90.91,583.31,0
17587,76.92,587.06,0
17598,90.91,592.45,0
17609,90.91,586.07,0
17620,90.91,584.89,0
17632,83.33,589.01,0
17644,90.91,594.51,0
17655,83.33,596.15,0
17667,83.33,593.42,0
17678,90.91,583.89,0
17689,90.91,577.78,0
17700,90.91,581.10,0
17713,83.33,586.12,0
17724,83.33,594.45,0
17735,90.91,593.19,0
17746,90.91,585.99,0
17758,83.33,582.46,0
17769,90.91,585.29,0
17781,90.91,590.93,0
17793,76.92,589.26,0
17804,90.91,584.59,0
17815,90.91,585.47,0
17826,90.91,586.33,0
17838,83.33,592.75,0
17850,90.91,594.99,0
17861,83.33,592.91,0
17872,90.91,584.73,0
17884,83.33,578.69,0
17895,90.91,583.10,0
17906,90.91,590.35,0
17918,83.33,593.53,0
17930,83.33,597.28,0
17941,90.91,591.80,0
17952,90.91,584.33,0
17964,83.33,585.18,0
17975,90.91,588.27,0
17987,83.33,585.78,0
17998,90.91,587.21,0
18010,83.33,588.00,0
18021,90.91,587.34,0
18032,90.91,593.55,0
18043,90.91,595.02,0
18056,76.92,587.58,0
18067,90.91,582.67,0
18078,90.91,585.21,0
18089,90.91,585.41,0
18101,83.33,591.69,0
18112,90.91,597.62,0
18124,83.33,597.09,0
18136,83.33,585.51,0
18147,90.91,581.06,0
18158,90.91,586.14,0
18169,90.91,586.07,0
18181,83.33,586.37,0
18193,83.33,585.88,0
18204,90.91,586.71,0
18215,90.91,589.48,0
18227,83.33,592.20,0
18238,90.91,593.46,0
18249,90.91,588.09,0
18262,76.92,583.14,0
18273,90.91,583.79,0
18284,90.91,584.94,0
18295,90.91,592.19,0
18307,83.33,590.70,0
18318,90.91,594.47,0
18330,83.33,589.85,0
18341,90.91,584.31,0
18353,83.33,588.81,0
18364,90.91,591.85,0
18375,90.91,584.08,0
18386,90.91,583.65,0
18399,76.92,592.70,0
18410,90.91,589.26,0
18421,90.91,592.45,0
18433,83.33,595.75,0
18444,90.91,585.23,0
18455,90.91,581.48,0
18467,83.33,585.95,0
18479,83.33,586.34,0
18490,90.91,589.31,0
18501,90.91,595.72,0
18512,90.91,592.77,0
18524,83.33,584.50,0
18536,83.33,584.64,0
18547,90.91,586.13,0
18558,90.91,586.76,0
18570,83.33,585.80,0
18581,90.91,589.52,0
18592,90.91,590.27,0
18605,76.92,588.84,0
18616,90.91,588.15,0
18627,90.91,586.78,0
18638,90.91,586.24,0
18650,83.33,584.62,0
18661,90.91,583.37,0
18673,83.33,588.89,0
18684,90.91,592.23,0
18696,83.33,595.59,0
18707,90.91,596.93,0
18718,90.91,587.61,0
18729,90.91,584.85,0
18742,76.92,583.67,0
18753,90.91,586.24,0
18764,90.91,589.61,0
18776,83.33,592.21,0
18787,90.91,591.53,0
18798,90.91,591.65,0
18810,83.33,588.85,0
18822,83.33,588.78,0
18833,90.91,590.52,0
18844,90.91,588.52,0
18855,90.91,579.07,0
18867,83.33,586.60,0
18879,83.33,593.34,0
18890,90.91,591.42,0
18902,83.33,594.60,0
18913,90.91,588.54,0
18924,90.91,577.99,0
18936,90.91,582.52,0
18948,76.92,587.97,0
18959,90.91,584.44,0
18970,90.91,589.61,0
18981,90.91,594.05,0
18993,83.33,588.53,0
19005,90.91,588.30,0
19016,83.33,590.14,0
19027,90.91,584.62,0
19039,83.33,583.47,0
19050,90.91,585.05,0
19061,90.91,588.07,0
19074,83.33,590.61,0
19085,83.33,594.08,0
19096,90.91,590.11,0
19107,90.91,585.59,0
19119,83.33,588.47,0
19130,90.91,583.49,0
19142,90.91,581.72,0
19153,83.33,589.38,0
19165,83.33,591.84,0
19176,90.91,592.53,0
19187,90.91,594.09,0
19198,90.91,588.40,0
19211,83.33,584.68,0
19222,83.33,588.52,0
19233,90.91,590.67,0
19245,83.33,586.72,0
19256,90.91,588.83,0
19267,90.91,594.16,0
19279,83.33,597.61,0
19291,83.33,591.86,0
19302,90.91,585.95,0
19313,90.91,587.54,0
19324,90.91,585.95,0
19336,83.33,583.09,0
19348,83.33,594.01,0
19359,90.91,593.48,0
19371,83.33,589.90,0
19382,90.91,593.66,0
19393,90.91,589.52,0
19404,90.91,581.92,0
19417,76.92,583.19,0
19428,90.91,585.96,0
19439,90.91,583.24,0
19450,90.91,585.15,0
19462,83.33,592.86,0
19473,90.91,593.33,0
19485,83.33,586.10,0
19496,90.91,582.71,0
19508,83.33,584.82,0
19519,90.91,584.17,0
19530,90.91,584.68,0
19542,83.33,591.47,0
19554,83.33,591.06,0
19565,90.91,587.71,0
19576,90.91,588.43,0
19588,83.33,592.38,0
19599,90.91,587.13,0
19610,90.91,584.39,0
19622,83.33,593.64,0
19634,83.33,589.74,0
19645,90.91,588.56,0
19656,90.91,602.66,0
19667,90.91,594.27,0
19679,83.33,582.41,0
19691,83.33,591.92,0
19702,90.91,587.07,0
19714,83.33,584.22,0
19725,90.91,588.15,0
19736,90.91,592.65,0
19747,90.91,588.60,0
19760,76.92,593.00,0
19771,90.91,592.42,0
19782,90.91,589.14,0
19793,90.91,587.38,0
19805,83.33,585.25,0
19816,90.91,583.06,0
19828,83.33,589.00,0
19840,83.33,593.36,0
19851,90.91,592.24,0
19862,90.91,589.50,0
19873,90.91,587.51,0
19885,83.33,584.15,0
19897,83.33,584.10,0
19908,90.91,586.15,0
19919,90.91,585.49,0
19931,83.33,589.46,0
19942,90.91,592.67,0
19953,90.91,591.90,0
19965,83.33,589.15,0
19977,83.33,584.84,0
19988,90.91,583.80,0
19999,90.91,584.42,0
20011,83.33,587.27,0
20022,90.91,590.49,0
20034,83.33,591.36,0
20045,90.91,590.89,0
20057,83.33,586.42,0
20068,90.91,589.12,0
20079,90.91,585.50,0
20090,90.91,584.84,0
20103,76.92,588.09,0
20114,90.91,585.83,0
20125,90.91,587.92,0
20136,90.91,598.10,0
20148,83.33,595.17,0
20159,90.91,590.19,0
20171,83.33,588.18,0
20183,83.33,585.24,0
20194,90.91,582.27,0
20205,90.91,588.34,0
20216,90.91,595.17,0
20228,83.33,593.24,0
20240,83.33,587.51,0
20251,90.91,585.06,0
20262,90.91,585.47,0
20274,83.33,585.93,0
20285,90.91,586.22,0
20296,90.91,585.95,0
20308,83.33,583.88,0
20320,83.33,589.81,0
20331,90.91,595.20,0
20342,90.91,591.50,0
20354,83.33,588.79,0
20366,90.91,586.63,0
20377,83.33,579.48,0
20388,90.91,583.52,0
20400,83.33,591.21,0
20411,90.91,589.02,0
20422,90.91,590.79,0
20434,90.91,591.16,0
20446,76.92,583.74,0
20457,90.91,585.37,0
20468,90.91,587.45,0
20480,83.33,585.28,0
20491,90.91,586.33,0
20503,90.91,588.85,0
20514,83.33,587.56,0
20526,83.33,590.67,0
20537,90.91,592.90,0
20548,90.91,587.95,0
20559,90.91,582.69,0
20572,83.33,582.10,0
20583,83.33,586.69,0
20594,90.91,588.02,0
20605,90.91,594.90,0
20617,83.33,594.55,0
20628,90.91,589.36,0
20640,90.91,591.10,0
20652,76.92,590.65,0
20663,90.91,586.89,0
20674,90.91,585.72,0
20685,90.91,583.84,0
20697,83.33,588.71,0
20709,83.33,592.39,0
20720,90.91,593.73,0
20731,90.91,591.89,0
20743,83.33,589.26,0
20754,90.91,584.26,0
20765,90.91,582.81,0
20777,83.33,587.56,0
20789,83.33,590.58,0
20800,90.91,593.07,0
20811,90.91,596.27,0
20823,83.33,588.27,0
20834,90.91,584.69,0
20846,83.33,586.05,0
20857,90.91,588.30,0
20869,83.33,585.75,0
20880,90.91,587.79,0
20891,90.91,584.72,0
20902,90.91,585.55,0
20915,76.92,594.58,0
20926,90.91,591.70,0
20937,90.91,585.42,0
20948,90.91,581.06,0
20960,83.33,578.88,0
20971,90.91,580.94,0
20983,83.33,593.50,0
20995,83.33,598.71,0
21006,90.91,591.49,0
21017,90.91,586.48,0
21028,90.91,584.91,0
21040,83.33,588.65,0
21052,83.33,592.00,0
21063,90.91,590.95,0
21074,90.91,588.53,0
21086,83.33,587.64,0
21097,90.91,588.13,0
21108,90.91,592.91,0
21121,76.92,597.37,0
21132,90.91,591.15,0
21143,90.91,583.07,0
21154,90.91,582.73,0
21166,83.33,584.05,0
21177,90.91,591.44,0
21189,83.33,597.76,0
21200,90.91,593.11,0
21212,83.33,587.30,0
21223,90.91,585.94,0
21234,90.91,582.43,0
21245,90.91,584.21,0
21258,76.92,589.21,0
21269,90.91,588.20,0
21280,90.91,587.45,0
21292,83.33,590.24,0
21303,90.91,593.40,0
21314,90.91,592.44,0
21326,83.33,590.55,0
21338,83.33,584.75,0
21349,90.91,576.88,0
21360,90.91,583.23,0
21371,90.91,591.17,0
21383,83.33,594.05,0
21395,83.33,595.10,0
21406,90.91,590.38,0
21417,90.91,583.20,0
21429,83.33,580.51,0
21440,90.91,589.59,0
21451,90.91,593.75,0
21464,76.92,589.96,0
21475,90.91,589.44,0
21486,90.91,591.80,0
21497,90.91,591.92,0
21509,83.33,588.96,0
21520,90.91,592.89,0
21532,83.33,586.78,0
21543,90.91,577.07,0
21555,83.33,588.34,0
21566,90.91,593.33,0
21577,90.91,592.55,0
21590,90.91,593.24,0
21601,76.92,589.41,0
21612,90.91,583.24,0
21623,90.91,580.72,0
21635,83.33,584.79,0
21646,90.91,585.79,0
21658,90.91,589.25,0
21669,83.33,595.38,0
21681,83.33,593.62,0
21692,90.91,588.79,0
21703,90.91,587.88,0
21714,90.91,583.82,0
21727,83.33,582.23,0
21738,83.33,581.83,0
21749,90.91,586.43,0
21761,83.33,589.36,0
21772,90.91,592.69,0
21783,90.91,592.59,0
21795,90.91,589.19,0
21807,76.92,588.00,0
21818,90.91,584.81,0
21829,90.91,584.86,0
21840,90.91,582.87,0
21852,83.33,587.78,0
21864,83.33,593.09,0
21875,90.91,591.64,0
21886,90.91,590.33,0
21898,83.33,588.79,0
21909,90.91,585.05,0
21920,90.91,584.65,0
21933,76.92,588.20,0
21944,90.91,591.21,0
21955,90.91,587.74,0
21966,90.91,592.31,0
21978,83.33,589.62,0
21989,90.91,583.98,0
22001,83.33,583.84,0
22012,90.91,584.81,0
22024,83.33,584.13,0
22035,90.91,586.72,0
22046,90.91,590.61,0
22057,90.91,591.84,0
22070,76.92,587.99,0
22081,90.91,588.03,0
22092,90.91,587.42,0
22104,83.33,584.86,0
22115,90.91,582.91,0
22126,90.91,585.52,0
22138,83.33,589.87,0
22150,83.33,594.28,0
22161,90.91,594.45,0
22172,90.91,589.01,0
22183,90.91,583.13,0
22195,83.33,581.22,0
22207,83.33,583.86,0
22218,90.91,585.01,0
22230,83.33,586.91,0
22241,90.91,591.24,0
22252,90.91,589.79,0
22263,90.91,589.50,0
22276,76.92,592.14,0
22287,90.91,587.23,0
22298,90.91,584.84,0
22309,90.91,586.86,0
22321,83.33,582.96,0
22332,90.91,585.16,0
22344,83.33,595.47,0
22355,90.91,596.72,0
22367,83.33,586.44,0
22378,90.91,581.87,0
22389,90.91,582.76,0
22401,83.33,582.28,0
22413,83.33,585.54,0
22424,90.91,596.08,0
22435,90.91,591.97,0
22447,83.33,587.95,0
22458,90.91,589.25,0
22469,90.91,586.45,0
22481,83.33,586.99,0
22493,83.33,587.79,0
22504,90.91,585.85,0
22515,90.91,584.85,0
22526,90.91,587.19,0
22538,83.33,593.84,0
22550,83.33,593.72,0
22561,90.91,588.52,0
22573,83.33,586.38,0
22584,90.91,580.86,0
22595,90.91,583.33,0
22606,90.91,589.33,0
22619,76.92,592.18,0
22630,90.91,591.45,0
22641,90.91,593.72,0
22652,90.91,590.67,0
22664,83.33,585.71,0
22675,90.91,585.25,0
22687,83.33,589.32,0
22699,83.33,588.17,0
22710,90.91,587.66,0
22721,90.91,591.07,0
22732,90.91,591.64,0
22745,83.33,590.69,0
22756,83.33,587.42,0
22767,90.91,586.23,0
22778,90.91,584.53,0
22790,83.33,585.78,0
22801,90.91,591.42,0
22813,90.91,591.27,0
22824,83.33,589.45,0
22836,83.33,593.29,0
22847,90.91,589.56,0
22858,90.91,584.20,0
22870,83.33,584.74,0
22882,90.91,585.73,0
22893,83.33,585.92,0
22904,90.91,588.37,0
22916,83.33,591.92,0
22927,90.91,593.33,0
22938,90.91,593.26,0
22950,90.91,590.56,0
22962,76.92,583.50,0
22973,90.91,579.30,0
22984,90.91,586.22,0
22995,90.91,588.64,0
23007,83.33,590.01,0
23019,90.91,593.89,0
23030,83.33,590.16,0
23042,83.33,587.12,0
23053,90.91,589.58,0
23064,90.91,588.36,0
23075,90.91,586.93,0
23088,76.92,588.05,0
23099,90.91,590.84,0
23110,90.91,592.85,0
23121,90.91,593.32,0
23133,83.33,592.82,0
23144,90.91,584.46,0
23156,83.33,581.12,0
23168,83.33,584.82,0
23179,90.91,584.83,0
23190,90.91,586.40,0
23201,90.91,590.62,0
23213,83.33,592.80,0
23225,83.33,588.68,0
23236,90.91,585.93,0
23247,90.91,583.74,0
23259,83.33,582.49,0
23270,90.91,586.39,0
23281,90.91,586.72,0
23293,83.33,587.65,0
23305,83.33,589.15,0
23316,90.91,592.31,0
23327,90.91,591.69,0
23339,83.33,587.70,0
23350,90.91,582.80,0
23362,83.33,584.81,0
23373,90.91,586.98,0
23385,83.33,588.59,0
23396,90.91,589.79,0
23407,90.91,590.23,0
23418,90.91,587.82,0
23431,76.92,587.89,0
23442,90.91,586.25,0
23453,90.91,584.41,0
23464,90.91,585.90,0
23476,83.33,587.15,0
23487,90.91,588.12,0
23499,83.33,593.61,0
23511,83.33,595.66,0
23522,90.91,589.65,0
23533,90.91,584.67,0
23544,90.91,581.90,0
23556,83.33,583.40,0
23568,83.33,586.03,0
23579,90.91,592.06,0
23590,90.91,592.80,0
23602,83.33,591.40,0
23613,90.91,588.60,0
23624,90.91,588.44,0
23636,83.33,586.09,0
23648,83.33,585.31,0
23659,90.91,589.35,0
23670,90.91,590.24,0
23682,83.33,592.36,0
23693,90.91,592.60,0
23705,83.33,591.92,0
23716,90.91,590.84,0
23728,83.33,586.20,0
23739,90.91,582.63,0
23750,90.91,583.29,0
23761,90.91,585.13,0
23774,76.92,591.58,0
23785,90.91,592.27,0
23796,90.91,593.13,0
23808,83.33,588.40,0
23819,90.91,583.74,0
23830,90.91,584.10,0
23842,83.33,585.17,0
23854,83.33,588.42,0
23865,90.91,588.48,0
23876,90.91,591.24,0
23887,90.91,591.56,0
23900,83.33,588.34,0
23911,83.33,589.80,0
23922,90.91,588.09,0
23933,90.91,585.98,0
23945,83.33,586.16,0
23956,90.91,586.35,0
23968,90.91,590.01,0
23980,76.92,593.12,0
23991,90.91,594.66,0
24002,90.91,590.56,0
24013,90.91,584.43,0
24025,83.33,584.59,0
24037,90.91,584.45,0
24048,83.33,586.68,0
24059,90.91,593.82,0
24071,83.33,596.02,0
24082,90.91,594.57,0
24093,90.91,586.29,0
24105,83.33,585.76,0
24117,83.33,586.40,0
24128,90.91,585.83,0
24139,90.91,588.07,0
24151,83.33,587.84,0
24162,90.91,587.05,0
24174,83.33,593.36,0
24185,90.91,592.96,0
24197,83.33,586.91,0
24208,90.91,584.30,0
24219,90.91,582.69,0
24230,90.91,580.79,0
24243,76.92,585.50,0
24254,90.91,591.94,0
24265,90.91,589.24,0
24276,90.91,587.55,0
24288,83.33,586.46,0
24299,90.91,586.42,0
24311,83.33,581.99,0
24323,83.33,585.39,0
24334,90.91,588.23,0
24345,90.91,588.17,0
24356,90.91,589.55,0
24368,83.33,594.53,0
24380,83.33,590.80,0
24391,90.91,590.34,0
24402,90.91,588.44,0
24414,83.33,585.02,0
24425,90.91,582.62,0
24436,90.91,585.87,0
24449,76.92,591.87,0
24460,90.91,592.36,0
24471,90.91,592.26,0
24482,90.91,585.16,0
24494,83.33,581.95,0
24505,90.91,581.64,0
24517,83.33,584.91,0
24528,90.91,589.74,0
24540,83.33,589.35,0
24551,90.91,593.65,0
24562,90.91,592.91,0
24573,90.91,588.11,0
24586,76.92,589.03,0
24597,90.91,589.30,0
24608,90.91,585.51,0
24620,83.33,584.43,0
24631,90.91,588.29,0
24642,90.91,589.93,0
24654,83.33,591.33,0
24666,83.33,589.70,0
24677,90.91,585.73,0
24688,90.91,583.78,0
24699,90.91,587.22,0
24711,83.33,586.07,0
24723,83.33,587.11,0
24734,90.91,588.47,0
24745,90.91,593.72,0
24757,83.33,591.66,0
24768,90.91,585.24,0
24779,90.91,587.87,0
24792,76.92,584.34,0
24803,90.91,586.48,0
24814,90.91,589.13,0
24825,90.91,591.11,0
24837,83.33,588.70,0
24848,90.91,590.57,0
24860,83.33,592.32,0
24871,90.91,591.00,0
24883,83.33,585.42,0
24894,90.91,584.11,0
24905,90.91,582.75,0
24916,90.91,586.76,0
24929,76.92,589.04,0
24940,90.91,593.48,0
24951,90.91,594.00,0
24963,83.33,589.62,0
24974,90.91,590.33,0
24986,90.91,586.01,0
24997,83.33,586.52,0
25009,83.33,589.75,0
25020,90.91,593.47,0
25031,90.91,589.71,0
25042,90.91,593.10,0
25055,83.33,591.81,0
25066,83.33,587.96,0
25077,90.91,586.17,0
25089,83.33,582.52,0
25100,90.91,583.60,0
25111,90.91,587.69,0
25123,90.91,592.10,0
25135,76.92,595.11,0
25146,90.91,592.14,0
25157,90.91,589.55,0
25168,90.91,585.40,0
25180,83.33,580.54,0
25192,90.91,585.03,0
25203,90.91,588.32,0
25214,90.91,588.62,0
25226,83.33,591.63,0
25237,90.91,592.87,0
25248,90.91,586.48,0
25261,76.92,588.87,0
25272,90.91,586.49,0
25283,90.91,583.02,0
25294,90.91,584.15,0
25306,83.33,587.63,0
25317,90.91,590.19,0
25329,83.33,591.85,0
25340,90.91,592.01,0
25352,83.33,590.46,0
25363,90.91,585.84,0
25374,90.91,585.54,0
25385,90.91,586.16,0
25398,76.92,587.15,0
25409,90.91,591.45,0
25420,90.91,592.35,0
25432,83.33,590.14,0
25443,90.91,589.14,0
25454,90.91,590.23,0
25466,83.33,585.14,0
25478,83.33,582.90,0
25489,90.91,587.05,0
25500,90.91,589.59,0
25511,90.91,588.08,0
25523,83.33,592.62,0
25535,83.33,590.99,0
25546,90.91,584.54,0
25558,83.33,583.60,0
25569,90.91,587.46,0
25580,90.91,585.91,0
25591,90.91,587.66,0
25604,76.92,592.05,0
25615,90.91,590.55,0
25626,90.91,588.46,0
25637,90.91,589.73,0
25649,83.33,586.80,0
25660,90.91,584.92,0
25672,83.33,584.51,0
25683,90.91,588.32,0
25695,83.33,590.43,0
25706,90.91,589.05,0
25717,90.91,594.80,0
25729,83.33,585.99,0
25741,83.33,584.39,0
25752,90.91,589.01,0
25763,90.91,585.80,0
25775,83.33,586.83,0
25786,90.91,591.58,0
25797,90.91,591.44,0
25809,83.33,590.91,0
25821,83.33,590.23,0
25832,90.91,590.34,0
25843,90.91,583.57,0
25854,90.91,581.80,0
25866,83.33,584.03,0
25878,83.33,586.12,0
25889,90.91,591.25,0
25901,83.33,594.37,0
25912,90.91,594.10,0
25923,90.91,587.52,0
25934,90.91,585.59,0
25947,76.92,587.78,0
25958,90.91,585.51,0
25969,90.91,589.47,0
25980,90.91,592.09,0
25992,83.33,589.78,0
26003,90.91,590.99,0
26015,83.33,592.52,0
26027,83.33,590.59,0
26038,90.91,583.31,0
26049,90.91,585.08,0
26060,90.91,587.41,0
26072,83.33,586.96,0
26084,83.33,593.49,0
26095,90.91,595.16,0
26106,90.91,590.53,0
26118,83.33,586.84,0
26129,90.91,585.36,0
26140,90.91,585.02,0
26152,83.33,587.31,0
26164,83.33,590.36,0
26175,90.91,590.38,0
26186,90.91,589.81,0
26198,83.33,595.10,0
26210,90.91,591.90,0
26221,83.33,587.23,0
26232,90.91,586.86,0
26244,83.33,584.44,0
26255,90.91,584.66,0
26266,90.91,589.46,0
26278,90.91,595.10,0
26290,76.92,597.34,0
26301,90.91,591.13,0
26312,90.91,590.76,0
26323,90.91,584.06,0
26335,83.33,583.42,0
26347,90.91,589.85,0
26358,83.33,589.70,0
26370,83.33,588.75,0
26381,90.91,592.42,0
26392,90.91,596.60,0
26403,90.91,591.09,0
26416,83.33,585.86,0
26427,83.33,586.31,0
26438,90.91,585.07,0
26449,90.91,586.41,0
26461,83.33,589.02,0
26472,90.91,590.42,0
26484,83.33,590.25,0
26496,83.33,587.71,0
26507,90.91,586.69,0
26518,90.91,583.95,0
26529,90.91,584.40,0
26541,83.33,587.75,0
26553,83.33,588.52,0
26564,90.91,589.01,0
26575,90.91,592.21,0
26587,83.33,591.38,0
26598,90.91,588.19,0
26609,90.91,586.70,0
26621,83.33,583.94,0
26633,83.33,585.43,0
26644,90.91,587.86,0
26655,90.91,591.74,0
26667,83.33,592.52,0
26678,90.91,593.27,0
26690,83.33,589.55,0
26701,90.91,585.66,0
26713,83.33,587.16,0
26724,90.91,586.18,0
26735,90.91,587.67,0
26746,90.91,590.88,0
26759,76.92,588.31,0
26770,90.91,591.36,0
26781,90.91,589.63,0
26792,90.91,590.18,0
26804,83.33,590.58,0
26815,90.91,586.00,0
26827,83.33,586.42,0
26839,83.33,588.63,0
26850,90.91,593.00,0
26861,90.91,594.33,0
26872,90.91,593.51,0
26884,83.33,589.78,0
26896,83.33,584.23,0
26907,90.91,584.59,0
26918,90.91,586.84,0
26930,83.33,589.42,0
26941,90.91,590.62,0
26952,90.91,588.89,0
26964,83.33,591.94,0
26976,83.33,587.06,0
26987,90.91,587.77,0
26998,90.91,585.30,0
27010,83.33,581.05,0
27021,90.91,582.37,0
27033,83.33,588.06,0
27044,90.91,591.09,0
27056,83.33,594.24,0
27067,90.91,589.46,0
27078,90.91,582.68,0
27089,90.91,580.52,0
27102,76.92,584.04,0
27113,90.91,588.86,0
27124,90.91,591.14,0
27136,83.33,592.09,0
27147,90.91,591.35,0
27158,90.91,588.78,0
27170,83.33,588.58,0
27182,83.33,590.13,0
27193,90.91,587.64,0
27204,90.91,585.91,0
27215,90.91,583.72,0
27227,83.33,585.67,0
27239,83.33,590.45,0
27250,90.91,595.89,0
27261,90.91,590.42,0
27273,83.33,584.72,0
27284,90.91,584.23,0
27295,90.91,585.23,0
27308,76.92,587.89,0
27319,90.91,590.17,0
27330,90.91,593.11,0
27341,90.91,592.61,0
27353,83.33,591.55,0
27365,90.91,590.98,0
27376,83.33,591.22,0
27387,90.91,584.93,0
27399,83.33,583.29,0
27410,90.91,583.21,0
27421,90.91,585.23,0
27433,90.91,593.30,0
27445,76.92,596.90,0
27456,90.91,591.04,0
27467,90.91,585.07,0
27479,83.33,580.88,0
27490,90.91,581.01,0
27502,90.91,585.90,0
27513,83.33,592.36,0
27525,83.33,591.75,0
27536,90.91,589.44,0
27547,90.91,589.52,0
27558,90.91,588.41,0
27571,83.33,584.75,0
27582,83.33,584.39,0
27593,90.91,585.43,0
27604,90.91,583.74,0
27616,83.33,586.96,0
27627,90.91,592.30,0
27639,83.33,591.55,0
27651,83.33,590.66,0
27662,90.91,589.28,0
27673,90.91,584.10,0
27684,90.91,585.96,0
27696,83.33,587.77,0
27708,83.33,591.55,0
27719,90.91,592.09,0
27730,90.91,592.73,0
27742,83.33,590.79,0
27753,90.91,590.37,0
27764,90.91,587.67,0
27777,76.92,585.34,0
27788,90.91,582.61,0
27799,90.91,585.42,0
27810,90.91,591.19,0
27822,83.33,591.25,0
27833,90.91,590.56,0
27845,83.33,591.64,0
27856,90.91,589.89,0
27868,83.33,586.45,0
27879,90.91,587.06,0
27890,90.91,591.08,0
27901,90.91,589.37,0
27914,76.92,590.95,0
27925,90.91,594.24,0
27936,90.91,589.21,0
27948,83.33,585.02,0
27959,90.91,584.76,0
27970,90.91,585.22,0
27982,83.33,583.19,0
27994,83.33,586.43,0
28005,90.91,594.30,0
28016,90.91,593.43,0
28027,90.91,592.73,0
28039,83.33,588.21,0
28051,83.33,583.08,0
28062,90.91,581.82,0
28073,90.91,583.63,0
28085,83.33,591.11,0
28096,90.91,588.15,0
28107,90.91,591.69,0
28120,76.92,594.39,0
28131,90.91,588.71,0
28142,90.91,591.15,0
28153,90.91,588.49,0
28165,83.33,584.66,0
28176,90.91,581.77,0
28188,83.33,585.00,0
28199,90.91,593.06,0
28211,83.33,593.12,0
28222,90.91,593.38,0
28233,90.91,588.19,0
28244,90.91,580.67,0
28257,76.92,583.01,0
28268,90.91,586.53,0
28279,90.91,589.15,0
28291,83.33,590.89,0
28302,90.91,591.59,0
28313,90.91,590.15,0
28325,83.33,586.42,0
28337,83.33,591.24,0
28348,90.91,589.74,0
28359,90.91,583.77,0
28370,90.91,582.79,0
28382,83.33,589.16,0
28394,83.33,592.01,0
28405,90.91,596.68,0
28417,83.33,594.98,0
28428,90.91,588.89,0
28439,90.91,584.41,0
28451,90.91,583.71,0
28463,76.92,587.55,0
28474,90.91,591.38,0
28485,90.91,591.74,0
28496,90.91,592.47,0
28508,83.33,588.72,0
28520,90.91,588.35,0
28531,83.33,589.87,0
28542,90.91,586.89,0
28554,83.33,586.87,0
28565,90.91,583.97,0
28576,90.91,587.00,0
28589,83.33,587.95,0
28600,83.33,592.19,0
28611,90.91,592.04,0
28622,90.91,585.32,0
28634,83.33,579.99,0
28645,90.91,580.34,0
28657,90.91,583.78,0
28668,83.33,590.09,0
28680,83.33,592.12,0
28691,90.91,590.28,0
28702,90.91,587.20,0
28713,90.91,586.04,0
28726,76.92,586.90,0
28737,90.91,585.71,0
28748,90.91,586.22,0
28760,83.33,584.35,0
28771,90.91,585.93,0
28782,90.91,595.29,0
28794,83.33,597.21,0
28806,83.33,590.33,0
28817,90.91,587.68,0
28828,90.91,586.03,0
28839,90.91,586.11,0
28851,83.33,587.81,0
28863,83.33,596.56,0
28874,90.91,594.17,0
28886,83.33,587.14,0
28897,90.91,587.85,0
28908,90.91,588.67,0
28919,90.91,585.42,0
28932,76.92,587.40,0
28943,90.91,588.65,0
28954,90.91,588.29,0
28965,90.91,591.00,0
28977,83.33,595.62,0
28988,90.91,594.76,0
29000,83.33,588.82,0
29011,90.91,586.22,0
29023,83.33,582.11,0
29034,90.91,584.01,0
29045,90.91,587.57,0
29057,83.33,591.64,0
29069,83.33,591.47,0
29080,90.91,588.98,0
29091,90.91,586.82,0
29103,83.33,585.74,0
29114,90.91,586.99,0
29125,90.91,588.69,0
29137,83.33,587.03,0
29149,83.33,587.46,0
29160,90.91,589.10,0
29171,90.91,592.32,0
29182,90.91,591.68,0
29194,83.33,590.22,0
29206,83.33,585.47,0
29217,90.91,580.23,0
29229,83.33,585.88,0
29240,90.91,592.30,0
29251,90.91,593.66,0
29262,90.91,593.59,0
29275,76.92,593.21,0
29286,90.91,587.22,0
29297,90.91,586.31,0
29308,90.91,590.27,0
29320,83.33,587.21,0
29331,90.91,583.48,0
29343,83.33,588.87,0
29355,83.33,594.83,0
29366,90.91,595.77,0
29377,90.91,593.29,0
29388,90.91,589.44,0
29400,83.33,582.27,0
29412,83.33,583.35,0
29423,90.91,591.16,0
29434,90.91,593.67,0
29446,83.33,592.81,0
29457,90.91,591.75,0
29468,90.91,593.62,0
29480,83.33,588.43,0
29492,83.33,589.67,0
29503,90.91,588.12,0
29514,90.91,585.74,0
29526,83.33,584.38,0
29538,90.91,587.42,0
29549,83.33,592.12,0
29560,90.91,592.90,0
29572,83.33,590.28,0
29583,90.91,587.57,0
29594,90.91,582.65,0
29606,90.91,585.12,0
29618,76.92,588.43,0
29629,90.91,591.11,0
29640,90.91,593.80,0
29651,90.91,592.70,0
29663,83.33,590.38,0
29675,90.91,586.52,0
29686,83.33,589.67,0
29698,83.33,590.10,0
29709,90.91,583.66,0
29720,90.91,584.11,0
29731,90.91,592.16,0
29744,76.92,595.16,0
29755,90.91,595.22,0
29766,90.91,591.80,0
29777,90.91,589.04,0
29789,83.33,581.21,0
29800,90.91,583.07,0
29812,83.33,587.51,0
29824,83.33,592.34,0
29835,90.91,592.04,0
29846,90.91,593.55,0
29857,90.91,586.57,0
29869,83.33,585.45,0
29881,83.33,586.72,0
29892,90.91,584.95,0
29903,90.91,583.61,0
29915,83.33,584.74,0
29926,90.91,589.00,0
29937,90.91,590.77,0
29949,83.33,591.71,0
29961,83.33,589.91,0
29972,90.91,584.90,0
29983,90.91,582.08,0
29995,83.33,584.93,0
30006,90.91,588.51,0
30018,83.33,590.15,0
30029,90.91,593.24,0
30041,83.33,593.03,0
30052,90.91,587.21,0
30063,90.91,588.84,0
30074,90.91,590.58,0
30087,76.92,584.37,0
30098,90.91,584.94,0
30109,90.91,588.02,0
30120,90.91,592.16,0
30132,83.33,596.95,0
30143,90.91,595.49,0
30155,83.33,586.86,0
30167,83.33,584.83,0
30178,90.91,585.57,0
30189,90.91,585.61,0
30200,90.91,586.99,0
30212,83.33,590.54,0
30224,83.33,591.80,0
30235,90.91,588.83,0
30246,90.91,587.91,0
30258,83.33,589.99,0
30269,90.91,584.00,0
30280,90.91,584.22,0
30292,83.33,587.30,0
30304,83.33,589.75,0
30315,90.91,591.64,0
30326,90.91,595.18,0
30338,83.33,590.86,0
30349,90.91,585.35,0
30361,83.33,582.24,0
30372,90.91,584.81,0
30384,83.33,584.64,0
30395,90.91,589.28,0
30406,90.91,591.30,0
30417,90.91,591.20,0
30430,76.92,591.72,0
30441,90.91,589.51,0
30452,90.91,585.11,0
30464,83.33,582.20,0
30475,90.91,585.59,0
30486,90.91,587.92,0
30498,83.33,593.04,0
30510,83.33,592.95,0
30521,90.91,592.19,0
30532,90.91,589.94,0
30543,90.91,585.90,0
30555,83.33,584.50,0
30567,83.33,585.94,0
30578,90.91,588.90,0
30589,90.91,587.52,0
30601,83.33,586.60,0
30612,90.91,590.26,0
30623,90.91,589.39,0
30636,76.92,586.59,0
30647,90.91,588.90,0
30658,90.91,586.33,0
30669,90.91,585.31,0
30681,83.33,587.19,0
30693,90.91,589.42,0
30704,83.33,590.14,0
30715,90.91,592.21,0
30727,83.33,590.10,0
30738,90.91,585.64,0
30749,90.91,585.11,0
30761,90.91,588.15,0
30773,76.92,586.21,0
30784,90.91,586.19,0
30795,90.91,591.48,0
30807,83.33,592.13,0
30818,90.91,590.02,0
30830,90.91,587.65,0
30841,83.33,587.21,0
30853,83.33,584.38,0
30864,90.91,580.43,0
30875,90.91,588.09,0
30886,90.91,594.52,0
30899,83.33,594.11,0
30910,90.91,591.51,0
30921,90.91,587.32,0
30932,90.91,584.01,0
30944,83.33,582.55,0
30955,90.91,587.39,0
30967,83.33,588.74,0
30979,83.33,588.95,0
30990,90.91,590.40,0
31001,90.91,591.79,0
31012,90.91,592.01,0
31024,83.33,592.21,0
31036,83.33,588.42,0
31047,90.91,584.22,0
31058,90.91,583.23,0
31070,83.33,587.81,0
31081,90.91,593.24,0
31092,90.91,596.08,0
31105,76.92,595.52,0
31116,90.91,589.21,0
31127,90.91,588.98,0
31138,90.91,583.84,0
31150,83.33,586.05,0
31161,90.91,589.37,0
31173,83.33,591.54,0
31184,90.91,591.86,0
31196,83.33,589.38,0
31207,90.91,588.34,0
31218,90.91,587.55,0
31229,90.91,586.86,0
31242,76.92,586.93,0
31253,90.91,584.09,0
31264,90.91,585.73,0
31276,83.33,586.40,0
31287,90.91,592.11,0
31298,90.91,593.07,0
31310,83.33,586.13,0
31322,83.33,583.54,0
31333,90.91,584.54,0
31344,90.91,584.00,0
31355,90.91,587.36,0
31367,83.33,592.69,0
31379,83.33,594.02,0
31390,90.91,589.86,0
31401,90.91,589.55,0
31413,83.33,588.13,0
31424,90.91,582.46,0
31435,90.91,584.28,0
31448,76.92,585.68,0
31459,90.91,588.13,0
31470,90.91,590.11,0
31481,90.91,591.52,0
31493,83.33,589.59,0
31504,90.91,585.27,0
31516,83.33,582.52,0
31527,90.91,581.66,0
31539,83.33,586.36,0
31550,90.91,589.44,0
31561,90.91,590.79,0
31572,90.91,594.04,0
31585,76.92,592.98,0
31596,90.91,588.43,0
31607,90.91,583.34,0
31619,83.33,582.97,0
31630,90.91,585.74,0
31641,90.91,585.06,0
31653,83.33,587.88,0
31665,83.33,590.56,0
31676,90.91,593.53,0
31687,90.91,588.46,0
31698,90.91,585.86,0
31710,83.33,587.02,0
31722,83.33,582.50,0
31733,90.91,583.35,0
31745,83.33,588.37,0
31756,90.91,592.23,0
31767,90.91,596.56,0
31779,90.91,592.90,0
31791,76.92,586.40,0
31802,90.91,583.66,0
31813,90.91,582.67,0
31824,90.91,585.90,0
31836,83.33,588.39,0
31848,90.91,590.37,0
31859,83.33,591.42,0
31870,90.91,592.41,0
31882,83.33,588.77,0
31893,90.91,584.71,0
31904,90.91,584.56,0
31917,83.33,585.97,0
31928,83.33,585.95,0
31939,90.91,590.52,0
31950,90.91,590.83,0
31962,83.33,590.77,0
31973,90.91,590.66,0
31985,90.91,587.50,0
31996,83.33,585.14,0
32008,83.33,583.43,0
32019,90.91,583.70,0
32030,90.91,587.32,0
32041,90.91,591.44,0
32054,76.92,595.79,0
32065,90.91,590.88,0
32076,90.91,588.75,0
32088,83.33,584.76,0
32099,90.91,580.74,0
32110,90.91,585.00,0
32122,83.33,588.03,0
32134,83.33,590.16,0
32145,90.91,589.14,0
32156,90.91,590.92,0
32167,90.91,589.78,0
32179,83.33,587.86,0
32191,83.33,586.57,0
32202,90.91,584.30,0
32214,83.33,584.55,0
32225,90.91,586.62,0
32236,90.91,592.18,0
32247,90.91,593.87,0
32260,76.92,593.75,0
32271,90.91,589.63,0
32282,90.91,587.57,0
32293,90.91,583.06,0
32305,83.33,583.82,0
32316,90.91,590.11,0
32328,83.33,593.27,0
32339,90.91,593.66,0
32351,83.33,589.33,0
32362,90.91,587.89,0
32373,90.91,585.91,0
32385,83.33,583.98,0
32397,83.33,585.39,0
32408,90.91,585.92,0
32419,90.91,585.02,0
32431,83.33,588.50,0
32442,90.91,592.03,0
32453,90.91,589.44,0
32465,83.33,588.84,0
32477,83.33,589.30,0
32488,90.91,585.63,0
32499,90.91,583.78,0
32510,90.91,588.81,0
32522,83.33,589.36,0
32534,83.33,594.13,0
32545,90.91,595.80,0
32557,83.33,589.85,0
32568,90.91,585.59,0
32579,90.91,584.57,0
32590,90.91,584.25,0
32603,76.92,584.35,0
32614,90.91,590.99,0
32625,90.91,593.36,0
32636,90.91,591.37,0
32648,83.33,590.55,0
32659,90.91,590.70,0
32671,83.33,584.30,0
32683,83.33,583.71,0
32694,90.91,585.41,0
32705,90.91,587.08,0
32716,90.91,591.00,0
32728,83.33,593.37,0
32740,83.33,592.38,0
32751,90.91,586.20,0
32762,90.91,582.43,0
32774,83.33,584.02,0
32785,90.91,586.91,0
32796,90.91,587.43,0
32808,83.33,590.48,0
32820,83.33,590.10,0
32831,90.91,588.98,0
32842,90.91,589.02,0
32854,83.33,590.30,0
32865,90.91,586.56,0
32877,83.33,584.70,0
32888,90.91,584.43,0
32900,83.33,585.45,0
32911,90.91,593.32,0
32922,90.91,594.11,0
32934,90.91,591.16,0
32946,76.92,586.17,0
32957,90.91,584.26,0
32968,90.91,583.16,0
32979,90.91,584.16,0
32991,83.33,590.89,0
33003,90.91,590.09,0
33014,83.33,590.56,0
33026,83.33,591.91,0
33037,90.91,589.86,0
33048,90.91,585.38,0
33059,90.91,585.61,0
33072,83.33,583.83,0
33083,83.33,582.61,0
33094,90.91,586.20,0
33105,90.91,592.62,0
33117,83.33,592.79,0
33128,90.91,589.39,0
33140,90.91,588.51,0
33152,83.33,586.65,0
33163,90.91,584.11,0
33174,90.91,584.68,0
33185,90.91,592.31,0
33197,83.33,592.42,0
33209,83.33,590.92,0
33220,90.91,592.72,0
33231,90.91,587.12,0
33243,83.33,586.50,0
33254,90.91,586.25,0
33265,90.91,585.92,0
33277,83.33,586.34,0
33289,83.33,589.40,0
33300,90.91,593.45,0
33311,90.91,592.95,0
33323,83.33,585.88,0
33334,90.91,583.96,0
33346,83.33,584.18,0
33357,90.91,584.27,0
33369,83.33,585.07,0
33380,90.91,590.11,0
33391,90.91,588.07,0
33402,90.91,588.82,0
33415,76.92,593.99,0
33426,90.91,588.04,0
33437,90.91,586.55,0
33448,90.91,584.74,0
33460,83.33,584.10,0
33471,90.91,584.27,0
33483,83.33,589.92,0
33495,83.33,593.13,0
33506,90.91,591.67,0
33517,90.91,587.99,0
33528,90.91,584.39,0
33540,83.33,585.01,0
33552,83.33,585.44,0
33563,90.91,588.86,0
33574,90.91,591.04,0
33586,83.33,587.15,0
33597,90.91,591.66,0
33608,90.91,593.14,0
33620,83.33,591.10,0
33632,83.33,585.84,0
33643,90.91,582.71,0
33654,90.91,583.60,0
33666,83.33,586.52,0
33677,90.91,593.35,0
33689,83.33,597.07,0
33700,90.91,592.24,0
33712,83.33,586.39,0
33723,90.91,581.73,0
33734,90.91,582.51,0
33745,90.91,586.86,0
33758,76.92,592.70,0
33769,90.91,590.71,0
33780,90.91,588.98,0
33792,83.33,590.77,0
33803,90.91,588.14,0
33814,90.91,587.55,0
33826,83.33,587.06,0
33838,83.33,585.42,0
33849,90.91,583.77,0
33860,90.91,586.12,0
33871,90.91,592.22,0
33883,83.33,599.15,0
33895,83.33,593.09,0
33906,90.91,588.66,0
33917,90.91,584.67,0
33929,83.33,582.40,0
33940,90.91,585.60,0
33951,90.91,589.95,0
33964,76.92,593.19,0
33975,90.91,592.72,0
33986,90.91,593.19,0
33997,90.91,590.03,0
34009,83.33,586.73,0
34020,90.91,589.97,0
34032,83.33,586.08,0
34043,90.91,582.21,0
34055,83.33,588.91,0
34066,90.91,591.38,0
34077,90.91,591.03,0
34089,90.91,591.36,0
34101,76.92,589.09,0
34112,90.91,585.00,0
34123,90.91,585.45,0
34135,83.33,587.67,0
34146,90.91,589.79,0
34158,90.91,590.23,0
34169,83.33,590.79,0
34181,83.33,589.92,0
34192,90.91,586.71,0
34203,90.91,585.10,0
34214,90.91,586.77,0
34227,83.33,585.55,0
34238,83.33,586.66,0
34249,90.91,587.76,0
34260,90.91,590.65,0
34272,83.33,594.07,0
34283,90.91,592.66,0
34295,90.91,589.59,0
34307,83.33,584.83,0
34318,90.91,581.09,0
34329,90.91,582.47,0
34340,90.91,590.04,0
34352,83.33,594.60,0
34364,83.33,594.18,0
34375,90.91,588.69,0
34386,90.91,585.55,0
34398,83.33,584.49,0
34409,90.91,583.54,0
34420,90.91,585.09,0
34433,76.92,586.08,0
34444,90.91,584.80,0
34455,90.91,592.86,0
34466,90.91,595.91,0
34478,83.33,584.56,0
34489,90.91,587.13,0
34501,83.33,588.68,0
34512,90.91,581.00,0
34524,83.33,587.63,0
34535,90.91,595.47,0
34546,90.91,584.46,0
34557,90.91,590.77,0
34570,76.92,599.29,0
34581,90.91,588.64,0
34592,90.91,586.76,0
34604,83.33,587.75,0
34615,90.91,582.27,0
34626,90.91,589.54,0
34638,83.33,595.15,0
34650,83.33,591.44,0
34661,90.91,588.86,0
34672,90.91,587.33,0
34683,90.91,586.15,0
34695,83.33,584.46,0
34707,83.33,590.74,0
34718,90.91,587.84,0
34729,90.91,584.59,0
34741,83.33,589.99,0
34752,90.91,589.02,0
34763,90.91,590.10,0
34776,76.92,591.16,0
34787,90.91,583.07,0
34798,90.91,577.71,0
34809,90.91,583.79,0
34821,83.33,590.73,0
34832,90.91,591.66,0
34844,83.33,596.41,0
34855,90.91,590.74,0
34867,83.33,580.69,0
34878,90.91,582.71,0
34889,90.91,586.00,0
34900,90.91,590.20,0
34913,76.92,587.08,0
34924,90.91,584.86,0
34935,90.91,588.44,0
34947,83.33,588.22,0
34958,90.91,591.75,0
34969,90.91,596.61,0
34981,83.33,583.90,0
34993,83.33,575.77,0
35004,90.91,582.65,0
35015,90.91,594.83,0
35026,90.91,593.94,0
35038,83.33,593.58,0
35050,83.33,589.65,0
35061,90.91,581.76,0
35073,83.33,583.76,0
35084,90.91,589.20,0
35095,90.91,589.99,0
35106,90.91,590.90,0
35119,76.92,587.18,0
35130,90.91,586.10,0
35141,90.91,589.62,0
35152,90.91,595.36,0
35164,83.33,592.97,0
35175,90.91,584.85,0
35187,83.33,581.87,0
35198,90.91,582.17,0
35210,83.33,591.14,0
35221,90.91,597.28,0
35232,90.91,592.54,0
35245,83.33,587.51,0
35256,83.33,583.23,0
35267,90.91,583.32,0
35278,90.91,584.49,0
35290,83.33,587.19,0
35301,90.91,589.58,0
35313,90.91,585.65,0
35324,83.33,588.90,0
35336,83.33,591.24,0
35347,90.91,592.87,0
35358,90.91,589.84,0
35369,90.91,583.62,0
35382,83.33,582.20,0
35393,90.91,584.91,0
35404,90.91,591.78,0
35416,83.33,596.43,0
35427,90.91,591.90,0
35438,90.91,586.52,0
35450,83.33,582.97,0
35462,83.33,582.13,0
35473,90.91,585.01,0
35484,90.91,586.08,0
35495,90.91,590.81,0
35507,83.33,589.79,0
35519,83.33,589.71,0
35530,90.91,592.05,0
35542,83.33,594.32,0
35553,90.91,592.48,0
35564,90.91,583.22,0
35575,90.91,581.03,0
35588,76.92,585.93,0
35599,90.91,590.78,0
35610,90.91,598.54,0
35621,90.91,592.96,0
35633,83.33,586.01,0
35644,90.91,584.08,0
35656,83.33,584.93,0
35667,90.91,585.35,0
35679,83.33,585.29,0
35690,90.91,585.99,0
35701,90.91,585.01,0
35713,83.33,591.94,0
35725,83.33,591.75,0
35736,90.91,585.11,0
35747,90.91,590.33,0
35759,83.33,586.68,0
35770,90.91,576.31,0
35781,90.91,590.50,0
35793,83.33,594.95,0
35805,83.33,591.07,0
35816,90.91,592.16,0
35827,90.91,588.56,0
35838,90.91,581.37,0
35850,83.33,585.24,0
35862,83.33,588.48,0
35873,90.91,584.80,0
35885,83.33,591.22,0
35896,90.91,591.22,0
35907,90.91,588.76,0
35918,90.91,590.92,0
35931,76.92,587.11,0
35942,90.91,584.56,0
35953,90.91,587.65,0
35964,90.91,587.45,0
35976,83.33,589.06,0
35987,90.91,588.72,0
35999,83.33,596.06,0
36011,83.33,591.24,0
36022,90.91,588.10,0
36033,90.91,586.78,0
36044,90.91,581.06,0
36056,83.33,581.78,0
36068,83.33,588.75,0
36079,90.91,588.83,0
36090,90.91,591.72,0
36102,83.33,594.98,0
36113,90.91,589.60,0
36124,90.91,584.87,0
36136,83.33,586.82,0
36148,83.33,586.97,0
36159,90.91,588.40,0
36170,90.91,590.51,0
36182,83.33,587.38,0
36193,90.91,592.82,0
36205,83.33,590.57,0
36216,90.91,587.24,0
36228,83.33,586.16,0
36239,90.91,582.70,0
36250,90.91,583.27,0
36261,90.91,587.66,0
36274,76.92,591.95,0
36285,90.91,595.14,0
36296,90.91,593.29,0
36307,90.91,585.16,0
36319,83.33,584.15,0
36330,90.91,585.97,0
36342,83.33,587.74,0
36354,83.33,588.45,0
36365,90.91,591.43,0
36376,90.91,588.30,0
36387,90.91,589.48,0
36400,83.33,590.88,0
36411,83.33,590.49,0
36422,90.91,585.61,0
36433,90.91,580.36,0
36445,83.33,582.64,0
36456,90.91,586.90,0
36468,90.91,593.19,0
36480,76.92,597.35,0
36491,90.91,588.42,0
36502,90.91,582.77,0
36513,90.91,579.82,0
36525,83.33,582.75,0
36537,90.91,586.58,0
36548,90.91,590.44,0
36559,90.91,592.19,0
36571,83.33,589.97,0
36582,90.91,590.33,0
36593,90.91,588.97,0
36605,83.33,590.96,0
36617,83.33,586.09,0
36628,90.91,581.68,0
36639,90.91,584.58,0
36651,83.33,588.04,0
36662,90.91,595.99,0
36674,83.33,595.50,0
36685,90.91,589.06,0
36697,83.33,589.15,0
36708,90.91,581.74,0
36719,90.91,579.83,0
36730,90.91,592.94,0
36743,76.92,593.03,0
36754,90.91,584.24,0
36765,90.91,592.27,0
36776,90.91,589.72,0
36788,83.33,580.25,0
36799,90.91,593.87,0
36811,83.33,592.21,0
36823,83.33,577.43,0
36834,90.91,587.95,0
36845,90.91,592.64,0
36856,90.91,591.09,0
36868,83.33,596.75,0
36880,83.33,592.31,0
36891,90.91,584.73,0
36902,90.91,582.18,0
36914,83.33,588.43,0
36925,90.91,589.22,0
36936,90.91,591.34,0
36948,83.33,592.47,0
36960,83.33,589.81,0
36971,90.91,584.69,0
36982,90.91,587.61,0
36994,83.33,589.33,0
37005,90.91,586.42,0
37017,83.33,583.90,0
37028,90.91,584.76,0
37040,83.33,589.89,0
37051,90.91,595.85,0
37062,90.91,592.04,0
37073,90.91,588.29,0
37086,76.92,585.62,0
37097,90.91,580.43,0
37108,90.91,588.33,0
37120,83.33,592.03,0
37131,90.91,590.64,0
37142,90.91,593.02,0
37154,83.33,587.81,0
37166,83.33,583.08,0
37177,90.91,587.71,0
37188,90.91,585.28,0
37199,90.91,582.10,0
37211,83.33,584.32,0
37223,83.33,587.68,0
37234,90.91,589.33,0
37245,90.91,592.91,0
37257,83.33,593.07,0
37268,90.91,587.11,0
37279,90.91,583.37,0
37292,76.92,583.49,0
37303,90.91,586.48,0
37314,90.91,590.87,0
37325,90.91,594.43,0
37337,83.33,591.64,0
37348,90.91,586.07,0
37360,83.33,586.98,0
37371,90.91,585.35,0
37383,83.33,585.38,0
37394,90.91,588.73,0
37405,90.91,588.67,0
37416,90.91,586.74,0
37429,76.92,587.65,0
37440,90.91,595.14,0
37451,90.91,594.03,0
37463,83.33,587.86,0
37474,90.91,583.33,0
37485,90.91,580.35,0
37497,83.33,584.77,0
37509,83.33,586.14,0
37520,90.91,596.06,0
37531,90.91,598.80,0
37542,90.91,583.56,0
37554,83.33,589.42,0
37566,83.33,592.27,0
37577,90.91,580.63,0
37588,90.91,585.18,0
37600,83.33,589.18,0
37611,90.91,583.64,0
37622,90.91,587.03,0
37635,76.92,594.94,0
37646,90.91,589.59,0
37657,90.91,588.30,0
37668,90.91,585.67,0
37680,83.33,577.69,0
37691,90.91,580.68,0
37703,83.33,593.62,0
37714,90.91,596.71,0
37726,83.33,592.90,0
37737,90.91,589.74,0
37748,90.91,589.64,0
37761,83.33,584.72,0
37772,83.33,583.46,0
37783,90.91,588.07,0
37794,90.91,585.90,0
37806,83.33,592.59,0
37817,90.91,593.48,0
37829,90.91,591.28,0
37840,83.33,594.25,0
37852,83.33,590.04,0
37863,90.91,585.14,0
37874,90.91,584.85,0
37885,90.91,587.46,0
37898,83.33,589.95,0
37909,83.33,590.92,0
37920,90.91,595.01,0
37932,83.33,591.72,0
37943,90.91,589.46,0
37954,90.91,583.29,0
37966,83.33,586.76,0
37978,83.33,590.04,0
37989,90.91,585.14,0
38000,90.91,589.10,0
38011,90.91,594.19,0
38023,83.33,592.38,0
38035,83.33,591.26,0
38046,90.91,588.37,0
38057,90.91,585.38,0
38069,83.33,581.74,0
38080,90.91,583.24,0
38091,90.91,588.79,0
38104,76.92,588.48,0
38115,90.91,592.41,0
38126,90.91,593.74,0
38137,90.91,586.97,0
38149,83.33,583.96,0
38160,90.91,585.51,0
38172,83.33,585.57,0
38183,90.91,591.20,0
38195,83.33,592.98,0
38206,90.91,593.79,0
38217,90.91,592.69,0
38228,90.91,589.49,0
38241,76.92,588.51,0
38252,90.91,585.41,0
38263,90.91,582.63,0
38275,83.33,585.15,0
38286,90.91,596.22,0
38297,90.91,593.29,0
38309,83.33,594.47,0
38321,83.33,591.09,0
38332,90.91,581.18,0
38343,90.91,584.55,0
38354,90.91,587.62,0
38366,83.33,590.76,0
38378,83.33,589.54,0
38389,90.91,590.16,0
38401,83.33,593.41,0
38412,90.91,588.35,0
38423,90.91,589.12,0
38434,90.91,584.75,0
38447,76.92,582.59,0
38458,90.91,584.65,0
38469,90.91,585.25,0
38480,90.91,592.55,0
38492,83.33,592.92,0
38503,90.91,593.95,0
38515,83.33,586.84,0
38526,90.91,582.27,0
38538,83.33,586.15,0
38549,90.91,584.47,0
38560,90.91,586.61,0
38572,83.33,589.01,0
38584,83.33,589.32,0
38595,90.91,593.22,0
38606,90.91,590.46,0
38618,83.33,592.12,0
38629,90.91,588.35,0
38640,90.91,584.31,0
38652,83.33,584.48,0
38664,83.33,587.45,0
38675,90.91,593.00,0
38686,90.91,594.91,0
38697,90.91,592.08,0
38709,83.33,583.27,0
38721,83.33,583.61,0
38732,90.91,583.66,0
38744,83.33,583.94,0
38755,90.91,588.36,0
38766,90.91,589.11,0
38777,90.91,587.23,0
38790,76.92,590.97,0
38801,90.91,591.18,0
38812,90.91,588.72,0
38823,90.91,587.64,0
38835,83.33,581.43,0
38847,90.91,577.81,0
38858,83.33,584.88,0
38870,83.33,593.04,0
38881,90.91,597.85,0
38892,90.91,591.81,0
38903,90.91,584.92,0
38916,83.33,583.94,0
38927,83.33,584.85,0
38938,90.91,589.31,0
38949,90.91,594.35,0
38961,83.33,589.36,0
38972,90.91,589.81,0
38984,90.91,593.19,0
38995,83.33,590.49,0
39007,83.33,590.53,0
39018,90.91,585.68,0
39029,90.91,584.46,0
39041,83.33,585.86,0
39053,83.33,590.12,0
39064,90.91,598.32,0
39075,90.91,595.76,0
39087,83.33,588.71,0
39098,90.91,587.16,0
39109,90.91,579.55,0
39121,83.33,582.71,0
39133,83.33,589.12,0
39144,90.91,592.52,0
39155,90.91,584.31,0
39166,90.91,589.11,0
39178,83.33,588.88,0
39190,83.33,584.48,0
39201,90.91,591.24,0
39213,83.33,585.35,0
39224,90.91,579.08,0
39235,90.91,582.92,0
39246,90.91,589.38,0
39259,76.92,592.66,0
39270,90.91,589.82,0
39281,90.91,589.60,0
39292,90.91,584.84,0
39304,83.33,580.48,0
39315,90.91,584.80,0
39327,83.33,586.02,0
39339,83.33,589.47,0
39350,90.91,588.43,0
39361,90.91,591.96,0
39372,90.91,591.41,0
39384,83.33,590.63,0
39396,83.33,591.56,0
39407,90.91,585.66,0
39418,90.91,587.43,0
39430,83.33,585.33,0
39441,90.91,587.79,0
39452,90.91,597.23,0
39464,83.33,595.19,0
39476,83.33,589.65,0
39487,90.91,585.32,0
39498,90.91,582.47,0
39510,83.33,586.25,0
39521,90.91,590.12,0
39533,83.33,594.19,0
39544,90.91,592.65,0
39556,83.33,589.31,0
39567,90.91,588.73,0
39578,90.91,591.17,0
39589,90.91,590.94,0
39602,76.92,587.29,0
39613,90.91,587.75,0
39624,90.91,587.22,0
39635,90.91,587.22,0
39647,83.33,596.69,0
39658,90.91,593.35,0
39670,83.33,587.25,0
39682,83.33,588.81,0
39693,90.91,580.74,0
39704,90.91,580.26,0
39715,90.91,588.29,0
39727,83.33,593.60,0
39739,83.33,590.63,0
39750,90.91,589.57,0
39761,90.91,591.04,0
39773,83.33,588.81,0
39784,90.91,586.96,0
39795,90.91,587.49,0
39808,76.92,587.27,0
39819,90.91,587.91,0
39830,90.91,590.13,0
39841,90.91,593.91,0
39853,83.33,592.48,0
39864,90.91,587.57,0
39876,83.33,583.92,0
39887,90.91,584.43,0
39899,83.33,585.46,0
39910,90.91,590.07,0
39921,90.91,594.29,0
39932,90.91,592.30,0
39945,76.92,587.17,0
39956,90.91,591.83,0
39967,90.91,592.80,0
39979,83.33,584.70,0
39990,90.91,584.07,0
40001,90.91,587.06,0
40013,83.33,588.38,0
40025,83.33,594.40,0
40036,90.91,594.87,0
40047,90.91,586.75,0
40058,90.91,585.70,0
40070,83.33,585.14,0
40082,83.33,584.95,0
40093,90.91,585.72,0
40104,90.91,591.07,0
40116,83.33,592.12,0
40127,90.91,586.70,0
40139,90.91,586.70,0
40151,76.92,591.14,0
40162,90.91,590.51,0
40173,90.91,586.20,0
40184,90.91,583.80,0
40196,83.33,584.78,0
40208,90.91,588.16,0
40219,83.33,591.61,0
40230,90.91,595.39,0
40242,83.33,592.03,0
40253,90.91,588.18,0
40264,90.91,581.79,0
40276,90.91,583.67,0
40288,76.92,589.58,0
40299,90.91,589.60,0
40310,90.91,588.06,0
40322,83.33,588.76,0
40333,90.91,588.77,0
40345,90.91,588.40,0
40356,83.33,590.78,0
40368,83.33,590.00,0
40379,90.91,580.26,0
40390,90.91,585.87,0
40401,90.91,596.21,0
40414,76.92,595.90,0
40425,90.91,595.36,0
40436,90.91,589.32,0
40448,83.33,583.21,0
40459,90.91,579.67,0
40470,90.91,585.88,0
40482,83.33,590.21,0
40494,83.33,587.50,0
40505,90.91,587.10,0
40516,90.91,587.86,0
40527,90.91,586.68,0
40539,83.33,587.29,0
40551,83.33,589.57,0
40562,90.91,584.93,0
40573,90.91,581.96,0
40585,83.33,585.37,0
40596,90.91,592.55,0
40607,90.91,597.69,0
40620,76.92,591.90,0
40631,90.91,587.13,0
40642,90.91,586.64,0
40653,90.91,583.71,0
40665,83.33,585.43,0
40676,90.91,589.75,0
40688,83.33,589.60,0
40699,90.91,591.07,0
40711,83.33,590.47,0
40722,90.91,589.05,0
40733,90.91,591.05,0
40744,90.91,589.26,0
40757,76.92,582.42,0
40768,90.91,581.36,0
40779,90.91,587.20,0
40791,83.33,595.06,0
40802,90.91,597.21,0
40813,90.91,589.51,0
40825,83.33,585.51,0
40837,83.33,585.16,0
40848,90.91,584.17,0
40859,90.91,586.25,0
40870,90.91,589.42,0
40882,83.33,594.10,0
40894,83.33,594.78,0
40905,90.91,592.23,0
40916,90.91,591.85,0
40928,83.33,590.07,0
40939,90.91,584.32,0
40950,90.91,583.58,0
40963,76.92,585.19,0
40974,90.91,588.44,0
40985,90.91,591.06,0
40996,90.91,596.85,0
41008,83.33,594.85,0
41019,90.91,586.62,0
41031,83.33,589.14,0
41042,90.91,584.10,0
41054,83.33,583.35,0
41065,90.91,589.77,0
41076,90.91,591.78,0
41088,83.33,594.11,0
41100,83.33,590.90,0
41111,90.91,589.12,0
41122,90.91,587.56,0
41134,83.33,583.08,0
41145,90.91,589.30,0
41156,90.91,587.52,0
41168,83.33,584.60,0
41180,83.33,588.36,0
41191,90.91,595.12,0
41202,90.91,591.57,0
41213,90.91,581.64,0
41225,83.33,586.76,0
41237,83.33,586.76,0
41248,90.91,585.17,0
41260,83.33,591.75,0
41271,90.91,594.24,0
41282,90.91,593.88,0
41294,90.91,589.44,0
41306,76.92,587.52,0
41317,90.91,585.99,0
41328,90.91,580.21,0
41339,90.91,587.92,0
41351,83.33,591.44,0
41363,90.91,588.73,0
41374,83.33,591.94,0
41385,90.91,596.91,0
41397,83.33,588.70,0
41408,90.91,587.32,0
41419,90.91,587.44,0
41432,83.33,584.19,0
41443,83.33,584.48,0
41454,90.91,595.21,0
41465,90.91,596.78,0
41477,83.33,592.73,0
41488,90.91,590.18,0
41500,90.91,586.37,0
41511,90.91,584.75,0
41523,83.33,583.81,0
41534,90.91,585.69,0
41545,90.91,585.95,0
41556,90.91,585.05,0
41569,76.92,591.82,0
41580,90.91,593.63,0
41591,90.91,587.27,0
41603,83.33,584.37,0
41614,90.91,582.72,0
41625,90.91,583.03,0
41637,83.33,585.79,0
41649,83.33,592.19,0
41660,90.91,594.62,0
41671,90.91,593.22,0
41682,90.91,590.29,0
41694,83.33,583.70,0
41706,83.33,583.43,0
41717,90.91,588.81,0
41729,83.33,587.13,0
41740,90.91,586.33,0
41751,90.91,591.04,0
41762,90.91,594.63,0
41775,76.92,592.93,0
41786,90.91,590.30,0
41797,90.91,591.33,0
41808,90.91,586.53,0
41820,83.33,584.52,0
41831,90.91,587.55,0
41843,83.33,591.91,0
41854,90.91,593.68,0
41866,83.33,594.29,0
41877,90.91,590.03,0
41888,90.91,585.38,0
41900,83.33,585.52,0
41912,83.33,589.03,0
41923,90.91,589.55,0
41934,90.91,593.61,0
41946,83.33,595.04,0
41957,90.91,589.97,0
41968,90.91,588.20,0
41980,83.33,591.11,0
41992,83.33,586.23,0
42003,90.91,583.43,0
42014,90.91,583.06,0
42025,90.91,586.52,0
42037,83.33,592.57,0
42049,83.33,596.18,0
42060,90.91,595.16,0
