66,15.15,-186.08,0
77,90.91,-183.38,0
89,83.33,-182.11,0
100,90.91,-183.35,0
111,90.91,-185.33,0
123,83.33,-185.29,0
135,83.33,-183.35,0
146,90.91,-181.53,0
157,90.91,-181.69,0
168,90.91,-183.94,0
180,83.33,-185.88,0
192,83.33,-184.80,0
203,90.91,-183.17,0
215,83.33,-182.44,0
226,90.91,-183.04,0
237,90.91,-185.44,0
248,90.91,-186.08,0
261,76.92,-184.07,0
272,90.91,-181.67,0
283,90.91,-182.13,0
294,90.91,-184.71,0
306,83.33,-186.84,0
317,90.91,-186.41,0
329,83.33,-183.24,0
340,90.91,-182.93,0
352,83.33,-184.29,0
363,90.91,-186.16,0
374,90.91,-186.09,0
386,83.33,-184.35,0
398,83.33,-182.39,0
409,90.91,-182.73,0
420,90.91,-184.28,0
432,83.33,-186.46,0
443,90.91,-185.24,0
455,90.91,-182.78,0
466,83.33,-182.52,0
478,83.33,-183.29,0
489,90.91,-185.14,0
500,90.91,-185.30,0
512,83.33,-183.28,0
524,90.91,-181.95,0
535,83.33,-182.53,0
546,90.91,-184.88,0
558,83.33,-186.16,0
569,90.91,-184.82,0
580,90.91,-183.27,0
592,83.33,-182.36,0
604,83.33,-184.25,0
615,90.91,-186.00,0
626,90.91,-185.50,0
637,90.91,-183.67,0
649,83.33,-180.96,0
661,83.33,-182.54,0
672,90.91,-185.42,0
684,83.33,-186.47,0
695,90.91,-185.24,0
706,90.91,-182.82,0
717,90.91,-182.52,0
730,76.92,-184.04,0
741,90.91,-186.40,0
752,90.91,-186.62,0
763,90.91,-183.79,0
775,83.33,-181.89,0
786,90.91,-183.56,0
798,83.33,-185.99,0
809,90.91,-186.89,0
821,83.33,-185.05,0
832,90.91,-182.62,0
843,90.91,-182.47,0
855,83.33,-184.74,0
867,83.33,-186.94,0
878,90.91,-186.55,0
889,90.91,-184.04,0
901,83.33,-181.49,0
912,90.91,-182.61,0
923,90.91,-185.03,0
935,83.33,-186.63,0
947,83.33,-184.59,0
958,90.91,-181.85,0
969,90.91,-181.06,0
980,90.91,-183.17,0
992,83.33,-185.76,0
1004,83.33,-186.23,0
1015,90.91,-184.38,0
1027,83.33,-182.96,0
1038,90.91,-183.45,0
1049,90.91,-185.83,0
1060,90.91,-186.80,0
1073,76.92,-184.61,0
1084,90.91,-182.70,0
1095,90.91,-181.87,0
1106,90.91,-183.27,0
1118,83.33,-185.74,0
1130,90.91,-186.16,0
1141,83.33,-184.04,0
1153,83.33,-183.08,0
1164,90.91,-184.14,0
1175,90.91,-186.67,0
1186,90.91,-187.74,0
1199,83.33,-185.36,0
1210,83.33,-182.00,0
1221,90.91,-181.14,0
1232,90.91,-183.51,0
1244,83.33,-185.67,0
1255,90.91,-185.13,0
1267,90.91,-183.31,0
1278,83.33,-182.14,0
1290,83.33,-183.33,0
1301,90.91,-185.77,0
1312,90.91,-187.48,0
1324,83.33,-185.76,0
1336,83.33,-183.34,0
1347,90.91,-183.03,0
1358,90.91,-184.69,0
1370,83.33,-185.80,0
1381,90.91,-185.25,0
1392,90.91,-182.73,0
1404,83.33,-181.40,0
1416,83.33,-182.82,0
1427,90.91,-185.22,0
1438,90.91,-187.21,0
1449,90.91,-185.23,0
1461,83.33,-182.81,0
1473,83.33,-182.71,0
1484,90.91,-184.45,0
1496,83.33,-187.37,0
1507,90.91,-186.68,0
1518,90.91,-183.50,0
1529,90.91,-181.55,0
1542,76.92,-183.29,0
1553,90.91,-185.57,0
1564,90.91,-186.49,0
1575,90.91,-184.04,0
1587,83.33,-182.12,0
1598,90.91,-182.58,0
1610,83.33,-185.09,0
1622,83.33,-187.46,0
1633,90.91,-186.35,0
1644,90.91,-183.90,0
1655,90.91,-182.45,0
1667,83.33,-183.10,0
1679,83.33,-185.55,0
1690,90.91,-186.63,0
1701,90.91,-184.63,0
1713,83.33,-182.56,0
1724,90.91,-182.59,0
1735,90.91,-185.13,0
1747,83.33,-186.53,0
1759,83.33,-185.47,0
1770,90.91,-183.17,0
1781,90.91,-181.94,0
1793,83.33,-183.09,0
1804,90.91,-185.38,0
1816,83.33,-186.11,0
1827,90.91,-184.19,0
1839,83.33,-181.91,0
1850,90.91,-182.17,0
1861,90.91,-184.29,0
1873,90.91,-186.58,0
1885,76.92,-185.98,0
1896,90.91,-183.44,0
1907,90.91,-182.46,0
1918,90.91,-184.04,0
1930,83.33,-186.37,0
1942,90.91,-186.76,0
1953,83.33,-184.90,0
1965,83.33,-182.05,0
1976,90.91,-181.80,0
1987,90.91,-184.51,0
1998,90.91,-186.41,0
2011,83.33,-185.61,0
2022,90.91,-183.03,0
2033,90.91,-181.70,0
2044,90.91,-184.33,0
2056,83.33,-186.28,0
2067,90.91,-186.03,0
2079,83.33,-184.43,0
2091,83.33,-182.74,0
2102,90.91,-183.26,0
2113,90.91,-185.13,0
2124,90.91,-186.85,0
2136,83.33,-185.63,0
2148,83.33,-183.48,0
2159,90.91,-182.05,0
2170,90.91,-183.14,0
2182,83.33,-185.33,0
2193,90.91,-186.54,0
2204,90.91,-184.95,0
2216,83.33,-183.01,0
2228,83.33,-184.27,0
2239,90.91,-185.57,0
2250,90.91,-187.02,0
2262,83.33,-186.33,0
2273,90.91,-183.53,0
2285,83.33,-181.38,0
2296,90.91,-183.12,0
2308,83.33,-185.53,0
2319,90.91,-186.59,0
2330,90.91,-184.85,0
2341,90.91,-182.43,0
2354,76.92,-182.89,0
2365,90.91,-185.78,0
2376,90.91,-187.88,0
2387,90.91,-186.96,0
2399,83.33,-184.18,0
2410,90.91,-182.78,0
2422,83.33,-183.77,0
2434,83.33,-185.67,0
2445,90.91,-185.66,0
2456,90.91,-183.66,0
2467,90.91,-181.75,0
2479,83.33,-182.43,0
2491,83.33,-185.29,0
2502,90.91,-186.88,0
2513,90.91,-185.47,0
2525,83.33,-183.32,0
2536,90.91,-183.06,0
2548,90.91,-184.75,0
2560,76.92,-186.47,0
2571,90.91,-186.00,0
2582,90.91,-183.19,0
2593,90.91,-181.18,0
2605,83.33,-182.34,0
2617,90.91,-184.45,0
2628,83.33,-186.10,0
2639,90.91,-184.85,0
2651,83.33,-182.61,0
2662,90.91,-182.77,0
2673,90.91,-183.87,0
2685,90.91,-186.84,0
2697,76.92,-187.29,0
2708,90.91,-183.90,0
2719,90.91,-181.81,0
2731,83.33,-181.91,0
2742,90.91,-184.45,0
2754,83.33,-186.12,0
2765,90.91,-184.54,0
2777,83.33,-182.95,0
2788,90.91,-182.47,0
2799,90.91,-184.82,0
2810,90.91,-186.67,0
2823,76.92,-186.27,0
2834,90.91,-184.19,0
2845,90.91,-181.94,0
2856,90.91,-182.22,0
2868,83.33,-185.09,0
2879,90.91,-186.67,0
2891,83.33,-185.13,0
2903,83.33,-182.54,0
2914,90.91,-182.54,0
2925,90.91,-184.60,0
2936,90.91,-187.10,0
2948,83.33,-187.29,0
2960,83.33,-184.38,0
2971,90.91,-182.21,0
2982,90.91,-183.12,0
2994,83.33,-185.67,0
3005,90.91,-186.57,0
3016,90.91,-184.82,0
3028,83.33,-182.57,0
3040,83.33,-182.32,0
3051,90.91,-184.09,0
3062,90.91,-186.74,0
3074,83.33,-186.41,0
3085,90.91,-184.29,0
3097,83.33,-182.62,0
3108,90.91,-183.44,0
3120,83.33,-185.83,0
3131,90.91,-186.99,0
3142,90.91,-185.26,0
3153,90.91,-182.33,0
3166,76.92,-182.21,0
3177,90.91,-184.13,0
3188,90.91,-186.64,0
3200,83.33,-186.35,0
3211,90.91,-184.04,0
3222,90.91,-182.64,0
3234,83.33,-183.78,0
3246,83.33,-186.19,0
3257,90.91,-186.89,0
3268,90.91,-185.34,0
3279,90.91,-182.96,0
3292,83.33,-182.63,0
3303,83.33,-184.04,0
3314,90.91,-185.56,0
3325,90.91,-184.54,0
3337,83.33,-182.20,0
3348,90.91,-181.94,0
3360,90.91,-183.25,0
3372,76.92,-186.36,0
3383,90.91,-187.28,0
3394,90.91,-185.25,0
3405,90.91,-182.74,0
3417,83.33,-182.44,0
3429,83.33,-184.39,0
3440,90.91,-186.13,0
3451,90.91,-185.09,0
3463,83.33,-182.62,0
3474,90.91,-181.56,0
3485,90.91,-182.49,0
3497,83.33,-185.66,0
3509,83.33,-187.05,0
3520,90.91,-185.49,0
3531,90.91,-182.84,0
3543,83.33,-183.09,0
3554,90.91,-185.20,0
3566,83.33,-187.26,0
3577,90.91,-186.27,0
3589,83.33,-183.64,0
3600,90.91,-181.45,0
3611,90.91,-181.90,0
3622,90.91,-184.54,0
3635,76.92,-185.76,0
3646,90.91,-184.58,0
3657,90.91,-183.14,0
3668,90.91,-183.32,0
3680,83.33,-185.54,0
3691,90.91,-187.53,0
3703,83.33,-186.61,0
3715,83.33,-184.18,0
3726,90.91,-182.19,0
3737,90.91,-182.15,0
3748,90.91,-184.65,0
3760,83.33,-185.50,0
3772,83.33,-183.80,0
3783,90.91,-181.83,0
3794,90.91,-182.73,0
3806,83.33,-185.19,0
3817,90.91,-187.24,0
3828,90.91,-186.76,0
3841,76.92,-184.10,0
3852,90.91,-182.94,0
3863,90.91,-183.60,0
3874,90.91,-185.28,0
3886,83.33,-185.59,0
3897,90.91,-183.41,0
3909,83.33,-181.19,0
3920,90.91,-181.45,0
3932,83.33,-183.97,0
3943,90.91,-186.04,0
3954,90.91,-185.65,0
3966,90.91,-183.53,0
3978,76.92,-182.99,0
3989,90.91,-184.33,0
4000,90.91,-186.51,0
4012,83.33,-186.51,0
4023,90.91,-184.34,0
4035,90.91,-181.77,0
4046,83.33,-181.47,0
4058,83.33,-183.42,0
4069,90.91,-185.28,0
4080,90.91,-183.96,0
4091,90.91,-182.78,0
4104,76.92,-182.38,0
4115,90.91,-184.48,0
4126,90.91,-186.44,0
4137,90.91,-186.89,0
4149,83.33,-184.94,0
4160,90.91,-182.19,0
4172,83.33,-182.17,0
4184,83.33,-184.59,0
4195,90.91,-186.05,0
4206,90.91,-185.00,0
4217,90.91,-182.36,0
4229,83.33,-181.87,0
4241,83.33,-184.26,0
4252,90.91,-186.58,0
4263,90.91,-187.21,0
4275,83.33,-185.33,0
4286,90.91,-183.84,0
4297,90.91,-183.59,0
4310,76.92,-185.25,0
4321,90.91,-186.74,0
4332,90.91,-184.87,0
4343,90.91,-182.27,0
4355,83.33,-181.67,0
4366,90.91,-183.14,0
4378,83.33,-186.20,0
4389,90.91,-187.60,0
4401,83.33,-185.65,0
4412,90.91,-183.96,0
4423,90.91,-184.15,0
4434,90.91,-185.61,0
4447,76.92,-187.05,0
4458,90.91,-185.66,0
4469,90.91,-183.50,0
4481,83.33,-182.01,0
4492,90.91,-183.15,0
4503,90.91,-185.85,0
4515,83.33,-186.29,0
4527,83.33,-184.81,0
4538,90.91,-182.95,0
4549,90.91,-183.62,0
4560,90.91,-186.16,0
4572,83.33,-187.52,0
4584,83.33,-186.37,0
4595,90.91,-183.21,0
4606,90.91,-182.55,0
4618,83.33,-182.97,0
4629,90.91,-185.26,0
4640,90.91,-186.09,0
4653,76.92,-183.20,0
4664,90.91,-182.09,0
4675,90.91,-182.50,0
4686,90.91,-184.41,0
4698,83.33,-186.86,0
4710,90.91,-186.30,0
4721,83.33,-184.03,0
4732,90.91,-182.42,0
4744,83.33,-183.32,0
4755,90.91,-185.39,0
4766,90.91,-184.92,0
4779,90.91,-183.03,0
4790,76.92,-181.73,0
4801,90.91,-181.88,0
4812,90.91,-184.81,0
4824,83.33,-186.98,0
4835,90.91,-185.66,0
4847,90.91,-183.37,0
4858,83.33,-182.41,0
4870,83.33,-183.98,0
4881,90.91,-185.72,0
4892,90.91,-185.55,0
4903,90.91,-183.06,0
4916,76.92,-180.59,0
4927,90.91,-181.13,0
4938,90.91,-183.99,0
4950,83.33,-186.22,0
4961,90.91,-185.47,0
4972,90.91,-183.69,0
4984,83.33,-182.99,0
4996,83.33,-184.43,0
5007,90.91,-186.41,0
5018,90.91,-186.18,0
5029,90.91,-184.15,0
5041,83.33,-181.95,0
5053,83.33,-182.97,0
5064,90.91,-184.53,0
5075,90.91,-186.35,0
5087,83.33,-185.56,0
5098,90.91,-183.79,0
5109,90.91,-183.16,0
5122,76.92,-185.05,0
5133,90.91,-187.51,0
5144,90.91,-186.70,0
5155,90.91,-184.10,0
5167,83.33,-182.43,0
5178,90.91,-183.38,0
5190,83.33,-185.26,0
5201,90.91,-186.49,0
5213,83.33,-184.78,0
5224,90.91,-182.47,0
5235,90.91,-181.90,0
5246,90.91,-184.95,0
5259,76.92,-187.59,0
5270,90.91,-187.33,0
5281,90.91,-185.39,0
5293,83.33,-183.17,0
5304,90.91,-183.02,0
5315,90.91,-185.76,0
5327,83.33,-186.20,0
5339,83.33,-184.21,0
5350,90.91,-181.74,0
5361,90.91,-182.02,0
5372,90.91,-183.93,0
5384,83.33,-186.11,0
5396,83.33,-186.22,0
5407,90.91,-184.01,0
5419,83.33,-182.79,0
5430,90.91,-183.65,0
5441,90.91,-185.67,0
5452,90.91,-186.38,0
5465,76.92,-184.23,0
5476,90.91,-181.47,0
5487,90.91,-181.16,0
5498,90.91,-183.30,0
5510,83.33,-185.80,0
5522,90.91,-186.18,0
5533,83.33,-184.41,0
5544,90.91,-182.59,0
5556,83.33,-183.69,0
5567,90.91,-186.44,0
5578,90.91,-187.59,0
5591,83.33,-185.97,0
5602,83.33,-183.07,0
5613,90.91,-181.75,0
5624,90.91,-182.82,0
5636,83.33,-184.78,0
5647,90.91,-185.36,0
5659,90.91,-183.39,0
5670,83.33,-182.30,0
5682,83.33,-183.14,0
5693,90.91,-185.59,0
5704,90.91,-186.99,0
5715,90.91,-185.63,0
5728,76.92,-182.61,0
5739,90.91,-181.97,0
5750,90.91,-183.47,0
5762,83.33,-185.48,0
5773,90.91,-185.40,0
5784,90.91,-183.61,0
5796,83.33,-182.32,0
5808,83.33,-182.49,0
5819,90.91,-185.07,0
5830,90.91,-186.94,0
5841,90.91,-185.80,0
5853,83.33,-183.35,0
5865,83.33,-183.18,0
5876,90.91,-184.67,0
5888,83.33,-186.60,0
5899,90.91,-185.92,0
5910,90.91,-182.79,0
5921,90.91,-181.00,0
5934,76.92,-182.78,0
5945,90.91,-185.33,0
5956,90.91,-186.16,0
5967,90.91,-185.11,0
5979,83.33,-183.29,0
5990,90.91,-183.27,0
6002,83.33,-185.19,0
6013,90.91,-186.98,0
6025,83.33,-186.26,0
6036,90.91,-183.45,0
6047,90.91,-181.76,0
6059,83.33,-182.70,0
6071,83.33,-184.82,0
6082,90.91,-185.93,0
6093,90.91,-184.59,0
6105,83.33,-182.11,0
6116,90.91,-181.97,0
6127,90.91,-184.90,0
6139,83.33,-187.29,0
6151,83.33,-186.75,0
6162,90.91,-184.37,0
6173,90.91,-182.46,0
6184,90.91,-183.62,0
6196,83.33,-185.59,0
6208,83.33,-185.90,0
6219,90.91,-183.48,0
6231,83.33,-181.64,0
6242,90.91,-182.27,0
6253,90.91,-183.99,0
6265,90.91,-186.10,0
6277,76.92,-186.17,0
6288,90.91,-184.20,0
6299,90.91,-183.66,0
6310,90.91,-184.02,0
6322,83.33,-186.41,0
6334,90.91,-186.71,0
6345,83.33,-184.15,0
6356,90.91,-181.71,0
6368,83.33,-181.53,0
6379,90.91,-183.86,0
6390,90.91,-185.80,0
6403,76.92,-185.96,0
6414,90.91,-184.40,0
6425,90.91,-183.15,0
6436,90.91,-184.16,0
6448,83.33,-186.64,0
6459,90.91,-187.12,0
6471,83.33,-184.26,0
6482,90.91,-181.31,0
6494,83.33,-180.70,0
6505,90.91,-183.46,0
6516,90.91,-185.87,0
6528,83.33,-185.33,0
6540,83.33,-183.04,0
6551,90.91,-182.08,0
6562,90.91,-183.92,0
6574,83.33,-186.52,0
6585,90.91,-187.68,0
6596,90.91,-185.17,0
6608,83.33,-182.56,0
6620,83.33,-182.52,0
6631,90.91,-183.37,0
6642,90.91,-184.85,0
6653,90.91,-184.01,0
6665,83.33,-181.86,0
6677,83.33,-181.65,0
6688,90.91,-183.59,0
6700,83.33,-186.84,0
6711,90.91,-188.04,0
6722,90.91,-186.13,0
6733,90.91,-183.56,0
6746,76.92,-183.44,0
6757,90.91,-184.97,0
6768,90.91,-185.87,0
6779,90.91,-184.58,0
6791,83.33,-181.66,0
6802,90.91,-179.98,0
6814,83.33,-182.36,0
6825,90.91,-185.56,0
6837,83.33,-186.44,0
6848,90.91,-184.89,0
6859,90.91,-183.19,0
6871,83.33,-183.70,0
6883,83.33,-186.36,0
6894,90.91,-187.80,0
6905,90.91,-185.46,0
6917,83.33,-182.33,0
6928,90.91,-180.57,0
6939,90.91,-181.67,0
6951,83.33,-184.19,0
6963,83.33,-184.97,0
6974,90.91,-183.79,0
6985,90.91,-182.34,0
6996,90.91,-183.63,0
7009,83.33,-186.03,0
7020,83.33,-187.64,0
7031,90.91,-186.45,0
7043,83.33,-183.48,0
7054,90.91,-181.48,0
7065,90.91,-182.29,0
7077,90.91,-185.28,0
7089,76.92,-185.91,0
7100,90.91,-183.88,0
7111,90.91,-181.14,0
7122,90.91,-181.87,0
7134,83.33,-185.03,0
7146,83.33,-187.44,0
7157,90.91,-186.48,0
7169,83.33,-184.18,0
7180,90.91,-182.54,0
7191,90.91,-183.63,0
7202,90.91,-185.67,0
7215,76.92,-186.00,0
7226,90.91,-183.68,0
7237,90.91,-181.58,0
7248,90.91,-182.61,0
7260,83.33,-185.08,0
7271,90.91,-186.57,0
7283,83.33,-185.73,0
7294,90.91,-183.90,0
7306,83.33,-183.31,0
7317,90.91,-184.23,0
7328,90.91,-185.97,0
7340,83.33,-185.83,0
7352,83.33,-183.05,0
7363,90.91,-181.15,0
7374,90.91,-181.79,0
7386,83.33,-184.03,0
7397,90.91,-185.72,0
7408,90.91,-185.05,0
7420,83.33,-182.26,0
7432,83.33,-182.28,0
7443,90.91,-184.43,0
7454,90.91,-186.70,0
7465,90.91,-186.63,0
7477,83.33,-183.67,0
7489,83.33,-181.42,0
7500,90.91,-182.43,0
7512,83.33,-184.68,0
7523,90.91,-185.98,0
7534,90.91,-184.86,0
7545,90.91,-182.81,0
7558,76.92,-182.36,0
7569,90.91,-184.23,0
7580,90.91,-187.04,0
7591,90.91,-187.57,0
7603,83.33,-184.63,0
7614,90.91,-182.68,0
7626,83.33,-182.70,0
7638,83.33,-185.02,0
7649,90.91,-185.73,0
7660,90.91,-184.07,0
7671,90.91,-181.65,0
7684,83.33,-181.34,0
7695,83.33,-183.54,0
7706,90.91,-186.24,0
7717,90.91,-187.35,0
7729,83.33,-185.29,0
7740,90.91,-182.90,0
7752,90.91,-183.49,0
7763,83.33,-185.91,0
7775,83.33,-186.78,0
7786,90.91,-185.05,0
7797,90.91,-181.91,0
7809,83.33,-180.80,0
7821,83.33,-183.04,0
7832,90.91,-185.42,0
7843,90.91,-186.14,0
7855,83.33,-184.73,0
7866,90.91,-182.90,0
7877,90.91,-184.19,0
7889,83.33,-186.63,0
7901,83.33,-187.35,0
7912,90.91,-184.77,0
7923,90.91,-182.10,0
7934,90.91,-181.93,0
7946,83.33,-182.53,0
7958,83.33,-185.17,0
7969,90.91,-186.35,0
7981,83.33,-184.35,0
7992,90.91,-182.71,0
8003,90.91,-183.62,0
8014,90.91,-186.58,0
8027,76.92,-187.95,0
8038,90.91,-185.81,0
8049,90.91,-182.78,0
8060,90.91,-182.08,0
8072,83.33,-184.07,0
8083,90.91,-185.43,0
8095,83.33,-184.27,0
8107,83.33,-182.34,0
8118,90.91,-181.17,0
8129,90.91,-183.22,0
8140,90.91,-186.81,0
8152,83.33,-188.33,0
8164,83.33,-186.55,0
8175,90.91,-184.14,0
8186,90.91,-183.03,0
8198,83.33,-184.22,0
8209,90.91,-185.59,0
8220,90.91,-184.19,0
8232,83.33,-182.20,0
8244,83.33,-180.67,0
8255,90.91,-182.27,0
8266,90.91,-185.42,0
8278,83.33,-187.38,0
8289,90.91,-186.31,0
8301,83.33,-183.96,0
8312,90.91,-183.93,0
8324,83.33,-185.39,0
8335,90.91,-186.72,0
8346,90.91,-185.14,0
8357,90.91,-182.33,0
8370,76.92,-180.74,0
8381,90.91,-182.31,0
8392,90.91,-184.84,0
8403,90.91,-186.26,0
8415,83.33,-184.67,0
8427,90.91,-183.30,0
8438,83.33,-183.96,0
8450,83.33,-185.99,0
8461,90.91,-187.40,0
8472,90.91,-186.16,0
8483,90.91,-183.02,0
8496,83.33,-181.34,0
8507,83.33,-181.86,0
8518,90.91,-184.31,0
8529,90.91,-185.14,0
8541,83.33,-183.45,0
8552,90.91,-182.45,0
8564,90.91,-183.50,0
8576,76.92,-186.44,0
8587,90.91,-188.27,0
8598,90.91,-186.89,0
8609,90.91,-184.40,0
8621,83.33,-182.68,0
8633,83.33,-183.04,0
8644,90.91,-185.24,0
8655,90.91,-185.49,0
8667,83.33,-183.09,0
8678,90.91,-181.25,0
8689,90.91,-181.66,0
8701,83.33,-184.59,0
8713,83.33,-187.77,0
8724,90.91,-187.38,0
8735,90.91,-185.08,0
8747,83.33,-182.89,0
8758,90.91,-183.98,0
8770,83.33,-186.92,0
8781,90.91,-186.30,0
8793,83.33,-183.71,0
8804,90.91,-181.07,0
8815,90.91,-180.44,0
8826,90.91,-183.19,0
8839,76.92,-185.62,0
8850,90.91,-186.01,0
8861,90.91,-184.36,0
8872,90.91,-183.65,0
8884,83.33,-184.67,0
8895,90.91,-187.07,0
8907,83.33,-187.47,0
8919,83.33,-184.39,0
8930,90.91,-181.53,0
8941,90.91,-181.25,0
8952,90.91,-182.99,0
8964,83.33,-184.99,0
8976,83.33,-184.08,0
8987,90.91,-182.43,0
8998,90.91,-182.88,0
9010,83.33,-184.91,0
9021,90.91,-187.58,0
9032,90.91,-187.95,0
9044,83.33,-185.80,0
9056,83.33,-182.86,0
9067,90.91,-182.49,0
9078,90.91,-183.64,0
9090,83.33,-184.92,0
9101,90.91,-184.12,0
9113,83.33,-181.94,0
9124,90.91,-180.72,0
9136,83.33,-182.58,0
9147,90.91,-186.12,0
9158,90.91,-187.36,0
9170,90.91,-185.66,0
9182,76.92,-183.43,0
9193,90.91,-183.58,0
9204,90.91,-185.04,0
9216,83.33,-185.97,0
9227,90.91,-184.08,0
9239,90.91,-181.23,0
9250,83.33,-180.81,0
9262,83.33,-182.66,0
9273,90.91,-185.05,0
9284,90.91,-186.41,0
9295,90.91,-184.86,0
9308,76.92,-183.52,0
9319,90.91,-184.73,0
9330,90.91,-186.76,0
9341,90.91,-187.60,0
9353,83.33,-185.38,0
9364,90.91,-182.08,0
9376,83.33,-181.49,0
9388,83.33,-182.40,0
9399,90.91,-184.93,0
9410,90.91,-185.38,0
9421,90.91,-183.63,0
9433,83.33,-182.17,0
9445,83.33,-183.43,0
9456,90.91,-186.02,0
9467,90.91,-187.82,0
9479,83.33,-186.52,0
9490,90.91,-184.12,0
9501,90.91,-182.91,0
9513,83.33,-183.61,0
9525,83.33,-185.17,0
9536,90.91,-185.52,0
9547,90.91,-183.87,0
9559,83.33,-182.25,0
9570,90.91,-182.27,0
9582,83.33,-184.98,0
9593,90.91,-187.21,0
9605,83.33,-186.22,0
9616,90.91,-183.67,0
9627,90.91,-182.70,0
9638,90.91,-184.61,0
9651,76.92,-185.91,0
9662,90.91,-184.87,0
9673,90.91,-182.30,0
9684,90.91,-180.99,0
9696,83.33,-181.60,0
9707,90.91,-184.35,0
9719,83.33,-186.43,0
9731,83.33,-185.84,0
9742,90.91,-183.68,0
9753,90.91,-183.52,0
9764,90.91,-185.34,0
9776,83.33,-186.75,0
9788,83.33,-185.90,0
9799,90.91,-183.10,0
9810,90.91,-181.14,0
9822,83.33,-182.00,0
9833,90.91,-184.49,0
9844,90.91,-186.32,0
9857,76.92,-184.67,0
9868,90.91,-183.16,0
9879,90.91,-183.21,0
9890,90.91,-185.09,0
9902,83.33,-187.41,0
9914,90.91,-186.52,0
9925,83.33,-183.86,0
9936,90.91,-182.46,0
9948,83.33,-183.28,0
9959,90.91,-184.85,0
9970,90.91,-185.27,0
9982,90.91,-183.74,0
9994,76.92,-182.49,0
10005,90.91,-182.79,0
10016,90.91,-185.56,0
10028,83.33,-187.99,0
10039,90.91,-186.82,0
10051,83.33,-184.64,0
10062,90.91,-182.88,0
10074,83.33,-183.23,0
10085,90.91,-185.34,0
10096,90.91,-185.90,0
10107,90.91,-183.54,0
10120,76.92,-181.19,0
10131,90.91,-181.70,0
10142,90.91,-183.92,0
10153,90.91,-186.31,0
10165,83.33,-186.64,0
10176,90.91,-184.80,0
10188,83.33,-183.36,0
10200,83.33,-184.51,0
10211,90.91,-186.68,0
10222,90.91,-187.04,0
10233,90.91,-184.17,0
10245,83.33,-180.96,0
10257,83.33,-181.01,0
10268,90.91,-183.28,0
10279,90.91,-186.06,0
10291,83.33,-185.91,0
10302,90.91,-183.63,0
10313,90.91,-182.88,0
10326,76.92,-184.46,0
10337,90.91,-186.96,0
10348,90.91,-187.22,0
10359,90.91,-184.29,0
10371,83.33,-182.35,0
10382,90.91,-181.61,0
10394,83.33,-183.71,0
10405,90.91,-186.09,0
10417,83.33,-184.81,0
10428,90.91,-182.81,0
10439,90.91,-181.53,0
10450,90.91,-183.86,0
10463,76.92,-186.55,0
10474,90.91,-187.36,0
10485,90.91,-185.18,0
10497,83.33,-182.93,0
10508,90.91,-182.26,0
10519,90.91,-183.69,0
10531,83.33,-185.19,0
10543,83.33,-184.70,0
10554,90.91,-182.56,0
10565,90.91,-181.77,0
10576,90.91,-183.12,0
10588,83.33,-186.43,0
10600,83.33,-187.59,0
10611,90.91,-185.76,0
10622,90.91,-183.86,0
10634,83.33,-183.45,0
10645,90.91,-185.13,0
10657,90.91,-186.29,0
10669,76.92,-185.06,0
10680,90.91,-182.36,0
10691,90.91,-181.19,0
10702,90.91,-182.23,0
10714,83.33,-184.88,0
10726,90.91,-186.38,0
10737,83.33,-184.72,0
10748,90.91,-183.40,0
10760,83.33,-183.82,0
10771,90.91,-186.19,0
10782,90.91,-187.60,0
10795,90.91,-185.79,0
10806,90.91,-183.52,0
10817,90.91,-181.30,0
10828,90.91,-182.53,0
10840,83.33,-184.56,0
10851,90.91,-185.05,0
10863,83.33,-183.99,0
10874,90.91,-182.98,0
10886,83.33,-184.37,0
10897,90.91,-186.39,0
10908,90.91,-188.20,0
10919,90.91,-187.69,0
10932,76.92,-184.83,0
10943,90.91,-183.18,0
10954,90.91,-183.28,0
10966,83.33,-184.95,0
10977,90.91,-185.63,0
10988,90.91,-183.45,0
11000,83.33,-181.54,0
11012,83.33,-182.01,0
11023,90.91,-184.83,0
11034,90.91,-188.25,0
11045,90.91,-187.10,0
11057,83.33,-184.12,0
11069,83.33,-182.64,0
11080,90.91,-183.65,0
11091,90.91,-186.23,0
11103,83.33,-186.36,0
11114,90.91,-183.55,0
11125,90.91,-180.94,0
11138,76.92,-181.29,0
11149,90.91,-183.60,0
11160,90.91,-186.08,0
11171,90.91,-186.23,0
11183,83.33,-183.91,0
11194,90.91,-183.19,0
11206,83.33,-185.42,0
11217,90.91,-187.15,0
11229,83.33,-186.51,0
11240,90.91,-183.56,0
11251,90.91,-181.51,0
11262,90.91,-181.80,0
11275,76.92,-184.16,0
11286,90.91,-186.15,0
11297,90.91,-184.56,0
11309,83.33,-182.46,0
11320,90.91,-181.70,0
11331,90.91,-183.87,0
11343,83.33,-186.81,0
11355,83.33,-187.14,0
11366,90.91,-184.11,0
11377,90.91,-182.27,0
11388,90.91,-182.27,0
11401,83.33,-184.05,0
11412,83.33,-185.92,0
11423,90.91,-184.83,0
11435,83.33,-182.67,0
11446,90.91,-182.44,0
11457,90.91,-183.97,0
11469,90.91,-186.70,0
11481,76.92,-187.35,0
11492,90.91,-184.65,0
11503,90.91,-183.11,0
11514,90.91,-183.65,0
11526,83.33,-186.13,0
11538,90.91,-186.95,0
11549,83.33,-185.58,0
11560,90.91,-182.15,0
11572,83.33,-181.51,0
11583,90.91,-183.47,0
11594,90.91,-186.00,0
11607,76.92,-186.64,0
11618,90.91,-184.69,0
11629,90.91,-183.38,0
11640,90.91,-184.16,0
11652,83.33,-186.00,0
11663,90.91,-187.39,0
11675,83.33,-185.43,0
11686,90.91,-182.49,0
11698,83.33,-181.57,0
11709,90.91,-183.85,0
11720,90.91,-185.53,0
11731,90.91,-186.32,0
11744,76.92,-184.29,0
11755,90.91,-183.54,0
11766,90.91,-183.91,0
11778,83.33,-185.96,0
11789,90.91,-187.63,0
11800,90.91,-185.90,0
11812,83.33,-182.76,0
11824,83.33,-181.39,0
11835,90.91,-183.17,0
11846,90.91,-185.51,0
11857,90.91,-185.80,0
11869,83.33,-182.94,0
11881,83.33,-181.35,0
11892,90.91,-182.91,0
11904,83.33,-186.20,0
11915,90.91,-187.83,0
11926,90.91,-186.12,0
11937,90.91,-182.97,0
11950,76.92,-182.30,0
11961,90.91,-183.94,0
11972,90.91,-186.17,0
11983,90.91,-185.42,0
11995,83.33,-182.25,0
12006,90.91,-180.51,0
12018,83.33,-181.67,0
12029,90.91,-184.65,0
12041,83.33,-187.45,0
12052,90.91,-186.04,0
12063,90.91,-183.15,0
12075,83.33,-182.74,0
12087,83.33,-185.02,0
12098,90.91,-187.40,0
12109,90.91,-186.49,0
12121,83.33,-183.60,0
12132,90.91,-181.95,0
12143,90.91,-182.01,0
12155,83.33,-183.95,0
12167,83.33,-185.82,0
12178,90.91,-184.00,0
12189,90.91,-182.62,0
12200,90.91,-182.51,0
12213,83.33,-184.35,0
12224,83.33,-186.89,0
12235,90.91,-186.72,0
12247,83.33,-184.45,0
12258,90.91,-181.98,0
12269,90.91,-182.40,0
12281,90.91,-184.32,0
12293,76.92,-185.53,0
12304,90.91,-184.55,0
12315,90.91,-182.97,0
12326,90.91,-183.21,0
12338,83.33,-185.02,0
12350,83.33,-187.18,0
12361,90.91,-187.16,0
12372,90.91,-184.29,0
12384,83.33,-182.57,0
12395,90.91,-183.31,0
12406,90.91,-184.99,0
12419,76.92,-185.99,0
12430,90.91,-184.76,0
12441,90.91,-182.52,0
12452,90.91,-181.98,0
12464,83.33,-183.88,0
12475,90.91,-186.03,0
12487,83.33,-186.77,0
12498,90.91,-184.48,0
12510,83.33,-182.82,0
12521,90.91,-183.47,0
12532,90.91,-185.73,0
12544,83.33,-186.89,0
12556,83.33,-184.79,0
12567,90.91,-181.76,0
12578,90.91,-182.11,0
12590,83.33,-184.43,0
12601,90.91,-185.64,0
12612,90.91,-185.56,0
12624,83.33,-184.16,0
12636,83.33,-182.80,0
12647,90.91,-184.58,0
12658,90.91,-186.08,0
12669,90.91,-187.06,0
12681,83.33,-185.37,0
12693,83.33,-182.42,0
12704,90.91,-181.63,0
12716,83.33,-183.50,0
12727,90.91,-185.34,0
12738,90.91,-184.61,0
12749,90.91,-182.38,0
12762,76.92,-182.28,0
12773,90.91,-183.95,0
12784,90.91,-185.84,0
12795,90.91,-187.25,0
12807,83.33,-185.42,0
12818,90.91,-182.90,0
12830,83.33,-182.78,0
12841,90.91,-183.64,0
12853,83.33,-185.58,0
12864,90.91,-184.61,0
12875,90.91,-182.18,0
12887,83.33,-180.67,0
12899,83.33,-182.65,0
12910,90.91,-185.22,0
12921,90.91,-186.13,0
12933,83.33,-185.26,0
12944,90.91,-183.01,0
12955,90.91,-183.10,0
12967,83.33,-185.21,0
12979,83.33,-186.80,0
12990,90.91,-185.63,0
13001,90.91,-183.04,0
13012,90.91,-181.13,0
13025,83.33,-182.57,0
13036,83.33,-185.00,0
13047,90.91,-186.36,0
13059,83.33,-184.78,0
13070,90.91,-183.08,0
13081,90.91,-183.42,0
13093,90.91,-184.64,0
13105,76.92,-186.17,0
13116,90.91,-186.89,0
13127,90.91,-184.19,0
13138,90.91,-182.79,0
13150,83.33,-183.66,0
13162,90.91,-185.95,0
13173,83.33,-186.73,0
13185,83.33,-184.54,0
13196,90.91,-182.95,0
13207,90.91,-183.16,0
13218,90.91,-185.65,0
13231,76.92,-187.05,0
13242,90.91,-185.66,0
13253,90.91,-183.84,0
13264,90.91,-182.72,0
13276,83.33,-183.56,0
13287,90.91,-185.87,0
13299,83.33,-186.07,0
13310,90.91,-184.45,0
13322,83.33,-182.44,0
13333,90.91,-182.35,0
13344,90.91,-184.59,0
13356,83.33,-186.77,0
13368,83.33,-185.95,0
13379,90.91,-184.43,0
13390,90.91,-183.14,0
13402,83.33,-184.45,0
13413,90.91,-186.92,0
13424,90.91,-186.68,0
13436,83.33,-184.62,0
13448,83.33,-181.87,0
13459,90.91,-181.90,0
13470,90.91,-184.20,0
13481,90.91,-186.39,0
13493,83.33,-185.90,0
13505,83.33,-183.87,0
13516,90.91,-182.08,0
13528,83.33,-183.65,0
13539,90.91,-186.11,0
13550,90.91,-187.14,0
13561,90.91,-185.00,0
13574,76.92,-182.85,0
13585,90.91,-182.58,0
13596,90.91,-184.49,0
13607,90.91,-186.47,0
13619,83.33,-185.59,0
13630,90.91,-182.84,0
13642,83.33,-181.88,0
13654,83.33,-183.29,0
13665,90.91,-185.83,0
13676,90.91,-186.66,0
13687,90.91,-184.68,0
13699,83.33,-182.85,0
13711,83.33,-182.68,0
13722,90.91,-185.24,0
13733,90.91,-187.20,0
13745,83.33,-185.71,0
13756,90.91,-182.73,0
13767,90.91,-181.46,0
13779,83.33,-182.97,0
13791,83.33,-185.66,0
13802,90.91,-186.09,0
13813,90.91,-184.31,0
13825,83.33,-182.49,0
13837,90.91,-183.10,0
13848,83.33,-185.65,0
13859,90.91,-186.53,0
13871,83.33,-185.58,0
13882,90.91,-182.40,0
13893,90.91,-181.58,0
13905,90.91,-182.75,0
13917,76.92,-184.71,0
13928,90.91,-185.42,0
13939,90.91,-182.96,0
13950,90.91,-181.21,0
13962,83.33,-182.15,0
13974,83.33,-185.42,0
13985,90.91,-187.42,0
13997,83.33,-185.95,0
14008,90.91,-183.08,0
14019,90.91,-181.66,0
14030,90.91,-183.32,0
14043,76.92,-185.42,0
14054,90.91,-185.43,0
14065,90.91,-183.30,0
14076,90.91,-181.57,0
14088,83.33,-182.78,0
14099,90.91,-185.15,0
14111,83.33,-186.94,0
14123,83.33,-186.10,0
14134,90.91,-183.46,0
14145,90.91,-182.54,0
14156,90.91,-184.28,0
14168,83.33,-186.29,0
14180,83.33,-185.81,0
14191,90.91,-183.12,0
14202,90.91,-180.87,0
14214,83.33,-181.30,0
14225,90.91,-184.14,0
14236,90.91,-186.27,0
14248,83.33,-185.59,0
14260,83.33,-183.11,0
14271,90.91,-182.85,0
14282,90.91,-184.49,0
14294,83.33,-187.21,0
14305,90.91,-187.04,0
14317,83.33,-183.95,0
14328,90.91,-181.35,0
14340,83.33,-182.10,0
14351,90.91,-184.00,0
14362,90.91,-185.75,0
14373,90.91,-185.08,0
14386,76.92,-183.14,0
14397,90.91,-181.72,0
14408,90.91,-183.41,0
14419,90.91,-186.33,0
14431,83.33,-186.56,0
14442,90.91,-183.98,0
14454,83.33,-182.14,0
14466,83.33,-182.94,0
14477,90.91,-185.36,0
14488,90.91,-186.19,0
14499,90.91,-184.57,0
14511,83.33,-182.11,0
14523,83.33,-181.47,0
14534,90.91,-183.80,0
14545,90.91,-186.57,0
14557,83.33,-186.72,0
14568,90.91,-184.25,0
14580,90.91,-182.15,0
14592,76.92,-182.24,0
14603,90.91,-184.71,0
14614,90.91,-186.66,0
14625,90.91,-185.34,0
14637,83.33,-182.42,0
14649,90.91,-181.64,0
14660,83.33,-183.05,0
14671,90.91,-185.85,0
14683,83.33,-185.97,0
14694,90.91,-183.98,0
14705,90.91,-182.10,0
14717,83.33,-183.10,0
14729,83.33,-185.48,0
14740,90.91,-186.64,0
14751,90.91,-185.37,0
14763,83.33,-182.95,0
14774,90.91,-181.98,0
14786,83.33,-183.37,0
14797,90.91,-186.26,0
14809,83.33,-185.73,0
14820,90.91,-183.73,0
14831,90.91,-182.37,0
14842,90.91,-183.25,0
14855,76.92,-186.18,0
14866,90.91,-187.76,0
14877,90.91,-186.42,0
14888,90.91,-183.60,0
14900,83.33,-182.42,0
14911,90.91,-183.77,0
14923,83.33,-185.83,0
14935,83.33,-185.68,0
14946,90.91,-183.89,0
14957,90.91,-182.39,0
14968,90.91,-182.89,0
14980,83.33,-185.88,0
14992,83.33,-187.78,0
15003,90.91,-185.97,0
15014,90.91,-183.84,0
15026,83.33,-182.64,0
15037,90.91,-184.33,0
15048,90.91,-186.36,0
15060,83.33,-185.44,0
15072,83.33,-183.22,0
15083,90.91,-181.74,0
15094,90.91,-183.04,0
15106,83.33,-185.23,0
15117,90.91,-186.91,0
15129,83.33,-186.05,0
15140,90.91,-183.95,0
15152,83.33,-182.89,0
15163,90.91,-184.44,0
15174,90.91,-186.47,0
15186,90.91,-186.48,0
15198,76.92,-184.00,0
15209,90.91,-181.45,0
15220,90.91,-181.68,0
15232,83.33,-184.86,0
15243,90.91,-186.51,0
15255,90.91,-184.60,0
15266,83.33,-182.33,0
15278,83.33,-182.51,0
15289,90.91,-185.04,0
15300,90.91,-187.49,0
15311,90.91,-187.26,0
15324,83.33,-184.99,0
15335,90.91,-182.39,0
15346,90.91,-182.74,0
15357,90.91,-185.21,0
15369,83.33,-185.94,0
15380,90.91,-183.82,0
15392,83.33,-181.45,0
15404,83.33,-182.42,0
15415,90.91,-184.45,0
15426,90.91,-186.84,0
15437,90.91,-187.48,0
15449,83.33,-184.93,0
15461,83.33,-182.27,0
15472,90.91,-182.89,0
15483,90.91,-184.88,0
15495,83.33,-185.76,0
15506,90.91,-183.80,0
15517,90.91,-181.40,0
15529,83.33,-181.26,0
15541,83.33,-183.69,0
15552,90.91,-186.16,0
15563,90.91,-186.28,0
15575,83.33,-184.00,0
15586,90.91,-182.84,0
15598,83.33,-183.99,0
15609,90.91,-186.37,0
15621,83.33,-187.42,0
15632,90.91,-185.11,0
15643,90.91,-182.01,0
15654,90.91,-181.33,0
15667,76.92,-183.23,0
15678,90.91,-186.17,0
15689,90.91,-186.02,0
15700,90.91,-183.91,0
15712,83.33,-182.75,0
15723,90.91,-183.79,0
15735,83.33,-185.93,0
15747,83.33,-187.35,0
15758,90.91,-185.68,0
15769,90.91,-183.24,0
15780,90.91,-182.23,0
15792,83.33,-183.23,0
15804,83.33,-185.25,0
15815,90.91,-184.60,0
15826,90.91,-183.22,0
15838,83.33,-182.12,0
15849,90.91,-183.75,0
15860,90.91,-186.37,0
15873,76.92,-187.62,0
15884,90.91,-186.00,0
15895,90.91,-183.67,0
15906,90.91,-182.84,0
15918,83.33,-183.96,0
15929,90.91,-185.57,0
15941,83.33,-185.01,0
15952,90.91,-182.45,0
15964,83.33,-181.09,0
15975,90.91,-182.36,0
15986,90.91,-185.47,0
15998,90.91,-186.44,0
16010,76.92,-185.45,0
16021,90.91,-183.03,0
16032,90.91,-182.81,0
16044,83.33,-185.03,0
16055,90.91,-186.88,0
16067,90.91,-186.13,0
16078,83.33,-183.13,0
16090,83.33,-181.34,0
16101,90.91,-182.22,0
16112,90.91,-185.01,0
16123,90.91,-186.27,0
16136,83.33,-184.38,0
16147,83.33,-182.47,0
16158,90.91,-182.36,0
16169,90.91,-184.70,0
16181,83.33,-186.60,0
16192,90.91,-185.87,0
16204,83.33,-183.87,0
16216,83.33,-182.14,0
16227,90.91,-183.19,0
16238,90.91,-185.64,0
16249,90.91,-186.20,0
16261,83.33,-183.97,0
16273,83.33,-181.57,0
16284,90.91,-181.80,0
16295,90.91,-184.24,0
16307,83.33,-186.27,0
16318,90.91,-186.10,0
16329,90.91,-184.02,0
16342,76.92,-182.55,0
16353,90.91,-183.36,0
16364,90.91,-185.55,0
16375,90.91,-186.50,0
16387,83.33,-184.49,0
16398,90.91,-181.38,0
16410,83.33,-181.86,0
16421,90.91,-183.98,0
16433,83.33,-186.88,0
16444,90.91,-186.87,0
16455,90.91,-184.43,0
16466,90.91,-183.17,0
16479,76.92,-184.38,0
16490,90.91,-187.09,0
16501,90.91,-187.23,0
16513,83.33,-184.19,0
16524,90.91,-181.89,0
16535,90.91,-181.45,0
16547,83.33,-183.53,0
16559,83.33,-186.60,0
16570,90.91,-186.23,0
16581,90.91,-184.50,0
16592,90.91,-183.28,0
16604,83.33,-184.29,0
16616,83.33,-186.58,0
16627,90.91,-186.57,0
16638,90.91,-184.17,0
16650,83.33,-182.03,0
16661,90.91,-182.04,0
16672,90.91,-183.86,0
16685,76.92,-185.36,0
16696,90.91,-184.89,0
16707,90.91,-183.05,0
16718,90.91,-182.64,0
16730,83.33,-184.11,0
16741,90.91,-186.52,0
16753,83.33,-187.45,0
16764,90.91,-186.07,0
16776,83.33,-183.78,0
16787,90.91,-183.28,0
16798,90.91,-184.92,0
16811,90.91,-186.38,0
16822,76.92,-185.16,0
16833,90.91,-182.17,0
16844,90.91,-180.84,0
16856,83.33,-183.01,0
16867,90.91,-185.95,0
16879,90.91,-186.92,0
16890,83.33,-185.20,0
16902,83.33,-184.03,0
16913,90.91,-183.84,0
16924,90.91,-185.16,0
16935,90.91,-186.94,0
16948,83.33,-185.51,0
16959,83.33,-182.84,0
16970,90.91,-180.72,0
16982,83.33,-182.42,0
16993,90.91,-185.21,0
17004,90.91,-186.74,0
17016,83.33,-185.53,0
17028,83.33,-183.58,0
17039,90.91,-184.16,0
17050,90.91,-186.15,0
17061,90.91,-187.32,0
17073,83.33,-186.08,0
17085,83.33,-183.35,0
17096,90.91,-181.78,0
17107,90.91,-183.18,0
17119,83.33,-185.40,0
17130,90.91,-185.77,0
17141,90.91,-183.83,0
17154,76.92,-182.50,0
17165,90.91,-183.37,0
17176,90.91,-185.60,0
17187,90.91,-187.63,0
17199,83.33,-187.34,0
17210,90.91,-184.44,0
17222,83.33,-182.66,0
17233,90.91,-182.93,0
17245,83.33,-184.92,0
17256,90.91,-185.31,0
17267,90.91,-183.05,0
17278,90.91,-180.94,0
17291,76.92,-181.62,0
17302,90.91,-184.57,0
17313,90.91,-187.08,0
17325,83.33,-187.32,0
17336,90.91,-185.12,0
17347,90.91,-184.00,0
17359,83.33,-184.76,0
17371,83.33,-186.24,0
17382,90.91,-186.07,0
17393,90.91,-183.00,0
17404,90.91,-180.99,0
17416,83.33,-181.04,0
17428,83.33,-183.60,0
17439,90.91,-186.06,0
17451,83.33,-184.93,0
17462,90.91,-183.46,0
17473,90.91,-183.05,0
17484,90.91,-184.52,0
17497,76.92,-187.02,0
17508,90.91,-186.98,0
17519,90.91,-184.34,0
17530,90.91,-181.20,0
17542,83.33,-180.89,0
17553,90.91,-182.60,0
17565,83.33,-184.73,0
17576,90.91,-184.06,0
17588,83.33,-182.67,0
17599,90.91,-182.79,0
17610,90.91,-185.05,0
17623,83.33,-187.56,0
17634,83.33,-188.34,0
17645,90.91,-185.71,0
17656,90.91,-182.30,0
17668,83.33,-182.02,0
17679,90.91,-183.25,0
17691,90.91,-184.26,0
17702,83.33,-183.58,0
17714,83.33,-181.43,0
17725,90.91,-181.12,0
17736,90.91,-183.52,0
17747,90.91,-186.88,0
17760,76.92,-188.22,0
17771,90.91,-186.17,0
17782,90.91,-184.24,0
17794,83.33,-183.76,0
17805,90.91,-185.17,0
17816,90.91,-185.85,0
17828,83.33,-183.77,0
17840,83.33,-180.84,0
17851,90.91,-179.90,0
17862,90.91,-181.40,0
17873,90.91,-184.75,0
17885,83.33,-186.38,0
17897,83.33,-185.47,0
17908,90.91,-184.40,0
17920,83.33,-184.97,0
17931,90.91,-187.49,0
17942,90.91,-187.98,0
17953,90.91,-185.51,0
17966,76.92,-182.43,0
17977,90.91,-179.90,0
17988,90.91,-181.85,0
17999,90.91,-184.40,0
18011,83.33,-185.60,0
18022,90.91,-184.67,0
18034,83.33,-182.87,0
18045,90.91,-184.54,0
18057,83.33,-187.34,0
18068,90.91,-188.59,0
18079,90.91,-186.52,0
18091,83.33,-183.25,0
18103,83.33,-181.79,0
18114,90.91,-182.87,0
18125,90.91,-184.34,0
18137,83.33,-184.72,0
18148,90.91,-182.90,0
18159,90.91,-181.30,0
18171,83.33,-182.76,0
18183,83.33,-185.98,0
18194,90.91,-188.08,0
18205,90.91,-187.35,0
18216,90.91,-184.34,0
18228,83.33,-182.70,0
18240,83.33,-183.12,0
18251,90.91,-185.04,0
18263,83.33,-184.62,0
18274,90.91,-182.14,0
18285,90.91,-180.67,0
18296,90.91,-181.20,0
18309,76.92,-183.58,0
18320,90.91,-185.85,0
18331,90.91,-185.91,0
18342,90.91,-184.78,0
18354,83.33,-184.21,0
18365,90.91,-184.81,0
18377,83.33,-186.52,0
18388,90.91,-186.20,0
18400,83.33,-183.29,0
18411,90.91,-180.62,0
18422,90.91,-180.79,0
18434,83.33,-183.16,0
18446,83.33,-185.59,0
18457,90.91,-185.21,0
18468,90.91,-183.03,0
18480,83.33,-182.60,0
18491,90.91,-184.62,0
18503,90.91,-186.82,0
18514,83.33,-186.35,0
18526,83.33,-184.51,0
18537,90.91,-182.23,0
18548,90.91,-182.47,0
18560,83.33,-184.28,0
18572,90.91,-185.63,0
18583,83.33,-184.33,0
18594,90.91,-182.15,0
18606,83.33,-181.39,0
18617,90.91,-183.78,0
18628,90.91,-186.80,0
18640,83.33,-186.97,0
18652,83.33,-185.03,0
18663,90.91,-182.65,0
18674,90.91,-182.79,0
18685,90.91,-184.40,0
18697,83.33,-186.46,0
18709,83.33,-185.20,0
18720,90.91,-182.40,0
18732,83.33,-181.65,0
18743,90.91,-183.54,0
18754,90.91,-187.05,0
18765,90.91,-187.61,0
18778,76.92,-185.28,0
18789,90.91,-183.15,0
18800,90.91,-183.40,0
18811,90.91,-185.25,0
18823,83.33,-187.51,0
18834,90.91,-186.11,0
18846,83.33,-182.78,0
18857,90.91,-181.29,0
18869,83.33,-183.06,0
18880,90.91,-186.24,0
18891,90.91,-186.22,0
18903,83.33,-184.31,0
18915,83.33,-183.06,0
18926,90.91,-183.69,0
18937,90.91,-185.88,0
18949,83.33,-186.84,0
18960,90.91,-185.41,0
18971,90.91,-182.90,0
18983,83.33,-182.15,0
18995,83.33,-183.50,0
19006,90.91,-185.84,0
19017,90.91,-185.90,0
19028,90.91,-183.69,0
19040,83.33,-182.70,0
19052,83.33,-183.36,0
19063,90.91,-185.52,0
19075,83.33,-187.45,0
19086,90.91,-185.83,0
19097,90.91,-182.72,0
19108,90.91,-182.38,0
19121,76.92,-184.25,0
19132,90.91,-186.29,0
19143,90.91,-186.40,0
19154,90.91,-183.97,0
19166,83.33,-182.30,0
19177,90.91,-183.05,0
19189,83.33,-185.59,0
19201,83.33,-187.09,0
19212,90.91,-185.47,0
19223,90.91,-182.31,0
19234,90.91,-182.24,0
19246,83.33,-184.82,0
19258,83.33,-186.93,0
19269,90.91,-186.50,0
19280,90.91,-183.33,0
19292,83.33,-181.13,0
19303,90.91,-181.98,0
19315,90.91,-184.53,0
19326,83.33,-187.12,0
19338,83.33,-185.64,0
19349,90.91,-183.04,0
19360,90.91,-182.77,0
19372,83.33,-184.07,0
19384,90.91,-186.68,0
19395,83.33,-186.70,0
19406,90.91,-183.68,0
19418,83.33,-181.49,0
19429,90.91,-182.69,0
19440,90.91,-184.74,0
19452,83.33,-186.76,0
19464,83.33,-184.83,0
19475,90.91,-182.79,0
19486,90.91,-182.85,0
19497,90.91,-184.47,0
19509,83.33,-187.23,0
19521,83.33,-187.57,0
19532,90.91,-184.47,0
19544,83.33,-182.17,0
19555,90.91,-182.65,0
19566,90.91,-184.88,0
19577,90.91,-185.85,0
19590,76.92,-184.59,0
19601,90.91,-182.28,0
19612,90.91,-182.47,0
19623,90.91,-184.35,0
19635,83.33,-185.87,0
19646,90.91,-186.23,0
19658,83.33,-184.19,0
19670,83.33,-181.92,0
19681,90.91,-182.69,0
19692,90.91,-185.20,0
19703,90.91,-186.56,0
19715,83.33,-184.58,0
19727,83.33,-182.18,0
19738,90.91,-182.01,0
19749,90.91,-183.52,0
19761,83.33,-186.24,0
19772,90.91,-186.36,0
19783,90.91,-184.20,0
19795,83.33,-182.27,0
19807,83.33,-182.38,0
19818,90.91,-185.69,0
19829,90.91,-186.70,0
19841,83.33,-184.64,0
19852,90.91,-182.25,0
19864,83.33,-182.19,0
19875,90.91,-183.64,0
19887,83.33,-185.94,0
19898,90.91,-185.87,0
19909,90.91,-183.77,0
19920,90.91,-182.35,0
19933,76.92,-183.45,0
19944,90.91,-185.83,0
19955,90.91,-186.90,0
19966,90.91,-185.75,0
19978,83.33,-182.92,0
19990,90.91,-182.08,0
20001,83.33,-183.80,0
20013,83.33,-186.05,0
20024,90.91,-185.80,0
20035,90.91,-183.38,0
20046,90.91,-181.88,0
20059,83.33,-183.05,0
20070,83.33,-185.69,0
20081,90.91,-186.95,0
20092,90.91,-185.64,0
20104,83.33,-183.32,0
20115,90.91,-182.63,0
20127,90.91,-183.76,0
20139,76.92,-186.44,0
20150,90.91,-185.56,0
20161,90.91,-183.15,0
20172,90.91,-182.28,0
20184,83.33,-183.64,0
20196,83.33,-185.62,0
20207,90.91,-186.72,0
20218,90.91,-185.34,0
20230,83.33,-182.68,0
20241,90.91,-183.07,0
20252,90.91,-184.57,0
20264,83.33,-186.42,0
20276,83.33,-185.85,0
20287,90.91,-182.93,0
20298,90.91,-181.26,0
20310,83.33,-182.36,0
20321,90.91,-185.17,0
20333,83.33,-186.47,0
20344,90.91,-185.10,0
20356,83.33,-182.51,0
20367,90.91,-182.22,0
20378,90.91,-184.82,0
20389,90.91,-186.70,0
20402,76.92,-185.84,0
20413,90.91,-183.13,0
20424,90.91,-181.75,0
20435,90.91,-182.45,0
20447,83.33,-184.91,0
20458,90.91,-185.70,0
20470,83.33,-184.04,0
20482,83.33,-181.36,0
20493,90.91,-181.13,0
20504,90.91,-183.70,0
20515,90.91,-186.28,0
20527,83.33,-186.14,0
20539,83.33,-183.24,0
20550,90.91,-181.72,0
20561,90.91,-183.15,0
20573,83.33,-185.40,0
20584,90.91,-186.65,0
20595,90.91,-185.12,0
20608,76.92,-182.55,0
20619,90.91,-181.82,0
20630,90.91,-184.33,0
20641,90.91,-186.81,0
20653,83.33,-185.99,0
20664,90.91,-184.00,0
20676,83.33,-182.58,0
20687,90.91,-183.49,0
20699,83.33,-185.46,0
20710,90.91,-186.04,0
20721,90.91,-184.25,0
20733,90.91,-182.64,0
20745,76.92,-182.36,0
20756,90.91,-184.39,0
20767,90.91,-186.22,0
20779,83.33,-186.25,0
20790,90.91,-184.03,0
20802,90.91,-182.85,0
20813,83.33,-183.81,0
20825,83.33,-185.92,0
20836,90.91,-187.17,0
20847,90.91,-184.76,0
20858,90.91,-182.23,0
20871,83.33,-182.51,0
20882,83.33,-183.89,0
20893,90.91,-185.24,0
20904,90.91,-185.01,0
20916,83.33,-183.25,0
20927,90.91,-182.49,0
20939,83.33,-183.80,0
20951,83.33,-186.55,0
20962,90.91,-187.20,0
20973,90.91,-185.26,0
20984,90.91,-182.26,0
20996,83.33,-182.16,0
21008,83.33,-183.77,0
21019,90.91,-185.54,0
21030,90.91,-184.40,0
21042,83.33,-182.25,0
21053,90.91,-181.44,0
21064,90.91,-183.47,0
21076,83.33,-186.67,0
21088,83.33,-187.23,0
21099,90.91,-185.08,0
21110,90.91,-183.09,0
21122,83.33,-182.84,0
21133,90.91,-184.08,0
21145,83.33,-185.78,0
21156,90.91,-184.95,0
21168,83.33,-182.35,0
21179,90.91,-181.73,0
21190,90.91,-182.94,0
21201,90.91,-185.47,0
21214,76.92,-186.91,0
21225,90.91,-185.04,0
21236,90.91,-183.00,0
21248,83.33,-183.47,0
21259,90.91,-186.03,0
21270,90.91,-186.73,0
21282,83.33,-185.59,0
21294,83.33,-182.51,0
21305,90.91,-180.56,0
21316,90.91,-181.77,0
21327,90.91,-184.58,0
21339,83.33,-185.63,0
21351,83.33,-184.26,0
21362,90.91,-182.48,0
21373,90.91,-183.20,0
21385,83.33,-185.92,0
21396,90.91,-187.42,0
21407,90.91,-185.92,0
21420,76.92,-183.81,0
21431,90.91,-182.08,0
21442,90.91,-182.66,0
21453,90.91,-184.89,0
21465,83.33,-185.32,0
21476,90.91,-183.93,0
21488,83.33,-182.50,0
21499,90.91,-182.72,0
21511,83.33,-185.40,0
21522,90.91,-187.02,0
21533,90.91,-185.61,0
21545,90.91,-182.61,0
21557,76.92,-181.56,0
21568,90.91,-182.95,0
21579,90.91,-184.81,0
21591,83.33,-185.23,0
21602,90.91,-183.26,0
21614,90.91,-181.68,0
21625,83.33,-182.81,0
21637,83.33,-184.88,0
21648,90.91,-187.06,0
21659,90.91,-185.78,0
21670,90.91,-183.80,0
21683,83.33,-183.00,0
21694,83.33,-184.41,0
21705,90.91,-186.13,0
21716,90.91,-186.20,0
21728,83.33,-183.54,0
21739,90.91,-181.40,0
21751,83.33,-181.73,0
21763,83.33,-184.26,0
21774,90.91,-186.41,0
21785,90.91,-186.21,0
21796,90.91,-183.82,0
21808,83.33,-182.97,0
21820,83.33,-184.08,0
21831,90.91,-187.19,0
21842,90.91,-186.91,0
21854,83.33,-184.06,0
21865,90.91,-182.00,0
21876,90.91,-183.07,0
21889,76.92,-184.48,0
21900,90.91,-185.77,0
21911,90.91,-185.05,0
21922,90.91,-183.17,0
21934,83.33,-182.81,0
21945,90.91,-185.12,0
21957,83.33,-187.80,0
21968,90.91,-187.36,0
21980,83.33,-184.65,0
21991,90.91,-182.73,0
22002,90.91,-183.13,0
22013,90.91,-184.98,0
22026,76.92,-186.28,0
22037,90.91,-184.87,0
22048,90.91,-182.36,0
22060,83.33,-181.18,0
22071,90.91,-183.20,0
22082,90.91,-186.38,0
22094,83.33,-186.56,0
22106,83.33,-185.24,0
22117,90.91,-182.86,0
22128,90.91,-183.60,0
22139,90.91,-185.90,0
22151,83.33,-187.29,0
22163,83.33,-185.71,0
22174,90.91,-183.37,0
22185,90.91,-182.07,0
22197,83.33,-183.21,0
22208,90.91,-185.55,0
22219,90.91,-185.81,0
22232,76.92,-184.55,0
22243,90.91,-182.63,0
22254,90.91,-183.25,0
22265,90.91,-185.80,0
22277,83.33,-187.03,0
22289,90.91,-185.13,0
22300,83.33,-182.71,0
22311,90.91,-182.06,0
22323,83.33,-183.58,0
22334,90.91,-185.70,0
22345,90.91,-185.66,0
22358,90.91,-183.48,0
22369,76.92,-182.05,0
22380,90.91,-183.42,0
22391,90.91,-185.58,0
22403,83.33,-187.18,0
22414,90.91,-185.40,0
22426,83.33,-182.45,0
22437,90.91,-182.59,0
22449,83.33,-183.81,0
22460,90.91,-185.79,0
22471,90.91,-185.91,0
22482,90.91,-183.28,0
22495,76.92,-181.78,0
22506,90.91,-182.83,0
22517,90.91,-185.52,0
22529,83.33,-187.31,0
22540,90.91,-185.31,0
22551,90.91,-182.95,0
22563,83.33,-182.48,0
22575,83.33,-184.03,0
22586,90.91,-186.19,0
22597,90.91,-185.54,0
22608,90.91,-183.33,0
22620,83.33,-182.23,0
22632,83.33,-182.91,0
22643,90.91,-185.16,0
22654,90.91,-186.56,0
22666,83.33,-184.55,0
22677,90.91,-182.50,0
22688,90.91,-182.21,0
22701,76.92,-184.31,0
22712,90.91,-187.08,0
22723,90.91,-186.24,0
22734,90.91,-183.31,0
22746,83.33,-181.58,0
22757,90.91,-181.99,0
22769,83.33,-184.70,0
22780,90.91,-186.04,0
22792,83.33,-184.83,0
22803,90.91,-182.59,0
22814,90.91,-182.41,0
22825,90.91,-184.58,0
22838,76.92,-186.83,0
22849,90.91,-186.53,0
22860,90.91,-183.75,0
22872,83.33,-181.95,0
22883,90.91,-182.72,0
22894,90.91,-185.43,0
22906,83.33,-186.51,0
22918,83.33,-184.79,0
22929,90.91,-182.23,0
22940,90.91,-181.77,0
22951,90.91,-184.04,0
22964,83.33,-186.65,0
22975,83.33,-185.92,0
22986,90.91,-183.22,0
22998,83.33,-182.43,0
23009,90.91,-183.65,0
23020,90.91,-185.81,0
23032,90.91,-186.89,0
23044,76.92,-184.94,0
23055,90.91,-182.00,0
23066,90.91,-181.52,0
23077,90.91,-184.07,0
23089,83.33,-186.18,0
23101,90.91,-185.93,0
23112,90.91,-183.79,0
23123,90.91,-182.78,0
23135,83.33,-184.34,0
23146,90.91,-185.83,0
23157,90.91,-186.34,0
23170,76.92,-184.77,0
23181,90.91,-182.77,0
23192,90.91,-182.81,0
23203,90.91,-184.58,0
23215,83.33,-186.77,0
23226,90.91,-185.14,0
23238,83.33,-182.88,0
23249,90.91,-181.62,0
23261,83.33,-183.48,0
23272,90.91,-186.43,0
23283,90.91,-187.28,0
23294,90.91,-184.71,0
23307,76.92,-183.03,0
23318,90.91,-183.17,0
23329,90.91,-184.43,0
23341,83.33,-186.23,0
23352,90.91,-185.61,0
23363,90.91,-183.01,0
23375,83.33,-182.05,0
23387,83.33,-183.25,0
23398,90.91,-186.02,0
23409,90.91,-186.78,0
23420,90.91,-184.93,0
23432,83.33,-182.70,0
23444,83.33,-182.68,0
23455,90.91,-184.68,0
23467,83.33,-186.30,0
23478,90.91,-185.71,0
23489,90.91,-183.09,0
23500,90.91,-181.87,0
23513,76.92,-182.70,0
23524,90.91,-185.03,0
23535,90.91,-186.32,0
23546,90.91,-184.16,0
23558,83.33,-181.96,0
23569,90.91,-183.01,0
23581,83.33,-185.02,0
23592,90.91,-187.11,0
23604,83.33,-186.74,0
23615,90.91,-184.13,0
23626,90.91,-181.84,0
23638,83.33,-183.06,0
23650,83.33,-185.32,0
23661,90.91,-185.65,0
23672,90.91,-183.42,0
23684,83.33,-181.76,0
23695,90.91,-181.82,0
23706,90.91,-184.68,0
23718,83.33,-186.34,0
23730,83.33,-185.62,0
23741,90.91,-183.87,0
23752,90.91,-182.86,0
23763,90.91,-184.04,0
23776,83.33,-186.01,0
23787,83.33,-186.45,0
23798,90.91,-184.13,0
23810,83.33,-182.09,0
23821,90.91,-182.10,0
23832,90.91,-183.91,0
23844,90.91,-186.53,0
23856,76.92,-185.84,0
23867,90.91,-182.76,0
23878,90.91,-181.94,0
23889,90.91,-183.46,0
23901,83.33,-186.48,0
23913,90.91,-186.88,0
23924,83.33,-184.63,0
23936,83.33,-183.03,0
23947,90.91,-182.65,0
23958,90.91,-184.17,0
23969,90.91,-186.00,0
23982,76.92,-185.12,0
23993,90.91,-182.35,0
24004,90.91,-181.72,0
24015,90.91,-183.85,0
24027,83.33,-186.53,0
24038,90.91,-187.05,0
24050,83.33,-184.85,0
24061,90.91,-182.82,0
24073,83.33,-182.81,0
24084,90.91,-184.83,0
24095,90.91,-185.94,0
24107,83.33,-185.06,0
24119,83.33,-182.59,0
24130,90.91,-181.78,0
24141,90.91,-183.86,0
24153,83.33,-186.68,0
24164,90.91,-186.89,0
24175,90.91,-184.72,0
24187,83.33,-182.09,0
24199,83.33,-183.06,0
24210,90.91,-185.01,0
24221,90.91,-187.18,0
24232,90.91,-185.70,0
24244,83.33,-182.61,0
24256,83.33,-181.73,0
24267,90.91,-183.07,0
24279,83.33,-185.97,0
24290,90.91,-186.49,0
24301,90.91,-184.11,0
24312,90.91,-182.69,0
24325,76.92,-183.15,0
24336,90.91,-185.26,0
24347,90.91,-186.78,0
24358,90.91,-185.19,0
24370,83.33,-183.17,0
24381,90.91,-182.08,0
24393,83.33,-184.02,0
24404,90.91,-185.73,0
24416,83.33,-185.07,0
24427,90.91,-183.25,0
24438,90.91,-181.81,0
24450,83.33,-182.86,0
24462,83.33,-185.69,0
24473,90.91,-186.56,0
24484,90.91,-185.64,0
24496,83.33,-183.32,0
24507,90.91,-182.51,0
24518,90.91,-184.10,0
24530,83.33,-186.13,0
24542,83.33,-185.91,0
24553,90.91,-182.94,0
24564,90.91,-181.04,0
24576,83.33,-181.98,0
24587,90.91,-184.13,0
24599,83.33,-186.05,0
24610,90.91,-184.45,0
24622,83.33,-182.33,0
24633,90.91,-182.47,0
24644,90.91,-184.64,0
24655,90.91,-186.99,0
24668,76.92,-186.83,0
24679,90.91,-183.79,0
24690,90.91,-182.07,0
24701,90.91,-182.10,0
24713,83.33,-184.27,0
24725,90.91,-186.17,0
24736,83.33,-184.67,0
24748,83.33,-182.81,0
24759,90.91,-182.78,0
24770,90.91,-184.40,0
24781,90.91,-187.44,0
24794,83.33,-186.84,0
24805,83.33,-184.55,0
24816,90.91,-182.47,0
24827,90.91,-182.96,0
24839,83.33,-184.98,0
24850,90.91,-185.47,0
24862,83.33,-184.05,0
24873,90.91,-181.46,0
24885,83.33,-180.54,0
24896,90.91,-182.96,0
24907,90.91,-185.63,0
24919,83.33,-185.77,0
24931,83.33,-184.24,0
24942,90.91,-182.61,0
24953,90.91,-183.50,0
24965,83.33,-185.70,0
24976,90.91,-186.22,0
24987,90.91,-184.51,0
24999,83.33,-181.73,0
25011,83.33,-181.47,0
25022,90.91,-183.80,0
25033,90.91,-185.28,0
25044,90.91,-185.33,0
25056,83.33,-183.02,0
25068,83.33,-182.75,0
25079,90.91,-184.36,0
25091,83.33,-186.36,0
25102,90.91,-187.72,0
25113,90.91,-185.78,0
25124,90.91,-183.13,0
25137,76.92,-182.70,0
25148,90.91,-184.14,0
25159,90.91,-186.62,0
25170,90.91,-185.74,0
25182,83.33,-183.58,0
25193,90.91,-182.06,0
25205,83.33,-183.24,0
25217,83.33,-186.72,0
25228,90.91,-187.63,0
25239,90.91,-185.55,0
25250,90.91,-183.36,0
25262,83.33,-182.88,0
25274,83.33,-183.98,0
25285,90.91,-185.86,0
25296,90.91,-185.32,0
25308,83.33,-183.38,0
25319,90.91,-181.51,0
25330,90.91,-182.99,0
25342,83.33,-186.11,0
25354,83.33,-186.85,0
25365,90.91,-185.37,0
25376,90.91,-182.93,0
25388,83.33,-183.10,0
25399,90.91,-185.05,0
25411,83.33,-186.58,0
25422,90.91,-185.08,0
25434,83.33,-182.91,0
25445,90.91,-181.98,0
25456,90.91,-182.94,0
25467,90.91,-185.77,0
25480,76.92,-186.84,0
25491,90.91,-184.46,0
25502,90.91,-182.44,0
25513,90.91,-183.07,0
25525,83.33,-185.31,0
25537,90.91,-187.05,0
25548,83.33,-186.74,0
25560,83.33,-183.77,0
25571,90.91,-182.67,0
25582,90.91,-183.61,0
25593,90.91,-185.85,0
25606,83.33,-185.85,0
25617,83.33,-183.94,0
25628,90.91,-182.41,0
25639,90.91,-182.64,0
25651,83.33,-184.89,0
25662,90.91,-187.31,0
25674,90.91,-186.71,0
25686,76.92,-184.25,0
25697,90.91,-182.67,0
25708,90.91,-183.44,0
25719,90.91,-185.72,0
25731,83.33,-185.84,0
25743,83.33,-183.73,0
25754,90.91,-182.45,0
25765,90.91,-182.65,0
25777,83.33,-184.61,0
25788,90.91,-186.78,0
25799,90.91,-185.96,0
25811,83.33,-184.11,0
25823,83.33,-182.37,0
25834,90.91,-184.23,0
25845,90.91,-186.32,0
25857,83.33,-186.44,0
25868,90.91,-184.57,0
25880,83.33,-181.90,0
25891,90.91,-181.71,0
25903,83.33,-183.75,0
25914,90.91,-185.60,0
25925,90.91,-184.87,0
25936,90.91,-182.47,0
25949,76.92,-182.08,0
25960,90.91,-184.07,0
25971,90.91,-187.06,0
25982,90.91,-187.16,0
25994,83.33,-184.75,0
26005,90.91,-182.33,0
26017,83.33,-182.58,0
26029,83.33,-184.44,0
26040,90.91,-186.02,0
26051,90.91,-184.66,0
26062,90.91,-182.91,0
26074,83.33,-182.81,0
26086,83.33,-184.39,0
26097,90.91,-186.88,0
26108,90.91,-187.59,0
26120,83.33,-184.76,0
26131,90.91,-182.37,0
26142,90.91,-182.95,0
26155,76.92,-184.60,0
26166,90.91,-186.34,0
26177,90.91,-185.14,0
26188,90.91,-182.24,0
26200,83.33,-181.38,0
26211,90.91,-183.48,0
26223,83.33,-186.52,0
26234,90.91,-186.96,0
26246,83.33,-185.12,0
26257,90.91,-183.26,0
26268,90.91,-182.91,0
26279,90.91,-184.94,0
26292,76.92,-186.71,0
26303,90.91,-185.71,0
26314,90.91,-182.44,0
26326,83.33,-181.92,0
26337,90.91,-183.79,0
26348,90.91,-186.41,0
26360,83.33,-187.50,0
26372,83.33,-185.33,0
26383,90.91,-182.96,0
26394,90.91,-183.12,0
26405,90.91,-185.19,0
26417,83.33,-187.24,0
26429,83.33,-185.57,0
26440,90.91,-183.12,0
26451,90.91,-181.78,0
26463,83.33,-183.63,0
26474,90.91,-185.56,0
26486,90.91,-186.40,0
26498,76.92,-184.60,0
26509,90.91,-182.84,0
26520,90.91,-182.91,0
26531,90.91,-185.45,0
26543,83.33,-187.19,0
26555,90.91,-185.74,0
26566,83.33,-182.69,0
26577,90.91,-181.47,0
26589,83.33,-182.62,0
26600,90.91,-184.75,0
26611,90.91,-184.98,0
26624,90.91,-183.07,0
26635,76.92,-181.76,0
26646,90.91,-183.20,0
26657,90.91,-185.56,0
26669,83.33,-186.78,0
26680,90.91,-185.41,0
26692,83.33,-182.78,0
26703,90.91,-181.90,0
26715,83.33,-183.32,0
26726,90.91,-185.83,0
26737,90.91,-185.44,0
26748,90.91,-183.25,0
26761,76.92,-182.25,0
26772,90.91,-182.80,0
26783,90.91,-185.43,0
26795,83.33,-187.61,0
26806,90.91,-185.82,0
26817,90.91,-182.89,0
26829,83.33,-183.00,0
26841,83.33,-184.00,0
26852,90.91,-186.05,0
26863,90.91,-185.51,0
26874,90.91,-182.34,0
26886,83.33,-181.03,0
26898,83.33,-181.84,0
26909,90.91,-183.89,0
26920,90.91,-185.81,0
26932,83.33,-184.53,0
26943,90.91,-182.72,0
26954,90.91,-182.24,0
26967,76.92,-184.33,0
26978,90.91,-186.77,0
26989,90.91,-186.53,0
27000,90.91,-184.00,0
27012,83.33,-181.41,0
27023,90.91,-181.82,0
27035,83.33,-184.57,0
27046,90.91,-185.87,0
27058,83.33,-184.69,0
27069,90.91,-182.28,0
27080,90.91,-181.97,0
27091,90.91,-184.75,0
27104,76.92,-187.24,0
27115,90.91,-187.26,0
27126,90.91,-184.84,0
27138,83.33,-182.11,0
27149,90.91,-182.53,0
27160,90.91,-184.87,0
27172,83.33,-185.66,0
27184,83.33,-184.30,0
27195,90.91,-182.21,0
27206,90.91,-181.91,0
27217,90.91,-183.82,0
27229,83.33,-185.82,0
27241,83.33,-185.98,0
27252,90.91,-184.10,0
27264,83.33,-182.51,0
27275,90.91,-182.94,0
27286,90.91,-185.93,0
27298,90.91,-187.02,0
27310,76.92,-184.87,0
27321,90.91,-181.79,0
27332,90.91,-181.77,0
27343,90.91,-183.80,0
27355,83.33,-186.25,0
27367,90.91,-186.49,0
27378,83.33,-183.65,0
27389,90.91,-182.67,0
27401,83.33,-183.86,0
27412,90.91,-185.84,0
27423,90.91,-187.66,0
27436,76.92,-185.42,0
27447,90.91,-183.14,0
27458,90.91,-182.40,0
27469,90.91,-183.70,0
27481,83.33,-185.54,0
27492,90.91,-185.50,0
27504,83.33,-183.35,0
27515,90.91,-182.13,0
27527,83.33,-183.46,0
27538,90.91,-186.26,0
27549,90.91,-187.57,0
27560,90.91,-185.85,0
27573,76.92,-183.65,0
27584,90.91,-182.75,0
27595,90.91,-183.81,0
27607,83.33,-186.26,0
27618,90.91,-185.55,0
27629,90.91,-182.95,0
27641,83.33,-181.83,0
27653,83.33,-182.41,0
27664,90.91,-185.36,0
27675,90.91,-187.11,0
27686,90.91,-184.87,0
27698,83.33,-182.94,0
27710,83.33,-182.53,0
27721,90.91,-184.42,0
27732,90.91,-186.35,0
27744,83.33,-185.24,0
27755,90.91,-182.86,0
27766,90.91,-181.45,0
27779,76.92,-182.55,0
27790,90.91,-185.41,0
27801,90.91,-187.18,0
27812,90.91,-186.01,0
27824,83.33,-183.22,0
27835,90.91,-183.12,0
27847,83.33,-186.00,0
27858,90.91,-186.82,0
27870,83.33,-185.48,0
27881,90.91,-182.49,0
27892,90.91,-181.20,0
27904,83.33,-182.94,0
27916,83.33,-184.48,0
27927,90.91,-185.65,0
27938,90.91,-184.46,0
27950,83.33,-182.94,0
27961,90.91,-183.38,0
27972,90.91,-185.42,0
27984,83.33,-187.48,0
27996,83.33,-186.20,0
28007,90.91,-183.59,0
28018,90.91,-182.04,0
28029,90.91,-182.88,0
28041,83.33,-185.30,0
28053,83.33,-186.17,0
28064,90.91,-183.97,0
28076,83.33,-182.17,0
28087,90.91,-182.24,0
28098,90.91,-184.91,0
28110,90.91,-187.93,0
28122,76.92,-186.94,0
28133,90.91,-184.24,0
28144,90.91,-182.32,0
28155,90.91,-183.53,0
28167,83.33,-185.88,0
28179,90.91,-186.23,0
28190,83.33,-184.04,0
28201,90.91,-181.92,0
28213,83.33,-182.35,0
28224,90.91,-185.13,0
28235,90.91,-187.09,0
28248,83.33,-185.80,0
28259,83.33,-183.82,0
28270,90.91,-182.37,0
28281,90.91,-183.74,0
28293,83.33,-186.30,0
28304,90.91,-185.91,0
28316,83.33,-183.94,0
28327,90.91,-182.07,0
28339,83.33,-182.19,0
28350,90.91,-183.73,0
28361,90.91,-185.31,0
28372,90.91,-185.45,0
28385,76.92,-183.41,0
28396,90.91,-182.29,0
28407,90.91,-183.81,0
28419,83.33,-186.27,0
28430,90.91,-187.08,0
28441,90.91,-184.80,0
28453,83.33,-182.57,0
28465,83.33,-182.16,0
28476,90.91,-183.78,0
28487,90.91,-185.47,0
28498,90.91,-184.34,0
28510,83.33,-182.39,0
28522,83.33,-181.91,0
28533,90.91,-183.85,0
28545,83.33,-186.89,0
28556,90.91,-187.81,0
28567,90.91,-185.34,0
28578,90.91,-182.85,0
28591,76.92,-182.23,0
28602,90.91,-183.72,0
28613,90.91,-185.67,0
28624,90.91,-184.29,0
28636,83.33,-181.26,0
28647,90.91,-180.36,0
28659,83.33,-182.75,0
28670,90.91,-186.20,0
28682,83.33,-187.25,0
28693,90.91,-185.67,0
28704,90.91,-183.85,0
28716,83.33,-183.69,0
28728,83.33,-185.22,0
28739,90.91,-186.15,0
28750,90.91,-184.58,0
28762,83.33,-181.58,0
28773,90.91,-179.85,0
28784,90.91,-182.32,0
28796,83.33,-185.39,0
28808,83.33,-186.69,0
28819,90.91,-184.82,0
28830,90.91,-182.61,0
28841,90.91,-183.73,0
28853,83.33,-185.86,0
28865,83.33,-187.09,0
28876,90.91,-186.15,0
28888,83.33,-182.86,0
28899,90.91,-181.55,0
28910,90.91,-182.56,0
28921,90.91,-184.44,0
28934,76.92,-184.65,0
28945,90.91,-183.13,0
28956,90.91,-181.82,0
28967,90.91,-183.14,0
28979,83.33,-185.41,0
28991,90.91,-186.95,0
29002,83.33,-185.90,0
29014,83.33,-183.54,0
29025,90.91,-182.12,0
29036,90.91,-182.68,0
29047,90.91,-184.81,0
29060,83.33,-185.09,0
29071,83.33,-182.91,0
29082,90.91,-181.65,0
29093,90.91,-181.81,0
29105,83.33,-185.03,0
29116,90.91,-186.70,0
29128,83.33,-186.62,0
29139,90.91,-184.38,0
29151,83.33,-183.37,0
29162,90.91,-184.78,0
29173,90.91,-186.10,0
29185,83.33,-185.81,0
29197,83.33,-183.06,0
29208,90.91,-180.71,0
29219,90.91,-181.83,0
29231,83.33,-184.30,0
29242,90.91,-185.93,0
29253,90.91,-185.26,0
29265,83.33,-183.83,0
29277,83.33,-183.74,0
29288,90.91,-184.89,0
29299,90.91,-186.90,0
29310,90.91,-186.50,0
29322,83.33,-184.00,0
29334,83.33,-181.80,0
29345,90.91,-181.96,0
29357,83.33,-184.42,0
29368,90.91,-185.92,0
29379,90.91,-185.03,0
29390,90.91,-182.29,0
29403,76.92,-181.62,0
29414,90.91,-184.32,0
29425,90.91,-187.47,0
29436,90.91,-187.01,0
29448,83.33,-184.43,0
29459,90.91,-182.20,0
29471,83.33,-182.12,0
29483,83.33,-184.51,0
29494,90.91,-185.32,0
29505,90.91,-184.00,0
29516,90.91,-181.71,0
29528,83.33,-181.76,0
29540,83.33,-183.67,0
29551,90.91,-186.40,0
29562,90.91,-186.47,0
29574,83.33,-184.05,0
29585,90.91,-182.27,0
29597,90.91,-183.17,0
29608,83.33,-185.30,0
29620,83.33,-186.38,0
29631,90.91,-185.09,0
29642,90.91,-182.41,0
29654,83.33,-181.84,0
29666,90.91,-183.54,0
29677,83.33,-186.35,0
29688,90.91,-186.49,0
29700,83.33,-183.96,0
29711,90.91,-182.10,0
29722,90.91,-182.72,0
29734,90.91,-185.69,0
29746,76.92,-186.63,0
29757,90.91,-184.72,0
29768,90.91,-181.36,0
29779,90.91,-180.87,0
29791,83.33,-183.05,0
29803,83.33,-185.65,0
29814,90.91,-186.67,0
29826,83.33,-184.10,0
29837,90.91,-182.47,0
29848,90.91,-183.50,0
29859,90.91,-185.42,0
29872,76.92,-186.49,0
29883,90.91,-184.65,0
29894,90.91,-182.07,0
29905,90.91,-181.89,0
29917,83.33,-183.73,0
29928,90.91,-185.10,0
29940,83.33,-185.21,0
29952,83.33,-183.08,0
29963,90.91,-182.18,0
29974,90.91,-183.60,0
29985,90.91,-186.29,0
29997,83.33,-187.56,0
30009,83.33,-185.91,0
30020,90.91,-183.17,0
30031,90.91,-182.64,0
30043,83.33,-184.23,0
30054,90.91,-185.49,0
30065,90.91,-185.02,0
30077,83.33,-182.83,0
30089,83.33,-180.80,0
30100,90.91,-182.15,0
30111,90.91,-185.71,0
30123,83.33,-187.57,0
30134,90.91,-186.42,0
30146,83.33,-184.20,0
30157,90.91,-183.39,0
30169,83.33,-185.43,0
30180,90.91,-186.79,0
30191,90.91,-185.68,0
30202,90.91,-182.75,0
30215,76.92,-180.91,0
30226,90.91,-181.58,0
30237,90.91,-184.37,0
30248,90.91,-185.60,0
30260,83.33,-185.32,0
30272,90.91,-183.51,0
30283,83.33,-183.48,0
30295,83.33,-185.71,0
30306,90.91,-188.04,0
30317,90.91,-187.31,0
30328,90.91,-184.37,0
30341,83.33,-181.75,0
30352,83.33,-182.79,0
30363,90.91,-184.25,0
30374,90.91,-185.20,0
30386,83.33,-183.84,0
30397,90.91,-182.06,0
30409,83.33,-183.01,0
30420,90.91,-185.29,0
30432,83.33,-188.01,0
30443,90.91,-187.43,0
30454,90.91,-185.09,0
30466,83.33,-183.21,0
30478,83.33,-182.73,0
30489,90.91,-184.29,0
30500,90.91,-185.34,0
30512,83.33,-183.90,0
30523,90.91,-181.92,0
30534,90.91,-181.37,0
30546,83.33,-183.88,0
30558,83.33,-187.33,0
30569,90.91,-187.29,0
30580,90.91,-184.82,0
30592,83.33,-183.15,0
30603,90.91,-183.94,0
30615,83.33,-186.06,0
30626,90.91,-186.84,0
30638,83.33,-184.35,0
30649,90.91,-181.39,0
30660,90.91,-180.89,0
30671,90.91,-182.96,0
30684,76.92,-184.89,0
30695,90.91,-184.74,0
30706,90.91,-183.41,0
30717,90.91,-182.55,0
30729,83.33,-184.38,0
30740,90.91,-186.94,0
30752,83.33,-187.88,0
30764,83.33,-185.29,0
30775,90.91,-182.64,0
30786,90.91,-182.07,0
30797,90.91,-183.92,0
30809,83.33,-185.59,0
30821,83.33,-184.96,0
30832,90.91,-183.05,0
30843,90.91,-182.26,0
30855,83.33,-183.81,0
30866,90.91,-186.49,0
30877,90.91,-187.91,0
30889,83.33,-186.28,0
30901,83.33,-183.80,0
30912,90.91,-182.79,0
30923,90.91,-184.39,0
30935,83.33,-186.50,0
30946,90.91,-185.85,0
30958,83.33,-182.43,0
30969,90.91,-181.05,0
30981,83.33,-182.69,0
30992,90.91,-185.55,0
31003,90.91,-187.22,0
31015,90.91,-185.96,0
31027,76.92,-183.97,0
31038,90.91,-183.95,0
31049,90.91,-185.31,0
31060,90.91,-187.15,0
31072,83.33,-185.70,0
31084,90.91,-182.25,0
31095,83.33,-180.86,0
31107,83.33,-182.28,0
31118,90.91,-185.16,0
31129,90.91,-186.47,0
31140,90.91,-186.04,0
31153,83.33,-183.95,0
31164,83.33,-183.46,0
31175,90.91,-185.50,0
31186,90.91,-187.63,0
31198,83.33,-186.52,0
31209,90.91,-183.66,0
31221,83.33,-181.97,0
31233,83.33,-182.74,0
31244,90.91,-185.23,0
31255,90.91,-186.22,0
31266,90.91,-184.62,0
31278,83.33,-181.78,0
31290,83.33,-182.79,0
31301,90.91,-185.78,0
31312,90.91,-187.99,0
31324,83.33,-187.01,0
31335,90.91,-183.11,0
31346,90.91,-181.61,0
31358,83.33,-182.87,0
31370,83.33,-185.10,0
31381,90.91,-186.23,0
31392,90.91,-184.03,0
31404,83.33,-181.91,0
31415,90.91,-182.02,0
31427,83.33,-184.60,0
31438,90.91,-186.67,0
31450,83.33,-186.00,0
31461,90.91,-184.07,0
31472,90.91,-182.53,0
31483,90.91,-183.56,0
31496,76.92,-185.93,0
31507,90.91,-186.23,0
31518,90.91,-183.27,0
31529,90.91,-181.13,0
31541,83.33,-181.76,0
31552,90.91,-183.67,0
31564,83.33,-186.42,0
31576,83.33,-186.82,0
31587,90.91,-184.20,0
31598,90.91,-183.12,0
31609,90.91,-184.82,0
31621,83.33,-186.95,0
31633,83.33,-187.57,0
31644,90.91,-185.13,0
31655,90.91,-182.26,0
31667,83.33,-181.87,0
31678,90.91,-183.25,0
31689,90.91,-185.34,0
31702,76.92,-186.32,0
31713,90.91,-183.86,0
31724,90.91,-182.04,0
31735,90.91,-183.73,0
31747,83.33,-186.95,0
31758,90.91,-187.50,0
31770,83.33,-185.52,0
31781,90.91,-183.08,0
31793,83.33,-182.27,0
31804,90.91,-184.36,0
31815,90.91,-185.81,0
31827,90.91,-184.46,0
31839,76.92,-182.33,0
31850,90.91,-181.74,0
31861,90.91,-183.56,0
31873,83.33,-186.32,0
31884,90.91,-187.03,0
31896,90.91,-185.20,0
31907,83.33,-183.56,0
31919,83.33,-183.04,0
31930,90.91,-184.42,0
31941,90.91,-185.62,0
31952,90.91,-184.46,0
31965,76.92,-182.03,0
31976,90.91,-181.43,0
31987,90.91,-183.13,0
31998,90.91,-185.69,0
32010,83.33,-186.30,0
32021,90.91,-184.08,0
32033,83.33,-182.56,0
32045,83.33,-183.45,0
32056,90.91,-185.28,0
32067,90.91,-186.68,0
32078,90.91,-185.12,0
32090,83.33,-182.62,0
32102,83.33,-181.10,0
32113,90.91,-182.76,0
32124,90.91,-185.77,0
32136,83.33,-186.15,0
32147,90.91,-184.04,0
32158,90.91,-182.34,0
32171,76.92,-183.30,0
32182,90.91,-186.06,0
32193,90.91,-188.21,0
32204,90.91,-186.67,0
32216,83.33,-183.82,0
32227,90.91,-181.89,0
32239,83.33,-183.13,0
32250,90.91,-184.87,0
32262,83.33,-185.28,0
32273,90.91,-183.18,0
32284,90.91,-181.71,0
32295,90.91,-182.82,0
32308,76.92,-185.48,0
32319,90.91,-187.69,0
32330,90.91,-186.64,0
32342,83.33,-183.66,0
32353,90.91,-182.32,0
32364,90.91,-183.72,0
32376,83.33,-186.11,0
32388,83.33,-186.27,0
32399,90.91,-183.59,0
32410,90.91,-181.39,0
32421,90.91,-181.63,0
32433,83.33,-184.48,0
32445,83.33,-186.83,0
32456,90.91,-186.49,0
32467,90.91,-184.27,0
32479,83.33,-183.20,0
32490,90.91,-184.52,0
32501,90.91,-186.48,0
32514,76.92,-187.26,0
32525,90.91,-184.84,0
32536,90.91,-181.86,0
32547,90.91,-181.89,0
32559,83.33,-184.57,0
32571,90.91,-186.50,0
32582,83.33,-186.00,0
32593,90.91,-183.33,0
32605,83.33,-182.84,0
32616,90.91,-184.37,0
32627,90.91,-186.60,0
32640,90.91,-186.80,0
32651,76.92,-183.89,0
32662,90.91,-181.67,0
32673,90.91,-182.39,0
32685,83.33,-184.52,0
32696,90.91,-186.12,0
32708,90.91,-185.15,0
32719,83.33,-182.88,0
32731,83.33,-182.46,0
32742,90.91,-183.87,0
32753,90.91,-186.11,0
32764,90.91,-186.49,0
32777,76.92,-184.18,0
32788,90.91,-182.67,0
32799,90.91,-183.24,0
32811,83.33,-185.19,0
32822,90.91,-186.77,0
32833,90.91,-185.30,0
32845,83.33,-182.83,0
32857,83.33,-181.86,0
32868,90.91,-183.63,0
32879,90.91,-186.29,0
32890,90.91,-187.07,0
32902,83.33,-185.45,0
32914,83.33,-182.85,0
32925,90.91,-182.81,0
32936,90.91,-184.87,0
32948,83.33,-186.41,0
32959,90.91,-185.25,0
32970,90.91,-182.47,0
32983,76.92,-181.38,0
32994,90.91,-182.79,0
33005,90.91,-185.53,0
33016,90.91,-186.41,0
33028,83.33,-184.48,0
33039,90.91,-183.11,0
33051,83.33,-183.54,0
33062,90.91,-186.10,0
33074,83.33,-187.42,0
33085,90.91,-185.86,0
33096,90.91,-182.90,0
33107,90.91,-181.58,0
33120,76.92,-182.65,0
33131,90.91,-184.97,0
33142,90.91,-185.86,0
33154,83.33,-183.63,0
33165,90.91,-181.51,0
33176,90.91,-182.68,0
33188,83.33,-185.64,0
33200,83.33,-186.90,0
33211,90.91,-185.68,0
33222,90.91,-183.45,0
33233,90.91,-182.13,0
33245,83.33,-183.31,0
33257,83.33,-185.27,0
33268,90.91,-184.92,0
33280,83.33,-183.26,0
33291,90.91,-181.28,0
33302,90.91,-181.67,0
33313,90.91,-184.55,0
33326,76.92,-186.69,0
33337,90.91,-186.09,0
33348,90.91,-183.19,0
33359,90.91,-182.49,0
33371,83.33,-183.63,0
33383,90.91,-185.59,0
33394,83.33,-186.22,0
33405,90.91,-183.03,0
33417,83.33,-181.90,0
33428,90.91,-182.69,0
33439,90.91,-184.81,0
33452,83.33,-186.74,0
33463,83.33,-185.26,0
33474,90.91,-183.23,0
33485,90.91,-182.62,0
33497,83.33,-184.28,0
33508,90.91,-187.37,0
33520,83.33,-186.81,0
33531,90.91,-183.70,0
33543,83.33,-181.46,0
33554,90.91,-182.45,0
33565,90.91,-184.95,0
33576,90.91,-186.34,0
33589,76.92,-185.26,0
33600,90.91,-182.28,0
33611,90.91,-181.41,0
33623,83.33,-183.58,0
33634,90.91,-186.64,0
33645,90.91,-187.02,0
33657,83.33,-184.27,0
33669,83.33,-182.32,0
33680,90.91,-182.82,0
33691,90.91,-185.18,0
33702,90.91,-186.84,0
33714,83.33,-184.52,0
33726,83.33,-182.02,0
33737,90.91,-181.81,0
33748,90.91,-183.73,0
33760,83.33,-186.13,0
33771,90.91,-186.86,0
33782,90.91,-184.60,0
33795,76.92,-182.19,0
33806,90.91,-182.90,0
33817,90.91,-185.35,0
33828,90.91,-186.52,0
33840,83.33,-184.65,0
33851,90.91,-182.55,0
33863,83.33,-182.49,0
33874,90.91,-183.68,0
33886,83.33,-185.66,0
33897,90.91,-186.13,0
33908,90.91,-184.58,0
33920,83.33,-182.57,0
33932,83.33,-183.23,0
33943,90.91,-185.78,0
33954,90.91,-187.16,0
33966,83.33,-186.14,0
33977,90.91,-183.49,0
33989,90.91,-182.49,0
34000,83.33,-183.87,0
34012,83.33,-186.17,0
34023,90.91,-185.29,0
34034,90.91,-183.18,0
34045,90.91,-181.84,0
34058,83.33,-182.67,0
34069,83.33,-185.43,0
34080,90.91,-186.70,0
34092,83.33,-186.03,0
34103,90.91,-183.80,0
34114,90.91,-182.74,0
34126,90.91,-184.76,0
34138,83.33,-186.85,0
34149,90.91,-185.83,0
34160,90.91,-183.17,0
34171,90.91,-182.12,0
34183,83.33,-182.03,0
34195,83.33,-184.42,0
34206,90.91,-186.16,0
34217,90.91,-185.16,0
34229,83.33,-182.22,0
34240,90.91,-182.34,0
34251,90.91,-184.45,0
34264,76.92,-186.86,0
34275,90.91,-186.24,0
34286,90.91,-183.45,0
34297,90.91,-181.24,0
34309,83.33,-181.68,0
34320,90.91,-184.58,0
34332,83.33,-186.03,0
34343,90.91,-184.27,0
34355,83.33,-182.34,0
34366,90.91,-182.76,0
34377,90.91,-184.87,0
34388,90.91,-186.83,0
34401,76.92,-186.79,0
34412,90.91,-184.34,0
34423,90.91,-182.30,0
34435,83.33,-182.43,0
34446,90.91,-184.84,0
34457,90.91,-185.89,0
34469,83.33,-184.24,0
34481,83.33,-181.81,0
34492,90.91,-181.22,0
34503,90.91,-183.52,0
34514,90.91,-186.30,0
34526,83.33,-187.01,0
34538,83.33,-184.50,0
34549,90.91,-182.61,0
34561,83.33,-183.51,0
34572,90.91,-185.93,0
34583,90.91,-186.78,0
34594,90.91,-184.66,0
34607,76.92,-181.87,0
34618,90.91,-181.45,0
34629,90.91,-182.75,0
34640,90.91,-185.25,0
34652,83.33,-185.78,0
34663,90.91,-183.59,0
34675,83.33,-182.69,0
34686,90.91,-183.95,0
34698,83.33,-186.23,0
34709,90.91,-187.05,0
34720,90.91,-185.74,0
34733,83.33,-182.53,0
34744,83.33,-181.29,0
34755,90.91,-183.47,0
34766,90.91,-186.07,0
34778,83.33,-185.86,0
34789,90.91,-183.40,0
34801,90.91,-182.08,0
34812,83.33,-183.12,0
34824,83.33,-185.62,0
34835,90.91,-187.46,0
34846,90.91,-185.51,0
34857,90.91,-182.81,0
34870,83.33,-181.69,0
34881,90.91,-183.14,0
34892,90.91,-185.27,0
34904,83.33,-185.17,0
34915,90.91,-183.29,0
34926,90.91,-181.92,0
34938,83.33,-183.07,0
34950,83.33,-186.09,0
34961,90.91,-187.51,0
34972,90.91,-186.56,0
34983,90.91,-183.61,0
34995,83.33,-182.18,0
35007,83.33,-184.01,0
35018,90.91,-186.15,0
35030,83.33,-185.51,0
35041,90.91,-182.97,0
35052,90.91,-180.63,0
35063,90.91,-181.99,0
35076,76.92,-185.08,0
35087,90.91,-186.11,0
35098,90.91,-185.41,0
35109,90.91,-183.99,0
35121,83.33,-183.97,0
35132,90.91,-186.00,0
35144,83.33,-187.39,0
35155,90.91,-186.39,0
35167,83.33,-183.51,0
35178,90.91,-181.25,0
35189,90.91,-181.81,0
35201,83.33,-183.73,0
35213,83.33,-185.68,0
35224,90.91,-184.08,0
35235,90.91,-182.63,0
35247,83.33,-183.09,0
35258,90.91,-185.92,0
35269,90.91,-187.52,0
35281,83.33,-186.82,0
35293,83.33,-183.97,0
35304,90.91,-182.49,0
35315,90.91,-182.62,0
35326,90.91,-184.34,0
35338,83.33,-185.48,0
35350,83.33,-184.66,0
35361,90.91,-182.47,0
35373,83.33,-182.77,0
35384,90.91,-185.24,0
35395,90.91,-187.36,0
35406,90.91,-186.51,0
35419,76.92,-184.15,0
35430,90.91,-183.23,0
35441,90.91,-184.17,0
35452,90.91,-185.07,0
35464,83.33,-185.67,0
35475,90.91,-184.69,0
35487,83.33,-181.94,0
35499,83.33,-181.77,0
35510,90.91,-184.25,0
35521,90.91,-187.48,0
35532,90.91,-187.38,0
35545,83.33,-185.08,0
35556,83.33,-183.13,0
35567,90.91,-184.03,0
35578,90.91,-185.62,0
35590,83.33,-186.57,0
35601,90.91,-184.26,0
35613,90.91,-182.20,0
35624,83.33,-182.22,0
35636,83.33,-183.49,0
35647,90.91,-185.98,0
35658,90.91,-186.59,0
35670,83.33,-184.24,0
35682,83.33,-182.76,0
35693,90.91,-183.90,0
35704,90.91,-186.02,0
35716,83.33,-187.38,0
35727,90.91,-185.02,0
35738,90.91,-182.57,0
35750,83.33,-182.08,0
35762,83.33,-184.63,0
35773,90.91,-186.58,0
35784,90.91,-186.13,0
35795,90.91,-184.08,0
35807,83.33,-182.78,0
35819,83.33,-183.91,0
35830,90.91,-186.25,0
35842,83.33,-186.81,0
35853,90.91,-185.31,0
35864,90.91,-182.83,0
35875,90.91,-181.74,0
35888,76.92,-183.44,0
35899,90.91,-186.45,0
35910,90.91,-185.78,0
35921,90.91,-183.68,0
35933,83.33,-182.10,0
35944,90.91,-182.51,0
35956,83.33,-185.41,0
35968,83.33,-186.73,0
35979,90.91,-185.41,0
35990,90.91,-182.71,0
36001,90.91,-182.72,0
36013,83.33,-184.41,0
36025,83.33,-186.61,0
36036,90.91,-186.06,0
36047,90.91,-183.40,0
36059,83.33,-181.78,0
36070,90.91,-182.92,0
36081,90.91,-185.19,0
36093,83.33,-186.66,0
36105,83.33,-185.36,0
36116,90.91,-183.04,0
36127,90.91,-182.81,0
36139,83.33,-185.14,0
36150,90.91,-187.07,0
36162,83.33,-186.35,0
36173,90.91,-182.94,0
36185,83.33,-181.24,0
36196,90.91,-182.31,0
36207,90.91,-184.83,0
36218,90.91,-186.39,0
36231,76.92,-184.33,0
36242,90.91,-182.29,0
36253,90.91,-182.10,0
36264,90.91,-185.02,0
36276,83.33,-187.22,0
36287,90.91,-186.14,0
36299,83.33,-183.41,0
36311,83.33,-181.32,0
36322,90.91,-182.01,0
36333,90.91,-184.29,0
36344,90.91,-185.51,0
36357,83.33,-184.19,0
36368,83.33,-181.70,0
36379,90.91,-181.28,0
36390,90.91,-183.59,0
36402,83.33,-185.97,0
36413,90.91,-186.92,0
36425,90.91,-184.62,0
36436,83.33,-182.46,0
36448,83.33,-182.95,0
36459,90.91,-185.15,0
36470,90.91,-186.10,0
36482,83.33,-184.32,0
36494,83.33,-181.12,0
36505,90.91,-180.89,0
36516,90.91,-183.41,0
36528,83.33,-185.62,0
36539,90.91,-185.62,0
36550,90.91,-183.58,0
36562,83.33,-182.56,0
36574,83.33,-183.27,0
36585,90.91,-185.62,0
36596,90.91,-186.48,0
36608,83.33,-184.79,0
36619,90.91,-181.92,0
36631,83.33,-181.32,0
36642,90.91,-183.18,0
36654,83.33,-185.82,0
36665,90.91,-185.41,0
36676,90.91,-183.59,0
36687,90.91,-182.28,0
36700,76.92,-183.85,0
36711,90.91,-186.83,0
36722,90.91,-187.73,0
36733,90.91,-185.93,0
36745,83.33,-183.40,0
36756,90.91,-182.70,0
36768,83.33,-184.25,0
36780,83.33,-186.19,0
36791,90.91,-185.77,0
36802,90.91,-183.42,0
36813,90.91,-182.14,0
36825,83.33,-183.63,0
36837,83.33,-186.19,0
36848,90.91,-187.02,0
36859,90.91,-186.01,0
36871,83.33,-183.71,0
36882,90.91,-183.29,0
36893,90.91,-184.44,0
36905,83.33,-186.56,0
36917,83.33,-186.15,0
36928,90.91,-183.33,0
36939,90.91,-181.82,0
36951,83.33,-182.22,0
36962,90.91,-184.91,0
36974,83.33,-186.96,0
36985,90.91,-185.71,0
36997,83.33,-183.63,0
37008,90.91,-184.03,0
37019,90.91,-184.97,0
37031,90.91,-187.22,0
37043,76.92,-185.94,0
37054,90.91,-183.12,0
37065,90.91,-182.07,0
37076,90.91,-182.78,0
37088,83.33,-185.27,0
37100,90.91,-186.86,0
37111,83.33,-184.95,0
37123,83.33,-183.09,0
37134,90.91,-182.92,0
37145,90.91,-185.09,0
37156,90.91,-187.32,0
37169,76.92,-186.41,0
37180,90.91,-184.22,0
37191,90.91,-182.90,0
37202,90.91,-183.08,0
37214,83.33,-185.19,0
37225,90.91,-185.78,0
37237,83.33,-184.19,0
37249,83.33,-181.73,0
37260,90.91,-181.91,0
37271,90.91,-183.70,0
37282,90.91,-186.28,0
37294,83.33,-185.95,0
37306,83.33,-183.91,0
37317,90.91,-182.30,0
37328,90.91,-183.43,0
37340,83.33,-185.82,0
37351,90.91,-186.62,0
37362,90.91,-184.67,0
37374,83.33,-182.23,0
37386,83.33,-181.49,0
37397,90.91,-183.59,0
37408,90.91,-185.98,0
37420,83.33,-185.81,0
37431,90.91,-183.78,0
37443,83.33,-182.90,0
37454,90.91,-184.21,0
37466,83.33,-186.04,0
37477,90.91,-187.00,0
37488,90.91,-185.13,0
37499,90.91,-182.07,0
37512,76.92,-182.05,0
37523,90.91,-184.01,0
37534,90.91,-186.07,0
37545,90.91,-185.73,0
37557,83.33,-183.80,0
37568,90.91,-182.27,0
37580,83.33,-182.99,0
37592,83.33,-185.75,0
37603,90.91,-186.75,0
37614,90.91,-185.51,0
37625,90.91,-182.94,0
37637,83.33,-182.29,0
37649,83.33,-184.04,0
37660,90.91,-186.26,0
37671,90.91,-185.97,0
37683,83.33,-183.19,0
37694,90.91,-181.35,0
37705,90.91,-182.48,0
37718,76.92,-185.40,0
37729,90.91,-187.01,0
37740,90.91,-185.87,0
37751,90.91,-183.51,0
37763,83.33,-183.32,0
37775,90.91,-185.39,0
37786,83.33,-187.38,0
37797,90.91,-186.45,0
37809,83.33,-182.98,0
37820,90.91,-181.42,0
37831,90.91,-182.29,0
37843,90.91,-184.70,0
37855,76.92,-186.46,0
37866,90.91,-185.54,0
37877,90.91,-183.44,0
37889,83.33,-183.86,0
37900,90.91,-185.64,0
37912,83.33,-188.01,0
37923,90.91,-186.96,0
37935,83.33,-183.45,0
37946,90.91,-181.82,0
37957,90.91,-182.91,0
37968,90.91,-184.79,0
37981,76.92,-185.77,0
37992,90.91,-184.57,0
38003,90.91,-182.05,0
38014,90.91,-183.05,0
38026,83.33,-185.56,0
38037,90.91,-188.25,0
38049,83.33,-187.09,0
38061,83.33,-184.67,0
38072,90.91,-182.80,0
38083,90.91,-183.01,0
38094,90.91,-185.27,0
38106,83.33,-186.14,0
38118,83.33,-183.81,0
38129,90.91,-181.78,0
38140,90.91,-181.34,0
38152,83.33,-183.94,0
38163,90.91,-186.47,0
38174,90.91,-185.95,0
38187,76.92,-184.28,0
38198,90.91,-182.74,0
38209,90.91,-183.63,0
38220,90.91,-186.36,0
38232,83.33,-186.70,0
38243,90.91,-184.18,0
38255,83.33,-181.35,0
38266,90.91,-181.20,0
38278,83.33,-184.02,0
38289,90.91,-186.31,0
38300,90.91,-185.83,0
38311,90.91,-183.62,0
38324,76.92,-182.48,0
38335,90.91,-184.08,0
38346,90.91,-186.22,0
38358,83.33,-186.77,0
38369,90.91,-184.34,0
38380,90.91,-181.55,0
38392,83.33,-181.33,0
38404,83.33,-183.58,0
38415,90.91,-185.21,0
38426,90.91,-184.24,0
38437,90.91,-181.97,0
38449,83.33,-181.17,0
38461,83.33,-182.69,0
38472,90.91,-185.68,0
38483,90.91,-187.54,0
38495,83.33,-185.44,0
38506,90.91,-182.59,0
38518,90.91,-182.31,0
38530,76.92,-184.50,0
38541,90.91,-186.02,0
38552,90.91,-185.49,0
38563,90.91,-182.36,0
38575,83.33,-180.97,0
38587,90.91,-182.30,0
38598,83.33,-185.48,0
38609,90.91,-186.81,0
38621,83.33,-185.64,0
38632,90.91,-183.27,0
38643,90.91,-182.63,0
38656,76.92,-184.72,0
38667,90.91,-186.46,0
38678,90.91,-185.69,0
38689,90.91,-183.37,0
38701,83.33,-182.12,0
38712,90.91,-183.15,0
38724,83.33,-185.76,0
38735,90.91,-186.20,0
38747,83.33,-184.22,0
38758,90.91,-182.18,0
38769,90.91,-182.50,0
38780,90.91,-184.82,0
38793,76.92,-186.68,0
38804,90.91,-186.11,0
38815,90.91,-183.94,0
38827,83.33,-182.60,0
38838,90.91,-183.47,0
38849,90.91,-185.46,0
38861,83.33,-186.25,0
38873,83.33,-184.36,0
38884,90.91,-181.79,0
38895,90.91,-181.70,0
38906,90.91,-183.62,0
38918,83.33,-186.31,0
38930,83.33,-186.28,0
38941,90.91,-184.35,0
38952,90.91,-182.97,0
38964,83.33,-183.71,0
38975,90.91,-185.33,0
38986,90.91,-185.85,0
38999,76.92,-184.30,0
39010,90.91,-182.05,0
39021,90.91,-181.96,0
39032,90.91,-184.57,0
39044,83.33,-186.50,0
39055,90.91,-185.89,0
39067,83.33,-183.20,0
39078,90.91,-181.65,0
39090,83.33,-182.80,0
39101,90.91,-184.86,0
39112,90.91,-186.31,0
39123,90.91,-184.16,0
39136,76.92,-182.50,0
39147,90.91,-182.71,0
39158,90.91,-184.51,0
39170,83.33,-186.21,0
39181,90.91,-185.50,0
39192,90.91,-183.20,0
39204,83.33,-182.12,0
39216,83.33,-183.66,0
39227,90.91,-185.89,0
39238,90.91,-186.78,0
39249,90.91,-184.39,0
39262,83.33,-182.55,0
39273,83.33,-182.59,0
39284,90.91,-184.11,0
39296,83.33,-186.24,0
39307,90.91,-185.75,0
39318,90.91,-183.42,0
39330,90.91,-182.03,0
39342,76.92,-183.42,0
39353,90.91,-185.97,0
39364,90.91,-186.16,0
39375,90.91,-184.64,0
39387,83.33,-182.50,0
39399,83.33,-182.81,0
39410,90.91,-185.08,0
39421,90.91,-186.78,0
39433,83.33,-185.94,0
39444,90.91,-183.44,0
39455,90.91,-182.03,0
39468,76.92,-183.35,0
39479,90.91,-185.87,0
39490,90.91,-187.08,0
39501,90.91,-184.57,0
39513,83.33,-182.42,0
39524,90.91,-182.12,0
39536,83.33,-184.41,0
39547,90.91,-186.43,0
39559,83.33,-186.33,0
39570,90.91,-183.83,0
39581,90.91,-182.41,0
39592,90.91,-183.48,0
39605,76.92,-186.19,0
39616,90.91,-187.59,0
39627,90.91,-185.41,0
39639,83.33,-183.00,0
39650,90.91,-183.23,0
39661,90.91,-184.98,0
39673,83.33,-186.37,0
39685,83.33,-185.73,0
39696,90.91,-182.81,0
39707,90.91,-181.67,0
39718,90.91,-183.52,0
39730,83.33,-186.14,0
39742,83.33,-187.22,0
39753,90.91,-186.03,0
39764,90.91,-183.85,0
39776,83.33,-183.87,0
39787,90.91,-185.81,0
39798,90.91,-187.69,0
39811,76.92,-186.62,0
39822,90.91,-183.56,0
39833,90.91,-182.02,0
39844,90.91,-183.13,0
39856,83.33,-185.40,0
39867,90.91,-186.61,0
39879,83.33,-184.90,0
39890,90.91,-183.26,0
39902,83.33,-183.26,0
39913,90.91,-185.40,0
39924,90.91,-187.35,0
39936,83.33,-186.76,0
39948,83.33,-183.98,0
39959,90.91,-182.42,0
39970,90.91,-183.19,0
39982,83.33,-185.51,0
39993,90.91,-185.89,0
40005,90.91,-183.45,0
40016,83.33,-181.53,0
40028,83.33,-181.72,0
40039,90.91,-184.54,0
40050,90.91,-187.51,0
40061,90.91,-187.25,0
40074,83.33,-184.95,0
40085,83.33,-183.55,0
40096,90.91,-184.07,0
40108,83.33,-185.65,0
40119,90.91,-186.43,0
40130,90.91,-183.97,0
40142,83.33,-181.79,0
40154,83.33,-182.12,0
40165,90.91,-183.92,0
40176,90.91,-186.08,0
40187,90.91,-185.37,0
40199,83.33,-183.74,0
40211,83.33,-182.72,0
40222,90.91,-183.87,0
40233,90.91,-186.19,0
40245,83.33,-186.71,0
40256,90.91,-184.85,0
40267,90.91,-182.09,0
40280,76.92,-181.54,0
40291,90.91,-183.75,0
40302,90.91,-185.58,0
40313,90.91,-184.61,0
40325,83.33,-182.60,0
40336,90.91,-181.59,0
40348,83.33,-183.00,0
40359,90.91,-186.05,0
40371,83.33,-187.51,0
40382,90.91,-185.33,0
40393,90.91,-182.06,0
40404,90.91,-181.86,0
40417,76.92,-183.74,0
40428,90.91,-185.05,0
40439,90.91,-184.70,0
40451,83.33,-182.78,0
40462,90.91,-181.83,0
40473,90.91,-183.27,0
40485,83.33,-186.11,0
40497,83.33,-187.31,0
40508,90.91,-185.96,0
40519,90.91,-183.18,0
40530,90.91,-183.12,0
40542,83.33,-185.31,0
40554,83.33,-186.75,0
40565,90.91,-185.13,0
40577,83.33,-182.75,0
40588,90.91,-181.49,0
40599,90.91,-182.93,0
40610,90.91,-185.56,0
40623,76.92,-186.61,0
40634,90.91,-184.76,0
40645,90.91,-182.74,0
40656,90.91,-182.91,0
40668,83.33,-185.05,0
40680,90.91,-187.21,0
40691,83.33,-185.97,0
40702,90.91,-183.49,0
40714,83.33,-182.24,0
40725,90.91,-183.26,0
40736,90.91,-185.69,0
40749,83.33,-186.61,0
40760,83.33,-184.27,0
40771,90.91,-182.70,0
40782,90.91,-182.81,0
40794,83.33,-184.81,0
40805,90.91,-187.03,0
40817,83.33,-186.13,0
40828,90.91,-183.88,0
40840,83.33,-182.51,0
40851,90.91,-183.70,0
40862,90.91,-186.02,0
40873,90.91,-187.27,0
40886,76.92,-185.22,0
40897,90.91,-182.63,0
40908,90.91,-182.06,0
40920,83.33,-184.02,0
40931,90.91,-186.90,0
40942,90.91,-186.24,0
40954,83.33,-184.18,0
40966,83.33,-182.46,0
40977,90.91,-184.14,0
40988,90.91,-186.43,0
40999,90.91,-187.23,0
41011,83.33,-185.27,0
41023,83.33,-182.63,0
41034,90.91,-182.39,0
41046,83.33,-184.00,0
41057,90.91,-186.71,0
41068,90.91,-185.82,0
41079,90.91,-184.04,0
41092,76.92,-182.68,0
41103,90.91,-183.50,0
41114,90.91,-185.67,0
41125,90.91,-186.48,0
41137,83.33,-184.64,0
41148,90.91,-182.39,0
41160,83.33,-182.53,0
41171,90.91,-184.26,0
41183,83.33,-185.59,0
41194,90.91,-185.03,0
41205,90.91,-182.21,0
41217,83.33,-181.02,0
41229,83.33,-182.65,0
41240,90.91,-185.46,0
41251,90.91,-186.81,0
41263,83.33,-184.90,0
41274,90.91,-183.03,0
41285,90.91,-182.44,0
41297,83.33,-183.99,0
41309,83.33,-185.96,0
41320,90.91,-185.13,0
41331,90.91,-182.63,0
41342,90.91,-181.72,0
41355,83.33,-183.64,0
41366,83.33,-185.92,0
41377,90.91,-187.14,0
41389,83.33,-185.04,0
41400,90.91,-182.39,0
41411,90.91,-182.51,0
41423,83.33,-183.92,0
41435,83.33,-185.79,0
41446,90.91,-185.46,0
41457,90.91,-183.11,0
41468,90.91,-181.41,0
41480,83.33,-182.33,0
41492,83.33,-185.36,0
41503,90.91,-187.14,0
41515,83.33,-185.42,0
41526,90.91,-182.39,0
41537,90.91,-182.86,0
41548,90.91,-184.90,0
41561,76.92,-187.56,0
41572,90.91,-187.30,0
41583,90.91,-184.54,0
41594,90.91,-182.53,0
41606,83.33,-182.71,0
41617,90.91,-185.28,0
41629,83.33,-185.97,0
41640,90.91,-183.82,0
41652,83.33,-181.68,0
41663,90.91,-182.01,0
41674,90.91,-184.81,0
41686,83.33,-187.08,0
41698,83.33,-186.34,0
41709,90.91,-183.42,0
41720,90.91,-182.14,0
41732,83.33,-183.51,0
41743,90.91,-186.21,0
41754,90.91,-186.72,0
41766,83.33,-184.54,0
41778,83.33,-182.64,0
41789,90.91,-183.00,0
41800,90.91,-184.61,0
41811,90.91,-186.60,0
41824,83.33,-186.47,0
41835,83.33,-184.34,0
41846,90.91,-182.62,0
41858,83.33,-183.61,0
41869,90.91,-185.41,0
41880,90.91,-186.39,0
41892,90.91,-183.86,0
41904,76.92,-181.77,0
41915,90.91,-182.50,0
41926,90.91,-184.30,0
41937,90.91,-186.28,0
41949,83.33,-185.45,0
41961,83.33,-183.45,0
41972,90.91,-182.34,0
41984,83.33,-184.03,0
41995,90.91,-186.29,0
42006,90.91,-186.57,0
42017,90.91,-185.19,0
42030,76.92,-182.72,0
42041,90.91,-182.52,0
42052,90.91,-184.36,0
42063,90.91,-185.61,0
42075,83.33,-184.82,0
42086,90.91,-183.49,0
42098,83.33,-182.52,0
42109,90.91,-183.39,0
42121,83.33,-185.89,0
42132,90.91,-186.57,0
42143,90.91,-184.58,0
42155,83.33,-182.88,0
42167,83.33,-182.81,0
42178,90.91,-184.82,0
42189,90.91,-186.21,0
42201,83.33,-185.04,0
42212,90.91,-182.72,0
42223,90.91,-181.50,0
42235,83.33,-184.03,0
42247,83.33,-186.55,0
42258,90.91,-187.17,0
42269,90.91,-185.24,0
42280,90.91,-183.12,0
42292,83.33,-182.99,0
42304,83.33,-185.31,0
42315,90.91,-187.06,0
42327,83.33,-185.75,0
42338,90.91,-182.85,0
42349,90.91,-181.96,0
42361,90.91,-183.71,0
42373,76.92,-185.80,0
42384,90.91,-186.16,0
42395,90.91,-184.30,0
42406,90.91,-182.25,0
42418,83.33,-183.11,0
42430,90.91,-185.22,0
42441,83.33,-186.82,0
42452,90.91,-186.03,0
42464,83.33,-183.80,0
42475,90.91,-182.66,0
42486,90.91,-184.16,0
42499,76.92,-186.33,0
42510,90.91,-186.13,0
42521,90.91,-184.03,0
42532,90.91,-182.08,0
42544,83.33,-182.72,0
42555,90.91,-185.03,0
42567,83.33,-187.25,0
42578,90.91,-186.33,0
42590,83.33,-184.18,0
42601,90.91,-182.86,0
42612,90.91,-183.92,0
42624,83.33,-185.95,0
42636,83.33,-186.56,0
42647,90.91,-184.18,0
42658,90.91,-181.61,0
42670,83.33,-182.07,0
42681,90.91,-184.49,0
42692,90.91,-186.37,0
42704,83.33,-185.65,0
42716,83.33,-183.69,0
42727,90.91,-183.50,0
42738,90.91,-184.32,0
42749,90.91,-186.78,0
42761,83.33,-186.92,0
42773,83.33,-184.54,0
42784,90.91,-182.55,0
42796,83.33,-182.73,0
42807,90.91,-184.03,0
42818,90.91,-186.45,0
42829,90.91,-185.15,0
42842,76.92,-182.42,0
42853,90.91,-182.21,0
42864,90.91,-184.46,0
42875,90.91,-186.85,0
42887,83.33,-187.42,0
42899,90.91,-184.74,0
42910,83.33,-182.22,0
42921,90.91,-182.44,0
42933,83.33,-184.47,0
42944,90.91,-185.49,0
42955,90.91,-184.60,0
42968,76.92,-182.86,0
42979,90.91,-181.76,0
42990,90.91,-183.15,0
43001,90.91,-186.01,0
43013,83.33,-187.24,0
43024,90.91,-185.66,0
43036,83.33,-184.11,0
43047,90.91,-183.97,0
43059,83.33,-184.96,0
43070,90.91,-186.51,0
43081,90.91,-185.62,0
43092,90.91,-182.31,0
43105,76.92,-181.37,0
43116,90.91,-182.46,0
43127,90.91,-184.92,0
43139,83.33,-186.79,0
43150,90.91,-185.01,0
43161,90.91,-183.04,0
43173,83.33,-183.59,0
43185,83.33,-185.81,0
43196,90.91,-187.61,0
43207,90.91,-185.79,0
43218,90.91,-183.01,0
43230,83.33,-181.74,0
43242,83.33,-182.48,0
43253,90.91,-185.00,0
43265,83.33,-185.43,0
43276,90.91,-183.89,0
43287,90.91,-182.74,0
43298,90.91,-182.95,0
43311,76.92,-185.42,0
43322,90.91,-187.52,0
43333,90.91,-186.93,0
43344,90.91,-184.51,0
43356,83.33,-182.45,0
43367,90.91,-183.42,0
43379,83.33,-184.76,0
43390,90.91,-185.07,0
43402,83.33,-183.74,0
43413,90.91,-181.78,0
43424,90.91,-182.08,0
43437,83.33,-184.55,0
43448,83.33,-186.94,0
43459,90.91,-186.57,0
43470,90.91,-183.93,0
43482,83.33,-182.87,0
43493,90.91,-184.05,0
43505,83.33,-186.25,0
43516,90.91,-186.55,0
43528,83.33,-184.09,0
43539,90.91,-181.46,0
43550,90.91,-181.59,0
43561,90.91,-184.05,0
43574,76.92,-186.55,0
43585,90.91,-185.81,0
43596,90.91,-183.65,0
43608,83.33,-182.85,0
43619,90.91,-184.19,0
43630,90.91,-186.27,0
43642,83.33,-185.98,0
43654,83.33,-183.28,0
43665,90.91,-181.50,0
43676,90.91,-182.20,0
43687,90.91,-183.74,0
43699,83.33,-185.36,0
43711,83.33,-184.85,0
43722,90.91,-183.25,0
43734,83.33,-183.15,0
43745,90.91,-184.94,0
43756,90.91,-187.46,0
43767,90.91,-187.66,0
43780,76.92,-185.20,0
43791,90.91,-182.79,0
43802,90.91,-182.49,0
43813,90.91,-183.99,0
43825,83.33,-185.43,0
43836,90.91,-185.05,0
43848,83.33,-183.18,0
43859,90.91,-182.09,0
43871,83.33,-183.34,0
43882,90.91,-185.99,0
43893,90.91,-187.19,0
43905,83.33,-185.09,0
43917,83.33,-183.13,0
43928,90.91,-182.72,0
43939,90.91,-184.36,0
43951,83.33,-186.32,0
43962,90.91,-185.55,0
43974,90.91,-182.39,0
43985,83.33,-181.05,0
43997,83.33,-183.14,0
44008,90.91,-185.84,0
44019,90.91,-186.32,0
44030,90.91,-184.42,0
44043,83.33,-182.62,0
44054,83.33,-183.10,0
44065,90.91,-185.33,0
44077,83.33,-187.28,0
44088,90.91,-185.56,0
44099,90.91,-182.32,0
44111,83.33,-180.73,0
44123,83.33,-182.36,0
44134,90.91,-185.50,0
44145,90.91,-187.10,0
44156,90.91,-184.93,0
44168,83.33,-183.12,0
44180,83.33,-183.41,0
44191,90.91,-185.24,0
44203,83.33,-186.89,0
44214,90.91,-185.30,0
44225,90.91,-183.18,0
44236,90.91,-183.02,0
44249,76.92,-184.33,0
44260,90.91,-186.14,0
44271,90.91,-187.00,0
44282,90.91,-184.72,0
44294,83.33,-182.52,0
44305,90.91,-183.13,0
44317,83.33,-185.34,0
44328,90.91,-187.58,0
44340,83.33,-186.12,0
44351,90.91,-184.00,0
44362,90.91,-182.34,0
44374,83.33,-182.92,0
44386,83.33,-185.10,0
44397,90.91,-185.52,0
44408,90.91,-183.60,0
44420,83.33,-181.18,0
44431,90.91,-182.26,0
44442,90.91,-184.99,0
44454,83.33,-187.50,0
44466,83.33,-186.16,0
44477,90.91,-183.25,0
44488,90.91,-182.49,0
44499,90.91,-183.90,0
44511,83.33,-186.07,0
44523,83.33,-186.66,0
44534,90.91,-184.18,0
44546,83.33,-182.78,0
44557,90.91,-182.97,0
44568,90.91,-184.92,0
44580,90.91,-187.09,0
44592,76.92,-186.20,0
44603,90.91,-183.66,0
44614,90.91,-182.83,0
44625,90.91,-184.30,0
44637,83.33,-187.05,0
44649,90.91,-186.85,0
44660,83.33,-184.05,0
44672,83.33,-182.06,0
44683,90.91,-181.93,0
44694,90.91,-184.84,0
44705,90.91,-186.55,0
44718,83.33,-186.12,0
44729,90.91,-183.77,0
44740,90.91,-182.55,0
44751,90.91,-183.87,0
44763,83.33,-186.91,0
44774,90.91,-187.48,0
44786,83.33,-185.27,0
44797,90.91,-183.02,0
44809,83.33,-182.56,0
44820,90.91,-184.82,0
44831,90.91,-186.35,0
44843,83.33,-185.35,0
44855,83.33,-182.72,0
44866,90.91,-181.94,0
44877,90.91,-183.88,0
44889,83.33,-186.39,0
44900,90.91,-186.80,0
44911,90.91,-184.98,0
44923,83.33,-183.07,0
44935,83.33,-183.31,0
44946,90.91,-185.29,0
44957,90.91,-186.50,0
44968,90.91,-185.77,0
44980,83.33,-183.08,0
44992,83.33,-182.08,0
45003,90.91,-183.31,0
45015,83.33,-186.63,0
45026,90.91,-186.67,0
45037,90.91,-184.53,0
45048,90.91,-182.65,0
45061,76.92,-182.96,0
45072,90.91,-185.18,0
45083,90.91,-186.75,0
45094,90.91,-185.11,0
45106,83.33,-183.01,0
45117,90.91,-182.34,0
45129,83.33,-183.44,0
45140,90.91,-185.75,0
45152,83.33,-186.05,0
45163,90.91,-183.58,0
45174,90.91,-181.62,0
45187,83.33,-183.09,0
45198,83.33,-185.23,0
45209,90.91,-187.46,0
45220,90.91,-186.69,0
45232,83.33,-183.41,0
45243,90.91,-182.54,0
45255,90.91,-184.08,0
45266,83.33,-185.85,0
45278,83.33,-186.26,0
45289,90.91,-184.36,0
45300,90.91,-181.89,0
45312,83.33,-182.40,0
45324,90.91,-184.98,0
45335,83.33,-187.25,0
45346,90.91,-186.28,0
45358,83.33,-183.65,0
45369,90.91,-182.69,0
45380,90.91,-184.04,0
45392,83.33,-186.37,0
45404,83.33,-186.05,0
45415,90.91,-183.89,0
45426,90.91,-181.50,0
45437,90.91,-181.83,0
45449,83.33,-185.22,0
45461,83.33,-187.11,0
45472,90.91,-186.07,0
45484,83.33,-183.43,0
45495,90.91,-182.27,0
45506,90.91,-184.47,0
45517,90.91,-186.17,0
45530,76.92,-186.28,0
45541,90.91,-184.23,0
45552,90.91,-181.39,0
45563,90.91,-181.62,0
45575,83.33,-184.31,0
45586,90.91,-186.28,0
45598,83.33,-185.20,0
45609,90.91,-182.88,0
45621,83.33,-182.26,0
45632,90.91,-184.54,0
45643,90.91,-186.49,0
45655,83.33,-187.41,0
45667,83.33,-184.81,0
45678,90.91,-182.61,0
45689,90.91,-182.47,0
45701,83.33,-183.87,0
45712,90.91,-186.18,0
45723,90.91,-185.39,0
45735,83.33,-183.46,0
45747,83.33,-183.21,0
45758,90.91,-184.65,0
45769,90.91,-186.72,0
45780,90.91,-186.95,0
45792,83.33,-184.74,0
45804,83.33,-182.75,0
45815,90.91,-182.37,0
45827,83.33,-184.24,0
45838,90.91,-185.41,0
45849,90.91,-184.86,0
45861,90.91,-182.55,0
45873,76.92,-181.68,0
45884,90.91,-182.82,0
45895,90.91,-185.60,0
45906,90.91,-186.83,0
45918,83.33,-185.22,0
45930,83.33,-182.92,0
45941,90.91,-182.63,0
45953,83.33,-184.63,0
45964,90.91,-186.19,0
45975,90.91,-185.18,0
45986,90.91,-182.15,0
45999,76.92,-181.45,0
46010,90.91,-183.45,0
46021,90.91,-185.63,0
46032,90.91,-186.71,0
46044,83.33,-184.98,0
46055,90.91,-182.95,0
46067,83.33,-183.19,0
46078,90.91,-185.15,0
46090,83.33,-186.49,0
46101,90.91,-185.13,0
46112,90.91,-183.12,0
46124,83.33,-181.83,0
46136,83.33,-182.96,0
46147,90.91,-186.10,0
46158,90.91,-186.86,0
46170,83.33,-185.01,0
46181,90.91,-182.44,0
46192,90.91,-183.02,0
46204,83.33,-185.59,0
46216,83.33,-186.68,0
46227,90.91,-185.75,0
46238,90.91,-183.35,0
46249,90.91,-181.81,0
46261,83.33,-183.09,0
46273,83.33,-185.97,0
46284,90.91,-186.45,0
46296,83.33,-184.83,0
46307,90.91,-182.78,0
46318,90.91,-182.80,0
46329,90.91,-184.49,0
46342,76.92,-187.39,0
46353,90.91,-186.63,0
46364,90.91,-183.93,0
46375,90.91,-182.82,0
46387,83.33,-183.80,0
46399,90.91,-186.04,0
46410,83.33,-186.86,0
46422,83.33,-184.29,0
46433,90.91,-182.41,0
46444,90.91,-182.19,0
46455,90.91,-184.57,0
46468,83.33,-186.88,0
46479,83.33,-185.77,0
46490,90.91,-183.22,0
46501,90.91,-182.29,0
46513,83.33,-184.00,0
46524,90.91,-186.12,0
46536,83.33,-187.12,0
46547,90.91,-185.04,0
46559,83.33,-182.89,0
46570,90.91,-183.86,0
46581,90.91,-185.04,0
46593,83.33,-186.68,0
46605,83.33,-185.75,0
46616,90.91,-183.60,0
46627,90.91,-182.73,0
46639,83.33,-183.80,0
46650,90.91,-186.67,0
46661,90.91,-187.00,0
46673,83.33,-184.58,0
46685,83.33,-182.21,0
46696,90.91,-182.74,0
46707,90.91,-184.76,0
46718,90.91,-186.70,0
46730,83.33,-186.31,0
46742,83.33,-184.13,0
46753,90.91,-182.80,0
46765,83.33,-184.02,0
46776,90.91,-186.14,0
46787,90.91,-187.04,0
46798,90.91,-185.13,0
46811,76.92,-182.77,0
46822,90.91,-182.28,0
46833,90.91,-184.19,0
46844,90.91,-185.96,0
46856,83.33,-185.94,0
46867,90.91,-183.07,0
46879,83.33,-181.53,0
46891,83.33,-183.42,0
46902,90.91,-185.86,0
46913,90.91,-186.91,0
46924,90.91,-184.97,0
46937,83.33,-182.11,0
46948,83.33,-182.64,0
46959,90.91,-184.84,0
46970,90.91,-187.00,0
46982,83.33,-185.76,0
46993,90.91,-182.88,0
47005,83.33,-181.27,0
47016,90.91,-182.77,0
47028,83.33,-185.67,0
47039,90.91,-186.55,0
47050,90.91,-184.74,0
47062,83.33,-182.43,0
47074,83.33,-183.04,0
47085,90.91,-185.34,0
47096,90.91,-186.94,0
47108,83.33,-185.52,0
47119,90.91,-182.76,0
47130,90.91,-181.51,0
47142,83.33,-183.13,0
47154,83.33,-185.62,0
47165,90.91,-186.82,0
47176,90.91,-184.66,0
47187,90.91,-183.05,0
47199,83.33,-183.42,0
47211,83.33,-185.42,0
47222,90.91,-187.51,0
47234,83.33,-186.88,0
47245,90.91,-183.80,0
47256,90.91,-181.90,0
47267,90.91,-183.73,0
47280,76.92,-185.48,0
47291,90.91,-185.83,0
47302,90.91,-183.78,0
47313,90.91,-181.50,0
47325,83.33,-182.54,0
47336,90.91,-185.36,0
47348,83.33,-187.16,0
47360,83.33,-186.69,0
47371,90.91,-184.17,0
47382,90.91,-182.91,0
47393,90.91,-184.26,0
47406,83.33,-186.60,0
47417,83.33,-186.45,0
47428,90.91,-183.89,0
47439,90.91,-181.86,0
47451,83.33,-181.99,0
47462,90.91,-184.44,0
47474,90.91,-186.78,0
47485,83.33,-186.21,0
47497,83.33,-184.82,0
47508,90.91,-183.89,0
47519,90.91,-186.13,0
47531,83.33,-187.63,0
47543,83.33,-187.82,0
47554,90.91,-185.36,0
47565,90.91,-182.39,0
47577,83.33,-181.86,0
47588,90.91,-183.82,0
47599,90.91,-186.38,0
47611,83.33,-186.01,0
47623,83.33,-183.60,0
47634,90.91,-183.58,0
47645,90.91,-185.11,0
47656,90.91,-187.44,0
47668,83.33,-188.00,0
47680,83.33,-185.51,0
47691,90.91,-183.30,0
