66,15.15,-183.34,0
77,90.91,-183.66,0
89,83.33,-181.31,0
100,90.91,-180.37,0
111,90.91,-181.44,0
123,83.33,-184.28,0
135,83.33,-185.84,0
146,90.91,-184.31,0
157,90.91,-181.07,0
168,90.91,-180.66,0
180,83.33,-182.30,0
192,83.33,-183.85,0
203,90.91,-183.25,0
215,83.33,-180.68,0
226,90.91,-179.98,0
237,90.91,-181.65,0
248,90.91,-184.22,0
261,76.92,-184.65,0
272,90.91,-182.08,0
283,90.91,-181.32,0
294,90.91,-183.50,0
306,83.33,-185.13,0
317,90.91,-184.74,0
329,83.33,-182.32,0
340,90.91,-180.45,0
352,83.33,-180.66,0
363,90.91,-182.63,0
374,90.91,-184.39,0
386,83.33,-183.28,0
398,83.33,-181.29,0
409,90.91,-181.38,0
420,90.91,-183.62,0
432,83.33,-185.63,0
443,90.91,-184.86,0
454,90.91,-182.11,0
466,83.33,-180.88,0
478,83.33,-182.40,0
489,90.91,-184.73,0
500,90.91,-184.19,0
512,83.33,-181.82,0
523,90.91,-180.28,0
535,83.33,-182.09,0
546,90.91,-184.44,0
558,83.33,-185.95,0
569,90.91,-184.45,0
580,90.91,-181.65,0
592,90.91,-181.51,0
604,76.92,-183.82,0
615,90.91,-184.64,0
626,90.91,-182.40,0
637,90.91,-179.65,0
649,83.33,-179.61,0
661,90.91,-182.09,0
672,83.33,-184.16,0
684,83.33,-183.81,0
695,90.91,-181.96,0
706,90.91,-182.07,0
717,90.91,-182.62,0
730,76.92,-184.16,0
741,90.91,-184.68,0
752,90.91,-182.05,0
763,90.91,-179.82,0
775,83.33,-180.31,0
786,90.91,-182.35,0
798,83.33,-183.55,0
809,90.91,-182.31,0
821,83.33,-180.09,0
832,90.91,-180.17,0
843,90.91,-182.93,0
855,83.33,-185.04,0
867,83.33,-184.03,0
878,90.91,-181.51,0
889,90.91,-180.80,0
901,83.33,-182.00,0
912,90.91,-183.55,0
923,90.91,-182.88,0
935,83.33,-179.77,0
947,83.33,-179.02,0
958,90.91,-181.31,0
969,90.91,-183.88,0
980,90.91,-184.67,0
992,83.33,-182.64,0
1004,83.33,-181.31,0
1015,90.91,-182.61,0
1027,83.33,-184.28,0
1038,90.91,-184.82,0
1049,90.91,-182.48,0
1060,90.91,-180.09,0
1073,76.92,-180.39,0
1084,90.91,-182.43,0
1095,90.91,-184.28,0
1106,90.91,-183.03,0
1118,83.33,-181.35,0
1129,90.91,-180.60,0
1141,83.33,-182.55,0
1153,83.33,-184.76,0
1164,90.91,-184.69,0
1175,90.91,-182.02,0
1186,90.91,-180.80,0
1198,83.33,-181.67,0
1210,83.33,-183.75,0
1221,90.91,-183.75,0
1232,90.91,-181.26,0
1244,83.33,-180.14,0
1255,90.91,-180.96,0
1267,90.91,-183.41,0
1278,83.33,-184.45,0
1290,83.33,-183.33,0
1301,90.91,-181.22,0
1312,90.91,-181.06,0
1324,83.33,-182.49,0
1336,90.91,-183.95,0
1347,83.33,-183.55,0
1358,90.91,-180.97,0
1370,83.33,-179.32,0
1381,90.91,-180.60,0
1392,90.91,-183.26,0
1404,83.33,-183.83,0
1416,83.33,-181.74,0
1427,90.91,-180.87,0
1438,90.91,-182.25,0
1449,90.91,-184.48,0
1461,83.33,-185.43,0
1473,83.33,-183.26,0
1484,90.91,-180.41,0
1496,83.33,-180.41,0
1507,90.91,-182.46,0
1518,90.91,-184.07,0
1529,90.91,-183.02,0
1542,76.92,-180.25,0
1553,90.91,-179.96,0
1564,90.91,-182.29,0
1575,90.91,-184.72,0
1587,83.33,-184.19,0
1598,90.91,-181.57,0
1610,83.33,-180.48,0
1622,83.33,-181.07,0
1633,90.91,-183.42,0
1644,90.91,-183.98,0
1655,90.91,-181.58,0
1667,83.33,-180.62,0
1679,83.33,-181.76,0
1690,90.91,-183.51,0
1701,90.91,-184.31,0
1713,83.33,-182.67,0
1724,90.91,-181.42,0
1735,90.91,-181.27,0
1747,83.33,-183.14,0
1759,83.33,-184.63,0
1770,90.91,-183.14,0
1781,90.91,-181.02,0
1793,83.33,-180.04,0
1804,90.91,-182.53,0
1816,83.33,-184.64,0
1827,90.91,-184.13,0
1839,83.33,-182.20,0
1850,90.91,-181.15,0
1861,90.91,-182.44,0
1872,90.91,-184.57,0
1885,76.92,-184.90,0
1896,90.91,-182.48,0
1907,90.91,-179.95,0
1918,90.91,-180.57,0
1930,83.33,-182.95,0
1941,90.91,-183.75,0
1953,83.33,-182.44,0
1965,83.33,-180.15,0
1976,90.91,-180.47,0
1987,90.91,-183.27,0
1998,90.91,-185.48,0
2011,83.33,-185.07,0
2022,83.33,-182.07,0
2033,90.91,-181.03,0
2044,90.91,-182.70,0
2056,83.33,-184.37,0
2067,90.91,-183.75,0
2079,90.91,-181.77,0
2091,76.92,-180.01,0
2102,90.91,-181.02,0
2113,90.91,-183.40,0
2124,90.91,-184.84,0
2136,83.33,-183.69,0
2148,83.33,-181.88,0
2159,90.91,-181.78,0
2170,90.91,-183.29,0
2182,83.33,-183.91,0
2193,90.91,-182.69,0
2204,90.91,-180.95,0
2216,83.33,-180.63,0
2228,83.33,-182.84,0
2239,90.91,-184.58,0
2250,90.91,-184.53,0
2262,83.33,-182.27,0
2273,90.91,-181.58,0
2285,83.33,-183.37,0
2296,90.91,-185.45,0
2308,83.33,-186.07,0
2319,90.91,-182.77,0
2330,90.91,-180.57,0
2341,90.91,-180.73,0
2354,76.92,-182.34,0
2365,90.91,-183.65,0
2376,90.91,-182.35,0
2387,90.91,-179.95,0
2399,83.33,-180.41,0
2410,90.91,-183.18,0
2422,83.33,-185.81,0
2434,83.33,-184.49,0
2445,90.91,-181.88,0
2456,90.91,-181.66,0
2467,90.91,-182.83,0
2479,83.33,-184.43,0
2491,83.33,-183.07,0
2502,90.91,-180.45,0
2513,90.91,-179.83,0
2525,83.33,-181.39,0
2536,90.91,-183.56,0
2547,90.91,-184.39,0
2560,76.92,-182.57,0
2571,90.91,-180.74,0
2582,90.91,-182.14,0
2593,90.91,-184.12,0
2605,83.33,-184.67,0
2616,90.91,-182.59,0
2628,83.33,-180.62,0
2639,90.91,-180.35,0
2651,83.33,-182.93,0
2662,90.91,-184.17,0
2673,90.91,-183.37,0
2684,90.91,-180.79,0
2697,76.92,-179.74,0
2708,90.91,-182.05,0
2719,90.91,-184.15,0
2731,83.33,-184.23,0
2742,90.91,-182.37,0
2754,90.91,-180.86,0
2765,83.33,-182.04,0
2777,83.33,-184.14,0
2788,90.91,-184.64,0
2799,90.91,-182.92,0
2810,90.91,-180.17,0
2823,83.33,-181.53,0
2834,83.33,-183.34,0
2845,90.91,-184.53,0
2856,90.91,-183.10,0
2868,83.33,-181.17,0
2879,90.91,-180.45,0
2891,90.91,-182.47,0
2903,76.92,-184.57,0
2914,90.91,-183.96,0
2925,90.91,-181.38,0
2936,90.91,-180.47,0
2948,83.33,-182.17,0
2960,83.33,-184.63,0
2971,90.91,-184.90,0
2982,90.91,-182.71,0
2994,83.33,-180.84,0
3005,90.91,-181.65,0
3016,90.91,-184.00,0
3028,83.33,-185.28,0
3040,83.33,-182.12,0
3051,90.91,-179.53,0
3062,90.91,-180.25,0
3074,83.33,-182.95,0
3085,90.91,-184.59,0
3097,83.33,-182.99,0
3108,90.91,-180.56,0
3120,83.33,-180.32,0
3131,90.91,-181.92,0
3142,90.91,-184.14,0
3153,90.91,-183.84,0
3166,76.92,-181.44,0
3177,90.91,-180.50,0
3188,90.91,-181.43,0
3200,83.33,-183.94,0
3211,90.91,-184.06,0
3222,90.91,-181.38,0
3234,83.33,-180.67,0
3246,83.33,-182.15,0
3257,90.91,-183.96,0
3268,90.91,-184.83,0
3279,90.91,-183.49,0
3291,83.33,-180.93,0
3303,83.33,-181.06,0
3314,90.91,-183.08,0
3325,90.91,-184.00,0
3337,83.33,-182.78,0
3348,90.91,-180.66,0
3359,90.91,-180.33,0
3372,76.92,-182.34,0
3383,90.91,-184.22,0
3394,90.91,-183.72,0
3405,90.91,-181.36,0
3417,83.33,-179.52,0
3429,90.91,-181.29,0
3440,83.33,-184.05,0
3451,90.91,-185.20,0
3463,83.33,-182.93,0
3474,90.91,-180.39,0
3485,90.91,-180.81,0
3497,90.91,-183.47,0
3509,76.92,-184.25,0
3520,90.91,-182.90,0
3531,90.91,-181.18,0
3543,83.33,-180.99,0
3554,90.91,-182.90,0
3566,83.33,-184.64,0
3577,90.91,-183.81,0
3589,83.33,-181.53,0
3600,90.91,-180.81,0
3611,90.91,-182.36,0
3622,90.91,-184.04,0
3635,76.92,-184.04,0
3646,90.91,-181.59,0
3657,90.91,-180.05,0
3668,90.91,-181.52,0
3680,83.33,-184.15,0
3691,90.91,-185.12,0
3703,83.33,-183.22,0
3715,83.33,-180.99,0
3726,90.91,-181.80,0
3737,90.91,-183.05,0
3748,90.91,-184.12,0
3760,83.33,-182.99,0
3772,83.33,-180.46,0
3783,90.91,-180.11,0
3794,90.91,-182.06,0
3806,83.33,-184.54,0
3817,90.91,-184.32,0
3828,90.91,-181.75,0
3841,76.92,-181.16,0
3852,90.91,-182.59,0
3863,90.91,-185.13,0
3874,90.91,-185.31,0
3886,83.33,-182.20,0
3897,90.91,-180.03,0
3909,83.33,-180.80,0
3920,90.91,-183.69,0
3932,83.33,-184.75,0
3943,90.91,-183.20,0
3954,90.91,-180.90,0
3965,90.91,-181.65,0
3978,76.92,-183.44,0
3989,90.91,-184.79,0
4000,90.91,-183.15,0
4012,83.33,-181.23,0
4023,90.91,-180.68,0
4034,90.91,-182.20,0
4046,83.33,-184.34,0
4058,83.33,-184.79,0
4069,90.91,-181.55,0
4080,90.91,-180.00,0
4091,90.91,-181.15,0
4103,83.33,-184.18,0
4115,83.33,-184.82,0
4126,90.91,-182.54,0
4137,90.91,-180.92,0
4149,83.33,-181.84,0
4160,90.91,-184.16,0
4171,90.91,-184.72,0
4184,76.92,-182.90,0
4195,90.91,-180.15,0
4206,90.91,-180.44,0
4217,90.91,-182.15,0
4229,83.33,-184.11,0
4241,90.91,-183.75,0
4252,83.33,-181.69,0
4263,90.91,-181.97,0
4275,83.33,-183.37,0
4286,90.91,-185.43,0
4297,90.91,-184.48,0
4310,90.91,-181.77,0
4321,76.92,-180.56,0
4332,90.91,-180.74,0
4343,90.91,-182.59,0
4355,83.33,-183.60,0
4366,90.91,-182.25,0
4378,83.33,-180.25,0
4389,90.91,-180.59,0
4401,83.33,-183.13,0
4412,90.91,-185.50,0
4423,90.91,-184.38,0
4434,90.91,-181.60,0
4447,76.92,-181.13,0
4458,90.91,-183.10,0
4469,90.91,-184.41,0
4481,83.33,-183.47,0
4492,90.91,-180.86,0
4503,90.91,-179.93,0
4515,83.33,-182.21,0
4527,83.33,-185.02,0
4538,90.91,-185.22,0
4549,90.91,-183.33,0
4560,90.91,-182.55,0
4572,83.33,-183.20,0
4584,83.33,-185.05,0
4595,90.91,-184.99,0
4606,90.91,-182.85,0
4618,83.33,-180.68,0
4629,90.91,-180.50,0
4640,90.91,-182.56,0
4653,76.92,-183.87,0
4664,90.91,-183.02,0
4675,90.91,-180.46,0
4686,90.91,-180.65,0
4698,83.33,-182.58,0
4709,90.91,-184.28,0
4721,83.33,-184.55,0
4732,90.91,-182.31,0
4744,83.33,-180.92,0
4755,90.91,-182.13,0
4766,90.91,-183.68,0
4777,90.91,-183.66,0
4790,76.92,-181.51,0
4801,90.91,-179.64,0
4812,90.91,-180.36,0
4824,83.33,-182.74,0
4835,90.91,-184.24,0
4846,90.91,-183.17,0
4858,83.33,-181.09,0
4870,83.33,-181.64,0
4881,90.91,-183.23,0
4892,90.91,-184.48,0
4903,90.91,-184.03,0
4915,83.33,-180.52,0
4927,83.33,-179.86,0
4938,90.91,-181.98,0
4950,83.33,-183.24,0
4961,90.91,-183.68,0
4972,90.91,-181.60,0
4983,90.91,-180.71,0
4996,76.92,-182.86,0
5007,90.91,-184.97,0
5018,90.91,-186.10,0
5029,90.91,-183.77,0
5041,83.33,-181.02,0
5053,90.91,-181.03,0
5064,83.33,-183.00,0
5075,90.91,-183.90,0
5087,83.33,-182.60,0
5098,90.91,-179.82,0
5109,90.91,-179.33,0
5122,83.33,-181.97,0
5133,83.33,-184.89,0
5144,90.91,-184.62,0
5155,90.91,-181.76,0
5167,83.33,-180.98,0
5178,90.91,-182.81,0
5190,83.33,-185.01,0
5201,90.91,-184.71,0
5213,83.33,-181.60,0
5224,90.91,-179.30,0
5235,90.91,-179.46,0
5246,90.91,-182.03,0
5259,76.92,-183.88,0
5270,90.91,-182.51,0
5281,90.91,-181.04,0
5293,83.33,-181.96,0
5304,90.91,-183.96,0
5315,90.91,-185.39,0
5327,83.33,-184.11,0
5339,83.33,-181.53,0
5350,90.91,-180.89,0
5361,90.91,-182.47,0
5372,90.91,-184.01,0
5384,83.33,-182.97,0
5396,83.33,-180.52,0
5407,90.91,-180.02,0
5419,83.33,-182.55,0
5430,90.91,-184.97,0
5441,90.91,-185.03,0
5452,90.91,-182.57,0
5465,76.92,-180.97,0
5476,90.91,-181.64,0
5487,90.91,-183.72,0
5498,90.91,-184.24,0
5510,83.33,-182.41,0
5521,90.91,-180.04,0
5533,83.33,-180.02,0
5544,90.91,-182.40,0
5556,83.33,-185.06,0
5567,90.91,-184.00,0
5578,90.91,-181.29,0
5590,83.33,-181.66,0
5602,83.33,-184.20,0
5613,90.91,-185.84,0
5624,90.91,-184.94,0
5636,83.33,-182.06,0
5647,90.91,-180.55,0
5658,90.91,-181.88,0
5670,83.33,-183.37,0
5682,83.33,-183.49,0
5693,90.91,-181.09,0
5704,90.91,-179.41,0
5715,90.91,-181.23,0
5728,83.33,-183.46,0
5739,83.33,-185.01,0
5750,90.91,-183.76,0
5762,83.33,-181.70,0
5773,90.91,-181.29,0
5784,90.91,-182.57,0
5796,90.91,-184.15,0
5808,76.92,-183.46,0
5819,90.91,-181.12,0
5830,90.91,-180.13,0
5841,90.91,-181.21,0
5853,83.33,-183.36,0
5865,83.33,-184.06,0
5876,90.91,-182.10,0
5888,83.33,-180.32,0
5899,90.91,-181.62,0
5910,90.91,-184.45,0
5921,90.91,-185.57,0
5934,76.92,-183.13,0
5945,90.91,-181.05,0
5956,90.91,-181.25,0
5967,90.91,-182.34,0
5979,83.33,-183.42,0
5990,90.91,-181.23,0
6002,83.33,-179.71,0
6013,90.91,-179.97,0
6025,83.33,-182.42,0
6036,90.91,-185.12,0
6047,90.91,-185.42,0
6059,83.33,-182.63,0
6071,83.33,-182.06,0
6082,90.91,-182.96,0
6093,90.91,-184.48,0
6105,83.33,-183.67,0
6116,90.91,-181.12,0
6127,90.91,-180.14,0
6139,83.33,-181.11,0
6151,83.33,-183.15,0
6162,90.91,-184.49,0
6173,90.91,-182.80,0
6184,90.91,-181.91,0
6196,83.33,-182.39,0
6208,83.33,-184.18,0
6219,90.91,-185.59,0
6231,83.33,-183.48,0
6242,90.91,-180.63,0
6253,90.91,-180.60,0
6264,90.91,-182.35,0
6277,76.92,-183.96,0
6288,90.91,-182.99,0
6299,90.91,-180.94,0
6310,90.91,-180.05,0
6322,83.33,-181.43,0
6334,90.91,-184.39,0
6345,83.33,-185.00,0
6356,90.91,-183.41,0
6368,83.33,-181.51,0
6379,90.91,-181.21,0
6390,90.91,-182.70,0
6403,83.33,-183.22,0
6414,83.33,-182.02,0
6425,90.91,-180.00,0
6436,90.91,-180.11,0
6448,83.33,-182.46,0
6459,90.91,-184.95,0
6471,83.33,-184.98,0
6482,90.91,-182.88,0
6494,83.33,-182.16,0
6505,90.91,-183.49,0
6516,90.91,-184.72,0
6528,83.33,-185.06,0
6540,83.33,-182.04,0
6551,90.91,-179.46,0
6562,90.91,-180.46,0
6574,83.33,-182.62,0
6585,90.91,-183.60,0
6596,90.91,-181.95,0
6608,83.33,-180.12,0
6620,83.33,-181.34,0
6631,90.91,-184.10,0
6642,90.91,-186.22,0
6653,90.91,-184.53,0
6665,83.33,-182.10,0
6677,83.33,-181.46,0
6688,90.91,-183.00,0
6700,83.33,-183.98,0
6711,90.91,-182.34,0
6722,90.91,-179.22,0
6733,90.91,-178.47,0
6746,76.92,-180.82,0
6757,90.91,-183.49,0
6768,90.91,-184.78,0
6779,90.91,-183.05,0
6791,83.33,-181.54,0
6802,90.91,-182.30,0
6814,83.33,-184.28,0
6825,90.91,-185.18,0
6837,83.33,-182.46,0
6848,90.91,-179.24,0
6859,90.91,-179.52,0
6871,83.33,-181.09,0
6883,83.33,-183.43,0
6894,90.91,-182.95,0
6905,90.91,-181.58,0
6917,83.33,-181.69,0
6928,90.91,-183.45,0
6939,90.91,-185.73,0
6951,83.33,-185.49,0
6963,83.33,-182.57,0
6974,90.91,-180.90,0
6985,90.91,-181.69,0
6996,90.91,-183.15,0
7009,83.33,-183.47,0
7020,83.33,-181.23,0
7031,90.91,-179.60,0
7043,83.33,-181.16,0
7054,90.91,-184.05,0
7065,90.91,-185.21,0
7077,90.91,-183.64,0
7089,76.92,-181.71,0
7100,90.91,-181.92,0
7111,90.91,-184.10,0
7122,90.91,-185.40,0
7134,83.33,-184.17,0
7146,83.33,-180.27,0
7157,90.91,-179.20,0
7169,83.33,-181.40,0
7180,90.91,-182.94,0
7191,90.91,-183.39,0
7202,90.91,-182.17,0
7215,76.92,-180.72,0
7226,90.91,-182.48,0
7237,90.91,-184.91,0
7248,90.91,-184.91,0
7260,83.33,-182.46,0
7271,90.91,-180.12,0
7283,83.33,-180.07,0
7294,90.91,-181.42,0
7306,83.33,-182.62,0
7317,90.91,-181.99,0
7328,90.91,-179.77,0
7340,83.33,-180.15,0
7352,83.33,-182.86,0
7363,90.91,-184.87,0
7374,90.91,-184.82,0
7386,83.33,-182.54,0
7397,90.91,-181.41,0
7408,90.91,-182.78,0
7420,83.33,-184.45,0
7432,83.33,-184.48,0
7443,90.91,-181.74,0
7454,90.91,-180.19,0
7465,90.91,-180.81,0
7477,83.33,-183.25,0
7489,83.33,-183.60,0
7500,90.91,-182.50,0
7512,83.33,-180.64,0
7523,90.91,-181.59,0
7534,90.91,-183.96,0
7545,90.91,-186.14,0
7558,76.92,-184.82,0
7569,90.91,-182.17,0
7580,90.91,-180.46,0
7591,90.91,-181.31,0
7603,83.33,-183.46,0
7615,90.91,-183.12,0
7626,83.33,-180.62,0
7638,83.33,-180.05,0
7649,90.91,-181.64,0
7660,90.91,-184.18,0
7671,90.91,-184.71,0
7684,76.92,-182.94,0
7695,90.91,-181.72,0
7706,90.91,-181.97,0
7717,90.91,-183.91,0
7729,83.33,-185.14,0
7740,90.91,-182.54,0
7752,83.33,-179.61,0
7763,90.91,-179.97,0
7775,83.33,-182.56,0
7786,90.91,-184.67,0
7797,90.91,-183.45,0
7809,83.33,-181.20,0
7821,83.33,-180.93,0
7832,90.91,-182.88,0
7843,90.91,-184.94,0
7855,83.33,-184.81,0
7866,90.91,-181.77,0
7877,90.91,-180.23,0
7889,83.33,-180.78,0
7901,83.33,-182.58,0
7912,90.91,-183.68,0
7923,90.91,-181.97,0
7934,90.91,-180.74,0
7946,83.33,-181.97,0
7958,83.33,-184.92,0
7969,90.91,-186.34,0
7981,83.33,-184.47,0
7992,90.91,-181.71,0
8003,90.91,-180.61,0
8014,90.91,-182.17,0
8027,76.92,-183.52,0
8038,90.91,-182.19,0
8049,90.91,-179.68,0
8060,90.91,-178.91,0
8072,83.33,-181.05,0
8083,90.91,-183.87,0
8095,83.33,-184.55,0
8107,83.33,-182.73,0
8118,90.91,-181.21,0
8129,90.91,-182.01,0
8140,90.91,-183.88,0
8153,83.33,-184.20,0
8164,83.33,-182.16,0
8175,90.91,-179.64,0
8186,90.91,-179.94,0
8198,83.33,-182.50,0
8209,90.91,-184.22,0
8221,90.91,-183.40,0
8232,83.33,-181.73,0
8244,83.33,-181.05,0
8255,90.91,-183.21,0
8266,90.91,-185.51,0
8278,83.33,-184.49,0
8290,83.33,-181.25,0
8301,90.91,-179.84,0
8312,90.91,-180.54,0
8324,83.33,-182.39,0
8335,90.91,-182.83,0
8346,90.91,-180.63,0
8358,83.33,-179.71,0
8370,83.33,-181.34,0
8381,90.91,-183.58,0
8392,90.91,-185.62,0
8403,90.91,-184.18,0
8415,83.33,-181.22,0
8427,83.33,-181.12,0
8438,90.91,-183.23,0
8450,83.33,-183.82,0
8461,90.91,-181.95,0
8472,90.91,-179.31,0
8483,90.91,-178.91,0
8496,76.92,-181.34,0
8507,90.91,-183.56,0
8518,90.91,-183.52,0
8529,90.91,-181.85,0
8541,83.33,-181.11,0
8552,90.91,-183.49,0
8564,83.33,-185.67,0
8576,83.33,-185.49,0
8587,90.91,-182.10,0
8598,90.91,-179.44,0
8609,90.91,-179.76,0
8621,83.33,-182.13,0
8633,83.33,-183.49,0
8644,90.91,-182.15,0
8655,90.91,-180.33,0
8667,83.33,-180.86,0
8678,90.91,-184.13,0
8689,90.91,-186.38,0
8701,83.33,-185.27,0
8713,83.33,-182.57,0
8724,90.91,-181.40,0
8735,90.91,-182.02,0
8747,83.33,-183.38,0
8758,90.91,-183.19,0
8770,83.33,-181.00,0
8781,90.91,-179.08,0
8793,83.33,-180.64,0
8804,90.91,-184.00,0
8815,90.91,-185.64,0
8827,90.91,-184.27,0
8839,76.92,-182.08,0
8850,90.91,-182.11,0
8861,90.91,-184.28,0
8872,90.91,-185.53,0
8884,83.33,-183.14,0
8896,90.91,-180.82,0
8907,83.33,-179.78,0
8919,83.33,-181.13,0
8930,90.91,-183.22,0
8941,90.91,-183.25,0
8952,90.91,-181.66,0
8965,76.92,-181.40,0
8976,90.91,-183.64,0
8987,90.91,-185.80,0
8998,90.91,-185.56,0
9010,83.33,-182.53,0
9021,90.91,-180.20,0
9033,83.33,-180.75,0
9044,90.91,-182.91,0
9056,83.33,-183.52,0
9067,90.91,-181.17,0
9078,90.91,-179.17,0
9090,83.33,-179.96,0
9102,83.33,-182.82,0
9113,90.91,-185.56,0
9124,90.91,-185.33,0
9136,83.33,-182.70,0
9147,90.91,-181.84,0
9158,90.91,-183.92,0
9170,83.33,-184.64,0
9182,83.33,-183.87,0
9193,90.91,-180.78,0
9204,90.91,-178.80,0
9216,83.33,-180.51,0
9227,90.91,-183.27,0
9239,83.33,-184.10,0
9250,90.91,-182.03,0
9262,83.33,-180.66,0
9273,90.91,-181.91,0
9284,90.91,-184.19,0
9295,90.91,-185.43,0
9308,76.92,-183.67,0
9319,90.91,-181.38,0
9330,90.91,-181.07,0
9341,90.91,-182.07,0
9353,83.33,-183.20,0
9364,90.91,-182.26,0
9376,83.33,-180.07,0
9388,83.33,-180.10,0
9399,90.91,-181.86,0
9410,90.91,-183.46,0
9421,90.91,-184.52,0
9433,83.33,-183.25,0
9445,83.33,-182.25,0
9456,90.91,-182.60,0
9467,90.91,-184.24,0
9479,83.33,-183.99,0
9490,90.91,-181.15,0
9502,90.91,-179.67,0
9513,83.33,-180.27,0
9525,83.33,-182.41,0
9536,90.91,-184.31,0
9547,90.91,-183.15,0
9559,83.33,-181.20,0
9571,90.91,-181.78,0
9582,83.33,-183.76,0
9593,90.91,-185.48,0
9605,83.33,-184.46,0
9616,90.91,-180.99,0
9627,90.91,-179.63,0
9639,83.33,-181.21,0
9651,83.33,-183.42,0
9662,90.91,-183.90,0
9673,90.91,-181.68,0
9684,90.91,-180.88,0
9696,83.33,-182.86,0
9708,83.33,-185.44,0
9719,90.91,-186.09,0
9731,83.33,-183.83,0
9742,90.91,-181.24,0
9753,90.91,-181.15,0
9764,90.91,-182.71,0
9777,76.92,-183.80,0
9788,90.91,-182.88,0
9799,90.91,-180.94,0
9810,90.91,-180.08,0
9822,83.33,-182.39,0
9833,90.91,-184.78,0
9845,83.33,-184.13,0
9857,83.33,-182.35,0
9868,90.91,-181.58,0
9879,90.91,-183.43,0
9890,90.91,-185.00,0
9902,83.33,-184.70,0
9914,83.33,-182.48,0
9925,90.91,-180.10,0
9936,90.91,-180.73,0
9948,83.33,-183.29,0
9959,90.91,-183.94,0
9970,90.91,-182.06,0
9982,83.33,-180.93,0
9994,83.33,-181.07,0
10005,90.91,-183.38,0
10016,90.91,-185.12,0
10028,83.33,-184.31,0
10040,90.91,-181.40,0
10051,83.33,-180.95,0
10062,90.91,-182.14,0
10074,83.33,-183.72,0
10085,90.91,-183.73,0
10096,90.91,-181.57,0
10108,90.91,-180.26,0
10120,76.92,-181.25,0
10131,90.91,-183.67,0
10142,90.91,-184.66,0
10153,90.91,-182.72,0
10165,83.33,-180.66,0
10177,83.33,-181.40,0
10188,90.91,-182.99,0
10200,83.33,-184.38,0
10211,90.91,-183.00,0
10222,90.91,-180.42,0
10233,90.91,-180.13,0
10246,76.92,-182.11,0
10257,90.91,-183.45,0
10268,90.91,-182.78,0
10279,90.91,-180.71,0
10291,83.33,-180.10,0
10302,90.91,-181.87,0
10314,83.33,-184.21,0
10326,83.33,-184.54,0
10337,90.91,-182.59,0
10348,90.91,-181.13,0
10359,90.91,-181.52,0
10371,83.33,-183.60,0
10383,83.33,-183.70,0
10394,90.91,-182.27,0
10405,90.91,-180.15,0
10417,83.33,-180.55,0
10428,90.91,-182.71,0
10439,90.91,-184.73,0
10451,83.33,-183.12,0
10463,83.33,-180.52,0
10474,90.91,-181.17,0
10485,90.91,-183.58,0
10497,83.33,-185.23,0
10508,90.91,-184.14,0
10520,83.33,-180.37,0
10531,90.91,-179.46,0
10543,83.33,-181.67,0
10554,90.91,-183.89,0
10565,90.91,-184.02,0
10576,90.91,-181.80,0
10589,76.92,-179.82,0
10600,90.91,-181.46,0
10611,90.91,-184.25,0
10622,90.91,-185.19,0
10634,83.33,-182.59,0
10646,90.91,-180.39,0
10657,83.33,-180.31,0
10669,83.33,-182.72,0
10680,90.91,-184.08,0
10691,90.91,-183.19,0
10702,90.91,-180.58,0
10715,83.33,-180.18,0
10726,83.33,-182.57,0
10737,90.91,-185.46,0
10748,90.91,-185.08,0
10760,83.33,-182.51,0
10771,90.91,-180.38,0
10783,83.33,-181.21,0
10795,83.33,-183.07,0
10806,90.91,-183.72,0
10817,90.91,-181.78,0
10828,90.91,-179.36,0
10840,83.33,-180.26,0
10852,83.33,-182.80,0
10863,90.91,-184.06,0
10874,90.91,-183.28,0
10886,83.33,-182.17,0
10897,90.91,-181.99,0
10908,90.91,-183.62,0
10920,83.33,-185.85,0
10932,83.33,-184.07,0
10943,90.91,-180.70,0
10954,90.91,-179.66,0
10966,83.33,-181.42,0
10977,90.91,-183.42,0
10989,83.33,-182.97,0
11000,90.91,-181.11,0
11012,83.33,-179.58,0
11023,90.91,-181.64,0
11034,90.91,-184.04,0
11045,90.91,-185.42,0
11058,76.92,-182.67,0
11069,90.91,-181.17,0
11080,90.91,-181.68,0
11091,90.91,-183.03,0
11103,83.33,-183.29,0
11114,90.91,-181.74,0
11126,83.33,-179.70,0
11138,83.33,-179.06,0
11149,90.91,-181.53,0
11160,90.91,-184.83,0
11171,90.91,-184.69,0
11183,83.33,-182.77,0
11195,83.33,-182.16,0
11206,90.91,-183.10,0
11217,90.91,-184.99,0
11229,83.33,-184.52,0
11240,90.91,-181.79,0
11251,90.91,-179.86,0
11264,76.92,-180.57,0
11275,90.91,-182.52,0
11286,90.91,-183.53,0
11297,90.91,-182.60,0
11309,83.33,-180.64,0
11320,90.91,-181.01,0
11332,83.33,-183.63,0
11343,90.91,-185.56,0
11355,83.33,-184.79,0
11366,90.91,-182.37,0
11377,90.91,-181.35,0
11389,90.91,-182.44,0
11401,76.92,-183.24,0
11412,90.91,-182.83,0
11423,90.91,-181.39,0
11435,83.33,-180.71,0
11446,90.91,-182.11,0
11458,90.91,-184.23,0
11469,83.33,-185.27,0
11481,83.33,-183.65,0
11492,90.91,-181.80,0
11503,90.91,-182.30,0
11514,90.91,-183.97,0
11527,76.92,-184.63,0
11538,90.91,-182.27,0
11549,90.91,-180.24,0
11560,90.91,-180.08,0
11572,83.33,-182.00,0
11583,90.91,-183.72,0
11595,83.33,-183.64,0
11607,83.33,-181.37,0
11618,90.91,-181.13,0
11629,90.91,-183.29,0
11640,90.91,-185.72,0
11652,83.33,-186.15,0
11664,83.33,-182.82,0
11675,90.91,-180.31,0
11686,90.91,-180.92,0
11698,83.33,-183.19,0
11709,90.91,-183.82,0
11720,90.91,-181.73,0
11732,83.33,-179.59,0
11744,83.33,-180.68,0
11755,90.91,-182.87,0
11766,90.91,-185.02,0
11778,83.33,-183.95,0
11789,90.91,-181.84,0
11801,83.33,-181.90,0
11812,90.91,-183.56,0
11824,83.33,-184.70,0
11835,90.91,-183.36,0
11846,90.91,-181.01,0
11857,90.91,-179.27,0
11870,76.92,-180.92,0
11881,90.91,-183.41,0
11892,90.91,-184.05,0
11904,83.33,-182.61,0
11915,90.91,-181.33,0
11926,90.91,-182.24,0
11938,83.33,-183.59,0
11950,83.33,-184.53,0
11961,90.91,-182.66,0
11972,90.91,-179.70,0
11983,90.91,-179.86,0
11995,83.33,-181.70,0
12007,83.33,-183.20,0
12018,90.91,-182.16,0
12029,90.91,-180.29,0
12041,83.33,-180.46,0
12052,90.91,-182.90,0
12064,90.91,-185.16,0
12076,76.92,-184.51,0
12087,90.91,-181.35,0
12098,90.91,-180.13,0
12109,90.91,-181.49,0
12121,83.33,-184.08,0
12133,90.91,-184.03,0
12144,83.33,-181.10,0
12155,90.91,-179.27,0
12167,83.33,-179.80,0
12178,90.91,-181.86,0
12189,90.91,-184.22,0
12201,83.33,-182.85,0
12213,83.33,-180.47,0
12224,90.91,-180.99,0
12235,90.91,-183.16,0
12247,83.33,-184.14,0
12258,90.91,-182.69,0
12270,83.33,-179.88,0
12281,90.91,-179.44,0
12293,83.33,-181.28,0
12304,90.91,-183.10,0
12315,90.91,-183.49,0
12326,90.91,-181.39,0
12339,76.92,-180.00,0
12350,90.91,-182.24,0
12361,90.91,-184.23,0
12372,90.91,-184.69,0
12384,83.33,-183.02,0
12395,90.91,-180.91,0
12407,83.33,-181.37,0
12419,83.33,-182.84,0
12430,90.91,-183.60,0
12441,90.91,-182.25,0
12452,90.91,-180.73,0
12464,83.33,-180.69,0
12476,83.33,-182.34,0
12487,90.91,-184.65,0
12498,90.91,-184.42,0
12510,83.33,-182.48,0
12521,90.91,-181.43,0
12532,90.91,-183.05,0
12545,76.92,-185.18,0
12556,90.91,-184.90,0
12567,90.91,-182.32,0
12578,90.91,-179.59,0
12590,83.33,-180.48,0
12601,90.91,-183.34,0
12613,83.33,-183.86,0
12624,90.91,-181.75,0
12636,83.33,-179.65,0
12647,90.91,-181.61,0
12658,90.91,-184.30,0
12670,90.91,-185.61,0
12682,76.92,-184.68,0
12693,90.91,-181.91,0
12704,90.91,-181.61,0
12716,83.33,-182.35,0
12727,90.91,-183.74,0
12739,90.91,-183.45,0
12750,83.33,-181.26,0
12762,83.33,-180.28,0
12773,90.91,-181.74,0
12784,90.91,-183.64,0
12795,90.91,-184.29,0
12808,76.92,-183.25,0
12819,90.91,-181.89,0
12830,90.91,-182.78,0
12841,90.91,-184.03,0
12853,83.33,-184.55,0
12864,90.91,-183.06,0
12876,83.33,-180.39,0
12888,83.33,-180.73,0
12899,90.91,-183.10,0
12910,90.91,-184.17,0
12921,90.91,-183.38,0
12933,83.33,-181.19,0
12945,83.33,-180.84,0
12956,90.91,-182.82,0
12967,90.91,-185.17,0
12979,83.33,-184.30,0
12990,90.91,-181.81,0
13001,90.91,-179.92,0
13014,76.92,-180.63,0
13025,90.91,-183.18,0
13036,90.91,-184.31,0
13047,90.91,-182.37,0
13059,83.33,-180.50,0
13070,90.91,-181.13,0
13082,83.33,-184.03,0
13093,90.91,-185.26,0
13105,83.33,-183.70,0
13116,90.91,-180.99,0
13127,90.91,-180.71,0
13138,90.91,-182.07,0
13151,76.92,-183.62,0
13162,90.91,-182.67,0
13173,90.91,-180.04,0
13185,83.33,-179.86,0
13196,90.91,-182.00,0
13207,90.91,-184.66,0
13219,83.33,-185.15,0
13231,83.33,-183.02,0
13242,90.91,-180.96,0
13253,90.91,-182.07,0
13264,90.91,-183.98,0
13276,83.33,-183.81,0
13288,83.33,-181.44,0
13299,90.91,-179.26,0
13310,90.91,-179.93,0
13322,83.33,-182.73,0
13333,90.91,-185.14,0
13345,90.91,-184.05,0
13357,76.92,-181.93,0
13368,90.91,-182.19,0
13379,90.91,-184.09,0
13390,90.91,-185.37,0
13402,83.33,-184.23,0
13414,90.91,-180.96,0
13425,83.33,-179.69,0
13436,90.91,-180.84,0
13448,83.33,-182.91,0
13459,90.91,-183.76,0
13470,90.91,-181.86,0
13483,76.92,-180.68,0
13494,90.91,-181.91,0
13505,90.91,-184.04,0
13516,90.91,-185.28,0
13528,83.33,-183.35,0
13539,90.91,-181.37,0
13551,83.33,-181.10,0
13562,90.91,-182.38,0
13574,83.33,-183.38,0
13585,90.91,-181.89,0
13596,90.91,-179.26,0
13607,90.91,-179.17,0
13620,76.92,-181.72,0
13631,90.91,-184.22,0
13642,90.91,-184.83,0
13654,83.33,-183.40,0
13665,90.91,-182.18,0
13676,90.91,-182.74,0
13688,83.33,-184.26,0
13700,83.33,-184.28,0
13711,90.91,-181.73,0
13722,90.91,-179.72,0
13733,90.91,-180.45,0
13745,83.33,-182.55,0
13757,83.33,-183.74,0
13768,90.91,-182.66,0
13779,90.91,-181.57,0
13791,83.33,-181.91,0
13802,90.91,-184.20,0
13813,90.91,-186.22,0
13826,76.92,-184.49,0
13837,90.91,-181.15,0
13848,90.91,-180.03,0
13859,90.91,-180.88,0
13871,83.33,-182.82,0
13882,90.91,-182.48,0
13894,83.33,-180.76,0
13905,90.91,-180.17,0
13917,83.33,-181.53,0
13928,90.91,-185.04,0
13939,90.91,-186.25,0
13952,90.91,-184.84,0
13963,76.92,-182.28,0
13974,90.91,-182.50,0
13985,90.91,-183.82,0
13997,83.33,-184.32,0
14008,90.91,-182.29,0
14020,90.91,-179.68,0
14031,83.33,-178.31,0
14043,83.33,-181.01,0
14054,90.91,-183.82,0
14065,90.91,-184.53,0
14076,90.91,-182.42,0
14089,76.92,-181.87,0
14100,90.91,-183.68,0
14111,90.91,-185.85,0
14123,83.33,-185.38,0
14134,90.91,-182.02,0
14145,90.91,-179.76,0
14157,83.33,-180.07,0
14169,83.33,-181.82,0
14180,90.91,-182.62,0
14191,90.91,-181.51,0
14202,90.91,-180.60,0
14214,83.33,-182.39,0
14226,83.33,-185.08,0
14237,90.91,-186.40,0
14248,90.91,-185.01,0
14260,83.33,-182.68,0
14271,90.91,-181.50,0
14282,90.91,-182.82,0
14295,76.92,-183.44,0
14306,90.91,-182.52,0
14317,90.91,-179.77,0
14328,90.91,-179.12,0
14340,83.33,-180.70,0
14351,90.91,-183.47,0
14363,83.33,-184.86,0
14374,90.91,-183.23,0
14386,83.33,-181.57,0
14397,90.91,-183.01,0
14408,90.91,-184.95,0
14419,90.91,-185.17,0
14432,76.92,-183.01,0
14443,90.91,-179.41,0
14454,90.91,-178.96,0
14466,83.33,-180.76,0
14477,90.91,-182.78,0
14489,90.91,-182.17,0
14500,83.33,-180.88,0
14512,83.33,-180.81,0
14523,90.91,-183.05,0
14534,90.91,-185.49,0
14545,90.91,-185.50,0
14558,83.33,-182.97,0
14569,83.33,-180.94,0
14580,90.91,-181.50,0
14592,83.33,-182.52,0
14603,90.91,-182.29,0
14614,90.91,-180.68,0
14626,83.33,-178.92,0
14638,83.33,-180.44,0
14649,90.91,-183.22,0
14660,90.91,-185.03,0
14671,90.91,-183.90,0
14683,83.33,-181.70,0
14695,83.33,-181.56,0
14706,90.91,-183.66,0
14717,90.91,-185.29,0
14729,83.33,-183.21,0
14740,90.91,-180.02,0
14751,90.91,-179.46,0
14764,76.92,-180.73,0
14775,90.91,-182.41,0
14786,90.91,-183.26,0
14797,90.91,-182.08,0
14809,83.33,-181.02,0
14820,90.91,-182.53,0
14832,83.33,-185.26,0
14843,90.91,-186.49,0
14855,83.33,-183.42,0
14866,90.91,-180.58,0
14877,90.91,-180.60,0
14888,90.91,-182.55,0
14901,76.92,-183.69,0
14912,90.91,-182.12,0
14923,90.91,-179.71,0
14935,83.33,-180.47,0
14946,90.91,-183.21,0
14957,90.91,-185.28,0
14969,83.33,-184.75,0
14981,83.33,-182.64,0
14992,90.91,-181.20,0
15003,90.91,-182.08,0
15014,90.91,-183.60,0
15027,83.33,-184.03,0
15038,83.33,-181.41,0
15049,90.91,-179.16,0
15060,90.91,-179.43,0
15072,83.33,-182.08,0
15083,90.91,-183.68,0
15095,90.91,-182.21,0
15107,76.92,-181.10,0
15118,90.91,-181.92,0
15129,90.91,-184.59,0
15140,90.91,-186.02,0
15152,83.33,-184.20,0
15164,83.33,-181.09,0
15175,90.91,-180.76,0
15186,90.91,-182.18,0
15198,83.33,-183.81,0
15209,90.91,-183.73,0
15220,90.91,-182.06,0
15233,76.92,-180.60,0
15244,90.91,-182.32,0
15255,90.91,-184.91,0
15266,90.91,-186.17,0
15278,83.33,-184.04,0
15289,90.91,-181.40,0
15301,83.33,-181.68,0
15312,90.91,-183.30,0
15324,83.33,-183.99,0
15335,90.91,-182.38,0
15346,90.91,-180.61,0
15357,90.91,-180.30,0
15370,76.92,-182.16,0
15381,90.91,-184.78,0
15392,90.91,-184.55,0
15404,83.33,-181.93,0
15415,90.91,-181.41,0
15426,90.91,-182.65,0
15438,83.33,-184.70,0
15450,83.33,-184.35,0
15461,90.91,-181.99,0
15472,90.91,-180.60,0
15483,90.91,-180.59,0
15495,83.33,-182.53,0
15507,83.33,-183.65,0
15518,90.91,-182.06,0
15529,90.91,-179.89,0
15541,83.33,-181.36,0
15552,90.91,-184.02,0
15563,90.91,-185.51,0
15576,76.92,-183.80,0
15587,90.91,-181.36,0
15598,90.91,-180.77,0
15609,90.91,-182.20,0
15621,83.33,-183.42,0
15633,90.91,-182.03,0
15644,83.33,-179.85,0
15655,90.91,-179.57,0
15667,83.33,-182.05,0
15678,90.91,-184.12,0
15689,90.91,-184.22,0
15702,90.91,-182.10,0
15713,76.92,-180.74,0
15724,90.91,-181.28,0
15735,90.91,-183.74,0
15747,83.33,-184.40,0
15758,90.91,-182.43,0
15770,83.33,-180.41,0
15781,90.91,-180.32,0
15793,83.33,-181.68,0
15804,90.91,-183.24,0
15815,90.91,-182.58,0
15826,90.91,-179.90,0
15839,76.92,-179.95,0
15850,90.91,-182.22,0
15861,90.91,-184.30,0
15873,83.33,-183.98,0
15884,90.91,-181.76,0
15895,90.91,-180.91,0
15907,83.33,-182.26,0
15919,83.33,-184.12,0
15930,90.91,-184.12,0
15941,90.91,-181.81,0
15952,90.91,-179.88,0
15964,83.33,-180.69,0
15976,83.33,-182.98,0
15987,90.91,-184.40,0
15998,90.91,-182.99,0
16010,83.33,-180.84,0
16021,90.91,-181.52,0
16032,90.91,-183.48,0
16045,76.92,-184.80,0
16056,90.91,-183.41,0
16067,90.91,-180.45,0
16078,90.91,-180.20,0
16090,83.33,-181.92,0
16101,90.91,-183.76,0
16113,83.33,-182.90,0
16124,90.91,-180.82,0
16136,83.33,-179.92,0
16147,90.91,-181.60,0
16158,90.91,-183.94,0
16171,90.91,-184.41,0
16182,76.92,-182.58,0
16193,90.91,-181.54,0
16204,90.91,-181.86,0
16216,83.33,-183.56,0
16227,90.91,-184.49,0
16239,90.91,-182.83,0
16250,83.33,-180.57,0
16262,83.33,-180.86,0
16273,90.91,-183.09,0
16284,90.91,-184.50,0
16295,90.91,-183.45,0
16308,76.92,-181.28,0
16319,90.91,-181.32,0
16330,90.91,-183.35,0
16342,83.33,-185.30,0
16353,90.91,-184.39,0
16364,90.91,-181.37,0
16376,83.33,-179.80,0
16388,83.33,-181.19,0
16399,90.91,-183.43,0
16410,90.91,-183.61,0
16421,90.91,-181.80,0
16433,83.33,-180.45,0
16445,83.33,-181.48,0
16456,90.91,-183.90,0
16467,90.91,-185.07,0
16479,83.33,-184.20,0
16490,90.91,-181.56,0
16501,90.91,-180.82,0
16514,76.92,-183.06,0
16525,90.91,-184.63,0
16536,90.91,-184.01,0
16547,90.91,-180.34,0
16559,83.33,-178.70,0
16570,90.91,-181.05,0
16582,83.33,-183.90,0
16593,90.91,-183.83,0
16605,83.33,-181.98,0
16616,90.91,-180.58,0
16627,90.91,-181.81,0
16638,90.91,-184.23,0
16651,76.92,-185.10,0
16662,90.91,-182.76,0
16673,90.91,-179.96,0
16685,83.33,-181.04,0
16696,90.91,-182.41,0
16707,90.91,-183.67,0
16719,83.33,-183.34,0
16731,83.33,-180.76,0
16742,90.91,-181.34,0
16753,90.91,-183.53,0
16764,90.91,-185.33,0
16777,83.33,-185.14,0
16788,83.33,-182.57,0
16799,90.91,-181.86,0
16811,83.33,-182.41,0
16822,90.91,-184.25,0
16833,90.91,-183.79,0
16845,90.91,-181.48,0
16857,76.92,-179.93,0
16868,90.91,-181.19,0
16879,90.91,-183.99,0
16890,90.91,-184.70,0
16902,83.33,-183.18,0
16914,90.91,-181.45,0
16925,83.33,-181.94,0
16936,90.91,-183.13,0
16948,83.33,-184.63,0
16959,90.91,-182.77,0
16970,90.91,-180.15,0
16983,76.92,-179.38,0
16994,90.91,-181.25,0
17005,90.91,-183.44,0
17016,90.91,-183.55,0
17028,83.33,-181.53,0
17039,90.91,-179.89,0
17051,83.33,-181.98,0
17062,90.91,-184.70,0
17074,83.33,-184.57,0
17085,90.91,-182.11,0
17096,90.91,-180.37,0
17107,90.91,-180.01,0
17120,76.92,-182.40,0
17131,90.91,-183.19,0
17142,90.91,-181.73,0
17154,83.33,-179.48,0
17165,90.91,-179.74,0
17176,90.91,-182.20,0
17188,83.33,-184.49,0
17200,83.33,-184.46,0
17211,90.91,-182.06,0
17222,90.91,-180.93,0
17233,90.91,-182.27,0
17245,83.33,-184.25,0
17257,83.33,-184.08,0
17268,90.91,-180.84,0
17280,83.33,-179.00,0
17291,90.91,-180.33,0
17302,90.91,-182.92,0
17313,90.91,-183.50,0
17326,76.92,-182.02,0
17337,90.91,-181.16,0
17348,90.91,-181.86,0
17359,90.91,-184.06,0
17371,83.33,-185.33,0
17382,90.91,-183.83,0
17394,83.33,-180.91,0
17405,90.91,-180.58,0
17417,83.33,-181.62,0
17428,90.91,-182.95,0
17439,90.91,-182.75,0
17452,83.33,-180.41,0
17463,83.33,-179.90,0
17474,90.91,-181.96,0
17485,90.91,-184.49,0
17497,83.33,-185.03,0
17508,90.91,-182.85,0
17520,90.91,-181.43,0
17531,83.33,-182.68,0
17543,83.33,-183.86,0
17554,90.91,-184.81,0
17565,90.91,-182.04,0
17576,90.91,-179.30,0
17589,76.92,-179.86,0
17600,90.91,-181.51,0
17611,90.91,-183.10,0
17623,83.33,-183.11,0
17634,90.91,-180.52,0
17645,90.91,-180.80,0
17657,83.33,-183.41,0
17669,83.33,-185.93,0
17680,90.91,-185.82,0
17691,90.91,-181.77,0
17702,90.91,-180.31,0
17714,83.33,-180.91,0
17726,83.33,-182.60,0
17737,90.91,-182.58,0
17748,90.91,-180.42,0
17760,83.33,-179.30,0
17771,90.91,-180.89,0
17782,90.91,-183.95,0
17795,76.92,-185.36,0
17806,90.91,-183.88,0
17817,90.91,-181.56,0
17828,90.91,-181.77,0
17840,83.33,-183.81,0
17851,90.91,-184.20,0
17863,83.33,-182.52,0
17874,90.91,-180.09,0
17886,83.33,-178.83,0
17897,90.91,-180.69,0
17908,90.91,-182.99,0
17920,83.33,-183.49,0
17932,83.33,-181.92,0
17943,90.91,-181.01,0
17954,90.91,-182.97,0
17966,83.33,-185.13,0
17977,90.91,-186.01,0
17988,90.91,-183.99,0
18000,83.33,-180.98,0
18012,83.33,-180.58,0
18023,90.91,-181.92,0
18034,90.91,-183.06,0
18045,90.91,-181.38,0
18058,83.33,-179.17,0
18069,83.33,-179.77,0
18080,90.91,-182.16,0
18092,83.33,-184.45,0
18103,90.91,-184.47,0
18114,90.91,-182.05,0
18126,90.91,-180.28,0
18138,76.92,-182.17,0
18149,90.91,-183.79,0
18160,90.91,-183.58,0
18171,90.91,-180.90,0
18183,83.33,-178.71,0
18195,83.33,-179.85,0
18206,90.91,-182.46,0
18217,90.91,-183.31,0
18229,83.33,-181.86,0
18240,90.91,-180.63,0
18251,90.91,-181.68,0
18264,76.92,-183.88,0
18275,90.91,-184.94,0
18286,90.91,-183.25,0
18297,90.91,-180.96,0
18309,83.33,-180.22,0
18320,90.91,-181.70,0
18332,83.33,-183.28,0
18343,90.91,-181.98,0
18355,83.33,-179.84,0
18366,90.91,-179.67,0
18377,90.91,-181.37,0
18388,90.91,-184.61,0
18401,76.92,-185.00,0
18412,90.91,-182.61,0
18423,90.91,-180.79,0
18435,83.33,-181.78,0
18446,90.91,-183.26,0
18457,90.91,-183.81,0
18469,83.33,-181.71,0
18481,83.33,-179.39,0
18492,90.91,-180.48,0
18503,90.91,-182.82,0
18514,90.91,-184.15,0
18526,83.33,-183.22,0
18538,83.33,-181.51,0
18549,90.91,-181.40,0
18561,83.33,-183.27,0
18572,90.91,-184.65,0
18583,90.91,-183.61,0
18595,90.91,-180.83,0
18607,76.92,-179.48,0
18618,90.91,-180.40,0
18629,90.91,-182.25,0
18640,90.91,-182.95,0
18652,83.33,-181.24,0
18664,83.33,-180.10,0
18675,90.91,-181.40,0
18686,90.91,-184.50,0
18698,83.33,-185.87,0
18709,90.91,-184.13,0
18720,90.91,-181.49,0
18733,76.92,-180.75,0
18744,90.91,-182.11,0
18755,90.91,-183.78,0
18766,90.91,-181.93,0
18778,83.33,-179.57,0
18789,90.91,-179.44,0
18801,83.33,-181.76,0
18812,90.91,-184.33,0
18824,83.33,-184.71,0
18835,90.91,-182.65,0
18846,90.91,-181.23,0
18857,90.91,-182.35,0
18870,76.92,-184.33,0
18881,90.91,-184.90,0
18892,90.91,-182.20,0
18904,83.33,-179.85,0
18915,90.91,-180.24,0
18926,90.91,-182.09,0
18938,83.33,-183.27,0
18950,83.33,-182.66,0
18961,90.91,-180.65,0
18972,90.91,-181.45,0
18983,90.91,-184.03,0
18995,83.33,-186.03,0
19007,83.33,-185.04,0
19018,90.91,-182.26,0
19030,83.33,-181.00,0
19041,90.91,-181.75,0
19052,90.91,-183.26,0
19064,90.91,-182.91,0
19076,76.92,-180.65,0
19087,90.91,-179.55,0
19098,90.91,-180.48,0
19109,90.91,-183.01,0
19121,83.33,-184.79,0
19133,90.91,-182.60,0
19144,83.33,-181.45,0
19155,90.91,-182.49,0
19167,83.33,-184.55,0
19178,90.91,-185.58,0
19189,90.91,-183.27,0
19202,76.92,-180.06,0
19213,90.91,-179.30,0
19224,90.91,-180.98,0
19235,90.91,-183.19,0
19247,83.33,-182.71,0
19258,90.91,-180.57,0
19270,83.33,-180.08,0
19281,90.91,-182.16,0
19293,83.33,-184.52,0
19304,90.91,-185.06,0
19315,90.91,-182.73,0
19326,90.91,-180.44,0
19339,76.92,-180.84,0
19350,90.91,-182.59,0
19361,90.91,-183.41,0
19373,83.33,-181.34,0
19384,90.91,-178.68,0
19395,90.91,-179.32,0
19407,83.33,-182.42,0
19419,83.33,-185.57,0
19430,90.91,-184.93,0
19441,90.91,-182.45,0
19452,90.91,-181.84,0
19464,83.33,-182.78,0
19476,83.33,-183.94,0
19487,90.91,-183.25,0
19499,83.33,-180.20,0
19510,90.91,-179.15,0
19521,90.91,-180.24,0
19532,90.91,-182.52,0
19545,76.92,-183.86,0
19556,90.91,-182.71,0
19567,90.91,-180.95,0
19578,90.91,-182.16,0
19590,83.33,-184.53,0
19602,90.91,-185.75,0
19613,83.33,-184.07,0
19624,90.91,-181.62,0
19636,83.33,-181.06,0
19647,90.91,-181.32,0
19658,90.91,-182.56,0
19671,83.33,-181.73,0
19682,83.33,-180.16,0
19693,90.91,-180.24,0
19704,90.91,-182.53,0
19716,83.33,-185.59,0
19727,90.91,-185.77,0
19739,83.33,-183.22,0
19750,90.91,-181.57,0
19762,83.33,-182.78,0
19773,90.91,-183.52,0
19784,90.91,-183.24,0
19795,90.91,-181.35,0
19808,76.92,-178.70,0
19819,90.91,-179.80,0
19830,90.91,-182.27,0
19842,83.33,-183.83,0
19853,90.91,-183.25,0
19864,90.91,-182.02,0
19876,83.33,-182.46,0
19888,83.33,-184.31,0
19899,90.91,-185.85,0
19910,90.91,-184.52,0
19921,90.91,-181.44,0
19933,83.33,-179.64,0
19945,83.33,-180.51,0
19956,90.91,-182.68,0
19968,83.33,-183.61,0
19979,90.91,-181.07,0
19990,90.91,-179.39,0
20001,90.91,-180.94,0
20014,76.92,-184.52,0
20025,90.91,-185.56,0
20036,90.91,-184.22,0
20047,90.91,-181.87,0
20059,83.33,-182.09,0
20070,90.91,-182.79,0
20082,83.33,-183.74,0
20093,90.91,-182.25,0
20105,83.33,-179.53,0
20116,90.91,-179.55,0
20127,90.91,-181.79,0
20140,83.33,-184.17,0
20151,83.33,-184.75,0
20162,90.91,-183.39,0
20173,90.91,-182.41,0
20185,83.33,-183.69,0
20196,90.91,-185.42,0
20208,90.91,-185.27,0
20219,83.33,-182.04,0
20231,83.33,-179.72,0
20242,90.91,-181.33,0
20253,90.91,-182.51,0
20264,90.91,-183.15,0
20277,76.92,-182.07,0
20288,90.91,-180.16,0
20299,90.91,-180.66,0
20311,83.33,-183.66,0
20322,90.91,-185.53,0
20333,90.91,-185.71,0
20345,83.33,-182.84,0
20357,83.33,-181.45,0
20368,90.91,-182.43,0
20379,90.91,-183.89,0
20390,90.91,-183.41,0
20402,83.33,-180.46,0
20414,83.33,-178.46,0
20425,90.91,-179.88,0
20436,90.91,-182.58,0
20448,83.33,-184.45,0
20459,90.91,-183.67,0
20470,90.91,-181.63,0
20483,76.92,-181.81,0
20494,90.91,-183.85,0
20505,90.91,-184.94,0
20516,90.91,-182.93,0
20528,83.33,-179.97,0
20539,90.91,-179.96,0
20551,83.33,-181.13,0
20562,90.91,-182.90,0
20574,83.33,-182.42,0
20585,90.91,-180.39,0
20596,90.91,-180.74,0
20608,83.33,-182.67,0
20620,83.33,-185.17,0
20631,90.91,-185.32,0
20642,90.91,-182.99,0
20654,83.33,-181.07,0
20665,90.91,-181.43,0
20677,90.91,-183.10,0
20688,83.33,-183.49,0
20700,83.33,-180.89,0
20711,90.91,-178.83,0
20722,90.91,-179.64,0
20733,90.91,-182.21,0
20746,83.33,-184.49,0
20757,83.33,-183.87,0
20768,90.91,-181.53,0
20780,83.33,-181.77,0
20791,90.91,-183.96,0
20802,90.91,-185.24,0
20814,83.33,-184.07,0
20826,83.33,-180.99,0
20837,90.91,-179.60,0
20848,90.91,-181.02,0
20859,90.91,-183.01,0
20871,83.33,-183.53,0
20883,83.33,-181.76,0
20894,90.91,-180.84,0
20905,90.91,-182.25,0
20917,83.33,-184.64,0
20928,90.91,-185.95,0
20939,90.91,-183.75,0
20952,76.92,-181.28,0
20963,90.91,-180.55,0
20974,90.91,-182.11,0
20985,90.91,-183.43,0
20997,83.33,-182.24,0
21008,90.91,-179.92,0
21020,83.33,-180.06,0
21031,90.91,-182.02,0
21043,83.33,-184.71,0
21054,90.91,-185.36,0
21065,90.91,-183.26,0
21076,90.91,-181.83,0
21089,76.92,-183.07,0
21100,90.91,-184.86,0
21111,90.91,-184.56,0
21123,83.33,-181.82,0
21134,90.91,-179.28,0
21145,90.91,-179.99,0
21157,83.33,-182.27,0
21169,83.33,-183.45,0
21180,90.91,-182.43,0
21191,90.91,-180.97,0
21202,90.91,-181.12,0
21215,83.33,-183.81,0
21226,83.33,-185.98,0
21237,90.91,-185.23,0
21249,83.33,-182.45,0
21260,90.91,-180.90,0
21271,90.91,-182.22,0
21283,83.33,-183.89,0
21295,83.33,-183.40,0
21306,90.91,-181.23,0
21317,90.91,-179.67,0
21328,90.91,-181.22,0
21340,83.33,-184.20,0
21352,83.33,-185.19,0
21363,90.91,-183.46,0
21374,90.91,-181.43,0
21386,83.33,-181.77,0
21397,90.91,-184.73,0
21408,90.91,-185.68,0
21421,76.92,-182.87,0
21432,90.91,-180.34,0
21443,90.91,-179.96,0
21454,90.91,-181.51,0
21466,83.33,-183.30,0
21477,90.91,-182.84,0
21489,83.33,-181.22,0
21500,90.91,-180.32,0
21512,83.33,-182.19,0
21523,90.91,-184.48,0
21534,90.91,-184.92,0
21545,90.91,-182.75,0
21558,76.92,-180.50,0
21569,90.91,-181.34,0
21580,90.91,-182.82,0
21592,83.33,-183.46,0
21603,90.91,-182.44,0
21614,90.91,-180.17,0
21626,83.33,-180.58,0
21638,83.33,-182.72,0
21649,90.91,-184.93,0
21660,90.91,-184.15,0
21671,90.91,-182.07,0
21683,83.33,-181.46,0
21695,83.33,-182.62,0
21706,90.91,-184.27,0
21718,83.33,-183.36,0
21729,90.91,-180.65,0
21740,90.91,-179.72,0
21752,90.91,-181.65,0
21764,76.92,-183.50,0
21775,90.91,-184.31,0
21786,90.91,-183.09,0
21797,90.91,-181.49,0
21809,83.33,-181.69,0
21821,83.33,-183.04,0
21832,90.91,-184.26,0
21843,90.91,-182.48,0
21855,83.33,-179.91,0
21866,90.91,-179.87,0
21877,90.91,-181.86,0
21890,76.92,-183.81,0
21901,90.91,-182.57,0
21912,90.91,-180.39,0
21923,90.91,-180.54,0
21935,83.33,-182.53,0
21946,90.91,-185.25,0
21958,83.33,-185.73,0
21969,90.91,-182.95,0
21981,83.33,-181.81,0
21992,90.91,-182.72,0
22003,90.91,-184.25,0
22014,90.91,-184.06,0
22027,76.92,-181.18,0
22038,90.91,-178.54,0
22049,90.91,-179.65,0
22061,83.33,-181.77,0
22072,90.91,-183.19,0
22083,90.91,-183.18,0
22095,83.33,-182.03,0
22107,83.33,-181.64,0
22118,90.91,-183.60,0
22129,90.91,-185.14,0
22140,90.91,-183.97,0
22153,83.33,-181.05,0
22164,83.33,-180.02,0
22175,90.91,-181.45,0
22187,83.33,-182.65,0
22198,90.91,-183.23,0
22209,90.91,-181.51,0
22221,90.91,-180.55,0
22233,76.92,-181.95,0
22244,90.91,-184.86,0
22255,90.91,-185.70,0
22266,90.91,-183.75,0
22278,83.33,-181.00,0
22290,83.33,-180.83,0
22301,90.91,-182.46,0
22312,90.91,-183.45,0
22324,83.33,-182.26,0
22335,90.91,-180.51,0
22346,90.91,-179.53,0
22359,76.92,-182.10,0
22370,90.91,-184.91,0
22381,90.91,-185.52,0
22392,90.91,-183.26,0
22404,83.33,-181.40,0
22415,90.91,-182.07,0
22427,83.33,-184.42,0
22438,90.91,-184.63,0
22450,83.33,-182.05,0
22461,90.91,-179.69,0
22472,90.91,-180.78,0
22483,90.91,-183.42,0
22496,76.92,-184.45,0
22507,90.91,-182.53,0
22518,90.91,-180.46,0
22530,83.33,-181.65,0
22541,90.91,-184.43,0
22552,90.91,-185.63,0
22564,83.33,-184.07,0
22576,83.33,-181.54,0
22587,90.91,-180.72,0
22598,90.91,-182.86,0
22609,90.91,-184.65,0
22621,83.33,-183.32,0
22633,83.33,-180.83,0
22644,90.91,-179.71,0
22656,83.33,-181.85,0
22667,90.91,-183.77,0
22678,90.91,-184.68,0
22690,90.91,-182.72,0
22702,76.92,-180.72,0
22713,90.91,-182.03,0
22724,90.91,-184.37,0
22735,90.91,-184.78,0
22747,83.33,-182.66,0
22759,90.91,-180.04,0
22770,83.33,-180.18,0
22781,90.91,-182.11,0
22793,83.33,-183.64,0
22804,90.91,-182.71,0
22815,90.91,-180.48,0
22828,76.92,-180.66,0
22839,90.91,-182.70,0
22850,90.91,-185.44,0
22861,90.91,-185.48,0
22873,83.33,-182.33,0
22884,90.91,-180.34,0
22896,83.33,-181.23,0
22907,90.91,-183.06,0
22919,83.33,-184.18,0
22930,90.91,-181.61,0
22941,90.91,-180.07,0
22952,90.91,-181.09,0
22965,76.92,-183.78,0
22976,90.91,-185.96,0
22987,90.91,-184.22,0
22999,83.33,-181.68,0
23010,90.91,-181.16,0
23021,90.91,-182.73,0
23033,83.33,-184.32,0
23045,83.33,-182.99,0
23056,90.91,-180.53,0
23067,90.91,-179.49,0
23078,90.91,-180.81,0
23090,83.33,-183.78,0
23102,83.33,-184.48,0
23113,90.91,-182.31,0
23124,90.91,-181.10,0
23136,83.33,-181.98,0
23147,90.91,-184.40,0
23159,90.91,-184.93,0
23171,76.92,-182.44,0
23182,90.91,-180.43,0
23193,90.91,-180.58,0
23204,90.91,-182.72,0
23216,83.33,-183.78,0
23228,90.91,-182.64,0
23239,83.33,-180.45,0
23250,90.91,-180.80,0
23262,83.33,-183.29,0
23273,90.91,-185.48,0
23284,90.91,-185.40,0
23297,76.92,-182.71,0
23308,90.91,-180.96,0
23319,90.91,-182.21,0
23330,90.91,-183.96,0
23342,83.33,-184.02,0
23353,90.91,-181.45,0
23365,83.33,-180.05,0
23376,90.91,-180.82,0
23388,83.33,-182.94,0
23399,90.91,-184.32,0
23410,90.91,-183.39,0
23421,90.91,-181.38,0
23434,76.92,-181.75,0
23445,90.91,-184.07,0
23456,90.91,-186.02,0
23468,83.33,-184.52,0
23479,90.91,-181.34,0
23490,90.91,-180.30,0
23502,83.33,-182.24,0
23514,83.33,-184.02,0
23525,90.91,-183.54,0
23536,90.91,-180.82,0
23547,90.91,-180.48,0
23559,83.33,-182.41,0
23571,83.33,-184.79,0
23582,90.91,-185.05,0
23593,90.91,-183.21,0
23605,83.33,-181.47,0
23616,90.91,-181.56,0
23627,90.91,-183.23,0
23640,76.92,-184.03,0
23651,90.91,-182.05,0
23662,90.91,-179.19,0
23673,90.91,-179.43,0
23685,83.33,-181.67,0
23696,90.91,-184.31,0
23708,83.33,-184.08,0
23719,90.91,-182.21,0
23731,83.33,-182.31,0
23742,90.91,-184.09,0
23753,90.91,-185.26,0
23766,90.91,-184.85,0
23777,76.92,-181.60,0
23788,90.91,-179.92,0
23799,90.91,-180.77,0
23811,83.33,-182.67,0
23822,90.91,-183.25,0
23834,90.91,-181.58,0
23845,83.33,-179.96,0
23857,83.33,-181.58,0
23868,90.91,-184.83,0
23879,90.91,-186.42,0
23890,90.91,-184.52,0
23903,76.92,-182.04,0
23914,90.91,-181.69,0
23925,90.91,-183.20,0
23937,83.33,-184.32,0
23948,90.91,-182.68,0
23959,90.91,-179.55,0
23971,83.33,-179.41,0
23983,83.33,-181.09,0
23994,90.91,-183.93,0
24005,90.91,-184.58,0
24016,90.91,-182.86,0
24028,83.33,-181.91,0
24040,83.33,-183.34,0
24051,90.91,-185.69,0
24062,90.91,-185.46,0
24074,83.33,-182.67,0
24085,90.91,-179.67,0
24096,90.91,-179.47,0
24109,76.92,-181.92,0
24120,90.91,-183.36,0
24131,90.91,-181.82,0
24142,90.91,-180.42,0
24154,83.33,-180.91,0
24165,90.91,-184.18,0
24177,83.33,-187.48,0
24188,90.91,-186.81,0
24200,83.33,-183.75,0
24211,90.91,-181.51,0
24222,90.91,-182.05,0
24233,90.91,-183.46,0
24246,76.92,-182.59,0
24257,90.91,-180.12,0
24268,90.91,-178.49,0
24280,83.33,-180.30,0
24291,90.91,-183.48,0
24302,90.91,-185.00,0
24314,83.33,-184.64,0
24326,83.33,-182.88,0
24337,90.91,-183.04,0
24348,90.91,-184.46,0
24359,90.91,-185.51,0
24372,83.33,-184.02,0
24383,83.33,-180.98,0
24394,90.91,-179.24,0
24406,83.33,-180.34,0
24417,90.91,-182.23,0
24428,90.91,-182.74,0
24440,90.91,-181.04,0
24452,76.92,-180.61,0
24463,90.91,-182.66,0
24474,90.91,-184.81,0
24485,90.91,-185.21,0
24497,83.33,-182.78,0
24509,83.33,-180.84,0
24520,90.91,-180.73,0
24531,90.91,-181.66,0
24543,83.33,-182.10,0
24554,90.91,-180.52,0
24565,90.91,-179.27,0
24578,76.92,-179.69,0
24589,90.91,-182.26,0
24600,90.91,-184.60,0
24611,90.91,-183.90,0
24623,83.33,-181.60,0
24634,90.91,-181.10,0
24646,83.33,-182.84,0
24657,90.91,-184.29,0
24669,83.33,-183.35,0
24680,90.91,-180.57,0
24691,90.91,-178.68,0
24702,90.91,-180.08,0
24715,76.92,-182.54,0
24726,90.91,-183.99,0
24737,90.91,-181.91,0
24749,83.33,-180.22,0
24760,90.91,-181.96,0
24771,90.91,-184.16,0
24783,83.33,-185.35,0
24795,83.33,-182.94,0
24806,90.91,-180.21,0
24817,90.91,-179.80,0
24828,90.91,-181.67,0
24840,83.33,-183.20,0
24852,83.33,-182.45,0
24863,90.91,-180.10,0
24875,83.33,-179.83,0
24886,90.91,-182.42,0
24897,90.91,-184.74,0
24908,90.91,-185.21,0
24921,76.92,-183.20,0
24932,90.91,-181.49,0
24943,90.91,-183.12,0
24954,90.91,-184.38,0
24966,83.33,-184.18,0
24978,90.91,-181.45,0
24989,83.33,-179.00,0
25000,90.91,-180.01,0
25012,83.33,-182.26,0
25023,90.91,-183.82,0
25034,90.91,-183.27,0
25047,83.33,-181.25,0
25058,83.33,-181.47,0
25069,90.91,-183.76,0
25080,90.91,-185.45,0
25092,83.33,-184.32,0
25103,90.91,-181.62,0
25115,83.33,-179.92,0
25126,90.91,-180.95,0
25138,83.33,-183.32,0
25149,90.91,-183.33,0
25160,90.91,-181.20,0
25171,90.91,-180.23,0
25184,76.92,-181.67,0
25195,90.91,-184.25,0
25206,90.91,-185.51,0
25218,83.33,-183.80,0
25229,90.91,-181.20,0
25240,90.91,-181.41,0
25252,83.33,-183.02,0
25264,83.33,-184.16,0
25275,90.91,-182.43,0
25286,90.91,-179.59,0
25297,90.91,-179.03,0
25309,83.33,-181.70,0
25321,83.33,-184.46,0
25332,90.91,-184.24,0
25344,83.33,-182.16,0
25355,90.91,-181.28,0
25366,90.91,-182.81,0
25377,90.91,-184.68,0
25390,76.92,-184.80,0
25401,90.91,-182.53,0
25412,90.91,-180.10,0
25423,90.91,-180.78,0
25435,83.33,-182.59,0
25446,90.91,-183.73,0
25458,83.33,-182.71,0
25469,90.91,-180.73,0
25481,83.33,-181.43,0
25492,90.91,-183.86,0
25503,90.91,-185.77,0
25516,83.33,-184.57,0
25527,83.33,-181.45,0
25538,90.91,-181.11,0
25549,90.91,-182.19,0
25561,83.33,-183.70,0
25572,90.91,-183.53,0
25584,90.91,-181.62,0
25595,83.33,-180.80,0
25607,83.33,-182.36,0
25618,90.91,-184.19,0
25629,90.91,-184.64,0
25640,90.91,-182.49,0
25653,76.92,-180.63,0
25664,90.91,-181.19,0
25675,90.91,-182.94,0
25687,83.33,-184.26,0
25698,90.91,-182.39,0
25709,90.91,-179.63,0
25721,83.33,-180.82,0
25733,83.33,-182.90,0
25744,90.91,-184.52,0
25755,90.91,-184.24,0
25766,90.91,-181.48,0
25778,83.33,-180.84,0
25790,83.33,-182.47,0
25801,90.91,-184.32,0
25812,90.91,-184.40,0
25824,83.33,-181.36,0
25835,90.91,-179.87,0
25846,90.91,-181.17,0
25859,76.92,-183.13,0
25870,90.91,-184.42,0
25881,90.91,-182.80,0
25892,90.91,-180.71,0
25904,83.33,-181.50,0
25915,90.91,-183.45,0
25927,83.33,-184.65,0
25938,90.91,-183.57,0
25950,83.33,-181.61,0
25961,90.91,-181.19,0
25972,90.91,-182.13,0
25984,83.33,-183.76,0
25996,83.33,-182.70,0
26007,90.91,-180.33,0
26018,90.91,-179.95,0
26030,83.33,-182.07,0
26041,90.91,-184.78,0
26052,90.91,-184.58,0
26064,83.33,-182.74,0
26076,83.33,-181.27,0
26087,90.91,-182.38,0
26098,90.91,-184.57,0
26109,90.91,-184.79,0
26122,83.33,-182.28,0
26133,83.33,-179.95,0
26144,90.91,-180.65,0
26156,83.33,-183.13,0
26167,90.91,-184.70,0
26178,90.91,-183.72,0
26190,90.91,-181.65,0
26202,76.92,-181.47,0
26213,90.91,-183.84,0
26224,90.91,-185.58,0
26235,90.91,-184.51,0
26247,83.33,-181.44,0
26259,83.33,-179.99,0
26270,90.91,-181.42,0
26281,90.91,-183.01,0
26293,83.33,-183.05,0
26304,90.91,-181.77,0
26315,90.91,-180.56,0
26328,76.92,-181.52,0
26339,90.91,-183.88,0
26350,90.91,-185.16,0
26361,90.91,-183.57,0
26373,83.33,-180.97,0
26384,90.91,-181.34,0
26396,83.33,-183.55,0
26407,90.91,-184.49,0
26419,83.33,-183.37,0
26430,90.91,-180.97,0
26441,90.91,-180.51,0
26452,90.91,-182.32,0
26465,76.92,-184.35,0
26476,90.91,-184.74,0
26487,90.91,-182.37,0
26499,83.33,-181.32,0
26510,90.91,-181.94,0
26521,90.91,-184.03,0
26533,83.33,-184.12,0
26545,83.33,-181.57,0
26556,90.91,-180.02,0
26567,90.91,-180.55,0
26578,90.91,-182.85,0
26590,83.33,-184.07,0
26602,83.33,-182.82,0
26613,90.91,-180.39,0
26625,83.33,-181.06,0
26636,90.91,-183.47,0
26647,90.91,-185.10,0
26659,90.91,-183.96,0
26671,76.92,-181.37,0
26682,90.91,-180.55,0
26693,90.91,-181.99,0
26704,90.91,-184.21,0
26716,83.33,-183.98,0
26728,83.33,-181.92,0
26739,90.91,-180.32,0
26750,90.91,-181.94,0
26762,83.33,-183.60,0
26773,90.91,-183.79,0
26784,90.91,-182.18,0
26797,76.92,-180.31,0
26808,90.91,-181.05,0
26819,90.91,-183.48,0
26830,90.91,-184.83,0
26842,83.33,-183.54,0
26853,90.91,-180.92,0
26865,83.33,-180.64,0
26876,90.91,-182.31,0
26888,83.33,-184.16,0
26899,90.91,-183.99,0
26910,90.91,-181.03,0
26921,90.91,-180.77,0
26934,76.92,-182.32,0
26945,90.91,-184.98,0
26956,90.91,-185.39,0
26968,83.33,-182.76,0
26979,90.91,-180.51,0
26990,90.91,-181.21,0
27002,83.33,-183.37,0
27014,83.33,-183.92,0
27025,90.91,-181.58,0
27036,90.91,-179.64,0
27047,90.91,-180.73,0
27059,83.33,-182.54,0
27071,83.33,-184.14,0
27082,90.91,-183.58,0
27094,83.33,-181.73,0
27105,90.91,-181.35,0
27116,90.91,-183.35,0
27127,90.91,-184.82,0
27140,76.92,-183.83,0
27151,90.91,-180.84,0
27162,90.91,-179.61,0
27173,90.91,-181.41,0
27185,83.33,-183.94,0
27197,90.91,-183.89,0
27208,83.33,-182.12,0
27219,90.91,-180.74,0
27231,83.33,-181.55,0
27242,90.91,-184.41,0
27253,90.91,-185.25,0
27266,83.33,-182.88,0
27277,83.33,-180.44,0
27288,90.91,-180.60,0
27299,90.91,-182.79,0
27311,83.33,-184.43,0
27322,90.91,-182.81,0
27334,83.33,-180.26,0
27345,90.91,-179.88,0
27357,83.33,-182.18,0
27368,90.91,-184.17,0
27379,90.91,-184.15,0
27390,90.91,-182.40,0
27403,76.92,-181.79,0
27414,90.91,-182.07,0
27425,90.91,-184.00,0
27437,83.33,-184.31,0
27448,90.91,-181.66,0
27459,90.91,-179.89,0
27471,83.33,-180.46,0
27483,83.33,-182.61,0
27494,90.91,-184.19,0
27505,90.91,-182.44,0
27516,90.91,-180.12,0
27528,83.33,-180.92,0
27540,83.33,-184.16,0
27551,90.91,-185.61,0
27563,83.33,-184.22,0
27574,90.91,-181.13,0
27585,90.91,-180.60,0
27596,90.91,-182.29,0
27609,76.92,-184.02,0
27620,90.91,-183.40,0
27631,90.91,-180.40,0
27642,90.91,-179.24,0
27654,83.33,-181.26,0
27665,90.91,-183.60,0
27677,83.33,-184.51,0
27688,90.91,-183.46,0
27700,83.33,-180.91,0
27711,90.91,-181.31,0
27722,90.91,-184.34,0
27735,83.33,-185.28,0
27746,83.33,-182.96,0
27757,90.91,-180.35,0
27768,90.91,-179.92,0
27780,83.33,-182.33,0
27791,90.91,-184.59,0
27803,83.33,-184.58,0
27814,90.91,-181.75,0
27826,83.33,-180.90,0
27837,90.91,-182.22,0
27848,90.91,-183.91,0
27859,90.91,-184.46,0
27872,76.92,-182.44,0
27883,90.91,-180.87,0
27894,90.91,-181.90,0
27906,83.33,-183.87,0
27917,90.91,-183.88,0
27928,90.91,-181.63,0
27940,83.33,-179.58,0
27952,83.33,-180.24,0
27963,90.91,-182.74,0
27974,90.91,-184.77,0
27985,90.91,-183.52,0
27997,83.33,-181.63,0
28009,83.33,-181.05,0
28020,90.91,-182.61,0
28032,83.33,-184.78,0
28043,90.91,-183.71,0
28054,90.91,-181.11,0
28065,90.91,-180.06,0
28078,76.92,-181.43,0
28089,90.91,-183.56,0
28100,90.91,-183.88,0
28111,90.91,-181.90,0
28123,83.33,-180.41,0
28134,90.91,-181.49,0
28146,83.33,-184.36,0
28157,90.91,-185.42,0
28169,83.33,-182.65,0
28180,90.91,-180.18,0
28191,90.91,-180.57,0
28204,83.33,-182.77,0
28215,83.33,-184.20,0
28226,90.91,-182.98,0
28237,90.91,-180.64,0
28249,83.33,-181.02,0
28260,90.91,-182.48,0
28272,90.91,-184.84,0
28283,83.33,-184.52,0
28295,83.33,-181.81,0
28306,90.91,-180.05,0
28317,90.91,-181.70,0
28328,90.91,-183.79,0
28341,76.92,-183.74,0
28352,90.91,-181.51,0
28363,90.91,-179.44,0
28375,83.33,-180.47,0
28386,90.91,-182.99,0
28397,90.91,-184.11,0
28409,83.33,-182.41,0
28421,83.33,-180.43,0
28432,90.91,-181.35,0
28443,90.91,-183.22,0
28454,90.91,-184.66,0
28466,83.33,-184.06,0
28478,83.33,-181.21,0
28489,90.91,-180.56,0
28500,90.91,-181.73,0
28512,83.33,-184.12,0
28523,90.91,-183.00,0
28534,90.91,-180.46,0
28547,76.92,-179.68,0
28558,90.91,-181.54,0
28569,90.91,-183.39,0
28580,90.91,-184.21,0
28592,83.33,-181.65,0
28603,90.91,-179.94,0
28615,83.33,-181.33,0
28626,90.91,-183.27,0
28638,83.33,-184.12,0
28649,90.91,-182.83,0
28660,90.91,-179.54,0
28673,83.33,-179.69,0
28684,83.33,-182.42,0
28695,90.91,-184.43,0
28706,90.91,-184.17,0
28718,83.33,-181.67,0
28729,90.91,-181.10,0
28741,90.91,-182.90,0
28752,83.33,-185.18,0
28764,83.33,-184.54,0
28775,90.91,-182.21,0
28786,90.91,-180.21,0
28797,90.91,-180.85,0
28810,76.92,-183.30,0
28821,90.91,-184.06,0
28832,90.91,-182.35,0
28844,83.33,-180.05,0
28855,90.91,-180.79,0
28866,90.91,-183.96,0
28878,83.33,-185.59,0
28890,83.33,-182.72,0
28901,90.91,-179.65,0
28912,90.91,-180.20,0
28923,90.91,-182.01,0
28935,83.33,-183.56,0
28947,83.33,-182.51,0
28958,90.91,-179.77,0
28969,90.91,-179.32,0
28981,83.33,-181.38,0
28992,90.91,-184.01,0
29003,90.91,-184.86,0
29016,76.92,-182.86,0
29027,90.91,-181.37,0
29038,90.91,-182.37,0
29049,90.91,-185.04,0
29061,83.33,-185.45,0
29072,90.91,-182.22,0
29084,83.33,-179.98,0
29095,90.91,-180.36,0
29107,83.33,-182.52,0
29118,90.91,-183.76,0
29129,90.91,-182.67,0
29142,90.91,-181.33,0
29153,76.92,-181.29,0
29164,90.91,-183.42,0
29175,90.91,-184.86,0
29187,83.33,-183.95,0
29198,90.91,-181.74,0
29210,90.91,-180.50,0
29221,83.33,-181.64,0
29233,83.33,-183.57,0
29244,90.91,-182.98,0
29255,90.91,-180.91,0
29266,90.91,-179.67,0
29279,76.92,-180.96,0
29290,90.91,-183.48,0
29301,90.91,-185.09,0
29313,83.33,-183.65,0
29324,90.91,-182.28,0
29335,90.91,-182.17,0
29347,83.33,-183.82,0
29359,83.33,-185.66,0
29370,90.91,-183.31,0
29381,90.91,-180.28,0
29392,90.91,-179.90,0
29404,83.33,-182.04,0
29416,83.33,-183.78,0
29427,90.91,-184.04,0
29438,90.91,-181.61,0
29450,83.33,-180.21,0
29461,90.91,-182.09,0
29472,90.91,-184.89,0
29485,76.92,-185.12,0
29496,90.91,-182.86,0
29507,90.91,-181.15,0
29518,90.91,-181.62,0
29530,83.33,-183.39,0
29541,90.91,-184.41,0
29553,83.33,-182.32,0
29564,90.91,-179.58,0
29576,83.33,-179.60,0
29587,90.91,-182.72,0
29598,90.91,-184.62,0
29609,90.91,-184.24,0
29622,76.92,-181.87,0
29633,90.91,-181.66,0
29644,90.91,-183.52,0
29656,83.33,-184.39,0
29667,90.91,-183.59,0
29679,90.91,-180.92,0
29690,83.33,-179.49,0
29702,83.33,-180.89,0
29713,90.91,-182.64,0
29724,90.91,-183.76,0
29735,90.91,-181.79,0
29748,76.92,-180.00,0
29759,90.91,-181.52,0
29770,90.91,-184.30,0
29782,83.33,-185.80,0
29793,90.91,-184.43,0
29804,90.91,-182.17,0
29816,83.33,-181.15,0
29828,83.33,-182.40,0
29839,90.91,-183.86,0
29850,90.91,-182.69,0
29861,90.91,-180.60,0
29873,83.33,-180.18,0
29885,83.33,-181.83,0
29896,90.91,-184.95,0
29907,90.91,-185.39,0
29919,83.33,-182.46,0
29930,90.91,-181.24,0
29941,90.91,-182.28,0
29954,76.92,-184.11,0
29965,90.91,-184.67,0
29976,90.91,-181.85,0
29987,90.91,-179.39,0
29999,83.33,-179.86,0
30010,90.91,-182.08,0
30022,83.33,-183.83,0
30033,90.91,-182.65,0
30045,83.33,-180.79,0
30056,90.91,-181.45,0
30067,90.91,-183.52,0
30078,90.91,-184.67,0
30091,76.92,-183.72,0
30102,90.91,-181.49,0
30113,90.91,-180.08,0
30125,83.33,-181.70,0
30136,90.91,-183.37,0
30147,90.91,-183.03,0
30159,83.33,-181.09,0
30171,83.33,-179.89,0
30182,90.91,-181.68,0
30193,90.91,-184.27,0
30204,90.91,-184.74,0
30217,83.33,-182.48,0
30228,83.33,-179.95,0
30239,90.91,-181.00,0
30251,83.33,-182.97,0
30262,90.91,-184.17,0
30273,90.91,-181.96,0
30285,90.91,-179.59,0
30297,76.92,-180.06,0
30308,90.91,-182.71,0
30319,90.91,-184.94,0
30330,90.91,-184.44,0
30342,83.33,-181.95,0
30354,83.33,-180.75,0
30365,90.91,-182.37,0
30376,90.91,-184.45,0
30388,83.33,-185.00,0
30399,90.91,-181.80,0
30410,90.91,-179.50,0
30423,76.92,-180.54,0
30434,90.91,-182.67,0
30445,90.91,-183.35,0
30456,90.91,-182.01,0
30468,83.33,-180.42,0
30479,90.91,-181.03,0
30491,83.33,-182.93,0
30502,90.91,-184.21,0
30514,83.33,-183.01,0
30525,90.91,-180.50,0
30536,90.91,-180.46,0
30547,90.91,-181.94,0
30560,76.92,-183.92,0
30571,90.91,-183.81,0
30582,90.91,-181.53,0
30594,83.33,-180.68,0
30605,90.91,-181.82,0
30616,90.91,-184.42,0
30628,83.33,-184.53,0
30640,83.33,-182.19,0
30651,90.91,-180.47,0
30662,90.91,-181.27,0
30673,90.91,-183.73,0
30685,83.33,-184.88,0
30697,83.33,-182.31,0
30708,90.91,-179.67,0
30720,83.33,-180.35,0
30731,90.91,-183.49,0
30742,90.91,-185.08,0
30754,90.91,-183.63,0
30766,76.92,-181.17,0
30777,90.91,-181.14,0
30788,90.91,-183.13,0
30799,90.91,-184.76,0
30811,83.33,-183.68,0
30823,83.33,-180.76,0
30834,90.91,-178.85,0
30845,90.91,-180.97,0
30857,83.33,-183.70,0
30868,90.91,-183.79,0
30879,90.91,-181.72,0
30892,76.92,-180.90,0
30903,90.91,-182.77,0
30914,90.91,-184.75,0
30925,90.91,-185.20,0
30937,83.33,-183.27,0
30948,90.91,-181.10,0
30960,83.33,-180.81,0
30971,90.91,-182.46,0
30983,83.33,-183.66,0
30994,90.91,-182.55,0
31005,90.91,-180.64,0
31016,90.91,-180.22,0
31029,76.92,-182.10,0
31040,90.91,-184.69,0
31051,90.91,-185.51,0
31063,83.33,-182.87,0
31074,90.91,-181.43,0
31085,90.91,-182.36,0
31097,83.33,-184.05,0
31109,83.33,-183.37,0
31120,90.91,-180.60,0
31131,90.91,-178.88,0
31142,90.91,-179.84,0
31154,83.33,-182.04,0
31166,83.33,-184.22,0
31177,90.91,-183.37,0
31188,90.91,-181.73,0
31200,83.33,-182.03,0
31211,90.91,-184.24,0
31222,90.91,-185.71,0
31235,76.92,-184.54,0
31246,90.91,-181.18,0
31257,90.91,-179.58,0
31268,90.91,-181.10,0
31280,83.33,-183.30,0
31292,90.91,-183.93,0
31303,83.33,-181.53,0
31314,90.91,-180.62,0
31326,83.33,-181.90,0
31337,90.91,-184.48,0
31348,90.91,-184.81,0
31361,83.33,-182.82,0
31372,90.91,-181.08,0
31383,90.91,-181.27,0
31394,90.91,-183.04,0
31406,83.33,-184.02,0
31417,90.91,-181.83,0
31429,83.33,-179.09,0
31440,90.91,-180.14,0
31452,83.33,-182.73,0
31463,90.91,-184.93,0
31474,90.91,-184.16,0
31485,90.91,-181.85,0
31498,76.92,-180.84,0
31509,90.91,-182.54,0
31520,90.91,-184.10,0
31532,83.33,-184.03,0
31543,90.91,-182.00,0
31554,90.91,-179.64,0
31566,83.33,-180.38,0
31578,83.33,-182.57,0
31589,90.91,-184.03,0
31600,90.91,-182.22,0
31611,90.91,-180.81,0
31623,83.33,-181.36,0
31635,83.33,-184.27,0
31646,90.91,-185.30,0
31657,90.91,-183.62,0
31669,83.33,-181.01,0
31680,90.91,-180.78,0
31691,90.91,-182.17,0
31704,76.92,-183.54,0
31715,90.91,-182.92,0
31726,90.91,-180.96,0
31737,90.91,-180.14,0
31749,83.33,-182.34,0
31760,90.91,-184.64,0
31772,83.33,-184.37,0
31783,90.91,-181.69,0
31795,83.33,-180.16,0
31806,90.91,-181.44,0
31817,90.91,-183.36,0
31828,90.91,-183.73,0
31841,76.92,-181.56,0
31852,90.91,-178.98,0
31863,90.91,-179.95,0
31875,83.33,-182.57,0
31886,90.91,-183.83,0
31898,90.91,-182.85,0
31909,83.33,-180.37,0
31921,83.33,-180.39,0
31932,90.91,-182.79,0
31943,90.91,-184.74,0
31954,90.91,-183.99,0
31967,83.33,-181.05,0
31978,83.33,-179.80,0
31989,90.91,-181.27,0
32001,83.33,-183.34,0
32012,90.91,-183.79,0
32023,90.91,-181.66,0
32035,83.33,-180.56,0
32047,83.33,-182.13,0
32058,90.91,-184.30,0
32069,90.91,-184.83,0
32080,90.91,-182.77,0
32092,83.33,-181.00,0
32104,83.33,-181.81,0
32115,90.91,-183.94,0
32126,90.91,-184.67,0
32138,83.33,-183.18,0
32149,90.91,-180.85,0
32160,90.91,-180.52,0
32173,76.92,-182.87,0
32184,90.91,-184.20,0
32195,90.91,-183.96,0
32206,90.91,-181.62,0
32218,83.33,-180.60,0
32229,90.91,-182.59,0
32241,83.33,-184.69,0
32252,90.91,-184.55,0
32264,83.33,-181.48,0
32275,90.91,-179.80,0
32286,90.91,-181.45,0
32297,90.91,-183.61,0
32310,76.92,-184.16,0
32321,90.91,-182.34,0
32332,90.91,-179.87,0
32344,83.33,-180.36,0
32355,90.91,-181.91,0
32366,90.91,-183.98,0
32378,83.33,-183.14,0
32390,83.33,-181.31,0
32401,90.91,-180.55,0
32412,90.91,-181.73,0
32423,90.91,-183.81,0
32435,83.33,-183.87,0
32447,83.33,-181.64,0
32458,90.91,-180.45,0
32470,83.33,-181.49,0
32481,90.91,-183.54,0
32492,90.91,-184.95,0
32504,90.91,-183.03,0
32516,76.92,-180.29,0
32527,90.91,-180.79,0
32538,90.91,-183.29,0
32549,90.91,-185.32,0
32561,83.33,-183.46,0
32573,90.91,-180.55,0
32584,83.33,-180.26,0
32595,90.91,-182.56,0
32607,83.33,-183.89,0
32618,90.91,-182.64,0
32629,90.91,-180.07,0
32642,76.92,-179.94,0
32653,90.91,-181.59,0
32664,90.91,-184.72,0
32675,90.91,-184.42,0
32687,83.33,-181.63,0
32698,90.91,-180.59,0
32710,83.33,-181.97,0
32721,90.91,-183.97,0
32733,83.33,-184.37,0
32744,90.91,-181.67,0
32755,90.91,-179.81,0
32766,90.91,-180.32,0
32779,76.92,-182.76,0
32790,90.91,-183.97,0
32801,90.91,-182.52,0
32813,83.33,-180.39,0
32824,90.91,-180.66,0
32835,90.91,-182.66,0
32847,83.33,-184.32,0
32859,83.33,-183.67,0
32870,90.91,-181.57,0
32881,90.91,-180.67,0
32892,90.91,-181.62,0
32904,83.33,-183.84,0
32916,83.33,-184.27,0
32927,90.91,-181.41,0
32939,83.33,-180.10,0
32950,90.91,-181.03,0
32961,90.91,-183.53,0
32972,90.91,-184.89,0
32985,76.92,-182.66,0
32996,90.91,-180.29,0
33007,90.91,-180.30,0
33018,90.91,-182.59,0
33030,83.33,-184.03,0
33041,90.91,-182.92,0
33053,83.33,-180.53,0
33064,90.91,-179.81,0
33076,83.33,-182.07,0
33087,90.91,-184.02,0
33098,90.91,-184.05,0
33111,83.33,-181.79,0
33122,83.33,-180.23,0
33133,90.91,-181.69,0
33144,90.91,-184.29,0
33156,83.33,-185.02,0
33167,90.91,-182.39,0
33179,90.91,-180.04,0
33190,90.91,-180.48,0
33202,83.33,-182.99,0
33213,90.91,-183.96,0
33224,90.91,-182.63,0
33235,90.91,-180.78,0
33248,76.92,-181.21,0
33259,90.91,-183.58,0
33270,90.91,-185.38,0
33282,83.33,-184.38,0
33293,90.91,-181.54,0
33304,90.91,-180.61,0
33316,83.33,-182.66,0
33328,83.33,-184.20,0
33339,90.91,-183.84,0
33350,90.91,-181.44,0
33361,90.91,-180.65,0
33373,83.33,-182.68,0
33385,83.33,-184.23,0
33396,90.91,-184.86,0
33408,83.33,-182.89,0
33419,90.91,-180.82,0
33430,90.91,-182.20,0
33441,90.91,-183.97,0
33454,76.92,-184.93,0
33465,90.91,-183.52,0
33476,90.91,-180.67,0
33487,90.91,-180.76,0
33499,83.33,-183.17,0
33510,90.91,-184.18,0
33522,83.33,-183.30,0
33533,90.91,-180.59,0
33545,83.33,-180.69,0
33556,90.91,-182.44,0
33567,90.91,-184.49,0
33579,83.33,-185.03,0
33591,83.33,-182.27,0
33602,90.91,-181.01,0
33613,90.91,-181.70,0
33625,83.33,-183.75,0
33636,90.91,-184.75,0
33648,90.91,-181.83,0
33659,83.33,-179.68,0
33671,83.33,-180.55,0
33682,90.91,-183.35,0
33693,90.91,-185.07,0
33704,90.91,-183.51,0
33717,76.92,-181.07,0
33728,90.91,-181.46,0
33739,90.91,-183.64,0
33751,83.33,-185.66,0
33762,90.91,-184.48,0
33773,90.91,-181.69,0
33785,83.33,-180.68,0
33797,83.33,-182.14,0
33808,90.91,-184.43,0
33819,90.91,-184.37,0
33830,90.91,-182.00,0
33842,83.33,-180.85,0
33854,83.33,-182.01,0
33865,90.91,-184.31,0
33876,90.91,-185.19,0
33888,83.33,-182.78,0
33899,90.91,-179.78,0
33910,90.91,-180.24,0
33923,76.92,-183.17,0
33934,90.91,-184.68,0
33945,90.91,-182.99,0
33956,90.91,-180.75,0
33968,83.33,-180.84,0
33979,90.91,-183.10,0
33991,83.33,-184.58,0
34002,90.91,-184.46,0
34014,83.33,-182.21,0
34025,90.91,-181.47,0
34036,90.91,-182.80,0
34048,83.33,-184.78,0
34060,83.33,-184.60,0
34071,90.91,-182.18,0
34082,90.91,-180.71,0
34094,83.33,-181.16,0
34105,90.91,-183.39,0
34117,90.91,-184.08,0
34128,83.33,-182.62,0
34140,83.33,-180.54,0
34151,90.91,-181.04,0
34162,90.91,-183.39,0
34173,90.91,-185.00,0
34186,76.92,-184.26,0
34197,90.91,-181.92,0
34208,90.91,-180.62,0
34220,83.33,-182.26,0
34231,90.91,-183.90,0
34242,90.91,-183.32,0
34254,83.33,-180.66,0
34266,83.33,-179.44,0
34277,90.91,-181.25,0
34288,90.91,-183.64,0
34299,90.91,-184.47,0
34311,83.33,-182.96,0
34323,83.33,-181.27,0
34334,90.91,-182.67,0
34345,90.91,-184.32,0
34357,83.33,-184.93,0
34368,90.91,-182.13,0
34379,90.91,-180.22,0
34392,76.92,-180.57,0
34403,90.91,-182.40,0
34414,90.91,-184.19,0
34425,90.91,-183.10,0
34437,83.33,-180.93,0
34448,90.91,-181.29,0
34460,83.33,-182.39,0
34471,90.91,-184.21,0
34483,83.33,-183.54,0
34494,90.91,-181.42,0
34505,90.91,-180.49,0
34516,90.91,-182.06,0
34529,76.92,-184.08,0
34540,90.91,-184.28,0
34551,90.91,-181.68,0
34563,83.33,-179.61,0
34574,90.91,-181.03,0
34585,90.91,-183.69,0
34597,83.33,-184.13,0
34609,83.33,-182.71,0
34620,90.91,-180.75,0
34631,90.91,-180.67,0
34642,90.91,-182.96,0
34655,83.33,-184.54,0
34666,83.33,-182.86,0
34677,90.91,-180.76,0
34689,83.33,-179.59,0
34700,90.91,-181.15,0
34711,90.91,-183.53,0
34723,90.91,-184.30,0
34735,76.92,-181.88,0
34746,90.91,-180.39,0
34757,90.91,-182.00,0
34768,90.91,-184.55,0
34780,83.33,-185.10,0
34792,83.33,-182.48,0
34803,90.91,-180.54,0
34814,90.91,-181.14,0
34826,83.33,-183.30,0
34837,90.91,-184.72,0
34848,90.91,-182.72,0
34861,76.92,-180.56,0
34872,90.91,-179.93,0
34883,90.91,-182.98,0
34894,90.91,-185.01,0
34906,83.33,-183.97,0
34917,90.91,-181.34,0
34929,83.33,-180.61,0
34940,90.91,-182.41,0
34952,83.33,-183.88,0
34963,90.91,-183.81,0
34974,90.91,-181.31,0
34985,90.91,-179.53,0
34998,76.92,-180.68,0
35009,90.91,-183.09,0
35020,90.91,-184.34,0
35032,83.33,-182.50,0
35043,90.91,-180.49,0
35054,90.91,-181.47,0
35066,83.33,-183.84,0
35078,83.33,-185.08,0
35089,90.91,-183.25,0
35100,90.91,-180.36,0
35111,90.91,-180.29,0
35123,83.33,-182.49,0
35135,83.33,-184.08,0
35146,90.91,-183.19,0
35158,83.33,-180.88,0
35169,90.91,-179.90,0
35180,90.91,-181.46,0
35192,90.91,-183.13,0
35204,76.92,-183.25,0
35215,90.91,-181.45,0
35226,90.91,-180.11,0
35237,90.91,-181.29,0
35249,83.33,-183.16,0
35261,90.91,-183.92,0
35272,83.33,-182.34,0
35283,90.91,-179.56,0
35295,83.33,-179.95,0
35306,90.91,-182.47,0
35317,90.91,-184.57,0
35330,76.92,-183.55,0
35341,90.91,-180.98,0
35352,90.91,-181.12,0
35363,90.91,-184.04,0
35375,83.33,-185.95,0
35386,90.91,-185.40,0
35398,83.33,-181.52,0
35409,90.91,-180.12,0
35421,83.33,-181.65,0
35432,90.91,-183.77,0
35443,90.91,-184.28,0
35454,90.91,-182.28,0
35467,76.92,-180.26,0
35478,90.91,-181.89,0
35489,90.91,-184.26,0
35501,83.33,-184.91,0
35512,90.91,-182.79,0
35523,90.91,-180.82,0
35535,83.33,-181.45,0
35547,83.33,-183.57,0
35558,90.91,-184.07,0
35569,90.91,-182.85,0
35580,90.91,-180.07,0
35592,83.33,-179.60,0
35604,83.33,-181.66,0
35615,90.91,-184.12,0
35627,83.33,-183.99,0
35638,90.91,-181.96,0
35649,90.91,-181.25,0
35660,90.91,-182.68,0
35673,76.92,-185.51,0
35684,90.91,-185.30,0
35695,90.91,-182.43,0
35706,90.91,-179.67,0
35718,83.33,-180.18,0
35729,90.91,-182.57,0
35741,83.33,-183.57,0
35752,90.91,-182.68,0
35764,83.33,-180.67,0
35775,90.91,-181.33,0
35786,90.91,-183.87,0
35799,83.33,-184.94,0
35810,83.33,-184.15,0
35821,90.91,-181.53,0
35832,90.91,-180.50,0
35844,83.33,-181.81,0
35855,90.91,-183.49,0
35867,90.91,-183.34,0
35878,90.91,-180.86,0
35890,83.33,-179.20,0
35901,90.91,-180.87,0
35912,90.91,-182.88,0
35923,90.91,-184.47,0
35936,76.92,-183.25,0
35947,90.91,-181.22,0
35958,90.91,-182.12,0
35970,83.33,-184.51,0
35981,90.91,-185.47,0
35992,90.91,-183.49,0
36004,83.33,-180.52,0
36016,83.33,-180.03,0
36027,90.91,-181.80,0
36038,90.91,-183.35,0
36049,90.91,-183.10,0
36061,83.33,-181.13,0
36073,83.33,-180.92,0
36084,90.91,-182.64,0
36096,83.33,-184.82,0
36107,90.91,-185.20,0
36118,90.91,-182.27,0
36129,90.91,-180.57,0
36142,76.92,-181.16,0
36153,90.91,-182.82,0
36164,90.91,-183.53,0
36175,90.91,-181.07,0
36187,83.33,-179.34,0
36198,90.91,-180.31,0
36210,83.33,-182.72,0
36221,90.91,-184.29,0
36233,83.33,-183.26,0
36244,90.91,-181.45,0
36255,90.91,-181.14,0
36267,83.33,-182.95,0
36279,83.33,-184.22,0
36290,90.91,-183.22,0
36301,90.91,-180.12,0
36313,83.33,-178.76,0
36324,90.91,-180.18,0
36336,90.91,-182.92,0
36347,83.33,-184.09,0
36359,83.33,-181.85,0
36370,90.91,-180.39,0
36381,90.91,-181.24,0
36392,90.91,-183.38,0
36405,83.33,-184.40,0
36416,83.33,-183.03,0
36427,90.91,-180.32,0
36439,83.33,-180.16,0
36450,90.91,-181.80,0
36461,90.91,-183.82,0
36473,90.91,-182.81,0
36485,83.33,-180.35,0
36496,90.91,-180.72,0
36507,90.91,-183.27,0
36518,90.91,-185.30,0
36530,83.33,-185.32,0
36542,83.33,-182.90,0
36553,90.91,-181.07,0
36564,90.91,-182.35,0
36576,83.33,-183.54,0
36587,90.91,-183.29,0
36598,90.91,-180.83,0
36611,76.92,-179.12,0
36622,90.91,-179.91,0
36633,90.91,-182.54,0
36644,90.91,-184.17,0
36656,83.33,-183.19,0
36667,90.91,-181.36,0
36679,83.33,-181.83,0
36690,90.91,-184.45,0
36702,83.33,-185.45,0
36713,90.91,-183.98,0
36724,90.91,-181.63,0
36736,83.33,-179.99,0
36748,83.33,-181.18,0
36759,90.91,-182.66,0
36770,90.91,-182.46,0
36782,83.33,-181.02,0
36793,90.91,-180.33,0
36804,90.91,-182.49,0
36816,83.33,-185.27,0
36828,83.33,-186.01,0
36839,90.91,-184.02,0
36850,90.91,-181.44,0
36861,90.91,-181.41,0
36873,83.33,-182.89,0
36885,83.33,-183.61,0
36896,90.91,-182.46,0
36908,83.33,-179.87,0
36919,90.91,-180.02,0
36930,90.91,-182.30,0
36942,90.91,-184.47,0
36954,76.92,-184.06,0
36965,90.91,-181.46,0
36976,90.91,-181.07,0
36987,90.91,-183.03,0
36999,83.33,-184.46,0
37011,90.91,-183.51,0
37022,83.33,-180.71,0
37033,90.91,-179.37,0
37045,83.33,-180.58,0
37056,90.91,-182.92,0
37067,90.91,-183.65,0
37080,76.92,-182.39,0
37091,90.91,-181.42,0
37102,90.91,-182.44,0
37113,90.91,-184.52,0
37125,83.33,-185.50,0
37136,90.91,-183.55,0
37148,83.33,-181.39,0
37159,90.91,-180.63,0
37171,83.33,-182.36,0
37182,90.91,-183.76,0
37193,90.91,-182.97,0
37204,90.91,-180.39,0
37217,76.92,-180.52,0
37228,90.91,-182.24,0
37239,90.91,-184.83,0
37251,83.33,-185.62,0
37262,90.91,-183.80,0
37273,90.91,-181.49,0
37285,83.33,-181.67,0
37297,83.33,-183.15,0
37308,90.91,-183.38,0
37319,90.91,-181.34,0
37330,90.91,-179.33,0
37342,83.33,-180.20,0
37354,83.33,-182.47,0
37365,90.91,-184.29,0
37377,83.33,-183.57,0
37388,90.91,-181.73,0
37399,90.91,-181.47,0
37410,90.91,-183.27,0
37423,76.92,-184.79,0
37434,90.91,-184.07,0
37445,90.91,-181.37,0
37456,90.91,-179.79,0
37468,83.33,-180.45,0
37479,90.91,-182.25,0
37491,83.33,-182.51,0
37502,90.91,-180.53,0
37514,83.33,-179.40,0
37525,90.91,-181.09,0
37536,90.91,-183.54,0
37548,83.33,-185.49,0
37560,83.33,-183.90,0
37571,90.91,-181.54,0
37582,90.91,-181.15,0
37594,83.33,-182.72,0
37605,90.91,-183.86,0
37617,90.91,-182.05,0
37628,83.33,-179.91,0
37640,83.33,-179.01,0
37651,90.91,-180.89,0
37662,90.91,-183.73,0
37673,90.91,-184.09,0
37686,83.33,-182.36,0
37697,90.91,-181.02,0
37708,90.91,-183.21,0
37720,83.33,-185.07,0
37731,90.91,-185.12,0
37742,90.91,-182.64,0
37754,83.33,-179.89,0
37766,83.33,-180.74,0
37777,90.91,-182.38,0
37788,90.91,-183.20,0
37799,90.91,-182.00,0
37811,83.33,-180.64,0
37823,83.33,-180.82,0
37834,90.91,-183.62,0
37846,83.33,-186.07,0
37857,90.91,-185.24,0
37868,90.91,-181.80,0
37879,90.91,-180.84,0
37892,76.92,-182.46,0
37903,90.91,-183.63,0
37914,90.91,-183.04,0
37925,90.91,-181.14,0
37937,83.33,-179.17,0
37948,90.91,-180.93,0
37960,83.33,-183.28,0
37971,90.91,-184.61,0
37983,83.33,-184.23,0
37994,90.91,-182.37,0
38005,90.91,-182.83,0
38017,83.33,-185.24,0
38029,83.33,-185.66,0
38040,90.91,-183.46,0
38051,90.91,-180.01,0
38063,83.33,-179.82,0
38074,90.91,-181.77,0
38085,90.91,-182.78,0
38097,83.33,-182.29,0
38109,83.33,-181.23,0
38120,90.91,-180.79,0
38131,90.91,-183.01,0
38142,90.91,-184.98,0
38155,83.33,-185.28,0
38166,83.33,-183.24,0
38177,90.91,-181.22,0
38189,83.33,-181.84,0
38200,90.91,-183.17,0
38211,90.91,-183.62,0
38223,90.91,-180.98,0
38235,76.92,-178.58,0
38246,90.91,-179.33,0
38257,90.91,-182.42,0
38268,90.91,-184.92,0
38280,83.33,-184.73,0
38292,90.91,-182.57,0
38303,90.91,-182.45,0
38315,83.33,-184.25,0
38326,90.91,-185.29,0
38337,90.91,-184.15,0
38348,90.91,-180.48,0
38361,76.92,-178.59,0
38372,90.91,-180.35,0
38383,90.91,-182.40,0
38394,90.91,-182.55,0
38406,83.33,-181.27,0
38417,90.91,-180.11,0
38429,83.33,-182.09,0
38440,90.91,-184.37,0
38452,83.33,-186.04,0
38463,90.91,-184.35,0
38474,90.91,-181.41,0
38486,83.33,-181.48,0
38498,83.33,-182.56,0
38509,90.91,-183.24,0
38520,90.91,-181.28,0
38532,83.33,-178.96,0
38543,90.91,-179.16,0
38554,90.91,-181.79,0
38566,83.33,-184.85,0
38578,83.33,-184.76,0
38589,90.91,-182.59,0
38600,90.91,-181.82,0
38611,90.91,-182.98,0
38623,83.33,-184.25,0
38635,83.33,-183.90,0
38646,90.91,-180.47,0
38658,83.33,-178.49,0
38669,90.91,-179.53,0
38680,90.91,-182.13,0
38691,90.91,-183.45,0
38704,76.92,-182.13,0
38715,90.91,-181.37,0
38726,90.91,-181.87,0
38737,90.91,-184.56,0
38749,83.33,-186.17,0
38761,90.91,-184.75,0
38772,83.33,-181.45,0
38784,83.33,-179.93,0
38795,90.91,-181.26,0
38806,90.91,-182.84,0
38817,90.91,-182.45,0
38830,83.33,-180.05,0
38841,83.33,-179.50,0
38852,90.91,-181.88,0
38863,90.91,-185.00,0
38875,83.33,-185.84,0
38886,90.91,-183.80,0
38898,83.33,-182.18,0
38909,90.91,-182.25,0
38921,83.33,-183.29,0
38932,90.91,-183.66,0
38943,90.91,-181.64,0
38955,83.33,-179.16,0
38967,83.33,-178.84,0
38978,90.91,-180.61,0
38989,90.91,-183.52,0
39001,83.33,-183.77,0
39012,90.91,-181.77,0
39023,90.91,-181.53,0
39035,83.33,-183.08,0
39047,83.33,-185.01,0
39058,90.91,-185.32,0
39069,90.91,-182.40,0
39080,90.91,-179.21,0
39092,83.33,-180.55,0
39104,83.33,-182.34,0
39115,90.91,-182.60,0
39127,83.33,-181.00,0
39138,90.91,-179.42,0
39149,90.91,-180.66,0
39160,90.91,-183.03,0
39173,76.92,-185.27,0
39184,90.91,-184.13,0
39195,90.91,-180.71,0
39206,90.91,-180.83,0
39218,83.33,-182.07,0
39229,90.91,-183.33,0
39241,83.33,-182.56,0
39252,90.91,-180.11,0
39264,83.33,-179.31,0
39275,90.91,-181.63,0
39286,90.91,-183.62,0
39298,83.33,-184.27,0
39310,83.33,-182.21,0
39321,90.91,-180.73,0
39332,90.91,-182.10,0
39344,83.33,-184.29,0
39355,90.91,-184.31,0
39367,90.91,-182.06,0
39378,83.33,-179.24,0
39390,83.33,-180.08,0
39401,90.91,-181.51,0
39412,90.91,-183.16,0
39424,83.33,-182.47,0
39436,90.91,-180.67,0
39447,83.33,-181.17,0
39458,90.91,-182.84,0
39470,83.33,-185.74,0
39481,90.91,-185.22,0
39492,90.91,-182.23,0
39504,83.33,-180.37,0
39516,83.33,-181.65,0
39527,90.91,-183.20,0
39538,90.91,-182.95,0
39549,90.91,-180.60,0
39561,83.33,-178.72,0
39573,83.33,-180.17,0
39584,90.91,-183.20,0
39596,83.33,-185.20,0
39607,90.91,-183.83,0
39618,90.91,-182.11,0
39629,90.91,-182.14,0
39642,76.92,-184.21,0
39653,90.91,-185.13,0
39664,90.91,-183.53,0
39675,90.91,-180.28,0
39687,83.33,-179.13,0
39698,90.91,-181.05,0
39710,83.33,-183.27,0
39721,90.91,-183.44,0
39733,83.33,-181.58,0
39744,90.91,-180.35,0
39755,90.91,-182.80,0
39767,83.33,-184.88,0
39779,83.33,-184.80,0
39790,90.91,-182.56,0
39801,90.91,-180.45,0
39813,83.33,-180.87,0
39824,90.91,-182.54,0
39835,90.91,-183.56,0
39847,83.33,-181.88,0
39859,83.33,-179.49,0
39870,90.91,-179.52,0
39881,90.91,-183.09,0
39892,90.91,-184.72,0
39904,83.33,-183.92,0
39916,83.33,-182.23,0
39927,90.91,-181.89,0
39939,83.33,-183.94,0
39950,90.91,-185.40,0
39961,90.91,-184.61,0
39973,90.91,-181.14,0
39985,76.92,-179.02,0
39996,90.91,-180.37,0
40007,90.91,-183.22,0
40018,90.91,-184.01,0
40030,83.33,-182.60,0
40042,83.33,-181.29,0
40053,90.91,-182.40,0
40065,83.33,-185.37,0
40076,90.91,-186.39,0
40087,90.91,-184.32,0
40098,90.91,-181.04,0
40111,76.92,-180.18,0
40122,90.91,-181.90,0
40133,90.91,-183.13,0
40144,90.91,-181.91,0
40156,83.33,-180.21,0
40167,90.91,-180.04,0
40179,83.33,-182.21,0
40190,90.91,-184.75,0
40202,83.33,-184.82,0
40213,90.91,-182.43,0
40224,90.91,-181.25,0
40236,83.33,-182.13,0
40248,83.33,-183.70,0
40259,90.91,-183.75,0
40270,90.91,-181.88,0
40282,83.33,-179.38,0
40293,90.91,-180.17,0
40304,90.91,-183.14,0
40316,83.33,-184.71,0
40328,83.33,-183.27,0
40339,90.91,-181.74,0
40350,90.91,-181.78,0
40361,90.91,-183.31,0
40373,83.33,-185.01,0
40385,83.33,-183.87,0
40396,90.91,-181.01,0
40408,83.33,-180.03,0
40419,90.91,-181.40,0
40430,90.91,-183.65,0
40441,90.91,-184.26,0
40454,76.92,-181.13,0
40465,90.91,-179.43,0
40476,90.91,-181.03,0
40487,90.91,-184.44,0
40499,83.33,-185.57,0
40510,90.91,-183.78,0
40522,83.33,-181.54,0
40534,83.33,-181.24,0
40545,90.91,-183.11,0
40556,90.91,-184.45,0
40567,90.91,-183.39,0
40580,83.33,-181.00,0
40591,83.33,-180.77,0
40602,90.91,-182.47,0
40613,90.91,-184.04,0
40625,83.33,-184.04,0
40636,90.91,-182.24,0
40648,90.91,-180.96,0
40659,83.33,-182.41,0
40671,83.33,-184.80,0
40682,90.91,-185.13,0
40693,90.91,-181.94,0
40705,83.33,-179.99,0
40717,83.33,-181.08,0
40728,90.91,-183.07,0
40739,90.91,-183.67,0
40751,83.33,-182.53,0
40762,90.91,-180.82,0
40773,90.91,-181.82,0
40785,83.33,-183.97,0
40797,83.33,-185.07,0
40808,90.91,-183.51,0
40819,90.91,-181.03,0
40830,90.91,-180.61,0
40842,83.33,-182.28,0
40854,83.33,-184.13,0
40865,90.91,-183.66,0
40877,83.33,-180.95,0
40888,90.91,-179.86,0
40899,90.91,-181.12,0
40910,90.91,-184.59,0
40923,76.92,-184.29,0
40934,90.91,-181.80,0
40945,90.91,-180.85,0
40956,90.91,-181.59,0
40968,83.33,-183.28,0
40979,90.91,-184.43,0
40991,83.33,-182.55,0
41003,83.33,-179.61,0
41014,90.91,-179.94,0
41025,90.91,-182.05,0
41036,90.91,-184.01,0
41048,83.33,-183.08,0
41060,83.33,-181.02,0
41071,90.91,-180.86,0
41082,90.91,-182.71,0
41094,83.33,-184.70,0
41105,90.91,-184.59,0
41117,90.91,-182.04,0
41128,83.33,-180.66,0
41140,83.33,-182.00,0
41151,90.91,-184.14,0
41162,90.91,-183.59,0
41174,83.33,-181.36,0
41186,90.91,-179.76,0
41197,83.33,-180.70,0
41208,90.91,-183.87,0
41220,83.33,-185.32,0
41231,90.91,-183.20,0
41242,90.91,-181.39,0
41254,83.33,-181.00,0
41266,83.33,-183.07,0
41277,90.91,-184.30,0
41288,90.91,-183.23,0
41299,90.91,-180.62,0
41311,83.33,-179.95,0
41323,83.33,-181.82,0
41334,90.91,-183.71,0
41346,83.33,-183.66,0
41357,90.91,-182.14,0
41368,90.91,-181.34,0
41379,90.91,-182.10,0
41392,76.92,-184.65,0
41403,90.91,-184.70,0
41414,90.91,-181.93,0
41425,90.91,-179.93,0
41437,83.33,-180.13,0
41448,90.91,-182.10,0
41460,83.33,-183.19,0
41472,83.33,-182.49,0
41483,90.91,-180.56,0
41494,90.91,-180.41,0
41505,90.91,-182.94,0
41517,83.33,-185.12,0
41529,83.33,-184.00,0
41540,90.91,-181.25,0
41551,90.91,-180.10,0
41563,83.33,-181.80,0
41574,90.91,-184.18,0
41585,90.91,-183.59,0
41597,83.33,-180.61,0
41609,83.33,-179.27,0
41620,90.91,-180.06,0
41631,90.91,-183.34,0
41643,83.33,-184.69,0
41654,90.91,-182.27,0
41666,83.33,-180.71,0
41677,90.91,-181.55,0
41689,83.33,-183.90,0
41700,90.91,-185.41,0
41711,90.91,-183.63,0
41723,90.91,-180.48,0
41735,76.92,-179.80,0
41746,90.91,-181.44,0
41757,90.91,-183.77,0
41768,90.91,-183.44,0
41780,83.33,-181.30,0
41792,83.33,-180.92,0
41803,90.91,-182.91,0
41815,83.33,-184.88,0
41826,90.91,-185.20,0
41837,90.91,-183.26,0
41848,90.91,-181.16,0
41861,76.92,-181.70,0
41872,90.91,-183.21,0
41883,90.91,-183.71,0
41894,90.91,-181.56,0
41906,83.33,-179.45,0
41917,90.91,-180.44,0
41929,83.33,-184.05,0
41940,90.91,-185.87,0
41952,83.33,-184.41,0
41963,90.91,-182.05,0
41974,90.91,-181.84,0
41986,83.33,-183.62,0
41998,83.33,-185.12,0
42009,90.91,-183.54,0
42020,90.91,-180.52,0
42032,83.33,-179.58,0
42043,90.91,-181.13,0
42054,90.91,-183.53,0
42066,83.33,-183.23,0
42078,83.33,-181.84,0
42089,90.91,-180.25,0
42100,90.91,-181.70,0
42112,83.33,-183.86,0
42123,90.91,-185.14,0
42135,83.33,-183.21,0
42146,90.91,-180.63,0
42158,83.33,-181.18,0
42169,90.91,-182.95,0
42180,90.91,-184.37,0
42191,90.91,-182.46,0
42204,76.92,-180.03,0
42215,90.91,-180.26,0
42226,90.91,-182.66,0
42237,90.91,-184.78,0
42249,83.33,-184.87,0
42261,90.91,-181.16,0
42272,83.33,-179.72,0
42284,83.33,-181.49,0
42295,90.91,-183.52,0
42306,90.91,-183.24,0
42317,90.91,-180.87,0
42330,83.33,-179.10,0
42341,83.33,-180.54,0
42352,90.91,-182.63,0
42363,90.91,-184.11,0
42375,83.33,-182.34,0
42386,90.91,-180.72,0
42398,83.33,-181.00,0
42409,90.91,-183.33,0
42421,83.33,-185.37,0
42432,90.91,-183.76,0
42443,90.91,-180.78,0
42455,83.33,-179.72,0
42467,83.33,-181.27,0
42478,90.91,-183.54,0
42489,90.91,-184.06,0
42501,83.33,-181.70,0
42512,90.91,-180.51,0
42523,90.91,-182.22,0
42535,83.33,-184.90,0
42547,83.33,-185.64,0
42558,90.91,-183.02,0
42569,90.91,-180.99,0
42580,90.91,-181.95,0
42592,83.33,-184.12,0
42604,83.33,-184.76,0
42615,90.91,-182.59,0
42627,83.33,-179.51,0
42638,90.91,-179.80,0
42649,90.91,-182.53,0
42660,90.91,-184.12,0
42673,76.92,-183.33,0
42684,90.91,-180.78,0
42695,90.91,-181.15,0
42706,90.91,-183.16,0
42718,83.33,-185.03,0
42729,90.91,-183.89,0
42741,83.33,-181.18,0
42753,83.33,-179.58,0
42764,90.91,-181.30,0
42775,90.91,-183.56,0
42786,90.91,-183.85,0
42799,83.33,-181.25,0
42810,83.33,-180.21,0
42821,90.91,-181.59,0
42832,90.91,-184.27,0
42844,83.33,-185.24,0
42855,90.91,-183.45,0
42867,90.91,-181.19,0
42878,83.33,-181.32,0
42890,83.33,-183.46,0
42901,90.91,-185.10,0
42912,90.91,-183.06,0
42924,83.33,-180.27,0
42936,83.33,-180.69,0
42947,90.91,-182.42,0
42958,90.91,-183.81,0
42970,83.33,-183.98,0
42981,90.91,-181.56,0
42992,90.91,-180.31,0
43004,83.33,-181.01,0
43016,83.33,-183.45,0
43027,90.91,-184.82,0
43038,90.91,-182.27,0
43049,90.91,-180.30,0
43061,83.33,-180.60,0
43073,83.33,-182.93,0
43084,90.91,-184.40,0
43096,83.33,-183.12,0
43107,90.91,-180.83,0
43118,90.91,-181.04,0
43129,90.91,-183.19,0
43142,76.92,-185.55,0
43153,90.91,-184.61,0
43164,90.91,-181.27,0
43175,90.91,-180.23,0
43187,83.33,-181.99,0
43198,90.91,-183.65,0
43210,83.33,-183.98,0
43222,83.33,-181.27,0
43233,90.91,-180.18,0
43244,90.91,-181.21,0
43255,90.91,-183.88,0
43267,83.33,-184.53,0
43279,83.33,-182.90,0
43290,90.91,-180.93,0
43301,90.91,-180.96,0
43313,83.33,-183.58,0
43324,90.91,-184.39,0
43336,90.91,-182.98,0
43347,83.33,-180.73,0
43359,83.33,-180.23,0
43370,90.91,-181.98,0
43381,90.91,-184.31,0
43393,83.33,-182.93,0
43405,90.91,-181.10,0
43416,83.33,-181.10,0
43427,90.91,-182.24,0
43439,83.33,-184.32,0
43450,90.91,-183.67,0
43461,90.91,-181.31,0
43473,83.33,-180.42,0
43485,83.33,-181.91,0
43496,90.91,-183.89,0
43507,90.91,-184.33,0
43518,90.91,-181.13,0
43530,83.33,-179.48,0
43542,83.33,-180.15,0
43553,90.91,-182.59,0
43565,83.33,-184.74,0
43576,90.91,-183.67,0
43587,90.91,-181.66,0
43598,90.91,-181.54,0
43611,76.92,-183.08,0
43622,90.91,-184.28,0
43633,90.91,-183.35,0
43644,90.91,-180.98,0
43656,83.33,-180.37,0
43667,90.91,-181.57,0
43679,83.33,-183.50,0
43691,83.33,-184.20,0
43702,90.91,-182.19,0
43713,90.91,-180.73,0
43724,90.91,-181.87,0
43736,83.33,-184.76,0
43748,83.33,-185.07,0
43759,90.91,-182.44,0
43770,90.91,-180.14,0
43782,83.33,-180.40,0
43793,90.91,-182.53,0
43804,90.91,-183.38,0
43816,83.33,-182.14,0
43828,83.33,-179.80,0
43839,90.91,-179.78,0
43850,90.91,-181.90,0
43862,83.33,-184.33,0
43873,90.91,-184.30,0
43885,83.33,-182.53,0
43896,90.91,-180.68,0
43908,83.33,-181.77,0
43919,90.91,-184.09,0
43930,90.91,-183.75,0
43941,9