55,18.18,-200.35,0
66,90.91,-200.26,0
77,90.91,-199.84,0
89,83.33,-199.53,0
100,90.91,-198.95,0
111,90.91,-198.67,0
123,83.33,-199.57,0
135,83.33,-199.88,0
146,90.91,-199.72,0
157,90.91,-198.49,0
168,90.91,-197.56,0
180,83.33,-197.20,0
192,83.33,-197.76,0
203,90.91,-199.32,0
215,83.33,-200.95,0
226,90.91,-201.76,0
237,90.91,-202.11,0
249,83.33,-200.89,0
261,83.33,-199.43,0
272,90.91,-197.92,0
283,90.91,-197.37,0
294,90.91,-198.01,0
306,83.33,-198.79,0
318,83.33,-199.50,0
329,90.91,-199.55,0
340,90.91,-199.22,0
352,83.33,-198.92,0
363,90.91,-199.27,0
374,90.91,-200.01,0
387,76.92,-200.65,0
398,90.91,-200.92,0
409,90.91,-200.34,0
420,90.91,-198.71,0
432,83.33,-197.58,0
444,90.91,-197.73,0
455,83.33,-198.12,0
466,90.91,-198.73,0
478,83.33,-200.01,0
489,90.91,-201.36,0
500,90.91,-201.53,0
513,76.92,-200.91,0
524,90.91,-199.92,0
535,90.91,-199.18,0
546,90.91,-200.11,0
558,83.33,-200.07,0
569,90.91,-200.13,0
581,83.33,-199.95,0
592,90.91,-198.95,0
604,83.33,-198.42,0
615,90.91,-198.01,0
626,90.91,-198.16,0
637,90.91,-199.57,0
650,76.92,-201.28,0
661,90.91,-201.88,0
672,90.91,-201.27,0
684,83.33,-200.09,0
695,90.91,-199.11,0
707,90.91,-198.65,0
718,83.33,-199.02,0
730,83.33,-198.98,0
741,90.91,-199.21,0
752,90.91,-199.14,0
763,90.91,-198.97,0
776,76.92,-198.02,0
787,90.91,-197.69,0
798,90.91,-198.54,0
809,90.91,-200.36,0
821,83.33,-200.98,0
832,90.91,-201.60,0
844,83.33,-200.28,0
856,83.33,-198.83,0
867,90.91,-197.76,0
878,90.91,-197.04,0
889,90.91,-196.90,0
901,83.33,-198.30,0
913,83.33,-200.28,0
924,90.91,-201.17,0
935,90.91,-200.30,0
947,83.33,-199.38,0
958,90.91,-198.46,0
969,90.91,-198.34,0
982,76.92,-198.92,0
993,90.91,-199.34,0
1004,90.91,-200.31,0
1015,90.91,-199.09,0
1027,83.33,-197.35,0
1039,83.33,-196.64,0
1050,90.91,-196.24,0
1061,90.91,-198.32,0
1073,83.33,-199.71,0
1084,90.91,-200.45,0
1095,90.91,-201.40,0
1107,83.33,-200.95,0
1119,83.33,-199.66,0
1130,90.91,-197.73,0
1141,90.91,-197.25,0
1153,83.33,-197.55,0
1164,90.91,-198.36,0
1176,83.33,-199.37,0
1187,90.91,-199.63,0
1199,83.33,-199.40,0
1210,90.91,-199.24,0
1221,90.91,-199.64,0
1233,90.91,-199.84,0
1245,76.92,-200.69,0
1256,90.91,-201.36,0
1267,90.91,-201.13,0
1278,90.91,-199.78,0
1290,83.33,-197.82,0
1302,83.33,-196.50,0
1313,90.91,-196.68,0
1325,83.33,-197.21,0
1336,90.91,-198.24,0
1347,90.91,-199.93,0
1358,90.91,-200.73,0
1371,76.92,-200.41,0
1382,90.91,-199.14,0
1393,90.91,-199.07,0
1404,90.91,-199.60,0
1416,83.33,-199.58,0
1427,90.91,-199.89,0
1439,83.33,-199.64,0
1451,83.33,-198.77,0
1462,90.91,-197.68,0
1473,90.91,-197.32,0
1484,90.91,-197.39,0
1497,83.33,-198.65,0
1508,83.33,-199.89,0
1519,90.91,-201.22,0
1530,90.91,-201.47,0
1542,83.33,-200.62,0
1553,90.91,-198.95,0
1565,83.33,-198.60,0
1576,90.91,-198.35,0
1588,83.33,-198.74,0
1599,90.91,-199.27,0
1610,90.91,-199.39,0
1622,83.33,-199.86,0
1634,83.33,-199.15,0
1645,90.91,-198.62,0
1656,90.91,-198.86,0
1668,83.33,-199.78,0
1679,90.91,-200.74,0
1690,90.91,-200.64,0
1702,83.33,-200.37,0
1714,83.33,-199.20,0
1725,90.91,-197.44,0
1736,90.91,-196.17,0
1747,90.91,-196.30,0
1760,83.33,-197.98,0
1771,83.33,-199.61,0
1782,90.91,-200.94,0
1794,83.33,-200.76,0
1805,90.91,-200.15,0
1816,90.91,-199.23,0
1828,83.33,-199.45,0
1840,83.33,-199.50,0
1851,90.91,-199.76,0
1862,90.91,-199.79,0
1873,90.91,-199.88,0
1885,83.33,-198.98,0
1897,83.33,-197.92,0
1908,90.91,-197.19,0
1920,83.33,-198.27,0
1931,90.91,-200.34,0
1942,90.91,-201.95,0
1953,90.91,-202.04,0
1966,76.92,-201.76,0
1977,90.91,-200.86,0
1988,90.91,-199.34,0
1999,90.91,-198.12,0
2011,83.33,-198.15,0
2023,90.91,-198.92,0
2034,90.91,-199.70,0
2045,90.91,-199.42,0
2057,83.33,-199.11,0
2068,90.91,-198.30,0
2079,90.91,-197.91,0
2092,76.92,-198.46,0
2103,90.91,-199.45,0
2114,90.91,-200.18,0
2125,90.91,-200.63,0
2137,83.33,-200.22,0
2148,90.91,-198.76,0
2160,83.33,-197.53,0
2171,90.91,-196.88,0
2183,83.33,-197.73,0
2194,90.91,-199.24,0
2205,90.91,-200.49,0
2216,90.91,-201.05,0
2229,76.92,-201.23,0
2240,90.91,-199.71,0
2251,90.91,-198.30,0
2263,83.33,-198.15,0
2274,90.91,-198.58,0
2286,83.33,-199.82,0
2297,90.91,-200.35,0
2309,83.33,-199.22,0
2320,90.91,-198.45,0
2331,90.91,-197.30,0
2342,90.91,-197.13,0
2355,76.92,-198.06,0
2366,90.91,-199.54,0
2377,90.91,-201.52,0
2388,90.91,-201.97,0
2400,83.33,-201.29,0
2411,90.91,-200.15,0
2423,83.33,-198.77,0
2435,83.33,-197.93,0
2446,90.91,-198.21,0
2457,90.91,-198.99,0
2468,90.91,-199.67,0
2481,83.33,-199.69,0
2492,83.33,-200.12,0
2503,90.91,-199.14,0
2514,90.91,-198.72,0
2526,83.33,-199.73,0
2537,90.91,-201.11,0
2549,83.33,-202.23,0
2561,83.33,-202.04,0
2572,90.91,-200.88,0
2583,90.91,-199.79,0
2594,90.91,-197.43,0
2606,83.33,-197.28,0
2618,83.33,-197.39,0
2629,90.91,-198.37,0
2640,90.91,-199.40,0
2652,83.33,-199.97,0
2663,90.91,-200.27,0
2674,90.91,-199.59,0
2686,83.33,-199.20,0
2698,83.33,-200.24,0
2709,90.91,-200.97,0
2720,90.91,-201.34,0
2732,83.33,-200.43,0
2744,90.91,-199.07,0
2755,83.33,-198.14,0
2766,90.91,-196.54,0
2778,83.33,-196.66,0
2789,90.91,-198.57,0
2800,90.91,-200.81,0
2812,83.33,-202.27,0
2824,83.33,-202.88,0
2835,90.91,-201.94,0
2846,90.91,-200.76,0
2857,90.91,-199.16,0
2869,83.33,-198.48,0
2881,83.33,-198.29,0
2892,90.91,-199.29,0
2904,83.33,-199.82,0
2915,90.91,-199.31,0
2926,90.91,-198.38,0
2937,90.91,-198.32,0
2950,76.92,-198.37,0
2961,90.91,-199.29,0
2972,90.91,-201.24,0
2983,90.91,-201.87,0
2995,83.33,-201.35,0
3007,90.91,-199.50,0
3018,83.33,-197.96,0
3030,83.33,-196.87,0
3041,90.91,-196.55,0
3052,90.91,-197.29,0
3063,90.91,-198.57,0
3076,76.92,-199.24,0
3087,90.91,-199.77,0
3098,90.91,-199.89,0
3109,90.91,-198.94,0
3121,83.33,-199.33,0
3132,90.91,-199.65,0
3144,83.33,-199.90,0
3155,90.91,-200.19,0
3167,83.33,-199.38,0
3178,90.91,-198.29,0
3189,90.91,-196.98,0
3201,83.33,-196.05,0
3213,83.33,-196.98,0
3224,90.91,-197.85,0
3235,90.91,-200.18,0
3247,83.33,-201.93,0
3258,90.91,-202.13,0
3270,90.91,-202.08,0
3281,83.33,-200.66,0
3293,83.33,-199.52,0
3304,90.91,-198.84,0
3315,90.91,-198.78,0
3326,90.91,-198.28,0
3339,76.92,-198.18,0
3350,90.91,-197.73,0
3361,90.91,-197.08,0
3373,83.33,-197.59,0
3384,90.91,-198.91,0
3395,90.91,-200.52,0
3407,83.33,-202.20,0
3419,83.33,-203.00,0
3430,90.91,-202.38,0
3441,90.91,-201.32,0
3452,90.91,-199.29,0
3464,83.33,-197.62,0
3476,83.33,-196.39,0
3487,90.91,-197.20,0
3499,83.33,-198.04,0
3510,90.91,-200.29,0
3521,90.91,-200.72,0
3533,90.91,-200.51,0
3545,76.92,-200.41,0
3556,90.91,-200.82,0
3567,90.91,-200.60,0
3578,90.91,-200.79,0
3590,83.33,-200.81,0
3602,83.33,-200.40,0
3613,90.91,-199.18,0
3624,90.91,-197.25,0
3636,83.33,-196.56,0
3647,90.91,-197.27,0
3658,90.91,-199.24,0
3671,76.92,-201.09,0
3682,90.91,-201.90,0
3693,90.91,-201.96,0
3704,90.91,-200.79,0
3716,83.33,-199.22,0
3727,90.91,-198.40,0
3739,83.33,-198.03,0
3750,90.91,-198.93,0
3762,83.33,-199.82,0
3773,90.91,-199.20,0
3784,90.91,-198.30,0
3796,90.91,-198.01,0
3808,76.92,-198.67,0
3819,90.91,-199.68,0
3830,90.91,-201.04,0
3842,83.33,-202.15,0
3853,90.91,-202.51,0
3865,83.33,-201.58,0
3876,90.91,-199.50,0
3888,83.33,-197.49,0
3899,90.91,-195.69,0
3910,90.91,-195.84,0
3921,90.91,-196.79,0
3934,76.92,-199.00,0
3945,90.91,-200.39,0
3956,90.91,-200.61,0
3968,83.33,-200.27,0
3979,90.91,-200.19,0
3990,90.91,-201.42,0
4002,83.33,-201.93,0
4014,83.33,-201.08,0
4025,90.91,-200.10,0
4036,90.91,-198.41,0
4047,90.91,-196.94,0
4059,83.33,-196.16,0
4071,83.33,-196.36,0
4082,90.91,-197.38,0
4093,90.91,-199.06,0
4105,83.33,-201.20,0
4116,90.91,-203.07,0
4128,83.33,-202.39,0
4140,83.33,-200.78,0
4151,90.91,-199.10,0
4162,90.91,-198.43,0
4173,90.91,-198.47,0
4185,83.33,-198.12,0
4197,83.33,-197.67,0
4208,90.91,-197.87,0
4219,90.91,-197.64,0
4231,83.33,-198.36,0
4242,90.91,-198.89,0
4253,90.91,-199.53,0
4265,83.33,-201.11,0
4277,83.33,-202.53,0
4288,90.91,-202.77,0
4299,90.91,-201.13,0
4311,83.33,-199.31,0
4322,90.91,-196.99,0
4334,83.33,-196.35,0
4345,90.91,-196.78,0
4357,83.33,-197.95,0
4368,90.91,-199.37,0
4379,90.91,-200.47,0
4391,90.91,-200.63,0
4403,76.92,-200.62,0
4414,90.91,-200.19,0
4425,90.91,-200.52,0
4436,90.91,-201.46,0
4448,83.33,-201.22,0
4460,83.33,-200.19,0
4471,90.91,-198.34,0
4483,83.33,-196.22,0
4494,90.91,-195.89,0
4505,90.91,-196.30,0
4516,90.91,-197.85,0
4529,76.92,-200.57,0
4540,90.91,-202.36,0
4551,90.91,-202.69,0
4562,90.91,-202.22,0
4574,83.33,-201.51,0
4585,90.91,-199.99,0
4597,83.33,-198.44,0
4609,83.33,-198.26,0
4620,90.91,-198.08,0
4631,90.91,-198.38,0
4642,90.91,-197.88,0
4655,83.33,-197.46,0
4666,83.33,-197.43,0
4677,90.91,-198.76,0
4688,90.91,-200.69,0
4700,83.33,-202.23,0
4711,90.91,-203.61,0
4723,83.33,-202.90,0
4734,90.91,-200.78,0
4746,83.33,-198.58,0
4757,90.91,-196.11,0
4768,90.91,-195.16,0
4780,83.33,-196.93,0
4792,83.33,-198.74,0
4803,90.91,-199.29,0
4814,90.91,-199.49,0
4826,83.33,-200.10,0
4837,90.91,-200.39,0
4848,90.91,-201.16,0
4860,83.33,-201.69,0
4872,83.33,-201.93,0
4883,90.91,-201.34,0
4894,90.91,-200.12,0
4905,90.91,-198.46,0
4918,83.33,-197.07,0
4929,83.33,-195.93,0
4940,90.91,-196.20,0
4952,83.33,-197.67,0
4963,90.91,-199.56,0
4974,90.91,-201.94,0
4986,83.33,-202.46,0
4998,83.33,-202.16,0
5009,90.91,-200.98,0
5020,90.91,-199.79,0
5031,90.91,-198.69,0
5043,83.33,-198.26,0
5055,83.33,-198.21,0
5066,90.91,-197.64,0
5078,83.33,-196.66,0
5089,90.91,-196.31,0
5100,90.91,-197.13,0
5111,90.91,-198.67,0
5124,76.92,-201.05,0
5135,90.91,-202.86,0
5146,90.91,-203.36,0
5157,90.91,-202.91,0
5169,83.33,-200.53,0
5181,90.91,-197.55,0
5192,83.33,-196.03,0
5203,90.91,-195.78,0
5215,83.33,-196.33,0
5226,90.91,-197.60,0
5237,90.91,-199.11,0
5250,76.92,-199.67,0
5261,90.91,-200.00,0
5272,90.91,-200.40,0
5283,90.91,-200.80,0
5295,83.33,-201.70,0
5306,90.91,-202.48,0
5318,83.33,-201.62,0
5329,90.91,-199.68,0
5341,83.33,-197.52,0
5352,90.91,-195.49,0
5363,90.91,-195.11,0
5374,90.91,-196.14,0
5387,76.92,-199.15,0
5398,90.91,-201.32,0
5409,90.91,-202.48,0
5421,83.33,-202.73,0
5432,90.91,-201.70,0
5444,90.91,-201.03,0
5455,83.33,-200.04,0
5467,83.33,-199.53,0
5478,90.91,-198.92,0
5489,90.91,-197.93,0
5500,90.91,-196.90,0
5513,76.92,-196.21,0
5524,90.91,-195.95,0
5535,90.91,-197.45,0
5547,83.33,-199.34,0
5558,90.91,-201.62,0
5569,90.91,-203.30,0
5581,83.33,-203.55,0
5593,83.33,-202.19,0
5604,90.91,-200.07,0
5615,90.91,-197.80,0
5626,90.91,-196.13,0
5638,83.33,-195.48,0
5650,83.33,-196.40,0
5661,90.91,-197.84,0
5672,90.91,-199.20,0
5684,83.33,-199.96,0
5695,90.91,-200.43,0
5706,90.91,-201.20,0
5719,76.92,-201.63,0
5730,90.91,-203.40,0
5741,90.91,-203.10,0
5752,90.91,-201.41,0
5764,83.33,-199.23,0
5776,83.33,-196.34,0
5787,90.91,-194.21,0
5798,90.91,-194.61,0
5810,83.33,-196.26,0
5821,90.91,-198.25,0
5832,90.91,-200.38,0
5844,83.33,-201.70,0
5856,83.33,-202.32,0
5867,90.91,-201.98,0
5878,90.91,-200.58,0
5890,83.33,-199.94,0
5901,90.91,-200.04,0
5913,83.33,-199.15,0
5924,90.91,-197.65,0
5936,83.33,-196.78,0
5947,90.91,-195.33,0
5958,90.91,-195.65,0
5969,90.91,-197.26,0
5982,76.92,-199.67,0
5993,90.91,-201.73,0
6004,90.91,-203.48,0
6016,83.33,-204.04,0
6027,90.91,-202.88,0
6039,90.91,-200.15,0
6050,83.33,-197.53,0
6062,83.33,-196.32,0
6073,90.91,-195.97,0
6084,90.91,-197.18,0
6095,90.91,-198.00,0
6108,76.92,-198.69,0
6119,90.91,-199.31,0
6130,90.91,-199.42,0
6141,90.91,-200.79,0
6153,83.33,-202.46,0
6164,90.91,-203.07,0
6176,83.33,-202.33,0
6188,83.33,-201.31,0
6199,90.91,-198.55,0
6210,90.91,-195.98,0
6221,90.91,-194.33,0
6233,83.33,-194.47,0
6245,83.33,-196.33,0
6256,90.91,-199.04,0
6267,90.91,-200.77,0
6279,83.33,-201.88,0
6290,90.91,-202.21,0
6302,90.91,-201.83,0
6313,83.33,-201.27,0
6325,83.33,-200.27,0
6336,90.91,-199.65,0
6347,90.91,-198.56,0
6359,83.33,-197.35,0
6371,83.33,-196.48,0
6382,90.91,-194.94,0
6393,90.91,-195.73,0
6405,83.33,-197.50,0
6416,90.91,-200.20,0
6427,90.91,-202.71,0
6439,83.33,-203.97,0
6451,83.33,-203.71,0
6462,90.91,-202.04,0
6473,90.91,-199.72,0
6484,90.91,-197.72,0
6496,83.33,-196.21,0
6508,83.33,-196.27,0
6519,90.91,-196.54,0
6531,83.33,-197.78,0
6542,90.91,-198.27,0
6553,90.91,-198.71,0
6565,90.91,-199.93,0
6577,76.92,-201.27,0
6588,90.91,-202.29,0
6599,90.91,-202.40,0
6610,90.91,-202.40,0
6622,83.33,-200.73,0
6634,83.33,-198.13,0
6645,90.91,-195.87,0
6657,83.33,-195.11,0
6668,90.91,-195.36,0
6679,90.91,-196.88,0
6690,90.91,-199.61,0
6703,76.92,-201.92,0
6714,90.91,-201.86,0
6725,90.91,-201.25,0
6736,90.91,-200.64,0
6748,83.33,-199.82,0
6759,90.91,-199.64,0
6771,83.33,-199.65,0
6782,90.91,-198.81,0
6794,83.33,-197.81,0
6805,90.91,-196.73,0
6816,90.91,-195.24,0
6829,83.33,-195.59,0
6840,83.33,-197.39,0
6851,90.91,-199.84,0
6862,90.91,-201.58,0
6874,83.33,-202.91,0
6885,90.91,-202.33,0
6897,83.33,-200.78,0
6908,90.91,-198.60,0
6920,83.33,-196.84,0
6931,90.91,-196.18,0
6942,90.91,-197.03,0
6953,90.91,-197.92,0
6966,76.92,-198.10,0
6977,90.91,-198.60,0
6988,90.91,-199.14,0
7000,83.33,-200.30,0
7011,90.91,-201.22,0
7022,90.91,-202.87,0
7034,83.33,-203.58,0
7046,83.33,-203.03,0
7057,90.91,-200.33,0
7068,90.91,-197.81,0
7079,90.91,-196.03,0
7092,83.33,-195.32,0
7103,83.33,-195.05,0
7114,90.91,-196.74,0
7126,83.33,-199.36,0
7137,90.91,-200.96,0
7148,90.91,-201.04,0
7160,83.33,-201.17,0
7172,83.33,-200.75,0
7183,90.91,-199.98,0
7194,90.91,-199.63,0
7205,90.91,-200.07,0
7217,83.33,-199.18,0
7229,83.33,-197.20,0
7240,90.91,-195.73,0
7251,90.91,-195.29,0
7263,83.33,-196.42,0
7274,90.91,-198.83,0
7285,90.91,-200.40,0
7298,76.92,-202.44,0
7309,90.91,-203.48,0
7320,90.91,-202.20,0
7331,90.91,-200.36,0
7343,83.33,-198.67,0
7355,90.91,-197.64,0
7366,83.33,-196.73,0
7377,90.91,-197.37,0
7389,83.33,-198.14,0
7400,90.91,-198.12,0
7411,90.91,-198.17,0
7424,76.92,-198.16,0
7435,90.91,-199.03,0
7446,90.91,-201.09,0
7457,90.91,-202.87,0
7469,83.33,-203.10,0
7480,90.91,-202.27,0
7492,83.33,-200.68,0
7503,90.91,-197.91,0
7515,83.33,-196.47,0
7526,90.91,-195.23,0
7537,90.91,-196.53,0
7548,90.91,-198.30,0
7561,76.92,-199.80,0
7572,90.91,-200.18,0
7583,90.91,-200.87,0
7595,83.33,-201.25,0
7606,90.91,-200.82,0
7618,90.91,-200.39,0
7629,83.33,-200.74,0
7641,83.33,-199.99,0
7652,90.91,-198.93,0
7663,90.91,-197.29,0
7674,90.91,-195.66,0
7687,76.92,-195.39,0
7698,90.91,-196.94,0
7709,90.91,-199.26,0
7720,90.91,-201.17,0
7732,83.33,-202.94,0
7743,90.91,-203.51,0
7755,83.33,-202.20,0
7767,83.33,-200.61,0
7778,90.91,-198.34,0
7789,90.91,-197.06,0
7800,90.91,-197.13,0
7812,83.33,-197.43,0
7824,83.33,-197.22,0
7835,90.91,-197.36,0
7846,90.91,-197.63,0
7858,83.33,-198.40,0
7869,90.91,-199.76,0
7881,90.91,-201.16,0
7892,83.33,-202.47,0
7904,83.33,-202.95,0
7915,90.91,-201.34,0
7926,90.91,-199.08,0
7938,83.33,-196.49,0
7950,83.33,-194.94,0
7961,90.91,-195.30,0
7972,90.91,-196.84,0
7984,83.33,-198.38,0
7995,90.91,-199.60,0
8006,90.91,-199.89,0
8018,83.33,-200.02,0
8030,83.33,-199.78,0
8041,90.91,-199.58,0
8052,90.91,-199.75,0
8064,83.33,-199.99,0
8075,90.91,-199.80,0
8087,83.33,-198.41,0
8098,90.91,-197.25,0
8110,83.33,-196.06,0
8121,90.91,-195.41,0
8132,90.91,-196.14,0
8144,90.91,-198.86,0
8156,76.92,-201.55,0
8167,90.91,-202.95,0
8178,90.91,-202.79,0
8189,90.91,-201.14,0
8201,83.33,-199.72,0
8213,83.33,-199.17,0
8224,90.91,-197.55,0
8236,83.33,-197.31,0
8247,90.91,-197.90,0
8258,90.91,-197.86,0
8269,90.91,-197.81,0
8282,76.92,-198.11,0
8293,90.91,-199.55,0
8304,90.91,-200.89,0
8315,90.91,-203.05,0
8327,83.33,-203.81,0
8338,90.91,-202.93,0
8350,83.33,-201.07,0
8361,90.91,-198.56,0
8373,83.33,-196.57,0
8384,90.91,-195.75,0
8395,90.91,-196.25,0
8408,83.33,-197.58,0
8419,83.33,-199.20,0
8430,90.91,-200.89,0
8441,90.91,-201.57,0
8453,83.33,-201.57,0
8464,90.91,-201.30,0
8476,83.33,-201.06,0
8487,90.91,-201.03,0
8499,83.33,-200.13,0
8510,90.91,-199.18,0
8521,90.91,-197.97,0
8532,90.91,-196.17,0
8545,76.92,-195.45,0
8556,90.91,-195.45,0
8567,90.91,-197.55,0
8579,83.33,-199.86,0
8590,90.91,-202.27,0
8601,90.91,-203.44,0
8613,83.33,-202.84,0
8625,83.33,-201.74,0
8636,90.91,-199.49,0
8647,90.91,-197.85,0
8658,90.91,-198.07,0
8671,83.33,-197.96,0
8682,83.33,-197.93,0
8693,90.91,-197.24,0
8705,83.33,-196.98,0
8716,90.91,-197.99,0
8727,90.91,-199.40,0
8739,83.33,-201.26,0
8751,83.33,-202.92,0
8762,90.91,-203.46,0
8773,90.91,-203.25,0
8784,90.91,-201.04,0
8796,83.33,-198.20,0
8808,83.33,-195.61,0
8819,90.91,-195.43,0
8830,90.91,-196.07,0
8842,83.33,-197.13,0
8853,90.91,-198.69,0
8864,90.91,-200.47,0
8877,76.92,-200.86,0
8888,90.91,-200.74,0
8899,90.91,-200.40,0
8910,90.91,-200.33,0
8922,83.33,-200.48,0
8934,90.91,-199.95,0
8945,83.33,-198.09,0
8956,90.91,-196.03,0
8968,83.33,-195.09,0
8979,90.91,-194.50,0
8990,90.91,-195.86,0
9003,76.92,-198.04,0
9014,90.91,-200.35,0
9025,90.91,-202.73,0
9036,90.91,-203.31,0
9048,83.33,-201.94,0
9059,90.91,-199.59,0
9071,83.33,-197.89,0
9082,90.91,-197.63,0
9094,83.33,-197.15,0
9105,90.91,-197.15,0
9116,90.91,-196.89,0
9127,90.91,-197.04,0
9140,76.92,-197.31,0
9151,90.91,-197.57,0
9162,90.91,-198.82,0
9174,83.33,-201.13,0
9185,90.91,-202.57,0
9197,90.91,-202.87,0
9208,83.33,-201.90,0
9220,83.33,-199.91,0
9231,90.91,-197.52,0
9242,90.91,-196.47,0
9253,90.91,-196.35,0
9266,76.92,-196.92,0
9277,90.91,-198.50,0
9288,90.91,-199.71,0
9299,90.91,-200.30,0
9311,83.33,-200.99,0
9322,90.91,-200.76,0
9334,83.33,-201.00,0
9346,83.33,-201.70,0
9357,90.91,-201.91,0
9368,90.91,-200.84,0
9379,90.91,-199.21,0
9391,83.33,-197.92,0
9403,83.33,-196.52,0
9414,90.91,-196.38,0
9425,90.91,-197.42,0
9437,83.33,-199.34,0
9448,90.91,-201.22,0
9460,90.91,-202.60,0
9472,76.92,-202.02,0
9483,90.91,-201.81,0
9494,90.91,-200.49,0
9505,90.91,-199.31,0
9517,83.33,-198.42,0
9529,83.33,-198.21,0
9540,90.91,-197.79,0
9551,90.91,-198.68,0
9563,83.33,-198.19,0
9574,90.91,-198.08,0
9585,90.91,-198.65,0
9597,83.33,-200.01,0
9609,83.33,-201.47,0
9620,90.91,-202.89,0
9631,90.91,-203.04,0
9643,83.33,-202.38,0
9654,90.91,-200.51,0
9666,83.33,-198.12,0
9677,90.91,-196.65,0
9689,83.33,-196.98,0
9700,90.91,-197.77,0
9711,90.91,-198.57,0
9723,90.91,-199.84,0
9735,76.92,-200.76,0
9746,90.91,-200.58,0
9757,90.91,-200.13,0
9768,90.91,-200.26,0
9780,83.33,-201.05,0
9792,83.33,-201.39,0
9803,90.91,-200.67,0
9815,83.33,-198.64,0
9826,90.91,-196.72,0
9837,90.91,-196.16,0
9848,90.91,-196.39,0
9861,76.92,-196.80,0
9872,90.91,-199.25,0
9883,90.91,-201.13,0
9894,90.91,-202.39,0
9906,83.33,-201.71,0
9918,90.91,-201.15,0
9929,83.33,-199.97,0
9940,90.91,-198.22,0
9952,83.33,-198.50,0
9963,90.91,-198.78,0
9974,90.91,-198.71,0
9987,76.92,-197.75,0
9998,90.91,-197.52,0
10009,90.91,-197.91,0
10020,90.91,-198.62,0
10032,83.33,-199.34,0
10043,90.91,-200.61,0
10055,83.33,-202.34,0
10066,90.91,-202.40,0
10078,83.33,-201.17,0
10089,90.91,-199.68,0
10100,90.91,-197.73,0
10112,83.33,-197.22,0
10124,83.33,-196.91,0
10135,90.91,-197.24,0
10146,90.91,-198.40,0
10158,83.33,-200.08,0
10169,90.91,-200.10,0
10181,90.91,-199.64,0
10192,83.33,-199.65,0
10204,83.33,-200.63,0
10215,90.91,-201.32,0
10226,90.91,-201.04,0
10237,90.91,-200.25,0
10250,76.92,-198.80,0
10261,90.91,-197.73,0
10272,90.91,-196.25,0
10284,83.33,-196.44,0
10295,90.91,-197.65,0
10306,90.91,-199.69,0
10318,83.33,-201.43,0
10330,83.33,-202.33,0
10341,90.91,-201.55,0
10352,90.91,-200.52,0
10363,90.91,-200.00,0
10375,83.33,-199.05,0
10387,83.33,-198.23,0
10398,90.91,-197.80,0
10409,90.91,-197.91,0
10421,83.33,-197.48,0
10432,90.91,-196.60,0
10444,90.91,-196.46,0
10456,76.92,-197.84,0
10467,90.91,-200.16,0
10478,90.91,-202.35,0
10489,90.91,-202.66,0
10501,83.33,-202.71,0
10513,83.33,-201.04,0
10524,90.91,-199.03,0
10535,90.91,-197.33,0
10547,83.33,-196.94,0
10558,90.91,-197.41,0
10569,90.91,-198.30,0
10582,76.92,-199.42,0
10593,90.91,-199.24,0
10604,90.91,-199.63,0
10615,90.91,-200.35,0
10627,83.33,-200.82,0
10638,90.91,-201.19,0
10650,83.33,-202.10,0
10661,90.91,-201.85,0
10673,83.33,-200.60,0
10684,90.91,-198.76,0
10695,90.91,-197.21,0
10707,90.91,-196.38,0
10719,76.92,-195.94,0
10730,90.91,-197.16,0
10741,90.91,-199.45,0
10753,83.33,-201.06,0
10764,90.91,-201.77,0
10776,83.33,-201.92,0
10787,90.91,-201.25,0
10799,83.33,-200.56,0
10810,90.91,-199.73,0
10821,90.91,-199.41,0
10832,90.91,-198.97,0
10845,76.92,-198.15,0
10856,90.91,-196.99,0
10867,90.91,-196.55,0
10878,90.91,-197.12,0
10890,83.33,-197.84,0
10901,90.91,-199.81,0
10913,83.33,-201.44,0
10925,83.33,-203.61,0
10936,90.91,-203.43,0
10947,90.91,-201.20,0
10958,90.91,-199.20,0
10971,83.33,-197.27,0
10982,83.33,-196.84,0
10993,90.91,-196.59,0
11004,90.91,-197.91,0
11016,83.33,-199.23,0
11027,90.91,-199.30,0
11039,83.33,-199.31,0
11051,83.33,-199.66,0
11062,90.91,-200.30,0
11073,90.91,-201.02,0
11084,90.91,-201.98,0
11096,83.33,-201.67,0
11108,83.33,-199.96,0
11119,90.91,-197.72,0
11130,90.91,-196.50,0
11142,83.33,-195.50,0
11153,90.91,-195.43,0
11164,90.91,-196.57,0
11176,83.33,-199.19,0
11188,83.33,-201.42,0
11199,90.91,-201.61,0
11210,90.91,-201.49,0
11222,83.33,-200.88,0
11234,90.91,-200.18,0
11245,83.33,-200.00,0
11256,90.91,-199.39,0
11268,83.33,-198.48,0
11279,90.91,-198.33,0
11290,90.91,-197.34,0
11302,83.33,-196.87,0
11314,83.33,-197.17,0
11325,90.91,-198.02,0
11336,90.91,-200.24,0
11347,90.91,-202.26,0
11359,83.33,-203.59,0
11371,83.33,-202.52,0
11382,90.91,-200.55,0
11394,83.33,-198.36,0
11405,90.91,-197.37,0
11416,90.91,-197.03,0
11427,90.91,-197.88,0
11440,76.92,-198.08,0
11451,90.91,-198.21,0
11462,90.91,-198.87,0
11473,90.91,-198.92,0
11485,83.33,-199.82,0
11497,90.91,-200.26,0
11508,83.33,-201.51,0
11520,83.33,-202.23,0
11531,90.91,-202.02,0
11542,90.91,-200.60,0
11553,90.91,-198.13,0
11566,76.92,-196.02,0
11577,90.91,-195.51,0
11588,90.91,-196.70,0
11599,90.91,-198.30,0
11611,83.33,-199.89,0
11622,90.91,-201.16,0
11634,83.33,-201.15,0
11645,90.91,-200.83,0
11657,83.33,-200.29,0
11668,90.91,-199.91,0
11679,90.91,-199.76,0
11691,83.33,-199.79,0
11703,83.33,-199.37,0
11714,90.91,-198.77,0
11725,90.91,-197.48,0
11737,83.33,-196.89,0
11748,90.91,-197.52,0
11760,90.91,-198.81,0
11771,83.33,-201.03,0
11783,83.33,-202.10,0
11794,90.91,-202.28,0
11805,90.91,-201.45,0
11816,90.91,-199.77,0
11829,76.92,-198.49,0
11840,90.91,-197.28,0
11851,90.91,-197.02,0
11863,83.33,-198.04,0
11874,90.91,-198.87,0
11885,90.91,-198.95,0
11897,83.33,-198.98,0
11909,83.33,-198.99,0
11920,90.91,-198.85,0
11931,90.91,-199.42,0
11942,90.91,-200.99,0
11954,83.33,-201.78,0
11966,83.33,-201.62,0
11977,90.91,-200.43,0
11988,90.91,-199.19,0
12000,83.33,-197.66,0
12011,90.91,-196.21,0
12023,83.33,-196.68,0
12035,83.33,-198.23,0
12046,90.91,-199.84,0
12057,90.91,-200.65,0
12068,90.91,-200.95,0
12080,83.33,-199.82,0
12092,83.33,-199.53,0
12103,90.91,-200.11,0
12114,90.91,-200.20,0
12126,83.33,-200.15,0
12137,90.91,-199.44,0
12148,90.91,-198.70,0
12161,76.92,-197.37,0
12172,90.91,-195.87,0
12183,90.91,-196.58,0
12194,90.91,-198.36,0
12206,83.33,-199.95,0
12218,90.91,-201.65,0
12229,83.33,-202.41,0
12240,90.91,-201.88,0
12252,83.33,-200.51,0
12263,90.91,-199.13,0
12274,90.91,-198.30,0
12286,83.33,-198.78,0
12298,83.33,-199.06,0
12309,90.91,-199.35,0
12320,90.91,-199.84,0
12332,83.33,-198.33,0
12343,90.91,-197.43,0
12355,83.33,-198.02,0
12366,90.91,-199.14,0
12378,83.33,-200.34,0
12389,90.91,-201.50,0
12400,90.91,-201.22,0
12411,90.91,-200.08,0
12424,76.92,-198.42,0
12435,90.91,-196.66,0
12446,90.91,-196.09,0
12457,90.91,-197.04,0
12469,83.33,-198.71,0
12481,90.91,-200.74,0
12492,83.33,-200.45,0
12504,83.33,-200.35,0
12515,90.91,-200.27,0
12526,90.91,-199.63,0
12537,90.91,-199.51,0
12550,76.92,-200.24,0
12561,90.91,-200.46,0
12572,90.91,-200.49,0
12583,90.91,-198.80,0
12595,83.33,-196.93,0
12606,90.91,-196.37,0
12618,83.33,-196.53,0
12630,83.33,-197.68,0
12641,90.91,-200.10,0
12652,90.91,-201.64,0
12663,90.91,-202.47,0
12675,83.33,-201.59,0
12687,83.33,-200.07,0
12698,90.91,-198.93,0
12709,90.91,-198.96,0
12721,83.33,-198.74,0
12732,90.91,-199.40,0
12744,90.91,-199.02,0
12755,83.33,-198.37,0
12767,83.33,-198.50,0
12778,90.91,-197.66,0
12789,90.91,-198.63,0
12801,83.33,-199.84,0
12813,83.33,-201.03,0
12824,90.91,-202.21,0
12835,90.91,-201.82,0
12847,83.33,-200.33,0
12858,90.91,-197.93,0
12869,90.91,-196.94,0
12881,83.33,-196.61,0
12893,83.33,-197.73,0
12904,90.91,-199.61,0
12915,90.91,-200.45,0
12926,90.91,-200.54,0
12938,83.33,-199.97,0
12950,83.33,-199.83,0
12961,90.91,-199.95,0
12973,83.33,-199.92,0
12984,90.91,-200.71,0
12995,90.91,-200.63,0
13007,90.91,-199.83,0
13019,76.92,-198.17,0
13030,90.91,-196.95,0
13041,90.91,-196.60,0
13052,90.91,-196.77,0
13064,83.33,-198.44,0
13076,83.33,-200.82,0
13087,90.91,-202.23,0
13099,83.33,-201.43,0
13110,90.91,-200.64,0
13121,90.91,-199.32,0
13132,90.91,-198.01,0
13145,76.92,-198.06,0
13156,90.91,-198.54,0
13167,90.91,-198.73,0
13178,90.91,-198.68,0
13190,83.33,-198.28,0
13201,90.91,-198.53,0
13213,83.33,-198.45,0
13224,90.91,-199.04,0
13236,83.33,-200.06,0
13247,90.91,-201.29,0
13258,90.91,-201.93,0
13271,83.33,-201.59,0
13282,83.33,-199.74,0
13293,90.91,-197.88,0
13304,90.91,-197.12,0
13316,83.33,-196.97,0
13327,90.91,-198.03,0
13339,83.33,-199.32,0
13350,90.91,-200.48,0
13362,83.33,-199.88,0
13373,90.91,-199.87,0
13384,90.91,-199.24,0
13395,90.91,-199.22,0
13408,76.92,-200.31,0
13419,90.91,-200.88,0
13430,90.91,-200.68,0
13442,83.33,-200.34,0
13453,90.91,-198.99,0
13464,90.91,-197.52,0
13476,83.33,-196.79,0
13488,83.33,-197.05,0
13499,90.91,-198.53,0
13510,90.91,-200.19,0
13521,90.91,-201.21,0
13534,83.33,-200.91,0
13545,83.33,-200.68,0
13556,90.91,-200.04,0
13568,83.33,-198.89,0
13579,90.91,-198.90,0
13590,90.91,-199.77,0
13602,83.33,-199.38,0
13614,83.33,-198.71,0
13625,90.91,-198.48,0
13636,90.91,-197.50,0
13647,90.91,-197.17,0
13659,83.33,-196.98,0
13671,83.33,-199.23,0
13682,90.91,-200.65,0
13693,90.91,-201.99,0
13705,83.33,-200.94,0
13716,90.91,-199.75,0
13727,90.91,-198.35,0
13740,76.92,-197.65,0
13751,90.91,-197.41,0
13762,90.91,-197.65,0
13773,90.91,-198.47,0
13785,83.33,-198.88,0
13797,90.91,-199.05,0
13808,83.33,-199.01,0
13819,90.91,-199.60,0
13831,83.33,-200.02,0
13842,90.91,-200.83,0
13853,90.91,-201.64,0
13865,83.33,-201.86,0
13877,83.33,-200.33,0
13888,90.91,-198.76,0
13899,90.91,-197.75,0
13911,83.33,-197.17,0
13922,90.91,-197.51,0
13934,83.33,-199.24,0
13945,90.91,-200.34,0
13957,83.33,-200.98,0
13968,90.91,-200.58,0
13979,90.91,-200.46,0
13990,90.91,-199.98,0
14003,76.92,-199.50,0
14014,90.91,-199.38,0
14025,90.91,-198.98,0
14036,90.91,-199.67,0
14048,83.33,-199.44,0
14060,90.91,-198.71,0
14071,83.33,-197.60,0
14083,83.33,-197.95,0
14094,90.91,-198.83,0
14105,90.91,-199.75,0
14116,90.91,-200.73,0
14129,76.92,-201.45,0
14140,90.91,-200.74,0
14151,90.91,-199.41,0
14162,90.91,-197.56,0
14174,83.33,-197.10,0
14185,90.91,-197.87,0
14197,83.33,-198.51,0
14209,83.33,-199.59,0
14220,90.91,-199.14,0
14231,90.91,-198.75,0
14242,90.91,-198.29,0
14254,83.33,-198.45,0
14266,83.33,-199.19,0
14277,90.91,-199.92,0
14288,90.91,-199.90,0
14300,83.33,-200.32,0
14311,90.91,-199.54,0
14323,90.91,-197.99,0
14334,83.33,-196.78,0
14346,83.33,-196.45,0
14357,90.91,-197.11,0
14368,90.91,-198.49,0
14380,83.33,-199.83,0
14392,83.33,-201.19,0
14403,90.91,-200.63,0
14414,90.91,-199.86,0
14426,83.33,-199.26,0
14437,90.91,-198.80,0
14448,90.91,-199.74,0
14460,83.33,-199.79,0
14472,83.33,-199.35,0
14483,90.91,-198.40,0
14494,90.91,-197.48,0
14505,90.91,-196.70,0
14517,83.33,-197.30,0
14529,83.33,-199.13,0
14540,90.91,-200.48,0
14552,83.33,-201.73,0
14563,90.91,-201.30,0
14574,90.91,-200.88,0
14586,90.91,-199.57,0
14598,76.92,-198.05,0
14609,90.91,-197.68,0
14620,90.91,-197.93,0
14631,90.91,-199.05,0
14643,83.33,-199.51,0
14655,83.33,-199.33,0
14666,90.91,-198.80,0
14678,83.33,-198.44,0
14689,90.91,-198.52,0
14700,90.91,-199.69,0
14711,90.91,-201.18,0
14724,76.92,-201.66,0
14735,90.91,-200.87,0
14746,90.91,-199.87,0
14757,90.91,-198.65,0
14769,83.33,-197.50,0
14781,90.91,-197.58,0
14792,83.33,-197.75,0
14803,90.91,-199.04,0
14815,83.33,-200.40,0
14826,90.91,-200.87,0
14837,90.91,-200.27,0
14850,76.92,-199.31,0
14861,90.91,-199.11,0
14872,90.91,-200.09,0
14883,90.91,-200.17,0
14895,83.33,-200.51,0
14906,90.91,-200.25,0
14918,83.33,-198.82,0
14929,90.91,-198.04,0
14941,83.33,-196.95,0
14952,90.91,-197.14,0
14963,90.91,-198.51,0
14974,90.91,-200.18,0
14987,76.92,-201.51,0
14998,90.91,-201.50,0
15009,90.91,-200.49,0
15021,83.33,-199.32,0
15032,90.91,-198.77,0
15044,90.91,-198.18,0
15055,83.33,-198.75,0
15067,83.33,-199.37,0
15078,90.91,-199.79,0
15089,90.91,-198.93,0
15100,90.91,-198.05,0
15113,76.92,-198.36,0
15124,90.91,-198.78,0
15135,90.91,-199.55,0
15147,83.33,-200.88,0
15158,90.91,-201.63,0
15169,90.91,-201.16,0
15181,83.33,-199.96,0
15193,83.33,-198.13,0
15204,90.91,-197.53,0
15215,90.91,-197.69,0
15226,90.91,-198.95,0
15238,83.33,-200.05,0
15250,83.33,-200.66,0
15261,90.91,-200.34,0
15272,90.91,-200.12,0
15284,83.33,-199.18,0
15295,90.91,-198.93,0
15307,90.91,-199.85,0
15319,76.92,-200.52,0
15330,90.91,-201.10,0
15341,90.91,-200.28,0
15352,90.91,-199.49,0
15364,83.33,-198.20,0
15376,83.33,-197.57,0
15387,90.91,-197.64,0
15398,90.91,-198.24,0
15410,83.33,-199.55,0
15421,90.91,-201.04,0
15432,90.91,-201.95,0
15444,83.33,-201.02,0
15456,83.33,-199.25,0
15467,90.91,-198.04,0
15478,90.91,-198.68,0
15490,83.33,-198.84,0
15501,90.91,-199.04,0
15513,83.33,-199.49,0
15524,90.91,-199.57,0
15536,83.33,-198.21,0
15547,90.91,-197.85,0
15558,90.91,-197.99,0
15570,90.91,-199.52,0
15582,76.92,-201.15,0
15593,90.91,-201.75,0
15604,90.91,-200.89,0
15616,83.33,-200.05,0
15627,90.91,-198.28,0
15639,83.33,-197.28,0
15650,90.91,-197.06,0
15662,83.33,-198.13,0
15673,90.91,-199.47,0
15684,90.91,-200.23,0
15695,90.91,-200.14,0
15708,76.92,-199.45,0
15719,90.91,-199.65,0
15730,90.91,-199.67,0
15741,90.91,-200.30,0
15753,83.33,-200.58,0
15764,90.91,-201.49,0
15776,83.33,-200.43,0
15788,83.33,-198.56,0
15799,90.91,-197.38,0
15810,90.91,-196.51,0
15821,90.91,-196.73,0
15834,83.33,-198.17,0
15845,83.33,-200.03,0
15856,90.91,-201.13,0
15867,90.91,-201.00,0
15879,83.33,-200.01,0
15890,90.91,-199.61,0
15902,83.33,-199.15,0
15913,90.91,-198.46,0
15925,83.33,-198.86,0
15936,90.91,-199.27,0
15947,90.91,-199.10,0
15959,83.33,-198.77,0
15971,83.33,-198.72,0
15982,90.91,-198.68,0
15993,90.91,-199.50,0
16005,83.33,-200.37,0
16016,90.91,-201.01,0
16027,90.91,-202.09,0
16039,83.33,-202.00,0
16051,83.33,-200.35,0
16062,90.91,-197.80,0
16073,90.91,-197.05,0
16084,90.91,-197.90,0
16097,83.33,-199.02,0
16108,83.33,-200.16,0
16119,90.91,-200.66,0
16131,83.33,-200.47,0
16142,90.91,-199.92,0
16153,90.91,-199.18,0
16165,83.33,-198.97,0
16177,83.33,-199.39,0
16188,90.91,-200.54,0
16199,90.91,-200.97,0
16210,90.91,-199.25,0
16222,83.33,-197.86,0
16234,83.33,-196.83,0
16245,90.91,-197.10,0
16257,83.33,-198.02,0
16268,90.91,-199.52,0
16279,90.91,-201.04,0
16290,90.91,-202.25,0
16303,76.92,-201.60,0
16314,90.91,-199.88,0
16325,90.91,-198.93,0
16336,90.91,-198.31,0
16348,83.33,-198.72,0
16360,90.91,-199.09,0
16371,83.33,-198.97,0
16382,90.91,-198.83,0
16394,83.33,-199.05,0
16405,90.91,-198.07,0
16416,90.91,-197.89,0
16429,76.92,-198.98,0
16440,90.91,-200.27,0
16451,90.91,-201.44,0
16462,90.91,-201.64,0
16474,83.33,-200.98,0
16485,90.91,-199.93,0
16497,83.33,-198.12,0
16508,90.91,-197.42,0
16520,83.33,-197.44,0
16531,90.91,-199.04,0
16542,90.91,-199.93,0
16553,90.91,-200.36,0
16566,76.92,-199.85,0
16577,90.91,-199.68,0
16588,90.91,-199.52,0
16600,83.33,-200.15,0
16611,90.91,-200.63,0
16623,90.91,-200.76,0
16634,83.33,-200.17,0
16646,83.33,-199.78,0
16657,90.91,-198.55,0
16668,90.91,-196.73,0
16679,90.91,-196.67,0
16692,76.92,-197.97,0
16703,90.91,-199.92,0
16714,90.91,-201.36,0
16726,83.33,-201.26,0
16737,90.91,-200.77,0
16748,90.91,-200.05,0
16760,83.33,-198.75,0
16772,83.33,-198.09,0
16783,90.91,-198.55,0
16794,90.91,-199.25,0
16805,90.91,-199.23,0
16817,83.33,-199.31,0
16829,83.33,-199.05,0
16840,90.91,-198.87,0
16851,90.91,-198.74,0
16863,83.33,-199.42,0
16874,90.91,-200.40,0
16886,90.91,-201.31,0
16898,76.92,-202.04,0
16909,90.91,-201.01,0
16920,90.91,-198.55,0
16931,90.91,-197.03,0
16943,83.33,-197.58,0
16955,83.33,-198.42,0
16966,90.91,-199.85,0
16977,90.91,-200.25,0
16989,83.33,-200.30,0
17000,90.91,-199.42,0
17011,90.91,-198.52,0
17024,76.92,-198.33,0
17035,90.91,-198.36,0
17046,90.91,-198.69,0
17057,90.91,-199.87,0
17069,83.33,-199.84,0
17080,90.91,-198.84,0
17092,83.33,-198.18,0
17103,90.91,-197.24,0
17115,83.33,-197.64,0
17126,90.91,-198.47,0
17137,90.91,-199.76,0
17149,90.91,-201.01,0
17161,76.92,-200.79,0
17172,90.91,-200.34,0
17183,90.91,-198.98,0
17195,83.33,-198.03,0
17206,90.91,-196.78,0
17218,83.33,-198.16,0
17229,90.91,-199.07,0
17241,83.33,-199.67,0
17252,90.91,-199.33,0
17263,90.91,-198.98,0
17274,90.91,-198.75,0
17287,76.92,-198.83,0
17298,90.91,-199.62,0
17309,90.91,-200.99,0
17320,90.91,-201.63,0
17332,83.33,-200.63,0
17343,90.91,-198.83,0
17355,83.33,-197.46,0
17367,83.33,-197.05,0
17378,90.91,-197.40,0
17389,90.91,-198.45,0
17400,90.91,-200.32,0
17413,83.33,-201.20,0
17424,83.33,-201.77,0
17435,90.91,-201.73,0
17446,90.91,-199.68,0
17458,83.33,-199.23,0
17469,90.91,-199.61,0
17481,83.33,-199.52,0
17492,90.91,-199.33,0
17504,83.33,-198.72,0
17515,90.91,-198.24,0
17526,90.91,-197.80,0
17538,83.33,-197.72,0
17550,83.33,-198.49,0
17561,90.91,-199.80,0
17572,90.91,-201.34,0
17584,83.33,-201.81,0
17595,90.91,-201.51,0
17606,90.91,-200.45,0
17618,83.33,-198.43,0
17630,83.33,-197.56,0
17641,90.91,-197.65,0
17652,90.91,-198.77,0
17664,83.33,-199.79,0
17676,83.33,-199.74,0
17687,90.91,-199.58,0
17698,90.91,-199.07,0
17710,83.33,-198.94,0
17721,90.91,-199.15,0
17732,90.91,-200.29,0
17744,83.33,-201.28,0
17756,83.33,-201.48,0
17767,90.91,-200.97,0
17778,90.91,-199.48,0
17789,90.91,-198.38,0
17801,83.33,-197.12,0
17813,83.33,-197.10,0
17824,90.91,-198.63,0
17836,83.33,-200.08,0
17847,90.91,-200.79,0
17858,90.91,-200.57,0
17870,90.91,-200.28,0
17882,76.92,-199.27,0
17893,90.91,-198.94,0
17904,90.91,-199.69,0
17915,90.91,-200.30,0
17927,83.33,-199.93,0
17939,83.33,-199.14,0
17950,90.91,-197.57,0
17961,90.91,-196.34,0
17973,83.33,-196.70,0
17984,90.91,-197.60,0
17995,90.91,-199.53,0
18008,76.92,-200.70,0
18019,90.91,-201.45,0
18030,90.91,-201.73,0
18041,90.91,-200.79,0
18053,83.33,-199.01,0
18064,90.91,-197.45,0
18076,83.33,-197.45,0
18087,90.91,-198.25,0
18099,83.33,-199.05,0
18110,90.91,-198.74,0
18121,90.91,-198.02,0
18134,90.91,-197.44,0
18145,76.92,-197.56,0
18156,90.91,-198.21,0
18167,90.91,-199.94,0
18179,83.33,-200.99,0
18190,90.91,-201.26,0
18202,83.33,-200.17,0
18213,90.91,-198.28,0
18225,83.33,-196.55,0
18236,90.91,-195.84,0
18247,90.91,-196.50,0
18258,90.91,-198.19,0
18271,76.92,-199.39,0
18282,90.91,-199.66,0
18293,90.91,-199.49,0
18305,83.33,-199.52,0
18316,90.91,-199.29,0
18327,90.91,-199.30,0
18339,83.33,-199.63,0
18351,83.33,-199.99,0
18362,90.91,-200.08,0
18373,90.91,-199.40,0
18384,90.91,-198.10,0
18397,83.33,-197.02,0
18408,83.33,-197.49,0
18419,90.91,-197.73,0
18430,90.91,-199.09,0
18442,83.33,-200.35,0
18453,90.91,-201.38,0
18465,83.33,-201.03,0
18477,83.33,-200.02,0
18488,90.91,-198.72,0
18499,90.91,-197.74,0
18510,90.91,-198.02,0
18522,83.33,-198.69,0
18534,83.33,-199.21,0
18545,90.91,-199.07,0
18556,90.91,-198.69,0
18568,83.33,-198.04,0
18579,90.91,-198.20,0
18590,90.91,-199.25,0
18603,76.92,-200.96,0
18614,90.91,-201.91,0
18625,90.91,-201.30,0
18636,90.91,-200.03,0
18648,83.33,-198.93,0
18660,90.91,-197.71,0
18671,83.33,-197.42,0
18682,90.91,-198.29,0
18694,83.33,-199.22,0
18705,90.91,-200.33,0
18716,90.91,-200.92,0
18728,83.33,-200.24,0
18740,83.33,-199.52,0
18751,90.91,-198.76,0
18762,90.91,-198.47,0
18774,83.33,-200.01,0
18785,90.91,-201.00,0
18797,83.33,-200.70,0
18808,90.91,-199.46,0
18820,83.33,-197.97,0
18831,90.91,-196.58,0
18842,90.91,-196.64,0
18853,90.91,-197.75,0
18866,76.92,-199.50,0
18877,90.91,-200.47,0
18888,90.91,-200.77,0
18899,90.91,-200.27,0
18911,83.33,-199.17,0
18923,90.91,-198.69,0
18934,83.33,-198.14,0
18946,83.33,-198.92,0
18957,90.91,-199.90,0
18968,90.91,-199.60,0
18979,90.91,-198.65,0
18992,76.92,-197.91,0
19003,90.91,-197.44,0
19014,90.91,-197.64,0
19025,90.91,-198.61,0
19037,83.33,-200.08,0
19048,90.91,-201.21,0
19060,83.33,-200.71,0
19072,83.33,-199.94,0
19083,90.91,-198.24,0
19094,90.91,-196.99,0
19105,90.91,-196.62,0
19117,83.33,-197.80,0
19129,83.33,-198.67,0
19140,90.91,-199.61,0
19151,90.91,-199.68,0
19163,83.33,-199.06,0
19174,90.91,-198.92,0
19186,90.91,-198.66,0
19197,83.33,-198.85,0
19209,83.33,-199.36,0
19220,90.91,-200.06,0
19231,90.91,-199.91,0
19243,83.33,-198.40,0
19255,83.33,-197.25,0
19266,90.91,-197.34,0
19277,90.91,-197.29,0
19289,83.33,-197.71,0
19300,90.91,-199.49,0
19311,90.91,-200.79,0
19323,83.33,-200.96,0
19335,83.33,-200.08,0
19346,90.91,-199.27,0
19357,90.91,-198.19,0
19368,90.91,-198.38,0
19380,83.33,-199.12,0
19392,83.33,-199.56,0
19403,90.91,-199.86,0
19415,83.33,-199.83,0
19426,90.91,-198.82,0
19437,90.91,-198.12,0
19449,90.91,-198.31,0
19461,76.92,-199.50,0
19472,90.91,-200.80,0
19483,90.91,-201.34,0
19494,90.91,-201.05,0
19506,83.33,-199.42,0
19518,83.33,-198.04,0
19529,90.91,-197.23,0
19540,90.91,-197.80,0
19552,83.33,-198.90,0
19563,90.91,-199.68,0
19574,90.91,-201.03,0
19587,76.92,-200.41,0
19598,90.91,-199.35,0
19609,90.91,-198.49,0
19620,90.91,-199.49,0
19632,83.33,-199.99,0
19643,90.91,-200.57,0
19655,83.33,-201.28,0
19666,90.91,-200.30,0
19678,83.33,-199.04,0
19689,90.91,-198.09,0
19700,90.91,-197.59,0
19713,83.33,-197.85,0
19724,83.33,-198.99,0
19735,90.91,-200.26,0
19746,90.91,-200.62,0
19758,83.33,-200.17,0
19769,90.91,-199.05,0
19781,83.33,-198.64,0
19792,90.91,-198.15,0
19804,83.33,-198.72,0
19815,90.91,-199.59,0
19826,90.91,-200.47,0
19837,90.91,-200.59,0
19850,76.92,-199.60,0
19861,90.91,-198.45,0
19872,90.91,-198.42,0
19884,83.33,-198.47,0
19895,90.91,-199.55,0
19906,90.91,-200.70,0
19918,83.33,-200.88,0
19930,83.33,-200.20,0
19941,90.91,-199.00,0
19952,90.91,-197.04,0
19963,90.91,-196.58,0
19976,83.33,-197.68,0
19987,83.33,-199.54,0
19998,90.91,-200.23,0
20009,90.91,-201.06,0
20021,83.33,-200.28,0
20032,90.91,-199.49,0
20044,83.33,-198.61,0
20056,83.33,-198.25,0
20067,90.91,-198.78,0
20078,90.91,-199.98,0
20089,90.91,-199.56,0
20101,83.33,-199.66,0
20113,83.33,-198.84,0
20124,90.91,-198.36,0
20135,90.91,-197.76,0
20147,83.33,-198.10,0
20158,90.91,-199.81,0
20169,90.91,-201.43,0
20182,76.92,-201.95,0
20193,90.91,-201.82,0
20204,90.91,-199.54,0
20215,90.91,-197.78,0
20227,83.33,-197.50,0
20239,90.91,-198.17,0
20250,83.33,-198.62,0
20261,90.91,-199.34,0
20273,83.33,-199.52,0
20284,90.91,-199.08,0
20295,90.91,-198.45,0
20307,83.33,-198.45,0
20319,83.33,-198.92,0
20330,90.91,-200.67,0
20341,90.91,-201.03,0
20353,83.33,-201.00,0
20364,90.91,-200.41,0
20376,83.33,-198.52,0
20387,90.91,-197.40,0
20399,83.33,-197.19,0
20410,90.91,-197.45,0
20421,90.91,-199.10,0
20432,90.91,-200.16,0
20445,76.92,-200.21,0
20456,90.91,-199.97,0
20467,90.91,-199.47,0
20478,90.91,-199.06,0
20490,83.33,-198.96,0
20502,90.91,-199.37,0
20513,90.91,-199.28,0
20525,83.33,-199.94,0
20536,90.91,-199.36,0
20547,90.91,-198.86,0
20558,90.91,-197.94,0
20571,76.92,-197.67,0
20582,90.91,-198.92,0
20593,90.91,-200.74,0
20604,90.91,-201.46,0
20616,83.33,-201.64,0
20627,90.91,-201.01,0
20639,83.33,-198.89,0
20651,83.33,-197.48,0
20662,90.91,-197.20,0
20673,90.91,-198.72,0
20684,90.91,-198.81,0
20696,83.33,-199.56,0
20708,83.33,-199.73,0
20719,90.91,-199.69,0
20730,90.91,-199.61,0
20742,83.33,-199.15,0
20753,90.91,-199.44,0
20765,83.33,-200.52,0
20776,90.91,-200.84,0
20788,83.33,-200.03,0
20799,90.91,-198.63,0
20810,90.91,-196.87,0
20822,83.33,-196.50,0
20834,83.33,-196.94,0
20845,90.91,-197.78,0
20856,90.91,-200.35,0
20868,83.33,-201.48,0
20879,90.91,-201.91,0
20890,90.91,-200.67,0
20902,83.33,-199.54,0
20914,83.33,-199.52,0
20925,90.91,-198.65,0
20936,90.91,-198.55,0
20947,90.91,-199.34,0
20960,83.33,-199.37,0
20971,83.33,-198.99,0
20982,90.91,-198.48,0
20994,83.33,-198.53,0
21005,90.91,-199.02,0
21016,90.91,-200.73,0
21028,83.33,-201.72,0
21040,83.33,-202.35,0
21051,90.91,-201.70,0
21062,90.91,-200.04,0
21073,90.91,-198.32,0
21085,83.33,-197.10,0
21097,83.33,-196.53,0
21108,90.91,-197.58,0
21120,83.33,-198.83,0
21131,90.91,-199.46,0
21142,90.91,-199.89,0
21153,90.91,-199.59,0
21166,76.92,-199.34,0
21177,90.91,-199.30,0
21188,90.91,-200.27,0
21199,90.91,-200.37,0
21211,83.33,-200.65,0
21223,90.91,-199.72,0
21234,83.33,-198.41,0
21245,90.91,-196.89,0
21257,83.33,-196.28,0
21268,90.91,-196.84,0
21279,90.91,-198.49,0
21292,76.92,-200.50,0
21303,90.91,-201.72,0
21314,90.91,-201.27,0
21325,90.91,-200.83,0
21337,83.33,-199.45,0
21348,90.91,-198.85,0
21360,83.33,-198.38,0
21371,90.91,-198.67,0
21383,83.33,-198.79,0
21394,90.91,-198.31,0
21405,90.91,-197.53,0
21416,90.91,-197.51,0
21429,76.92,-197.93,0
21440,90.91,-198.15,0
21451,90.91,-199.83,0
21463,83.33,-200.87,0
21474,90.91,-201.84,0
21486,90.91,-201.26,0
21497,83.33,-199.52,0
21509,83.33,-197.85,0
21520,90.91,-196.65,0
21531,90.91,-197.33,0
21542,90.91,-197.71,0
21555,76.92,-198.19,0
21566,90.91,-198.59,0
21577,90.91,-199.40,0
21588,90.91,-199.28,0
21600,83.33,-198.98,0
21611,90.91,-199.67,0
21623,83.33,-200.62,0
21635,83.33,-201.21,0
21646,90.91,-201.03,0
21657,90.91,-200.11,0
21668,90.91,-198.47,0
21681,83.33,-197.17,0
21692,83.33,-196.81,0
21703,90.91,-197.32,0
21714,90.91,-198.94,0
21726,83.33,-200.66,0
21737,90.91,-200.80,0
21749,83.33,-201.14,0
21761,83.33,-200.17,0
21772,90.91,-199.38,0
21783,90.91,-199.34,0
21794,90.91,-199.95,0
21806,83.33,-199.61,0
21818,83.33,-199.50,0
21829,90.91,-198.63,0
21840,90.91,-197.67,0
21852,83.33,-197.14,0
21863,90.91,-197.78,0
21874,90.91,-198.43,0
21886,83.33,-200.44,0
21898,83.33,-202.26,0
21909,90.91,-202.31,0
21920,90.91,-201.39,0
21932,83.33,-200.21,0
21944,90.91,-197.86,0
21955,83.33,-197.08,0
21966,90.91,-197.37,0
21978,83.33,-198.72,0
21989,90.91,-198.85,0
22000,90.91,-198.99,0
22012,83.33,-198.91,0
22024,83.33,-198.94,0
22035,90.91,-199.23,0
22046,90.91,-200.49,0
22057,90.91,-202.06,0
22069,83.33,-202.16,0
22081,83.33,-201.76,0
22092,90.91,-200.44,0
22104,83.33,-198.24,0
22115,90.91,-196.98,0
22126,90.91,-196.52,0
22137,90.91,-197.35,0
22150,76.92,-198.75,0
22161,90.91,-200.21,0
22172,90.91,-200.90,0
22183,90.91,-200.78,0
22195,83.33,-200.09,0
22207,83.33,-200.15,0
22218,90.91,-200.48,0
22230,83.33,-200.63,0
22241,90.91,-200.20,0
22252,90.91,-199.58,0
22263,90.91,-198.51,0
22276,76.92,-196.91,0
22287,90.91,-196.17,0
22298,90.91,-197.20,0
22309,90.91,-199.28,0
22321,83.33,-200.63,0
22332,90.91,-202.05,0
22344,83.33,-202.17,0
22355,90.91,-201.10,0
22367,83.33,-199.30,0
22378,90.91,-198.36,0
22389,90.91,-197.80,0
22402,83.33,-197.78,0
22413,83.33,-198.18,0
22424,90.91,-198.50,0
22435,90.91,-199.09,0
22447,83.33,-198.66,0
22458,90.91,-199.06,0
22470,83.33,-199.29,0
22481,90.91,-200.36,0
22493,83.33,-201.89,0
22504,90.91,-202.05,0
22515,90.91,-201.25,0
22526,90.91,-199.45,0
22539,76.92,-197.35,0
22550,90.91,-196.07,0
22561,90.91,-196.06,0
22573,83.33,-197.34,0
22584,90.91,-199.04,0
22595,90.91,-200.53,0
22607,83.33,-200.86,0
22619,83.33,-200.44,0
22630,90.91,-199.85,0
22641,90.91,-200.18,0
22652,90.91,-200.19,0
22665,76.92,-200.23,0
22676,90.91,-200.48,0
22687,90.91,-199.35,0
22699,83.33,-197.89,0
22710,90.91,-196.75,0
22721,90.91,-196.29,0
22733,83.33,-197.67,0
22745,83.33,-198.68,0
22756,90.91,-200.80,0
22767,90.91,-201.73,0
22778,90.91,-202.09,0
22790,83.33,-201.56,0
22802,83.33,-199.67,0
22813,90.91,-197.94,0
22824,90.91,-196.92,0
22836,83.33,-197.36,0
22847,90.91,-197.58,0
22859,90.91,-198.57,0
22871,76.92,-199.12,0
22882,90.91,-198.78,0
22893,90.91,-198.93,0
22904,90.91,-199.30,0
22916,83.33,-200.57,0
22928,83.33,-201.70,0
22939,90.91,-202.14,0
22950,90.91,-200.86,0
22962,83.33,-199.08,0
22973,90.91,-197.79,0
22984,90.91,-197.19,0
22996,83.33,-196.98,0
23008,83.33,-198.49,0
23019,90.91,-199.91,0
23030,90.91,-201.07,0
23042,83.33,-201.28,0
23053,90.91,-200.46,0
23065,83.33,-200.21,0
23076,90.91,-199.58,0
23088,83.33,-200.09,0
23099,90.91,-200.49,0
23110,90.91,-200.31,0
23122,83.33,-199.98,0
23134,83.33,-198.85,0
23145,90.91,-196.60,0
23156,90.91,-196.21,0
23168,83.33,-197.18,0
23179,90.91,-199.27,0
23191,83.33,-201.14,0
23202,90.91,-202.50,0
23214,83.33,-202.19,0
23225,90.91,-201.20,0
23236,90.91,-199.25,0
23247,90.91,-198.47,0
23260,76.92,-198.10,0
23271,90.91,-198.84,0
23282,90.91,-199.32,0
23293,90.91,-199.13,0
23305,83.33,-198.65,0
23317,90.91,-197.67,0
23328,83.33,-198.20,0
23340,83.33,-199.54,0
23351,90.91,-201.24,0
23362,90.91,-201.73,0
23373,90.91,-202.35,0
23386,76.92,-202.04,0
23397,90.91,-200.67,0
23408,90.91,-198.53,0
23419,90.91,-197.72,0
23431,83.33,-197.19,0
23442,90.91,-198.47,0
23454,83.33,-199.13,0
23465,90.91,-200.29,0
23477,83.33,-200.44,0
23488,90.91,-199.81,0
23499,90.91,-199.50,0
23511,83.33,-199.50,0
23523,83.33,-200.37,0
23534,90.91,-200.99,0
23545,90.91,-200.96,0
23557,83.33,-200.10,0
23568,90.91,-198.43,0
23580,83.33,-197.01,0
23591,90.91,-196.69,0
23603,83.33,-197.82,0
23614,90.91,-199.74,0
23625,90.91,-200.20,0
23636,90.91,-201.25,0
23649,76.92,-201.30,0
23660,90.91,-200.57,0
23671,90.91,-199.61,0
23683,83.33,-199.00,0
23694,90.91,-199.19,0
23705,90.91,-199.25,0
23717,83.33,-198.94,0
23729,83.33,-198.93,0
23740,90.91,-198.12,0
23751,90.91,-197.05,0
23762,90.91,-197.28,0
23775,83.33,-198.42,0
23786,83.33,-200.25,0
23797,90.91,-201.70,0
23809,83.33,-201.62,0
23820,90.91,-201.12,0
23831,90.91,-199.92,0
23843,83.33,-197.72,0
23855,83.33,-196.94,0
23866,90.91,-197.70,0
23877,90.91,-198.80,0
23888,90.91,-198.42,0
23900,83.33,-199.09,0
23912,83.33,-199.04,0
23923,90.91,-198.21,0
23934,90.91,-198.24,0
23946,83.33,-199.74,0
23957,90.91,-200.82,0
23968,90.91,-201.42,0
23981,76.92,-201.06,0
23992,90.91,-199.28,0
24003,90.91,-197.71,0
24014,90.91,-196.83,0
24026,83.33,-196.77,0
24038,90.91,-197.33,0
24049,83.33,-199.34,0
24060,90.91,-200.28,0
24072,83.33,-201.34,0
24083,90.91,-201.25,0
24094,90.91,-200.45,0
24107,76.92,-199.56,0
24118,90.91,-199.51,0
24129,90.91,-199.14,0
24140,90.91,-198.69,0
24152,83.33,-199.23,0
24163,90.91,-198.11,0
24175,83.33,-197.32,0
24186,90.91,-196.65,0
24198,83.33,-197.30,0
24209,90.91,-198.64,0
24220,90.91,-200.37,0
24231,90.91,-201.62,0
24244,76.92,-201.44,0
24255,90.91,-200.55,0
24266,90.91,-199.40,0
24278,83.33,-197.60,0
24289,90.91,-197.01,0
24301,83.33,-197.43,0
24312,90.91,-198.62,0
24324,83.33,-199.35,0
24335,90.91,-199.34,0
24346,90.91,-199.03,0
24357,90.91,-198.79,0
24370,76.92,-199.05,0
24381,90.91,-199.76,0
24392,90.91,-201.43,0
24403,90.91,-202.22,0
24415,83.33,-201.00,0
24426,90.91,-199.14,0
24438,83.33,-197.53,0
24450,83.33,-196.83,0
24461,90.91,-196.57,0
24472,90.91,-197.60,0
24483,90.91,-199.48,0
24496,83.33,-200.51,0
24507,83.33,-200.75,0
24518,90.91,-200.59,0
24529,90.91,-200.15,0
24541,83.33,-199.74,0
24552,90.91,-199.66,0
24564,83.33,-199.63,0
24576,83.33,-199.45,0
24587,90.91,-198.75,0
24598,90.91,-197.70,0
24609,90.91,-196.96,0
24621,83.33,-196.88,0
24633,83.33,-197.11,0
24644,90.91,-198.39,0
24655,90.91,-200.59,0
24667,83.33,-201.60,0
24678,90.91,-201.83,0
24689,90.91,-200.95,0
24701,83.33,-198.90,0
24713,83.33,-197.49,0
24724,90.91,-197.27,0
24735,90.91,-198.22,0
24747,83.33,-198.49,0
24759,90.91,-198.80,0
24770,83.33,-198.20,0
24781,90.91,-197.88,0
24793,83.33,-197.95,0
24804,90.91,-198.64,0
24815,90.91,-199.91,0
24827,83.33,-200.83,0
24839,83.33,-201.25,0
24850,90.91,-200.39,0
24861,90.91,-198.56,0
24872,90.91,-196.86,0
24884,83.33,-195.82,0
24896,83.33,-195.89,0
24907,90.91,-197.85,0
24919,83.33,-199.76,0
24930,90.91,-201.07,0
24941,90.91,-201.28,0
24952,90.91,-201.07,0
24965,76.92,-200.09,0
24976,90.91,-200.32,0
24987,90.91,-200.34,0
24998,90.91,-200.47,0
25010,83.33,-200.23,0
25022,83.33,-199.28,0
25033,90.91,-197.51,0
25044,90.91,-197.38,0
25056,83.33,-197.93,0
25067,90.91,-198.22,0
25078,90.91,-200.05,0
25091,76.92,-201.75,0
25102,90.91,-202.31,0
25113,90.91,-202.10,0
25124,90.91,-201.11,0
25136,83.33,-199.02,0
25147,90.91,-197.77,0
25159,83.33,-197.58,0
25170,90.91,-198.29,0
25182,83.33,-198.65,0
25193,90.91,-198.51,0
25204,90.91,-198.69,0
25217,83.33,-198.85,0
25228,83.33,-199.20,0
25239,90.91,-199.74,0
25250,90.91,-201.09,0
25262,83.33,-202.21,0
25273,90.91,-202.15,0
25285,83.33,-200.87,0
25296,90.91,-199.00,0
25308,83.33,-196.35,0
25319,90.91,-195.65,0
25330,90.91,-196.64,0
25341,90.91,-198.20,0
25354,76.92,-199.49,0
25365,90.91,-200.36,0
25376,90.91,-200.88,0
25388,83.33,-200.38,0
25399,90.91,-200.22,0
25410,90.91,-199.86,0
25422,83.33,-200.58,0
25434,83.33,-200.79,0
25445,90.91,-199.82,0
25456,90.91,-198.96,0
25467,90.91,-197.73,0
25480,76.92,-197.06,0
25491,90.91,-196.86,0
25502,90.91,-197.62,0
25513,90.91,-200.00,0
25525,83.33,-201.96,0
25536,90.91,-202.68,0
25548,83.33,-202.16,0
25560,83.33,-200.32,0
25571,90.91,-198.97,0
25582,90.91,-198.26,0
25593,90.91,-198.07,0
25605,83.33,-198.23,0
25617,83.33,-198.16,0
25628,90.91,-197.54,0
25639,90.91,-197.24,0
25651,83.33,-197.65,0
25662,90.91,-198.10,0
25674,90.91,-199.70,0
25686,76.92,-201.52,0
25697,90.91,-202.44,0
25708,90.91,-202.15,0
25719,90.91,-200.50,0
25731,83.33,-198.68,0
25743,83.33,-196.79,0
25754,90.91,-196.13,0
25765,90.91,-196.62,0
25777,83.33,-198.41,0
25788,90.91,-199.79,0
25799,90.91,-199.63,0
25811,83.33,-199.78,0
25823,83.33,-200.14,0
25834,90.91,-200.92,0
25845,90.91,-200.65,0
25857,83.33,-201.12,0
25868,90.91,-201.01,0
25880,83.33,-201.04,0
25891,90.91,-199.51,0
25903,83.33,-197.00,0
25914,90.91,-195.86,0
25925,90.91,-196.13,0
25937,83.33,-198.62,0
25949,83.33,-200.46,0
25960,90.91,-201.50,0
25971,90.91,-201.34,0
25982,90.91,-201.27,0
25994,83.33,-200.22,0
26006,83.33,-198.81,0
26017,90.91,-198.20,0
26029,83.33,-198.19,0
26040,90.91,-199.04,0
26051,90.91,-199.57,0
26062,90.91,-198.98,0
26075,76.92,-198.52,0
26086,90.91,-198.06,0
26097,90.91,-199.04,0
26108,90.91,-200.12,0
26120,83.33,-201.05,0
26132,90.91,-201.48,0
26143,83.33,-201.88,0
26155,83.33,-200.62,0
26166,90.91,-198.28,0
26177,90.91,-196.34,0
26188,90.91,-196.19,0
26201,76.92,-197.25,0
26212,90.91,-198.50,0
26223,90.91,-199.77,0
26234,90.91,-200.23,0
26246,83.33,-200.74,0
26257,90.91,-200.26,0
26269,83.33,-199.31,0
26280,90.91,-199.40,0
26292,83.33,-199.90,0
26303,90.91,-200.25,0
26314,90.91,-199.37,0
26326,83.33,-198.07,0
26338,83.33,-196.85,0
26349,90.91,-196.34,0
26360,90.91,-197.43,0
26372,83.33,-199.29,0
26383,90.91,-201.12,0
26395,90.91,-202.54,0
26406,83.33,-202.69,0
26418,83.33,-201.48,0
26429,90.91,-199.24,0
26440,90.91,-197.95,0
26451,90.91,-198.03,0
26464,76.92,-198.63,0
26475,90.91,-198.81,0
26486,90.91,-199.01,0
26498,83.33,-199.19,0
26509,90.91,-198.49,0
26520,90.91,-198.58,0
26532,83.33,-199.22,0
26544,83.33,-200.65,0
26555,90.91,-201.15,0
26566,90.91,-201.71,0
26577,90.91,-201.18,0
26590,83.33,-199.39,0
26601,83.33,-198.48,0
26612,90.91,-197.59,0
26624,83.33,-197.79,0
26635,90.91,-198.72,0
26646,90.91,-199.58,0
26658,83.33,-200.57,0
26670,83.33,-200.21,0
26681,90.91,-200.02,0
26692,90.91,-199.37,0
26703,90.91,-199.15,0
26715,83.33,-199.90,0
26727,83.33,-200.44,0
26738,90.91,-200.35,0
26749,90.91,-200.11,0
26761,83.33,-198.77,0
26772,90.91,-197.63,0
26783,90.91,-197.47,0
26796,76.92,-198.36,0
26807,90.91,-199.75,0
26818,90.91,-201.55,0
26829,90.91,-201.74,0
26841,83.33,-200.66,0
26853,90.91,-199.96,0
26864,83.33,-198.60,0
26875,90.91,-197.54,0
26887,83.33,-197.37,0
26898,90.91,-198.68,0
26909,90.91,-199.81,0
26921,83.33,-199.94,0
26933,83.33,-199.42,0
26944,90.91,-198.83,0
26955,90.91,-198.44,0
26967,83.33,-199.04,0
26978,90.91,-199.52,0
26990,83.33,-199.98,0
27001,90.91,-200.74,0
27013,83.33,-200.14,0
27024,90.91,-197.91,0
27035,90.91,-196.69,0
27047,90.91,-196.81,0
27059,76.92,-197.95,0
27070,90.91,-198.79,0
27081,90.91,-199.87,0
27092,90.91,-200.29,0
27104,83.33,-200.54,0
27116,83.33,-200.02,0
27127,90.91,-199.16,0
27139,83.33,-198.40,0
27150,90.91,-198.76,0
27161,90.91,-199.59,0
27172,90.91,-199.90,0
27185,76.92,-199.32,0
27196,90.91,-197.88,0
27207,90.91,-196.99,0
27218,90.91,-197.86,0
27230,83.33,-199.00,0
27241,90.91,-200.37,0
27253,83.33,-201.26,0
27265,83.33,-201.59,0
27276,90.91,-200.83,0
27287,90.91,-199.25,0
27298,90.91,-197.68,0
27311,83.33,-197.51,0
27322,83.33,-197.62,0
27333,90.91,-198.51,0
27344,90.91,-198.80,0
27356,83.33,-198.85,0
27367,90.91,-198.62,0
27379,83.33,-198.61,0
27390,90.91,-198.80,0
27402,83.33,-199.62,0
27413,90.91,-201.07,0
27424,90.91,-201.51,0
27436,83.33,-200.25,0
27448,83.33,-199.30,0
27459,90.91,-198.26,0
27470,90.91,-197.35,0
27482,83.33,-196.47,0
27493,90.91,-196.77,0
27504,90.91,-199.06,0
27516,83.33,-200.64,0
27528,83.33,-200.74,0
27539,90.91,-200.04,0
27550,90.91,-199.19,0
27561,90.91,-198.98,0
27574,76.92,-198.79,0
27585,90.91,-199.47,0
27596,90.91,-200.31,0
27608,83.33,-199.81,0
27619,90.91,-198.91,0
27630,90.91,-197.65,0
27642,83.33,-197.56,0
27654,83.33,-197.97,0
27665,90.91,-199.21,0
27676,90.91,-201.05,0
27687,90.91,-201.99,0
27699,83.33,-201.95,0
27711,83.33,-200.88,0
27722,90.91,-199.64,0
27734,83.33,-198.41,0
27745,90.91,-198.18,0
27756,90.91,-198.61,0
27768,90.91,-199.07,0
27780,76.92,-199.32,0
27791,90.91,-199.43,0
27802,90.91,-198.66,0
27813,90.91,-198.33,0
27825,83.33,-198.53,0
27837,83.33,-199.53,0
27848,90.91,-200.93,0
27859,90.91,-201.11,0
27871,83.33,-200.70,0
27882,90.91,-199.11,0
27893,90.91,-197.63,0
27906,76.92,-197.06,0
27917,90.91,-197.24,0
27928,90.91,-198.39,0
27939,90.91,-199.92,0
27951,83.33,-201.03,0
27962,90.91,-201.19,0
27974,83.33,-200.76,0
27985,90.91,-200.04,0
27997,83.33,-199.53,0
28008,90.91,-199.94,0
28019,90.91,-200.04,0
28032,76.92,-199.97,0
28043,90.91,-198.75,0
28054,90.91,-197.47,0
28065,90.91,-196.66,0
28077,83.33,-197.10,0
28088,90.91,-197.47,0
28100,83.33,-199.38,0
28111,90.91,-200.91,0
28123,83.33,-202.19,0
28134,90.91,-201.86,0
28145,90.91,-200.51,0
28156,90.91,-198.69,0
28169,76.92,-197.77,0
28180,90.91,-197.06,0
28191,90.91,-197.58,0
28203,83.33,-197.91,0
28214,90.91,-198.78,0
28226,90.91,-199.03,0
28237,83.33,-199.17,0
28249,83.33,-198.80,0
28260,90.91,-199.49,0
28271,90.91,-200.89,0
28282,90.91,-202.43,0
28295,76.92,-202.58,0
28306,90.91,-200.99,0
28317,90.91,-199.10,0
28328,90.91,-197.21,0
28340,83.33,-195.81,0
28351,90.91,-196.02,0
28363,83.33,-198.07,0
28375,83.33,-199.57,0
28386,90.91,-200.20,0
28397,90.91,-200.68,0
28408,90.91,-200.36,0
28421,83.33,-199.95,0
28432,83.33,-199.93,0
28443,90.91,-199.94,0
28454,90.91,-200.09,0
28466,83.33,-199.66,0
28477,90.91,-198.76,0
28489,83.33,-197.74,0
28500,90.91,-197.39,0
28512,83.33,-196.93,0
28523,90.91,-197.20,0
28534,90.91,-199.99,0
28546,83.33,-201.12,0
28558,83.33,-202.14,0
28569,90.91,-201.62,0
28580,90.91,-200.30,0
28592,83.33,-199.22,0
28603,90.91,-198.49,0
28614,90.91,-198.46,0
28626,83.33,-198.00,0
28638,83.33,-198.36,0
28649,90.91,-198.32,0
28660,90.91,-197.63,0
28672,83.33,-197.49,0
28684,90.91,-198.72,0
28695,83.33,-199.21,0
28706,90.91,-200.46,0
28718,83.33,-201.81,0
28729,90.91,-202.08,0
28740,90.91,-200.89,0
28752,83.33,-199.59,0
28764,83.33,-197.31,0
28775,90.91,-196.90,0
28786,90.91,-197.33,0
28797,90.91,-198.23,0
28809,83.33,-198.73,0
28821,83.33,-199.79,0
28832,90.91,-200.20,0
28844,83.33,-199.43,0
28855,90.91,-198.97,0
28866,90.91,-199.39,0
28877,90.91,-199.53,0
28890,76.92,-199.75,0
28901,90.91,-199.65,0
28912,90.91,-198.69,0
28923,90.91,-197.41,0
28935,83.33,-197.06,0
28947,90.91,-197.22,0
28958,83.33,-198.05,0
28969,90.91,-199.58,0
28981,83.33,-200.60,0
28992,90.91,-201.41,0
29003,90.91,-201.31,0
29016,76.92,-199.96,0
29027,90.91,-198.69,0
29038,90.91,-197.59,0
29049,90.91,-198.52,0
29061,83.33,-198.68,0
29072,90.91,-198.77,0
29084,83.33,-197.74,0
29095,90.91,-197.59,0
29107,83.33,-197.31,0
29118,90.91,-198.34,0
29129,90.91,-199.70,0
29140,90.91,-201.19,0
29153,76.92,-201.89,0
29164,90.91,-201.21,0
29175,90.91,-199.19,0
29187,83.33,-197.64,0
29198,90.91,-197.13,0
29210,83.33,-196.33,0
29221,90.91,-197.15,0
29233,83.33,-198.40,0
29244,90.91,-199.63,0
29255,90.91,-200.27,0
29266,90.91,-200.18,0
29279,76.92,-200.26,0
29290,90.91,-200.77,0
29301,90.91,-200.87,0
29313,83.33,-201.51,0
29324,90.91,-201.51,0
29335,90.91,-200.24,0
29347,83.33,-198.18,0
29359,83.33,-196.90,0
29370,90.91,-195.90,0
29381,90.91,-196.97,0
29392,90.91,-198.85,0
29405,83.33,-201.26,0
29416,83.33,-202.64,0
29427,90.91,-202.69,0
29438,90.91,-201.82,0
29450,83.33,-200.97,0
29461,90.91,-199.42,0
29473,83.33,-198.85,0
29485,83.33,-198.90,0
29496,90.91,-198.89,0
29507,90.91,-198.25,0
29518,90.91,-197.43,0
29530,83.33,-196.58,0
29542,83.33,-196.83,0
29553,90.91,-198.48,0
29564,90.91,-200.03,0
29576,83.33,-202.39,0
29587,90.91,-203.22,0
29598,90.91,-202.79,0
29611,76.92,-200.65,0
29622,90.91,-198.69,0
29633,90.91,-196.96,0
29644,90.91,-196.35,0
29656,83.33,-196.92,0
29668,83.33,-198.28,0
29679,90.91,-198.93,0
29690,90.91,-199.42,0
29702,83.33,-199.77,0
29713,90.91,-199.91,0
29724,90.91,-200.11,0
29736,83.33,-200.61,0
29748,83.33,-201.59,0
29759,90.91,-201.52,0
29770,90.91,-200.41,0
29782,83.33,-199.34,0
29793,90.91,-197.44,0
29805,83.33,-195.88,0
29816,90.91,-196.00,0
29828,83.33,-197.52,0
29839,90.91,-199.61,0
29850,90.91,-201.18,0
29862,90.91,-202.99,0
29874,76.92,-202.37,0
29885,90.91,-200.92,0
29896,90.91,-199.79,0
29907,90.91,-199.14,0
29919,83.33,-198.55,0
29931,83.33,-198.38,0
29942,90.91,-198.38,0
29954,83.33,-197.33,0
29965,90.91,-196.22,0
29976,90.91,-196.25,0
29987,90.91,-197.26,0
30000,76.92,-199.07,0
30011,90.91,-201.39,0
30022,90.91,-202.15,0
30033,90.91,-202.07,0
30045,83.33,-201.30,0
30056,90.91,-199.20,0
30068,83.33,-197.40,0
30080,83.33,-197.14,0
30091,90.91,-197.61,0
30102,90.91,-198.10,0
30113,90.91,-198.58,0
30126,83.33,-199.22,0
30137,83.33,-198.90,0
30148,90.91,-198.89,0
30159,90.91,-199.64,0
30171,83.33,-200.86,0
30182,90.91,-201.83,0
30194,83.33,-202.19,0
30205,90.91,-200.81,0
30217,83.33,-198.92,0
30228,90.91,-197.37,0
30239,90.91,-196.01,0
30251,83.33,-196.37,0
30263,83.33,-198.34,0
30274,90.91,-199.79,0
30285,90.91,-200.59,0
30297,83.33,-200.73,0
30308,90.91,-200.08,0
30319,90.91,-199.78,0
30331,83.33,-200.06,0
30343,83.33,-200.31,0
30354,90.91,-199.89,0
30365,90.91,-198.92,0
30376,90.91,-198.24,0
30389,76.92,-197.76,0
30400,90.91,-196.87,0
30411,90.91,-196.81,0
30423,83.33,-198.33,0
30434,90.91,-200.75,0
30445,90.91,-202.04,0
30457,83.33,-202.61,0
30469,83.33,-202.31,0
30480,90.91,-201.19,0
30491,90.91,-199.75,0
30502,90.91,-198.03,0
30514,83.33,-196.89,0
30526,83.33,-198.03,0
30537,90.91,-199.14,0
30548,90.91,-199.37,0
30560,83.33,-198.75,0
30571,90.91,-199.09,0
30583,90.91,-199.15,0
30595,76.92,-199.97,0
30606,90.91,-201.07,0
30617,90.91,-201.47,0
30628,90.91,-201.42,0
30640,83.33,-200.16,0
30652,83.33,-198.94,0
30663,90.91,-197.26,0
30674,90.91,-196.22,0
30686,83.33,-196.47,0
30697,90.91,-198.38,0
30708,90.91,-199.64,0
30721,76.92,-201.00,0
30732,90.91,-202.01,0
30743,90.91,-201.01,0
30754,90.91,-200.89,0
30766,83.33,-199.60,0
30777,90.91,-199.83,0
30789,83.33,-200.19,0
30800,90.91,-200.06,0
30812,83.33,-198.64,0
30823,90.91,-197.50,0
30834,90.91,-197.02,0
30846,90.91,-197.12,0
30858,76.92,-198.62,0
30869,90.91,-200.36,0
30880,90.91,-201.72,0
30892,83.33,-202.28,0
30903,90.91,-202.08,0
30915,83.33,-200.52,0
30926,90.91,-198.84,0
30938,83.33,-197.97,0
30949,90.91,-197.94,0
30960,90.91,-198.26,0
30971,90.91,-198.74,0
30984,76.92,-199.08,0
30995,90.91,-198.76,0
31006,90.91,-198.63,0
31017,90.91,-198.95,0
31029,83.33,-199.79,0
31040,90.91,-201.16,0
31052,83.33,-202.09,0
31064,83.33,-201.18,0
31075,90.91,-200.00,0
31086,90.91,-197.94,0
31097,90.91,-196.31,0
31110,83.33,-195.82,0
31121,83.33,-196.88,0
31132,90.91,-198.45,0
31143,90.91,-199.59,0
31155,83.33,-201.09,0
31166,90.91,-201.18,0
31178,83.33,-201.22,0
31190,83.33,-200.28,0
31201,90.91,-199.50,0
31212,90.91,-199.71,0
31223,90.91,-200.16,0
31235,83.33,-199.55,0
31247,83.33,-198.74,0
31258,90.91,-197.26,0
31269,90.91,-197.12,0
31281,83.33,-197.68,0
31292,90.91,-198.59,0
31303,90.91,-200.20,0
31315,83.33,-201.63,0
31327,83.33,-201.64,0
31338,90.91,-201.48,0
31349,90.91,-199.88,0
31361,83.33,-198.51,0
31373,83.33,-197.52,0
31384,90.91,-197.42,0
31395,90.91,-197.72,0
31407,83.33,-198.34,0
31418,90.91,-198.46,0
31429,90.91,-198.43,0
31441,83.33,-198.64,0
31453,83.33,-199.46,0
31464,90.91,-200.42,0
31475,90.91,-201.58,0
31486,90.91,-201.58,0
31498,83.33,-200.87,0
31510,83.33,-199.67,0
31521,90.91,-197.76,0
31533,83.33,-196.78,0
31544,90.91,-196.92,0
31555,90.91,-197.76,0
31567,90.91,-199.17,0
31579,76.92,-200.45,0
31590,90.91,-201.59,0
31601,90.91,-201.61,0
31612,90.91,-200.58,0
31624,83.33,-199.86,0
31636,83.33,-199.44,0
31647,90.91,-199.58,0
31659,83.33,-199.87,0
31670,90.91,-199.35,0
31681,90.91,-198.71,0
31692,90.91,-197.48,0
31705,76.92,-197.21,0
31716,90.91,-197.83,0
31727,90.91,-199.51,0
31738,90.91,-201.36,0
31750,83.33,-202.44,0
31761,90.91,-202.71,0
31773,83.33,-201.12,0
31784,90.91,-199.53,0
31796,83.33,-197.43,0
31807,90.91,-196.70,0
31818,90.91,-197.34,0
31831,83.33,-198.66,0
31842,83.33,-199.69,0
31853,90.91,-199.46,0
31864,90.91,-199.40,0
31876,83.33,-199.88,0
31887,90.91,-200.82,0
31899,83.33,-201.26,0
31910,90.91,-201.41,0
31922,83.33,-201.63,0
31933,90.91,-200.77,0
31944,90.91,-198.72,0
31955,90.91,-196.97,0
31968,76.92,-196.14,0
31979,90.91,-196.01,0
31990,90.91,-197.85,0
32002,83.33,-199.45,0
32013,90.91,-200.12,0
32024,90.91,-200.78,0
32036,83.33,-201.35,0
32048,83.33,-201.03,0
32059,90.91,-200.02,0
32070,90.91,-199.46,0
32081,90.91,-199.65,0
32094,83.33,-199.85,0
32105,83.33,-199.48,0
32116,90.91,-198.08,0
32128,83.33,-197.31,0
32139,90.91,-197.08,0
32150,90.91,-197.79,0
32162,83.33,-199.46,0
32174,83.33,-201.39,0
32185,90.91,-202.57,0
32196,90.91,-202.12,0
32207,90.91,-200.83,0
32219,83.33,-198.91,0
32231,83.33,-197.94,0
32242,90.91,-197.26,0
32253,90.91,-197.60,0
32265,83.33,-197.85,0
32276,90.91,-199.23,0
32287,90.91,-199.45,0
32300,76.92,-199.22,0
32311,90.91,-198.46,0
32322,90.91,-198.78,0
32333,90.91,-200.09,0
32345,83.33,-201.94,0
32357,83.33,-201.61,0
32368,90.91,-200.60,0
32379,90.91,-199.21,0
32391,83.33,-198.33,0
32402,90.91,-197.15,0
32413,90.91,-197.02,0
32425,83.33,-199.02,0
32437,83.33,-200.34,0
32448,90.91,-201.33,0
32459,90.91,-201.07,0
32471,83.33,-200.22,0
32482,90.91,-199.41,0
32494,83.33,-198.42,0
32505,90.91,-198.39,0
32517,83.33,-199.23,0
32528,90.91,-199.65,0
32539,90.91,-198.93,0
32551,90.91,-198.10,0
32563,76.92,-197.29,0
32574,90.91,-197.67,0
32585,90.91,-198.95,0
32596,90.91,-200.82,0
32608,83.33,-201.86,0
32620,83.33,-202.04,0
32631,90.91,-201.76,0
32643,83.33,-200.28,0
32654,90.91,-198.15,0
32665,90.91,-197.16,0
32676,90.91,-197.28,0
32689,76.92,-198.56,0
32700,90.91,-198.90,0
32711,90.91,-198.68,0
32722,90.91,-198.67,0
32734,83.33,-198.60,0
32745,90.91,-198.63,0
32757,83.33,-199.12,0
32769,83.33,-199.87,0
32780,90.91,-201.11,0
32791,90.91,-201.18,0
32802,90.91,-199.30,0
32815,83.33,-197.91,0
32826,83.33,-196.40,0
32837,90.91,-195.87,0
32848,90.91,-196.83,0
32860,83.33,-199.18,0
32871,90.91,-200.82,0
32883,83.33,-201.63,0
32894,90.91,-201.17,0
32906,83.33,-200.21,0
32917,90.91,-198.88,0
32928,90.91,-199.11,0
32940,83.33,-199.28,0
32952,83.33,-199.20,0
32963,90.91,-199.25,0
32974,90.91,-198.70,0
32986,83.33,-198.01,0
32997,90.91,-197.28,0
33009,90.91,-196.46,0
33020,83.33,-198.31,0
33032,83.33,-200.81,0
33043,90.91,-201.87,0
33054,90.91,-202.41,0
33065,90.91,-201.98,0
33078,76.92,-200.12,0
33089,90.91,-198.90,0
33100,90.91,-197.87,0
33112,83.33,-198.06,0
33123,90.91,-198.24,0
33134,90.91,-198.82,0
33146,83.33,-198.89,0
33158,83.33,-199.16,0
33169,90.91,-198.83,0
33180,90.91,-199.61,0
33191,90.91,-199.84,0
33203,83.33,-201.13,0
33215,83.33,-201.77,0
33226,90.91,-201.01,0
33238,83.33,-200.09,0
33249,90.91,-198.37,0
33260,90.91,-196.63,0
33272,90.91,-196.61,0
33284,76.92,-197.42,0
33295,90.91,-198.73,0
33306,90.91,-200.34,0
33317,90.91,-201.33,0
33329,83.33,-201.37,0
33341,83.33,-200.47,0
33352,90.91,-199.53,0
33363,90.91,-199.56,0
33375,83.33,-199.56,0
33386,90.91,-199.56,0
33397,90.91,-199.66,0
33410,76.92,-198.72,0
33421,90.91,-198.21,0
33432,90.91,-197.05,0
33443,90.91,-197.42,0
33455,83.33,-198.53,0
33466,90.91,-200.34,0
33478,83.33,-201.76,0
33489,90.91,-202.26,0
33501,83.33,-201.47,0
33512,90.91,-199.68,0
33523,90.91,-198.61,0
33536,90.91,-197.43,0
33547,76.92,-197.67,0
33558,90.91,-198.48,0
33569,90.91,-198.95,0
33581,83.33,-199.16,0
33592,90.91,-198.24,0
33604,83.33,-198.19,0
33615,90.91,-198.31,0
33627,83.33,-198.54,0
33638,90.91,-200.36,0
33649,90.91,-201.46,0
33660,90.91,-200.37,0
33673,76.92,-199.65,0
33684,90.91,-197.88,0
33695,90.91,-196.14,0
33707,83.33,-196.24,0
33718,90.91,-197.08,0
33729,90.91,-198.55,0
33741,83.33,-200.29,0
33753,83.33,-200.38,0
33764,90.91,-199.71,0
33775,90.91,-199.68,0
33786,90.91,-198.69,0
33799,83.33,-198.35,0
33810,83.33,-199.06,0
33821,90.91,-199.79,0
33832,90.91,-199.02,0
33844,83.33,-197.91,0
33855,90.91,-196.79,0
33867,83.33,-196.75,0
33879,83.33,-196.90,0
33890,90.91,-198.29,0
33901,90.91,-199.86,0
33912,90.91,-200.95,0
33924,83.33,-201.28,0
33936,83.33,-200.57,0
33947,90.91,-199.30,0
33958,90.91,-197.67,0
33970,83.33,-196.78,0
33981,90.91,-198.11,0
33992,90.91,-198.85,0
34004,83.33,-199.37,0
34016,83.33,-198.81,0
34027,90.91,-198.15,0
34038,90.91,-198.70,0
34050,83.33,-198.82,0
34062,83.33,-199.85,0
34073,90.91,-200.62,0
34084,90.91,-201.78,0
34096,83.33,-201.90,0
34107,90.91,-200.83,0
34118,90.91,-198.62,0
34130,83.33,-197.52,0
34142,83.33,-197.16,0
34153,90.91,-198.37,0
34164,90.91,-199.06,0
34176,83.33,-199.83,0
34187,90.91,-199.77,0
34199,83.33,-199.87,0
34210,90.91,-199.42,0
34222,83.33,-199.17,0
34233,90.91,-199.31,0
34244,90.91,-199.69,0
34256,90.91,-200.55,0
34268,76.92,-200.15,0
34279,90.91,-199.11,0
34290,90.91,-197.52,0
34301,90.91,-196.81,0
34313,83.33,-197.06,0
34325,83.33,-198.28,0
34336,90.91,-199.90,0
34348,83.33,-201.45,0
34359,90.91,-201.87,0
34370,90.91,-201.05,0
34381,90.91,-199.84,0
34394,76.92,-199.05,0
34405,90.91,-198.24,0
34416,90.91,-198.90,0
34427,90.91,-199.64,0
34439,83.33,-199.22,0
34450,90.91,-198.39,0
34462,83.33,-197.50,0
34473,90.91,-197.03,0
34485,83.33,-197.83,0
34496,90.91,-200.04,0
34507,90.91,-201.20,0
34520,83.33,-202.16,0
34531,83.33,-201.53,0
34542,90.91,-200.41,0
34553,90.91,-198.54,0
34565,83.33,-196.98,0
34576,90.91,-196.77,0
34588,83.33,-197.87,0
34599,90.91,-198.54,0
34611,83.33,-199.44,0
34622,90.91,-200.23,0
34633,90.91,-199.44,0
34644,90.91,-199.55,0
34657,76.92,-199.73,0
34668,90.91,-199.98,0
34679,90.91,-201.38,0
34691,83.33,-200.97,0
34702,90.91,-200.34,0
34713,90.91,-199.23,0
34725,83.33,-197.38,0
34737,83.33,-196.15,0
34748,90.91,-196.29,0
34759,90.91,-198.27,0
34770,90.91,-199.84,0
34783,76.92,-201.20,0
34794,90.91,-201.82,0
34805,90.91,-200.98,0
34817,83.33,-199.66,0
34828,90.91,-199.31,0
34839,90.91,-198.80,0
34851,83.33,-198.44,0
34863,83.33,-198.61,0
34874,90.91,-198.34,0
34885,90.91,-197.50,0
34896,90.91,-196.90,0
34908,83.33,-197.34,0
34920,83.33,-197.68,0
34931,90.91,-199.34,0
34942,90.91,-200.86,0
34954,83.33,-202.30,0
34965,90.91,-202.02,0
34977,90.91,-200.29,0
34989,76.92,-198.37,0
35000,90.91,-197.25,0
35011,90.91,-196.81,0
35022,90.91,-196.97,0
35034,83.33,-197.81,0
35046,83.33,-199.29,0
35057,90.91,-199.65,0
35068,90.91,-199.90,0
35080,83.33,-199.84,0
35091,90.91,-200.07,0
35102,90.91,-201.33,0
35115,76.92,-201.41,0
35126,90.91,-201.40,0
35137,90.91,-200.04,0
35148,90.91,-198.07,0
35160,83.33,-196.04,0
35171,90.91,-195.34,0
35183,83.33,-195.97,0
35194,90.91,-198.01,0
35206,83.33,-200.08,0
35217,90.91,-201.49,0
35228,90.91,-201.84,0
35240,83.33,-201.73,0
35252,83.33,-200.84,0
35263,90.91,-199.31,0
35274,90.91,-199.42,0
35286,83.33,-199.22,0
35297,90.91,-198.05,0
35309,83.33,-198.00,0
35320,90.91,-197.37,0
35332,83.33,-196.94,0
35343,90.91,-197.78,0
35354,90.91,-199.05,0
35365,90.91,-201.07,0
35378,76.92,-202.64,0
35389,90.91,-202.84,0
35400,90.91,-202.22,0
35411,90.91,-200.23,0
35423,83.33,-198.30,0
35435,90.91,-196.34,0
35446,83.33,-196.15,0
35458,83.33,-197.02,0
35469,90.91,-197.71,0
35480,90.91,-198.48,0
35491,90.91,-199.19,0
35504,76.92,-199.71,0
35515,90.91,-199.86,0
35526,90.91,-200.12,0
35537,90.91,-201.40,0
35549,83.33,-202.07,0
35560,90.91,-202.01,0
35572,83.33,-200.53,0
35584,83.33,-198.08,0
35595,90.91,-196.50,0
35606,90.91,-195.78,0
35617,90.91,-196.32,0
35629,83.33,-198.53,0
35641,83.33,-200.54,0
35652,90.91,-201.56,0
35663,90.91,-202.04,0
35675,83.33,-201.37,0
35686,90.91,-200.71,0
35698,90.91,-200.00,0
35709,83.33,-199.49,0
35721,83.33,-199.27,0
35732,90.91,-198.32,0
35743,90.91,-197.76,0
35755,83.33,-196.34,0
35767,83.33,-195.61,0
35778,90.91,-196.63,0
35789,90.91,-198.21,0
35801,83.33,-200.54,0
35812,90.91,-202.12,0
35823,90.91,-202.81,0
35835,83.33,-202.25,0
35847,83.33,-199.71,0
35858,90.91,-197.80,0
35869,90.91,-196.45,0
35880,90.91,-196.17,0
35892,83.33,-197.35,0
35904,83.33,-197.71,0
35915,90.91,-198.90,0
35927,83.33,-199.27,0
35938,90.91,-199.82,0
35949,90.91,-200.40,0
35961,83.33,-201.49,0
35973,83.33,-201.57,0
35984,90.91,-201.91,0
35995,90.91,-201.34,0
36006,90.91,-200.08,0
36018,83.33,-197.69,0
36030,83.33,-196.18,0
36041,90.91,-195.94,0
36052,90.91,-196.84,0
36064,83.33,-198.08,0
36075,90.91,-200.32,0
36086,90.91,-201.59,0
36099,76.92,-202.44,0
36110,90.91,-201.69,0
36121,90.91,-200.20,0
36132,90.91,-199.70,0
36144,83.33,-199.79,0
36156,90.91,-198.94,0
36167,83.33,-198.02,0
36178,90.91,-197.93,0
36190,83.33,-196.64,0
36201,90.91,-196.40,0
36212,90.91,-197.27,0
36225,76.92,-199.23,0
36236,90.91,-201.12,0
36247,90.91,-202.62,0
36258,90.91,-202.89,0
36270,83.33,-201.78,0
36281,90.91,-199.99,0
36293,83.33,-197.98,0
36304,90.91,-196.49,0
36316,83.33,-196.53,0
36327,90.91,-196.90,0
36338,90.91,-197.54,0
36349,90.91,-198.23,0
36362,76.92,-199.21,0
36373,90.91,-199.77,0
36384,90.91,-200.40,0
36396,83.33,-201.24,0
36407,90.91,-202.81,0
36419,90.91,-202.78,0
36430,83.33,-201.38,0
36442,83.33,-199.55,0
36453,90.91,-197.71,0
36464,90.91,-195.80,0
36475,90.91,-195.43,0
36488,76.92,-196.29,0
36499,90.91,-198.52,0
36510,90.91,-200.81,0
36521,90.91,-201.83,0
36533,83.33,-201.80,0
36544,90.91,-201.68,0
36556,83.33,-200.49,0
36568,83.33,-199.74,0
36579,90.91,-200.07,0
36590,90.91,-199.18,0
36601,90.91,-197.99,0
36614,83.33,-196.92,0
36625,83.33,-196.41,0
36636,90.91,-196.21,0
36647,90.91,-196.72,0
36659,83.33,-198.93,0
36670,90.91,-201.56,0
36682,83.33,-202.97,0
36694,83.33,-201.96,0
36705,90.91,-201.06,0
36716,90.91,-199.37,0
36727,90.91,-197.83,0
36739,83.33,-197.41,0
36751,83.33,-196.89,0
36762,90.91,-197.20,0
36773,90.91,-197.76,0
36785,83.33,-197.85,0
36796,90.91,-197.45,0
36807,90.91,-198.22,0
36819,83.33,-198.92,0
36831,83.33,-200.46,0
36842,90.91,-201.70,0
36853,90.91,-202.01,0
36865,83.33,-201.00,0
36877,90.91,-199.38,0
36888,83.33,-196.71,0
36899,90.91,-195.19,0
36911,83.33,-195.22,0
36922,90.91,-196.46,0
36933,90.91,-198.20,0
36945,83.33,-199.74,0
36957,83.33,-200.73,0
36968,90.91,-200.66,0
36979,90.91,-200.31,0
36990,90.91,-200.33,0
37002,83.33,-199.48,0
37014,83.33,-200.18,0
37025,90.91,-198.82,0
37037,83.33,-198.48,0
37048,90.91,-197.67,0
37059,90.91,-196.62,0
37070,90.91,-196.29,0
37083,76.92,-197.92,0
37094,90.91,-199.42,0
37105,90.91,-200.75,0
37116,90.91,-202.44,0
37128,83.33,-202.53,0
37140,90.91,-201.37,0
37151,83.33,-199.44,0
37163,83.33,-198.82,0
37174,90.91,-197.77,0
37185,90.91,-198.38,0
37196,90.91,-198.80,0
37209,76.92,-199.23,0
37220,90.91,-199.00,0
37231,90.91,-199.02,0
37242,90.91,-199.65,0
37254,83.33,-200.11,0
37265,90.91,-200.72,0
37277,83.33,-201.95,0
37288,90.91,-202.16,0
37300,83.33,-201.05,0
37311,90.91,-199.61,0
37322,90.91,-197.36,0
37334,83.33,-196.22,0
37346,83.33,-196.48,0
37357,90.91,-198.13,0
37368,90.91,-198.95,0
37380,83.33,-200.80,0
37391,90.91,-201.78,0
37403,83.33,-200.99,0
37414,90.91,-200.58,0
37426,83.33,-200.32,0
37437,90.91,-200.80,0
37448,90.91,-200.67,0
37459,90.91,-200.36,0
37472,76.92,-199.34,0
37483,90.91,-198.43,0
37494,90.91,-197.01,0
37506,83.33,-196.55,0
37517,90.91,-197.28,0
37528,90.91,-199.42,0
37540,83.33,-201.25,0
37552,83.33,-202.43,0
37563,90.91,-202.28,0
37574,90.91,-201.95,0
37585,90.91,-200.54,0
37598,83.33,-198.66,0
37609,83.33,-197.64,0
37620,90.91,-198.11,0
37632,83.33,-198.34,0
37643,90.91,-198.57,0
37654,90.91,-198.60,0
37666,83.33,-198.78,0
37678,83.33,-199.16,0
37689,90.91,-199.20,0
37700,90.91,-200.66,0
37711,90.91,-202.10,0
37723,83.33,-202.15,0
37735,83.33,-201.28,0
37746,90.91,-198.69,0
37757,90.91,-197.04,0
37769,83.33,-196.18,0
37780,90.91,-196.07,0
37791,90.91,-197.32,0
37804,76.92,-199.10,0
37815,90.91,-199.73,0
37826,90.91,-200.16,0
37837,90.91,-199.66,0
37849,83.33,-199.51,0
37861,90.91,-199.06,0
37872,83.33,-199.58,0
37883,90.91,-199.74,0
37895,83.33,-199.24,0
37906,90.91,-198.37,0
37917,90.91,-197.72,0
37929,83.33,-196.26,0
37941,83.33,-196.31,0
37952,90.91,-197.81,0
37963,90.91,-200.44,0
37975,83.33,-201.39,0
37986,90.91,-201.39,0
37998,83.33,-201.53,0
38009,90.91,-201.08,0
38021,83.33,-199.26,0
38032,90.91,-198.29,0
38043,90.91,-197.49,0
38055,90.91,-197.11,0
38067,76.92,-197.49,0
38078,90.91,-198.35,0
38089,90.91,-198.37,0
38100,90.91,-198.27,0
38112,83.33,-198.90,0
38124,83.33,-200.06,0
38135,90.91,-201.20,0
38147,83.33,-201.99,0
38158,90.91,-201.98,0
38169,90.91,-200.74,0
38180,90.91,-198.50,0
38193,76.92,-196.95,0
38204,90.91,-196.47,0
38215,90.91,-196.93,0
38226,90.91,-198.60,0
38238,83.33,-199.81,0
38249,90.91,-200.67,0
38261,83.33,-200.47,0
38273,83.33,-200.88,0
38284,90.91,-200.81,0
38295,90.91,-199.94,0
38306,90.91,-199.64,0
38319,83.33,-200.38,0
38330,83.33,-199.80,0
38341,90.91,-198.61,0
38352,90.91,-197.47,0
38364,83.33,-196.29,0
38375,90.91,-196.73,0
38387,83.33,-197.77,0
38398,90.91,-199.85,0
38410,83.33,-201.85,0
38421,90.91,-203.09,0
38432,90.91,-202.56,0
38444,83.33,-201.30,0
38456,83.33,-199.35,0
38467,90.91,-198.52,0
38478,90.91,-198.70,0
38490,83.33,-198.90,0
38501,90.91,-199.56,0
38513,90.91,-199.41,0
38524,83.33,-198.93,0
38536,83.33,-198.74,0
38547,90.91,-199.18,0
38558,90.91,-201.12,0
38569,90.91,-202.42,0
38582,76.92,-202.88,0
38593,90.91,-202.89,0
38604,90.91,-201.41,0
38616,83.33,-199.34,0
38627,90.91,-197.54,0
38638,90.91,-196.62,0
38650,83.33,-196.64,0
38662,83.33,-198.21,0
38673,90.91,-199.59,0
38684,90.91,-200.97,0
38695,90.91,-201.11,0
38707,83.33,-200.57,0
38719,83.33,-199.71,0
38730,90.91,-199.88,0
38742,83.33,-201.04,0
38753,90.91,-200.72,0
38764,90.91,-200.08,0
38776,90.91,-198.50,0
38788,76.92,-196.91,0
38799,90.91,-195.58,0
38810,90.91,-196.14,0
38821,90.91,-198.01,0
38833,83.33,-199.92,0
38845,83.33,-201.51,0
38856,90.91,-202.17,0
38867,90.91,-201.71,0
38879,83.33,-200.46,0
38890,90.91,-198.98,0
38901,90.91,-198.27,0
38914,76.92,-197.83,0
38925,90.91,-197.54,0
38936,90.91,-198.47,0
38947,90.91,-197.69,0
38959,83.33,-197.36,0
38970,90.91,-197.72,0
38982,83.33,-198.47,0
38993,90.91,-199.67,0
39005,83.33,-201.17,0
39016,90.91,-201.54,0
39027,90.91,-201.21,0
39040,76.92,-200.35,0
39051,90.91,-198.63,0
39062,90.91,-196.62,0
39073,90.91,-196.30,0
39085,83.33,-196.67,0
39096,90.91,-198.37,0
39108,83.33,-199.40,0
39119,90.91,-200.41,0
39131,83.33,-200.84,0
39142,90.91,-200.22,0
39153,90.91,-199.17,0
39164,90.91,-199.31,0
39177,76.92,-200.50,0
39188,90.91,-201.08,0
39199,90.91,-200.24,0
39211,83.33,-199.01,0
39222,90.91,-197.15,0
39234,90.91,-196.55,0
39245,83.33,-196.42,0
39257,83.33,-198.24,0
39268,90.91,-200.56,0
39279,90.91,-202.09,0
39290,90.91,-201.95,0
39303,76.92,-200.92,0
39314,90.91,-199.61,0
39325,90.91,-199.20,0
39336,90.91,-198.65,0
39348,83.33,-198.80,0
39359,90.91,-198.75,0
39371,83.33,-199.24,0
39383,83.33,-199.01,0
39394,90.91,-198.53,0
39405,90.91,-198.39,0
39416,90.91,-198.68,0
39428,83.33,-199.94,0
39440,83.33,-201.87,0
39451,90.91,-203.06,0
39462,90.91,-202.33,0
39474,83.33,-200.49,0
39485,90.91,-198.48,0
39497,83.33,-196.55,0
39508,90.91,-196.42,0
39520,83.33,-197.86,0
39531,90.91,-199.48,0
39542,90.91,-200.12,0
39554,83.33,-200.21,0
39566,83.33,-200.04,0
39577,90.91,-200.25,0
39588,90.91,-200.09,0
39600,83.33,-200.50,0
39611,90.91,-201.18,0
39622,90.91,-201.31,0
39634,83.33,-200.18,0
39646,83.33,-199.28,0
39657,90.91,-198.10,0
39668,90.91,-197.17,0
39680,83.33,-197.58,0
39692,90.91,-199.21,0
39703,83.33,-201.07,0
39714,90.91,-201.72,0
39726,83.33,-202.36,0
39737,90.91,-201.90,0
39748,90.91,-200.57,0
39760,83.33,-198.96,0
39772,83.33,-197.89,0
39783,90.91,-198.16,0
39794,90.91,-198.58,0
39805,90.91,-198.65,0
39817,83.33,-198.30,0
39829,83.33,-197.70,0
39840,90.91,-197.93,0
39852,83.33,-199.00,0
39863,90.91,-200.65,0
39874,90.91,-201.44,0
39885,90.91,-201.94,0
39898,76.92,-201.62,0
39909,90.91,-199.92,0
39920,90.91,-198.36,0
39931,90.91,-196.22,0
39943,83.33,-195.99,0
39955,83.33,-197.50,0
39966,90.91,-198.77,0
39977,90.91,-199.71,0
39989,83.33,-200.32,0
40000,90.91,-200.54,0
40011,90.91,-199.42,0
40024,76.92,-199.47,0
40035,90.91,-200.10,0
40046,90.91,-200.65,0
40057,90.91,-200.28,0
40069,83.33,-199.03,0
40080,90.91,-197.67,0
40092,83.33,-196.12,0
40103,90.91,-195.64,0
40115,83.33,-197.23,0
40126,90.91,-199.18,0
40137,90.91,-200.86,0
40150,90.91,-201.18,0
40161,76.92,-201.31,0
40172,90.91,-200.23,0
40183,90.91,-199.00,0
40195,83.33,-198.32,0
40206,90.91,-198.77,0
40218,83.33,-198.57,0
40229,90.91,-198.64,0
40241,83.33,-198.63,0
40252,90.91,-198.15,0
40263,90.91,-197.71,0
40274,90.91,-198.04,0
40287,76.92,-198.60,0
40298,90.91,-200.58,0
40309,90.91,-201.34,0
40321,83.33,-201.36,0
40332,90.91,-200.30,0
40343,90.91,-199.82,0
40355,83.33,-197.73,0
40367,83.33,-196.74,0
40378,90.91,-197.68,0
40389,90.91,-198.76,0
40400,90.91,-200.07,0
40413,83.33,-201.12,0
40424,83.33,-200.83,0
40435,90.91,-200.33,0
40446,90.91,-199.69,0
40458,83.33,-200.21,0
40469,90.91,-200.31,0
40481,83.33,-200.50,0
40493,83.33,-199.95,0
40504,90.91,-198.35,0
40515,90.91,-197.63,0
40526,90.91,-196.65,0
40538,83.33,-196.67,0
40550,83.33,-197.47,0
40561,90.91,-199.10,0
40572,90.91,-200.96,0
40584,83.33,-202.03,0
40595,90.91,-201.58,0
40606,90.91,-200.38,0
40619,76.92,-199.27,0
40630,90.91,-198.99,0
40641,90.91,-198.78,0
40652,90.91,-198.63,0
40664,83.33,-199.00,0
40676,83.33,-199.24,0
40687,90.91,-198.58,0
40698,90.91,-198.14,0
40710,83.33,-198.33,0
40721,90.91,-199.64,0
40732,90.91,-200.80,0
40744,83.33,-201.66,0
40756,83.33,-201.84,0
40767,90.91,-200.50,0
40778,90.91,-198.38,0
40790,83.33,-197.24,0
40801,90.91,-196.33,0
40813,83.33,-196.99,0
40824,90.91,-198.68,0
40836,83.33,-200.43,0
40847,90.91,-200.60,0
40858,90.91,-200.18,0
40870,90.91,-199.65,0
40882,76.92,-199.64,0
40893,90.91,-199.92,0
40904,90.91,-200.19,0
40915,90.91,-200.82,0
40927,83.33,-201.17,0
40939,83.33,-199.96,0
40950,90.91,-197.68,0
40962,83.33,-196.39,0
40973,90.91,-196.74,0
40984,90.91,-197.67,0
40995,90.91,-199.53,0
41008,76.92,-200.81,0
41019,90.91,-201.50,0
41030,90.91,-201.19,0
41041,90.91,-199.78,0
41053,83.33,-198.96,0
41064,90.91,-198.89,0
41076,83.33,-198.20,0
41088,83.33,-198.37,0
41099,90.91,-198.34,0
41110,90.91,-197.89,0
41121,90.91,-197.71,0
41134,76.92,-198.00,0
41145,90.91,-198.54,0
41156,90.91,-199.77,0
41167,90.91,-201.47,0
41179,83.33,-202.31,0
41190,90.91,-202.21,0
41202,83.33,-200.46,0
41213,90.91,-198.29,0
41225,83.33,-196.95,0
41236,90.91,-196.11,0
41247,90.91,-196.65,0
41259,83.33,-198.40,0
41271,83.33,-199.90,0
41282,90.91,-200.10,0
41293,90.91,-199.74,0
41305,83.33,-200.01,0
41316,90.91,-199.87,0
41328,90.91,-200.02,0
41339,83.33,-200.63,0
41351,83.33,-200.32,0
41362,90.91,-199.33,0
41373,90.91,-198.13,0
41384,90.91,-196.34,0
41397,76.92,-195.88,0
41408,90.91,-196.33,0
41419,90.91,-197.83,0
41431,83.33,-200.06,0
41442,90.91,-202.34,0
41453,90.91,-203.05,0
41465,83.33,-202.08,0
41477,83.33,-199.52,0
41488,90.91,-198.54,0
41499,90.91,-197.84,0
41510,90.91,-198.73,0
41522,83.33,-198.21,0
41534,83.33,-198.46,0
41545,90.91,-197.80,0
41556,90.91,-197.71,0
41568,83.33,-197.95,0
41579,90.91,-199.44,0
41591,83.33,-201.65,0
41603,83.33,-202.80,0
41614,90.91,-202.73,0
41625,90.91,-202.11,0
41636,90.91,-199.98,0
41648,83.33,-198.39,0
41660,83.33,-197.36,0
41671,90.91,-197.37,0
41682,90.91,-197.69,0
41694,83.33,-198.51,0
41705,90.91,-199.22,0
41716,90.91,-200.15,0
41729,76.92,-199.80,0
41740,90.91,-199.71,0
41751,90.91,-200.28,0
41762,90.91,-200.97,0
41774,83.33,-201.57,0
41786,90.91,-201.11,0
41797,83.33,-200.30,0
41808,90.91,-199.21,0
41820,83.33,-197.28,0
41831,90.91,-195.88,0
41842,90.91,-195.95,0
41854,83.33,-198.49,0
41866,83.33,-201.04,0
41877,90.91,-202.32,0
41888,90.91,-202.08,0
41900,83.33,-201.05,0
41911,90.91,-199.38,0
41923,83.33,-198.66,0
41934,90.91,-197.69,0
41946,83.33,-197.93,0
41957,90.91,-197.67,0
41968,90.91,-198.34,0
41979,90.91,-197.95,0
41992,76.92,-196.99,0
42003,90.91,-197.93,0
42014,90.91,-199.69,0
42025,90.91,-201.56,0
42037,83.33,-202.99,0
42049,83.33,-202.81,0
42060,90.91,-201.36,0
42072,83.33,-199.71,0
42083,90.91,-197.63,0
42094,90.91,-196.52,0
42105,90.91,-195.98,0
42118,76.92,-197.27,0
42129,90.91,-198.59,0
42140,90.91,-199.83,0
42151,90.91,-200.07,0
42163,83.33,-200.41,0
42174,90.91,-201.12,0
42186,83.33,-201.75,0
42198,83.33,-201.44,0
42209,90.91,-201.15,0
42220,90.91,-200.15,0
42231,90.91,-199.25,0
42244,83.33,-197.51,0
42255,83.33,-195.17,0
42266,90.91,-194.91,0
42277,90.91,-197.02,0
42289,83.33,-199.29,0
42300,90.91,-201.46,0
42312,83.33,-202.33,0
42323,90.91,-202.22,0
42335,83.33,-201.07,0
42346,90.91,-199.89,0
42357,90.91,-198.42,0
42369,83.33,-198.54,0
42381,83.33,-198.49,0
42392,90.91,-198.54,0
42403,90.91,-197.99,0
42415,83.33,-198.14,0
42426,90.91,-197.93,0
42437,90.91,-199.01,0
42449,83.33,-200.34,0
42461,83.33,-202.10,0
42472,90.91,-202.89,0
42483,90.91,-202.75,0
42494,90.91,-201.77,0
42507,76.92,-199.03,0
42518,90.91,-196.52,0
42529,90.91,-195.23,0
42541,83.33,-196.25,0
42552,90.91,-198.00,0
42563,90.91,-198.79,0
42575,83.33,-200.21,0
42587,83.33,-200.50,0
42598,90.91,-200.19,0
42609,90.91,-200.12,0
42620,90.91,-200.59,0
42632,83.33,-201.08,0
42644,83.33,-200.90,0
42655,90.91,-200.07,0
42667,83.33,-198.60,0
42678,90.91,-196.80,0
42689,90.91,-195.92,0
42701,90.91,-196.33,0
42713,76.92,-197.90,0
42724,90.91,-200.34,0
42735,90.91,-201.93,0
42746,90.91,-203.14,0
42758,83.33,-202.12,0
42770,83.33,-200.53,0
42781,90.91,-198.80,0
42792,90.91,-197.96,0
42804,83.33,-198.48,0
42815,90.91,-198.17,0
42826,90.91,-197.55,0
42839,76.92,-197.38,0
42850,90.91,-197.68,0
42861,90.91,-197.65,0
42872,90.91,-197.98,0
42884,83.33,-199.50,0
42896,90.91,-201.76,0
42907,83.33,-203.26,0
42918,90.91,-203.21,0
42930,83.33,-200.27,0
42941,90.91,-198.46,0
42952,90.91,-197.22,0
42964,83.33,-196.47,0
42976,83.33,-197.06,0
42987,90.91,-198.52,0
42998,90.91,-200.10,0
43010,83.33,-201.03,0
43021,90.91,-200.96,0
43033,83.33,-200.41,0
43044,90.91,-200.10,0
43056,83.33,-200.89,0
43067,90.91,-200.97,0
43078,90.91,-200.24,0
43089,90.91,-199.05,0
43102,76.92,-198.20,0
43113,90.91,-197.18,0
43124,90.91,-196.19,0
43136,83.33,-196.23,0
43147,90.91,-198.10,0
43159,90.91,-200.29,0
43170,83.33,-201.88,0
43182,83.33,-202.54,0
43193,90.91,-201.63,0
43204,90.91,-200.19,0
43215,90.91,-199.79,0
43228,76.92,-198.44,0
43239,90.91,-197.73,0
43250,90.91,-197.97,0
43261,90.91,-197.87,0
43273,83.33,-197.77,0
43284,90.91,-196.83,0
43296,83.33,-196.98,0
43308,83.33,-198.25,0
43319,90.91,-200.90,0
43330,90.91,-201.59,0
43341,90.91,-201.97,0
43354,83.33,-201.05,0
43365,83.33,-201.00,0
43376,90.91,-198.96,0
43387,90.91,-196.93,0
43399,83.33,-195.83,0
43410,90.91,-197.24,0
43422,83.33,-198.80,0
43433,90.91,-199.01,0
43445,83.33,-199.72,0
43456,90.91,-200.19,0
43467,90.91,-200.73,0
43479,83.33,-200.63,0
43491,83.33,-200.69,0
43502,90.91,-200.82,0
43513,90.91,-200.72,0
43525,83.33,-199.32,0
43536,90.91,-196.95,0
43547,90.91,-195.12,0
43559,83.33,-195.40,0
43571,83.33,-196.85,0
43582,90.91,-199.03,0
43593,90.91,-200.18,0
43604,90.91,-201.50,0
43617,83.33,-201.95,0
43628,83.33,-201.74,0
43639,90.91,-199.92,0
43651,83.33,-198.54,0
43662,90.91,-198.53,0
43673,90.91,-199.10,0
43685,83.33,-198.57,0
43697,83.33,-198.24,0
43708,90.91,-197.98,0
43719,90.91,-197.79,0
43730,90.91,-197.73,0
43742,83.33,-198.73,0
43754,83.33,-200.87,0
43765,90.91,-202.94,0
43777,83.33,-203.33,0
43788,90.91,-202.46,0
43799,90.91,-200.08,0
43810,90.91,-197.57,0
43823,76.92,-196.70,0
43834,90.91,-197.09,0
43845,90.91,-197.87,0
43856,90.91,-198.27,0
43868,83.33,-199.63,0
43880,90.91,-200.81,0
43891,83.33,-200.45,0
43902,90.91,-199.61,0
43914,83.33,-200.80,0
43925,90.91,-201.54,0
43936,90.91,-201.87,0
43949,76.92,-201.21,0
43960,90.91,-198.72,0
43971,90.91,-197.94,0
43982,90.91,-197.15,0
43994,83.33,-196.27,0
44005,90.91,-196.64,0
44017,83.33,-199.14,0
44028,90.91,-201.14,0
44040,83.33,-202.42,0
44051,90.91,-202.05,0
44062,90.91,-200.77,0
44073,90.91,-200.20,0
44086,76.92,-199.29,0
44097,90.91,-199.09,0
44108,90.91,-198.35,0
44120,83.33,-198.55,0
44131,90.91,-198.22,0
44143,90.91,-197.57,0
44154,83.33,-196.99,0
44166,83.33,-197.69,0
44177,90.91,-199.98,0
44188,90.91,-202.51,0
44199,90.91,-203.40,0
44212,76.92,-202.97,0
44223,90.91,-202.10,0
44234,90.91,-199.83,0
44246,83.33,-197.51,0
44257,90.91,-195.88,0
44268,90.91,-196.47,0
44280,83.33,-198.43,0
44292,83.33,-198.95,0
44303,90.91,-199.53,0
44314,90.91,-200.27,0
44325,90.91,-200.54,0
44337,83.33,-200.12,0
44349,83.33,-200.66,0
44360,90.91,-201.35,0
44371,90.91,-201.21,0
44383,83.33,-200.71,0
44394,90.91,-199.22,0
44406,83.33,-196.76,0
44418,83.33,-195.68,0
44429,90.91,-196.66,0
44440,90.91,-197.51,0
44451,90.91,-198.84,0
44463,83.33,-200.09,0
44475,83.33,-201.51,0
44486,90.91,-201.54,0
44497,90.91,-200.89,0
44509,83.33,-199.66,0
44520,90.91,-199.25,0
44531,90.91,-199.04,0
44544,76.92,-198.81,0
44555,90.91,-197.88,0
44566,90.91,-197.46,0
44577,90.91,-197.18,0
44589,83.33,-197.08,0
44601,90.91,-197.57,0
44612,83.33,-198.84,0
44623,90.91,-201.00,0
44635,83.33,-202.42,0
44646,90.91,-202.71,0
44657,90.91,-200.81,0
44669,83.33,-198.45,0
44681,83.33,-197.10,0
44692,90.91,-196.03,0
44703,90.91,-196.47,0
44715,83.33,-196.99,0
44726,90.91,-198.48,0
44738,83.33,-199.53,0
44749,90.91,-200.26,0
44761,83.33,-200.07,0
44772,90.91,-200.65,0
44783,90.91,-201.04,0
44794,90.91,-201.69,0
