⸮66,15.15,2158.81,0
77,90.91,2116.92,0
89,83.33,2115.76,0
100,90.91,2144.16,0
111,90.91,2177.33,0
123,83.33,2181.01,0
135,83.33,2139.31,0
146,90.91,2108.25,0
157,90.91,2126.74,0
168,90.91,2158.85,0
180,83.33,2184.49,0
192,83.33,2162.11,0
203,90.91,2120.78,0
215,83.33,2113.74,0
226,90.91,2141.89,0
237,90.91,2168.94,0
248,90.91,2176.96,0
261,76.92,2144.48,0
272,90.91,2116.59,0
283,90.91,2128.61,0
294,90.91,2152.69,0
306,83.33,2176.19,0
317,90.91,2167.87,0
329,83.33,2131.68,0
340,90.91,2119.88,0
352,83.33,2136.38,0
363,90.91,2159.62,0
374,90.91,2179.91,0
386,83.33,2156.35,0
398,83.33,2118.35,0
409,90.91,2120.86,0
420,90.91,2141.52,0
432,83.33,2171.32,0
443,90.91,2176.49,0
454,90.91,2142.13,0
466,90.91,2113.41,0
478,83.33,2127.23,0
489,90.91,2160.44,0
500,90.91,2185.55,0
512,83.33,2167.68,0
523,90.91,2122.73,0
535,90.91,2113.14,0
546,83.33,2137.85,0
558,83.33,2171.95,0
569,90.91,2184.59,0
580,90.91,2150.64,0
591,90.91,2112.01,0
604,83.33,2121.84,0
615,83.33,2151.61,0
626,90.91,2181.65,0
637,90.91,2171.96,0
649,83.33,2130.99,0
660,90.91,2111.91,0
672,90.91,2135.40,0
684,76.92,2167.57,0
695,90.91,2186.74,0
706,90.91,2158.22,0
717,90.91,2120.88,0
729,83.33,2120.26,0
741,90.91,2147.52,0
752,83.33,2176.99,0
763,90.91,2182.66,0
775,83.33,2138.21,0
786,90.91,2115.40,0
797,90.91,2127.96,0
809,90.91,2155.86,0
821,76.92,2182.99,0
832,90.91,2164.94,0
843,90.91,2129.21,0
855,83.33,2115.31,0
866,90.91,2141.53,0
878,90.91,2166.07,0
889,83.33,2183.63,0
901,83.33,2150.05,0
912,90.91,2118.75,0
923,90.91,2119.10,0
934,90.91,2151.34,0
947,83.33,2174.48,0
958,83.33,2177.41,0
969,90.91,2132.10,0
980,90.91,2111.44,0
992,83.33,2127.16,0
1003,90.91,2164.28,0
1015,90.91,2184.04,0
1027,76.92,2162.36,0
1038,90.91,2120.24,0
1049,90.91,2118.13,0
1060,90.91,2145.52,0
1072,83.33,2174.17,0
1084,90.91,2179.63,0
1095,83.33,2141.08,0
1106,90.91,2111.44,0
1118,83.33,2125.00,0
1129,90.91,2159.60,0
1140,90.91,2187.80,0
1153,83.33,2167.71,0
1164,83.33,2127.79,0
1175,90.91,2114.20,0
1186,90.91,2139.42,0
1198,83.33,2166.44,0
1209,90.91,2184.05,0
1220,90.91,2152.81,0
1232,83.33,2117.49,0
1244,83.33,2121.18,0
1255,90.91,2150.97,0
1266,90.91,2178.48,0
1277,90.91,2178.48,0
1289,83.33,2135.00,0
1301,83.33,2112.69,0
1312,90.91,2132.35,0
1324,83.33,2163.87,0
1335,90.91,2183.96,0
1346,90.91,2159.49,0
1357,90.91,2119.36,0
1370,76.92,2116.15,0
1381,90.91,2146.41,0
1392,90.91,2174.59,0
1403,90.91,2180.56,0
1415,83.33,2143.60,0
1426,90.91,2115.19,0
1438,83.33,2124.93,0
1449,90.91,2157.73,0
1461,83.33,2179.68,0
1472,90.91,2170.26,0
1483,90.91,2127.61,0
1495,83.33,2120.91,0
1507,83.33,2136.82,0
1518,90.91,2167.89,0
1529,90.91,2179.68,0
1541,83.33,2150.71,0
1552,90.91,2114.47,0
1563,90.91,2121.48,0
1575,83.33,2149.88,0
1587,83.33,2178.07,0
1598,90.91,2175.24,0
1609,90.91,2136.86,0
1620,90.91,2115.13,0
1632,83.33,2127.70,0
1644,83.33,2160.99,0
1655,90.91,2182.49,0
1667,83.33,2164.00,0
1678,90.91,2122.10,0
1689,90.91,2112.81,0
1700,90.91,2140.43,0
1713,76.92,2172.39,0
1724,90.91,2182.61,0
1735,90.91,2141.06,0
1746,90.91,2112.47,0
1758,83.33,2126.03,0
1769,90.91,2158.62,0
1781,83.33,2182.68,0
1793,83.33,2167.95,0
1804,90.91,2123.87,0
1815,90.91,2113.34,0
1826,90.91,2135.40,0
1838,83.33,2166.15,0
1850,83.33,2179.05,0
1861,90.91,2150.66,0
1872,90.91,2116.15,0
1884,83.33,2121.77,0
1895,90.91,2150.35,0
1906,90.91,2173.79,0
1918,83.33,2174.73,0
1930,83.33,2133.59,0
1941,90.91,2118.05,0
1952,90.91,2131.63,0
1964,83.33,2160.69,0
1975,90.91,2178.62,0
1987,83.33,2162.37,0
1998,90.91,2122.41,0
2010,83.33,2120.23,0
2021,90.91,2143.59,0
2032,90.91,2171.83,0
2043,90.91,2179.32,0
2056,76.92,2146.84,0
2067,90.91,2111.71,0
2078,90.91,2124.30,0
2089,90.91,2157.57,0
2101,83.33,2179.80,0
2112,90.91,2171.60,0
2124,83.33,2128.87,0
2136,83.33,2114.99,0
2147,90.91,2137.38,0
2158,90.91,2168.21,0
2169,90.91,2184.41,0
2181,83.33,2154.49,0
2193,83.33,2114.83,0
2204,90.91,2122.46,0
2215,90.91,2149.62,0
2227,83.33,2175.64,0
2238,90.91,2173.39,0
2249,90.91,2135.16,0
2262,76.92,2115.38,0
2273,90.91,2132.89,0
2284,90.91,2163.62,0
2295,90.91,2182.45,0
2307,83.33,2164.72,0
2318,90.91,2122.99,0
2330,83.33,2116.97,0
2341,90.91,2143.53,0
2353,83.33,2169.10,0
2364,90.91,2179.17,0
2375,90.91,2144.88,0
2386,90.91,2115.61,0
2399,76.92,2126.13,0
2410,90.91,2156.36,0
2421,90.91,2179.61,0
2433,83.33,2174.03,0
2444,90.91,2131.21,0
2455,90.91,2116.04,0
2467,83.33,2134.31,0
2479,83.33,2169.26,0
2490,90.91,2184.74,0
2501,90.91,2154.39,0
2512,90.91,2113.99,0
2524,83.33,2121.83,0
2536,83.33,2149.79,0
2547,90.91,2177.94,0
2558,90.91,2176.03,0
2570,83.33,2137.49,0
2581,90.91,2113.41,0
2592,90.91,2130.38,0
2605,76.92,2164.61,0
2616,90.91,2185.91,0
2627,90.91,2159.93,0
2638,90.91,2118.40,0
2650,83.33,2118.32,0
2661,90.91,2146.68,0
2673,83.33,2172.02,0
2684,90.91,2175.89,0
2696,83.33,2142.01,0
2707,90.91,2117.07,0
2718,90.91,2127.92,0
2729,90.91,2152.91,0
2742,76.92,2179.48,0
2753,90.91,2167.25,0
2764,90.91,2130.00,0
2776,83.33,2116.33,0
2787,90.91,2140.05,0
2798,90.91,2163.07,0
2810,83.33,2182.66,0
2822,83.33,2153.63,0
2833,90.91,2120.76,0
2844,90.91,2119.37,0
2855,90.91,2148.36,0
2867,83.33,2170.73,0
2879,83.33,2177.29,0
2890,90.91,2139.72,0
2902,83.33,2114.95,0
2913,90.91,2126.06,0
2924,90.91,2159.75,0
2935,90.91,2187.36,0
2948,76.92,2168.06,0
2959,90.91,2119.16,0
2970,90.91,2111.02,0
2981,90.91,2140.71,0
2993,83.33,2172.50,0
3004,90.91,2183.23,0
3016,83.33,2139.51,0
3027,90.91,2110.45,0
3039,83.33,2123.79,0
3050,90.91,2162.93,0
3061,90.91,2184.90,0
3073,83.33,2171.78,0
3085,83.33,2123.73,0
3096,90.91,2114.82,0
3107,90.91,2142.29,0
3119,83.33,2170.65,0
3130,90.91,2177.12,0
3141,90.91,2150.44,0
3153,83.33,2117.84,0
3165,83.33,2125.76,0
3176,90.91,2149.71,0
3187,90.91,2172.41,0
3198,90.91,2173.43,0
3210,83.33,2139.78,0
3222,83.33,2119.36,0
3233,90.91,2133.38,0
3245,83.33,2155.59,0
3256,90.91,2180.79,0
3267,90.91,2164.80,0
3278,90.91,2126.16,0
3291,76.92,2115.88,0
3302,90.91,2137.68,0
3313,90.91,2166.49,0
3324,90.91,2183.11,0
3336,83.33,2148.68,0
3347,90.91,2114.07,0
3359,83.33,2120.59,0
3371,83.33,2155.10,0
3382,90.91,2181.70,0
3393,90.91,2174.91,0
3404,90.91,2127.78,0
3416,83.33,2112.89,0
3428,83.33,2138.68,0
3439,90.91,2171.38,0
3450,90.91,2186.16,0
3462,83.33,2152.65,0
3473,90.91,2114.78,0
3484,90.91,2121.09,0
3496,83.33,2148.75,0
3508,83.33,2175.11,0
3519,90.91,2174.51,0
3530,90.91,2132.51,0
3542,83.33,2113.98,0
3553,90.91,2132.88,0
3565,83.33,2162.28,0
3576,90.91,2180.43,0
3588,83.33,2161.98,0
3599,90.91,2120.12,0
3610,90.91,2119.21,0
3621,90.91,2145.75,0
3634,76.92,2169.69,0
3645,90.91,2176.87,0
3656,90.91,2142.24,0
3667,90.91,2113.89,0
3679,83.33,2125.55,0
3690,90.91,2154.11,0
3702,83.33,2180.72,0
3714,83.33,2169.80,0
3725,90.91,2126.76,0
3736,90.91,2112.42,0
3747,90.91,2133.03,0
3759,83.33,2165.24,0
3771,83.33,2184.12,0
3782,90.91,2158.15,0
3793,90.91,2118.83,0
3805,83.33,2121.90,0
3816,90.91,2147.43,0
3827,90.91,2175.78,0
3840,76.92,2175.65,0
3851,90.91,2135.50,0
3862,90.91,2111.71,0
3873,90.91,2131.46,0
3885,83.33,2161.84,0
3896,90.91,2188.92,0
3908,90.91,2165.96,0
3919,83.33,2123.99,0
3931,83.33,2116.73,0
3942,90.91,2147.61,0
3953,90.91,2172.03,0
3964,90.91,2181.43,0
3977,83.33,2142.45,0
3988,83.33,2115.83,0
3999,90.91,2125.81,0
4011,83.33,2153.67,0
4022,90.91,2181.20,0
4033,90.91,2170.89,0
4045,90.91,2128.23,0
4057,76.92,2114.91,0
4068,90.91,2136.33,0
4079,90.91,2165.16,0
4090,90.91,2182.90,0
4102,83.33,2156.51,0
4114,90.91,2119.94,0
4125,83.33,2119.11,0
4136,90.91,2147.49,0
4148,83.33,2178.29,0
4159,90.91,2179.17,0
4170,90.91,2134.75,0
4183,83.33,2111.87,0
4194,83.33,2126.53,0
4205,90.91,2161.06,0
4216,90.91,2182.30,0
4228,83.33,2163.74,0
4239,90.91,2120.85,0
4251,90.91,2113.60,0
4262,83.33,2137.28,0
4274,83.33,2175.62,0
4285,90.91,2182.17,0
4296,90.91,2146.83,0
4307,90.91,2108.74,0
4320,83.33,2125.09,0
4331,83.33,2153.58,0
4342,90.91,2181.80,0
4354,83.33,2170.29,0
4365,90.91,2127.78,0
4376,90.91,2113.07,0
4387,90.91,2135.30,0
4400,76.92,2164.99,0
4411,90.91,2182.48,0
4422,90.91,2155.03,0
4433,90.91,2118.59,0
4445,83.33,2121.36,0
4456,90.91,2148.50,0
4468,83.33,2177.77,0
4480,83.33,2175.75,0
4491,90.91,2135.03,0
4502,90.91,2111.95,0
4513,90.91,2126.68,0
4525,83.33,2156.02,0
4537,83.33,2180.56,0
4548,90.91,2161.55,0
4559,90.91,2123.32,0
4571,83.33,2115.82,0
4582,90.91,2139.85,0
4593,90.91,2172.28,0
4605,83.33,2181.37,0
4617,83.33,2144.98,0
4628,90.91,2112.22,0
4639,90.91,2125.82,0
4651,83.33,2153.68,0
4662,90.91,2181.85,0
4674,83.33,2172.50,0
4685,90.91,2128.31,0
4697,83.33,2113.27,0
4708,90.91,2133.38,0
4719,90.91,2166.20,0
4730,90.91,2182.69,0
4743,76.92,2153.25,0
4754,90.91,2114.05,0
4765,90.91,2118.15,0
4776,90.91,2148.01,0
4788,83.33,2180.17,0
4799,90.91,2175.11,0
4811,83.33,2136.94,0
4823,83.33,2113.22,0
4834,90.91,2133.40,0
4845,90.91,2158.54,0
4856,90.91,2181.96,0
4868,83.33,2162.67,0
4880,83.33,2125.68,0
4891,90.91,2116.20,0
4902,90.91,2136.76,0
4914,83.33,2167.21,0
4925,90.91,2182.60,0
4936,90.91,2150.99,0
4948,83.33,2118.21,0
4960,83.33,2123.72,0
4971,90.91,2149.43,0
4982,90.91,2177.87,0
4994,83.33,2173.47,0
5005,90.91,2132.24,0
5017,83.33,2111.61,0
5028,90.91,2135.27,0
5040,83.33,2165.31,0
5051,90.91,2189.00,0
5062,90.91,2156.40,0
5073,90.91,2114.23,0
5086,76.92,2114.59,0
5097,90.91,2149.17,0
5108,90.91,2178.66,0
5120,83.33,2181.09,0
5131,90.91,2133.91,0
5142,90.91,2115.32,0
5154,83.33,2131.53,0
5166,83.33,2162.23,0
5177,90.91,2180.84,0
5188,90.91,2164.88,0
5199,90.91,2123.86,0
5211,83.33,2115.78,0
5223,83.33,2140.70,0
5234,90.91,2168.74,0
5245,90.91,2177.83,0
5257,83.33,2143.89,0
5268,90.91,2118.21,0
5279,90.91,2124.88,0
5292,76.92,2152.28,0
5303,90.91,2176.13,0
5314,90.91,2174.51,0
5325,90.91,2132.25,0
5337,83.33,2118.75,0
5348,90.91,2134.25,0
5360,83.33,2162.79,0
5371,90.91,2185.48,0
5383,83.33,2159.91,0
5394,90.91,2121.98,0
5405,90.91,2116.61,0
5416,90.91,2145.09,0
5429,76.92,2174.99,0
5440,90.91,2179.17,0
5451,90.91,2136.50,0
5463,83.33,2110.59,0
5474,90.91,2126.07,0
5485,90.91,2160.96,0
5497,83.33,2184.93,0
5509,83.33,2165.81,0
5520,90.91,2116.78,0
5531,90.91,2110.67,0
5542,90.91,2141.67,0
5554,83.33,2173.33,0
5566,83.33,2182.29,0
5577,90.91,2144.35,0
5588,90.91,2113.45,0
5600,83.33,2125.76,0
5611,90.91,2157.35,0
5622,90.91,2178.22,0
5635,76.92,2169.32,0
5646,90.91,2130.22,0
5657,90.91,2116.85,0
5668,90.91,2136.92,0
5680,83.33,2161.66,0
5691,90.91,2177.45,0
5703,83.33,2154.54,0
5714,90.91,2123.21,0
5726,83.33,2119.87,0
5737,90.91,2143.10,0
5748,90.91,2172.70,0
5760,83.33,2180.95,0
5772,83.33,2144.54,0
5783,90.91,2114.07,0
5794,90.91,2124.78,0
5806,83.33,2157.57,0
5817,90.91,2179.53,0
5828,90.91,2167.85,0
5840,83.33,2121.58,0
5852,83.33,2113.45,0
5863,90.91,2139.37,0
5874,90.91,2172.82,0
5885,90.91,2180.72,0
5897,83.33,2147.89,0
5909,83.33,2113.92,0
5920,90.91,2123.39,0
5932,83.33,2150.27,0
5943,90.91,2178.87,0
5954,90.91,2171.02,0
5965,90.91,2128.34,0
5978,76.92,2112.87,0
5989,90.91,2133.68,0
6000,90.91,2162.63,0
6011,90.91,2178.06,0
6023,83.33,2153.55,0
6034,90.91,2117.94,0
6046,83.33,2120.50,0
6057,90.91,2145.59,0
6069,83.33,2174.16,0
6080,90.91,2178.91,0
6091,90.91,2137.89,0
6103,83.33,2114.92,0
6115,83.33,2127.29,0
6126,90.91,2157.96,0
6137,90.91,2182.38,0
6149,83.33,2167.60,0
6160,90.91,2126.57,0
6171,90.91,2118.29,0
6183,83.33,2140.03,0
6195,83.33,2169.62,0
6206,90.91,2182.54,0
6217,90.91,2152.17,0
6228,90.91,2118.55,0
6240,83.33,2122.85,0
6252,83.33,2150.41,0
6263,90.91,2177.43,0
6275,83.33,2174.02,0
6286,90.91,2132.41,0
6297,90.91,2113.55,0
6308,90.91,2133.88,0
6321,76.92,2162.07,0
6332,90.91,2185.55,0
6343,90.91,2156.71,0
6354,90.91,2118.91,0
6366,83.33,2118.16,0
6377,90.91,2147.05,0
6389,83.33,2175.55,0
6401,83.33,2179.83,0
6412,90.91,2135.78,0
6423,90.91,2110.24,0
6434,90.91,2125.91,0
6446,83.33,2159.75,0
6458,83.33,2183.00,0
6469,90.91,2166.28,0
6480,90.91,2124.50,0
6492,83.33,2113.62,0
6503,90.91,2138.79,0
6514,90.91,2168.28,0
6526,83.33,2182.56,0
6538,83.33,2149.83,0
6549,90.91,2119.73,0
6560,90.91,2125.35,0
6572,83.33,2153.92,0
6583,90.91,2177.54,0
6595,83.33,2170.01,0
6606,90.91,2132.48,0
6618,83.33,2115.76,0
6629,90.91,2133.87,0
6640,90.91,2160.85,0
6651,90.91,2179.22,0
6664,76.92,2158.46,0
6675,90.91,2121.43,0
6686,90.91,2117.81,0
6697,90.91,2144.96,0
6709,83.33,2175.16,0
6720,90.91,2182.68,0
6732,90.91,2142.80,0
6744,76.92,2111.02,0
6755,90.91,2128.07,0
6766,90.91,2157.18,0
6777,90.91,2183.09,0
6789,83.33,2167.18,0
6801,90.91,2123.43,0
6812,83.33,2109.51,0
6823,90.91,2139.06,0
6835,83.33,2169.13,0
6846,90.91,2183.52,0
6857,90.91,2146.05,0
6870,90.91,2113.79,0
6881,76.92,2122.04,0
6892,90.91,2152.90,0
6903,90.91,2177.64,0
6915,83.33,2173.62,0
6926,90.91,2129.29,0
6938,90.91,2111.81,0
6949,83.33,2133.54,0
6961,83.33,2161.07,0
6972,90.91,2180.41,0
6983,90.91,2153.44,0
6994,90.91,2116.79,0
7007,83.33,2116.30,0
7018,83.33,2144.26,0
7029,90.91,2170.65,0
7041,83.33,2174.72,0
7052,90.91,2140.87,0
7063,90.91,2112.95,0
7075,90.91,2128.81,0
7087,76.92,2153.50,0
7098,90.91,2180.60,0
7109,90.91,2166.48,0
7120,90.91,2130.80,0
7132,83.33,2115.43,0
7144,90.91,2138.25,0
7155,83.33,2166.16,0
7166,90.91,2182.48,0
7178,83.33,2147.14,0
7189,90.91,2116.42,0
7200,90.91,2120.29,0
7213,83.33,2152.15,0
7224,83.33,2177.31,0
7235,90.91,2174.32,0
7246,90.91,2132.34,0
7258,83.33,2112.10,0
7269,90.91,2131.95,0
7280,90.91,2162.69,0
7292,83.33,2184.58,0
7304,83.33,2155.53,0
7315,90.91,2115.91,0
7326,90.91,2115.41,0
7337,90.91,2144.99,0
7349,83.33,2172.98,0
7361,83.33,2179.17,0
7372,90.91,2138.19,0
7384,83.33,2111.83,0
7395,90.91,2128.81,0
7406,90.91,2161.97,0
7417,90.91,2179.75,0
7430,76.92,2165.81,0
7441,90.91,2126.41,0
7452,90.91,2119.38,0
7463,90.91,2143.09,0
7475,83.33,2166.35,0
7486,90.91,2176.83,0
7498,83.33,2148.18,0
7510,83.33,2117.07,0
7521,90.91,2123.37,0
7532,90.91,2153.85,0
7543,90.91,2177.51,0
7555,83.33,2173.89,0
7567,83.33,2131.34,0
7578,90.91,2114.60,0
7589,90.91,2132.67,0
7601,83.33,2161.38,0
7612,90.91,2183.67,0
7623,90.91,2159.04,0
7635,83.33,2118.30,0
7647,83.33,2115.97,0
7658,90.91,2143.73,0
7669,90.91,2176.45,0
7681,83.33,2181.34,0
7692,90.91,2142.41,0
7704,83.33,2110.51,0
7715,90.91,2126.77,0
7727,83.33,2160.71,0
7738,90.91,2186.85,0
7749,90.91,2166.93,0
7760,90.91,2122.88,0
7773,76.92,2110.96,0
7784,90.91,2139.98,0
7795,90.91,2170.61,0
7806,90.91,2182.42,0
7818,83.33,2143.99,0
7829,90.91,2114.07,0
7841,83.33,2121.35,0
7853,83.33,2153.97,0
7864,90.91,2182.15,0
7875,90.91,2173.43,0
7886,90.91,2130.95,0
7898,83.33,2113.31,0
7910,83.33,2132.67,0
7921,90.91,2162.76,0
7932,90.91,2180.78,0
7944,83.33,2157.47,0
7955,90.91,2119.74,0
7966,90.91,2120.59,0
7979,76.92,2147.38,0
7990,90.91,2177.22,0
8001,90.91,2181.98,0
8012,90.91,2142.30,0
8024,83.33,2113.70,0
8035,90.91,2126.93,0
8047,83.33,2157.73,0
8058,90.91,2183.50,0
8070,83.33,2167.55,0
8081,90.91,2124.35,0
8092,90.91,2114.31,0
8103,90.91,2139.91,0
8116,76.92,2175.35,0
8127,90.91,2186.55,0
8138,90.91,2148.11,0
8150,83.33,2111.99,0
8161,90.91,2122.02,0
8172,90.91,2154.07,0
8184,83.33,2183.43,0
8196,83.33,2172.93,0
8207,90.91,2131.22,0
8218,90.91,2114.68,0
8229,90.91,2134.73,0
8241,83.33,2164.69,0
8253,83.33,2180.70,0
8264,90.91,2154.31,0
8275,90.91,2119.10,0
8287,83.33,2119.35,0
8298,90.91,2148.42,0
8309,90.91,2179.31,0
8322,76.92,2181.54,0
8333,90.91,2141.18,0
8344,90.91,2116.29,0
8355,90.91,2132.24,0
8367,83.33,2159.09,0
8378,90.91,2182.46,0
8390,83.33,2162.65,0
8401,90.91,2123.25,0
8413,83.33,2116.09,0
8424,90.91,2140.05,0
8435,90.91,2165.48,0
8446,90.91,2179.63,0
8459,76.92,2147.06,0
8470,90.91,2114.20,0
8481,90.91,2120.60,0
8493,83.33,2151.84,0
8504,90.91,2179.89,0
8515,90.91,2173.56,0
8527,83.33,2127.93,0
8539,83.33,2111.79,0
8550,90.91,2136.72,0
8561,90.91,2167.82,0
8572,90.91,2185.32,0
8584,83.33,2155.71,0
8596,83.33,2118.40,0
8607,90.91,2120.39,0
8619,83.33,2147.37,0
8630,90.91,2179.18,0
8641,90.91,2178.86,0
8652,90.91,2138.43,0
8665,76.92,2114.38,0
8676,90.91,2133.75,0
8687,90.91,2159.86,0
8698,90.91,2184.10,0
8710,83.33,2164.17,0
8721,90.91,2125.36,0
8733,83.33,2117.01,0
8744,90.91,2143.33,0
8756,83.33,2169.54,0
8767,90.91,2182.35,0
8778,90.91,2145.31,0
8790,83.33,2112.56,0
8802,83.33,2122.88,0
8813,90.91,2155.60,0
8824,90.91,2180.52,0
8836,83.33,2173.17,0
8847,90.91,2132.35,0
8858,90.91,2115.01,0
8870,83.33,2138.87,0
8882,83.33,2166.30,0
8893,90.91,2189.26,0
8904,90.91,2152.12,0
8915,90.91,2117.85,0
8927,83.33,2117.66,0
8939,83.33,2150.62,0
8950,90.91,2179.27,0
8962,83.33,2179.17,0
8973,90.91,2135.28,0
8984,90.91,2111.99,0
8995,90.91,2135.33,0
9008,76.92,2169.50,0
9019,90.91,2187.04,0
9030,90.91,2162.36,0
9041,90.91,2119.67,0
9053,83.33,2117.17,0
9064,90.91,2145.96,0
9076,83.33,2174.20,0
9088,83.33,2181.84,0
9099,90.91,2141.84,0
9110,90.91,2114.14,0
9121,90.91,2125.07,0
9133,83.33,2152.99,0
9145,83.33,2181.07,0
9156,90.91,2170.70,0
9167,90.91,2131.23,0
9179,83.33,2115.68,0
9190,90.91,2137.99,0
9201,90.91,2165.10,0
9213,83.33,2183.82,0
9225,83.33,2153.11,0
9236,90.91,2115.24,0
9247,90.91,2121.18,0
9259,83.33,2153.33,0
9270,90.91,2180.44,0
9282,83.33,2179.67,0
9293,90.91,2132.08,0
9305,83.33,2110.38,0
9316,90.91,2128.57,0
9327,90.91,2163.03,0
9338,90.91,2186.85,0
9351,76.92,2164.01,0
9362,90.91,2119.09,0
9373,90.91,2118.57,0
9384,90.91,2145.00,0
9396,83.33,2176.70,0
9407,90.91,2179.11,0
9419,83.33,2139.67,0
9431,83.33,2109.43,0
9442,90.91,2129.26,0
9453,90.91,2159.37,0
9464,90.91,2185.25,0
9476,83.33,2166.10,0
9488,83.33,2123.65,0
9499,90.91,2119.67,0
9510,90.91,2141.55,0
9522,83.33,2166.62,0
9533,90.91,2175.99,0
9544,90.91,2145.45,0
9556,83.33,2114.22,0
9568,83.33,2123.27,0
9579,90.91,2151.97,0
9590,90.91,2182.45,0
9602,83.33,2178.51,0
9613,90.91,2135.97,0
9625,83.33,2114.44,0
9636,90.91,2132.60,0
9648,83.33,2163.58,0
9659,90.91,2184.54,0
9670,90.91,2160.39,0
9681,90.91,2119.13,0
9694,76.92,2117.00,0
9705,90.91,2143.67,0
9716,90.91,2174.93,0
9728,83.33,2180.07,0
9739,90.91,2139.84,0
9750,90.91,2111.24,0
9762,83.33,2128.56,0
9774,83.33,2162.52,0
9785,90.91,2188.64,0
9796,90.91,2163.07,0
9807,90.91,2121.98,0
9819,83.33,2110.71,0
9831,83.33,2141.15,0
9842,90.91,2170.81,0
9853,90.91,2182.68,0
9865,83.33,2143.73,0
9876,90.91,2111.26,0
9887,90.91,2121.97,0
9900,76.92,2154.16,0
9911,90.91,2181.58,0
9922,90.91,2175.40,0
9933,90.91,2131.56,0
9945,83.33,2113.93,0
9956,90.91,2136.94,0
9968,83.33,2165.14,0
9979,90.91,2182.52,0
9991,83.33,2158.33,0
10002,90.91,2117.31,0
10013,90.91,2118.46,0
10024,90.91,2144.31,0
10037,76.92,2177.36,0
10048,90.91,2177.78,0
10059,90.91,2134.62,0
10071,83.33,2109.85,0
10082,90.91,2128.47,0
10093,90.91,2161.97,0
10105,83.33,2184.92,0
10117,83.33,2166.71,0
10128,90.91,2127.05,0
10139,90.91,2118.86,0
10150,90.91,2141.77,0
10162,83.33,2169.55,0
10174,83.33,2179.15,0
10185,90.91,2146.78,0
10196,90.91,2111.74,0
10208,83.33,2126.56,0
10219,90.91,2152.69,0
10230,90.91,2184.03,0
10243,83.33,2171.79,0
10254,83.33,2132.20,0
10265,90.91,2114.73,0
10276,90.91,2137.38,0
10288,83.33,2165.32,0
10299,90.91,2187.00,0
10311,90.91,2156.12,0
10322,90.91,2117.86,0
10334,83.33,2119.74,0
10345,90.91,2150.75,0
10356,90.91,2178.52,0
10368,83.33,2179.63,0
10380,90.91,2134.62,0
10391,83.33,2111.09,0
10402,90.91,2128.29,0
10414,83.33,2160.00,0
10425,90.91,2183.62,0
10436,90.91,2161.86,0
10448,90.91,2118.22,0
10460,76.92,2114.19,0
10471,90.91,2144.58,0
10482,90.91,2173.88,0
10493,90.91,2184.12,0
10505,83.33,2145.59,0
10517,90.91,2115.25,0
10528,83.33,2127.92,0
10540,83.33,2158.28,0
10551,90.91,2181.62,0
10562,90.91,2167.47,0
10573,90.91,2124.93,0
10586,83.33,2113.94,0
10597,83.33,2139.07,0
10608,90.91,2168.30,0
10619,90.91,2181.10,0
10631,83.33,2151.45,0
10642,90.91,2112.59,0
10654,90.91,2120.17,0
10665,83.33,2148.87,0
10677,83.33,2179.12,0
10688,90.91,2172.41,0
10699,90.91,2135.04,0
10711,83.33,2114.26,0
10723,90.91,2135.69,0
10734,83.33,2163.02,0
10745,90.91,2182.83,0
10757,83.33,2159.24,0
10768,90.91,2122.50,0
10779,90.91,2115.43,0
10791,90.91,2147.37,0
10803,76.92,2176.71,0
10814,90.91,2180.21,0
10825,90.91,2141.10,0
10836,90.91,2109.71,0
10848,83.33,2125.29,0
10860,90.91,2156.55,0
10871,83.33,2181.03,0
10883,83.33,2166.20,0
10894,90.91,2126.05,0
10905,90.91,2114.17,0
10916,90.91,2141.48,0
10929,83.33,2167.90,0
10940,83.33,2181.16,0
10951,90.91,2149.50,0
10962,90.91,2115.52,0
10974,83.33,2121.46,0
10985,90.91,2152.37,0
10997,90.91,2178.81,0
11009,76.92,2172.38,0
11020,90.91,2129.52,0
11031,90.91,2110.75,0
11042,90.91,2133.84,0
11054,83.33,2161.79,0
11066,90.91,2182.99,0
11077,83.33,2158.73,0
11088,90.91,2120.59,0
11100,83.33,2118.57,0
11111,90.91,2146.63,0
11122,90.91,2173.56,0
11134,90.91,2180.99,0
11146,76.92,2141.36,0
11157,90.91,2112.29,0
11168,90.91,2126.37,0
11180,83.33,2153.36,0
11191,90.91,2179.33,0
11202,90.91,2167.59,0
11214,83.33,2125.69,0
11226,83.33,2110.98,0
11237,90.91,2136.91,0
11248,90.91,2166.65,0
11259,90.91,2184.72,0
11271,83.33,2149.84,0
11283,83.33,2117.11,0
11294,90.91,2120.77,0
11305,90.91,2151.17,0
11317,83.33,2173.93,0
11328,90.91,2174.08,0
11339,90.91,2130.20,0
11352,76.92,2112.68,0
11363,90.91,2130.84,0
11374,90.91,2165.73,0
11385,90.91,2183.02,0
11397,83.33,2158.18,0
11408,90.91,2114.44,0
11420,83.33,2117.48,0
11431,90.91,2146.41,0
11443,83.33,2178.04,0
11454,90.91,2178.95,0
11465,90.91,2138.54,0
11476,90.91,2111.12,0
11489,76.92,2126.30,0
11500,90.91,2161.70,0
11511,90.91,2182.35,0
11523,83.33,2160.74,0
11534,90.91,2120.89,0
11545,90.91,2116.81,0
11557,83.33,2144.22,0
11569,83.33,2174.91,0
11580,90.91,2182.84,0
11591,90.91,2147.83,0
11602,90.91,2115.31,0
11614,83.33,2125.18,0
11626,83.33,2153.99,0
11637,90.91,2181.03,0
11649,83.33,2170.49,0
11660,90.91,2130.08,0
11671,90.91,2114.06,0
11682,90.91,2140.47,0
11695,76.92,2161.90,0
11706,90.91,2176.45,0
11717,90.91,2150.19,0
11728,90.91,2116.19,0
11740,83.33,2118.28,0
11751,90.91,2147.94,0
11763,83.33,2174.39,0
11774,90.91,2175.39,0
11786,83.33,2140.24,0
11797,90.91,2116.95,0
11808,90.91,2131.47,0
11820,83.33,2159.27,0
11832,83.33,2182.12,0
11843,90.91,2160.26,0
11854,90.91,2124.01,0
11866,83.33,2113.56,0
11877,90.91,2141.71,0
11888,90.91,2167.17,0
11900,83.33,2185.40,0
11912,83.33,2151.02,0
11923,90.91,2116.35,0
11934,90.91,2120.92,0
11945,90.91,2157.40,0
11957,83.33,2181.78,0
11969,83.33,2174.40,0
11980,90.91,2129.95,0
11992,83.33,2110.54,0
12003,90.91,2134.94,0
12014,90.91,2164.83,0
12025,90.91,2181.28,0
12038,76.92,2150.44,0
12049,90.91,2118.35,0
12060,90.91,2120.64,0
12071,90.91,2152.81,0
12083,83.33,2175.09,0
12094,90.91,2177.72,0
12106,83.33,2137.66,0
12118,83.33,2118.79,0
12129,90.91,2129.17,0
12140,90.91,2159.48,0
12151,90.91,2179.16,0
12163,83.33,2162.27,0
12175,83.33,2117.89,0
12186,90.91,2112.97,0
12197,90.91,2140.39,0
12209,83.33,2170.52,0
12220,90.91,2180.92,0
12231,90.91,2148.93,0
12243,83.33,2115.99,0
12255,83.33,2122.70,0
12266,90.91,2154.83,0
12277,90.91,2185.87,0
12289,83.33,2175.92,0
12300,90.91,2129.40,0
12312,83.33,2112.07,0
12323,90.91,2136.45,0
12335,83.33,2170.61,0
12346,90.91,2184.06,0
12357,90.91,2151.76,0
12368,90.91,2112.65,0
12381,76.92,2120.84,0
12392,90.91,2152.22,0
12403,90.91,2174.77,0
12414,90.91,2175.91,0
12426,83.33,2136.47,0
12437,90.91,2115.62,0
12449,83.33,2134.08,0
12461,83.33,2162.61,0
12472,90.91,2181.18,0
12483,90.91,2162.17,0
12494,90.91,2124.37,0
12506,83.33,2115.60,0
12518,83.33,2142.82,0
12529,90.91,2172.08,0
12540,90.91,2181.25,0
12552,83.33,2145.26,0
12563,90.91,2110.84,0
12574,90.91,2122.63,0
12587,76.92,2153.72,0
12598,90.91,2179.34,0
12609,90.91,2169.56,0
12620,90.91,2130.67,0
12632,83.33,2112.88,0
12643,90.91,2132.88,0
12655,83.33,2165.77,0
12666,90.91,2186.09,0
12678,83.33,2155.61,0
12689,90.91,2117.01,0
12700,90.91,2116.29,0
12711,90.91,2150.32,0
12724,76.92,2179.85,0
12735,90.91,2177.90,0
12746,90.91,2133.81,0
12758,83.33,2111.14,0
12769,90.91,2131.21,0
12780,90.91,2162.09,0
12792,83.33,2182.40,0
12804,83.33,2160.47,0
12815,90.91,2120.75,0
12826,90.91,2117.89,0
12837,90.91,2145.33,0
12849,83.33,2176.20,0
12861,83.33,2179.42,0
12872,90.91,2142.23,0
12883,90.91,2109.86,0
12895,83.33,2126.86,0
12906,90.91,2157.15,0
12917,90.91,2183.51,0
12930,76.92,2168.84,0
12941,90.91,2126.70,0
12952,90.91,2115.03,0
12963,90.91,2137.55,0
12975,83.33,2167.07,0
12986,90.91,2182.69,0
12998,83.33,2151.41,0
13009,90.91,2116.16,0
13021,83.33,2120.86,0
13032,90.91,2148.92,0
13043,90.91,2178.13,0
13054,90.91,2174.13,0
13067,76.92,2135.43,0
13078,90.91,2110.61,0
13089,90.91,2134.32,0
13101,83.33,2159.98,0
13112,90.91,2183.45,0
13123,90.91,2160.51,0
13135,83.33,2119.80,0
13147,83.33,2117.36,0
13158,90.91,2147.42,0
13169,90.91,2173.80,0
13180,90.91,2178.53,0
13192,83.33,2139.60,0
13204,83.33,2115.95,0
13215,90.91,2129.24,0
13227,83.33,2158.35,0
13238,90.91,2181.26,0
13249,90.91,2167.19,0
13260,90.91,2125.05,0
13273,76.92,2119.05,0
13284,90.91,2138.52,0
13295,90.91,2167.36,0
13306,90.91,2179.39,0
13318,83.33,2151.92,0
13329,90.91,2115.68,0
13341,83.33,2120.42,0
13352,90.91,2148.27,0
13364,83.33,2177.11,0
13375,90.91,2176.06,0
13386,90.91,2136.59,0
13398,83.33,2118.61,0
13410,83.33,2136.50,0
13421,90.91,2160.32,0
13432,90.91,2183.45,0
13444,83.33,2159.73,0
13455,90.91,2121.13,0
13466,90.91,2118.19,0
13478,90.91,2139.68,0
13490,76.92,2171.81,0
13501,90.91,2180.72,0
13512,90.91,2143.35,0
13523,90.91,2110.47,0
13535,83.33,2127.22,0
13547,90.91,2155.26,0
13558,83.33,2184.30,0
13570,83.33,2173.12,0
13581,90.91,2128.72,0
13592,90.91,2113.05,0
13603,90.91,2137.94,0
13616,83.33,2171.61,0
13627,83.33,2183.04,0
13638,90.91,2148.56,0
13649,90.91,2111.30,0
13661,83.33,2123.22,0
13672,90.91,2154.90,0
13684,90.91,2179.98,0
13696,76.92,2168.43,0
13707,90.91,2132.33,0
13718,90.91,2118.69,0
13729,90.91,2138.91,0
13741,83.33,2162.66,0
13753,90.91,2180.56,0
13764,83.33,2155.14,0
13775,90.91,2122.97,0
13787,83.33,2120.57,0
13798,90.91,2148.24,0
13809,90.91,2169.82,0
13821,90.91,2175.83,0
13833,76.92,2138.71,0
13844,90.91,2115.99,0
13855,90.91,2125.89,0
13867,83.33,2153.03,0
13878,90.91,2176.58,0
13889,90.91,2168.37,0
13901,83.33,2129.67,0
13913,83.33,2117.61,0
13924,90.91,2137.35,0
13935,90.91,2168.91,0
13946,90.91,2184.41,0
13958,83.33,2151.48,0
13970,83.33,2112.27,0
13981,90.91,2120.40,0
13992,90.91,2149.75,0
14004,83.33,2182.56,0
14015,90.91,2176.78,0
14026,90.91,2129.37,0
14039,76.92,2109.56,0
14050,90.91,2130.72,0
14061,90.91,2165.56,0
14072,90.91,2183.57,0
14084,83.33,2158.31,0
14095,90.91,2118.00,0
14107,83.33,2120.25,0
14118,90.91,2149.85,0
14130,83.33,2179.68,0
14141,90.91,2179.52,0
14152,90.91,2139.85,0
14163,90.91,2112.66,0
14176,76.92,2131.73,0
14187,90.91,2153.99,0
14198,90.91,2180.78,0
14210,83.33,2163.85,0
14221,90.91,2126.92,0
14232,90.91,2115.63,0
14244,83.33,2139.61,0
14256,83.33,2165.72,0
14267,90.91,2182.33,0
14278,90.91,2147.84,0
14289,90.91,2115.78,0
14301,83.33,2123.92,0
14313,83.33,2152.39,0
14324,90.91,2178.73,0
14336,83.33,2175.82,0
14347,90.91,2132.07,0
14358,90.91,2111.07,0
14369,90.91,2130.23,0
14382,76.92,2163.81,0
14393,90.91,2183.98,0
14404,90.91,2157.06,0
14415,90.91,2118.95,0
14427,83.33,2115.29,0
14438,90.91,2144.51,0
14450,83.33,2173.10,0
14461,90.91,2180.21,0
14473,83.33,2141.16,0
14484,90.91,2113.61,0
14495,90.91,2126.52,0
14507,83.33,2160.51,0
14519,83.33,2183.82,0
14530,90.91,2167.80,0
14541,90.91,2122.99,0
14553,83.33,2114.87,0
14564,90.91,2140.40,0
14575,90.91,2171.71,0
14587,83.33,2183.70,0
14599,83.33,2147.34,0
14610,90.91,2112.84,0
14621,90.91,2123.77,0
14632,90.91,2153.35,0
14644,83.33,2177.39,0
14656,83.33,2171.01,0
14667,90.91,2131.09,0
14679,83.33,2112.96,0
14690,90.91,2130.20,0
14701,90.91,2162.18,0
14712,90.91,2182.88,0
14725,76.92,2158.78,0
14736,90.91,2121.74,0
14747,90.91,2121.47,0
14758,90.91,2149.31,0
14770,83.33,2176.37,0
14781,90.91,2180.43,0
14793,83.33,2141.52,0
14804,90.91,2113.79,0
14816,83.33,2126.31,0
14827,90.91,2155.49,0
14838,90.91,2182.48,0
14850,83.33,2166.11,0
14862,83.33,2126.21,0
14873,90.91,2111.83,0
14884,90.91,2138.46,0
14896,83.33,2168.52,0
14907,90.91,2185.11,0
14918,90.91,2148.35,0
14930,83.33,2115.14,0
14942,83.33,2122.81,0
14953,90.91,2158.47,0
14964,90.91,2180.71,0
14976,83.33,2173.51,0
14987,90.91,2127.88,0
14999,83.33,2114.85,0
15010,90.91,2134.07,0
15022,83.33,2166.82,0
15033,90.91,2185.41,0
15044,90.91,2158.22,0
15055,90.91,2117.64,0
15068,76.92,2117.06,0
15079,90.91,2144.66,0
15090,90.91,2175.30,0
15101,90.91,2176.45,0
15113,83.33,2134.92,0
15124,90.91,2113.40,0
15136,83.33,2128.11,0
15148,83.33,2159.66,0
15159,90.91,2180.04,0
15170,90.91,2164.33,0
15181,90.91,2120.89,0
15193,83.33,2116.88,0
15205,83.33,2140.59,0
15216,90.91,2175.56,0
15227,90.91,2184.04,0
15239,83.33,2146.93,0
15250,90.91,2113.68,0
15261,90.91,2124.86,0
15273,83.33,2154.37,0
15285,83.33,2180.95,0
15296,90.91,2172.60,0
15307,90.91,2126.31,0
15319,83.33,2113.65,0
15330,90.91,2136.34,0
15342,83.33,2167.45,0
15353,90.91,2182.64,0
15365,83.33,2155.09,0
15376,90.91,2115.96,0
15387,90.91,2120.90,0
15398,90.91,2147.51,0
15411,76.92,2174.37,0
15422,90.91,2177.23,0
15433,90.91,2137.40,0
15444,90.91,2114.13,0
15456,83.33,2132.80,0
15467,90.91,2160.93,0
15479,83.33,2181.14,0
15491,83.33,2163.75,0
15502,90.91,2121.59,0
15513,90.91,2116.86,0
15524,90.91,2142.09,0
15536,83.33,2170.00,0
15548,83.33,2184.98,0
15559,90.91,2151.61,0
15570,90.91,2112.44,0
15582,83.33,2120.04,0
15593,90.91,2150.31,0
15604,90.91,2180.82,0
15617,76.92,2173.11,0
15628,90.91,2124.41,0
15639,90.91,2108.75,0
15650,90.91,2133.98,0
15662,83.33,2171.40,0
15673,90.91,2183.31,0
15685,83.33,2148.13,0
15696,90.91,2109.50,0
15708,83.33,2119.84,0
15719,90.91,2154.88,0
15730,90.91,2180.56,0
15741,90.91,2176.53,0
15754,76.92,2130.54,0
15765,90.91,2110.97,0
15776,90.91,2132.61,0
15788,83.33,2164.69,0
15799,90.91,2180.86,0
15810,90.91,2159.96,0
15822,83.33,2121.37,0
15834,83.33,2121.80,0
15845,90.91,2147.95,0
15856,90.91,2173.00,0
15867,90.91,2176.99,0
15879,83.33,2142.68,0
15891,83.33,2115.21,0
15902,90.91,2128.50,0
15913,90.91,2150.53,0
15925,83.33,2176.15,0
15936,90.91,2168.35,0
15947,90.91,2129.85,0
15960,76.92,2115.57,0
15971,90.91,2136.67,0
15982,90.91,2166.44,0
15993,90.91,2184.74,0
16005,83.33,2154.11,0
16016,90.91,2117.97,0
16028,83.33,2116.03,0
16039,90.91,2150.37,0
16051,83.33,2177.81,0
16062,90.91,2176.03,0
16073,90.91,2134.95,0
16084,90.91,2109.92,0
16097,76.92,2133.00,0
16108,90.91,2162.07,0
16119,90.91,2180.21,0
16131,83.33,2156.98,0
16142,90.91,2120.71,0
16153,90.91,2119.45,0
16165,83.33,2146.14,0
16177,83.33,2176.41,0
16188,90.91,2179.53,0
16199,90.91,2140.57,0
16210,90.91,2110.40,0
16222,83.33,2129.61,0
16234,83.33,2162.75,0
16245,90.91,2182.74,0
16257,83.33,2163.26,0
16268,90.91,2123.71,0
16279,90.91,2116.05,0
16290,90.91,2144.59,0
16303,76.92,2169.45,0
16314,90.91,2181.22,0
16325,90.91,2145.56,0
16336,90.91,2119.09,0
16348,83.33,2127.54,0
16359,90.91,2154.18,0
16371,90.91,2173.07,0
16382,90.91,2172.98,0
16394,83.33,2134.78,0
16405,90.91,2120.63,0
16416,90.91,2135.74,0
16428,83.33,2162.76,0
16440,90.91,2182.06,0
16451,83.33,2157.27,0
16462,90.91,2121.22,0
16474,83.33,2114.65,0
16485,90.91,2141.42,0
16496,90.91,2174.00,0
16508,90.91,2179.78,0
16520,76.92,2137.67,0
16531,90.91,2110.70,0
16542,90.91,2125.85,0
16553,90.91,2161.70,0
16565,83.33,2187.79,0
16577,90.91,2171.37,0
16588,83.33,2121.02,0
16600,83.33,2112.24,0
16611,90.91,2141.17,0
16622,90.91,2175.62,0
16633,90.91,2183.27,0
16646,83.33,2142.63,0
16657,83.33,2112.48,0
16668,90.91,2124.45,0
16679,90.91,2157.85,0
16691,83.33,2180.84,0
16702,90.91,2171.69,0
16713,90.91,2129.82,0
16726,76.92,2115.40,0
16737,90.91,2132.68,0
16748,90.91,2164.15,0
16759,90.91,2179.92,0
16771,83.33,2155.32,0
16782,90.91,2118.47,0
16794,83.33,2120.57,0
16805,90.91,2146.76,0
16817,83.33,2175.26,0
16828,90.91,2179.77,0
16839,90.91,2136.80,0
16850,90.91,2115.92,0
16863,76.92,2130.11,0
16874,90.91,2160.21,0
16885,90.91,2181.20,0
16897,83.33,2167.13,0
16908,90.91,2122.29,0
16919,90.91,2117.10,0
16931,83.33,2142.68,0
16943,83.33,2173.79,0
16954,90.91,2181.97,0
16965,90.91,2146.90,0
16976,90.91,2114.86,0
16988,83.33,2122.06,0
17000,83.33,2154.91,0
17011,90.91,2180.66,0
17022,90.91,2173.70,0
17034,83.33,2125.92,0
17045,90.91,2110.15,0
17056,90.91,2132.73,0
17069,76.92,2168.10,0
17080,90.91,2183.73,0
17091,90.91,2155.64,0
17102,90.91,2118.29,0
17114,83.33,2120.63,0
17125,90.91,2146.95,0
17137,83.33,2174.75,0
17148,90.91,2177.21,0
17160,83.33,2135.52,0
17171,90.91,2110.81,0
17182,90.91,2128.45,0
17193,90.91,2164.16,0
17206,76.92,2184.66,0
17217,90.91,2164.93,0
17228,90.91,2119.87,0
17240,83.33,2115.16,0
17251,90.91,2142.27,0
17262,90.91,2174.53,0
17274,83.33,2180.05,0
17286,83.33,2144.60,0
17297,90.91,2113.29,0
17308,90.91,2122.57,0
17319,90.91,2154.73,0
17331,83.33,2179.48,0
17343,83.33,2175.26,0
17354,90.91,2131.10,0
17366,83.33,2117.72,0
17377,90.91,2138.29,0
17388,90.91,2169.40,0
17399,90.91,2186.08,0
17412,76.92,2157.55,0
17423,90.91,2118.17,0
17434,90.91,2118.71,0
17445,90.91,2149.37,0
17457,83.33,2177.20,0
17468,90.91,2175.13,0
17480,83.33,2135.75,0
17491,90.91,2109.50,0
17503,83.33,2130.86,0
17514,90.91,2158.33,0
17525,90.91,2183.04,0
17537,83.33,2164.78,0
17549,83.33,2122.75,0
17560,90.91,2114.52,0
17571,90.91,2145.73,0
17583,83.33,2176.47,0
17594,90.91,2180.33,0
17605,90.91,2143.07,0
17617,83.33,2113.42,0
17629,83.33,2127.18,0
17640,90.91,2158.36,0
17651,90.91,2180.40,0
17662,90.91,2169.03,0
17674,83.33,2128.42,0
17686,83.33,2114.52,0
17697,90.91,2139.22,0
17709,83.33,2164.97,0
17720,90.91,2181.12,0
17731,90.91,2150.13,0
17742,90.91,2118.58,0
17755,76.92,2122.11,0
17766,90.91,2152.91,0
17777,90.91,2176.59,0
17788,90.91,2175.62,0
17800,83.33,2135.23,0
17811,90.91,2114.57,0
17823,83.33,2130.22,0
17835,83.33,2162.89,0
17846,90.91,2182.67,0
17857,90.91,2161.17,0
17868,90.91,2120.41,0
17880,83.33,2116.53,0
17892,83.33,2145.12,0
17903,90.91,2173.77,0
17914,90.91,2179.78,0
17926,83.33,2143.08,0
17937,90.91,2116.06,0
17948,90.91,2127.19,0
17960,83.33,2155.57,0
17972,83.33,2180.03,0
17983,90.91,2168.33,0
17994,90.91,2127.41,0
18006,83.33,2113.02,0
18017,90.91,2140.52,0
18029,83.33,2168.22,0
18040,90.91,2185.44,0
18052,83.33,2149.90,0
18063,90.91,2115.33,0
18074,90.91,2123.18,0
18085,90.91,2153.50,0
18098,76.92,2180.23,0
18109,90.91,2174.52,0
18120,90.91,2132.05,0
18131,90.91,2109.17,0
18143,83.33,2130.16,0
18154,90.91,2162.26,0
18166,83.33,2181.74,0
18178,83.33,2158.82,0
18189,90.91,2120.59,0
18200,90.91,2116.80,0
18211,90.91,2147.79,0
18223,83.33,2173.68,0
18235,90.91,2178.66,0
18246,83.33,2140.75,0
18257,90.91,2115.63,0
18269,83.33,2125.58,0
18280,90.91,2156.24,0
18291,90.91,2179.31,0
18304,90.91,2169.97,0
18315,76.92,2129.11,0
18326,90.91,2115.59,0
18337,90.91,2135.40,0
18349,83.33,2164.43,0
18360,90.91,2181.35,0
18372,90.91,2152.16,0
18383,83.33,2114.06,0
18395,83.33,2118.91,0
18406,90.91,2150.16,0
18417,90.91,2179.39,0
18428,90.91,2176.44,0
18441,83.33,2134.15,0
18452,83.33,2111.43,0
18463,90.91,2133.62,0
18475,83.33,2163.77,0
18486,90.91,2182.35,0
18497,90.91,2158.56,0
18509,90.91,2113.95,0
18521,76.92,2117.58,0
18532,90.91,2148.40,0
18543,90.91,2174.44,0
18554,90.91,2176.58,0
18566,83.33,2137.95,0
18578,90.91,2112.76,0
18589,83.33,2131.54,0
18600,90.91,2161.72,0
18612,83.33,2180.39,0
18623,90.91,2161.41,0
18634,90.91,2124.36,0
18646,83.33,2116.10,0
18658,83.33,2140.06,0
18669,90.91,2166.51,0
18680,90.91,2176.31,0
18692,83.33,2146.40,0
18703,90.91,2114.71,0
18714,90.91,2125.28,0
18726,83.33,2153.77,0
18738,83.33,2177.53,0
18749,90.91,2170.85,0
18760,90.91,2130.94,0
18771,90.91,2116.66,0
18783,83.33,2136.51,0
18795,83.33,2164.21,0
18806,90.91,2182.86,0
18818,83.33,2159.81,0
18829,90.91,2119.02,0
18840,90.91,2113.75,0
18851,90.91,2142.69,0
18864,76.92,2174.07,0
18875,90.91,2178.93,0
18886,90.91,2138.10,0
18897,90.91,2111.65,0
18909,83.33,2126.74,0
18920,90.91,2164.29,0
18932,83.33,2185.57,0
18944,83.33,2165.95,0
18955,90.91,2120.00,0
18966,90.91,2111.54,0
18977,90.91,2141.10,0
18989,83.33,2172.21,0
19001,83.33,2179.75,0
19012,90.91,2142.35,0
19023,90.91,2110.38,0
19035,83.33,2126.54,0
19046,90.91,2157.18,0
19057,90.91,2179.53,0
19069,83.33,2167.89,0
19081,83.33,2127.23,0
19092,90.91,2116.27,0
19103,90.91,2143.81,0
19115,83.33,2168.75,0
19126,90.91,2180.86,0
19138,83.33,2148.77,0
19149,90.91,2115.57,0
19161,83.33,2121.62,0
19172,90.91,2150.97,0
19183,90.91,2170.90,0
19194,90.91,2173.10,0
19207,76.92,2136.98,0
19218,90.91,2114.35,0
19229,90.91,2124.10,0
19240,90.91,2153.40,0
19252,83.33,2181.56,0
19263,90.91,2166.23,0
19275,83.33,2122.36,0
19287,83.33,2113.27,0
19298,90.91,2140.73,0
19309,90.91,2171.72,0
19320,90.91,2180.72,0
19332,83.33,2147.69,0
19344,83.33,2114.88,0
19355,90.91,2125.03,0
19366,90.91,2154.79,0
19378,83.33,2180.71,0
19389,90.91,2176.22,0
19400,90.91,2129.73,0
19412,83.33,2112.93,0
19424,83.33,2134.85,0
19435,90.91,2168.71,0
19446,90.91,2181.88,0
19458,83.33,2151.44,0
19469,90.91,2112.12,0
19481,83.33,2123.08,0
19492,90.91,2152.16,0
19504,83.33,2178.50,0
19515,90.91,2173.61,0
19526,90.91,2133.94,0
19537,90.91,2111.31,0
19550,76.92,2132.01,0
19561,90.91,2161.90,0
19572,90.91,2180.27,0
19584,83.33,2160.80,0
19595,90.91,2118.39,0
19606,90.91,2117.96,0
19618,83.33,2145.36,0
19630,83.33,2173.60,0
19641,90.91,2176.19,0
19652,90.91,2143.01,0
19663,90.91,2115.73,0
19675,83.33,2131.40,0
19687,83.33,2155.49,0
19698,90.91,2180.10,0
19709,90.91,2169.73,0
19721,83.33,2128.29,0
19732,90.91,2116.22,0
19743,90.91,2139.17,0
19756,83.33,2165.78,0
19767,90.91,2182.77,0
19778,90.91,2154.08,0
19789,90.91,2116.51,0
19801,83.33,2119.04,0
19812,90.91,2148.19,0
19824,90.91,2177.76,0
19835,83.33,2177.16,0
19847,83.33,2132.26,0
19858,90.91,2112.24,0
19869,90.91,2129.52,0
19880,90.91,2165.99,0
19893,83.33,2184.33,0
19904,83.33,2158.81,0
19915,90.91,2115.21,0
19927,83.33,2117.63,0
19938,90.91,2147.18,0
19949,90.91,2176.29,0
19961,90.91,2177.25,0
19973,76.92,2137.40,0
19984,90.91,2110.72,0
19995,90.91,2130.70,0
20006,90.91,2158.44,0
20018,83.33,2185.30,0
20030,90.91,2164.96,0
20041,83.33,2124.80,0
20052,90.91,2117.98,0
20064,83.33,2145.09,0
20075,90.91,2168.61,0
20086,90.91,2176.67,0
20099,83.33,2144.22,0
20110,83.33,2116.03,0
20121,90.91,2125.49,0
20132,90.91,2153.96,0
20144,83.33,2175.79,0
20155,90.91,2169.33,0
20167,90.91,2130.02,0
20178,83.33,2117.62,0
20190,83.33,2134.68,0
20201,90.91,2167.43,0
20212,90.91,2183.94,0
20224,83.33,2158.38,0
20236,90.91,2118.28,0
20247,83.33,2117.76,0
20258,90.91,2143.97,0
20270,83.33,2177.00,0
20281,90.91,2178.38,0
20292,90.91,2134.99,0
20303,90.91,2107.45,0
20316,76.92,2129.86,0
20327,90.91,2162.71,0
20338,90.91,2184.97,0
20349,90.91,2161.61,0
20361,83.33,2120.62,0
20372,90.91,2115.73,0
20384,83.33,2146.94,0
20396,83.33,2174.44,0
20407,90.91,2178.05,0
20418,90.91,2141.75,0
20429,90.91,2112.00,0
20441,83.33,2127.40,0
20453,83.33,2155.98,0
20464,90.91,2181.12,0
20475,90.91,2166.89,0
20487,83.33,2129.82,0
20498,90.91,2115.32,0
20509,90.91,2138.98,0
20521,83.33,2165.14,0
20533,83.33,2179.04,0
20544,90.91,2155.19,0
20555,90.91,2117.94,0
20567,83.33,2121.50,0
20578,90.91,2149.98,0
20590,83.33,2177.06,0
20601,90.91,2175.03,0
20613,83.33,2131.60,0
20624,90.91,2109.68,0
20635,90.91,2131.29,0
20646,90.91,2164.05,0
20659,76.92,2184.98,0
20670,90.91,2163.20,0
20681,90.91,2119.14,0
20692,90.91,2117.42,0
20704,83.33,2145.22,0
20715,90.91,2174.78,0
20727,83.33,2177.68,0
20739,83.33,2137.66,0
20750,90.91,2110.02,0
20761,90.91,2129.40,0
20772,90.91,2160.53,0
20784,83.33,2183.25,0
20796,83.33,2167.32,0
20807,90.91,2122.24,0
20818,90.91,2114.80,0
20830,83.33,2142.43,0
20841,90.91,2169.27,0
20852,90.91,2178.70,0
20865,76.92,2149.49,0
20876,90.91,2116.50,0
20887,90.91,2126.19,0
20898,90.91,2153.75,0
20910,83.33,2178.63,0
20921,90.91,2170.60,0
20933,83.33,2130.35,0
20944,90.91,2112.66,0
20956,83.33,2135.38,0
20967,90.91,2162.77,0
20978,90.91,2185.01,0
20989,90.91,2154.63,0
21002,76.92,2117.93,0
21013,90.91,2115.56,0
21024,90.91,2146.66,0
21036,83.33,2170.94,0
21047,90.91,2176.05,0
21058,90.91,2137.68,0
21070,83.33,2112.31,0
21082,83.33,2129.74,0
21093,90.91,2160.57,0
21104,90.91,2181.63,0
21115,90.91,2166.68,0
21127,83.33,2124.86,0
21139,83.33,2115.73,0
21150,90.91,2140.77,0
21161,90.91,2170.69,0
21173,83.33,2183.19,0
21184,90.91,2147.37,0
21195,90.91,2118.87,0
21208,76.92,2124.08,0
21219,90.91,2154.66,0
21230,90.91,2179.55,0
21241,90.91,2169.63,0
21253,83.33,2126.66,0
21264,90.91,2113.41,0
21276,83.33,2138.50,0
21287,90.91,2167.44,0
21299,83.33,2183.44,0
21310,90.91,2154.83,0
21321,90.91,2114.60,0
21332,90.91,2121.39,0
21345,76.92,2149.06,0
21356,90.91,2177.00,0
21367,90.91,2176.19,0
21379,83.33,2134.19,0
21390,90.91,2111.60,0
21401,90.91,2132.18,0
21413,83.33,2161.88,0
21425,83.33,2180.76,0
21436,90.91,2158.14,0
21447,90.91,2115.92,0
21458,90.91,2114.79,0
21470,83.33,2146.58,0
21482,83.33,2176.03,0
21493,90.91,2180.30,0
21505,83.33,2142.69,0
21516,90.91,2108.66,0
21527,90.91,2124.91,0
21538,90.91,2154.57,0
21551,76.92,2177.64,0
21562,90.91,2170.25,0
21573,90.91,2126.41,0
21584,90.91,2112.62,0
21596,83.33,2137.70,0
21607,90.91,2170.01,0
21619,83.33,2185.17,0
21630,90.91,2151.65,0
21642,83.33,2114.62,0
21653,90.91,2120.97,0
21664,90.91,2150.45,0
21676,83.33,2179.55,0
21688,83.33,2174.42,0
21699,90.91,2130.83,0
21710,90.91,2113.10,0
21722,83.33,2138.98,0
21733,90.91,2160.19,0
21744,90.91,2184.01,0
21756,83.33,2158.47,0
21768,83.33,2122.42,0
21779,90.91,2118.41,0
21790,90.91,2146.79,0
21801,90.91,2168.04,0
21813,83.33,2176.05,0
21825,83.33,2139.88,0
21836,90.91,2112.57,0
21848,83.33,2127.74,0
21859,90.91,2156.17,0
21870,90.91,2182.85,0
21881,90.91,2167.37,0
21894,76.92,2125.64,0
21905,90.91,2111.14,0
21916,90.91,2139.77,0
21927,90.91,2172.31,0
21939,83.33,2184.61,0
21950,90.91,2146.64,0
21962,83.33,2111.92,0
21974,83.33,2119.80,0
21985,90.91,2150.35,0
21996,90.91,2182.63,0
22007,90.91,2172.30,0
22019,83.33,2126.68,0
22031,83.33,2112.41,0
22042,90.91,2137.59,0
22053,90.91,2166.44,0
22065,83.33,2184.01,0
22076,90.91,2150.13,0
22087,90.91,2115.72,0
22099,83.33,2119.19,0
22111,83.33,2151.23,0
22122,90.91,2176.41,0
22133,90.91,2175.47,0
22145,83.33,2136.51,0
22156,90.91,2115.49,0
22168,83.33,2133.83,0
22179,90.91,2160.02,0
22191,83.33,2181.31,0
22202,90.91,2159.26,0
22213,90.91,2123.28,0
22224,90.91,2116.39,0
22237,76.92,2142.71,0
22248,90.91,2169.49,0
22259,90.91,2178.91,0
22270,90.91,2144.54,0
22282,83.33,2115.66,0
22293,90.91,2124.80,0
22305,83.33,2150.37,0
22317,83.33,2179.25,0
22328,90.91,2173.41,0
22339,90.91,2128.86,0
22350,90.91,2109.95,0
22362,83.33,2132.44,0
22374,90.91,2167.78,0
22385,83.33,2185.61,0
22396,90.91,2154.06,0
22408,83.33,2112.22,0
22419,90.91,2116.71,0
22430,90.91,2148.64,0
22443,90.91,2182.16,0
22454,76.92,2180.75,0
22465,90.91,2134.34,0
22476,90.91,2104.68,0
22488,83.33,2134.80,0
22499,90.91,2168.63,0
22511,90.91,2183.73,0
22522,83.33,2154.58,0
22534,83.33,2114.86,0
22545,90.91,2121.65,0
22556,90.91,2153.73,0
22567,90.91,2169.76,0
22580,83.33,2172.69,0
22591,83.33,2138.36,0
22602,90.91,2116.69,0
22614,83.33,2132.20,0
22625,90.91,2156.65,0
22636,90.91,2177.90,0
22648,90.91,2167.34,0
22660,76.92,2133.01,0
22671,90.91,2120.33,0
22682,90.91,2140.92,0
22693,90.91,2163.13,0
22705,83.33,2178.11,0
22717,90.91,2155.79,0
22728,83.33,2118.90,0
22739,90.91,2121.75,0
22751,83.33,2146.91,0
22762,90.91,2174.97,0
22773,90.91,2177.41,0
22786,83.33,2134.52,0
22797,83.33,2108.95,0
22808,90.91,2128.17,0
22819,90.91,2160.75,0
22831,83.33,2188.97,0
22842,90.91,2162.22,0
22853,90.91,2117.32,0
22865,83.33,2111.62,0
22877,83.33,2146.80,0
22888,90.91,2183.22,0
22899,90.91,2185.73,0
22910,90.91,2135.51,0
22922,83.33,2106.82,0
22934,83.33,2130.31,0
22945,90.91,2163.57,0
22957,83.33,2182.79,0
22968,90.91,2162.26,0
22979,90.91,2120.67,0
22990,90.91,2115.48,0
23003,76.92,2144.44,0
23014,90.91,2169.28,0
23025,90.91,2173.01,0
23036,90.91,2144.28,0
23048,83.33,2113.97,0
23059,90.91,2130.42,0
23071,83.33,2151.43,0
23083,83.33,2173.22,0
23094,90.91,2167.39,0
23105,90.91,2131.97,0
23116,90.91,2114.37,0
23128,83.33,2132.78,0
23140,83.33,2158.53,0
23151,90.91,2179.26,0
23162,90.91,2156.04,0
23174,83.33,2120.00,0
23185,90.91,2116.20,0
23196,90.91,2142.50,0
23208,83.33,2173.81,0
23220,83.33,2180.44,0
23231,90.91,2141.58,0
23242,90.91,2109.77,0
23254,83.33,2127.60,0
23265,90.91,2160.17,0
23277,83.33,2183.91,0
23288,90.91,2161.17,0
23300,83.33,2119.43,0
23311,90.91,2114.43,0
23322,90.91,2145.06,0
23333,90.91,2173.35,0
23346,76.92,2182.91,0
23357,90.91,2142.59,0
23368,90.91,2113.56,0
23379,90.91,2124.93,0
23391,83.33,2153.51,0
23402,90.91,2178.56,0
23414,83.33,2169.16,0
23426,83.33,2128.84,0
23437,90.91,2117.71,0
23448,90.91,2143.77,0
23459,90.91,2165.27,0
23471,83.33,2179.45,0
23483,83.33,2152.85,0
23494,90.91,2121.36,0
23505,90.91,2124.68,0
23517,83.33,2151.90,0
23528,90.91,2175.08,0
23539,90.91,2178.63,0
23552,76.92,2137.83,0
23563,90.91,2112.54,0
23574,90.91,2133.36,0
23585,90.91,2162.39,0
23597,83.33,2186.76,0
23608,90.91,2161.66,0
23620,83.33,2122.52,0
23631,90.91,2114.99,0
23643,83.33,2146.56,0
23654,90.91,2172.87,0
23665,90.91,2181.00,0
23676,90.91,2139.77,0
23689,76.92,2112.92,0
23700,90.91,2125.90,0
23711,90.91,2159.38,0
23723,83.33,2181.94,0
23734,90.91,2170.14,0
23745,90.91,2123.09,0
23757,83.33,2112.92,0
23769,83.33,2142.76,0
23780,90.91,2171.55,0
23791,90.91,2182.57,0
23802,90.91,2149.01,0
23814,83.33,2114.07,0
23826,83.33,2125.05,0
23837,90.91,2155.18,0
23848,90.91,2180.26,0
23860,83.33,2172.99,0
23871,90.91,2127.83,0
23882,90.91,2114.27,0
23895,76.92,2138.10,0
23906,90.91,2166.90,0
23917,90.91,2182.24,0
23928,90.91,2161.36,0
23940,83.33,2122.80,0
23951,90.91,2123.01,0
23963,83.33,2146.24,0
23974,90.91,2173.95,0
23986,83.33,2176.29,0
23997,90.91,2145.12,0
24008,90.91,2115.94,0
24019,90.91,2133.36,0
24032,76.92,2156.94,0
24043,90.91,2187.32,0
24054,90.91,2167.09,0
24066,83.33,2125.77,0
24077,90.91,2115.00,0
24088,90.91,2143.25,0
24100,83.33,2171.82,0
24112,83.33,2183.41,0
24123,90.91,2148.56,0
24134,90.91,2120.53,0
24145,90.91,2122.30,0
24157,83.33,2151.32,0
24169,83.33,2179.79,0
24180,90.91,2177.31,0
24192,83.33,2129.90,0
24203,90.91,2111.32,0
24214,90.91,2130.35,0
24225,90.91,2168.17,0
24238,76.92,2185.49,0
24249,90.91,2155.71,0
24260,90.91,2115.09,0
24271,90.91,2118.70,0
24283,83.33,2150.11,0
24294,90.91,2181.33,0
24306,83.33,2183.68,0
24317,90.91,2138.32,0
24329,83.33,2113.31,0
24340,90.91,2129.66,0
24351,90.91,2161.80,0
24363,83.33,2184.02,0
24375,83.33,2164.21,0
24386,90.91,2119.36,0
24397,90.91,2116.32,0
24409,83.33,2143.94,0
24420,90.91,2171.73,0
24431,90.91,2182.58,0
24443,83.33,2147.19,0
24455,83.33,2116.35,0
24466,90.91,2123.45,0
24477,90.91,2156.27,0
24488,90.91,2182.09,0
24500,83.33,2173.25,0
24512,83.33,2131.46,0
24523,90.91,2114.22,0
24535,83.33,2138.68,0
24546,90.91,2165.17,0
24557,90.91,2184.70,0
24568,90.91,2154.88,0
24581,76.92,2119.17,0
24592,90.91,2119.49,0
24603,90.91,2150.32,0
24614,90.91,2175.97,0
24626,83.33,2179.19,0
24637,90.91,2135.96,0
24649,83.33,2112.39,0
24660,90.91,2131.37,0
24672,83.33,2162.87,0
24683,90.91,2184.73,0
24694,90.91,2160.92,0
24706,83.33,2119.47,0
24718,83.33,2115.93,0
24729,90.91,2142.36,0
24740,90.91,2172.53,0
24752,83.33,2180.01,0
24763,90.91,2145.55,0
24774,90.91,2116.31,0
24786,83.33,2128.32,0
24798,83.33,2156.41,0
24809,90.91,2182.12,0
24820,90.91,2169.18,0
24832,83.33,2126.12,0
24843,90.91,2110.60,0
24855,83.33,2136.32,0
24866,90.91,2170.24,0
24878,83.33,2184.67,0
24889,90.91,2152.71,0
24900,90.91,2114.54,0
24911,90.91,2122.23,0
24924,76.92,2150.89,0
24935,90.91,2184.10,0
24946,90.91,2177.98,0
24957,90.91,2133.42,0
24969,83.33,2111.28,0
24980,90.91,2134.45,0
24992,83.33,2163.69,0
25004,83.33,2185.38,0
25015,90.91,2159.64,0
25026,90.91,2120.50,0
25037,90.91,2117.57,0
25049,83.33,2146.06,0
25061,83.33,2173.11,0
25072,90.91,2179.37,0
25083,90.91,2141.21,0
25095,83.33,2110.62,0
25106,90.91,2128.40,0
25117,90.91,2162.83,0
25129,83.33,2183.50,0
25141,83.33,2166.78,0
25152,90.91,2122.91,0
25163,90.91,2114.64,0
25175,83.33,2141.44,0
25186,90.91,2170.71,0
25198,83.33,2184.27,0
25209,90.91,2146.40,0
25221,83.33,2114.47,0
25232,90.91,2124.29,0
25243,90.91,2156.39,0
25254,90.91,2176.02,0
25267,76.92,2169.39,0
25278,90.91,2130.43,0
25289,90.91,2119.70,0
25300,90.91,2140.55,0
25312,83.33,2164.80,0
25323,90.91,2182.51,0
25335,83.33,2157.84,0
25347,83.33,2119.73,0
25358,90.91,2117.68,0
25369,90.91,2149.02,0
25380,90.91,2175.48,0
25392,83.33,2179.16,0
25404,83.33,2140.94,0
25415,90.91,2114.57,0
25426,90.91,2129.66,0
25438,83.33,2161.82,0
25449,90.91,2186.36,0
25460,90.91,2166.11,0
25473,76.92,2121.02,0
25484,90.91,2114.29,0
25495,90.91,2144.58,0
25506,90.91,2170.72,0
25518,83.33,2183.20,0
25529,90.91,2139.98,0
25541,83.33,2110.00,0
25552,90.91,2122.74,0
25564,83.33,2162.59,0
25575,90.91,2184.61,0
25586,90.91,2171.64,0
25597,90.91,2124.42,0
25610,76.92,2115.92,0
25621,90.91,2143.85,0
25632,90.91,2170.93,0
25644,83.33,2179.28,0
25655,90.91,2151.47,0
25666,90.91,2118.87,0
25678,83.33,2124.75,0
25690,83.33,2148.41,0
25701,90.91,2172.40,0
25712,90.91,2178.87,0
25723,90.91,2138.17,0
25735,83.33,2116.45,0
25747,83.33,2130.75,0
25758,90.91,2160.26,0
25769,90.91,2183.54,0
25781,83.33,2167.77,0
25792,90.91,2121.90,0
25803,90.91,2115.86,0
25816,76.92,2142.54,0
25827,90.91,2175.53,0
25838,90.91,2186.60,0
25849,90.91,2142.80,0
25861,83.33,2110.10,0
25872,90.91,2120.36,0
25884,83.33,2163.37,0
25895,90.91,2187.73,0
25907,83.33,2172.74,0
25918,90.91,2123.50,0
25929,90.91,2114.65,0
25940,90.91,2142.90,0
25953,76.92,2175.62,0
25964,90.91,2185.14,0
25975,90.91,2152.39,0
25987,83.33,2112.50,0
25998,90.91,2125.44,0
26009,90.91,2153.07,0
26021,83.33,2179.43,0
26033,83.33,2169.12,0
26044,