1,1000.00,-0.00,0
54,18.87,3971.67,0
66,83.33,3971.56,0
77,90.91,3969.55,0
89,83.33,3969.38,0
100,90.91,3972.36,0
111,90.91,3970.33,0
122,90.91,3967.41,0
135,76.92,3968.10,0
146,90.91,3968.65,0
157,90.91,3970.80,0
168,90.91,3974.35,0
180,83.33,3971.09,0
191,90.91,3969.49,0
202,90.91,3970.11,0
215,76.92,3968.94,0
226,90.91,3967.84,0
237,90.91,3967.27,0
248,90.91,3970.25,0
260,83.33,3970.10,0
271,90.91,3969.36,0
283,90.91,3969.59,0
294,83.33,3970.55,0
306,83.33,3971.28,0
317,90.91,3970.01,0
328,90.91,3972.04,0
339,90.91,3975.22,0
351,83.33,3970.13,0
363,83.33,3971.68,0
374,90.91,3970.29,0
386,83.33,3969.92,0
397,90.91,3969.35,0
408,90.91,3968.78,0
419,90.91,3971.66,0
431,83.33,3971.53,0
443,83.33,3971.23,0
454,90.91,3974.43,0
465,90.91,3972.84,0
477,83.33,3968.68,0
488,90.91,3968.44,0
499,90.91,3968.21,0
512,90.91,3970.29,0
523,76.92,3970.63,0
534,90.91,3969.08,0
545,90.91,3970.13,0
557,83.33,3969.46,0
568,90.91,3969.26,0
579,90.91,3971.27,0
591,83.33,3971.20,0
603,83.33,3967.21,0
614,90.91,3967.53,0
625,90.91,3967.86,0
636,90.91,3967.72,0
648,83.33,3966.38,0
659,90.91,3967.65,0
671,83.33,3968.48,0
683,83.33,3969.16,0
694,90.91,3968.40,0
705,90.91,3968.80,0
716,90.91,3970.98,0
728,83.33,3971.15,0
740,83.33,3969.11,0
751,90.91,3967.64,0
762,90.91,3969.11,0
774,83.33,3970.83,0
785,90.91,3970.71,0
796,90.91,3970.36,0
807,90.91,3970.11,0
820,76.92,3970.97,0
831,90.91,3974.25,0
842,90.91,3972.18,0
854,83.33,3972.09,0
865,90.91,3973.27,0
876,90.91,3971.67,0
888,90.91,3969.90,0
900,76.92,3967.66,0
911,90.91,3968.30,0
922,90.91,3967.77,0
933,90.91,3970.11,0
945,83.33,3971.08,0
956,90.91,3968.37,0
968,83.33,3966.97,0
979,90.91,3971.74,0
991,83.33,3974.60,0
1002,90.91,3969.32,0
1013,90.91,3965.90,0
1025,83.33,3969.90,0
1036,90.91,3969.09,0
1048,83.33,3968.98,0
1059,90.91,3971.46,0
1071,83.33,3971.27,0
1082,90.91,3971.84,0
1093,90.91,3970.77,0
1104,90.91,3970.54,0
1117,83.33,3971.33,0
1128,83.33,3972.76,0
1139,90.91,3971.66,0
1150,90.91,3969.24,0
1162,83.33,3967.92,0
1173,90.91,3966.29,0
1184,90.91,3968.71,0
1197,76.92,3970.29,0
1208,90.91,3969.72,0
1219,90.91,3973.52,0
1230,90.91,3975.10,0
1242,83.33,3973.88,0
1253,90.91,3973.94,0
1264,90.91,3971.25,0
1276,83.33,3970.99,0
1288,83.33,3968.02,0
1299,90.91,3966.51,0
1310,90.91,3966.87,0
1321,90.91,3965.25,0
1333,83.33,3967.96,0
1345,90.91,3970.66,0
1356,90.91,3971.99,0
1368,83.33,3968.92,0
1379,90.91,3967.17,0
1390,90.91,3971.31,0
1401,90.91,3971.65,0
1413,83.33,3969.64,0
1425,83.33,3966.69,0
1436,90.91,3969.53,0
1447,90.91,3970.16,0
1459,83.33,3971.62,0
1470,90.91,3972.69,0
1481,90.91,3970.14,0
1492,90.91,3970.58,0
1505,76.92,3975.14,0
1516,90.91,3975.05,0
1527,90.91,3973.60,0
1539,83.33,3969.97,0
1550,90.91,3969.19,0
1561,90.91,3968.63,0
1573,83.33,3969.53,0
1585,83.33,3973.42,0
1596,90.91,3969.53,0
1607,90.91,3967.92,0
1618,90.91,3969.86,0
1630,83.33,3972.42,0
1641,90.91,3969.70,0
1653,83.33,3969.60,0
1665,83.33,3971.41,0
1676,90.91,3970.17,0
1687,90.91,3970.13,0
1698,90.91,3969.62,0
1710,83.33,3967.38,0
1722,90.91,3969.83,0
1733,83.33,3968.81,0
1744,90.91,3968.93,0
1756,83.33,3968.56,0
1767,90.91,3972.31,0
1778,90.91,3971.74,0
1789,90.91,3970.53,0
1802,76.92,3969.73,0
1813,90.91,3970.00,0
1824,90.91,3969.31,0
1836,83.33,3971.01,0
1847,90.91,3970.10,0
1858,90.91,3969.48,0
1869,90.91,3969.71,0
1882,76.92,3971.81,0
1893,90.91,3971.16,0
1904,90.91,3972.86,0
1915,90.91,3970.43,0
1927,83.33,3968.18,0
1938,90.91,3967.95,0
1950,90.91,3966.32,0
1961,83.33,3968.48,0
1973,83.33,3969.72,0
1984,90.91,3968.41,0
1995,90.91,3969.48,0
2007,83.33,3969.92,0
2018,90.91,3970.61,0
2030,83.33,3972.81,0
2041,90.91,3972.07,0
2053,83.33,3967.55,0
2064,90.91,3967.69,0
2075,90.91,3968.92,0
2086,90.91,3968.30,0
2098,83.33,3971.20,0
2110,83.33,3972.26,0
2121,90.91,3970.77,0
2132,90.91,3969.54,0
2144,83.33,3967.22,0
2155,90.91,3969.93,0
2166,90.91,3971.46,0
2179,76.92,3971.99,0
2190,90.91,3969.57,0
2201,90.91,3967.30,0
2212,90.91,3966.30,0
2224,83.33,3967.62,0
2235,90.91,3967.95,0
2246,90.91,3968.98,0
2258,83.33,3970.73,0
2270,83.33,3974.24,0
2281,90.91,3971.45,0
2292,90.91,3970.23,0
2304,83.33,3972.43,0
2315,90.91,3968.47,0
2327,90.91,3968.54,0
2338,83.33,3969.25,0
2350,83.33,3966.06,0
2361,90.91,3965.84,0
2372,90.91,3968.87,0
2383,90.91,3971.56,0
2395,83.33,3972.64,0
2407,83.33,3970.78,0
2418,90.91,3971.67,0
2429,90.91,3973.40,0
2441,83.33,3971.85,0
2452,90.91,3970.41,0
2463,90.91,3969.52,0
2475,83.33,3969.29,0
2487,83.33,3969.67,0
2498,90.91,3968.88,0
2509,90.91,3970.86,0
2521,83.33,3971.09,0
2532,90.91,3971.30,0
2543,90.91,3967.00,0
2555,90.91,3968.41,0
2567,76.92,3970.52,0
2578,90.91,3968.58,0
2589,90.91,3970.52,0
2600,90.91,3972.47,0
2612,83.33,3973.22,0
2623,90.91,3972.25,0
2635,83.33,3969.10,0
2647,83.33,3969.24,0
2658,90.91,3969.05,0
2669,90.91,3970.21,0
2680,90.91,3972.10,0
2692,83.33,3970.22,0
2703,90.91,3970.21,0
2715,83.33,3973.53,0
2726,90.91,3972.90,0
2738,83.33,3971.90,0
2749,90.91,3971.09,0
2760,90.91,3971.45,0
2771,90.91,3969.71,0
2784,83.33,3971.39,0
2795,83.33,3972.13,0
2806,90.91,3969.97,0
2818,83.33,3971.04,0
2829,90.91,3971.29,0
2840,90.91,3969.40,0
2851,90.91,3969.93,0
2864,76.92,3969.01,0
2875,90.91,3970.37,0
2886,90.91,3968.16,0
2897,90.91,3968.92,0
2909,83.33,3969.64,0
2920,90.91,3968.61,0
2931,90.91,3968.37,0
2944,76.92,3967.54,0
2955,90.91,3969.37,0
2966,90.91,3969.82,0
2977,90.91,3969.82,0
2989,83.33,3968.43,0
3000,90.91,3969.25,0
3012,90.91,3969.99,0
3023,83.33,3969.00,0
3035,83.33,3970.32,0
3046,90.91,3972.39,0
3057,90.91,3971.95,0
3068,90.91,3970.94,0
3080,83.33,3969.32,0
3092,83.33,3971.29,0
3103,90.91,3971.04,0
3115,83.33,3971.56,0
3126,90.91,3969.50,0
3137,90.91,3966.17,0
3148,90.91,3969.10,0
3160,83.33,3968.35,0
3172,83.33,3971.76,0
3183,90.91,3972.35,0
3194,90.91,3970.89,0
3206,83.33,3969.27,0
3217,90.91,3972.03,0
3228,90.91,3969.49,0
3240,90.91,3965.55,0
3252,76.92,3966.29,0
3263,90.91,3967.49,0
3274,90.91,3970.10,0
3286,83.33,3970.38,0
3297,90.91,3971.53,0
3308,90.91,3970.74,0
3320,83.33,3968.84,0
3332,83.33,3971.29,0
3343,90.91,3971.62,0
3354,90.91,3971.01,0
3365,90.91,3969.90,0
3377,83.33,3967.71,0
3388,90.91,3967.89,0
3400,83.33,3967.76,0
3411,90.91,3972.38,0
3423,83.33,3974.41,0
3434,90.91,3972.33,0
3445,90.91,3971.92,0
3457,83.33,3970.45,0
3469,90.91,3970.68,0
3480,83.33,3970.35,0
3491,90.91,3970.09,0
3503,83.33,3971.13,0
3514,90.91,3971.41,0
3525,90.91,3967.74,0
3536,90.91,3964.21,0
3549,76.92,3967.62,0
3560,90.91,3968.82,0
3571,90.91,3970.17,0
3582,90.91,3973.15,0
3594,83.33,3971.43,0
3605,90.91,3972.42,0
3616,90.91,3971.88,0
3629,76.92,3968.94,0
3640,90.91,3966.77,0
3651,90.91,3967.68,0
3662,90.91,3966.16,0
3674,83.33,3970.56,0
3685,90.91,3970.65,0
3697,90.91,3972.03,0
3708,83.33,3973.42,0
3720,83.33,3970.88,0
3731,90.91,3973.64,0
3742,90.91,3973.20,0
3753,90.91,3970.53,0
3765,83.33,3969.91,0
3777,83.33,3968.26,0
3788,90.91,3966.88,0
3800,83.33,3966.43,0
3811,90.91,3968.60,0
3822,90.91,3966.77,0
3833,90.91,3971.93,0
3845,83.33,3974.06,0
3857,83.33,3969.87,0
3868,90.91,3970.38,0
3879,90.91,3968.44,0
3891,83.33,3969.35,0
3902,90.91,3970.83,0
3913,90.91,3968.48,0
3926,76.92,3967.21,0
3937,90.91,3970.93,0
3948,90.91,3970.96,0
3959,90.91,3971.70,0
3971,83.33,3972.56,0
3982,90.91,3973.82,0
3993,90.91,3972.76,0
4005,83.33,3973.30,0
4017,83.33,3972.31,0
4028,90.91,3967.29,0
4039,90.91,3967.94,0
4050,90.91,3969.77,0
4062,83.33,3970.04,0
4073,90.91,3968.38,0
4085,83.33,3966.53,0
4097,83.33,3971.80,0
4108,90.91,3972.86,0
4119,90.91,3969.73,0
4130,90.91,3970.28,0
4142,83.33,3971.87,0
4154,83.33,3971.25,0
4165,90.91,3970.22,0
4176,90.91,3969.14,0
4188,83.33,3970.52,0
4199,90.91,3968.63,0
4210,90.91,3971.25,0
4221,90.91,3975.27,0
4234,76.92,3971.92,0
4245,90.91,3970.91,0
4256,90.91,3973.64,0
4268,83.33,3973.89,0
4279,90.91,3970.18,0
4290,90.91,3970.82,0
4301,90.91,3973.87,0
4314,76.92,3970.40,0
4325,90.91,3969.57,0
4336,90.91,3969.65,0
4347,90.91,3971.38,0
4359,83.33,3970.17,0
4370,90.91,3970.72,0
4382,83.33,3973.12,0
4393,90.91,3972.27,0
4405,83.33,3970.76,0
4416,90.91,3971.03,0
4427,90.91,3970.69,0
4439,83.33,3969.68,0
4450,90.91,3968.53,0
4462,83.33,3968.82,0
4473,90.91,3969.90,0
4485,83.33,3974.28,0
4496,90.91,3972.84,0
4507,90.91,3972.49,0
4518,90.91,3973.56,0
4530,83.33,3973.73,0
4542,83.33,3973.99,0
4553,90.91,3969.80,0
4564,90.91,3967.22,0
4576,83.33,3971.48,0
4587,90.91,3970.94,0
4598,90.91,3968.60,0
4611,76.92,3970.27,0
4622,90.91,3973.35,0
4633,90.91,3972.72,0
4644,90.91,3973.59,0
4656,83.33,3972.76,0
4667,90.91,3970.49,0
4678,90.91,3967.99,0
4690,83.33,3968.10,0
4702,83.33,3968.92,0
4713,90.91,3966.68,0
4724,90.91,3969.34,0
4736,83.33,3971.00,0
4747,90.91,3967.30,0
4758,90.91,3970.96,0
4770,83.33,3971.96,0
4782,83.33,3971.49,0
4793,90.91,3970.54,0
4804,90.91,3969.88,0
4815,90.91,3968.84,0
4827,83.33,3968.92,0
4839,90.91,3967.50,0
4850,83.33,3966.70,0
4861,90.91,3968.96,0
4873,83.33,3971.42,0
4884,90.91,3972.15,0
4895,90.91,3973.09,0
4907,83.33,3971.43,0
4919,83.33,3971.91,0
4930,90.91,3972.81,0
4941,90.91,3974.60,0
4953,83.33,3971.15,0
4964,90.91,3966.18,0
4975,90.91,3965.57,0
4986,90.91,3968.33,0
4999,76.92,3970.41,0
5010,90.91,3969.08,0
5021,90.91,3968.28,0
5032,90.91,3969.80,0
5044,83.33,3972.44,0
5055,90.91,3970.82,0
5067,90.91,3967.20,0
5079,76.92,3968.36,0
5090,90.91,3972.78,0
5101,90.91,3967.37,0
5112,90.91,3965.77,0
5124,83.33,3967.21,0
5135,90.91,3968.31,0
5147,83.33,3973.16,0
5158,90.91,3972.40,0
5170,83.33,3971.60,0
5181,90.91,3970.85,0
5192,90.91,3971.07,0
5203,90.91,3971.29,0
5215,83.33,3969.25,0
5227,83.33,3968.75,0
5238,90.91,3969.92,0
5250,83.33,3974.79,0
5261,90.91,3973.63,0
5272,90.91,3970.28,0
5283,90.91,3970.60,0
5296,83.33,3971.92,0
5307,83.33,3971.76,0
5318,90.91,3972.66,0
5329,90.91,3971.68,0
5341,83.33,3969.49,0
5352,90.91,3969.12,0
5363,90.91,3969.77,0
5376,76.92,3967.63,0
5387,90.91,3966.90,0
5398,90.91,3967.64,0
5409,90.91,3968.17,0
5421,83.33,3969.30,0
5432,90.91,3971.71,0
5443,90.91,3969.50,0
5455,83.33,3968.77,0
5467,83.33,3967.93,0
5478,90.91,3971.11,0
5489,90.91,3970.65,0
5500,90.91,3968.24,0
5512,83.33,3967.53,0
5524,90.91,3971.23,0
5535,83.33,3972.69,0
5547,83.33,3969.96,0
5558,90.91,3967.59,0
5569,90.91,3969.84,0
5580,90.91,3973.36,0
5592,83.33,3973.72,0
5604,83.33,3972.52,0
5615,90.91,3968.91,0
5626,90.91,3970.20,0
5638,83.33,3965.77,0
5649,90.91,3970.79,0
5660,90.91,3975.29,0
5671,90.91,3974.08,0
5684,76.92,3973.25,0
5695,90.91,3971.72,0
5706,90.91,3972.94,0
5718,83.33,3971.62,0
5729,90.91,3969.79,0
5740,90.91,3969.35,0
5752,83.33,3966.74,0
5764,83.33,3966.21,0
5775,90.91,3967.88,0
5786,90.91,3968.01,0
5797,90.91,3968.15,0
5809,83.33,3969.12,0
5820,90.91,3969.74,0
5832,83.33,3969.52,0
5843,90.91,3972.36,0
5855,83.33,3973.81,0
5866,90.91,3970.18,0
5877,90.91,3969.28,0
5889,83.33,3969.07,0
5900,90.91,3968.76,0
5912,83.33,3966.90,0
5923,90.91,3970.08,0
5935,83.33,3971.02,0
5946,90.91,3971.31,0
5957,90.91,3971.68,0
5968,90.91,3970.16,0
5981,76.92,3969.41,0
5992,90.91,3970.94,0
6003,90.91,3969.86,0
6014,90.91,3968.84,0
6026,83.33,3966.56,0
6037,90.91,3968.56,0
6048,90.91,3967.17,0
6061,76.92,3969.24,0
6072,90.91,3972.01,0
6083,90.91,3970.67,0
6094,90.91,3972.80,0
6106,83.33,3973.52,0
6117,90.91,3969.17,0
6129,90.91,3966.36,0
6140,83.33,3967.62,0
6152,83.33,3968.52,0
6163,90.91,3967.48,0
6174,90.91,3967.87,0
6185,90.91,3968.29,0
6197,83.33,3969.41,0
6209,83.33,3971.97,0
6220,90.91,3972.44,0
6232,83.33,3971.40,0
6243,90.91,3967.95,0
6254,90.91,3969.88,0
6265,90.91,3971.84,0
6277,83.33,3967.06,0
6289,83.33,3964.70,0
6300,90.91,3967.81,0
6311,90.91,3968.05,0
6323,83.33,3971.81,0
6334,90.91,3972.66,0
6345,90.91,3969.59,0
6358,90.91,3971.79,0
6369,76.92,3974.38,0
6380,90.91,3972.94,0
6391,90.91,3971.79,0
6403,83.33,3971.12,0
6414,90.91,3971.44,0
6425,90.91,3973.36,0
6437,83.33,3970.78,0
6449,83.33,3967.55,0
6460,90.91,3970.35,0
6471,90.91,3972.26,0
6482,90.91,3971.17,0
6494,83.33,3971.83,0
6505,90.91,3974.24,0
6517,83.33,3971.68,0
6529,83.33,3970.59,0
6540,90.91,3970.05,0
6551,90.91,3969.35,0
6562,90.91,3971.02,0
6574,83.33,3970.59,0
6586,90.91,3965.89,0
6597,83.33,3967.86,0
6608,90.91,3968.82,0
6620,83.33,3971.90,0
6631,90.91,3973.82,0
6642,90.91,3972.45,0
6653,90.91,3971.36,0
6666,76.92,3970.26,0
6677,90.91,3969.35,0
6688,90.91,3969.72,0
6700,83.33,3968.23,0
6711,90.91,3967.05,0
6722,90.91,3970.46,0
6733,90.91,3972.00,0
6746,76.92,3971.88,0
6757,90.91,3970.48,0
6768,90.91,3969.24,0
6779,90.91,3974.22,0
6791,83.33,3972.35,0
6802,90.91,3967.01,0
6814,90.91,3964.34,0
6825,83.33,3966.58,0
6837,83.33,3967.18,0
6848,90.91,3972.46,0
6859,90.91,3972.23,0
6871,83.33,3971.16,0
6882,90.91,3970.45,0
6894,83.33,3969.67,0
6905,90.91,3969.76,0
6917,83.33,3968.36,0
6928,90.91,3968.72,0
6939,90.91,3971.54,0
6950,90.91,3969.93,0
6962,83.33,3967.19,0
6974,83.33,3968.33,0
6985,90.91,3971.96,0
6996,90.91,3973.24,0
7008,83.33,3972.17,0
7019,90.91,3971.02,0
7030,90.91,3969.42,0
7043,76.92,3970.50,0
7054,90.91,3970.82,0
7065,90.91,3968.68,0
7076,90.91,3964.94,0
7088,83.33,3967.29,0
7099,90.91,3971.57,0
7110,90.91,3970.70,0
7122,83.33,3968.48,0
7134,83.33,3969.26,0
7145,90.91,3972.53,0
7156,90.91,3971.26,0
7168,83.33,3970.69,0
7179,90.91,3968.86,0
7190,90.91,3968.01,0
7202,83.33,3966.79,0
7214,83.33,3966.51,0
7225,90.91,3968.11,0
7236,90.91,3971.33,0
7247,90.91,3973.93,0
7259,83.33,3972.30,0
7271,83.33,3971.41,0
7282,90.91,3971.49,0
7293,90.91,3972.26,0
7305,83.33,3969.61,0
7316,90.91,3968.25,0
7327,90.91,3967.41,0
7339,83.33,3965.85,0
7351,83.33,3971.14,0
7362,90.91,3970.19,0
7373,90.91,3968.49,0
7385,83.33,3969.15,0
7396,90.91,3971.35,0
7407,90.91,3971.30,0
7418,90.91,3971.19,0
7431,76.92,3967.71,0
7442,90.91,3965.65,0
7453,90.91,3965.58,0
7464,90.91,3969.13,0
7476,83.33,3974.03,0
7487,90.91,3970.92,0
7499,83.33,3967.56,0
7511,83.33,3970.67,0
7522,90.91,3968.65,0
7533,90.91,3968.10,0
7544,90.91,3972.44,0
7556,83.33,3971.15,0
7567,90.91,3967.47,0
7579,83.33,3970.20,0
7590,90.91,3969.29,0
7602,83.33,3968.43,0
7613,90.91,3971.55,0
7624,90.91,3971.46,0
7635,90.91,3971.45,0
7647,83.33,3970.73,0
7659,83.33,3969.12,0
7670,90.91,3971.48,0
7682,83.33,3972.75,0
7693,90.91,3969.14,0
7704,90.91,3967.26,0
7715,90.91,3970.45,0
7728,76.92,3969.65,0
7739,90.91,3970.74,0
7750,90.91,3969.63,0
7761,90.91,3970.83,0
7773,83.33,3971.73,0
7784,90.91,3973.08,0
7795,90.91,3970.14,0
7808,76.92,3971.47,0
7819,90.91,3971.09,0
7830,90.91,3970.61,0
7841,90.91,3968.70,0
7853,83.33,3969.26,0
7864,90.91,3967.90,0
7876,90.91,3967.67,0
7887,83.33,3970.81,0
7899,83.33,3969.96,0
7910,90.91,3969.09,0
7921,90.91,3968.82,0
7932,90.91,3969.70,0
7944,83.33,3969.10,0
7956,83.33,3967.82,0
7967,90.91,3968.17,0
7979,83.33,3966.49,0
7990,90.91,3965.83,0
8001,90.91,3969.48,0
8012,90.91,3968.41,0
8024,83.33,3968.07,0
8036,83.33,3968.74,0
8047,90.91,3970.84,0
8058,90.91,3969.93,0
8070,83.33,3966.82,0
8081,90.91,3967.41,0
8092,90.91,3969.94,0
8104,90.91,3969.92,0
8116,76.92,3968.54,0
8127,90.91,3968.46,0
8138,90.91,3969.14,0
8150,83.33,3970.37,0
8161,90.91,3973.11,0
8172,90.91,3972.98,0
8184,83.33,3971.45,0
8196,83.33,3968.76,0
8207,90.91,3969.09,0
8218,90.91,3971.12,0
8229,90.91,3967.98,0
8241,83.33,3968.18,0
8252,90.91,3968.60,0
8264,83.33,3970.93,0
8275,90.91,3970.52,0
8287,83.33,3969.87,0
8298,90.91,3971.73,0
8309,90.91,3973.14,0
8321,83.33,3971.96,0
8333,90.91,3972.21,0
8344,83.33,3971.06,0
8355,90.91,3969.68,0
8367,83.33,3969.08,0
8378,90.91,3968.29,0
8389,90.91,3968.66,0
8400,90.91,3967.16,0
8413,76.92,3968.43,0
8424,90.91,3972.05,0
8435,90.91,3971.44,0
8446,90.91,3971.78,0
8458,83.33,3969.67,0
8469,90.91,3971.89,0
8480,90.91,3970.44,0
8493,76.92,3970.36,0
8504,90.91,3969.87,0
8515,90.91,3968.58,0
8526,90.91,3971.96,0
8538,83.33,3973.76,0
8549,90.91,3971.52,0
8561,90.91,3969.70,0
8572,83.33,3969.99,0
8584,83.33,3973.46,0
8595,90.91,3972.31,0
8606,90.91,3969.50,0
8617,90.91,3970.35,0
8629,83.33,3967.96,0
8641,83.33,3966.88,0
8652,90.91,3967.70,0
8664,83.33,3967.32,0
8675,90.91,3969.51,0
8686,90.91,3973.19,0
8697,90.91,3975.38,0
8709,83.33,3971.90,0
8721,83.33,3968.32,0
8732,90.91,3970.58,0
8743,90.91,3973.39,0
8755,83.33,3969.91,0
8766,90.91,3969.33,0
8777,90.91,3969.98,0
8790,76.92,3971.02,0
8801,90.91,3973.39,0
8812,90.91,3971.41,0
8823,90.91,3971.61,0
8835,83.33,3972.37,0
8846,90.91,3972.40,0
8857,90.91,3974.67,0
8869,83.33,3967.91,0
8881,83.33,3968.17,0
8892,90.91,3969.22,0
8903,90.91,3968.37,0
8914,90.91,3970.60,0
8926,83.33,3971.31,0
8938,90.91,3969.98,0
8949,83.33,3972.11,0
8961,83.33,3976.25,0
8972,90.91,3973.44,0
8983,90.91,3971.20,0
8994,90.91,3971.84,0
9006,83.33,3970.48,0
9018,83.33,3968.67,0
9029,90.91,3970.34,0
9040,90.91,3971.59,0
9052,83.33,3971.45,0
9063,90.91,3972.08,0
9074,90.91,3971.75,0
9085,90.91,3970.50,0
9098,76.92,3970.03,0
9109,90.91,3973.60,0
9120,90.91,3973.59,0
9132,83.33,3969.78,0
9143,90.91,3968.37,0
9154,90.91,3967.76,0
9166,90.91,3969.75,0
9178,76.92,3968.07,0
9189,90.91,3967.02,0
9200,90.91,3966.57,0
9211,90.91,3972.17,0
9223,83.33,3974.79,0
9234,90.91,3969.41,0
9246,83.33,3968.10,0
9257,90.91,3973.87,0
9269,83.33,3973.58,0
9280,90.91,3968.68,0
9291,90.91,3966.31,0
9303,83.33,3965.89,0
9314,90.91,3964.67,0
9326,83.33,3969.05,0
9337,90.91,3968.01,0
9349,83.33,3967.21,0
9360,90.91,3967.83,0
9371,90.91,3972.84,0
9382,90.91,3975.41,0
9395,83.33,3972.76,0
9406,83.33,3968.48,0
9417,90.91,3968.08,0
9428,90.91,3969.61,0
9440,83.33,3968.60,0
9451,90.91,3969.58,0
9462,90.91,3971.90,0
9475,76.92,3970.18,0
9486,90.91,3970.26,0
9497,90.91,3970.09,0
9508,90.91,3969.86,0
9520,83.33,3973.03,0
9531,90.91,3976.89,0
9542,90.91,3973.74,0
9554,83.33,3966.04,0
9566,83.33,3965.89,0
9577,90.91,3969.05,0
9588,90.91,3974.58,0
9600,83.33,3974.30,0
9611,90.91,3968.76,0
9623,90.91,3970.10,0
9634,83.33,3973.25,0
9646,83.33,3973.90,0
9657,90.91,3970.01,0
9668,90.91,3965.69,0
9679,90.91,3966.44,0
9691,83.33,3969.39,0
9703,83.33,3968.71,0
9714,90.91,3968.19,0
9725,90.91,3969.24,0
9737,83.33,3973.44,0
9748,90.91,3974.95,0
9759,90.91,3974.18,0
9771,83.33,3974.95,0
9783,83.33,3971.90,0
9794,90.91,3971.41,0
9805,90.91,3970.34,0
9817,83.33,3965.81,0
9828,90.91,3967.38,0
9839,90.91,3973.25,0
9851,83.33,3972.49,0
9863,83.33,3968.42,0
9874,90.91,3968.27,0
9885,90.91,3971.85,0
9896,90.91,3972.98,0
9908,83.33,3973.34,0
9919,90.91,3970.86,0
9931,83.33,3967.52,0
9943,83.33,3967.32,0
9954,90.91,3969.04,0
9965,90.91,3968.04,0
9976,90.91,3970.08,0
9988,83.33,3969.80,0
10000,90.91,3968.47,0
10011,83.33,3974.23,0
10022,90.91,3975.10,0
10034,83.33,3973.53,0
10045,90.91,3972.58,0
10056,90.91,3970.97,0
10067,90.91,3969.70,0
10080,76.92,3965.67,0
10091,90.91,3966.61,0
10102,90.91,3967.94,0
10114,83.33,3970.44,0
10125,90.91,3969.58,0
10136,90.91,3969.19,0
10147,90.91,3971.65,0
10160,76.92,3973.83,0
10171,90.91,3974.61,0
10182,90.91,3973.82,0
10193,90.91,3968.50,0
10205,83.33,3964.79,0
10216,90.91,3967.78,0
10228,90.91,3969.85,0
10240,76.92,3971.48,0
10251,90.91,3969.74,0
10262,90.91,3969.75,0
10273,90.91,3971.33,0
10285,83.33,3973.59,0
10296,90.91,3972.59,0
10308,83.33,3970.88,0
10319,90.91,3969.33,0
10331,83.33,3970.74,0
10342,90.91,3968.93,0
10353,90.91,3965.80,0
10364,90.91,3966.74,0
10376,83.33,3969.20,0
10388,83.33,3970.54,0
10399,90.91,3971.39,0
10411,83.33,3971.47,0
10422,90.91,3970.96,0
10433,90.91,3970.92,0
10444,90.91,3970.27,0
10457,83.33,3968.33,0
10468,83.33,3968.76,0
10479,90.91,3968.44,0
10490,90.91,3971.04,0
10502,83.33,3968.27,0
10513,90.91,3965.05,0
10524,90.91,3968.68,0
10536,83.33,3972.28,0
10548,83.33,3972.54,0
10559,90.91,3971.41,0
10570,90.91,3971.62,0
10582,83.33,3970.40,0
10593,90.91,3969.56,0
10604,90.91,3971.68,0
10616,83.33,3969.86,0
10628,83.33,3967.74,0
10639,90.91,3967.70,0
10650,90.91,3970.82,0
10661,90.91,3969.82,0
10673,83.33,3969.53,0
10685,90.91,3973.15,0
10696,83.33,3972.78,0
10707,90.91,3970.61,0
10719,83.33,3967.05,0
10730,90.91,3967.28,0
10741,90.91,3970.09,0
10753,83.33,3970.74,0
10765,83.33,3967.70,0
10776,90.91,3966.69,0
10787,90.91,3967.61,0
10799,83.33,3971.10,0
10810,90.91,3969.08,0
10821,90.91,3970.59,0
10832,90.91,3970.83,0
10845,76.92,3969.39,0
10856,90.91,3971.60,0
10867,90.91,3970.28,0
10878,90.91,3968.01,0
10890,83.33,3968.49,0
10901,90.91,3969.25,0
10913,90.91,3966.14,0
10925,76.92,3969.15,0
10936,90.91,3971.75,0
10947,90.91,3970.51,0
10958,90.91,3971.87,0
10970,83.33,3970.79,0
10981,90.91,3967.86,0
10993,83.33,3969.69,0
11004,90.91,3972.87,0
11016,83.33,3969.96,0
11027,90.91,3967.68,0
11038,90.91,3966.76,0
11049,90.91,3968.01,0
11061,83.33,3973.60,0
11073,83.33,3974.61,0
11084,90.91,3970.91,0
11096,83.33,3971.26,0
11107,90.91,3972.85,0
11118,90.91,3974.21,0
11129,90.91,3970.42,0
11142,83.33,3966.60,0
11153,83.33,3967.80,0
11164,90.91,3972.45,0
11175,90.91,3970.50,0
11187,83.33,3969.87,0
11198,90.91,3969.96,0
11209,90.91,3972.22,0
11222,76.92,3974.62,0
11233,90.91,3971.47,0
11244,90.91,3967.62,0
11255,90.91,3968.64,0
11267,83.33,3967.16,0
11278,90.91,3968.03,0
11289,90.91,3971.29,0
11301,83.33,3969.15,0
11313,83.33,3969.12,0
11324,90.91,3972.16,0
11335,90.91,3971.70,0
11346,90.91,3970.08,0
11358,83.33,3969.50,0
11370,90.91,3969.75,0
11381,83.33,3966.67,0
11393,83.33,3966.82,0
11404,90.91,3966.96,0
11415,90.91,3966.74,0
11426,90.91,3970.41,0
11438,83.33,3975.05,0
11450,83.33,3971.52,0
11461,90.91,3968.06,0
11472,90.91,3969.52,0
11484,83.33,3974.28,0
11495,90.91,3973.16,0
11506,90.91,3969.80,0
11517,90.91,3965.73,0
11530,76.92,3967.53,0
11541,90.91,3971.39,0
11552,90.91,3971.21,0
11564,83.33,3968.47,0
11575,90.91,3967.55,0
11586,90.91,3972.47,0
11598,90.91,3975.25,0
11610,83.33,3969.74,0
11621,90.91,3966.41,0
11632,90.91,3967.24,0
11643,90.91,3971.02,0
11655,83.33,3971.58,0
11666,90.91,3968.40,0
11678,83.33,3964.86,0
11689,90.91,3969.49,0
11701,83.33,3969.95,0
11712,90.91,3968.43,0
11723,90.91,3965.48,0
11735,83.33,3967.62,0
11746,90.91,3971.88,0
11758,83.33,3971.75,0
11769,90.91,3969.91,0
11781,83.33,3966.78,0
11792,90.91,3966.20,0
11803,90.91,3969.76,0
11814,90.91,3973.42,0
11827,76.92,3972.45,0
11838,90.91,3970.37,0
11849,90.91,3972.00,0
11860,90.91,3973.43,0
11872,83.33,3972.78,0
11883,90.91,3969.74,0
11894,90.91,3967.73,0
11907,76.92,3969.43,0
11918,90.91,3972.68,0
11929,90.91,3970.46,0
11940,90.91,3968.62,0
11952,83.33,3969.55,0
11963,90.91,3970.08,0
11974,90.91,3969.99,0
11986,83.33,3970.83,0
11998,83.33,3970.89,0
12009,90.91,3972.05,0
12020,90.91,3975.24,0
12032,83.33,3973.90,0
12043,90.91,3970.24,0
12055,83.33,3969.29,0
12066,90.91,3967.74,0
12078,83.33,3969.55,0
12089,90.91,3969.05,0
12100,90.91,3968.26,0
12111,90.91,3970.09,0
12123,83.33,3972.41,0
12135,83.33,3972.44,0
12146,90.91,3972.47,0
12157,90.91,3972.36,0
12169,83.33,3970.37,0
12180,90.91,3967.74,0
12191,90.91,3968.84,0
12203,83.33,3968.15,0
12215,83.33,3966.43,0
12226,90.91,3967.02,0
12237,90.91,3968.28,0
12249,83.33,3971.05,0
12260,90.91,3970.30,0
12271,90.91,3971.88,0
12283,83.33,3974.13,0
12295,83.33,3972.85,0
12306,90.91,3971.81,0
12317,90.91,3969.39,0
12328,90.91,3967.55,0
12340,83.33,3967.01,0
12351,90.91,3964.61,0
12363,83.33,3966.88,0
12375,83.33,3968.11,0
12386,90.91,3969.99,0
12397,90.91,3972.00,0
12408,90.91,3972.89,0
12420,83.33,3971.70,0
12431,90.91,3968.78,0
12443,83.33,3970.47,0
12454,90.91,3970.79,0
12466,83.33,3967.64,0
12477,90.91,3969.97,0
12488,90.91,3971.63,0
12499,90.91,3970.59,0
12512,76.92,3969.13,0
12523,90.91,3971.04,0
12534,90.91,3972.52,0
12546,83.33,3973.87,0
12557,90.91,3972.79,0
12568,90.91,3969.90,0
12579,90.91,3969.61,0
12592,76.92,3965.96,0
12603,90.91,3967.59,0
12614,90.91,3969.73,0
12625,90.91,3967.61,0
12637,83.33,3971.35,0
12648,90.91,3972.80,0
12660,90.91,3973.55,0
12672,76.92,3973.48,0
12683,90.91,3968.97,0
12694,90.91,3969.96,0
12705,90.91,3969.44,0
12717,83.33,3968.01,0
12728,90.91,3968.50,0
12740,83.33,3969.76,0
12751,90.91,3970.59,0
12763,83.33,3968.69,0
12774,90.91,3970.80,0
12785,90.91,3970.45,0
12796,90.91,3971.50,0
12808,83.33,3974.21,0
12820,83.33,3971.82,0
12831,90.91,3970.29,0
12843,83.33,3970.91,0
12854,90.91,3969.96,0
12865,90.91,3971.47,0
12876,90.91,3970.07,0
12889,83.33,3968.48,0
12900,83.33,3969.46,0
12911,90.91,3972.64,0
12922,90.91,3973.35,0
12934,83.33,3971.44,0
12945,90.91,3968.68,0
12956,90.91,3967.91,0
12968,83.33,3969.84,0
12980,83.33,3968.84,0
12991,90.91,3969.30,0
13002,90.91,3969.15,0
13014,83.33,3969.66,0
13025,90.91,3972.19,0
13036,90.91,3973.42,0
13048,83.33,3970.40,0
13060,83.33,3969.38,0
13071,90.91,3969.94,0
13082,90.91,3968.54,0
13093,90.91,3969.52,0
13105,83.33,3970.64,0
13117,90.91,3971.04,0
13128,83.33,3969.95,0
13139,90.91,3968.68,0
13151,83.33,3968.79,0
13162,90.91,3971.53,0
13173,90.91,3970.91,0
13185,83.33,3970.75,0
13197,83.33,3974.47,0
13208,90.91,3970.74,0
13219,90.91,3967.44,0
13231,83.33,3972.26,0
13242,90.91,3974.41,0
13253,90.91,3969.16,0
13264,90.91,3966.04,0
13277,76.92,3966.12,0
13288,90.91,3967.45,0
13299,90.91,3970.70,0
13310,90.91,3972.24,0
13322,83.33,3973.27,0
13333,90.91,3972.58,0
13345,83.33,3971.97,0
13357,83.33,3970.44,0
13368,90.91,3970.32,0
13379,90.91,3970.32,0
13390,90.91,3970.08,0
13402,83.33,3971.30,0
13413,90.91,3969.44,0
13425,83.33,3969.79,0
13436,90.91,3971.80,0
13448,83.33,3971.91,0
13459,90.91,3969.82,0
13470,90.91,3971.09,0
13481,90.91,3969.71,0
13494,83.33,3969.85,0
13505,83.33,3967.88,0
13516,90.91,3967.84,0
13528,83.33,3967.02,0
13539,90.91,3968.75,0
13550,90.91,3973.39,0
13561,90.91,3975.64,0
13574,76.92,3970.11,0
13585,90.91,3967.81,0
13596,90.91,3971.27,0
13607,90.91,3972.76,0
13619,83.33,3969.76,0
13630,90.91,3966.03,0
13641,90.91,3969.72,0
13654,76.92,3971.92,0
13665,90.91,3969.62,0
13676,90.91,3969.23,0
13687,90.91,3970.16,0
13699,83.33,3970.03,0
13710,90.91,3970.28,0
13722,90.91,3973.12,0
13733,83.33,3970.62,0
13745,83.33,3969.52,0
13756,90.91,3972.15,0
13767,90.91,3968.26,0
13778,90.91,3969.50,0
13790,83.33,3972.44,0
13802,83.33,3973.51,0
13813,90.91,3974.38,0
13825,83.33,3975.53,0
13836,90.91,3970.39,0
13847,90.91,3969.60,0
13858,90.91,3971.29,0
13870,83.33,3970.00,0
13882,83.33,3967.86,0
13893,90.91,3963.61,0
13904,90.91,3963.77,0
13916,83.33,3970.21,0
13927,90.91,3971.78,0
13938,90.91,3969.42,0
13949,90.91,3968.31,0
13962,76.92,3970.29,0
13973,90.91,3970.96,0
13984,90.91,3971.23,0
13996,83.33,3969.98,0
14007,90.91,3967.95,0
14018,90.91,3970.70,0
14030,83.33,3970.15,0
14042,83.33,3967.99,0
14053,90.91,3966.46,0
14064,90.91,3966.87,0
14075,90.91,3973.29,0
14087,83.33,3975.04,0
14098,90.91,3970.85,0
14110,83.33,3968.35,0
14121,90.91,3970.20,0
14133,83.33,3971.54,0
14144,90.91,3970.97,0
14155,90.91,3969.50,0
14167,83.33,3967.73,0
14178,90.91,3971.07,0
14190,83.33,3973.09,0
14201,90.91,3971.17,0
14213,83.33,3970.69,0
14224,90.91,3970.18,0
14235,90.91,3970.54,0
14246,90.91,3971.39,0
14259,76.92,3970.25,0
14270,90.91,3967.36,0
14281,90.91,3966.76,0
14292,90.91,3969.82,0
14304,83.33,3969.28,0
14315,90.91,3965.46,0
14326,90.91,3966.84,0
14339,76.92,3974.41,0
14350,90.91,3974.89,0
14361,90.91,3971.25,0
14372,90.91,3969.82,0
14384,83.33,3968.32,0
14395,90.91,3968.02,0
14406,90.91,3969.39,0
14418,83.33,3970.71,0
14430,83.33,3967.06,0
14441,90.91,3968.31,0
14452,90.91,3971.25,0
14464,83.33,3972.12,0
14475,90.91,3970.36,0
14487,83.33,3971.96,0
14498,90.91,3972.87,0
14510,83.33,3971.77,0
14521,90.91,3969.19,0
14532,90.91,3968.95,0
14543,90.91,3967.85,0
14555,83.33,3969.32,0
14567,83.33,3969.52,0
14578,90.91,3969.78,0
14589,90.91,3968.41,0
14601,83.33,3967.23,0
14612,90.91,3973.39,0
14623,90.91,3970.73,0
14635,83.33,3969.38,0
14647,83.33,3971.67,0
14658,90.91,3969.33,0
14669,90.91,3970.58,0
14681,83.33,3969.28,0
14692,90.91,3968.06,0
14703,90.91,3968.28,0
14715,83.33,3971.54,0
14727,83.33,3975.30,0
14738,90.91,3974.22,0
14749,90.91,3972.15,0
14760,90.91,3970.92,0
14772,83.33,3972.91,0
14783,90.91,3972.29,0
14795,83.33,3968.87,0
14807,83.33,3967.07,0
14818,90.91,3968.94,0
14829,90.91,3969.10,0
14840,90.91,3968.74,0
14852,83.33,3968.55,0
14864,90.91,3971.24,0
14875,83.33,3971.86,0
14886,90.91,3974.36,0
14898,83.33,3973.84,0
14909,90.91,3971.71,0
14920,90.91,3969.78,0
14931,90.91,3971.42,0
14944,76.92,3971.02,0
14955,90.91,3967.23,0
14966,90.91,3969.72,0
14978,83.33,3971.33,0
14989,90.91,3971.66,0
15000,90.91,3972.19,0
15011,90.91,3971.88,0
15024,76.92,3972.95,0
15035,90.91,3971.39,0
15046,90.91,3970.65,0
15057,90.91,3969.56,0
15069,83.33,3967.92,0
15080,90.91,3965.94,0
15092,90.91,3967.89,0
15104,76.92,3966.82,0
15115,90.91,3967.93,0
15126,90.91,3970.14,0
15137,90.91,3970.91,0
15149,83.33,3973.13,0
15160,90.91,3972.85,0
15172,83.33,3972.35,0
15183,90.91,3970.07,0
15195,83.33,3969.87,0
15206,90.91,3968.44,0
15217,90.91,3969.00,0
15228,90.91,3967.50,0
15240,83.33,3968.88,0
15252,83.33,3969.80,0
15263,90.91,3970.85,0
15275,83.33,3972.54,0
15286,90.91,3970.57,0
15297,90.91,3971.40,0
15308,90.91,3973.55,0
15321,83.33,3972.28,0
15332,83.33,3966.96,0
15343,90.91,3964.18,0
15354,90.91,3968.74,0
15366,83.33,3971.23,0
15377,90.91,3967.63,0
15388,90.91,3967.95,0
15400,83.33,3971.64,0
15412,83.33,3970.34,0
15423,90.91,3972.12,0
15434,90.91,3970.55,0
15446,83.33,3965.75,0
15457,90.91,3971.01,0
15468,90.91,3974.07,0
15480,83.33,3971.96,0
15492,83.33,3970.20,0
15503,90.91,3972.69,0
15514,90.91,3973.40,0
15525,90.91,3973.96,0
15537,83.33,3973.05,0
15549,90.91,3968.27,0
15560,83.33,3969.75,0
15571,90.91,3971.09,0
15583,83.33,3969.18,0
15594,90.91,3969.62,0
15605,90.91,3967.36,0
15617,83.33,3967.93,0
15629,83.33,3969.87,0
15640,90.91,3968.65,0
15651,90.91,3968.52,0
15663,83.33,3970.36,0
15674,90.91,3971.54,0
15685,90.91,3972.49,0
15696,90.91,3969.55,0
15709,76.92,3969.45,0
15720,90.91,3968.04,0
15731,90.91,3966.06,0
15742,90.91,3967.31,0
15754,83.33,3967.96,0
15765,90.91,3970.53,0
15777,90.91,3972.39,0
15789,76.92,3970.31,0
15800,90.91,3969.52,0
15811,90.91,3969.61,0
15822,90.91,3972.33,0
15834,83.33,3971.44,0
15845,90.91,3969.45,0
15857,83.33,3969.33,0
15868,90.91,3968.59,0
15880,83.33,3968.14,0
15891,90.91,3972.44,0
15902,90.91,3969.69,0
15913,90.91,3967.92,0
15925,83.33,3971.03,0
15937,83.33,3973.53,0
15948,90.91,3973.82,0
15960,83.33,3970.41,0
15971,90.91,3968.13,0
15982,90.91,3968.84,0
15993,90.91,3969.56,0
16006,83.33,3967.90,0
16017,83.33,3966.58,0
16028,90.91,3967.67,0
16039,90.91,3972.53,0
16051,83.33,3975.28,0
16062,90.91,3974.76,0
16073,90.91,3971.44,0
16086,76.92,3970.19,0
16097,90.91,3972.76,0
16108,90.91,3969.07,0
16119,90.91,3966.51,0
16131,83.33,3966.86,0
16142,90.91,3967.93,0
16153,90.91,3968.17,0
16165,83.33,3969.43,0
16177,83.33,3968.84,0
16188,90.91,3970.60,0
16199,90.91,3973.48,0
16210,90.91,3978.05,0
16222,83.33,3973.54,0
16234,90.91,3968.87,0
16245,83.33,3970.20,0
16257,83.33,3970.27,0
16268,90.91,3970.51,0
16279,90.91,3971.01,0
16290,90.91,3970.73,0
16302,83.33,3970.70,0
16314,83.33,3970.08,0
16325,90.91,3971.98,0
16336,90.91,3970.54,0
16348,83.33,3969.76,0
16359,90.91,3969.84,0
16370,90.91,3967.74,0
16381,90.91,3965.61,0
16394,76.92,3965.22,0
16405,90.91,3967.30,0
16416,90.91,3968.90,0
16428,83.33,3968.47,0
16439,90.91,3971.50,0
16450,90.91,3976.09,0
16462,90.91,3971.32,0
16474,76.92,3970.42,0
16485,90.91,3972.46,0
16496,90.91,3970.61,0
16507,90.91,3972.78,0
16519,83.33,3970.95,0
16530,90.91,3965.09,0
16542,83.33,3965.86,0
16553,90.91,3967.81,0
16565,83.33,3970.39,0
16576,90.91,3973.80,0
16587,90.91,3974.61,0
16599,83.33,3971.71,0
16610,90.91,3971.28,0
16622,83.33,3972.38,0
16633,90.91,3969.43,0
16645,83.33,3968.85,0
16656,90.91,3968.88,0
16667,90.91,3967.49,0
16678,90.91,3969.90,0
16691,83.33,3971.47,0
16702,83.33,3970.53,0
16713,90.91,3974.11,0
16724,90.91,3973.56,0
16736,83.33,3968.09,0
16747,90.91,3966.10,0
16758,90.91,3970.03,0
16771,76.92,3971.28,0
16782,90.91,3970.19,0
16793,90.91,3967.10,0
16804,90.91,3966.46,0
16816,83.33,3968.11,0
16827,90.91,3971.20,0
16838,90.91,3972.14,0
16850,83.33,3971.73,0
16862,83.33,3969.23,0
16873,90.91,3970.20,0
16884,90.91,3969.89,0
16896,83.33,3968.68,0
16907,90.91,3969.07,0
16919,90.91,3967.68,0
16930,83.33,3967.64,0
16942,83.33,3969.15,0
16953,90.91,3969.17,0
16964,90.91,3971.66,0
16975,90.91,3973.60,0
16987,83.33,3972.76,0
16999,83.33,3971.95,0
17010,90.91,3972.01,0
17021,90.91,3969.03,0
17033,83.33,3968.50,0
17044,90.91,3968.36,0
17055,90.91,3967.55,0
17067,83.33,3968.52,0
17079,83.33,3967.89,0
17090,90.91,3969.23,0
17101,90.91,3971.78,0
17113,83.33,3974.25,0
17124,90.91,3972.01,0
17135,90.91,3970.16,0
17146,90.91,3970.79,0
17159,76.92,3970.12,0
17170,90.91,3969.32,0
17181,90.91,3969.50,0
17192,90.91,3968.73,0
17204,83.33,3970.54,0
17215,90.91,3969.53,0
17227,83.33,3967.59,0
17239,83.33,3971.97,0
17250,90.91,3970.31,0
17261,90.91,3968.90,0
17272,90.91,3970.13,0
17284,83.33,3971.87,0
17295,90.91,3971.18,0
17307,83.33,3970.04,0
17318,90.91,3969.34,0
17330,83.33,3967.36,0
17341,90.91,3970.55,0
17352,90.91,3971.00,0
17363,90.91,3972.23,0
17375,83.33,3970.91,0
17387,83.33,3971.69,0
17398,90.91,3974.77,0
17410,83.33,3974.72,0
17421,90.91,3971.52,0
17432,90.91,3969.78,0
17443,90.91,3969.55,0
17456,76.92,3966.71,0
17467,90.91,3968.16,0
17478,90.91,3970.66,0
17489,90.91,3971.08,0
17501,83.33,3970.03,0
17512,90.91,3970.52,0
17523,90.91,3971.61,0
17536,76.92,3971.78,0
17547,90.91,3968.69,0
17558,90.91,3965.93,0
17569,90.91,3969.85,0
17581,83.33,3970.24,0
17592,90.91,3968.98,0
17603,90.91,3969.43,0
17615,83.33,3968.86,0
17627,83.33,3969.83,0
17638,90.91,3972.75,0
17649,90.91,3973.11,0
17660,90.91,3972.76,0
17672,83.33,3972.23,0
17684,83.33,3974.62,0
17695,90.91,3971.78,0
17707,83.33,3968.92,0
17718,90.91,3967.23,0
17729,90.91,3969.69,0
17740,90.91,3969.58,0
17752,83.33,3969.94,0
17764,83.33,3969.27,0
17775,90.91,3970.21,0
17786,90.91,3969.11,0
17798,83.33,3970.62,0
17809,90.91,3971.11,0
17820,90.91,3970.44,0
17831,90.91,3968.48,0
17844,76.92,3969.23,0
17855,90.91,3967.82,0
17866,90.91,3968.47,0
17878,83.33,3970.10,0
17889,90.91,3971.46,0
17900,90.91,3973.00,0
17912,83.33,3972.87,0
17924,83.33,3971.31,0
17935,90.91,3970.95,0
17946,90.91,3969.86,0
17957,90.91,3966.91,0
17969,83.33,3968.58,0
17980,90.91,3972.28,0
17992,83.33,3971.27,0
18003,90.91,3969.80,0
18015,83.33,3971.61,0
18026,90.91,3971.06,0
18037,90.91,3969.72,0
18049,83.33,3972.68,0
18060,90.91,3976.11,0
18072,83.33,3972.49,0
18083,90.91,3967.62,0
18095,83.33,3968.08,0
18106,90.91,3968.91,0
18117,90.91,3969.37,0
18128,90.91,3968.95,0
18141,76.92,3968.25,0
18152,90.91,3969.03,0
18163,90.91,3972.37,0
18174,90.91,3972.17,0
18186,83.33,3970.04,0
18197,90.91,3969.07,0
18208,90.91,3969.40,0
18221,76.92,3969.33,0
18232,90.91,3970.50,0
18243,90.91,3966.23,0
18254,90.91,3967.54,0
18266,83.33,3970.24,0
18277,90.91,3971.08,0
18289,90.91,3969.88,0
18300,83.33,3969.96,0
18312,83.33,3972.56,0
18323,90.91,3973.31,0
18334,90.91,3972.76,0
18345,90.91,3971.26,0
18357,83.33,3971.85,0
18369,83.33,3970.14,0
18380,90.91,3969.77,0
18392,83.33,3969.26,0
18403,90.91,3966.66,0
18414,90.91,3969.42,0
18425,90.91,3969.42,0
18437,83.33,3969.04,0
18449,83.33,3968.24,0
18460,90.91,3970.97,0
18471,90.91,3973.83,0
18483,83.33,3972.62,0
18494,90.91,3971.29,0
18505,90.91,3969.28,0
18518,90.91,3968.71,0
18529,76.92,3970.93,0
18540,90.91,3972.28,0
18551,90.91,3972.30,0
18563,83.33,3968.93,0
18574,90.91,3967.53,0
18585,90.91,3968.98,0
18597,83.33,3970.05,0
18609,83.33,3970.31,0
18620,90.91,3969.90,0
18631,90.91,3968.17,0
18642,90.91,3970.35,0
18654,83.33,3971.44,0
18665,90.91,3969.08,0
18677,83.33,3969.03,0
18689,83.33,3969.98,0
18700,90.91,3968.91,0
18711,90.91,3970.45,0
18722,90.91,3972.02,0
18734,83.33,3970.47,0
18746,90.91,3969.73,0
18757,83.33,3968.59,0
18768,90.91,3971.19,0
18780,83.33,3968.32,0
18791,90.91,3970.35,0
18802,90.91,3969.79,0
18813,90.91,3970.11,0
18826,76.92,3970.59,0
18837,90.91,3969.51,0
18848,90.91,3972.39,0
18860,83.33,3973.91,0
18871,90.91,3972.72,0
18882,90.91,3967.95,0
18893,90.91,3968.40,0
18906,76.92,3971.75,0
18917,90.91,3971.45,0
18928,90.91,3968.26,0
18939,90.91,3968.82,0
18951,83.33,3968.40,0
18962,90.91,3970.50,0
18974,90.91,3971.89,0
18985,83.33,3969.37,0
18997,83.33,3969.15,0
19008,90.91,3970.72,0
19019,90.91,3968.98,0
19031,83.33,3969.17,0
19042,90.91,3966.59,0
19054,83.33,3967.02,0
19065,90.91,3971.19,0
19077,83.33,3972.34,0
19088,90.91,3974.18,0
19099,90.91,3971.22,0
19110,90.91,3971.27,0
19122,83.33,3973.29,0
19134,83.33,3973.23,0
19145,90.91,3969.06,0
19156,90.91,3966.85,0
19168,83.33,3969.69,0
19179,90.91,3973.26,0
19190,90.91,3970.74,0
19203,76.92,3968.40,0
19214,90.91,3966.71,0
19225,90.91,3968.05,0
19236,90.91,3969.74,0
19248,83.33,3973.33,0
19259,90.91,3971.57,0
19270,90.91,3969.16,0
19282,83.33,3971.67,0
19294,83.33,3968.48,0
19305,90.91,3966.73,0
19316,90.91,3966.33,0
19328,83.33,3969.07,0
19339,90.91,3970.46,0
19351,90.91,3970.84,0
19362,83.33,3970.20,0
19374,83.33,3971.48,0
19385,90.91,3971.40,0
19396,90.91,3971.50,0
19407,90.91,3972.02,0
19419,83.33,3968.04,0
19431,83.33,3967.58,0
19442,90.91,3970.95,0
19453,90.91,3971.89,0
19465,83.33,3971.50,0
19476,90.91,3973.44,0
19487,90.91,3972.82,0
19499,83.33,3969.33,0
19511,83.33,3970.02,0
19522,90.91,3968.44,0
19533,90.91,3967.31,0
19545,83.33,3969.91,0
19556,90.91,3971.18,0
19567,90.91,3969.63,0
19579,90.91,3969.11,0
19591,76.92,3970.88,0
19602,90.91,3973.11,0
19613,90.91,3972.13,0
19624,90.91,3970.54,0
19636,83.33,3971.32,0
19647,90.91,3969.58,0
19659,83.33,3971.15,0
19671,83.33,3973.44,0
19682,90.91,3970.30,0
19693,90.91,3969.58,0
19704,90.91,3970.52,0
19716,83.33,3969.05,0
19727,90.91,3967.81,0
19739,83.33,3969.28,0
19750,90.91,3972.94,0
19762,83.33,3973.38,0
19773,90.91,3970.90,0
19784,90.91,3967.12,0
19795,90.91,3968.91,0
19808,83.33,3971.70,0
19819,83.33,3970.97,0
19830,90.91,3970.15,0
19842,83.33,3966.59,0
19853,90.91,3967.73,0
19864,90.91,3969.13,0
19875,90.91,3970.41,0
19888,76.92,3970.56,0
19899,90.91,3968.82,0
19910,90.91,3970.29,0
19921,90.91,3972.30,0
19933,83.33,3969.49,0
19944,90.91,3965.49,0
19955,90.91,3966.86,0
19968,76.92,3973.53,0
19979,90.91,3973.31,0
19990,90.91,3971.66,0
20001,90.91,3969.94,0
20013,83.33,3968.24,0
20024,90.91,3969.77,0
20036,90.91,3971.91,0
20047,83.33,3972.79,0
20059,83.33,3970.61,0
20070,90.91,3969.73,0
20081,90.91,3970.10,0
20092,90.91,3970.96,0
20104,83.33,3967.91,0
20116,83.33,3968.88,0
20127,90.91,3973.87,0
20139,83.33,3973.02,0
20150,90.91,3974.02,0
20161,90.91,3971.07,0
20172,90.91,3972.30,0
20184,83.33,3970.71,0
20196,83.33,3968.53,0
20207,90.91,3966.41,0
20218,90.91,3967.15,0
20230,83.33,3969.99,0
20241,90.91,3970.97,0
20252,90.91,3972.49,0
20264,90.91,3972.95,0
20276,76.92,3973.01,0
20287,90.91,3972.37,0
20298,90.91,3971.52,0
20310,83.33,3970.03,0
20321,90.91,3970.58,0
20332,90.91,3970.13,0
20344,83.33,3968.90,0
20356,83.33,3968.31,0
20367,90.91,3966.61,0
20378,90.91,3969.09,0
20389,90.91,3971.32,0
20401,83.33,3973.21,0
20412,90.91,3970.09,0
20424,83.33,3969.69,0
20435,90.91,3971.10,0
20447,83.33,3969.80,0
20458,90.91,3966.55,0
20469,90.91,3964.93,0
20481,83.33,3966.46,0
20493,90.91,3970.87,0
20504,83.33,3972.21,0
20515,90.91,3974.30,0
20527,83.33,3971.75,0
20538,90.91,3969.53,0
20549,90.91,3970.50,0
20560,90.91,3972.47,0
20573,76.92,3968.55,0
20584,90.91,3969.73,0
20595,90.91,3970.85,0
20606,90.91,3969.62,0
20618,83.33,3969.53,0
20629,90.91,3969.66,0
20640,90.91,3967.94,0
20653,76.92,3971.28,0
20664,90.91,3973.61,0
20675,90.91,3971.93,0
20686,90.91,3970.30,0
20698,83.33,3969.07,0
20709,90.91,3970.80,0
20721,90.91,3969.43,0
20732,83.33,3968.53,0
20744,83.33,3968.58,0
20755,90.91,3970.22,0
20766,90.91,3970.66,0
20777,90.91,3971.42,0
20789,83.33,3971.98,0
20801,83.33,3972.49,0
20812,90.91,3970.42,0
20824,83.33,3968.39,0
20835,90.91,3968.25,0
20846,90.91,3966.95,0
20857,90.91,3966.42,0
20869,83.33,3968.40,0
20881,83.33,3968.45,0
20892,90.91,3968.77,0
20903,90.91,3972.17,0
20915,83.33,3974.50,0
20926,90.91,3973.73,0
20937,90.91,3970.20,0
20950,90.91,3967.97,0
20961,76.92,3969.55,0
20972,90.91,3970.51,0
20983,90.91,3968.48,0
20995,83.33,3967.44,0
21006,90.91,3971.08,0
21017,90.91,3971.88,0
21029,83.33,3972.89,0
21041,83.33,3969.57,0
21052,90.91,3970.70,0
21063,90.91,3972.78,0
21074,90.91,3972.61,0
21086,83.33,3969.93,0
21097,90.91,3966.88,0
21109,83.33,3966.59,0
21121,83.33,3968.61,0
21132,90.91,3970.50,0
21143,90.91,3970.79,0
21154,90.91,3966.83,0
21166,83.33,3968.23,0
21178,90.91,3970.51,0
21189,83.33,3970.93,0
21200,90.91,3970.98,0
21212,83.33,3973.07,0
21223,90.91,3972.72,0
21234,90.91,3970.64,0
21245,90.91,3970.10,0
21258,76.92,3967.33,0
21269,90.91,3966.43,0
21280,90.91,3969.02,0
21292,83.33,3971.02,0
21303,90.91,3971.27,0
21314,90.91,3973.02,0
21325,90.91,3973.03,0
21338,76.92,3975.19,0
21349,90.91,3974.69,0
21360,90.91,3970.07,0
21371,90.91,3967.38,0
21383,83.33,3967.06,0
21394,90.91,3968.88,0
21406,90.91,3969.55,0
21417,83.33,3968.07,0
21429,83.33,3966.82,0
21440,90.91,3970.53,0
21451,90.91,3971.60,0
21463,83.33,3970.08,0
21474,90.91,3970.29,0
21486,83.33,3969.47,0
21497,90.91,3968.15,0
21509,83.33,3966.77,0
21520,90.91,3969.96,0
21531,90.91,3971.85,0
21542,90.91,3971.65,0
21554,83.33,3970.97,0
21566,83.33,3970.52,0
21577,90.91,3968.68,0
21588,90.91,3970.01,0
21600,83.33,3970.97,0
21611,90.91,3971.05,0
21622,90.91,3968.33,0
21635,83.33,3967.73,0
21646,83.33,3967.67,0
21657,90.91,3969.33,0
21668,90.91,3971.08,0
21680,83.33,3968.44,0
21691,90.91,3969.87,0
21702,90.91,3975.25,0
21714,83.33,3973.29,0
21726,83.33,3970.33,0
21737,90.91,3970.08,0
21748,90.91,3967.32,0
21760,83.33,3966.49,0
21771,90.91,3967.54,0
21782,90.91,3966.71,0
21794,83.33,3966.20,0
21806,83.33,3969.82,0
21817,90.91,3973.12,0
21828,90.91,3974.43,0
21839,90.91,3974.14,0
21851,83.33,3972.76,0
21863,90.91,3972.95,0
21874,83.33,3970.82,0
21885,90.91,3966.69,0
21897,83.33,3967.22,0
21908,90.91,3969.57,0
21919,90.91,3969.38,0
21931,83.33,3970.23,0
21943,83.33,3969.84,0
21954,90.91,3969.53,0
21965,90.91,3969.87,0
21977,83.33,3971.37,0
21988,90.91,3972.34,0
21999,90.91,3971.77,0
22010,90.91,3970.91,0
22023,76.92,3968.90,0
22034,90.91,3968.17,0
22045,90.91,3967.52,0
22056,90.91,3969.76,0
22068,83.33,3972.27,0
22079,90.91,3973.17,0
22091,90.91,3973.24,0
22103,76.92,3972.30,0
22114,90.91,3973.35,0
22125,90.91,3971.76,0
22136,90.91,3969.30,0
22148,83.33,3969.60,0
22159,90.91,3967.58,0
22171,83.33,3969.65,0
22182,90.91,3969.55,0
22194,83.33,3968.60,0
22205,90.91,3970.35,0
22216,90.91,3975.47,0
22227,90.91,3973.69,0
22239,83.33,3974.33,0
22251,83.33,3968.97,0
22262,90.91,3967.35,0
22274,83.33,3971.12,0
22285,90.91,3970.19,0
22296,90.91,3966.88,0
22307,90.91,3967.44,0
22320,76.92,3970.77,0
22331,90.91,3970.60,0
22342,90.91,3969.70,0
22353,90.91,3971.51,0
22365,83.33,3974.35,0
22376,90.91,3972.85,0
22387,90.91,3973.14,0
22400,76.92,3975.53,0
22411,90.91,3974.65,0
22422,90.91,3969.87,0
22433,90.91,3967.79,0
22445,83.33,3966.92,0
22456,90.91,3967.85,0
22467,90.91,3967.91,0
22479,83.33,3970.39,0
22491,83.33,3971.32,0
22502,90.91,3971.95,0
22513,90.91,3970.71,0
22524,90.91,3971.82,0
22536,83.33,3970.96,0
22548,83.33,3971.03,0
22559,90.91,3971.12,0
22571,83.33,3967.13,0
22582,90.91,3965.00,0
22593,90.91,3969.59,0
22604,90.91,3972.49,0
22616,83.33,3973.86,0
22628,83.33,3970.29,0
22639,90.91,3966.97,0
22650,90.91,3970.47,0
22662,83.33,3972.77,0
22673,90.91,3970.04,0
22684,90.91,3967.23,0
22695,90.91,3965.92,0
22708,76.92,3969.70,0
22719,90.91,3973.78,0
22730,90.91,3972.05,0
22742,83.33,3966.10,0
22753,90.91,3968.43,0
22764,90.91,3974.45,0
22776,83.33,3972.37,0
22788,83.33,3970.60,0
22799,90.91,3968.97,0
22810,90.91,3968.78,0
22821,90.91,3970.29,0
22833,83.33,3971.87,0
22844,90.91,3969.33,0
22856,83.33,3966.20,0
22867,90.91,3969.23,0
22879,83.33,3973.66,0
22890,90.91,3972.17,0
22901,90.91,3971.60,0
22913,83.33,3972.10,0
22925,90.91,3973.79,0
22936,83.33,3971.62,0
22947,90.91,3972.43,0
22959,83.33,3970.05,0
22970,90.91,3969.28,0
22981,90.91,3971.31,0
22992,90.91,3969.80,0
23005,76.92,3969.27,0
23016,90.91,3970.79,0
23027,90.91,3969.83,0
23038,90.91,3974.59,0
23050,83.33,3974.58,0
23061,90.91,3966.58,0
23072,90.91,3967.00,0
23085,76.92,3974.20,0
23096,90.91,3970.29,0
23107,90.91,3968.39,0
23118,90.91,3967.55,0
23130,83.33,3964.79,0
23141,90.91,3971.33,0
23153,90.91,3980.82,0
23164,83.33,3974.34,0
23176,83.33,3969.87,0
23187,90.91,3971.83,0
23198,90.91,3972.26,0
23209,90.91,3971.73,0
23221,83.33,3968.67,0
23233,83.33,3961.56,0
23244,90.91,3967.78,0
23256,83.33,3972.56,0
23267,90.91,3970.57,0
23278,90.91,3968.67,0
23289,90.91,3973.40,0
23301,83.33,3975.87,0
23313,83.33,3974.21,0
23324,90.91,3969.19,0
23335,90.91,3966.03,0
23347,83.33,3969.79,0
23358,90.91,3969.51,0
23369,90.91,3967.33,0
23382,90.91,3964.38,0
23393,76.92,3967.03,0
23404,90.91,3969.91,0
23415,90.91,3971.76,0
23427,83.33,3974.37,0
23438,90.91,3970.18,0
23449,90.91,3965.77,0
23461,83.33,3970.27,0
23473,83.33,3972.16,0
23484,90.91,3970.63,0
23495,90.91,3971.23,0
23506,90.91,3969.18,0
23518,83.33,3970.57,0
23529,90.91,3972.65,0
23541,83.33,3973.06,0
23553,83.33,3971.87,0
23564,90.91,3971.57,0
23575,90.91,3973.25,0
23586,90.91,3974.20,0
23598,83.33,3972.24,0
23610,90.91,3969.32,0
23621,90.91,3968.87,0
23632,90.91,3968.02,0
23644,83.33,3966.47,0
23655,90.91,3965.14,0
23666,90.91,3969.95,0
23677,90.91,3971.42,0
23690,76.92,3970.23,0
23701,90.91,3970.40,0
23712,90.91,3971.15,0
23724,83.33,3971.29,0
23735,90.91,3971.47,0
23746,90.91,3967.21,0
23757,90.91,3965.51,0
23770,76.92,3967.47,0
23781,90.91,3969.18,0
23792,90.91,3970.86,0
23803,90.91,3972.16,0
23815,83.33,3970.49,0
23826,90.91,3972.36,0
23838,83.33,3973.76,0
23849,90.91,3972.89,0
23861,83.33,3968.82,0
23872,90.91,3971.02,0
23883,90.91,3968.31,0
23895,83.33,3965.25,0
23906,90.91,3972.25,0
23918,83.33,3967.17,0
23929,90.91,3969.63,0
23941,83.33,3972.62,0
23952,90.91,3973.49,0
23963,90.91,3973.28,0
23974,90.91,3969.90,0
23987,83.33,3965.71,0
23998,83.33,3968.91,0
24009,90.91,3968.04,0
24020,90.91,3965.97,0
24032,83.33,3969.34,0
24043,90.91,3968.32,0
24054,90.91,3966.31,0
24067,76.92,3969.67,0
24078,90.91,3969.87,0
24089,90.91,3970.46,0
24100,90.91,3974.71,0
24112,83.33,3970.81,0
24123,90.91,3968.09,0
24134,90.91,3971.35,0
24146,83.33,3969.75,0
24158,83.33,3969.74,0
24169,90.91,3972.09,0
24180,90.91,3965.49,0
24192,83.33,3966.48,0
24203,90.91,3972.94,0
24215,90.91,3973.94,0
24226,83.33,3971.58,0
24238,83.33,3970.34,0
24249,90.91,3972.12,0
24260,90.91,3972.57,0
24271,90.91,3969.40,0
24283,83.33,3968.40,0
24295,83.33,3968.12,0
24306,90.91,3966.16,0
24317,90.91,3968.07,0
24329,83.33,3971.70,0
24340,90.91,3971.60,0
24351,90.91,3970.68,0
24363,83.33,3971.82,0
24375,83.33,3972.06,0
24386,90.91,3970.20,0
24397,90.91,3969.39,0
24409,83.33,3969.07,0
24420,90.91,3971.51,0
24431,90.91,3969.65,0
24443,90.91,3970.81,0
24455,76.92,3974.18,0
24466,90.91,3972.33,0
24477,90.91,3972.75,0
24488,90.91,3969.67,0
24500,83.33,3968.28,0
24511,90.91,3970.86,0
24523,83.33,3972.68,0
24535,83.33,3967.81,0
24546,90.91,3967.56,0
24557,90.91,3968.38,0
24568,90.91,3971.39,0
24580,83.33,3974.15,0
24591,90.91,3971.91,0
24603,83.33,3970.92,0
24614,90.91,3971.34,0
24626,83.33,3970.72,0
24637,90.91,3971.03,0
24648,90.91,3972.96,0
24659,90.91,3972.44,0
24672,83.33,3969.90,0
24683,83.33,3968.21,0
24694,90.91,3969.89,0
24706,83.33,3971.78,0
24717,90.91,3969.97,0
24728,90.91,3972.02,0
24739,90.91,3972.04,0
24752,76.92,3971.69,0
24763,90.91,3969.86,0
24774,90.91,3964.78,0
24785,90.91,3966.02,0
24797,83.33,3966.85,0
24808,90.91,3968.42,0
24819,90.91,3967.51,0
24832,76.92,3967.68,0
24843,90.91,3969.54,0
24854,90.91,3971.92,0
24865,90.91,3970.30,0
24877,83.33,3970.84,0
24888,90.91,3969.61,0
24900,90.91,3969.51,0
24911,90.91,3968.85,0
24923,83.33,3970.16,0
24934,90.91,3968.25,0
24945,90.91,3967.36,0
24956,90.91,3968.08,0
24968,83.33,3969.28,0
24980,83.33,3970.26,0
24991,90.91,3970.20,0
25003,83.33,3970.74,0
25014,90.91,3972.82,0
25025,90.91,3974.78,0
25036,90.91,3972.97,0
25048,83.33,3969.22,0
25060,83.33,3966.94,0
25071,90.91,3968.21,0
25082,90.91,3969.84,0
25094,83.33,3970.38,0
25105,90.91,3969.75,0
25116,90.91,3970.86,0
25128,83.33,3970.26,0
25140,83.33,3969.36,0
25151,90.91,3972.99,0
25162,90.91,3971.63,0
25174,83.33,3968.22,0
25185,90.91,3969.65,0
25196,90.91,3970.65,0
25208,83.33,3971.35,0
25220,83.33,3972.36,0
25231,90.91,3970.15,0
25242,90.91,3969.22,0
25253,90.91,3970.12,0
25265,83.33,3971.45,0
25276,90.91,3971.18,0
25288,83.33,3969.66,0
25299,90.91,3968.45,0
25311,83.33,3972.29,0
25322,90.91,3971.05,0
25333,90.91,3969.73,0
25345,83.33,3969.05,0
25357,90.91,3969.44,0
25368,83.33,3970.64,0
25379,90.91,3973.48,0
25391,83.33,3973.68,0
25402,90.91,3971.26,0
25413,90.91,3972.72,0
25424,90.91,3970.61,0
25437,76.92,3967.31,0
25448,90.91,3966.82,0
25459,90.91,3967.31,0
25470,90.91,3967.59,0
25482,83.33,3967.24,0
25493,90.91,3967.04,0
25504,90.91,3972.08,0
25517,76.92,3972.57,0
25528,90.91,3971.40,0
25539,90.91,3974.56,0
25550,90.91,3973.71,0
25562,83.33,3971.45,0
25573,90.91,3968.51,0
25585,90.91,3966.35,0
25596,83.33,3968.13,0
25608,83.33,3966.95,0
25619,90.91,3968.21,0
25630,90.91,3970.25,0
25641,90.91,3971.02,0
25653,83.33,3972.48,0
25665,83.33,3971.28,0
25676,90.91,3968.15,0
25688,83.33,3970.03,0
25699,90.91,3970.80,0
25710,90.91,3969.65,0
25721,90.91,3969.21,0
25733,83.33,3970.29,0
25745,83.33,3968.47,0
25756,90.91,3967.75,0
25767,90.91,3969.05,0
25779,83.33,3969.85,0
25790,90.91,3973.13,0
25801,90.91,3972.26,0
25814,90.91,3971.95,0
25825,76.92,3969.58,0
25836,90.91,3969.50,0
25847,90.91,3967.27,0
25859,83.33,3966.33,0
25870,90.91,3969.78,0
25881,90.91,3972.29,0
25893,83.33,3971.93,0
25905,83.33,3971.22,0
25916,90.91,3970.20,0
25927,90.91,3970.27,0
25938,90.91,3970.36,0
25950,83.33,3973.03,0
25961,90.91,3971.93,0
25973,83.33,3969.70,0
25985,83.33,3967.95,0
25996,90.91,3970.70,0
26007,90.91,3970.38,0
26018,90.91,3969.32,0
26030,83.33,3971.13,0
26042,90.91,3971.75,0
26053,83.33,3972.77,0
26064,90.91,3973.68,0
26076,83.33,3970.05,0
26087,90.91,3970.46,0
26098,90.91,3972.24,0
26109,90.91,3970.49,0
26122,76.92,3967.64,0
26133,90.91,3969.52,0
26144,90.91,3969.81,0
26156,83.33,3969.77,0
26167,90.91,3972.07,0
26178,90.91,3971.26,0
26189,90.91,3967.89,0
26202,76.92,3970.72,0
26213,90.91,3971.08,0
26224,90.91,3970.72,0
26235,90.91,3971.04,0
26247,83.33,3968.42,0
26258,90.91,3967.13,0
26270,90.91,3967.07,0
26281,83.33,3968.51,0
26293,83.33,3971.63,0
26304,90.91,3972.11,0
26315,90.91,3971.11,0
26327,83.33,3972.23,0
26338,90.91,3969.85,0
26350,83.33,3968.54,0
26361,90.91,3970.40,0
26373,83.33,3969.91,0
26384,90.91,3968.98,0
26395,90.91,3969.39,0
26406,90.91,3968.48,0
26418,83.33,3969.88,0
26430,83.33,3969.80,0
26441,90.91,3968.94,0
26452,90.91,3967.18,0
26464,83.33,3970.06,0
26475,90.91,3970.84,0
26486,90.91,3970.09,0
26499,83.33,3969.65,0
26510,83.33,3966.03,0
26521,90.91,3968.66,0
26532,90.91,3970.89,0
26544,83.33,3968.85,0
26555,90.91,3969.03,0
26566,90.91,3971.89,0
26578,83.33,3976.63,0
26590,83.33,3971.70,0
26601,90.91,3967.10,0
26612,90.91,3966.61,0
26624,83.33,3972.57,0
26635,90.91,3968.44,0
26646,90.91,3968.75,0
26658,83.33,3970.41,0
26670,83.33,3971.98,0
26681,90.91,3972.37,0
26692,90.91,3974.32,0
26703,90.91,3972.43,0
26715,83.33,3970.48,0
26727,90.91,3971.74,0
26738,83.33,3972.45,0
26749,90.91,3969.66,0
26761,83.33,3967.07,0
26772,90.91,3965.22,0
26783,90.91,3966.13,0
26795,83.33,3969.83,0
26807,83.33,3967.69,0
26818,90.91,3966.21,0
26829,90.91,3971.20,0
26841,83.33,3973.82,0
26852,90.91,3971.91,0
26863,90.91,3968.67,0
26874,90.91,3967.84,0
26887,76.92,3969.06,0
26898,90.91,3971.99,0
26909,90.91,3969.05,0
26920,90.91,3965.25,0
26932,83.33,3966.88,0
26943,90.91,3972.29,0
26955,90.91,3974.29,0
26967,76.92,3972.63,0
26978,90.91,3971.82,0
26989,90.91,3972.88,0
27000,90.91,3973.71,0
27012,83.33,3971.30,0
27023,90.91,3965.16,0
27035,83.33,3965.88,0
27046,90.91,3969.35,0
27058,83.33,3972.75,0
27069,90.91,3970.13,0
27080,90.91,3970.94,0
27091,90.91,3970.50,0
27103,83.33,3972.05,0
27115,83.33,3973.19,0
27126,90.91,3969.59,0
27138,83.33,3966.38,0
27149,90.91,3969.64,0
27160,90.91,3973.29,0
27171,90.91,3970.63,0
27184,83.33,3966.89,0
27195,83.33,3968.07,0
27206,90.91,3970.57,0
27217,90.91,3973.68,0
27229,83.33,3972.25,0
27240,90.91,3968.07,0
27251,90.91,3971.89,0
27264,76.92,3969.97,0
27275,90.91,3969.29,0
27286,90.91,3968.71,0
27297,90.91,3965.47,0
27309,83.33,3970.14,0
27320,90.91,3973.35,0
27331,90.91,3974.43,0
27343,83.33,3973.01,0
27355,83.33,3969.45,0
27366,90.91,3972.93,0
27377,90.91,3974.40,0
27388,90.91,3971.05,0
27400,83.33,3964.08,0
27412,90.91,3967.01,0
27423,83.33,3970.64,0
27435,83.33,3970.67,0
27446,90.91,3967.81,0
27457,90.91,3966.25,0
27468,90.91,3971.24,0
27480,83.33,3973.37,0
27492,83.33,3972.10,0
27503,90.91,3970.40,0
27514,90.91,3966.87,0
27526,83.33,3971.24,0
27537,90.91,3972.10,0
27548,90.91,3967.54,0
27559,90.91,3965.92,0
27572,76.92,3970.53,0
27583,90.91,3971.20,0
27594,90.91,3969.20,0
27606,83.33,3968.76,0
27617,90.91,3971.29,0
27628,90.91,3975.28,0
27640,90.91,3975.76,0
27652,76.92,3970.38,0
27663,90.91,3964.71,0
27674,90.91,3965.09,0
27685,90.91,3968.69,0
27697,83.33,3970.59,0
27708,90.91,3968.13,0
27720,83.33,3966.18,0
27731,90.91,3970.22,0
27743,83.33,3974.83,0
27754,90.91,3972.04,0
27765,90.91,3968.14,0
27777,83.33,3969.46,0
27788,90.91,3971.72,0
27800,83.33,3970.19,0
27811,90.91,3966.05,0
27823,83.33,3965.18,0
27834,90.91,3967.57,0
27845,90.91,3974.24,0
27856,90.91,3973.61,0
27869,83.33,3969.69,0
27880,83.33,3968.51,0
27891,90.91,3972.89,0
27902,90.91,3976.94,0
27914,83.33,3970.18,0
27925,90.91,3966.77,0
27936,90.91,3968.10,0
27949,76.92,3972.55,0
27960,90.91,3973.35,0
27971,90.91,3970.41,0
27982,90.91,3967.97,0
27994,83.33,3970.32,0
28005,90.91,3973.71,0
28016,90.91,3974.13,0
28028,83.33,3972.23,0
28040,83.33,3969.22,0
28051,90.91,3970.78,0
28062,90.91,3973.21,0
28073,90.91,3970.72,0
28085,83.33,3965.52,0
28097,90.91,3965.22,0
28108,83.33,3970.46,0
28120,83.33,3972.97,0
28131,90.91,3971.33,0
28142,90.91,3966.99,0
28153,90.91,3965.29,0
28165,83.33,3971.19,0
28177,83.33,3974.01,0
28188,90.91,3971.62,0
28199,90.91,3967.44,0
28211,83.33,3970.20,0
28222,90.91,3972.71,0
28233,90.91,3969.32,0
28244,90.91,3965.50,0
28257,76.92,3968.81,0
28268,90.91,3972.13,0
28279,90.91,3971.82,0
28291,83.33,3970.87,0
28302,90.91,3972.09,0
28313,90.91,3969.58,0
28325,90.91,3971.40,0
28337,76.92,3970.65,0
28348,90.91,3966.29,0
28359,90.91,3966.19,0
28370,90.91,3970.49,0
28382,83.33,3972.57,0
28393,90.91,3970.77,0
28405,83.33,3968.96,0
28417,83.33,3970.00,0
28428,90.91,3973.54,0
28439,90.91,3975.41,0
28450,90.91,3968.64,0
28462,83.33,3968.00,0
28473,90.91,3971.73,0
28485,83.33,3971.68,0
28496,90.91,3970.95,0
28508,83.33,3969.18,0
28519,90.91,3969.22,0
28530,90.91,3973.20,0
28541,90.91,3973.19,0
28554,83.33,3971.48,0
28565,83.33,3969.35,0
28576,90.91,3972.66,0
28588,83.33,3975.59,0
28599,90.91,3973.79,0
28610,90.91,3972.29,0
28621,90.91,3969.89,0
28634,76.92,3970.59,0
28645,90.91,3971.22,0
28656,90.91,3972.73,0
28667,90.91,3971.59,0
28679,83.33,3974.45,0
28690,90.91,3974.44,0
28701,90.91,3972.47,0
28713,83.33,3971.14,0
28725,83.33,3975.05,0
28736,90.91,3973.00,0
28747,90.91,3970.59,0
28759,83.33,3969.24,0
28770,90.91,3970.76,0
28782,90.91,3972.31,0
28793,83.33,3973.47,0
28805,83.33,3970.98,0
28816,90.91,3970.61,0
28827,90.91,3970.87,0
28838,90.91,3971.90,0
28850,83.33,3971.79,0
28862,83.33,3969.81,0
28873,90.91,3968.95,0
28884,90.91,3969.19,0
28896,83.33,3970.70,0
28907,90.91,3970.96,0
28918,90.91,3972.65,0
28930,83.33,3972.26,0
28942,83.33,3973.71,0
28953,90.91,3974.14,0
28964,90.91,3973.68,0
28976,83.33,3970.99,0
28987,90.91,3972.91,0
28998,90.91,3973.54,0
29010,90.91,3971.32,0
29022,76.92,3971.83,0
29033,90.91,3969.66,0
29044,90.91,3971.17,0
29056,83.33,3975.07,0
29067,90.91,3974.55,0
29078,90.91,3972.44,0
29090,83.33,3971.68,0
29102,83.33,3973.39,0
29113,90.91,3974.81,0
29124,90.91,3968.99,0
29135,90.91,3965.52,0
29147,83.33,3971.27,0
29158,90.91,3975.70,0
29170,83.33,3975.01,0
29181,90.91,3970.78,0
29193,83.33,3970.81,0
29204,90.91,3972.43,0
29215,90.91,3971.81,0
29227,83.33,3970.61,0
29239,90.91,3969.65,0
29250,83.33,3971.66,0
29261,90.91,3971.47,0
29273,83.33,3971.78,0
29284,90.91,3971.37,0
29295,90.91,3969.12,0
29306,90.91,3969.81,0
29319,76.92,3974.03,0
29330,90.91,3976.02,0
29341,90.91,3974.90,0
29352,90.91,3973.41,0
29364,83.33,3972.23,0
29375,90.91,3973.61,0
29386,90.91,3972.46,0
29399,76.92,3969.76,0
29410,90.91,3970.09,0
29421,90.91,3971.01,0
29432,90.91,3972.35,0
29444,83.33,3969.99,0
29455,90.91,3970.46,0
29467,90.91,3972.43,0
29478,83.33,3973.25,0
29490,83.33,3973.19,0
29501,90.91,3974.02,0
29512,90.91,3971.35,0
29523,90.91,3969.34,0
29535,83.33,3967.28,0
29547,83.33,3970.08,0
29558,90.91,3970.69,0
29570,83.33,3969.97,0
29581,90.91,3970.27,0
29592,90.91,3970.22,0
29603,90.91,3974.08,0
29615,83.33,3973.46,0
29627,83.33,3970.89,0
29638,90.91,3974.52,0
29649,90.91,3972.68,0
29661,83.33,3970.25,0
29672,90.91,3968.76,0
29683,90.91,3969.85,0
29696,76.92,3971.12,0
29707,90.91,3971.78,0
29718,90.91,3971.10,0
29729,90.91,3971.55,0
29741,83.33,3970.93,0
29752,90.91,3969.31,0
29763,90.91,3967.85,0
29775,83.33,3970.39,0
29787,83.33,3970.66,0
29798,90.91,3969.90,0
29809,90.91,3970.42,0
29820,90.91,3969.72,0
29832,83.33,3970.38,0
29843,90.91,3969.45,0
29855,83.33,3970.18,0
29867,83.33,3972.94,0
29878,90.91,3971.72,0
29889,90.91,3972.79,0
29900,90.91,3973.28,0
29912,83.33,3973.44,0
29924,83.33,3969.52,0
29935,90.91,3968.02,0
29946,90.91,3967.49,0
29958,83.33,3972.82,0
29969,90.91,3975.42,0
29980,90.91,3974.97,0
29991,90.91,3973.56,0
30004,76.92,3971.08,0
30015,90.91,3970.94,0
30026,90.91,3969.17,0
30038,83.33,3968.61,0
30049,90.91,3973.45,0
30060,90.91,3973.51,0
30071,90.91,3973.26,0
30084,76.92,3970.66,0
30095,90.91,3971.12,0
30106,90.91,3972.65,0
30117,90.91,3974.72,0
30129,83.33,3974.42,0
30140,90.91,3969.80,0
30152,83.33,3969.93,0
30163,90.91,3971.30,0
30175,83.33,3969.30,0
30186,90.91,3967.72,0
30197,90.91,3967.87,0
30209,83.33,3971.17,0
30220,90.91,3976.55,0
30232,83.33,3977.04,0
30243,90.91,3972.88,0
30255,83.33,3972.19,0
30266,90.91,3974.49,0
30277,90.91,3971.56,0
30288,90.91,3967.94,0
30301,83.33,3969.53,0
30312,83.33,3970.34,0
30323,90.91,3970.33,0
30334,90.91,3972.08,0
30346,83.33,3971.58,0
30357,90.91,3972.54,0
30368,90.91,3973.95,0
30381,76.92,3976.27,0
30392,90.91,3975.34,0
30403,90.91,3972.48,0
30414,90.91,3970.59,0
30426,83.33,3970.73,0
30437,90.91,3972.30,0
30448,90.91,3970.13,0
30460,83.33,3969.15,0
30472,83.33,3971.66,0
30483,90.91,3974.79,0
30494,90.91,3976.21,0
30505,90.91,3973.66,0
30517,83.33,3973.77,0
30528,90.91,3976.52,0
30540,83.33,3975.96,0
30552,83.33,3971.66,0
30563,90.91,3969.86,0
30574,90.91,3969.73,0
30585,90.91,3968.71,0
30597,83.33,3967.74,0
30609,83.33,3969.43,0
30620,90.91,3971.74,0
30631,90.91,3974.51,0
30643,83.33,3977.79,0
30654,90.91,3973.32,0
30665,90.91,3969.42,0
30676,90.91,3974.28,0
30689,76.92,3974.58,0
30700,90.91,3972.54,0
30711,90.91,3971.45,0
30723,83.33,3970.67,0
