1,1000.00,-0.00,0
54,18.87,3982.40,0
66,83.33,3990.67,0
77,90.91,3999.04,0
89,83.33,3987.99,0
100,90.91,3968.61,0
111,90.91,3959.04,0
122,90.91,3968.04,0
135,76.92,3985.71,0
146,90.91,3999.30,0
157,90.91,3996.10,0
168,90.91,3986.29,0
180,83.33,3981.34,0
191,90.91,3989.22,0
202,90.91,4001.71,0
215,76.92,4002.59,0
226,90.91,3985.61,0
237,90.91,3964.63,0
248,90.91,3962.57,0
260,83.33,3973.46,0
271,90.91,3990.94,0
283,90.91,3999.94,0
294,83.33,3991.39,0
306,83.33,3980.46,0
317,90.91,3982.35,0
328,90.91,3995.87,0
339,90.91,4009.49,0
351,83.33,4004.70,0
363,83.33,3981.62,0
374,90.91,3966.25,0
386,83.33,3967.62,0
397,90.91,3981.78,0
408,90.91,3992.30,0
419,90.91,3988.89,0
431,83.33,3979.77,0
443,83.33,3975.86,0
454,90.91,3987.72,0
465,90.91,4002.41,0
477,83.33,4005.20,0
488,90.91,3993.69,0
499,90.91,3976.94,0
512,76.92,3967.76,0
523,90.91,3972.17,0
534,90.91,3984.46,0
545,90.91,3990.55,0
557,83.33,3980.90,0
568,90.91,3971.07,0
579,90.91,3976.04,0
591,83.33,3992.96,0
603,83.33,4005.38,0
614,90.91,4002.29,0
625,90.91,3984.00,0
636,90.91,3969.80,0
648,83.33,3968.73,0
660,90.91,3980.35,0
671,83.33,3990.42,0
683,83.33,3993.48,0
694,90.91,3979.06,0
705,90.91,3973.43,0
716,90.91,3982.44,0
728,83.33,3999.96,0
740,83.33,4005.88,0
751,90.91,3989.31,0
762,90.91,3973.54,0
774,83.33,3966.60,0
785,90.91,3975.52,0
796,90.91,3988.03,0
807,90.91,3988.51,0
820,76.92,3981.19,0
831,90.91,3972.01,0
842,90.91,3975.76,0
854,83.33,3989.98,0
865,90.91,4002.08,0
876,90.91,4000.46,0
888,90.91,3988.79,0
900,76.92,3974.41,0
911,90.91,3972.80,0
922,90.91,3979.64,0
933,90.91,3991.68,0
945,83.33,3989.37,0
956,90.91,3976.11,0
968,83.33,3967.53,0
979,90.91,3975.95,0
991,83.33,3995.65,0
1002,90.91,4009.25,0
1013,90.91,4000.95,0
1025,83.33,3980.86,0
1036,90.91,3970.04,0
1048,83.33,3975.74,0
1059,90.91,3987.29,0
1071,83.33,3987.47,0
1082,90.91,3975.43,0
1093,90.91,3964.74,0
1104,90.91,3967.49,0
1117,76.92,3987.65,0
1128,90.91,4000.98,0
1139,90.91,3999.84,0
1150,90.91,3991.55,0
1162,83.33,3977.45,0
1173,90.91,3975.33,0
1184,90.91,3982.59,0
1197,76.92,3989.42,0
1208,90.91,3987.73,0
1219,90.91,3974.19,0
1230,90.91,3964.79,0
1242,83.33,3967.74,0
1253,90.91,3990.45,0
1265,90.91,4009.64,0
1276,83.33,4005.16,0
1288,83.33,3981.59,0
1299,90.91,3966.18,0
1310,90.91,3975.21,0
1321,90.91,3994.80,0
1333,83.33,4000.38,0
1345,83.33,3983.47,0
1356,90.91,3963.47,0
1368,83.33,3966.57,0
1379,90.91,3986.82,0
1390,90.91,4001.26,0
1401,90.91,3996.73,0
1413,83.33,3986.52,0
1425,83.33,3978.89,0
1436,90.91,3981.30,0
1447,90.91,3988.83,0
1459,83.33,3989.81,0
1470,90.91,3986.35,0
1481,90.91,3977.51,0
1494,90.91,3969.86,0
1505,76.92,3973.74,0
1516,90.91,3987.38,0
1527,90.91,4001.03,0
1539,83.33,4000.44,0
1550,90.91,3984.19,0
1561,90.91,3971.03,0
1573,83.33,3976.52,0
1585,83.33,3995.00,0
1596,90.91,4000.78,0
1607,90.91,3985.18,0
1618,90.91,3964.63,0
1630,83.33,3963.72,0
1641,90.91,3982.60,0
1653,83.33,4002.56,0
1665,83.33,4003.43,0
1676,90.91,3987.73,0
1687,90.91,3981.90,0
1698,90.91,3985.36,0
1710,83.33,3990.43,0
1722,83.33,3992.89,0
1733,90.91,3987.20,0
1744,90.91,3977.52,0
1756,83.33,3972.80,0
1767,90.91,3970.38,0
1778,90.91,3981.79,0
1789,90.91,4000.95,0
1802,76.92,4003.67,0
1813,90.91,3988.29,0
1824,90.91,3970.09,0
1836,83.33,3973.48,0
1847,90.91,3993.02,0
1858,90.91,4003.38,0
1870,90.91,3988.96,0
1882,76.92,3967.88,0
1893,90.91,3962.17,0
1904,90.91,3980.49,0
1915,90.91,4001.23,0
1927,83.33,4001.17,0
1938,90.91,3981.16,0
1950,83.33,3973.51,0
1961,90.91,3979.74,0
1973,83.33,3989.64,0
1984,90.91,3994.33,0
1995,90.91,3988.11,0
2007,83.33,3979.34,0
2018,90.91,3970.72,0
2030,83.33,3968.36,0
2041,90.91,3977.25,0
2053,83.33,3993.27,0
2064,90.91,4004.54,0
2075,90.91,3990.24,0
2086,90.91,3972.99,0
2099,76.92,3972.76,0
2110,90.91,3987.26,0
2121,90.91,4000.72,0
2132,90.91,3985.89,0
2144,83.33,3965.69,0
2155,90.91,3960.10,0
2166,90.91,3979.66,0
2179,76.92,4001.94,0
2190,90.91,4003.65,0
2201,90.91,3987.04,0
2212,90.91,3972.98,0
2224,83.33,3974.05,0
2235,90.91,3985.62,0
2247,90.91,3993.88,0
2258,83.33,3989.19,0
2270,83.33,3976.41,0
2281,90.91,3970.57,0
2292,90.91,3972.49,0
2304,83.33,3985.30,0
2315,90.91,3996.80,0
2327,83.33,3999.77,0
2338,90.91,3991.70,0
2350,83.33,3978.03,0
2361,90.91,3975.57,0
2372,90.91,3988.66,0
2383,90.91,4001.09,0
2395,83.33,3995.11,0
2407,83.33,3976.25,0
2418,90.91,3960.21,0
2429,90.91,3970.94,0
2441,83.33,3996.42,0
2452,90.91,4005.79,0
2463,90.91,3989.59,0
2476,76.92,3974.60,0
2487,90.91,3974.09,0
2498,90.91,3989.25,0
2509,90.91,3999.59,0
2521,83.33,3992.35,0
2532,90.91,3978.46,0
2543,90.91,3972.54,0
2555,83.33,3973.99,0
2567,83.33,3980.08,0
2578,90.91,3990.81,0
2589,90.91,3993.81,0
2600,90.91,3990.46,0
2612,83.33,3977.26,0
2624,90.91,3974.97,0
2635,83.33,3986.36,0
2647,83.33,3997.70,0
2658,90.91,3993.72,0
2669,90.91,3973.93,0
2680,90.91,3961.16,0
2692,83.33,3969.10,0
2704,83.33,3991.44,0
2715,90.91,4001.79,0
2726,90.91,3990.96,0
2738,83.33,3974.38,0
2749,90.91,3969.39,0
2760,90.91,3985.37,0
2771,90.91,3998.74,0
2784,76.92,3992.73,0
2795,90.91,3980.44,0
2806,90.91,3972.02,0
2818,83.33,3975.65,0
2829,90.91,3982.00,0
2840,90.91,3993.96,0
2852,90.91,3998.81,0
2864,76.92,3988.52,0
2875,90.91,3979.34,0
2886,90.91,3978.78,0
2897,90.91,3986.68,0
2909,83.33,3997.73,0
2920,90.91,3995.21,0
2932,83.33,3976.74,0
2944,83.33,3963.25,0
2955,90.91,3968.99,0
2966,90.91,3988.63,0
2977,90.91,4005.39,0
2989,83.33,3998.61,0
3000,90.91,3976.73,0
3012,83.33,3969.24,0
3023,90.91,3982.30,0
3035,83.33,3999.22,0
3046,90.91,3999.99,0
3057,90.91,3981.59,0
3068,90.91,3967.83,0
3081,76.92,3968.93,0
3092,90.91,3983.63,0
3103,90.91,3995.92,0
3115,83.33,3990.99,0
3126,90.91,3983.26,0
3137,90.91,3976.35,0
3148,90.91,3974.86,0
3161,76.92,3986.40,0
3172,90.91,3998.18,0
3183,90.91,3996.28,0
3194,90.91,3986.00,0
3206,83.33,3969.97,0
3217,90.91,3966.92,0
3229,90.91,3987.61,0
3240,83.33,4001.22,0
3252,83.33,3992.92,0
3263,90.91,3978.28,0
3274,90.91,3972.20,0
3286,83.33,3985.22,0
3297,90.91,4004.32,0
3309,83.33,4007.23,0
3320,90.91,3988.69,0
3332,83.33,3971.80,0
3343,90.91,3974.65,0
3354,90.91,3983.83,0
3365,90.91,3991.96,0
3377,83.33,3990.68,0
3389,83.33,3982.60,0
3400,90.91,3975.89,0
3411,90.91,3976.60,0
3423,83.33,3983.78,0
3434,90.91,4001.04,0
3445,90.91,4004.83,0
3458,83.33,3990.69,0
3469,83.33,3973.10,0
3480,90.91,3969.97,0
3491,90.91,3984.55,0
3503,83.33,3999.82,0
3514,90.91,3992.23,0
3525,90.91,3972.68,0
3537,83.33,3966.65,0
3549,83.33,3978.74,0
3560,90.91,4000.90,0
3571,90.91,4004.25,0
3582,90.91,3990.38,0
3594,83.33,3977.34,0
3605,90.91,3976.71,0
3617,83.33,3982.70,0
3629,83.33,3989.65,0
3640,90.91,3988.67,0
3651,90.91,3979.57,0
3662,90.91,3972.78,0
3674,83.33,3973.36,0
3686,83.33,3983.20,0
3697,90.91,3999.17,0
3708,90.91,4007.11,0
3720,83.33,3999.75,0
3731,90.91,3979.80,0
3742,90.91,3972.30,0
3753,90.91,3980.75,0
3766,76.92,3991.67,0
3777,90.91,3988.10,0
3788,90.91,3969.90,0
3800,83.33,3959.81,0
3811,90.91,3973.51,0
3822,90.91,3997.67,0
3834,90.91,4002.96,0
3846,76.92,3993.22,0
3857,90.91,3980.84,0
3868,90.91,3978.77,0
3879,90.91,3984.92,0
3891,83.33,3988.42,0
3902,90.91,3987.33,0
3914,83.33,3979.36,0
3926,83.33,3971.09,0
3937,90.91,3967.39,0
3948,90.91,3980.09,0
3959,90.91,3998.33,0
3971,83.33,4007.60,0
3982,90.91,3995.54,0
3994,83.33,3975.76,0
4005,90.91,3972.93,0
4017,83.33,3985.82,0
4028,90.91,3996.28,0
4039,90.91,3988.39,0
4050,90.91,3970.65,0
4063,76.92,3962.66,0
4074,90.91,3975.72,0
4085,90.91,3994.14,0
4097,83.33,4002.60,0
4108,90.91,3993.75,0
4119,90.91,3981.83,0
4130,90.91,3976.70,0
4143,76.92,3982.06,0
4154,90.91,3989.05,0
4165,90.91,3991.43,0
4176,90.91,3985.34,0
4188,83.33,3973.33,0
4199,90.91,3965.94,0
4210,90.91,3977.89,0
4222,83.33,3993.20,0
4234,83.33,4000.12,0
4245,90.91,3990.00,0
4256,90.91,3977.62,0
4268,83.33,3973.02,0
4279,90.91,3986.39,0
4291,83.33,4003.97,0
4302,90.91,3998.07,0
4314,83.33,3975.54,0
4325,90.91,3964.20,0
4336,90.91,3973.25,0
4347,90.91,3990.24,0
4359,83.33,4000.13,0
4371,83.33,3990.44,0
4382,90.91,3977.11,0
4393,90.91,3975.76,0
4405,83.33,3984.10,0
4416,90.91,3993.98,0
4427,90.91,3998.65,0
4440,83.33,3988.98,0
4451,83.33,3977.41,0
4462,90.91,3972.01,0
4473,90.91,3976.05,0
4485,83.33,3990.79,0
4496,90.91,3997.12,0
4507,90.91,3987.82,0
4519,83.33,3974.62,0
4531,83.33,3970.61,0
4542,90.91,3984.38,0
4553,90.91,4001.45,0
4564,90.91,3999.70,0
4576,83.33,3985.25,0
4587,90.91,3970.14,0
4599,83.33,3974.77,0
4611,83.33,3993.56,0
4622,90.91,3999.76,0
4633,90.91,3991.11,0
4644,90.91,3974.70,0
4656,83.33,3970.37,0
4668,90.91,3979.71,0
4679,83.33,3992.68,0
4690,90.91,3996.50,0
4702,83.33,3991.44,0
4713,90.91,3980.72,0
4724,90.91,3974.20,0
4736,83.33,3979.29,0
4748,83.33,3991.77,0
4759,90.91,3995.53,0
4770,90.91,3986.34,0
4782,83.33,3969.73,0
4793,90.91,3966.63,0
4804,90.91,3980.35,0
4815,90.91,3999.16,0
4828,76.92,4004.48,0
4839,90.91,3994.61,0
4850,90.91,3977.00,0
4861,90.91,3976.12,0
4873,83.33,3993.10,0
4884,90.91,4003.08,0
4896,83.33,3990.43,0
4908,83.33,3972.19,0
4919,90.91,3964.76,0
4930,90.91,3972.40,0
4941,90.91,3987.02,0
4953,83.33,3994.42,0
4964,90.91,3992.81,0
4976,83.33,3987.55,0
4987,90.91,3981.38,0
4999,83.33,3984.03,0
5010,90.91,3995.89,0
5021,90.91,3999.50,0
5032,90.91,3988.39,0
5045,83.33,3970.92,0
5056,83.33,3960.08,0
5067,90.91,3974.17,0
5079,83.33,3997.40,0
5090,90.91,4003.94,0
5101,90.91,3991.90,0
5112,90.91,3976.56,0
5125,76.92,3980.21,0
5136,90.91,3996.69,0
5147,90.91,4006.03,0
5158,90.91,3995.92,0
5170,83.33,3974.17,0
5181,90.91,3963.55,0
5192,90.91,3971.65,0
5204,83.33,3987.70,0
5216,83.33,3995.36,0
5227,90.91,3991.01,0
5238,90.91,3985.10,0
5250,83.33,3983.25,0
5261,90.91,3981.76,0
5273,83.33,3992.16,0
5284,90.91,3998.97,0
5296,83.33,3988.87,0
5307,90.91,3968.88,0
5318,90.91,3961.71,0
5329,90.91,3972.43,0
5341,83.33,3991.86,0
5353,83.33,4001.17,0
5364,90.91,3989.16,0
5376,83.33,3976.61,0
5387,90.91,3980.11,0
5398,90.91,3998.64,0
5409,90.91,4008.59,0
5421,83.33,3997.80,0
5433,83.33,3978.10,0
5444,90.91,3968.47,0
5455,90.91,3973.68,0
5467,83.33,3987.97,0
5478,90.91,3991.34,0
5489,90.91,3989.31,0
5501,83.33,3981.47,0
5513,83.33,3976.07,0
5524,90.91,3983.84,0
5535,90.91,3993.61,0
5547,83.33,3997.44,0
5558,90.91,3993.29,0
5569,90.91,3976.45,0
5581,83.33,3963.34,0
5593,83.33,3968.57,0
5604,90.91,3986.56,0
5615,90.91,3998.25,0
5626,90.91,3987.44,0
5638,83.33,3974.40,0
5650,90.91,3978.43,0
5661,83.33,3995.72,0
5672,90.91,4012.05,0
5684,83.33,4003.96,0
5695,90.91,3979.94,0
5706,90.91,3961.16,0
5718,83.33,3963.27,0
5730,83.33,3977.41,0
5741,90.91,3986.78,0
5752,90.91,3989.36,0
5764,83.33,3980.93,0
5775,90.91,3977.97,0
5786,90.91,3986.29,0
5797,90.91,3998.32,0
5810,76.92,4006.71,0
5821,90.91,3999.27,0
5832,90.91,3979.91,0
5843,90.91,3964.38,0
5855,83.33,3966.72,0
5866,90.91,3983.85,0
5878,90.91,3993.52,0
5890,76.92,3983.67,0
5901,90.91,3968.52,0
5912,90.91,3971.63,0
5923,90.91,3994.03,0
5935,83.33,4015.37,0
5946,90.91,4011.72,0
5958,83.33,3985.46,0
5969,90.91,3967.88,0
5981,83.33,3970.11,0
5992,90.91,3983.27,0
6003,90.91,3992.14,0
6014,90.91,3984.85,0
6026,83.33,3974.83,0
6038,83.33,3973.07,0
6049,90.91,3982.54,0
6061,83.33,3995.99,0
6072,90.91,4004.64,0
6083,90.91,3998.76,0
6094,90.91,3980.89,0
6107,83.33,3969.39,0
6118,83.33,3973.18,0
6129,90.91,3986.96,0
6140,90.91,3993.66,0
6152,83.33,3982.64,0
6163,90.91,3969.42,0
6174,90.91,3968.19,0
6187,76.92,3986.53,0
6198,90.91,4002.97,0
6209,90.91,4005.69,0
6220,90.91,3991.93,0
6232,83.33,3975.35,0
6243,90.91,3971.02,0
6254,90.91,3981.88,0
6266,83.33,3991.99,0
6278,83.33,3986.39,0
6289,90.91,3974.76,0
6300,90.91,3966.82,0
6311,90.91,3974.23,0
6323,83.33,3994.93,0
6335,83.33,4009.03,0
6346,90.91,3999.88,0
6358,83.33,3981.77,0
6369,90.91,3972.49,0
6380,90.91,3977.14,0
6391,90.91,3988.21,0
6403,83.33,3990.26,0
6415,83.33,3980.27,0
6426,90.91,3970.26,0
6437,90.91,3968.90,0
6449,83.33,3981.50,0
6460,90.91,4001.75,0
6471,90.91,4006.76,0
6483,90.91,3996.33,0
6495,76.92,3981.76,0
6506,90.91,3977.07,0
6517,90.91,3980.22,0
6529,83.33,3986.24,0
6540,90.91,3988.68,0
6551,90.91,3974.70,0
6563,83.33,3964.46,0
6575,83.33,3969.86,0
6586,90.91,3992.65,0
6597,90.91,4012.00,0
6608,90.91,4007.52,0
6620,83.33,3988.28,0
6631,90.91,3976.27,0
6643,83.33,3980.16,0
6654,90.91,3991.86,0
6666,83.33,3991.83,0
6677,90.91,3978.53,0
6688,90.91,3965.20,0
6700,83.33,3967.82,0
6712,90.91,3981.13,0
6723,83.33,3995.95,0
6734,90.91,4004.23,0
6746,83.33,3999.56,0
6757,90.91,3987.65,0
6768,90.91,3978.64,0
6779,90.91,3979.82,0
6792,76.92,3991.53,0
6803,90.91,3991.31,0
6814,90.91,3974.87,0
6825,90.91,3959.74,0
6837,83.33,3963.24,0
6848,90.91,3983.02,0
6859,90.91,4003.14,0
6872,76.92,4007.15,0
6883,90.91,3992.58,0
6894,90.91,3979.70,0
6905,90.91,3984.02,0
6917,83.33,3996.38,0
6928,90.91,3999.10,0
6940,83.33,3982.96,0
6951,90.91,3964.50,0
6963,83.33,3961.16,0
6974,90.91,3973.66,0
6985,90.91,3991.14,0
6996,90.91,4002.97,0
7008,83.33,4000.24,0
7020,83.33,3988.54,0
7031,90.91,3984.05,0
7043,83.33,3990.43,0
7054,90.91,3998.04,0
7065,90.91,3992.37,0
7076,90.91,3976.19,0
7088,83.33,3960.39,0
7100,83.33,3960.70,0
7111,90.91,3978.76,0
7122,90.91,3998.51,0
7134,83.33,4003.96,0
7145,90.91,3992.46,0
7156,90.91,3981.71,0
7169,76.92,3987.01,0
7180,90.91,3997.61,0
7191,90.91,3999.26,0
7202,90.91,3985.79,0
7214,83.33,3968.92,0
7225,90.91,3958.75,0
7236,90.91,3966.33,0
7248,83.33,3985.87,0
7260,83.33,4001.03,0
7271,90.91,3998.38,0
7282,90.91,3983.39,0
7293,90.91,3976.07,0
7305,83.33,3987.74,0
7317,90.91,4001.55,0
7328,83.33,4000.05,0
7340,83.33,3981.88,0
7351,90.91,3966.08,0
7362,90.91,3960.02,0
7373,90.91,3977.44,0
7385,83.33,3992.18,0
7397,83.33,3993.98,0
7408,90.91,3985.46,0
7419,90.91,3981.92,0
7431,83.33,3988.93,0
7442,90.91,3998.43,0
7453,90.91,3998.37,0
7464,90.91,3989.25,0
7477,76.92,3973.15,0
7488,90.91,3960.99,0
7499,90.91,3962.74,0
7511,83.33,3984.66,0
7522,90.91,4000.59,0
7533,90.91,3997.67,0
7545,90.91,3984.94,0
7557,76.92,3981.00,0
7568,90.91,3990.17,0
7579,90.91,4003.60,0
7590,90.91,4003.69,0
7602,83.33,3983.15,0
7613,90.91,3964.53,0
7625,83.33,3962.33,0
7636,90.91,3972.76,0
7648,83.33,3988.62,0
7659,90.91,3994.64,0
7670,90.91,3986.24,0
7682,83.33,3984.06,0
7693,90.91,3990.88,0
7705,83.33,4000.49,0
7716,90.91,4004.22,0
7728,83.33,3996.15,0
7739,90.91,3979.25,0
7750,90.91,3965.08,0
7761,90.91,3962.70,0
7774,83.33,3978.08,0
7785,90.91,3993.91,0
7796,90.91,3991.53,0
7808,83.33,3981.24,0
7819,90.91,3977.44,0
7830,90.91,3987.04,0
7841,90.91,4003.96,0
7854,76.92,4007.54,0
7865,90.91,3990.03,0
7876,90.91,3970.11,0
7887,90.91,3960.89,0
7899,83.33,3971.07,0
7910,90.91,3988.01,0
7921,90.91,3994.69,0
7933,83.33,3989.28,0
7945,83.33,3980.75,0
7956,90.91,3981.37,0
7967,90.91,3996.01,0
7979,83.33,4009.09,0
7990,90.91,3999.03,0
8002,83.33,3976.06,0
8013,90.91,3961.64,0
8025,83.33,3963.95,0
8036,90.91,3979.28,0
8047,90.91,3990.73,0
8058,90.91,3988.09,0
8070,83.33,3984.79,0
8082,83.33,3981.67,0
8093,90.91,3989.49,0
8104,90.91,4002.25,0
8116,83.33,4006.15,0
8127,90.91,3992.14,0
8138,90.91,3972.87,0
8150,83.33,3962.58,0
8162,83.33,3968.98,0
8173,90.91,3987.42,0
8184,90.91,3994.83,0
8196,83.33,3988.23,0
8207,90.91,3978.02,0
8218,90.91,3978.28,0
8230,83.33,3994.43,0
8242,83.33,4009.54,0
8253,90.91,4006.27,0
8264,90.91,3984.04,0
8275,90.91,3963.84,0
8287,83.33,3963.34,0
8298,90.91,3977.06,0
8310,83.33,3989.12,0
8322,83.33,3986.86,0
8333,90.91,3979.25,0
8344,90.91,3977.75,0
8355,90.91,3989.24,0
8367,83.33,4002.14,0
8379,90.91,4003.46,0
8390,83.33,3991.79,0
8401,90.91,3972.27,0
8413,83.33,3964.95,0
8424,90.91,3969.46,0
8435,90.91,3982.07,0
8446,90.91,3988.68,0
8459,76.92,3983.10,0
8470,90.91,3972.05,0
8481,90.91,3975.37,0
8493,83.33,3993.85,0
8504,90.91,4011.06,0
8515,90.91,4009.38,0
8526,90.91,3991.87,0
8539,76.92,3969.33,0
8550,90.91,3963.29,0
8561,90.91,3974.50,0
8572,90.91,3985.15,0
8584,83.33,3979.67,0
8595,90.91,3970.59,0
8607,90.91,3971.49,0
8619,76.92,3983.45,0
8630,90.91,4005.76,0
8641,90.91,4014.26,0
8652,90.91,4003.03,0
8664,83.33,3983.70,0
8675,90.91,3968.97,0
8687,83.33,3969.13,0
8698,90.91,3977.12,0
8710,83.33,3984.55,0
8721,90.91,3979.52,0
8732,90.91,3975.86,0
8743,90.91,3978.87,0
8755,83.33,3992.13,0
8767,83.33,4008.36,0
8778,90.91,4008.63,0
8790,83.33,3992.17,0
8801,90.91,3974.14,0
8812,90.91,3965.89,0
8823,90.91,3975.35,0
8836,83.33,3984.05,0
8847,83.33,3981.63,0
8858,90.91,3973.10,0
8869,90.91,3972.86,0
8881,83.33,3984.52,0
8892,90.91,4005.74,0
8903,90.91,4017.53,0
8915,83.33,4008.01,0
8927,83.33,3984.49,0
8938,90.91,3965.74,0
8949,90.91,3964.67,0
8961,83.33,3977.10,0
8972,90.91,3988.29,0
8983,90.91,3980.27,0
8995,83.33,3971.70,0
9007,83.33,3975.51,0
9018,90.91,3992.66,0
9029,90.91,4013.30,0
9040,90.91,4014.22,0
9052,83.33,3994.93,0
9064,90.91,3975.50,0
9075,83.33,3969.27,0
9086,90.91,3974.18,0
9098,83.33,3980.37,0
9109,90.91,3979.46,0
9120,90.91,3969.90,0
9132,83.33,3967.56,0
9144,83.33,3982.13,0
9155,90.91,4002.89,0
9166,90.91,4013.95,0
9178,83.33,4008.42,0
9189,90.91,3989.99,0
9200,90.91,3974.89,0
9211,90.91,3967.32,0
9224,76.92,3972.86,0
9235,90.91,3982.76,0
9246,90.91,3978.39,0
9257,90.91,3969.83,0
9269,83.33,3965.95,0
9280,90.91,3982.66,0
9292,83.33,4006.31,0
9304,83.33,4014.49,0
9315,90.91,4004.05,0
9326,90.91,3984.55,0
9337,90.91,3970.31,0
9349,83.33,3971.77,0
9360,90.91,3981.56,0
9372,83.33,3983.02,0
9383,90.91,3974.15,0
9395,83.33,3965.25,0
9406,90.91,3972.92,0
9417,90.91,3991.74,0
9428,90.91,4010.00,0
9441,83.33,4009.76,0
9452,83.33,3995.67,0
9463,90.91,3980.93,0
9475,83.33,3976.19,0
9486,90.91,3981.10,0
9497,90.91,3980.84,0
9508,90.91,3972.41,0
9521,76.92,3960.02,0
9532,90.91,3961.29,0
9543,90.91,3977.38,0
9554,90.91,4000.32,0
9566,83.33,4014.58,0
9577,90.91,4009.19,0
9588,90.91,3990.67,0
9601,76.92,3980.29,0
9612,90.91,3978.37,0
9623,90.91,3985.41,0
9634,90.91,3987.00,0
9646,83.33,3968.63,0
9657,90.91,3958.01,0
9669,90.91,3962.37,0
9680,83.33,3985.60,0
9692,83.33,4008.67,0
9703,90.91,4013.45,0
9714,90.91,3999.62,0
9725,90.91,3983.05,0
9737,83.33,3974.24,0
9749,83.33,3982.37,0
9760,90.91,3988.11,0
9772,83.33,3977.12,0
9783,90.91,3965.59,0
9794,90.91,3961.86,0
9805,90.91,3975.17,0
9817,83.33,3999.86,0
9829,83.33,4014.00,0
9840,90.91,4008.22,0
9851,90.91,3991.95,0
9863,83.33,3977.78,0
9874,90.91,3976.51,0
9885,90.91,3984.43,0
9897,90.91,3985.44,0
9909,76.92,3969.20,0
9920,90.91,3957.12,0
9931,90.91,3964.75,0
9943,83.33,3987.42,0
9954,90.91,4010.53,0
9965,90.91,4015.79,0
9977,83.33,4005.45,0
9989,83.33,3991.35,0
10000,90.91,3982.10,0
10011,90.91,3981.92,0
10022,90.91,3986.48,0
10034,83.33,3977.91,0
10045,90.91,3964.36,0
10057,83.33,3957.63,0
10068,90.91,3970.52,0
10080,83.33,3995.64,0
10091,90.91,4014.63,0
10102,90.91,4010.91,0
10114,83.33,3995.56,0
10126,83.33,3983.04,0
10137,90.91,3983.35,0
10148,90.91,3987.59,0
10160,83.33,3982.88,0
10171,90.91,3970.30,0
10182,90.91,3959.23,0
10193,90.91,3961.82,0
10206,76.92,3979.99,0
10217,90.91,4003.62,0
10228,90.91,4012.45,0
10240,83.33,4004.86,0
10251,90.91,3989.95,0
10262,90.91,3984.74,0
10274,90.91,3983.19,0
10286,76.92,3984.27,0
10297,90.91,3978.80,0
10308,90.91,3964.91,0
10319,90.91,3955.49,0
10331,83.33,3966.59,0
10342,90.91,3989.33,0
10354,83.33,4012.51,0
10365,90.91,4008.08,0
10377,83.33,3991.24,0
10388,90.91,3985.06,0
10399,90.91,3984.78,0
10411,83.33,3988.47,0
10422,90.91,3987.02,0
10434,83.33,3971.29,0
10445,90.91,3955.52,0
10457,83.33,3955.27,0
10468,90.91,3975.62,0
10479,90.91,4001.93,0
10490,90.91,4015.74,0
10503,76.92,4010.58,0
10514,90.91,3995.30,0
10525,90.91,3989.16,0
10536,90.91,3988.40,0
10548,83.33,3987.02,0
10559,90.91,3981.15,0
10570,90.91,3962.44,0
10583,76.92,3953.22,0
10594,90.91,3961.44,0
10605,90.91,3985.79,0
10616,90.91,4004.34,0
10628,83.33,4013.96,0
10639,90.91,4005.93,0
10650,90.91,3993.57,0
10662,83.33,3988.58,0
10674,83.33,3990.84,0
10685,90.91,3989.52,0
10696,90.91,3973.26,0
10707,90.91,3956.73,0
10719,83.33,3950.65,0
10731,83.33,3966.03,0
10742,90.91,3995.57,0
10754,83.33,4010.32,0
10765,90.91,4005.13,0
10776,90.91,3995.63,0
10787,90.91,3988.54,0
10799,83.33,3994.87,0
10811,83.33,3998.95,0
10822,90.91,3987.35,0
10833,90.91,3965.66,0
10845,83.33,3950.72,0
10856,90.91,3954.00,0
10867,90.91,3976.83,0
10880,90.91,3996.21,0
10891,76.92,4002.56,0
10902,90.91,3999.48,0
10913,90.91,3991.64,0
10925,83.33,3988.80,0
10936,90.91,3992.86,0
10947,90.91,3997.76,0
10959,83.33,3987.46,0
10971,83.33,3961.30,0
10982,90.91,3946.07,0
10993,90.91,3961.27,0
11004,90.91,3991.96,0
11016,83.33,4006.29,0
11027,90.91,3999.42,0
11039,83.33,3987.97,0
11051,83.33,3987.24,0
11062,90.91,3997.40,0
11073,90.91,3999.11,0
11084,90.91,3986.60,0
11096,83.33,3968.70,0
11108,90.91,3955.72,0
11119,83.33,3958.47,0
11130,90.91,3973.67,0
11142,83.33,3993.91,0
11153,90.91,4003.00,0
11164,90.91,3997.24,0
11175,90.91,3989.30,0
11188,76.92,3986.80,0
11199,90.91,3994.92,0
11210,90.91,4000.57,0
11222,83.33,3986.48,0
11233,90.91,3963.03,0
11244,90.91,3948.32,0
11255,90.91,3958.71,0
11268,76.92,3984.92,0
11279,90.91,4001.75,0
11290,90.91,3999.08,0
11301,90.91,3991.86,0
11313,83.33,3990.39,0
11324,90.91,3995.85,0
11336,83.33,4001.83,0
11347,90.91,3995.66,0
11359,83.33,3980.55,0
11370,90.91,3962.52,0
11381,90.91,3960.75,0
11393,83.33,3974.47,0
11404,90.91,3992.98,0
11416,83.33,3996.66,0
11427,90.91,3990.64,0
11439,83.33,3986.41,0
11450,90.91,3989.06,0
11461,90.91,3998.56,0
11472,90.91,4004.35,0
11485,83.33,3996.55,0
11496,83.33,3973.76,0
11507,90.91,3957.60,0
11518,90.91,3960.78,0
11530,83.33,3981.30,0
11541,90.91,3993.28,0
11552,90.91,3991.27,0
11565,76.92,3983.75,0
11576,90.91,3986.47,0
11587,90.91,3997.47,0
11598,90.91,4006.60,0
11610,83.33,4001.98,0
11621,90.91,3984.80,0
11632,90.91,3965.62,0
11644,83.33,3961.89,0
11656,83.33,3970.32,0
11667,90.91,3983.50,0
11678,90.91,3992.51,0
11689,90.91,3990.42,0
11701,83.33,3981.55,0
11713,90.91,3977.41,0
11724,83.33,3993.89,0
11736,83.33,4008.46,0
11747,90.91,4002.36,0
11758,90.91,3979.76,0
11769,90.91,3962.60,0
11781,83.33,3964.47,0
11793,83.33,3978.55,0
11804,90.91,3990.46,0
11815,90.91,3986.50,0
11827,83.33,3977.18,0
11838,90.91,3977.53,0
11849,90.91,3987.42,0
11860,90.91,4003.92,0
11873,76.92,4007.95,0
11884,90.91,3997.60,0
11895,90.91,3978.89,0
11907,83.33,3969.62,0
11918,90.91,3975.90,0
11929,90.91,3985.86,0
11941,83.33,3989.28,0
11953,83.33,3982.70,0
11964,90.91,3974.19,0
11975,90.91,3979.39,0
11986,90.91,3993.13,0
11998,83.33,4004.88,0
12009,90.91,4007.68,0
12021,83.33,3990.63,0
12033,83.33,3972.96,0
12044,90.91,3968.48,0
12055,90.91,3979.32,0
12066,90.91,3992.06,0
12078,83.33,3988.10,0
12090,90.91,3973.37,0
12101,83.33,3968.81,0
12112,90.91,3981.29,0
12124,83.33,3999.34,0
12135,90.91,4007.10,0
12146,90.91,3998.52,0
12157,90.91,3982.44,0
12170,76.92,3974.22,0
12181,90.91,3980.13,0
12192,90.91,3989.82,0
12204,83.33,3990.87,0
12215,90.91,3980.30,0
12226,90.91,3968.25,0
12237,90.91,3970.27,0
12250,76.92,3983.89,0
12261,90.91,3999.85,0
12272,90.91,4006.08,0
12283,90.91,3994.55,0
12295,83.33,3978.05,0
12306,90.91,3974.29,0
12318,90.91,3986.73,0
12329,83.33,3996.09,0
12341,83.33,3989.50,0
12352,90.91,3974.40,0
12363,90.91,3966.69,0
12375,83.33,3977.41,0
12386,90.91,3996.85,0
12398,83.33,4003.90,0
12409,90.91,3995.95,0
12421,83.33,3984.39,0
12432,90.91,3979.51,0
12443,90.91,3981.64,0
12454,90.91,3987.99,0
12466,83.33,3988.95,0
12478,83.33,3985.13,0
12489,90.91,3973.95,0
12500,90.91,3967.15,0
12512,83.33,3975.65,0
12523,90.91,3993.79,0
12534,90.91,4002.51,0
12547,83.33,3995.62,0
12558,83.33,3975.96,0
12569,90.91,3972.65,0
12580,90.91,3985.25,0
12592,83.33,4001.27,0
12603,90.91,3995.70,0
12614,90.91,3973.68,0
12626,83.33,3963.72,0
12638,83.33,3971.81,0
12649,90.91,3991.38,0
12660,90.91,4004.07,0
12672,83.33,3996.11,0
12683,90.91,3982.79,0
12694,90.91,3979.07,0
12706,83.33,3985.60,0
12718,83.33,3995.62,0
12729,90.91,3994.89,0
12740,90.91,3985.74,0
12751,90.91,3973.14,0
12763,83.33,3970.57,0
12775,83.33,3971.50,0
12786,90.91,3984.74,0
12797,90.91,3995.45,0
12809,83.33,3990.55,0
12820,90.91,3978.07,0
12831,90.91,3974.96,0
12843,83.33,3985.49,0
12855,83.33,4001.58,0
12866,90.91,4000.30,0
12877,90.91,3980.78,0
12889,83.33,3966.87,0
12900,90.91,3970.13,0
12911,90.91,3986.13,0
12923,90.91,3998.48,0
12935,76.92,3992.77,0
12946,90.91,3978.79,0
12957,90.91,3971.32,0
12968,90.91,3978.64,0
12980,83.33,3991.66,0
12991,90.91,3997.72,0
13003,83.33,3989.60,0
13015,83.33,3976.68,0
13026,90.91,3970.92,0
13037,90.91,3978.17,0
13048,90.91,3990.73,0
13060,83.33,3993.55,0
13071,90.91,3986.67,0
13083,83.33,3977.01,0
13094,90.91,3972.79,0
13106,83.33,3982.83,0
13117,90.91,3996.18,0
13128,90.91,3999.31,0
13139,90.91,3986.59,0
13152,83.33,3969.23,0
13163,83.33,3967.54,0
13174,90.91,3982.17,0
13186,83.33,3998.93,0
13197,90.91,3995.01,0
13208,90.91,3975.78,0
13219,90.91,3969.50,0
13232,76.92,3977.49,0
13243,90.91,3991.32,0
13254,90.91,4000.05,0
13265,90.91,3991.62,0
13277,83.33,3976.36,0
13288,90.91,3972.15,0
13299,90.91,3981.33,0
13312,76.92,3990.73,0
13323,90.91,3994.74,0
13334,90.91,3986.25,0
13345,90.91,3974.59,0
13357,83.33,3971.62,0
13368,90.91,3981.87,0
13380,90.91,3999.68,0
13391,83.33,4002.80,0
13403,83.33,3992.17,0
13414,90.91,3974.74,0
13425,90.91,3971.33,0
13436,90.91,3981.81,0
13448,83.33,3997.95,0
13460,83.33,3994.04,0
13471,90.91,3976.65,0
13483,83.33,3962.26,0
13494,90.91,3968.06,0
13505,90.91,3989.08,0
13516,90.91,4003.14,0
13528,83.33,3996.44,0
13540,83.33,3981.33,0
13551,90.91,3976.24,0
13562,90.91,3982.04,0
13574,83.33,3991.95,0
13585,90.91,3994.35,0
13596,90.91,3984.02,0
13608,83.33,3974.16,0
13620,83.33,3971.16,0
13631,90.91,3975.65,0
13642,90.91,3991.80,0
13654,83.33,4001.43,0
13665,90.91,3992.95,0
13676,90.91,3977.95,0
13688,83.33,3971.99,0
13700,83.33,3980.79,0
13711,90.91,3994.67,0
13722,90.91,3993.16,0
13733,90.91,3978.58,0
13745,83.33,3964.68,0
13757,90.91,3970.37,0
13768,83.33,3985.20,0
13779,90.91,3996.04,0
13791,83.33,3995.48,0
13802,90.91,3983.29,0
13813,90.91,3975.34,0
13825,83.33,3980.13,0
13837,83.33,3990.60,0
13848,90.91,3993.74,0
13859,90.91,3986.21,0
13871,83.33,3973.86,0
13882,90.91,3967.59,0
13893,90.91,3976.15,0
13905,90.91,3991.03,0
13917,76.92,3999.38,0
13928,90.91,3992.18,0
13939,90.91,3976.97,0
13950,90.91,3967.86,0
13962,83.33,3979.98,0
13973,90.91,3994.25,0
13985,83.33,3996.95,0
13997,83.33,3981.70,0
14008,90.91,3967.22,0
14019,90.91,3970.51,0
14030,90.91,3987.21,0
14042,83.33,3999.66,0
14053,90.91,3995.13,0
14065,83.33,3980.25,0
14076,90.91,3974.22,0
14088,83.33,3979.33,0
14099,90.91,3992.71,0
14110,90.91,3998.13,0
14121,90.91,3989.89,0
14134,76.92,3976.02,0
14145,90.91,3966.05,0
14156,90.91,3973.08,0
14168,83.33,3987.10,0
14179,90.91,4000.47,0
14190,90.91,3997.01,0
14201,90.91,3981.32,0
14214,76.92,3971.67,0
14225,90.91,3978.15,0
14236,90.91,3993.55,0
14247,90.91,3997.76,0
14259,83.33,3982.38,0
14270,90.91,3965.76,0
14282,90.91,3967.46,0
14294,76.92,3988.70,0
14305,90.91,4004.52,0
14316,90.91,4002.75,0
14327,90.91,3986.62,0
14339,83.33,3975.05,0
14350,90.91,3975.37,0
14362,83.33,3985.76,0
14373,90.91,3996.88,0
14385,83.33,3993.41,0
14396,90.91,3978.21,0
14407,90.91,3968.63,0
14418,90.91,3972.81,0
14430,83.33,3988.57,0
14442,83.33,4000.36,0
14453,90.91,3998.07,0
14465,83.33,3982.92,0
14476,90.91,3972.20,0
14487,90.91,3981.26,0
14498,90.91,3992.79,0
14511,76.92,3995.08,0
14522,90.91,3982.25,0
14533,90.91,3967.68,0
14544,90.91,3967.55,0
14556,83.33,3983.47,0
14567,90.91,3999.47,0
14578,90.91,3998.89,0
14590,83.33,3985.85,0
14602,83.33,3977.11,0
14613,90.91,3980.53,0
14624,90.91,3992.51,0
14636,83.33,3998.68,0
14647,90.91,3991.18,0
14659,90.91,3981.80,0
14670,83.33,3969.89,0
14682,83.33,3972.75,0
14693,90.91,3989.61,0
14704,90.91,4000.62,0
14715,90.91,3993.58,0
14727,83.33,3978.46,0
14739,83.33,3970.55,0
14750,90.91,3977.72,0
14761,90.91,3994.37,0
14773,83.33,3997.70,0
14784,90.91,3984.53,0
14795,90.91,3968.13,0
14807,83.33,3964.99,0
14819,83.33,3983.83,0
14830,90.91,3995.65,0
14841,90.91,3994.74,0
14853,83.33,3985.50,0
14864,90.91,3976.54,0
14875,90.91,3978.67,0
14887,90.91,3987.13,0
14899,76.92,3996.12,0
14910,90.91,3994.49,0
14921,90.91,3983.54,0
14932,90.91,3975.38,0
14944,83.33,3976.91,0
14955,90.91,3982.53,0
14967,83.33,3993.35,0
14979,83.33,3996.54,0
14990,90.91,3981.17,0
15001,90.91,3969.61,0
15012,90.91,3975.79,0
15024,83.33,3994.05,0
15036,90.91,4006.87,0
15047,83.33,3995.83,0
15058,90.91,3975.50,0
15070,83.33,3967.78,0
15081,90.91,3982.43,0
15092,90.91,4000.80,0
15104,83.33,3996.14,0
15116,83.33,3980.25,0
15127,90.91,3971.18,0
15138,90.91,3976.72,0
15150,83.33,3991.90,0
15161,90.91,3998.42,0
15172,90.91,3994.51,0
15183,90.91,3985.23,0
15196,76.92,3973.07,0
15207,90.91,3971.05,0
15218,90.91,3976.97,0
15229,90.91,3988.14,0
15241,83.33,3994.03,0
15252,90.91,3986.70,0
15264,83.33,3974.49,0
15276,83.33,3972.12,0
15287,90.91,3991.86,0
15298,90.91,4009.20,0
15309,90.91,4001.52,0
15321,83.33,3976.63,0
15332,90.91,3962.06,0
15344,83.33,3976.28,0
15355,90.91,3997.25,0
15367,83.33,3998.82,0
15378,90.91,3979.78,0
15389,90.91,3967.40,0
15400,90.91,3975.56,0
15413,83.33,3990.90,0
15424,83.33,4000.25,0
15435,90.91,3992.51,0
15447,83.33,3980.15,0
15458,90.91,3971.99,0
15469,90.91,3973.08,0
15480,90.91,3977.88,0
15493,76.92,3987.66,0
15504,90.91,3988.77,0
15515,90.91,3984.05,0
15526,90.91,3972.40,0
15538,83.33,3970.32,0
15549,90.91,3986.34,0
15560,90.91,4004.02,0
15572,83.33,4001.71,0
15584,83.33,3980.07,0
15595,90.91,3966.15,0
15606,90.91,3975.38,0
15618,83.33,3997.55,0
15629,90.91,3999.46,0
15641,83.33,3981.52,0
15652,90.91,3966.48,0
15664,83.33,3972.95,0
15675,90.91,3987.28,0
15686,90.91,3998.72,0
15697,90.91,3993.82,0
15709,83.33,3982.07,0
15721,83.33,3979.32,0
15732,90.91,3980.74,0
15744,83.33,3986.77,0
15755,90.91,3990.07,0
15766,90.91,3990.31,0
15777,90.91,3984.19,0
15790,83.33,3971.27,0
15801,83.33,3966.13,0
15812,90.91,3978.12,0
15823,90.91,4000.55,0
15835,83.33,4004.64,0
15846,90.91,3984.80,0
15857,90.91,3967.89,0
15869,83.33,3974.34,0
15881,83.33,3999.73,0
15892,90.91,4008.36,0
15903,90.91,3987.48,0
15915,83.33,3960.23,0
15926,90.91,3960.97,0
15937,90.91,3983.49,0
15949,83.33,4000.26,0
15961,83.33,3998.45,0
15972,90.91,3984.34,0
15983,90.91,3976.90,0
15994,90.91,3980.03,0
16006,83.33,3985.15,0
16018,83.33,3990.66,0
16029,90.91,3991.43,0
16040,90.91,3985.44,0
16052,83.33,3978.45,0
16063,90.91,3970.99,0
16074,90.91,3976.63,0
16086,83.33,3998.12,0
16098,83.33,4005.84,0
16109,90.91,3988.31,0
16120,90.91,3968.56,0
16132,83.33,3969.26,0
16143,90.91,3991.22,0
16154,90.91,4006.84,0
16166,90.91,3994.21,0
16178,76.92,3968.13,0
16189,90.91,3964.17,0
16200,90.91,3984.20,0
16211,90.91,4001.96,0
16223,83.33,3999.99,0
16234,90.91,3985.00,0
16246,83.33,3975.06,0
16258,83.33,3976.68,0
16269,90.91,3985.97,0
16280,90.91,3994.97,0
16291,90.91,3989.80,0
16303,83.33,3983.71,0
16314,90.91,3979.88,0
16326,83.33,3975.66,0
16337,90.91,3980.09,0
16349,83.33,3992.83,0
16360,90.91,4000.77,0
16371,90.91,3987.98,0
16382,90.91,3969.16,0
16395,76.92,3967.86,0
16406,90.91,3987.11,0
16417,90.91,4001.50,0
16429,83.33,3995.15,0
16440,90.91,3974.75,0
16451,90.91,3967.87,0
16462,90.91,3979.93,0
16475,76.92,4000.00,0
16486,90.91,4004.28,0
16497,90.91,3987.85,0
16508,90.91,3973.96,0
16520,83.33,3972.66,0
16531,90.91,3979.62,0
16543,90.91,3990.52,0
16555,76.92,3993.35,0
16566,90.91,3984.09,0
16577,90.91,3975.93,0
16588,90.91,3975.86,0
16600,83.33,3983.01,0
16611,90.91,3995.60,0
16623,83.33,4000.33,0
16634,90.91,3989.07,0
16646,83.33,3970.08,0
16657,90.91,3965.93,0
16668,90.91,3981.79,0
16679,90.91,3995.86,0
16692,83.33,3991.76,0
16703,83.33,3976.89,0
16714,90.91,3969.17,0
16726,83.33,3979.97,0
16737,90.91,3997.52,0
16748,90.91,4004.16,0
16759,90.91,3989.52,0
16772,76.92,3976.20,0
16783,90.91,3976.46,0
16794,90.91,3982.86,0
16805,90.91,3988.98,0
16817,83.33,3984.70,0
16828,90.91,3980.59,0
16839,90.91,3978.13,0
16851,83.33,3976.97,0
16863,83.33,3981.79,0
16874,90.91,3995.90,0
16885,90.91,4005.45,0
16897,83.33,3996.06,0
16908,90.91,3975.40,0
16920,83.33,3965.96,0
16931,90.91,3977.42,0
16943,83.33,3995.00,0
16954,90.91,3992.64,0
16965,90.91,3971.67,0
16976,90.91,3959.20,0
16988,83.33,3974.25,0
17000,83.33,4002.90,0
17011,90.91,4011.15,0
17022,90.91,3996.23,0
17034,83.33,3975.99,0
17045,90.91,3975.56,0
17056,90.91,3988.82,0
17069,83.33,3990.07,0
17080,83.33,3984.63,0
17091,90.91,3976.76,0
17102,90.91,3973.28,0
17114,83.33,3976.84,0
17125,90.91,3982.10,0
17136,90.91,3994.01,0
17148,83.33,4006.68,0
17160,83.33,4003.12,0
17171,90.91,3983.77,0
17182,90.91,3965.26,0
17193,90.91,3969.37,0
17205,83.33,3986.49,0
17216,90.91,3991.31,0
17228,83.33,3973.66,0
17240,83.33,3958.31,0
17251,90.91,3970.15,0
17262,90.91,3999.03,0
17273,90.91,4014.53,0
17285,83.33,3998.09,0
17297,83.33,3976.51,0
17308,90.91,3972.95,0
17319,90.91,3984.19,0
17331,83.33,3988.77,0
17342,90.91,3980.73,0
17353,90.91,3969.39,0
17364,90.91,3967.14,0
17377,76.92,3971.79,0
17388,90.91,3980.00,0
17399,90.91,3994.15,0
17411,83.33,4003.00,0
17422,90.91,4001.91,0
17433,90.91,3993.38,0
17445,90.91,3977.74,0
17457,76.92,3977.90,0
17468,90.91,3987.86,0
17479,90.91,3991.03,0
17490,90.91,3975.60,0
17502,83.33,3957.25,0
17513,90.91,3960.73,0
17525,83.33,3987.56,0
17537,83.33,4009.40,0
17548,90.91,4006.20,0
17559,90.91,3983.67,0
17570,90.91,3976.65,0
17582,83.33,3988.78,0
17594,90.91,3997.63,0
17605,83.33,3990.30,0
17616,90.91,3973.93,0
17628,83.33,3963.86,0
17639,90.91,3969.16,0
17650,90.91,3980.81,0
17661,90.91,3991.18,0
17674,76.92,3999.29,0
17685,90.91,4001.17,0
17696,90.91,3993.56,0
17708,83.33,3981.44,0
17719,90.91,3984.44,0
17730,90.91,3995.14,0
17741,90.91,3996.11,0
17754,76.92,3976.85,0
17765,90.91,3957.03,0
17776,90.91,3958.19,0
17787,90.91,3983.62,0
17799,83.33,4008.98,0
17810,90.91,4007.78,0
17822,83.33,3988.97,0
17833,90.91,3981.27,0
17845,83.33,3991.66,0
17856,90.91,4002.51,0
17867,90.91,3999.46,0
17879,83.33,3980.05,0
17890,90.91,3962.62,0
17902,83.33,3961.28,0
17913,90.91,3971.61,0
17925,83.33,3982.56,0
17936,90.91,3991.43,0
17947,90.91,3995.32,0
17958,90.91,3993.19,0
17971,83.33,3987.30,0
17982,83.33,3986.22,0
17993,90.91,3998.89,0
18004,90.91,3997.71,0
18016,83.33,3980.44,0
18027,90.91,3958.21,0
18038,90.91,3954.57,0
18051,76.92,3975.63,0
18062,90.91,4002.59,0
18073,90.91,4006.21,0
18084,90.91,3987.87,0
18096,83.33,3974.69,0
18107,90.91,3988.49,0
18118,90.91,4003.52,0
18130,83.33,4001.71,0
18142,83.33,3979.94,0
18153,90.91,3962.63,0
18164,90.91,3960.40,0
18176,83.33,3971.58,0
18187,90.91,3983.47,0
18199,83.33,3989.84,0
18210,90.91,3990.78,0
18222,83.33,3991.40,0
18233,90.91,3988.84,0
18244,90.91,3986.69,0
18255,90.91,3996.58,0
18267,83.33,3998.43,0
18279,83.33,3988.07,0
18290,90.91,3966.02,0
18301,90.91,3955.25,0
18313,83.33,3969.36,0
18324,90.91,3996.70,0
18335,90.91,4005.77,0
18348,83.33,3987.98,0
18359,83.33,3972.18,0
18370,90.91,3979.05,0
18381,90.91,4001.27,0
18393,83.33,4011.43,0
18404,90.91,3992.01,0
18415,90.91,3963.92,0
18427,83.33,3960.17,0
18439,83.33,3973.39,0
18450,90.91,3984.35,0
18461,90.91,3988.69,0
18472,90.91,3982.28,0
18484,83.33,3983.24,0
18495,90.91,3987.83,0
18507,83.33,3991.05,0
18519,83.33,3996.95,0
18530,90.91,3999.82,0
18541,90.91,3995.87,0
18552,90.91,3973.41,0
18564,83.33,3956.95,0
18576,83.33,3966.92,0
18587,90.91,3989.26,0
18598,90.91,4000.58,0
18610,83.33,3988.73,0
18621,90.91,3975.35,0
18632,90.91,3978.19,0
18643,90.91,4002.07,0
18656,76.92,4013.13,0
18667,90.91,3998.78,0
18678,90.91,3970.28,0
18690,83.33,3957.14,0
18701,90.91,3971.42,0
18712,90.91,3986.03,0
18724,90.91,3986.48,0
18736,76.92,3979.75,0
18747,90.91,3976.25,0
18758,90.91,3982.63,0
18769,90.91,3993.62,0
18781,83.33,4000.50,0
18792,90.91,4000.32,0
18804,83.33,3994.97,0
18816,83.33,3978.88,0
18827,90.91,3963.74,0
18838,90.91,3961.35,0
18849,90.91,3980.11,0
18861,83.33,4000.60,0
18872,90.91,3992.58,0
18884,83.33,3974.11,0
18895,90.91,3974.66,0
18907,83.33,3992.97,0
18918,90.91,4013.91,0
18929,90.91,4006.58,0
18940,90.91,3973.60,0
18953,76.92,3957.99,0
18964,90.91,3968.62,0
18975,90.91,3986.93,0
18987,83.33,3990.09,0
18998,90.91,3979.53,0
19009,90.91,3975.31,0
19020,90.91,3982.48,0
19033,76.92,3991.33,0
19044,90.91,3997.41,0
19055,90.91,3997.96,0
19066,90.91,3995.89,0
19078,83.33,3984.93,0
19089,90.91,3968.78,0
19101,90.91,3964.08,0
19112,83.33,3981.00,0
19124,83.33,3995.52,0
19135,90.91,3987.52,0
19146,90.91,3972.77,0
19158,83.33,3972.50,0
19169,90.91,3993.02,0
19181,83.33,4014.71,0
19192,90.91,4006.12,0
19204,83.33,3978.94,0
19215,90.91,3962.35,0
19226,90.91,3973.18,0
19237,90.91,3991.79,0
19249,83.33,3992.21,0
19261,83.33,3981.28,0
19272,90.91,3974.44,0
19283,90.91,3981.69,0
19295,83.33,3988.12,0
19306,90.91,3994.28,0
19317,90.91,4004.15,0
19330,76.92,4006.28,0
19341,90.91,3994.31,0
19352,90.91,3973.65,0
19363,90.91,3970.35,0
19375,83.33,3983.55,0
19386,90.91,3997.85,0
19397,90.91,3989.02,0
19409,83.33,3971.66,0
19421,83.33,3967.42,0
19432,90.91,3990.76,0
19443,90.91,4017.38,0
19454,90.91,4015.63,0
19466,83.33,3990.72,0
19478,90.91,3973.47,0
19489,83.33,3978.82,0
19501,83.33,3991.67,0
19512,90.91,3988.08,0
19523,90.91,3975.77,0
19534,90.91,3970.93,0
19546,83.33,3975.27,0
19558,83.33,3986.96,0
19569,90.91,3998.55,0
19580,90.91,4002.67,0
19592,83.33,4001.14,0
19603,90.91,3993.27,0
19614,90.91,3979.81,0
19625,90.91,3972.62,0
19638,76.92,3979.03,0
19649,90.91,3994.02,0
19660,90.91,3990.76,0
19672,83.33,3973.50,0
19683,90.91,3964.55,0
19694,90.91,3982.49,0
19706,83.33,4013.24,0
19718,83.33,4017.03,0
19729,90.91,3989.66,0
19740,90.91,3970.46,0
19751,90.91,3973.68,0
19763,83.33,3990.41,0
19774,90.91,3996.39,0
19786,83.33,3986.85,0
19798,83.33,3978.71,0
19809,90.91,3980.98,0
19820,90.91,3989.96,0
19831,90.91,3994.46,0
19843,83.33,4000.64,0
19855,90.91,4001.14,0
19866,83.33,3994.10,0
19877,90.91,3977.94,0
19889,83.33,3968.64,0
19900,90.91,3979.91,0
19911,90.91,3999.21,0
19922,90.91,3998.21,0
19935,76.92,3978.14,0
19946,90.91,3967.33,0
19957,90.91,3982.55,0
19969,83.33,4012.90,0
19980,90.91,4019.95,0
19991,90.91,3991.30,0
20002,90.91,3965.58,0
20015,76.92,3970.66,0
20026,90.91,3989.47,0
20037,90.91,3996.97,0
20048,90.91,3988.23,0
20060,83.33,3979.59,0
20071,90.91,3981.71,0
20083,83.33,3989.73,0
20094,90.91,3997.60,0
20106,83.33,4003.36,0
20117,90.91,4003.74,0
20128,90.91,3994.60,0
20140,83.33,3979.42,0
20151,90.91,3968.89,0
20163,83.33,3975.85,0
20174,90.91,3994.25,0
20186,83.33,3999.31,0
20197,90.91,3976.27,0
20208,90.91,3960.71,0
20219,90.91,3975.23,0
20232,83.33,4004.80,0
20243,83.33,4017.09,0
20254,90.91,3998.17,0
20265,90.91,3975.28,0
20277,83.33,3973.75,0
20288,90.91,3987.77,0
20299,90.91,3996.85,0
20312,76.92,3986.62,0
20323,90.91,3971.51,0
20334,90.91,3970.37,0
20345,90.91,3978.41,0
20357,83.33,3991.06,0
20368,90.91,3998.67,0
20379,90.91,4002.67,0
20391,83.33,3996.14,0
20403,83.33,3986.09,0
20414,90.91,3977.43,0
20425,90.91,3980.76,0
20436,90.91,3991.75,0
20448,83.33,3996.21,0
20460,83.33,3980.03,0
20471,90.91,3965.13,0
20483,83.33,3973.01,0
20494,90.91,3998.53,0
20505,90.91,4017.18,0
20516,90.91,4001.71,0
20528,83.33,3982.78,0
20540,83.33,3978.52,0
20551,90.91,3991.02,0
20562,90.91,3999.69,0
20574,83.33,3992.90,0
20585,90.91,3974.54,0
20596,90.91,3967.45,0
20609,83.33,3976.67,0
20620,83.33,3986.76,0
20631,90.91,3995.09,0
20642,90.91,4000.72,0
20654,83.33,3999.68,0
20665,90.91,3995.35,0
20676,90.91,3985.75,0
20688,83.33,3986.60,0
20700,83.33,3999.79,0
20711,90.91,3998.84,0
20722,90.91,3980.85,0
20733,90.91,3960.84,0
20745,83.33,3962.22,0
20756,90.91,3988.11,0
20768,83.33,4007.85,0
20780,83.33,4003.80,0
20791,90.91,3986.87,0
20802,90.91,3979.49,0
20813,90.91,3992.59,0
20825,83.33,4005.51,0
20837,83.33,3999.07,0
20848,90.91,3980.09,0
20859,90.91,3965.59,0
20871,83.33,3966.51,0
20882,90.91,3978.49,0
20893,90.91,3993.39,0
20904,90.91,3996.96,0
20917,76.92,3994.94,0
20928,90.91,3989.62,0
20939,90.91,3988.46,0
20951,83.33,3994.89,0
20962,90.91,4003.92,0
20973,90.91,4004.63,0
20985,90.91,3984.90,0
20997,76.92,3963.19,0
21008,90.91,3959.51,0
21019,90.91,3979.06,0
21030,90.91,3999.35,0
21042,83.33,3997.86,0
21053,90.91,3983.82,0
21065,83.33,3980.12,0
21076,90.91,3989.51,0
21088,83.33,4005.78,0
21099,90.91,4007.72,0
21110,90.91,3990.24,0
21122,83.33,3972.77,0
21134,90.91,3966.24,0
21145,83.33,3972.88,0
21156,90.91,3986.82,0
21168,83.33,3992.38,0
21179,90.91,3985.40,0
21190,90.91,3983.40,0
21201,90.91,3984.04,0
21214,76.92,3991.48,0
21225,90.91,4001.91,0
21236,90.91,4001.30,0
21248,83.33,3986.82,0
21259,90.91,3972.48,0
21270,90.91,3963.89,0
21281,90.91,3972.79,0
21294,76.92,3991.07,0
21305,90.91,3991.99,0
21316,90.91,3979.04,0
21327,90.91,3978.22,0
21339,83.33,3989.55,0
21350,90.91,4006.91,0
21362,83.33,4011.43,0
21373,90.91,3995.22,0
21385,83.33,3973.09,0
21396,90.91,3964.76,0
21407,90.91,3971.35,0
21419,83.33,3981.37,0
21430,90.91,3988.09,0
21442,83.33,3983.75,0
21453,90.91,3978.28,0
21465,83.33,3982.06,0
21476,90.91,3999.03,0
21487,90.91,4009.42,0
21498,90.91,4010.59,0
21511,83.33,3998.61,0
21522,83.33,3977.05,0
21533,90.91,3966.04,0
21544,90.91,3974.74,0
21556,83.33,3988.03,0
21567,90.91,3990.78,0
21578,90.91,3980.88,0
21591,76.92,3972.00,0
21602,90.91,3982.02,0
21613,90.91,4000.88,0
21624,90.91,4012.70,0
21636,83.33,4001.12,0
21647,90.91,3979.43,0
21658,90.91,3970.60,0
21670,83.33,3980.70,0
