66,15.15,-188.91,0
77,90.91,-188.67,0
89,83.33,-189.00,0
100,90.91,-189.22,0
111,90.91,-190.88,0
123,83.33,-191.53,0
135,83.33,-190.45,0
146,90.91,-190.40,0
157,90.91,-190.51,0
168,90.91,-190.50,0
180,83.33,-189.77,0
192,83.33,-189.79,0
203,90.91,-189.48,0
215,83.33,-189.50,0
226,90.91,-190.05,0
237,90.91,-190.10,0
248,90.91,-189.64,0
261,76.92,-189.08,0
272,90.91,-189.14,0
283,90.91,-189.62,0
294,90.91,-189.87,0
306,83.33,-190.06,0
318,90.91,-190.40,0
329,83.33,-190.44,0
340,90.91,-190.58,0
352,83.33,-190.19,0
363,90.91,-190.08,0
374,90.91,-189.23,0
387,76.92,-189.39,0
398,90.91,-189.07,0
409,90.91,-189.17,0
420,90.91,-190.05,0
432,83.33,-190.58,0
443,90.91,-190.48,0
455,83.33,-190.01,0
466,90.91,-190.08,0
478,83.33,-189.50,0
489,90.91,-189.40,0
500,90.91,-188.82,0
512,83.33,-189.26,0
524,83.33,-190.38,0
535,90.91,-190.51,0
546,90.91,-189.41,0
558,83.33,-189.04,0
569,90.91,-189.10,0
580,90.91,-189.52,0
592,83.33,-189.86,0
604,83.33,-190.47,0
615,90.91,-190.68,0
626,90.91,-190.88,0
637,90.91,-190.45,0
649,83.33,-189.94,0
661,83.33,-189.35,0
672,90.91,-188.84,0
684,83.33,-188.48,0
695,90.91,-189.33,0
706,90.91,-189.57,0
718,90.91,-189.95,0
730,76.92,-190.53,0
741,90.91,-190.66,0
752,90.91,-191.07,0
763,90.91,-190.44,0
775,83.33,-189.63,0
787,83.33,-188.98,0
798,90.91,-189.12,0
809,90.91,-189.45,0
821,83.33,-189.76,0
832,90.91,-189.94,0
843,90.91,-190.15,0
856,76.92,-189.76,0
867,90.91,-189.64,0
878,90.91,-189.47,0
889,90.91,-189.61,0
901,83.33,-189.76,0
912,90.91,-189.71,0
924,83.33,-189.32,0
935,90.91,-189.06,0
947,83.33,-189.75,0
958,90.91,-189.83,0
969,90.91,-189.04,0
980,90.91,-188.92,0
993,76.92,-189.29,0
1004,90.91,-190.00,0
1015,90.91,-189.79,0
1027,83.33,-189.98,0
1038,90.91,-189.98,0
1049,90.91,-190.05,0
1061,83.33,-190.16,0
1073,83.33,-189.42,0
1084,90.91,-189.18,0
1095,90.91,-189.23,0
1106,90.91,-189.28,0
1119,83.33,-189.61,0
1130,83.33,-190.20,0
1141,90.91,-190.01,0
1153,83.33,-190.16,0
1164,90.91,-190.07,0
1175,90.91,-190.00,0
1187,83.33,-189.53,0
1199,83.33,-189.64,0
1210,90.91,-189.22,0
1221,90.91,-189.22,0
1232,90.91,-189.51,0
1244,83.33,-189.56,0
1256,83.33,-189.61,0
1267,90.91,-189.89,0
1278,90.91,-189.27,0
1290,83.33,-188.76,0
1301,90.91,-189.38,0
1312,90.91,-189.41,0
1325,76.92,-189.92,0
1336,90.91,-190.66,0
1347,90.91,-190.36,0
1358,90.91,-189.80,0
1370,83.33,-189.40,0
1381,90.91,-189.52,0
1393,83.33,-189.56,0
1404,90.91,-189.34,0
1416,83.33,-189.22,0
1427,90.91,-189.92,0
1438,90.91,-190.40,0
1449,90.91,-190.44,0
1462,76.92,-190.55,0
1473,90.91,-189.53,0
1484,90.91,-189.43,0
1496,83.33,-189.37,0
1507,90.91,-189.16,0
1519,90.91,-189.25,0
1530,83.33,-189.51,0
1542,83.33,-189.57,0
1553,90.91,-189.66,0
1564,90.91,-189.74,0
1575,90.91,-189.82,0
1588,76.92,-189.66,0
1599,90.91,-189.08,0
1610,90.91,-188.84,0
1622,83.33,-189.04,0
1633,90.91,-190.17,0
1644,90.91,-190.66,0
1656,83.33,-190.63,0
1668,83.33,-190.45,0
1679,90.91,-189.83,0
1690,90.91,-189.48,0
1701,90.91,-188.67,0
1713,83.33,-188.84,0
1725,83.33,-189.71,0
1736,90.91,-189.58,0
1747,90.91,-190.12,0
1759,83.33,-190.10,0
1770,90.91,-189.85,0
1781,90.91,-190.03,0
1794,76.92,-189.37,0
1805,90.91,-189.15,0
1816,90.91,-188.67,0
1827,90.91,-188.71,0
1839,83.33,-189.64,0
1851,90.91,-190.55,0
1862,83.33,-190.69,0
1873,90.91,-189.95,0
1885,83.33,-189.53,0
1896,90.91,-189.47,0
1907,90.91,-188.91,0
1920,76.92,-189.67,0
1931,90.91,-189.54,0
1942,90.91,-189.56,0
1953,90.91,-190.47,0
1965,83.33,-190.25,0
1976,90.91,-189.95,0
1988,83.33,-189.05,0
1999,90.91,-188.90,0
2011,83.33,-189.18,0
2022,90.91,-189.37,0
2033,90.91,-189.31,0
2044,90.91,-189.50,0
2057,76.92,-189.59,0
2068,90.91,-190.16,0
2079,90.91,-190.08,0
2091,83.33,-189.70,0
2102,90.91,-189.34,0
2113,90.91,-189.47,0
2125,83.33,-189.82,0
2137,83.33,-189.64,0
2148,90.91,-189.41,0
2159,90.91,-189.69,0
2170,90.91,-190.15,0
2182,83.33,-190.34,0
2194,83.33,-189.71,0
2205,90.91,-188.94,0
2216,90.91,-188.71,0
2228,83.33,-189.68,0
2239,90.91,-190.06,0
2251,90.91,-189.69,0
2263,76.92,-190.01,0
2274,90.91,-190.47,0
2285,90.91,-190.55,0
2296,90.91,-190.15,0
2308,83.33,-189.96,0
2320,83.33,-189.30,0
2331,90.91,-189.37,0
2342,90.91,-189.93,0
2354,83.33,-190.12,0
2365,90.91,-190.01,0
2376,90.91,-190.20,0
2388,83.33,-189.72,0
2400,83.33,-189.89,0
2411,90.91,-190.04,0
2422,90.91,-189.61,0
2434,83.33,-189.68,0
2445,90.91,-190.04,0
2457,83.33,-190.31,0
2468,90.91,-190.70,0
2480,83.33,-190.56,0
2491,90.91,-190.43,0
2502,90.91,-190.18,0
2513,90.91,-188.82,0
2526,76.92,-188.74,0
2537,90.91,-189.44,0
2548,90.91,-189.54,0
2560,83.33,-190.17,0
2571,90.91,-190.17,0
2582,90.91,-190.14,0
2594,83.33,-189.95,0
2606,83.33,-190.14,0
2617,90.91,-189.97,0
2628,90.91,-189.38,0
2639,90.91,-189.26,0
2652,83.33,-189.64,0
2663,83.33,-190.16,0
2674,90.91,-190.77,0
2685,90.91,-190.35,0
2697,83.33,-189.94,0
2708,90.91,-189.35,0
2720,83.33,-188.84,0
2732,83.33,-188.85,0
2743,90.91,-189.09,0
2754,90.91,-189.25,0
2765,90.91,-189.46,0
2777,83.33,-190.29,0
2789,83.33,-190.24,0
2800,90.91,-189.63,0
2811,90.91,-189.50,0
2823,83.33,-188.94,0
2834,90.91,-188.32,0
2845,90.91,-188.86,0
2857,83.33,-189.38,0
2869,83.33,-189.82,0
2880,90.91,-189.94,0
2891,90.91,-190.02,0
2903,83.33,-189.86,0
2914,90.91,-189.61,0
2926,83.33,-189.15,0
2937,90.91,-189.33,0
2949,83.33,-189.20,0
2960,90.91,-189.52,0
2971,90.91,-190.47,0
2982,90.91,-190.51,0
2995,76.92,-189.66,0
3006,90.91,-189.41,0
3017,90.91,-189.47,0
3028,90.91,-189.31,0
3040,83.33,-189.95,0
3052,90.91,-189.52,0
3063,83.33,-189.91,0
3075,83.33,-189.88,0
3086,90.91,-190.10,0
3097,90.91,-190.02,0
3108,90.91,-189.65,0
3121,83.33,-189.77,0
3132,90.91,-189.57,0
3143,90.91,-188.96,0
3154,90.91,-188.98,0
3166,83.33,-189.25,0
3177,90.91,-189.91,0
3189,83.33,-190.33,0
3201,83.33,-190.23,0
3212,90.91,-189.71,0
3223,90.91,-189.24,0
3234,90.91,-189.55,0
3246,83.33,-188.91,0
3258,83.33,-188.99,0
3269,90.91,-189.67,0
3280,90.91,-190.16,0
3292,83.33,-190.16,0
3303,90.91,-190.26,0
3314,90.91,-189.67,0
3326,83.33,-189.19,0
3338,83.33,-189.06,0
3349,90.91,-188.99,0
3360,90.91,-189.61,0
3372,83.33,-189.81,0
3383,90.91,-190.51,0
3395,83.33,-190.22,0
3406,90.91,-189.55,0
3418,83.33,-189.65,0
3429,90.91,-189.01,0
3440,90.91,-188.61,0
3452,90.91,-189.01,0
3464,76.92,-189.57,0
3475,90.91,-190.00,0
3486,90.91,-190.55,0
3497,90.91,-190.46,0
3509,83.33,-189.84,0
3521,83.33,-189.62,0
3532,90.91,-190.02,0
3544,83.33,-189.74,0
3555,90.91,-189.08,0
3566,90.91,-189.04,0
3577,90.91,-188.86,0
3590,76.92,-189.58,0
3601,90.91,-189.64,0
3612,90.91,-190.21,0
3623,90.91,-190.05,0
3635,83.33,-189.36,0
3646,90.91,-189.10,0
3658,83.33,-189.00,0
3670,83.33,-189.58,0
3681,90.91,-189.72,0
3692,90.91,-190.06,0
3703,90.91,-190.24,0
3715,83.33,-189.80,0
3727,83.33,-189.49,0
3738,90.91,-188.94,0
3749,90.91,-189.20,0
3761,83.33,-189.18,0
3772,90.91,-189.27,0
3783,90.91,-189.86,0
3795,83.33,-190.35,0
3807,83.33,-190.48,0
3818,90.91,-189.82,0
3829,90.91,-189.98,0
3841,83.33,-190.26,0
3853,90.91,-189.42,0
3864,83.33,-188.90,0
3875,90.91,-189.03,0
3887,83.33,-189.59,0
3898,90.91,-190.37,0
3909,90.91,-189.69,0
3921,83.33,-189.59,0
3933,83.33,-189.39,0
3944,90.91,-189.52,0
3955,90.91,-189.64,0
3966,90.91,-190.26,0
3978,83.33,-190.17,0
3990,83.33,-190.28,0
4001,90.91,-190.77,0
4013,83.33,-190.38,0
4024,90.91,-190.49,0
4035,90.91,-190.44,0
4046,90.91,-189.07,0
4059,76.92,-189.23,0
4070,90.91,-189.47,0
4081,90.91,-190.12,0
4092,90.91,-190.19,0
4104,83.33,-190.43,0
4115,90.91,-190.22,0
4127,83.33,-189.82,0
4139,83.33,-189.56,0
4150,90.91,-188.92,0
4161,90.91,-188.94,0
4172,90.91,-189.32,0
4184,83.33,-189.84,0
4196,83.33,-189.95,0
4207,90.91,-190.37,0
4218,90.91,-190.08,0
4230,83.33,-189.50,0
4241,90.91,-189.06,0
4252,90.91,-189.55,0
4264,83.33,-189.68,0
4276,83.33,-189.48,0
4287,90.91,-189.99,0
4298,90.91,-190.13,0
4310,83.33,-190.17,0
4322,90.91,-189.49,0
4333,83.33,-189.46,0
4344,90.91,-189.48,0
4356,83.33,-189.39,0
4367,90.91,-189.10,0
4378,90.91,-189.81,0
4390,83.33,-189.99,0
4402,83.33,-190.70,0
4413,90.91,-190.84,0
4424,90.91,-190.68,0
4435,90.91,-190.06,0
4447,83.33,-189.28,0
4459,83.33,-188.15,0
4470,90.91,-188.55,0
4482,83.33,-189.40,0
4493,90.91,-189.37,0
4504,90.91,-190.02,0
4515,90.91,-190.51,0
4528,76.92,-190.48,0
4539,90.91,-189.62,0
4550,90.91,-189.80,0
4561,90.91,-189.51,0
4573,83.33,-189.38,0
4584,90.91,-189.91,0
4596,83.33,-190.56,0
4608,83.33,-190.23,0
4619,90.91,-189.88,0
4630,90.91,-189.41,0
4641,90.91,-188.96,0
4653,83.33,-189.20,0
4665,83.33,-188.82,0
4676,90.91,-188.75,0
4687,90.91,-189.74,0
4699,83.33,-190.28,0
4710,90.91,-190.25,0
4722,90.91,-190.65,0
4733,83.33,-191.08,0
4745,83.33,-190.00,0
4756,90.91,-189.25,0
4767,90.91,-188.70,0
4779,83.33,-188.37,0
4791,90.91,-188.80,0
4802,90.91,-189.31,0
4813,90.91,-190.08,0
4825,83.33,-190.64,0
4836,90.91,-190.28,0
4847,90.91,-190.07,0
4859,83.33,-189.74,0
4871,83.33,-189.96,0
4882,90.91,-189.76,0
4893,90.91,-189.60,0
4904,90.91,-189.67,0
4916,83.33,-189.85,0
4928,83.33,-189.95,0
4939,90.91,-189.34,0
4951,83.33,-188.77,0
4962,90.91,-188.83,0
4973,90.91,-189.18,0
4984,90.91,-189.49,0
4997,76.92,-189.98,0
5008,90.91,-190.56,0
5019,90.91,-190.56,0
5030,90.91,-190.55,0
5042,83.33,-190.56,0
5053,90.91,-190.16,0
5065,83.33,-189.58,0
5076,90.91,-189.22,0
5088,83.33,-189.24,0
5099,90.91,-189.47,0
5110,90.91,-190.08,0
5122,83.33,-190.75,0
5134,83.33,-191.08,0
5145,90.91,-190.67,0
5156,90.91,-190.23,0
5168,83.33,-189.41,0
5179,90.91,-189.45,0
5191,90.91,-189.32,0
5202,83.33,-189.49,0
5214,83.33,-189.98,0
5225,90.91,-190.24,0
5236,90.91,-190.34,0
5248,83.33,-189.76,0
5260,83.33,-189.31,0
5271,90.91,-189.46,0
5282,90.91,-189.17,0
5294,83.33,-189.29,0
5305,90.91,-189.72,0
5316,90.91,-190.44,0
5328,83.33,-190.44,0
5340,83.33,-190.27,0
5351,90.91,-189.91,0
5362,90.91,-189.18,0
5373,90.91,-188.45,0
5385,83.33,-188.75,0
5397,83.33,-189.16,0
5408,90.91,-189.50,0
5420,83.33,-190.23,0
5431,90.91,-190.21,0
5442,90.91,-190.33,0
5453,90.91,-189.99,0
5466,76.92,-189.58,0
5477,90.91,-190.02,0
5488,90.91,-189.56,0
5499,90.91,-189.15,0
5511,83.33,-189.60,0
5522,90.91,-189.39,0
5534,83.33,-189.73,0
5545,90.91,-189.69,0
5557,83.33,-190.26,0
5568,90.91,-189.86,0
5579,90.91,-189.69,0
5592,83.33,-189.89,0
5603,83.33,-189.97,0
5614,90.91,-190.25,0
5625,90.91,-190.43,0
5637,83.33,-190.09,0
5648,90.91,-189.66,0
5660,90.91,-188.66,0
5671,83.33,-188.97,0
5683,83.33,-189.03,0
5694,90.91,-188.91,0
5705,90.91,-189.26,0
5716,90.91,-190.46,0
5729,76.92,-190.82,0
5740,90.91,-191.02,0
5751,90.91,-191.10,0
5763,83.33,-190.84,0
5774,90.91,-189.81,0
5785,90.91,-189.06,0
5797,83.33,-188.50,0
5809,83.33,-188.90,0
5820,90.91,-189.64,0
5831,90.91,-189.93,0
5842,90.91,-189.82,0
5854,83.33,-189.55,0
5866,83.33,-189.14,0
5877,90.91,-189.05,0
5889,83.33,-189.52,0
5900,90.91,-189.89,0
5911,90.91,-189.56,0
5922,90.91,-189.46,0
5935,76.92,-189.54,0
5946,90.91,-189.53,0
5957,90.91,-189.34,0
5968,90.91,-188.78,0
5980,83.33,-189.14,0
5991,90.91,-188.83,0
6003,83.33,-189.05,0
6014,90.91,-188.97,0
6026,83.33,-189.31,0
6037,90.91,-189.93,0
6048,90.91,-190.53,0
6061,83.33,-190.40,0
6072,83.33,-190.12,0
6083,90.91,-189.76,0
6094,90.91,-189.77,0
6106,83.33,-189.42,0
6117,90.91,-188.98,0
6129,90.91,-189.58,0
6140,83.33,-190.36,0
6152,83.33,-190.25,0
6163,90.91,-190.02,0
6174,90.91,-189.73,0
6185,90.91,-189.29,0
6198,76.92,-189.86,0
6209,90.91,-189.80,0
6220,90.91,-190.14,0
6232,83.33,-190.04,0
6243,90.91,-190.07,0
6254,90.91,-189.51,0
6266,83.33,-189.39,0
6278,83.33,-189.29,0
6289,90.91,-189.36,0
6300,90.91,-189.70,0
6311,90.91,-189.46,0
6323,83.33,-189.47,0
6335,83.33,-189.95,0
6346,90.91,-190.14,0
6358,83.33,-189.68,0
6369,90.91,-189.98,0
6380,90.91,-189.58,0
6391,90.91,-189.29,0
6404,76.92,-188.61,0
6415,90.91,-188.71,0
6426,90.91,-189.67,0
6437,90.91,-189.49,0
6449,83.33,-189.80,0
6460,90.91,-190.20,0
6472,83.33,-190.00,0
6483,90.91,-189.93,0
6495,83.33,-190.11,0
6506,90.91,-189.92,0
6517,90.91,-190.19,0
6529,83.33,-190.31,0
6541,83.33,-190.18,0
6552,90.91,-190.52,0
6563,90.91,-190.14,0
6575,83.33,-189.68,0
6586,90.91,-189.53,0
6598,90.91,-189.11,0
6609,83.33,-189.98,0
6621,83.33,-189.38,0
6632,90.91,-190.06,0
6643,90.91,-190.51,0
6654,90.91,-190.48,0
6667,76.92,-190.27,0
6678,90.91,-190.02,0
6689,90.91,-190.09,0
6701,83.33,-189.96,0
6712,90.91,-189.32,0
6723,90.91,-189.75,0
6735,83.33,-190.17,0
6747,83.33,-190.81,0
6758,90.91,-191.03,0
6769,90.91,-190.28,0
6780,90.91,-189.92,0
6792,83.33,-189.68,0
6804,83.33,-189.54,0
6815,90.91,-189.34,0
6827,83.33,-189.64,0
6838,90.91,-189.94,0
6849,90.91,-190.18,0
6860,90.91,-190.15,0
6873,76.92,-190.01,0
6884,90.91,-190.35,0
6895,90.91,-189.97,0
6906,90.91,-189.21,0
6918,83.33,-189.41,0
6929,90.91,-189.52,0
6941,83.33,-189.77,0
6952,90.91,-191.05,0
6964,83.33,-190.78,0
6975,90.91,-190.80,0
6986,90.91,-189.83,0
6998,83.33,-189.02,0
7010,83.33,-189.15,0
7021,90.91,-189.68,0
7032,90.91,-190.07,0
7044,83.33,-190.07,0
7055,90.91,-190.17,0
7067,90.91,-190.56,0
7078,83.33,-190.50,0
7090,83.33,-189.91,0
7101,90.91,-189.61,0
7112,90.91,-189.36,0
7123,90.91,-189.51,0
7136,83.33,-189.69,0
7147,83.33,-189.52,0
7158,90.91,-190.03,0
7170,83.33,-190.24,0
7181,90.91,-189.99,0
7192,90.91,-189.47,0
7204,83.33,-189.45,0
7216,83.33,-189.39,0
7227,90.91,-188.95,0
7238,90.91,-189.01,0
7249,90.91,-189.85,0
7261,83.33,-190.52,0
7273,83.33,-190.25,0
7284,90.91,-190.32,0
7296,83.33,-190.01,0
7307,90.91,-189.56,0
7318,90.91,-189.81,0
7329,90.91,-189.40,0
7342,76.92,-189.37,0
7353,90.91,-189.38,0
7364,90.91,-189.77,0
7375,90.91,-189.86,0
7387,83.33,-189.68,0
7398,90.91,-189.48,0
7410,83.33,-189.31,0
7421,90.91,-189.00,0
7433,83.33,-189.00,0
7444,90.91,-188.92,0
7455,90.91,-189.75,0
7467,83.33,-189.90,0
7479,83.33,-189.69,0
7490,90.91,-189.54,0
7501,90.91,-189.69,0
7513,83.33,-189.69,0
7524,90.91,-189.20,0
7535,90.91,-189.24,0
7547,83.33,-189.80,0
7559,83.33,-190.00,0
7570,90.91,-190.07,0
7581,90.91,-189.77,0
7592,90.91,-189.35,0
7605,83.33,-189.44,0
7616,83.33,-189.79,0
7627,90.91,-189.42,0
7639,83.33,-188.92,0
7650,90.91,-189.11,0
7661,90.91,-189.39,0
7673,83.33,-189.81,0
7685,83.33,-190.04,0
7696,90.91,-189.51,0
7707,90.91,-189.89,0
7718,90.91,-189.49,0
7730,83.33,-189.22,0
7742,83.33,-189.62,0
7753,90.91,-190.18,0
7764,90.91,-190.25,0
7776,83.33,-190.26,0
7787,90.91,-190.52,0
7798,90.91,-190.02,0
7811,76.92,-189.99,0
7822,90.91,-189.98,0
7833,90.91,-189.32,0
7844,90.91,-189.71,0
7856,83.33,-189.59,0
7867,90.91,-189.74,0
7879,83.33,-190.11,0
7890,90.91,-190.42,0
7902,83.33,-190.31,0
7913,90.91,-189.67,0
7924,90.91,-189.46,0
7936,83.33,-189.26,0
7948,83.33,-188.96,0
7959,90.91,-189.36,0
7970,90.91,-189.85,0
7982,83.33,-190.29,0
7993,90.91,-190.12,0
8004,90.91,-189.71,0
8016,83.33,-190.16,0
8028,83.33,-189.88,0
8039,90.91,-189.60,0
8050,90.91,-189.43,0
8061,90.91,-189.72,0
8074,83.33,-189.96,0
8085,83.33,-190.02,0
8096,90.91,-190.00,0
8108,83.33,-189.84,0
8119,90.91,-190.09,0
8130,90.91,-189.39,0
8142,83.33,-189.20,0
8154,83.33,-189.03,0
8165,90.91,-189.28,0
8176,90.91,-189.85,0
8187,90.91,-190.02,0
8199,83.33,-190.26,0
8211,83.33,-190.49,0
8222,90.91,-190.05,0
8233,90.91,-189.36,0
8245,83.33,-189.30,0
8256,90.91,-189.55,0
8267,90.91,-189.41,0
8280,76.92,-190.04,0
8291,90.91,-190.50,0
8302,90.91,-190.53,0
8313,90.91,-190.16,0
8325,83.33,-189.75,0
8336,90.91,-189.24,0
8348,83.33,-189.11,0
8359,90.91,-189.45,0
8371,83.33,-189.93,0
8382,90.91,-190.28,0
8393,90.91,-190.14,0
8404,90.91,-189.80,0
8417,76.92,-189.31,0
8428,90.91,-188.97,0
8439,90.91,-188.74,0
8451,83.33,-188.07,0
8462,90.91,-189.01,0
8473,90.91,-189.77,0
8485,83.33,-190.16,0
8497,83.33,-190.28,0
8508,90.91,-190.54,0
8519,90.91,-190.33,0
8530,90.91,-189.77,0
8543,83.33,-188.82,0
8554,83.33,-189.26,0
8565,90.91,-189.36,0
8577,83.33,-189.71,0
8588,90.91,-189.50,0
8599,90.91,-190.01,0
8611,90.91,-190.41,0
8623,76.92,-189.98,0
8634,90.91,-189.40,0
8645,90.91,-189.12,0
8656,90.91,-189.52,0
8668,83.33,-189.59,0
8680,83.33,-189.95,0
8691,90.91,-190.62,0
8702,90.91,-190.27,0
8714,83.33,-189.36,0
8725,90.91,-189.47,0
8736,90.91,-189.55,0
8749,76.92,-189.31,0
8760,90.91,-189.09,0
8771,90.91,-188.76,0
8782,90.91,-189.68,0
8794,83.33,-190.39,0
8805,90.91,-190.26,0
8817,83.33,-190.04,0
8828,90.91,-190.12,0
8840,83.33,-189.74,0
8851,90.91,-189.68,0
8862,90.91,-190.02,0
8873,90.91,-189.89,0
8886,76.92,-189.75,0
8897,90.91,-189.90,0
8908,90.91,-189.75,0
8920,83.33,-189.94,0
8931,90.91,-188.92,0
8942,90.91,-189.02,0
8954,83.33,-189.40,0
8966,83.33,-189.23,0
8977,90.91,-189.81,0
8988,90.91,-190.08,0
8999,90.91,-190.07,0
9011,83.33,-190.02,0
9023,83.33,-189.76,0
9034,90.91,-189.60,0
9046,83.33,-188.94,0
9057,90.91,-188.72,0
9068,90.91,-189.42,0
9080,90.91,-190.59,0
9092,76.92,-190.00,0
9103,90.91,-190.17,0
9114,90.91,-190.48,0
9125,90.91,-189.88,0
9137,83.33,-189.83,0
9149,83.33,-189.57,0
9160,90.91,-189.32,0
9171,90.91,-189.35,0
9183,83.33,-189.47,0
9194,90.91,-190.22,0
9205,90.91,-190.74,0
9218,76.92,-190.04,0
9229,90.91,-189.59,0
9240,90.91,-189.24,0
9251,90.91,-188.88,0
9263,83.33,-189.10,0
9274,90.91,-189.29,0
9286,83.33,-189.63,0
9297,90.91,-189.78,0
9309,83.33,-190.28,0
9320,90.91,-189.86,0
9331,90.91,-189.77,0
9342,90.91,-189.74,0
9355,76.92,-189.37,0
9366,90.91,-189.10,0
9377,90.91,-189.47,0
9389,83.33,-190.14,0
9400,90.91,-190.83,0
9411,90.91,-190.48,0
9423,83.33,-190.49,0
9435,83.33,-189.93,0
9446,90.91,-189.68,0
9457,90.91,-188.93,0
9468,90.91,-188.96,0
9481,83.33,-189.20,0
9492,83.33,-189.62,0
9503,90.91,-190.19,0
9515,83.33,-191.24,0
9526,90.91,-190.28,0
9537,90.91,-190.47,0
9549,90.91,-189.77,0
9561,76.92,-189.19,0
9572,90.91,-189.49,0
9583,90.91,-189.46,0
9594,90.91,-189.58,0
9606,83.33,-190.17,0
9618,83.33,-190.17,0
9629,90.91,-189.62,0
9640,90.91,-189.51,0
9652,83.33,-189.43,0
9663,90.91,-189.06,0
9674,90.91,-189.34,0
9687,76.92,-189.39,0
9698,90.91,-190.19,0
9709,90.91,-190.95,0
9720,90.91,-190.79,0
9732,83.33,-189.78,0
9743,90.91,-189.76,0
9755,83.33,-189.24,0
9766,90.91,-189.26,0
9778,83.33,-189.08,0
9789,90.91,-189.63,0
9800,90.91,-189.45,0
9811,90.91,-190.04,0
9824,76.92,-190.45,0
9835,90.91,-190.18,0
9846,90.91,-190.08,0
9858,83.33,-189.42,0
9869,90.91,-189.35,0
9880,90.91,-189.13,0
9892,83.33,-189.25,0
9904,83.33,-189.64,0
9915,90.91,-189.71,0
9926,90.91,-189.55,0
9937,90.91,-190.00,0
9950,83.33,-190.04,0
9961,83.33,-188.85,0
9972,90.91,-189.32,0
9984,83.33,-189.58,0
9995,90.91,-189.52,0
10006,90.91,-189.56,0
10018,90.91,-190.08,0
10030,76.92,-190.20,0
10041,90.91,-189.97,0
10052,90.91,-189.15,0
10063,90.91,-188.95,0
10075,83.33,-188.91,0
10087,83.33,-189.38,0
10098,90.91,-190.12,0
10109,90.91,-189.94,0
10121,83.33,-190.26,0
10132,90.91,-190.44,0
10143,90.91,-190.18,0
10156,76.92,-189.62,0
10167,90.91,-188.92,0
10178,90.91,-188.75,0
10189,90.91,-188.64,0
10201,83.33,-189.13,0
10212,90.91,-189.44,0
10224,83.33,-189.46,0
10235,90.91,-190.36,0
10247,83.33,-190.45,0
10258,90.91,-189.84,0
10269,90.91,-189.81,0
10280,90.91,-189.12,0
10293,76.92,-189.53,0
10304,90.91,-189.92,0
10315,90.91,-189.59,0
10327,83.33,-189.69,0
10338,90.91,-189.51,0
10349,90.91,-189.09,0
10361,83.33,-188.90,0
10373,83.33,-188.52,0
10384,90.91,-188.79,0
10395,90.91,-188.91,0
10406,90.91,-189.51,0
10419,83.33,-190.10,0
10430,83.33,-190.50,0
10441,90.91,-190.12,0
10452,90.91,-189.59,0
10464,83.33,-189.52,0
10475,90.91,-189.25,0
10487,90.91,-188.81,0
10499,83.33,-188.29,0
10510,90.91,-189.20,0
10521,90.91,-189.60,0
10532,90.91,-189.54,0
10544,83.33,-190.27,0
10556,83.33,-189.50,0
10567,90.91,-189.39,0
10578,90.91,-189.64,0
10590,83.33,-189.03,0
10601,90.91,-189.12,0
10612,90.91,-189.40,0
10625,76.92,-189.78,0
10636,90.91,-189.62,0
10647,90.91,-189.09,0
10658,90.91,-189.03,0
10670,83.33,-189.07,0
10681,90.91,-189.37,0
10693,83.33,-189.50,0
10704,90.91,-190.51,0
10716,83.33,-190.46,0
10727,90.91,-190.25,0
10738,90.91,-190.13,0
10749,90.91,-190.38,0
10762,76.92,-190.03,0
10773,90.91,-189.16,0
10784,90.91,-188.49,0
10796,83.33,-188.98,0
10807,90.91,-189.30,0
10818,90.91,-189.86,0
10830,83.33,-190.31,0
10842,83.33,-189.95,0
10853,90.91,-189.81,0
10864,90.91,-190.20,0
10875,90.91,-189.55,0
10888,83.33,-189.69,0
10899,83.33,-189.62,0
10910,90.91,-189.28,0
10921,90.91,-189.54,0
10933,83.33,-189.45,0
10944,90.91,-190.59,0
10956,90.91,-190.21,0
10968,83.33,-189.91,0
10979,90.91,-189.38,0
10990,90.91,-189.54,0
11001,90.91,-189.50,0
11013,83.33,-189.46,0
11025,83.33,-189.61,0
11036,90.91,-190.01,0
11047,90.91,-189.98,0
11059,83.33,-190.00,0
11070,90.91,-189.75,0
11081,90.91,-189.80,0
11094,76.92,-189.18,0
11105,90.91,-189.35,0
11116,90.91,-189.29,0
11127,90.91,-189.66,0
11139,83.33,-190.32,0
11150,90.91,-190.54,0
11162,83.33,-190.34,0
11173,90.91,-189.71,0
11185,83.33,-189.17,0
11196,90.91,-189.13,0
11207,90.91,-189.02,0
11218,90.91,-189.35,0
11231,76.92,-189.55,0
11242,90.91,-190.45,0
11253,90.91,-190.10,0
11265,83.33,-189.42,0
11276,90.91,-189.80,0
11287,90.91,-189.64,0
11299,83.33,-189.25,0
11311,83.33,-189.12,0
11322,90.91,-189.71,0
11333,90.91,-190.09,0
11344,90.91,-190.22,0
11357,83.33,-190.05,0
11368,83.33,-189.56,0
11379,90.91,-189.38,0
11390,90.91,-189.13,0
11402,83.33,-189.32,0
11413,90.91,-189.58,0
11425,83.33,-189.54,0
11437,83.33,-190.21,0
11448,90.91,-190.16,0
11459,90.91,-189.86,0
11470,90.91,-189.75,0
11482,83.33,-189.51,0
11494,83.33,-188.90,0
11505,90.91,-189.46,0
11516,90.91,-189.82,0
11528,83.33,-189.41,0
11539,90.91,-189.87,0
11550,90.91,-189.75,0
11563,76.92,-190.20,0
11574,90.91,-190.09,0
11585,90.91,-190.21,0
11596,90.91,-189.19,0
11608,83.33,-189.14,0
11619,90.91,-189.50,0
11631,83.33,-189.37,0
11642,90.91,-190.04,0
11654,83.33,-190.28,0
11665,90.91,-190.20,0
11676,90.91,-189.83,0
11687,90.91,-189.38,0
11700,76.92,-189.29,0
11711,90.91,-189.53,0
11722,90.91,-189.63,0
11734,83.33,-189.71,0
11745,90.91,-190.41,0
11757,90.91,-190.23,0
11768,83.33,-190.16,0
11780,83.33,-189.31,0
11791,90.91,-189.24,0
11802,90.91,-189.30,0
11813,90.91,-189.29,0
11826,76.92,-190.02,0
11837,90.91,-190.15,0
11848,90.91,-189.95,0
11859,90.91,-190.53,0
11871,83.33,-190.86,0
11882,90.91,-190.81,0
11894,83.33,-190.07,0
11906,83.33,-189.75,0
11917,90.91,-189.69,0
11928,90.91,-189.45,0
11939,90.91,-189.55,0
11951,83.33,-189.66,0
11963,83.33,-190.43,0
11974,90.91,-190.29,0
11985,90.91,-189.92,0
11997,83.33,-189.41,0
12008,90.91,-189.03,0
12019,90.91,-188.57,0
12032,76.92,-189.30,0
12043,90.91,-190.42,0
12054,90.91,-190.24,0
12065,90.91,-189.88,0
12077,83.33,-189.56,0
12088,90.91,-189.33,0
12100,83.33,-189.25,0
12111,90.91,-189.14,0
12123,83.33,-189.43,0
12134,90.91,-189.26,0
12145,90.91,-190.25,0
12157,90.91,-190.46,0
12169,76.92,-190.67,0
12180,90.91,-190.00,0
12191,90.91,-189.65,0
12203,83.33,-189.68,0
12214,90.91,-188.76,0
12226,90.91,-188.68,0
12237,83.33,-189.21,0
12249,83.33,-189.34,0
12260,90.91,-189.86,0
12271,90.91,-190.20,0
12282,90.91,-189.59,0
12295,76.92,-189.73,0
12306,90.91,-189.38,0
12317,90.91,-189.40,0
12328,90.91,-188.88,0
12340,83.33,-189.34,0
12351,90.91,-189.92,0
12363,83.33,-190.20,0
12375,83.33,-190.05,0
12386,90.91,-190.10,0
12397,90.91,-189.75,0
12408,90.91,-188.99,0
12420,83.33,-189.37,0
12432,83.33,-189.31,0
12443,90.91,-189.35,0
12454,90.91,-190.55,0
12466,83.33,-190.29,0
12477,90.91,-190.14,0
12488,90.91,-189.44,0
12500,83.33,-189.24,0
12512,83.33,-188.83,0
12523,90.91,-188.87,0
12534,90.91,-189.47,0
12546,83.33,-189.93,0
12557,90.91,-190.16,0
12569,83.33,-190.06,0
12580,90.91,-189.88,0
12592,83.33,-189.51,0
12603,90.91,-189.09,0
12614,90.91,-189.04,0
12626,90.91,-189.09,0
12638,76.92,-188.86,0
12649,90.91,-188.93,0
12660,90.91,-189.38,0
12672,83.33,-190.19,0
12683,90.91,-190.45,0
12695,83.33,-190.56,0
12706,90.91,-189.95,0
12718,83.33,-189.53,0
12729,90.91,-188.98,0
12740,90.91,-189.34,0
12751,90.91,-189.30,0
12764,76.92,-189.88,0
12775,90.91,-190.39,0
12786,90.91,-190.58,0
12797,90.91,-189.82,0
12809,83.33,-188.83,0
12820,90.91,-188.98,0
12832,83.33,-189.08,0
12844,83.33,-189.48,0
12855,90.91,-190.52,0
12866,90.91,-190.52,0
12877,90.91,-190.52,0
12889,83.33,-190.15,0
12901,83.33,-190.06,0
12912,90.91,-190.08,0
12923,90.91,-188.80,0
12935,83.33,-189.21,0
12946,90.91,-189.29,0
12957,90.91,-189.72,0
12969,83.33,-190.01,0
12981,83.33,-189.87,0
12992,90.91,-189.93,0
13003,90.91,-189.77,0
13015,83.33,-189.55,0
13026,90.91,-189.18,0
13038,83.33,-188.64,0
13049,90.91,-189.14,0
13061,83.33,-189.59,0
13072,90.91,-189.83,0
13083,90.91,-190.07,0
13095,90.91,-190.41,0
13107,76.92,-190.40,0
13118,90.91,-189.41,0
13129,90.91,-189.55,0
13140,90.91,-189.40,0
13152,83.33,-189.51,0
13164,83.33,-189.58,0
13175,90.91,-189.90,0
13187,83.33,-190.36,0
13198,90.91,-190.38,0
13209,90.91,-189.82,0
13220,90.91,-189.29,0
13233,76.92,-189.49,0
13244,90.91,-189.55,0
13255,90.91,-190.23,0
13266,90.91,-190.30,0
13278,83.33,-190.62,0
13289,90.91,-190.44,0
13301,83.33,-189.95,0
13313,83.33,-189.84,0
13324,90.91,-189.90,0
13335,90.91,-189.88,0
13346,90.91,-189.87,0
13358,83.33,-189.45,0
13370,83.33,-189.75,0
13381,90.91,-190.34,0
13392,90.91,-190.32,0
13404,83.33,-190.09,0
13415,90.91,-189.93,0
13426,90.91,-190.01,0
13438,83.33,-189.46,0
13450,83.33,-189.26,0
13461,90.91,-189.61,0
13472,90.91,-190.35,0
13484,83.33,-190.85,0
13495,90.91,-190.90,0
13507,83.33,-190.68,0
13518,90.91,-190.26,0
13530,83.33,-190.00,0
13541,90.91,-189.76,0
13552,90.91,-189.55,0
13564,90.91,-189.67,0
13576,76.92,-190.07,0
13587,90.91,-190.46,0
13598,90.91,-189.91,0
13609,90.91,-189.93,0
13621,83.33,-189.57,0
13633,83.33,-188.97,0
13644,90.91,-189.14,0
13656,83.33,-189.05,0
13667,90.91,-189.88,0
13678,90.91,-190.30,0
13689,90.91,-190.32,0
13702,76.92,-190.48,0
13713,90.91,-190.49,0
13724,90.91,-190.19,0
13735,90.91,-189.56,0
13747,83.33,-189.42,0
13758,90.91,-189.52,0
13770,83.33,-189.48,0
13782,83.33,-190.17,0
13793,90.91,-190.62,0
13804,90.91,-190.80,0
13815,90.91,-190.87,0
13827,83.33,-189.89,0
13839,83.33,-189.33,0
13850,90.91,-189.13,0
13861,90.91,-189.46,0
13873,83.33,-190.13,0
13884,90.91,-190.70,0
13895,90.91,-190.21,0
13907,83.33,-190.03,0
13919,83.33,-189.86,0
13930,90.91,-189.89,0
13941,90.91,-189.72,0
13953,83.33,-189.69,0
13964,90.91,-189.70,0
13976,83.33,-189.48,0
13987,90.91,-190.17,0
13999,83.33,-190.43,0
14010,90.91,-189.74,0
14021,90.91,-189.83,0
14033,90.91,-189.31,0
14045,76.92,-189.05,0
14056,90.91,-188.76,0
14067,90.91,-188.93,0
14078,90.91,-189.86,0
14090,83.33,-190.38,0
14102,90.91,-190.32,0
14113,90.91,-189.72,0
14125,83.33,-189.62,0
14136,90.91,-189.10,0
14147,90.91,-188.60,0
14158,90.91,-188.94,0
14171,76.92,-188.92,0
14182,90.91,-189.83,0
14193,90.91,-190.26,0
14204,90.91,-189.75,0
14216,83.33,-189.57,0
14227,90.91,-189.82,0
14239,83.33,-189.58,0
14251,83.33,-189.05,0
14262,90.91,-189.35,0
14273,90.91,-189.77,0
14284,90.91,-190.02,0
14296,83.33,-190.18,0
14308,83.33,-190.08,0
14319,90.91,-189.47,0
14330,90.91,-189.17,0
14342,83.33,-189.26,0
14353,90.91,-189.40,0
14364,90.91,-189.25,0
14376,83.33,-189.15,0
14388,83.33,-189.47,0
14399,90.91,-189.97,0
14410,90.91,-190.45,0
14422,83.33,-189.98,0
14433,90.91,-190.02,0
14445,83.33,-190.02,0
14456,90.91,-189.73,0
14468,83.33,-189.04,0
14479,90.91,-189.19,0
14490,90.91,-189.84,0
14502,90.91,-190.09,0
14514,76.92,-190.47,0
14525,90.91,-190.61,0
14536,90.91,-190.26,0
14547,90.91,-189.80,0
14559,83.33,-189.96,0
14571,90.91,-190.12,0
14582,83.33,-189.95,0
14594,83.33,-190.26,0
14605,90.91,-189.74,0
14616,90.91,-189.29,0
14627,90.91,-189.44,0
14640,76.92,-189.47,0
14651,90.91,-189.08,0
14662,90.91,-189.09,0
14673,90.91,-189.38,0
14685,83.33,-189.56,0
14696,90.91,-189.88,0
14708,83.33,-190.37,0
14720,83.33,-190.33,0
14731,90.91,-189.84,0
14742,90.91,-189.92,0
14753,90.91,-189.51,0
14765,83.33,-189.12,0
14777,83.33,-189.92,0
14788,90.91,-189.68,0
14799,90.91,-189.77,0
14811,83.33,-189.46,0
14822,90.91,-189.64,0
14833,90.91,-189.62,0
14845,83.33,-189.11,0
14857,83.33,-189.28,0
14868,90.91,-189.30,0
14879,90.91,-189.28,0
14891,83.33,-189.11,0
14902,90.91,-189.45,0
14914,83.33,-189.65,0
14925,90.91,-189.62,0
14937,83.33,-189.30,0
14948,90.91,-189.05,0
14959,90.91,-188.99,0
14970,90.91,-189.30,0
14983,76.92,-189.72,0
14994,90.91,-190.29,0
15005,90.91,-190.82,0
15016,90.91,-190.29,0
15028,83.33,-190.06,0
15040,90.91,-190.03,0
15051,83.33,-189.31,0
15063,83.33,-189.03,0
15074,90.91,-189.08,0
15085,90.91,-189.58,0
15096,90.91,-189.53,0
15109,76.92,-190.04,0
15120,90.91,-190.44,0
15131,90.91,-190.24,0
15142,90.91,-189.98,0
15154,83.33,-190.07,0
15165,90.91,-189.19,0
15177,83.33,-189.16,0
15188,90.91,-188.95,0
15200,83.33,-189.00,0
15211,90.91,-189.97,0
15222,90.91,-190.31,0
15234,83.33,-190.09,0
15246,83.33,-189.91,0
15257,90.91,-190.12,0
15268,90.91,-189.68,0
15280,83.33,-189.72,0
15291,90.91,-189.74,0
15302,90.91,-189.79,0
15314,83.33,-189.98,0
15326,83.33,-190.07,0
15337,90.91,-190.39,0
15348,90.91,-189.57,0
15360,83.33,-188.73,0
15371,90.91,-188.68,0
15383,83.33,-189.06,0
15394,90.91,-189.76,0
15406,83.33,-190.47,0
15417,90.91,-190.60,0
15428,90.91,-190.49,0
15440,90.91,-189.97,0
15452,76.92,-189.60,0
15463,90.91,-189.43,0
15474,90.91,-189.41,0
15485,90.91,-189.17,0
15497,83.33,-189.61,0
15509,90.91,-190.41,0
15520,83.33,-190.30,0
15532,83.33,-190.43,0
15543,90.91,-190.66,0
15554,90.91,-189.70,0
15565,90.91,-189.80,0
15578,76.92,-189.43,0
15589,90.91,-189.44,0
15600,90.91,-189.82,0
15611,90.91,-190.16,0
15623,83.33,-190.25,0
15634,90.91,-190.33,0
15646,83.33,-189.52,0
15657,90.91,-189.13,0
15669,83.33,-188.76,0
15680,90.91,-189.63,0
15691,90.91,-189.79,0
15703,83.33,-189.92,0
15715,83.33,-190.55,0
15726,90.91,-191.27,0
15737,90.91,-190.37,0
15749,83.33,-189.76,0
15760,90.91,-189.37,0
15771,90.91,-189.26,0
15783,83.33,-188.45,0
15795,83.33,-188.98,0
15806,90.91,-189.34,0
15817,90.91,-189.80,0
15828,90.91,-189.87,0
15840,83.33,-189.99,0
15852,83.33,-190.39,0
15863,90.91,-189.92,0
15875,83.33,-189.70,0
15886,90.91,-190.50,0
15897,90.91,-190.63,0
15909,90.91,-190.45,0
15921,76.92,-189.60,0
15932,90.91,-189.58,0
15943,90.91,-189.83,0
15954,90.91,-190.12,0
15966,83.33,-189.32,0
15978,83.33,-189.27,0
15989,90.91,-189.14,0
16001,83.33,-189.61,0
16012,90.91,-190.44,0
16023,90.91,-190.79,0
16034,90.91,-190.60,0
16047,76.92,-190.94,0
16058,90.91,-190.50,0
16069,90.91,-189.86,0
16080,90.91,-189.48,0
16092,83.33,-188.91,0
16103,90.91,-188.79,0
16115,83.33,-189.33,0
16126,90.91,-189.40,0
16138,83.33,-190.02,0
16149,90.91,-190.30,0
16160,90.91,-190.54,0
16172,83.33,-190.15,0
16184,83.33,-190.04,0
16195,90.91,-190.15,0
16206,90.91,-189.94,0
16218,83.33,-190.01,0
16229,90.91,-189.91,0
16240,90.91,-189.28,0
16252,83.33,-188.97,0
16264,83.33,-189.02,0
16275,90.91,-189.22,0
16286,90.91,-189.61,0
16297,90.91,-189.42,0
16310,83.33,-189.84,0
16321,83.33,-190.42,0
16332,90.91,-190.55,0
16344,83.33,-190.84,0
16355,90.91,-190.39,0
16366,90.91,-189.98,0
16378,90.91,-189.20,0
16390,76.92,-188.64,0
16401,90.91,-188.49,0
16412,90.91,-189.18,0
16423,90.91,-189.72,0
16435,83.33,-189.98,0
16447,83.33,-190.00,0
16458,90.91,-190.53,0
16470,83.33,-190.15,0
16481,90.91,-189.82,0
16492,90.91,-189.83,0
16503,90.91,-189.54,0
16516,76.92,-189.04,0
16527,90.91,-189.11,0
16538,90.91,-189.57,0
16549,90.91,-190.00,0
16561,83.33,-189.97,0
16572,90.91,-189.78,0
16584,83.33,-189.37,0
16595,90.91,-189.16,0
16607,83.33,-189.05,0
16618,90.91,-189.76,0
16629,90.91,-190.15,0
16641,83.33,-190.19,0
16653,83.33,-189.89,0
16664,90.91,-189.94,0
16675,90.91,-189.81,0
16687,83.33,-189.15,0
16698,90.91,-189.03,0
16709,90.91,-188.72,0
16721,83.33,-189.09,0
16733,83.33,-190.76,0
16744,90.91,-191.48,0
16755,90.91,-191.37,0
16766,90.91,-190.67,0
16779,83.33,-190.14,0
16790,83.33,-189.76,0
16801,90.91,-189.11,0
16813,83.33,-188.85,0
16824,90.91,-188.75,0
16835,90.91,-189.08,0
16847,83.33,-189.61,0
16859,83.33,-189.47,0
16870,90.91,-189.23,0
16881,90.91,-189.48,0
16892,90.91,-189.64,0
16904,83.33,-189.50,0
16916,83.33,-189.82,0
16927,90.91,-190.71,0
16939,83.33,-190.10,0
16950,90.91,-190.05,0
16961,90.91,-190.29,0
16972,90.91,-189.69,0
16985,76.92,-188.69,0
16996,90.91,-188.11,0
17007,90.91,-188.44,0
17018,90.91,-188.51,0
17030,83.33,-189.96,0
17041,90.91,-190.15,0
17053,83.33,-190.89,0
17064,90.91,-191.69,0
17076,83.33,-190.90,0
17087,90.91,-189.99,0
17098,90.91,-189.39,0
17110,83.33,-189.14,0
17122,83.33,-188.92,0
17133,90.91,-188.95,0
17144,90.91,-189.27,0
17156,83.33,-189.33,0
17167,90.91,-189.72,0
17178,90.91,-190.06,0
17190,83.33,-190.02,0
17202,83.33,-189.73,0
17213,90.91,-189.72,0
17224,90.91,-189.64,0
17235,90.91,-190.21,0
17248,83.33,-190.10,0
17259,83.33,-190.50,0
17270,90.91,-189.99,0
17282,83.33,-189.20,0
17293,90.91,-188.44,0
17304,90.91,-188.66,0
17316,83.33,-188.65,0
17328,83.33,-189.45,0
17339,90.91,-190.39,0
17350,90.91,-190.94,0
17361,90.91,-191.63,0
17373,83.33,-191.34,0
17385,83.33,-190.70,0
17396,90.91,-189.78,0
17408,83.33,-189.32,0
17419,90.91,-188.72,0
17430,90.91,-188.48,0
17441,90.91,-188.75,0
17454,76.92,-189.54,0
17465,90.91,-189.73,0
17476,90.91,-189.74,0
17487,90.91,-189.66,0
17499,83.33,-189.85,0
17510,90.91,-190.20,0
17522,83.33,-189.78,0
17533,90.91,-189.92,0
17545,83.33,-190.05,0
17556,90.91,-190.00,0
17567,90.91,-189.92,0
17579,83.33,-190.15,0
17591,83.33,-190.22,0
17602,90.91,-189.59,0
17613,90.91,-188.42,0
17625,83.33,-188.35,0
17636,90.91,-188.91,0
17648,90.91,-189.89,0
17659,83.33,-190.10,0
17671,83.33,-189.83,0
17682,90.91,-190.22,0
17693,90.91,-189.90,0
17704,90.91,-189.34,0
17717,76.92,-189.19,0
17728,90.91,-188.46,0
17739,90.91,-188.46,0
17751,83.33,-189.18,0
17762,90.91,-189.72,0
17773,90.91,-189.85,0
17785,83.33,-190.01,0
17797,83.33,-189.87,0
17808,90.91,-189.51,0
17819,90.91,-189.65,0
17830,90.91,-189.41,0
17842,83.33,-189.61,0
17854,83.33,-190.09,0
17865,90.91,-190.32,0
17876,90.91,-189.71,0
17888,83.33,-190.01,0
17899,90.91,-189.20,0
17910,90.91,-189.32,0
17923,76.92,-189.26,0
17934,90.91,-190.12,0
17945,90.91,-190.38,0
17956,90.91,-191.03,0
17968,83.33,-190.81,0
17979,90.91,-190.54,0
17991,83.33,-190.02,0
18002,90.91,-189.94,0
18014,83.33,-189.56,0
18025,90.91,-188.79,0
18036,90.91,-188.55,0
18049,83.33,-189.29,0
18060,83.33,-189.86,0
18071,90.91,-190.43,0
18082,90.91,-190.60,0
18094,83.33,-190.35,0
18105,90.91,-190.36,0
18117,83.33,-189.94,0
18128,90.91,-189.65,0
18140,83.33,-189.15,0
18151,90.91,-188.98,0
18162,90.91,-189.39,0
18173,90.91,-189.85,0
18186,76.92,-190.30,0
18197,90.91,-189.61,0
18208,90.91,-189.44,0
18220,83.33,-189.31,0
18231,90.91,-189.24,0
18242,90.91,-189.67,0
18254,83.33,-190.21,0
18266,83.33,-190.27,0
18277,90.91,-190.58,0
18288,90.91,-190.15,0
18299,90.91,-189.30,0
18311,83.33,-189.72,0
18323,83.33,-189.50,0
18334,90.91,-189.04,0
18345,90.91,-189.29,0
18357,83.33,-189.32,0
18368,90.91,-190.13,0
18379,90.91,-190.42,0
18392,76.92,-190.16,0
18403,90.91,-190.05,0
18414,90.91,-190.23,0
18425,90.91,-190.23,0
18437,83.33,-189.56,0
18449,90.91,-189.31,0
18460,83.33,-189.23,0
18471,90.91,-189.41,0
18483,83.33,-190.04,0
18494,90.91,-189.76,0
18505,90.91,-189.14,0
18518,90.91,-188.95,0
18529,76.92,-189.36,0
18540,90.91,-189.72,0
18551,90.91,-189.98,0
18563,83.33,-190.67,0
18574,90.91,-190.61,0
18586,83.33,-190.35,0
18597,90.91,-190.46,0
18609,83.33,-189.94,0
18620,90.91,-189.55,0
18631,90.91,-189.43,0
18642,90.91,-188.26,0
18655,76.92,-189.00,0
18666,90.91,-189.96,0
18677,90.91,-190.88,0
18689,83.33,-191.21,0
18700,90.91,-191.06,0
18711,90.91,-190.45,0
18723,83.33,-190.12,0
18735,83.33,-189.89,0
18746,90.91,-188.89,0
18757,90.91,-188.70,0
18768,90.91,-189.61,0
18780,83.33,-190.67,0
18792,83.33,-190.81,0
18803,90.91,-190.97,0
18814,90.91,-190.34,0
18826,83.33,-189.53,0
18837,90.91,-189.14,0
18848,90.91,-189.17,0
18861,76.92,-189.55,0
18872,90.91,-189.29,0
18883,90.91,-189.54,0
18894,90.91,-190.04,0
18906,83.33,-189.90,0
18918,90.91,-189.35,0
18929,83.33,-189.20,0
18940,90.91,-188.80,0
18952,83.33,-189.09,0
18963,90.91,-189.17,0
18974,90.91,-189.99,0
18987,76.92,-190.69,0
18998,90.91,-190.40,0
19009,90.91,-190.23,0
19020,90.91,-189.49,0
19032,83.33,-188.48,0
19043,90.91,-188.59,0
19055,83.33,-188.96,0
19066,90.91,-189.38,0
19078,83.33,-190.36,0
19089,90.91,-190.42,0
19100,90.91,-190.50,0
19111,90.91,-190.52,0
19124,76.92,-189.74,0
19135,90.91,-189.86,0
19146,90.91,-189.68,0
19158,83.33,-189.53,0
19169,90.91,-190.22,0
19180,90.91,-190.04,0
19192,83.33,-189.99,0
19204,83.33,-189.90,0
19215,90.91,-189.86,0
19226,90.91,-189.54,0
19237,90.91,-189.51,0
19249,83.33,-188.96,0
19261,83.33,-189.18,0
19272,90.91,-189.57,0
19283,90.91,-190.39,0
19295,83.33,-191.09,0
19306,90.91,-190.81,0
19318,90.91,-190.00,0
19330,76.92,-189.36,0
19341,90.91,-188.80,0
19352,90.91,-188.87,0
19363,90.91,-189.11,0
19375,83.33,-189.29,0
19387,83.33,-189.76,0
19398,90.91,-190.33,0
19409,90.91,-190.06,0
19421,83.33,-190.35,0
19432,90.91,-190.41,0
19443,90.91,-190.02,0
19456,76.92,-189.40,0
19467,90.91,-189.18,0
19478,90.91,-189.67,0
19489,90.91,-189.13,0
19501,83.33,-189.41,0
19512,90.91,-189.29,0
19524,83.33,-189.40,0
19535,90.91,-189.72,0
19547,83.33,-189.51,0
19558,90.91,-189.47,0
19569,90.91,-189.63,0
19580,90.91,-189.98,0
19593,76.92,-190.52,0
19604,90.91,-190.73,0
19615,90.91,-190.65,0
19627,83.33,-190.06,0
19638,90.91,-189.38,0
19649,90.91,-188.94,0
19661,83.33,-188.96,0
19673,83.33,-188.46,0
19684,90.91,-189.53,0
19695,90.91,-190.03,0
19706,90.91,-190.23,0
19718,83.33,-190.10,0
19730,83.33,-190.03,0
19741,90.91,-190.02,0
19752,90.91,-189.40,0
19764,83.33,-189.03,0
19775,90.91,-189.79,0
19787,90.91,-189.74,0
19799,76.92,-190.65,0
19810,90.91,-190.78,0
19821,90.91,-190.00,0
19832,90.91,-189.73,0
19844,83.33,-189.04,0
19856,83.33,-189.38,0
19867,90.91,-189.33,0
19878,90.91,-189.02,0
19890,83.33,-189.50,0
19901,90.91,-190.11,0
19912,90.91,-190.23,0
19924,83.33,-190.40,0
19936,83.33,-189.81,0
19947,90.91,-189.35,0
19958,90.91,-188.53,0
19970,83.33,-188.75,0
19981,90.91,-188.91,0
19993,83.33,-189.85,0
20004,90.91,-190.30,0
20016,83.33,-190.09,0
20027,90.91,-190.00,0
20038,90.91,-189.97,0
20049,90.91,-189.95,0
20062,76.92,-189.31,0
20073,90.91,-189.49,0
20084,90.91,-189.56,0
20096,83.33,-189.69,0
20107,90.91,-189.99,0
20118,90.91,-190.86,0
20130,83.33,-190.87,0
20142,83.33,-189.88,0
20153,90.91,-189.35,0
20164,90.91,-188.79,0
20175,90.91,-189.37,0
20188,83.33,-189.67,0
20199,83.33,-190.18,0
20210,90.91,-190.41,0
20221,90.91,-190.29,0
20233,83.33,-189.94,0
20244,90.91,-189.64,0
20256,83.33,-189.59,0
20268,83.33,-189.77,0
20279,90.91,-189.11,0
20290,90.91,-189.15,0
20301,90.91,-190.36,0
20313,83.33,-190.25,0
20325,83.33,-190.30,0
20336,90.91,-190.02,0
20347,90.91,-190.25,0
20359,83.33,-189.84,0
20370,90.91,-189.28,0
20381,90.91,-189.41,0
20393,83.33,-189.54,0
20405,83.33,-189.43,0
20416,90.91,-189.55,0
20427,90.91,-189.98,0
20439,83.33,-189.92,0
20450,90.91,-189.51,0
20462,83.33,-188.79,0
20473,90.91,-188.86,0
20485,83.33,-189.17,0
20496,90.91,-189.22,0
20507,90.91,-189.72,0
20518,90.91,-190.13,0
20531,76.92,-190.34,0
20542,90.91,-190.18,0
20553,90.91,-189.52,0
20564,90.91,-189.15,0
20576,83.33,-189.25,0
20587,90.91,-189.37,0
20599,83.33,-189.38,0
20611,83.33,-190.09,0
20622,90.91,-189.94,0
20633,90.91,-189.67,0
20644,90.91,-189.56,0
20657,83.33,-189.20,0
20668,83.33,-189.24,0
20679,90.91,-189.35,0
20690,90.91,-189.19,0
20702,83.33,-189.60,0
20713,90.91,-189.76,0
20725,83.33,-189.80,0
20737,83.33,-190.37,0
20748,90.91,-190.36,0
20759,90.91,-189.62,0
20770,90.91,-189.13,0
20782,83.33,-189.37,0
20794,83.33,-189.27,0
20805,90.91,-189.90,0
20816,90.91,-190.01,0
20828,83.33,-190.17,0
20839,90.91,-190.38,0
20850,90.91,-190.08,0
20862,83.33,-189.93,0
20874,83.33,-189.53,0
20885,90.91,-189.00,0
20896,90.91,-189.28,0
20908,83.33,-190.09,0
20919,90.91,-190.26,0
20931,83.33,-190.51,0
20942,90.91,-190.50,0
20954,83.33,-189.51,0
20965,90.91,-189.76,0
20976,90.91,-189.69,0
20987,90.91,-189.28,0
21000,76.92,-188.51,0
21011,90.91,-189.38,0
21022,90.91,-189.29,0
21033,90.91,-189.78,0
21045,83.33,-190.17,0
21057,90.91,-190.50,0
21068,83.33,-189.57,0
21080,83.33,-189.16,0
21091,90.91,-189.37,0
21102,90.91,-189.53,0
21113,90.91,-190.33,0
21126,83.33,-190.39,0
21137,83.33,-189.82,0
21148,90.91,-189.35,0
21159,90.91,-189.38,0
21171,83.33,-189.22,0
21182,90.91,-188.89,0
21194,83.33,-189.05,0
21206,83.33,-189.09,0
21217,90.91,-189.24,0
21228,90.91,-189.37,0
21239,90.91,-189.35,0
21251,83.33,-189.86,0
21263,83.33,-190.04,0
21274,90.91,-189.29,0
21285,90.91,-188.75,0
21297,83.33,-188.69,0
21308,90.91,-188.90,0
21319,90.91,-189.56,0
21331,83.33,-190.10,0
21343,83.33,-190.25,0
21354,90.91,-190.02,0
21365,90.91,-189.60,0
21377,83.33,-190.12,0
21388,90.91,-189.79,0
21400,83.33,-189.30,0
21411,90.91,-189.37,0
21423,83.33,-189.77,0
21434,90.91,-189.45,0
21445,90.91,-189.95,0
21457,90.91,-190.32,0
21469,76.92,-190.05,0
21480,90.91,-189.17,0
21491,90.91,-188.86,0
21502,90.91,-189.21,0
21514,83.33,-190.15,0
21526,90.91,-190.15,0
21537,83.33,-190.20,0
21549,83.33,-190.32,0
21560,90.91,-190.22,0
21571,90.91,-188.92,0
21582,90.91,-189.22,0
21595,76.92,-189.26,0
21606,90.91,-189.33,0
21617,90.91,-189.52,0
21628,90.91,-190.31,0
21640,83.33,-190.41,0
21651,90.91,-190.40,0
21663,83.33,-190.14,0
21675,83.33,-189.53,0
21686,90.91,-189.38,0
21697,90.91,-189.50,0
21708,90.91,-189.48,0
21720,83.33,-189.47,0
21732,83.33,-189.63,0
21743,90.91,-190.08,0
21754,90.91,-190.21,0
21766,83.33,-190.04,0
21777,90.91,-189.69,0
21788,90.91,-189.66,0
21800,83.33,-190.22,0
21812,83.33,-189.66,0
21823,90.91,-189.41,0
21834,90.91,-189.49,0
21846,83.33,-189.29,0
21857,90.91,-189.73,0
21869,83.33,-189.85,0
21880,90.91,-190.05,0
21892,83.33,-189.25,0
21903,90.91,-188.90,0
21914,90.91,-189.13,0
21926,90.91,-189.26,0
21938,76.92,-189.99,0
21949,90.91,-190.43,0
21960,90.91,-189.88,0
21971,90.91,-189.59,0
21983,83.33,-189.51,0
21995,90.91,-189.26,0
22006,83.33,-189.01,0
22018,83.33,-189.59,0
22029,90.91,-189.82,0
22040,90.91,-189.39,0
22051,90.91,-190.30,0
22064,76.92,-190.58,0
22075,90.91,-190.47,0
22086,90.91,-190.10,0
22097,90.91,-189.48,0
22109,83.33,-189.37,0
22120,90.91,-189.45,0
22132,83.33,-188.87,0
22144,83.33,-189.79,0
22155,90.91,-189.97,0
22166,90.91,-189.95,0
22177,90.91,-190.02,0
22189,83.33,-189.89,0
22201,83.33,-189.95,0
22212,90.91,-189.50,0
22223,90.91,-188.97,0
22235,83.33,-189.63,0
22246,90.91,-189.97,0
22257,90.91,-190.37,0
22269,83.33,-190.22,0
22281,83.33,-189.93,0
22292,90.91,-188.73,0
22303,90.91,-188.66,0
22315,83.33,-188.50,0
22326,90.91,-189.13,0
22338,83.33,-190.01,0
22349,90.91,-190.12,0
22361,83.33,-190.51,0
22372,90.91,-190.51,0
22383,90.91,-189.90,0
22394,90.91,-189.40,0
22407,76.92,-189.27,0
22418,90.91,-189.65,0
22429,90.91,-189.84,0
22440,90.91,-189.42,0
22452,83.33,-190.14,0
22464,90.91,-190.00,0
22475,83.33,-190.32,0
22487,83.33,-189.65,0
22498,90.91,-189.12,0
22509,90.91,-189.31,0
22520,90.91,-189.44,0
22533,76.92,-189.28,0
22544,90.91,-189.35,0
22555,90.91,-190.11,0
22566,90.91,-190.59,0
22578,83.33,-189.99,0
22589,90.91,-189.19,0
22601,83.33,-189.01,0
22612,90.91,-188.90,0
22624,83.33,-188.97,0
22635,90.91,-189.45,0
22646,90.91,-190.62,0
22658,83.33,-190.49,0
22670,83.33,-190.11,0
22681,90.91,-189.95,0
22692,90.91,-190.28,0
22704,83.33,-189.76,0
22715,90.91,-189.06,0
22726,90.91,-189.23,0
22738,83.33,-189.54,0
22750,83.33,-190.05,0
22761,90.91,-190.35,0
22772,90.91,-190.70,0
22784,83.33,-189.98,0
22795,90.91,-189.88,0
22807,83.33,-189.53,0
22818,90.91,-189.25,0
22830,83.33,-189.57,0
22841,90.91,-189.84,0
22852,90.91,-189.71,0
22863,90.91,-189.54,0
22876,76.92,-189.94,0
22887,90.91,-189.81,0
22898,90.91,-189.29,0
22909,90.91,-188.85,0
22921,83.33,-189.26,0
22933,90.91,-189.12,0
22944,83.33,-189.54,0
22956,83.33,-190.26,0
22967,90.91,-190.49,0
22978,90.91,-190.78,0
22989,90.91,-190.29,0
23002,76.92,-189.77,0
23013,90.91,-189.32,0
23024,90.91,-189.00,0
23035,90.91,-189.15,0
23047,83.33,-189.09,0
23058,90.91,-189.72,0
23070,83.33,-190.15,0
23081,90.91,-189.90,0
23093,83.33,-189.69,0
23104,90.91,-189.61,0
23115,90.91,-189.19,0
23127,83.33,-189.61,0
23139,83.33,-190.04,0
23150,90.91,-189.68,0
23161,90.91,-189.78,0
23173,83.33,-190.00,0
23184,90.91,-190.16,0
23195,90.91,-189.77,0
23207,83.33,-189.27,0
23219,83.33,-189.37,0
23230,90.91,-189.39,0
23241,90.91,-189.75,0
23252,90.91,-189.50,0
23264,83.33,-189.67,0
23276,83.33,-190.09,0
23287,90.91,-190.00,0
23299,83.33,-190.03,0
23310,90.91,-189.20,0
23321,90.91,-189.37,0
23332,90.91,-188.99,0
23345,76.92,-188.88,0
23356,90.91,-189.31,0
23367,90.91,-189.79,0
23378,90.91,-190.04,0
23390,83.33,-190.07,0
23402,90.91,-189.93,0
23413,83.33,-189.62,0
23425,83.33,-189.76,0
23436,90.91,-189.49,0
23447,90.91,-189.28,0
23458,90.91,-189.40,0
23471,76.92,-190.11,0
23482,90.91,-190.46,0
23493,90.91,-190.48,0
23504,90.91,-190.04,0
23516,83.33,-189.17,0
23527,90.91,-189.09,0
23539,83.33,-189.40,0
23550,90.91,-190.25,0
23562,83.33,-190.67,0
23573,90.91,-190.67,0
23584,90.91,-190.70,0
23596,83.33,-189.97,0
23608,83.33,-189.98,0
23619,90.91,-189.75,0
23630,90.91,-189.11,0
23642,83.33,-188.66,0
23653,90.91,-188.71,0
23664,90.91,-189.33,0
23676,83.33,-190.02,0
23688,83.33,-190.60,0
23699,90.91,-190.41,0
23710,90.91,-189.66,0
23721,90.91,-189.23,0
23733,83.33,-188.86,0
23745,83.33,-188.62,0
23756,90.91,-188.73,0
23768,83.33,-189.03,0
23779,90.91,-189.59,0
23790,90.91,-190.10,0
23802,90.91,-189.79,0
23814,76.92,-189.71,0
23825,90.91,-189.83,0
23836,90.91,-189.54,0
23847,90.91,-189.56,0
23859,83.33,-189.27,0
23871,90.91,-190.12,0
23882,83.33,-190.00,0
23894,83.33,-189.80,0
23905,90.91,-190.11,0
23916,90.91,-190.07,0
23927,90.91,-189.23,0
23940,76.92,-188.95,0
23951,90.91,-189.37,0
23962,90.91,-190.37,0
23973,90.91,-190.19,0
23985,83.33,-189.89,0
23996,90.91,-190.22,0
24008,83.33,-190.42,0
24019,90.91,-189.98,0
24031,83.33,-189.92,0
24042,90.91,-189.28,0
24053,90.91,-189.64,0
24065,83.33,-189.75,0
24077,83.33,-189.60,0
24088,90.91,-189.67,0
24099,90.91,-189.95,0
24111,83.33,-189.69,0
24122,90.91,-189.37,0
24133,90.91,-188.86,0
24145,83.33,-189.11,0
24157,83.33,-189.79,0
24168,90.91,-189.93,0
24179,90.91,-190.05,0
24190,90.91,-190.51,0
24202,83.33,-190.19,0
24214,83.33,-189.94,0
24225,90.91,-189.09,0
24237,83.33,-188.82,0
24248,90.91,-189.03,0
24259,90.91,-188.88,0
24271,90.91,-189.56,0
24283,76.92,-189.69,0
24294,90.91,-190.10,0
24305,90.91,-190.44,0
24316,90.91,-189.56,0
24328,83.33,-189.56,0
24340,90.91,-189.46,0
24351,83.33,-189.29,0
24363,83.33,-189.46,0
24374,90.91,-189.31,0
24385,90.91,-189.46,0
24396,90.91,-190.10,0
24409,76.92,-190.22,0
24420,90.91,-189.96,0
24431,90.91,-189.70,0
24442,90.91,-189.70,0
24454,83.33,-189.26,0
24465,90.91,-189.39,0
24477,83.33,-189.63,0
24488,90.91,-190.36,0
24500,83.33,-190.20,0
24511,90.91,-189.97,0
24522,90.91,-189.51,0
24534,83.33,-189.21,0
24546,83.33,-188.86,0
24557,90.91,-189.00,0
24568,90.91,-189.18,0
24580,83.33,-189.56,0
24591,90.91,-190.00,0
24602,90.91,-190.10,0
24614,83.33,-190.91,0
24626,83.33,-190.16,0
24637,90.91,-189.37,0
24648,90.91,-189.08,0
24659,90.91,-189.35,0
24671,83.33,-189.20,0
24683,83.33,-189.56,0
24694,90.91,-190.15,0
24706,83.33,-190.16,0
24717,90.91,-189.94,0
24728,90.91,-189.75,0
24740,90.91,-189.30,0
24752,76.92,-188.89,0
24763,90.91,-188.86,0
24774,90.91,-189.04,0
24785,90.91,-189.26,0
24797,83.33,-189.60,0
24809,90.91,-190.00,0
24820,83.33,-190.10,0
24832,83.33,-190.13,0
24843,90.91,-189.37,0
24854,90.91,-189.40,0
24865,90.91,-189.19,0
24878,76.92,-189.53,0
24889,90.91,-189.64,0
24900,90.91,-189.57,0
24911,90.91,-189.73,0
24923,83.33,-189.80,0
24934,90.91,-189.22,0
24946,83.33,-189.07,0
24957,90.91,-189.13,0
24969,83.33,-189.31,0
24980,90.91,-189.99,0
24991,90.91,-190.48,0
25003,83.33,-190.33,0
25015,83.33,-190.12,0
25026,90.91,-189.97,0
25037,90.91,-189.61,0
25049,83.33,-188.96,0
25060,90.91,-188.85,0
25071,90.91,-189.40,0
25083,83.33,-189.65,0
25095,83.33,-189.88,0
25106,90.91,-190.62,0
25117,90.91,-190.31,0
25128,90.91,-189.72,0
25140,83.33,-189.96,0
25152,83.33,-189.97,0
25163,90.91,-189.29,0
25175,83.33,-189.35,0
25186,90.91,-189.45,0
25197,90.91,-189.64,0
25209,90.91,-189.64,0
25221,76.92,-189.52,0
25232,90.91,-189.62,0
25243,90.91,-189.36,0
25254,90.91,-189.28,0
25266,83.33,-189.07,0
25278,83.33,-189.52,0
25289,90.91,-189.86,0
25300,90.91,-189.88,0
25312,83.33,-189.93,0
25323,90.91,-190.12,0
25334,90.91,-189.58,0
25347,76.92,-189.43,0
25358,90.91,-189.00,0
25369,90.91,-189.01,0
25380,90.91,-189.16,0
25392,83.33,-189.19,0
25403,90.91,-189.15,0
25415,83.33,-190.15,0
25426,90.91,-190.44,0
25438,83.33,-190.61,0
25449,90.91,-190.24,0
25460,90.91,-189.66,0
25472,83.33,-189.99,0
25484,83.33,-189.74,0
25495,90.91,-189.80,0
25506,90.91,-190.06,0
25518,83.33,-190.14,0
25529,90.91,-190.29,0
25540,90.91,-189.79,0
25552,83.33,-188.57,0
25564,83.33,-188.86,0
25575,90.91,-188.85,0
25586,90.91,-189.28,0
25597,90.91,-190.29,0
25610,83.33,-190.52,0
25621,83.33,-190.68,0
25632,90.91,-190.49,0
25644,83.33,-189.69,0
25655,90.91,-189.14,0
25666,90.91,-189.35,0
25678,90.91,-189.21,0
25690,76.92,-189.19,0
25701,90.91,-189.00,0
25712,90.91,-189.45,0
25723,90.91,-189.96,0
25735,83.33,-189.80,0
25747,83.33,-189.47,0
25758,90.91,-189.59,0
25769,90.91,-189.95,0
25781,83.33,-189.83,0
25792,90.91,-189.80,0
25803,90.91,-189.77,0
25816,76.92,-189.75,0
25827,90.91,-190.12,0
25838,90.91,-189.97,0
25849,90.91,-189.16,0
25861,83.33,-188.92,0
25872,90.91,-189.24,0
25884,83.33,-189.82,0
25895,90.91,-189.79,0
25907,83.33,-190.18,0
25918,90.91,-190.60,0
25929,90.91,-190.82,0
25940,90.91,-190.44,0
25953,76.92,-189.27,0
25964,90.91,-189.05,0
25975,90.91,-188.94,0
25987,83.33,-188.91,0
25998,90.91,-189.08,0
26009,90.91,-190.02,0
26021,83.33,-190.31,0
26033,83.33,-190.69,0
26044,90.91,-190.51,0
26055,90.91,-190.36,0
26066,90.91,-190.53,0
26079,83.33,-189.73,0
26090,83.33,-189.45,0
26101,90.91,-189.80,0
26113,83.33,-190.47,0
26124,90.91,-190.62,0
26135,90.91,-190.82,0
26147,83.33,-190.74,0
26159,83.33,-190.76,0
26170,90.91,-189.63,0
26181,90.91,-189.35,0
26192,90.91,-189.60,0
26204,83.33,-189.70,0
26216,83.33,-190.14,0
26227,90.91,-190.32,0
26238,90.91,-189.91,0
26250,83.33,-190.24,0
26261,90.91,-190.24,0
26272,90.91,-189.40,0
26285,76.92,-189.05,0
26296,90.91,-188.79,0
26307,90.91,-189.35,0
26318,90.91,-190.29,0
26330,83.33,-190.51,0
26341,90.91,-190.94,0
26353,83.33,-190.38,0
26364,90.91,-189.94,0
26376,83.33,-189.36,0
26387,90.91,-189.19,0
26398,90.91,-189.20,0
26409,90.91,-189.25,0
26422,76.92,-189.75,0
26433,90.91,-189.58,0
26444,90.91,-189.24,0
26456,83.33,-189.73,0
26467,90.91,-189.47,0
26479,90.91,-189.34,0
26490,83.33,-189.78,0
26502,83.33,-190.09,0
26513,90.91,-190.35,0
26524,90.91,-190.26,0
26535,90.91,-190.78,0
26548,83.33,-190.76,0
26559,83.33,-189.88,0
26570,90.91,-189.32,0
26582,83.33,-188.82,0
26593,90.91,-188.53,0
26604,90.91,-188.90,0
26616,83.33,-190.14,0
26628,83.33,-190.89,0
26639,90.91,-190.53,0
26650,90.91,-190.75,0
26661,90.91,-190.39,0
26673,83.33,-190.05,0
26685,83.33,-190.09,0
26696,90.91,-189.41,0
26707,90.91,-189.49,0
26719,83.33,-190.14,0
26730,90.91,-189.82,0
26741,90.91,-190.25,0
26754,76.92,-190.31,0
26765,90.91,-189.78,0
26776,90.91,-189.11,0
26787,90.91,-189.43,0
26799,83.33,-189.63,0
26810,90.91,-190.25,0
26822,83.33,-190.42,0
26833,90.91,-190.55,0
26845,83.33,-190.11,0
26856,90.91,-190.07,0
26867,90.91,-189.23,0
26878,90.91,-188.88,0
26891,76.92,-189.04,0
26902,90.91,-189.49,0
26913,90.91,-189.86,0
26925,83.33,-189.69,0
26936,90.91,-189.87,0
26948,90.91,-190.35,0
26959,83.33,-190.50,0
26971,83.33,-190.30,0
26982,90.91,-189.94,0
26993,90.91,-189.44,0
27004,90.91,-189.65,0
27017,76.92,-189.75,0
27028,90.91,-189.86,0
27039,90.91,-190.41,0
27051,83.33,-190.08,0
27062,90.91,-189.70,0
27073,90.91,-189.84,0
27085,83.33,-190.02,0
27097,83.33,-190.02,0
27108,90.91,-190.02,0
27119,90.91,-190.07,0
27130,90.91,-190.21,0
27142,83.33,-190.59,0
27154,83.33,-190.06,0
27165,90.91,-189.49,0
27176,90.91,-189.51,0
27188,83.33,-189.25,0
27199,90.91,-188.78,0
27210,90.91,-189.56,0
27223,76.92,-189.36,0
27234,90.91,-189.54,0
27245,90.91,-190.39,0
27256,90.91,-191.13,0
27268,83.33,-190.86,0
27279,90.91,-190.28,0
27291,83.33,-189.95,0
27302,90.91,-189.29,0
27314,83.33,-188.88,0
27325,90.91,-188.85,0
27336,90.91,-189.08,0
27348,90.91,-189.17,0
27360,76.92,-189.24,0
27371,90.91,-189.75,0
27382,90.91,-190.09,0
27394,83.33,-189.72,0
27405,90.91,-189.89,0
27417,83.33,-189.88,0
27428,90.91,-190.11,0
27440,83.33,-190.36,0
27451,90.91,-190.56,0
27462,90.91,-190.18,0
27473,90.91,-190.23,0
27486,76.92,-189.45,0
27497,90.91,-188.25,0
27508,90.91,-188.27,0
27520,83.33,-188.44,0
27531,90.91,-189.08,0
27542,90.91,-189.35,0
27554,83.33,-190.71,0
27566,83.33,-190.99,0
27577,90.91,-190.32,0
27588,90.91,-190.25,0
27599,90.91,-190.30,0
27611,83.33,-189.79,0
27623,83.33,-189.19,0
27634,90.91,-188.70,0
27645,90.91,-188.53,0
27657,83.33,-189.29,0
27668,90.91,-190.48,0
27679,90.91,-190.66,0
27692,76.92,-190.28,0
27703,90.91,-189.48,0
27714,90.91,-189.72,0
27725,90.91,-189.46,0
27737,83.33,-189.90,0
27748,90.91,-190.30,0
27760,83.33,-190.35,0
27771,90.91,-190.10,0
27783,83.33,-189.21,0
27794,90.91,-189.03,0
27805,90.91,-189.01,0
27817,90.91,-189.34,0
27829,76.92,-189.12,0
27840,90.91,-189.46,0
27851,90.91,-190.05,0
27863,83.33,-190.84,0
27874,90.91,-190.89,0
27886,83.33,-190.10,0
27897,90.91,-189.52,0
27909,83.33,-189.54,0
27920,90.91,-189.44,0
27931,90.91,-188.99,0
27942,90.91,-189.45,0
27955,76.92,-189.83,0
27966,90.91,-190.26,0
27977,90.91,-190.33,0
27988,90.91,-190.42,0
28000,83.33,-189.76,0
28011,90.91,-189.95,0
28023,83.33,-189.80,0
28035,83.33,-190.03,0
28046,90.91,-190.07,0
28057,90.91,-190.07,0
28068,90.91,-189.57,0
28080,83.33,-189.62,0
28092,83.33,-189.71,0
28103,90.91,-189.27,0
28114,90.91,-189.06,0
28126,83.33,-189.46,0
28137,90.91,-189.58,0
28148,90.91,-189.50,0
28161,76.92,-190.07,0
28172,90.91,-190.69,0
28183,90.91,-190.44,0
28194,90.91,-190.04,0
28206,83.33,-189.28,0
28217,90.91,-188.74,0
28229,83.33,-188.67,0
28240,90.91,-188.67,0
28252,83.33,-189.56,0
28263,90.91,-190.41,0
28274,90.91,-190.31,0
28286,90.91,-190.16,0
28298,76.92,-190.04,0
28309,90.91,-189.83,0
28320,90.91,-189.40,0
28332,83.33,-190.14,0
28343,90.91,-190.08,0
28355,83.33,-190.32,0
28366,90.91,-190.06,0
28378,83.33,-189.78,0
28389,90.91,-189.44,0
28400,90.91,-189.52,0
28411,90.91,-189.48,0
28424,76.92,-189.23,0
28435,90.91,-189.35,0
28446,90.91,-189.79,0
28457,90.91,-190.36,0
28469,83.33,-190.32,0
28480,90.91,-190.28,0
28492,83.33,-189.85,0
28504,83.33,-189.70,0
28515,90.91,-189.10,0
28526,90.91,-188.55,0
28537,90.91,-188.31,0
28549,83.33,-188.59,0
28561,83.33,-189.31,0
28572,90.91,-190.05,0
28583,90.91,-190.54,0
28595,83.33,-190.57,0
28606,90.91,-190.52,0
28617,90.91,-190.06,0
28630,76.92,-189.89,0
28641,90.91,-189.53,0
28652,90.91,-189.28,0
28663,90.91,-189.46,0
28675,83.33,-189.73,0
28686,90.91,-189.70,0
28698,83.33,-189.13,0
28709,90.91,-189.02,0
28721,83.33,-189.39,0
28732,90.91,-189.67,0
28743,90.91,-189.76,0
28755,90.91,-189.82,0
28767,76.92,-190.64,0
28778,90.91,-190.64,0
28789,90.91,-190.53,0
28801,83.33,-189.86,0
28812,90.91,-189.32,0
28824,90.91,-188.92,0
28835,83.33,-189.14,0
28847,83.33,-188.79,0
28858,90.91,-189.06,0
28869,90.91,-190.29,0
28880,90.91,-190.65,0
28893,76.92,-190.44,0
28904,90.91,-190.37,0
28915,90.91,-190.63,0
28926,90.91,-190.34,0
28938,83.33,-189.76,0
28949,90.91,-189.49,0
28961,83.33,-189.41,0
28973,83.33,-189.33,0
28984,90.91,-189.51,0
28995,90.91,-189.45,0
29006,90.91,-189.31,0
29018,83.33,-189.53,0
29030,83.33,-189.40,0
29041,90.91,-189.55,0
29052,90.91,-190.30,0
29064,83.33,-191.31,0
29075,90.91,-190.75,0
29086,90.91,-190.63,0
29099,76.92,-190.21,0
29110,90.91,-189.88,0
29121,90.91,-189.36,0
29132,90.91,-188.65,0
29144,83.33,-188.80,0
29155,90.91,-189.74,0
29167,83.33,-189.91,0
29178,90.91,-190.26,0
29190,83.33,-190.84,0
29201,90.91,-190.48,0
29212,90.91,-190.07,0
29223,90.91,-190.31,0
29236,76.92,-189.74,0
29247,90.91,-189.44,0
29258,90.91,-189.14,0
29270,83.33,-189.98,0
29281,90.91,-190.11,0
29293,90.91,-189.96,0
29304,83.33,-189.97,0
29316,83.33,-190.16,0
29327,90.91,-189.80,0
29338,90.91,-190.50,0
29349,90.91,-190.28,0
29362,76.92,-189.94,0
29373,90.91,-189.93,0
29384,90.91,-189.94,0
29395,90.91,-190.18,0
29407,83.33,-189.91,0
29418,90.91,-189.76,0
29430,83.33,-188.92,0
29442,83.33,-188.64,0
29453,90.91,-189.09,0
29464,90.91,-190.38,0
29475,90.91,-190.87,0
29487,83.33,-190.74,0
29499,83.33,-190.76,0
29510,90.91,-190.54,0
29521,90.91,-190.76,0
29533,83.33,-190.07,0
29544,90.91,-189.06,0
29555,90.91,-188.81,0
29568,76.92,-189.12,0
29579,90.91,-189.15,0
29590,90.91,-190.02,0
29601,90.91,-190.73,0
29613,83.33,-190.54,0
29624,90.91,-190.55,0
29636,83.33,-189.72,0
29647,90.91,-189.20,0
29659,83.33,-189.27,0
29670,90.91,-189.61,0
29681,90.91,-190.33,0
29692,90.91,-190.38,0
29705,76.92,-189.94,0
29716,90.91,-189.68,0
29727,90.91,-189.58,0
29739,83.33,-189.15,0
29750,90.91,-188.85,0
29762,90.91,-188.72,0
29773,83.33,-189.77,0
29785,83.33,-190.47,0
29796,90.91,-190.93,0
29807,90.91,-190.36,0
29818,90.91,-189.82,0
29831,76.92,-189.59,0
29842,90.91,-189.35,0
29853,90.91,-189.23,0
29864,90.91,-189.62,0
29876,83.33,-189.77,0
29887,90.91,-189.66,0
29899,83.33,-189.99,0
29911,83.33,-190.01,0
29922,90.91,-190.58,0
29933,90.91,-190.08,0
29944,90.91,-189.30,0
29956,83.33,-189.62,0
29968,83.33,-189.66,0
29979,90.91,-190.13,0
29990,90.91,-190.79,0
30002,83.33,-190.99,0
30013,90.91,-190.64,0
30024,90.91,-190.22,0
30036,83.33,-189.09,0
30048,83.33,-189.07,0
30059,90.91,-189.43,0
30070,90.91,-189.63,0
30082,83.33,-190.10,0
30093,90.91,-190.24,0
30105,83.33,-190.90,0
30116,90.91,-190.79,0
30128,83.33,-190.11,0
30139,90.91,-189.35,0
30150,90.91,-189.03,0
30162,90.91,-188.72,0
30174,76.92,-188.74,0
30185,90.91,-189.77,0
30196,90.91,-190.02,0
30208,83.33,-190.08,0
30219,90.91,-190.46,0
30231,90.91,-190.58,0
30242,83.33,-190.48,0
30254,83.33,-190.06,0
30265,90.91,-189.55,0
30276,90.91,-189.59,0
30287,90.91,-190.08,0
30300,76.92,-189.77,0
30311,90.91,-189.52,0
30322,90.91,-190.01,0
30333,90.91,-190.00,0
30345,83.33,-190.05,0
30356,90.91,-190.43,0
30368,83.33,-190.02,0
30380,83.33,-189.81,0
30391,90.91,-190.16,0
30402,90.91,-190.82,0
30413,90.91,-190.73,0
30425,83.33,-190.22,0
30437,83.33,-189.78,0
30448,90.91,-189.14,0
30459,90.91,-189.16,0
30471,83.33,-188.99,0
30482,90.91,-189.33,0
30493,90.91,-188.78,0
30505,83.33,-189.77,0
30517,83.33,-190.75,0
30528,90.91,-190.62,0
30539,90.91,-190.70,0
30551,83.33,-190.35,0
30562,90.91,-189.47,0
30574,83.33,-188.78,0
30585,90.91,-189.37,0
30597,83.33,-189.35,0
30608,90.91,-189.78,0
30619,90.91,-189.85,0
30630,90.91,-189.94,0
30643,76.92,-190.28,0
30654,90.91,-189.88,0
30665,90.91,-189.36,0
30676,90.91,-189.58,0
30688,83.33,-189.73,0
30700,90.91,-189.89,0
30711,83.33,-190.07,0
30723,83.33,-189.69,0
30734,90.91,-190.33,0
30745,90.91,-190.23,0
30756,90.91,-189.66,0
30769,76.92,-188.87,0
30780,90.91,-188.68,0
30791,90.91,-188.80,0
30802,90.91,-189.70,0
30814,83.33,-190.11,0
30825,90.91,-190.17,0
30837,83.33,-189.91,0
30849,83.33,-189.67,0
30860,90.91,-189.37,0
30871,90.91,-188.89,0
30882,90.91,-189.29,0
30894,83.33,-189.39,0
30906,83.33,-189.46,0
30917,90.91,-189.51,0
30928,90.91,-189.90,0
30940,83.33,-189.92,0
30951,90.91,-190.27,0
30962,90.91,-189.48,0
30974,83.33,-188.86,0
30986,83.33,-189.37,0
30997,90.91,-189.54,0
31008,90.91,-189.89,0
31020,83.33,-190.29,0
31031,90.91,-190.01,0
31043,83.33,-189.19,0
31054,90.91,-189.13,0
31066,83.33,-189.19,0
31077,90.91,-189.27,0
31088,90.91,-189.45,0
31099,90.91,-189.36,0
31112,76.92,-189.98,0
31123,90.91,-190.60,0
31134,90.91,-190.81,0
31145,90.91,-190.20,0
31157,83.33,-189.99,0
31169,90.91,-188.99,0
31180,83.33,-189.36,0
31192,83.33,-189.25,0
31203,90.91,-189.86,0
31214,90.91,-190.02,0
31225,90.91,-190.65,0
31238,76.92,-190.31,0
31249,90.91,-190.16,0
31260,90.91,-190.35,0
31271,90.91,-189.46,0
31283,83.33,-189.30,0
31294,90.91,-189.46,0
31306,83.33,-190.10,0
31318,83.33,-189.90,0
31329,90.91,-190.26,0
31340,90.91,-190.00,0
31351,90.91,-189.91,0
31363,83.33,-189.70,0
31375,83.33,-189.30,0
31386,90.91,-189.51,0
31397,90.91,-189.62,0
31409,83.33,-190.01,0
31420,90.91,-190.49,0
31431,90.91,-190.73,0
31443,83.33,-190.30,0
31455,83.33,-190.05,0
31466,90.91,-189.11,0
31477,90.91,-188.96,0
31489,83.33,-188.80,0
31500,90.91,-188.69,0
31512,83.33,-189.23,0
31523,90.91,-189.57,0
31535,83.33,-190.35,0
31546,90.91,-190.56,0
31557,90.91,-190.31,0
31569,90.91,-189.95,0
31581,76.92,-189.90,0
31592,90.91,-189.90,0
31603,90.91,-189.56,0
31614,90.91,-189.69,0
31626,83.33,-189.90,0
31638,90.91,-189.60,0
31649,83.33,-190.01,0
31661,83.33,-190.56,0
31672,90.91,-190.06,0
31683,90.91,-189.48,0
31694,90.91,-189.64,0
31707,76.92,-189.99,0
31718,90.91,-189.88,0
31729,90.91,-190.54,0
31740,90.91,-190.45,0
31752,83.33,-190.26,0
31763,90.91,-190.22,0
31775,83.33,-189.72,0
31787,83.33,-188.64,0
31798,90.91,-188.58,0
31809,90.91,-188.95,0
31820,90.91,-189.69,0
31832,83.33,-190.06,0
31844,83.33,-190.50,0
31855,90.91,-190.66,0
31866,90.91,-190.61,0
31878,83.33,-190.63,0
31889,90.91,-189.30,0
31900,90.91,-188.80,0
31912,83.33,-188.82,0
31924,83.33,-189.05,0
31935,90.91,-189.71,0
31946,90.91,-189.56,0
31958,83.33,-189.53,0
31969,90.91,-189.06,0
31981,83.33,-189.46,0
31992,90.91,-189.56,0
32004,83.33,-189.69,0
32015,90.91,-190.20,0
32026,90.91,-190.39,0
32038,90.91,-190.53,0
32050,76.92,-190.22,0
32061,90.91,-189.59,0
32072,90.91,-188.84,0
32083,90.91,-188.59,0
32095,83.33,-189.03,0
32107,90.91,-189.96,0
32118,83.33,-189.87,0
32130,83.33,-190.44,0
32141,90.91,-190.54,0
32152,90.91,-190.47,0
32163,90.91,-190.57,0
32176,76.92,-190.41,0
32187,90.91,-189.85,0
32198,90.91,-189.17,0
32209,90.91,-188.77,0
32221,83.33,-188.71,0
32232,90.91,-189.63,0
32244,83.33,-190.20,0
32256,83.33,-190.81,0
32267,90.91,-190.40,0
32278,90.91,-190.36,0
32289,90.91,-189.93,0
32301,83.33,-190.05,0
32313,83.33,-190.56,0
32324,90.91,-190.49,0
32335,90.91,-190.48,0
32347,83.33,-190.71,0
32358,90.91,-190.66,0
32369,90.91,-190.26,0
32381,83.33,-189.56,0
32393,83.33,-189.01,0
32404,90.91,-189.38,0
32415,90.91,-189.60,0
32427,83.33,-189.67,0
32438,90.91,-190.58,0
32450,83.33,-191.07,0
32461,90.91,-191.06,0
32473,83.33,-190.76,0
32484,90.91,-190.12,0
32495,90.91,-189.77,0
32506,90.91,-189.90,0
32519,76.92,-189.12,0
32530,90.91,-189.29,0
32541,90.91,-189.36,0
32552,90.91,-189.83,0
32564,83.33,-190.46,0
32576,90.91,-190.97,0
32587,83.33,-190.48,0
32599,83.33,-190.00,0
32610,90.91,-189.73,0
32621,90.91,-189.54,0
32632,90.91,-189.40,0
32645,83.33,-189.97,0
32656,83.33,-190.18,0
32667,90.91,-190.05,0
32678,90.91,-189.29,0
32690,83.33,-189.26,0
32701,90.91,-189.34,0
32713,83.33,-189.74,0
32724,90.91,-189.67,0
32736,83.33,-189.58,0
32747,90.91,-190.36,0
32758,90.91,-190.38,0
32770,83.33,-190.97,0
32782,83.33,-190.45,0
32793,90.91,-190.32,0
32804,90.91,-190.15,0
32816,83.33,-189.35,0
32827,90.91,-188.97,0
32838,90.91,-189.35,0
32850,83.33,-189.28,0
32862,83.33,-189.78,0
32873,90.91,-190.17,0
32884,90.91,-189.69,0
32896,83.33,-190.17,0
32907,90.91,-189.23,0
32919,83.33,-188.85,0
32930,90.91,-189.44,0
32942,83.33,-189.59,0
32953,90.91,-189.54,0
32964,90.91,-189.86,0
32975,90.91,-189.68,0
32988,76.92,-189.42,0
32999,90.91,-188.93,0
33010,90.91,-189.07,0
33021,90.91,-189.60,0
33033,83.33,-190.39,0
33045,90.91,-189.82,0
33056,83.33,-189.75,0
33068,83.33,-189.95,0
33079,90.91,-190.17,0
33090,90.91,-190.25,0
33101,90.91,-189.45,0
33114,83.33,-189.09,0
33125,83.33,-189.30,0
33136,90.91,-189.65,0
33147,90.91,-189.70,0
33159,83.33,-190.21,0
33170,90.91,-190.51,0
33182,83.33,-190.43,0
33193,90.91,-189.98,0
33205,83.33,-188.84,0
33216,90.91,-188.48,0
33227,90.91,-188.88,0
33239,83.33,-188.99,0
33251,83.33,-189.61,0
33262,90.91,-190.05,0
33273,90.91,-190.48,0
33285,83.33,-190.37,0
33296,90.91,-189.76,0
33307,90.91,-189.40,0
33319,83.33,-189.15,0
33331,83.33,-189.44,0
33342,90.91,-189.48,0
33353,90.91,-189.28,0
33364,90.91,-189.47,0
33376,83.33,-190.16,0
33388,83.33,-190.53,0
33399,90.91,-190.15,0
33411,83.33,-189.10,0
33422,90.91,-189.08,0
33433,90.91,-189.83,0
33444,90.91,-189.52,0
33457,76.92,-189.77,0
33468,90.91,-190.20,0
33479,90.91,-190.83,0
33490,90.91,-190.80,0
33502,83.33,-190.23,0
33513,90.91,-189.66,0
33525,83.33,-189.10,0
33537,83.33,-189.03,0
33548,90.91,-189.46,0
33559,90.91,-189.79,0
33570,90.91,-190.29,0
33583,83.33,-189.93,0
33594,83.33,-189.99,0
33605,90.91,-189.51,0
33616,90.91,-189.11,0
33628,83.33,-189.31,0
33639,90.91,-189.20,0
33651,83.33,-189.01,0
33662,90.91,-189.60,0
33674,83.33,-189.90,0
33685,90.91,-189.79,0
33696,90.91,-189.64,0
33708,83.33,-189.04,0
33720,83.33,-189.03,0
33731,90.91,-189.03,0
33742,90.91,-189.13,0
33754,83.33,-189.85,0
33765,90.91,-190.38,0
33776,90.91,-190.19,0
33788,83.33,-190.57,0
33800,83.33,-189.97,0
33811,90.91,-190.20,0
33822,90.91,-189.89,0
33833,90.91,-189.34,0
33845,83.33,-188.65,0
33857,83.33,-189.40,0
33868,90.91,-189.90,0
33880,83.33,-190.61,0
33891,90.91,-189.86,0
33902,90.91,-189.88,0
33913,90.91,-189.84,0
33926,76.92,-189.80,0
33937,90.91,-190.18,0
33948,90.91,-189.93,0
33959,90.91,-190.20,0
33971,83.33,-190.31,0
33982,90.91,-190.18,0
33994,83.33,-190.13,0
34006,83.33,-189.60,0
34017,90.91,-189.06,0
34028,90.91,-188.78,0
34039,90.91,-189.15,0
34052,83.33,-189.48,0
34063,83.33,-190.08,0
34074,90.91,-190.77,0
34085,90.91,-190.66,0
34097,83.33,-190.68,0
34108,90.91,-190.44,0
34120,83.33,-189.56,0
34131,90.91,-189.07,0
34143,83.33,-189.48,0
34154,90.91,-189.04,0
34165,90.91,-189.29,0
34177,83.33,-189.66,0
34189,83.33,-189.62,0
34200,90.91,-189.86,0
34211,90.91,-190.27,0
34223,83.33,-189.96,0
34234,90.91,-189.57,0
34245,90.91,-189.43,0
34257,83.33,-189.70,0
34269,83.33,-190.08,0
34280,90.91,-190.37,0
34291,90.91,-190.39,0
34302,90.91,-189.80,0
34314,83.33,-189.29,0
34326,83.33,-189.25,0
34337,90.91,-189.04,0
34349,83.33,-188.99,0
34360,90.91,-189.98,0
34371,90.91,-190.05,0
34382,90.91,-190.49,0
34395,76.92,-190.38,0
34406,90.91,-190.47,0
34417,90.91,-189.91,0
34428,90.91,-189.26,0
34440,83.33,-188.88,0
34451,90.91,-189.29,0
34463,83.33,-189.24,0
34475,83.33,-189.50,0
34486,90.91,-190.16,0
34497,90.91,-189.97,0
34508,90.91,-189.85,0
34521,83.33,-189.74,0
34532,83.33,-189.76,0
34543,90.91,-189.65,0
34554,90.91,-189.77,0
34566,83.33,-189.48,0
34577,90.91,-189.82,0
34589,83.33,-190.38,0
34600,90.91,-190.28,0
34612,83.33,-190.22,0
34623,90.91,-189.52,0
34634,90.91,-189.59,0
34646,83.33,-189.39,0
34658,83.33,-188.88,0
34669,90.91,-189.21,0
34680,90.91,-190.20,0
34692,83.33,-190.68,0
34703,90.91,-191.14,0
34714,90.91,-190.69,0
34726,83.33,-190.27,0
34738,83.33,-190.14,0
34749,90.91,-189.31,0
34760,90.91,-189.06,0
34771,90.91,-189.16,0
34783,83.33,-189.29,0
34795,83.33,-189.78,0
34806,90.91,-189.69,0
34818,83.33,-190.38,0
34829,90.91,-190.71,0
34840,90.91,-189.97,0
34851,90.91,-189.42,0
34864,76.92,-189.25,0
34875,90.91,-189.18,0
34886,90.91,-190.11,0
34897,90.91,-190.41,0
34909,83.33,-190.03,0
34920,90.91,-189.60,0
34932,83.33,-189.65,0
34944,83.33,-189.31,0
34955,90.91,-189.19,0
34966,90.91,-189.10,0
34977,90.91,-189.68,0
34990,83.33,-190.31,0
35001,83.33,-190.08,0
35012,90.91,-190.04,0
35023,90.91,-189.77,0
35035,83.33,-189.70,0
35046,90.91,-188.88,0
35058,83.33,-188.14,0
35069,90.91,-189.17,0
35081,83.33,-189.63,0
35092,90.91,-189.47,0
35103,90.91,-189.96,0
35115,83.33,-190.39,0
35127,83.33,-190.08,0
35138,90.91,-190.22,0
35149,90.91,-190.37,0
35161,83.33,-190.21,0
35172,90.91,-189.48,0
35183,90.91,-189.18,0
35195,83.33,-189.27,0
35207,83.33,-189.25,0
35218,90.91,-189.75,0
35229,90.91,-189.51,0
35240,90.91,-189.20,0
35252,83.33,-189.32,0
35264,83.33,-189.60,0
35275,90.91,-190.15,0
35287,83.33,-190.12,0
35298,90.91,-190.39,0
35309,90.91,-190.84,0
35320,90.91,-190.44,0
35333,76.92,-189.51,0
35344,90.91,-189.18,0
35355,90.91,-189.14,0
35366,90.91,-189.22,0
35378,83.33,-189.89,0
35389,90.91,-190.48,0
35401,83.33,-190.33,0
35412,90.91,-189.97,0
35424,83.33,-191.03,0
35435,90.91,-190.54,0
35446,90.91,-190.26,0
35459,83.33,-190.42,0
35470,83.33,-189.39,0
35481,90.91,-188.87,0
35492,90.91,-189.32,0
35504,83.33,-190.06,0
35515,90.91,-190.30,0
35527,83.33,-190.06,0
35538,90.91,-190.30,0
35550,83.33,-189.94,0
35561,90.91,-189.64,0
35572,90.91,-189.09,0
35584,83.33,-189.47,0
35596,83.33,-190.19,0
35607,90.91,-190.23,0
35618,90.91,-190.03,0
35630,83.33,-189.85,0
35641,90.91,-189.52,0
35652,90.91,-189.31,0
35664,83.33,-189.32,0
35676,83.33,-189.23,0
35687,90.91,-189.47,0
35698,90.91,-189.60,0
35709,90.91,-189.95,0
35721,83.33,-190.40,0
35733,83.33,-190.27,0
35744,90.91,-190.24,0
35756,83.33,-189.71,0
35767,90.91,-188.72,0
35778,90.91,-188.85,0
35789,90.91,-189.17,0
35802,76.92,-189.60,0
35813,90.91,-189.68,0
35824,90.91,-190.40,0
35835,90.91,-190.40,0
35847,83.33,-189.74,0
35858,90.91,-189.98,0
35870,83.33,-189.77,0
35881,90.91,-189.25,0
35893,83.33,-189.85,0
35904,90.91,-189.46,0
35915,90.91,-189.67,0
35928,83.33,-190.54,0
35939,83.33,-189.85,0
35950,90.91,-189.98,0
35961,90.91,-189.85,0
35973,83.33,-189.51,0
35984,90.91,-189.41,0
35996,83.33,-190.00,0
36007,90.91,-190.15,0
36019,83.33,-190.11,0
36030,90.91,-190.24,0
36041,90.91,-189.78,0
36052,90.91,-189.40,0
36065,76.92,-188.86,0
36076,90.91,-189.12,0
36087,90.91,-189.48,0
36099,83.33,-189.31,0
36110,90.91,-189.15,0
36121,90.91,-189.93,0
36133,83.33,-190.48,0
36145,83.33,-190.33,0
36156,90.91,-190.26,0
36167,90.91,-190.17,0
36178,90.91,-189.35,0
36190,83.33,-189.22,0
36202,83.33,-189.69,0
36213,90.91,-190.21,0
36225,83.33,-189.88,0
36236,90.91,-189.41,0
36247,90.91,-188.91,0
36258,90.91,-189.61,0
36271,76.92,-189.69,0
36282,90.91,-189.18,0
36293,90.91,-189.05,0
36304,90.91,-189.83,0
36316,83.33,-189.77,0
36327,90.91,-190.10,0
36339,83.33,-190.21,0
36350,90.91,-189.64,0
36362,83.33,-189.34,0
36373,90.91,-188.45,0
36384,90.91,-188.92,0
36397,83.33,-188.95,0
36408,83.33,-189.70,0
36419,90.91,-189.96,0
36430,90.91,-190.01,0
36442,83.33,-190.27,0
36453,90.91,-190.21,0
36465,83.33,-190.40,0
36476,90.91,-189.92,0
36488,83.33,-189.34,0
36499,90.91,-189.19,0
36510,90.91,-189.24,0
36521,90.91,-189.54,0
36534,76.92,-190.15,0
36545,90.91,-190.75,0
36556,90.91,-190.12,0
36568,83.33,-189.90,0
36579,90.91,-189.72,0
36590,90.91,-189.66,0
36602,83.33,-189.85,0
36614,83.33,-190.22,0
36625,90.91,-190.65,0
36636,90.91,-190.60,0
36647,90.91,-190.72,0
36659,83.33,-190.23,0
36671,83.33,-189.57,0
36682,90.91,-189.20,0
36694,83.33,-189.35,0
36705,90.91,-190.14,0
36716,90.91,-190.27,0
36727,90.91,-190.61,0
36740,76.92,-190.49,0
36751,90.91,-190.36,0
36762,90.91,-190.01,0
36773,90.91,-190.49,0
36785,83.33,-189.52,0
36796,90.91,-188.72,0
36808,83.33,-188.51,0
36819,90.91,-188.91,0
36831,83.33,-189.81,0
36842,90.91,-190.17,0
36853,90.91,-190.30,0
36866,83.33,-190.28,0
36877,83.33,-189.57,0
36888,90.91,-189.00,0
36899,90.91,-189.56,0
36911,83.33,-189.65,0
36922,90.91,-189.53,0
36934,83.33,-189.76,0
36945,90.91,-190.48,0
36957,83.33,-189.99,0
36968,90.91,-189.74,0
36979,90.91,-189.98,0
36990,90.91,-189.66,0
37003,76.92,-189.49,0
37014,90.91,-189.53,0
37025,90.91,-189.71,0
37037,83.33,-189.84,0
37048,90.91,-190.38,0
37059,90.91,-190.42,0
37071,83.33,-190.48,0
37083,83.33,-189.55,0
37094,90.91,-189.70,0
37105,90.91,-189.45,0
37116,90.91,-189.79,0
37128,83.33,-189.85,0
37140,83.33,-190.15,0
37151,90.91,-190.87,0
37163,83.33,-190.29,0
37174,90.91,-189.94,0
37185,90.91,-190.46,0
37196,90.91,-189.69,0
37209,76.92,-189.06,0
37220,90.91,-189.97,0
37231,90.91,-190.10,0
37242,90.91,-191.13,0
37254,83.33,-190.63,0
37265,90.91,-190.02,0
37277,83.33,-190.05,0
37288,90.91,-189.41,0
37300,83.33,-189.02,0
37311,90.91,-189.15,0
37322,90.91,-189.08,0
37335,83.33,-189.26,0
37346,83.33,-189.67,0
37357,90.91,-190.00,0
37368,90.91,-189.91,0
37380,83.33,-189.97,0
37391,90.91,-189.51,0
37403,90.91,-189.64,0
37414,90.91,-189.53,0
37426,83.33,-189.39,0
37437,90.91,-190.05,0
37448,90.91,-190.17,0
37459,90.91,-190.57,0
37472,76.92,-190.80,0
37483,90.91,-189.61,0
37494,90.91,-189.09,0
37506,83.33,-189.24,0
37517,90.91,-189.64,0
37528,90.91,-189.96,0
37540,83.33,-189.46,0
37552,83.33,-189.80,0
37563,90.91,-190.34,0
37574,90.91,-190.35,0
37585,90.91,-190.41,0
37597,83.33,-190.32,0
37609,83.33,-189.62,0
37620,90.91,-189.19,0
37632,83.33,-189.84,0
37643,90.91,-190.40,0
37654,90.91,-190.04,0
37665,90.91,-190.32,0
37678,76.92,-189.72,0
37689,90.91,-189.16,0
37700,90.91,-189.11,0
37711,90.91,-189.15,0
37723,83.33,-189.09,0
37734,90.91,-189.61,0
37746,83.33,-189.62,0
37757,90.91,-189.64,0
37769,83.33,-189.69,0
37780,90.91,-189.84,0
37791,90.91,-189.58,0
37804,83.33,-189.96,0
37815,83.33,-189.93,0
37826,90.91,-189.18,0
37837,90.91,-189.45,0
37849,83.33,-190.06,0
37860,90.91,-190.32,0
37872,90.91,-189.82,0
37883,83.33,-189.82,0
37895,83.33,-190.06,0
37906,90.91,-190.42,0
37917,90.91,-189.74,0
37928,90.91,-189.50,0
37941,76.92,-190.18,0
37952,90.91,-190.71,0
37963,90.91,-189.93,0
37975,83.33,-190.44,0
37986,90.91,-190.49,0
37997,90.91,-189.58,0
38009,83.33,-189.53,0
38021,83.33,-189.17,0
38032,90.91,-189.03,0
38043,90.91,-189.35,0
38054,90.91,-189.44,0
38066,83.33,-189.54,0
38078,83.33,-190.06,0
38089,90.91,-190.38,0
38100,90.91,-190.32,0
38112,83.33,-190.21,0
38123,90.91,-190.13,0
38134,90.91,-189.98,0
38147,76.92,-190.25,0
38158,90.91,-190.38,0
38169,90.91,-190.37,0
38180,90.91,-190.51,0
38192,83.33,-190.15,0
38203,90.91,-189.66,0
38215,83.33,-189.23,0
38226,90.91,-189.24,0
38238,83.33,-189.89,0
38249,90.91,-190.32,0
38260,90.91,-190.56,0
38272,83.33,-190.55,0
38284,83.33,-190.53,0
38295,90.91,-190.45,0
38306,90.91,-189.73,0
38318,83.33,-189.46,0
38329,90.91,-189.11,0
38341,90.91,-189.83,0
38352,83.33,-190.20,0
38364,83.33,-189.77,0
38375,90.91,-190.29,0
38386,90.91,-190.20,0
38397,90.91,-189.88,0
38410,76.92,-189.35,0
38421,90.91,-189.65,0
38432,90.91,-190.37,0
38444,83.33,-190.15,0
38455,90.91,-189.99,0
38466,90.91,-190.32,0
38478,83.33,-190.38,0
38490,83.33,-190.45,0
38501,90.91,-189.86,0
38512,90.91,-189.51,0
38523,90.91,-189.28,0
38535,83.33,-189.44,0
38547,83.33,-189.80,0
38558,90.91,-189.99,0
38569,90.91,-190.34,0
38581,83.33,-190.78,0
38592,90.91,-190.42,0
38603,90.91,-189.73,0
38616,76.92,-189.47,0
38627,90.91,-189.34,0
38638,90.91,-189.08,0
38649,90.91,-189.33,0
38661,83.33,-189.76,0
38672,90.91,-189.98,0
38684,83.33,-190.52,0
38695,90.91,-190.20,0
38707,83.33,-189.54,0
38718,90.91,-188.86,0
38729,90.91,-189.12,0
38740,90.91,-189.11,0
38753,76.92,-189.67,0
38764,90.91,-190.26,0
38775,90.91,-190.82,0
38787,83.33,-190.92,0
38798,90.91,-190.00,0
38810,90.91,-189.39,0
38821,83.33,-189.35,0
38833,83.33,-188.96,0
38844,90.91,-189.48,0
38855,90.91,-189.54,0
38866,90.91,-190.08,0
38879,76.92,-190.74,0
38890,90.91,-190.68,0
38901,90.91,-190.28,0
38913,83.33,-189.62,0
38924,90.91,-189.09,0
38935,90.91,-188.85,0
38947,83.33,-189.26,0
38959,83.33,-189.62,0
38970,90.91,-190.42,0
38981,90.91,-190.60,0
38992,90.91,-190.25,0
39004,83.33,-190.27,0
39016,83.33,-189.89,0
39027,90.91,-189.74,0
39038,90.91,-189.46,0
39050,83.33,-189.13,0
39061,90.91,-189.46,0
39072,90.91,-190.04,0
39085,76.92,-190.25,0
39096,90.91,-190.30,0
39107,90.91,-189.42,0
39118,90.91,-188.90,0
39130,83.33,-189.07,0
39141,90.91,-189.47,0
39153,83.33,-189.96,0
39164,90.91,-190.39,0
39176,83.33,-190.14,0
39187,90.91,-190.38,0
39198,90.91,-190.28,0
39209,90.91,-189.76,0
39222,76.92,-189.10,0
39233,90.91,-189.37,0
39244,90.91,-189.84,0
39256,83.33,-189.43,0
39267,90.91,-189.14,0
39279,90.91,-190.01,0
39290,83.33,-191.04,0
39302,83.33,-190.58,0
39313,90.91,-189.51,0
39324,90.91,-189.12,0
39335,90.91,-189.35,0
39348,76.92,-189.27,0
39359,90.91,-189.59,0
39370,90.91,-190.25,0
39382,83.33,-190.28,0
39393,90.91,-189.92,0
39404,90.91,-190.49,0
39416,83.33,-190.40,0
39428,83.33,-189.89,0
39439,90.91,-189.63,0
39450,90.91,-189.06,0
39461,90.91,-189.55,0
39473,83.33,-190.32,0
39485,83.33,-190.17,0
39496,90.91,-189.95,0
39507,90.91,-190.29,0
39519,83.33,-190.70,0
39530,90.91,-189.95,0
39541,90.91,-189.34,0
39554,76.92,-189.83,0
39565,90.91,-189.48,0
39576,90.91,-189.76,0
39587,90.91,-190.29,0
39599,83.33,-190.51,0
39610,90.91,-189.93,0
39622,83.33,-189.22,0
39633,90.91,-189.19,0
39645,83.33,-189.38,0
39656,90.91,-189.42,0
39667,90.91,-189.98,0
39678,90.91,-189.72,0
39691,76.92,-189.98,0
39702,90.91,-190.75,0
39713,90.91,-190.40,0
39725,83.33,-189.91,0
39736,90.91,-189.60,0
39748,90.91,-189.11,0
39759,83.33,-189.32,0
39771,83.33,-189.88,0
39782,90.91,-190.23,0
39793,90.91,-190.08,0
39804,90.91,-190.21,0
39817,76.92,-189.93,0
39828,90.91,-189.65,0
39839,90.91,-189.40,0
39851,83.33,-190.14,0
39862,90.91,-190.43,0
39873,90.91,-189.86,0
39885,83.33,-189.14,0
39897,83.33,-189.40,0
39908,90.91,-189.90,0
39919,90.91,-189.40,0
39930,90.91,-189.57,0
39942,83.33,-189.31,0
39954,83.33,-189.30,0
39965,90.91,-189.69,0
39976,90.91,-190.47,0
39988,83.33,-191.17,0
39999,90.91,-190.52,0
40010,90.91,-190.51,0
40023,76.92,-190.33,0
40034,90.91,-189.64,0
40045,90.91,-188.96,0
40056,90.91,-189.06,0
40068,83.33,-189.66,0
40079,90.91,-189.55,0
40091,83.33,-189.62,0
40102,90.91,-189.79,0
40114,83.33,-190.74,0
40125,90.91,-190.46,0
40136,90.91,-189.68,0
40147,90.91,-189.20,0
40160,76.92,-189.49,0
40171,90.91,-190.02,0
40182,90.91,-189.56,0
40194,83.33,-189.55,0
40205,90.91,-189.92,0
40217,90.91,-190.24,0
40228,83.33,-189.63,0
40240,83.33,-189.73,0
40251,90.91,-189.75,0
40262,90.91,-189.64,0
40273,90.91,-189.83,0
40286,76.92,-190.23,0
40297,90.91,-189.97,0
40308,90.91,-190.16,0
40320,83.33,-190.44,0
40331,90.91,-189.50,0
40342,90.91,-189.09,0
40354,83.33,-188.99,0
40366,83.33,-188.52,0
40377,90.91,-188.94,0
40388,90.91,-189.60,0
40399,90.91,-189.77,0
40411,83.33,-190.63,0
40423,83.33,-190.29,0
40434,90.91,-189.98,0
40445,90.91,-189.85,0
40457,83.33,-189.56,0
40468,90.91,-189.49,0
40479,90.91,-189.33,0
40492,76.92,-189.19,0
40503,90.91,-189.53,0
40514,90.91,-189.58,0
40525,90.91,-190.26,0
40537,83.33,-189.53,0
40548,90.91,-189.83,0
40560,83.33,-190.07,0
40571,90.91,-190.44,0
40583,83.33,-190.21,0
40594,90.91,-189.84,0
40605,90.91,-190.07,0
40617,90.91,-190.24,0
40629,76.92,-189.06,0
40640,90.91,-188.67,0
40651,90.91,-189.45,0
40663,83.33,-189.07,0
40674,90.91,-189.92,0
40686,90.91,-190.06,0
40697,83.33,-190.18,0
40709,83.33,-190.26,0
40720,90.91,-190.53,0
40731,90.91,-190.00,0
40742,90.91,-190.12,0
40755,76.92,-189.72,0
40766,90.91,-189.36,0
40777,90.91,-188.92,0
40788,90.91,-188.69,0
40800,83.33,-188.87,0
40811,90.91,-189.51,0
40823,83.33,-190.52,0
40835,83.33,-190.66,0
40846,90.91,-190.82,0
40857,90.91,-190.84,0
40868,90.91,-190.55,0
40880,83.33,-190.24,0
40892,83.33,-190.04,0
40903,90.91,-189.86,0
40914,90.91,-189.79,0
40926,83.33,-189.54,0
40937,90.91,-189.14,0
40948,90.91,-188.97,0
40961,76.92,-189.15,0
40972,90.91,-189.28,0
40983,90.91,-189.48,0
40994,90.91,-189.96,0
41006,83.33,-190.51,0
41017,90.91,-191.42,0
41029,83.33,-191.27,0
41040,90.91,-190.54,0
41052,83.33,-190.30,0
41063,90.91,-189.31,0
41074,90.91,-188.77,0
41086,90.91,-188.41,0
41098,76.92,-188.47,0
41109,90.91,-189.46,0
41120,90.91,-189.95,0
41132,83.33,-190.81,0
41143,90.91,-190.05,0
41155,83.33,-190.18,0
41166,90.91,-190.60,0
41178,83.33,-190.15,0
41189,90.91,-189.32,0
41200,90.91,-188.84,0
41211,90.91,-189.17,0
41224,76.92,-189.32,0
41235,90.91,-190.36,0
41246,90.91,-189.65,0
41257,90.91,-189.39,0
41269,83.33,-189.45,0
41280,90.91,-189.80,0
41292,83.33,-189.95,0
41304,83.33,-190.26,0
41315,90.91,-190.72,0
41326,90.91,-190.94,0
41337,90.91,-191.19,0
41349,83.33,-190.44,0
41361,83.33,-189.79,0
41372,90.91,-189.27,0
41383,90.91,-188.49,0
41395,83.33,-188.21,0
41406,90.91,-189.21,0
41417,90.91,-189.55,0
41430,76.92,-189.85,0
41441,90.91,-190.68,0
41452,90.91,-190.98,0
41463,90.91,-190.20,0
41475,83.33,-188.97,0
41486,90.91,-189.25,0
41498,83.33,-189.21,0
41509,90.91,-188.98,0
41521,83.33,-189.22,0
41532,90.91,-189.31,0
41543,90.91,-189.30,0
41555,90.91,-188.90,0
41567,76.92,-189.35,0
41578,90.91,-189.24,0
41589,90.91,-189.58,0
41601,83.33,-189.74,0
41612,90.91,-190.30,0
41624,83.33,-190.70,0
41635,90.91,-191.08,0
41647,83.33,-191.14,0
41658,90.91,-190.19,0
41669,90.91,-189.26,0
41680,90.91,-188.56,0
41693,76.92,-188.21,0
41704,90.91,-188.58,0
41715,90.91,-189.78,0
41726,90.91,-189.93,0
41738,83.33,-190.50,0
41749,90.91,-190.68,0
41761,83.33,-190.58,0
41773,83.33,-190.05,0
41784,90.91,-190.06,0
41795,90.91,-189.64,0
41806,90.91,-189.06,0
41818,83.33,-188.98,0
41830,83.33,-189.39,0
41841,90.91,-190.04,0
41852,90.91,-190.05,0
41864,83.33,-189.76,0
41875,90.91,-190.02,0
41886,90.91,-190.10,0
41899,76.92,-189.93,0
41910,90.91,-190.64,0
41921,90.91,-190.10,0
41932,90.91,-189.73,0
41944,83.33,-190.43,0
41955,90.91,-190.43,0
