66,15.15,-184.62,0
77,90.91,-186.47,0
89,83.33,-184.57,0
100,90.91,-180.62,0
111,90.91,-178.73,0
123,83.33,-180.18,0
135,83.33,-184.26,0
146,90.91,-186.04,0
157,90.91,-183.73,0
168,90.91,-180.07,0
180,83.33,-178.80,0
192,83.33,-181.26,0
203,90.91,-184.85,0
215,83.33,-186.23,0
226,90.91,-183.71,0
237,90.91,-180.41,0
248,90.91,-178.57,0
261,76.92,-180.58,0
272,90.91,-184.46,0
283,90.91,-185.52,0
294,90.91,-183.59,0
306,83.33,-180.44,0
317,90.91,-178.03,0
329,83.33,-179.24,0
340,90.91,-183.10,0
352,83.33,-185.15,0
363,90.91,-183.40,0
374,90.91,-179.91,0
386,83.33,-178.07,0
398,83.33,-180.22,0
409,90.91,-183.56,0
420,90.91,-185.12,0
432,83.33,-183.42,0
443,90.91,-180.15,0
455,90.91,-177.92,0
466,83.33,-179.90,0
478,83.33,-184.07,0
489,90.91,-186.04,0
500,90.91,-183.52,0
512,83.33,-180.05,0
524,90.91,-178.36,0
535,83.33,-180.07,0
546,90.91,-183.82,0
558,83.33,-185.78,0
569,90.91,-183.56,0
580,90.91,-179.10,0
592,83.33,-176.84,0
604,83.33,-179.44,0
615,90.91,-183.19,0
626,90.91,-185.25,0
637,90.91,-184.54,0
649,83.33,-181.35,0
661,83.33,-179.09,0
672,90.91,-180.52,0
684,83.33,-183.58,0
695,90.91,-185.60,0
706,90.91,-184.10,0
717,90.91,-180.48,0
730,76.92,-177.87,0
741,90.91,-179.15,0
752,90.91,-182.63,0
763,90.91,-185.33,0
775,83.33,-184.36,0
786,90.91,-181.03,0
798,83.33,-178.75,0
809,90.91,-179.96,0
821,83.33,-183.77,0
832,90.91,-186.57,0
843,90.91,-185.03,0
855,83.33,-180.97,0
867,83.33,-178.25,0
878,90.91,-179.60,0
889,90.91,-183.05,0
901,83.33,-185.27,0
912,90.91,-184.14,0
923,90.91,-181.04,0
935,83.33,-178.47,0
947,83.33,-179.94,0
958,90.91,-183.21,0
969,90.91,-185.98,0
980,90.91,-185.13,0
992,83.33,-181.10,0
1004,83.33,-178.24,0
1015,90.91,-179.30,0
1027,83.33,-183.35,0
1038,90.91,-186.37,0
1049,90.91,-184.65,0
1061,90.91,-180.56,0
1073,76.92,-178.13,0
1084,90.91,-179.56,0
1095,90.91,-183.45,0
1106,90.91,-185.72,0
1118,83.33,-184.74,0
1130,83.33,-180.93,0
1141,90.91,-178.62,0
1153,83.33,-179.66,0
1164,90.91,-183.40,0
1175,90.91,-186.69,0
1186,90.91,-184.90,0
1199,76.92,-181.04,0
1210,90.91,-178.44,0
1221,90.91,-179.46,0
1232,90.91,-182.51,0
1244,83.33,-185.58,0
1255,90.91,-184.81,0
1267,83.33,-181.20,0
1278,90.91,-178.83,0
1290,83.33,-179.94,0
1301,90.91,-183.68,0
1312,90.91,-186.41,0
1324,83.33,-184.81,0
1336,83.33,-181.66,0
1347,90.91,-178.90,0
1358,90.91,-179.07,0
1370,83.33,-182.15,0
1381,90.91,-185.20,0
1392,90.91,-183.87,0
1404,83.33,-180.41,0
1416,83.33,-178.96,0
1427,90.91,-180.03,0
1438,90.91,-183.17,0
1449,90.91,-185.76,0
1461,83.33,-184.84,0
1473,83.33,-181.26,0
1484,90.91,-178.42,0
1496,83.33,-179.17,0
1507,90.91,-182.32,0
1518,90.91,-185.07,0
1529,90.91,-184.56,0
1542,76.92,-180.88,0
1553,90.91,-178.56,0
1564,90.91,-179.39,0
1575,90.91,-182.93,0
1587,83.33,-185.93,0
1599,90.91,-185.67,0
1610,83.33,-182.15,0
1622,83.33,-178.25,0
1633,90.91,-179.19,0
1644,90.91,-182.24,0
1655,90.91,-185.53,0
1668,83.33,-184.59,0
1679,83.33,-181.10,0
1690,90.91,-178.72,0
1701,90.91,-179.12,0
1713,83.33,-182.35,0
1724,90.91,-185.53,0
1736,83.33,-184.96,0
1747,90.91,-181.64,0
1759,83.33,-179.16,0
1770,90.91,-179.03,0
1781,90.91,-182.13,0
1793,83.33,-184.99,0
1805,83.33,-184.43,0
1816,90.91,-181.21,0
1827,90.91,-178.57,0
1839,83.33,-179.14,0
1850,90.91,-183.02,0
1861,90.91,-186.00,0
1873,83.33,-185.15,0
1885,83.33,-182.13,0
1896,90.91,-178.96,0
1907,90.91,-178.90,0
1918,90.91,-182.63,0
1930,83.33,-185.27,0
1942,83.33,-184.11,0
1953,90.91,-180.97,0
1965,83.33,-178.20,0
1976,90.91,-178.72,0
1987,90.91,-182.57,0
1998,90.91,-185.69,0
2011,76.92,-185.91,0
2022,90.91,-182.04,0
2033,90.91,-179.13,0
2044,90.91,-179.61,0
2056,83.33,-182.71,0
2067,90.91,-184.97,0
2079,83.33,-183.70,0
2091,83.33,-181.44,0
2102,90.91,-178.60,0
2113,90.91,-179.23,0
2124,90.91,-182.60,0
2136,83.33,-185.42,0
2148,83.33,-185.31,0
2159,90.91,-182.42,0
2170,90.91,-178.80,0
2182,83.33,-178.95,0
2193,90.91,-182.33,0
2204,90.91,-185.01,0
2216,83.33,-184.15,0
2228,83.33,-180.90,0
2239,90.91,-178.47,0
2250,90.91,-178.37,0
2262,83.33,-181.48,0
2274,90.91,-185.31,0
2285,83.33,-185.21,0
2296,90.91,-182.59,0
2308,83.33,-179.36,0
2319,90.91,-179.44,0
2330,90.91,-183.23,0
2342,90.91,-185.78,0
2354,76.92,-185.41,0
2365,90.91,-182.06,0
2376,90.91,-178.81,0
2387,90.91,-179.01,0
2399,83.33,-182.06,0
2411,83.33,-185.00,0
2422,90.91,-185.28,0
2434,83.33,-181.68,0
2445,90.91,-178.42,0
2456,90.91,-178.80,0
2467,90.91,-181.80,0
2480,76.92,-185.11,0
2491,90.91,-185.26,0
2502,90.91,-181.83,0
2513,90.91,-178.80,0
2525,83.33,-178.95,0
2536,90.91,-181.85,0
2548,83.33,-184.68,0
2560,83.33,-184.74,0
2571,90.91,-181.98,0
2582,90.91,-179.03,0
2593,90.91,-178.88,0
2605,83.33,-182.02,0
2617,83.33,-185.45,0
2628,90.91,-186.10,0
2639,90.91,-183.11,0
2651,83.33,-179.39,0
2662,90.91,-179.09,0
2673,90.91,-182.19,0
2685,83.33,-185.26,0
2697,83.33,-185.17,0
2708,90.91,-182.11,0
2719,90.91,-178.82,0
2731,83.33,-178.67,0
2742,90.91,-180.97,0
2754,83.33,-184.54,0
2765,90.91,-184.90,0
2777,83.33,-182.24,0
2788,90.91,-178.54,0
2799,90.91,-178.46,0
2810,90.91,-181.32,0
2823,76.92,-184.58,0
2834,90.91,-185.56,0
2845,90.91,-182.90,0
2856,90.91,-179.40,0
2868,83.33,-179.26,0
2880,90.91,-181.40,0
2891,83.33,-184.68,0
2903,83.33,-184.57,0
2914,90.91,-181.92,0
2925,90.91,-179.81,0
2936,90.91,-179.13,0
2949,83.33,-181.36,0
2960,83.33,-185.54,0
2971,90.91,-185.51,0
2982,90.91,-182.55,0
2994,83.33,-179.34,0
3005,90.91,-178.75,0
3017,83.33,-182.12,0
3028,90.91,-185.06,0
3040,83.33,-184.98,0
3051,90.91,-182.27,0
3062,90.91,-178.44,0
3074,83.33,-177.84,0
3086,83.33,-180.97,0
3097,90.91,-184.37,0
3108,90.91,-185.27,0
3120,83.33,-182.83,0
3131,90.91,-179.36,0
3142,90.91,-179.20,0
3154,83.33,-182.14,0
3166,83.33,-185.06,0
3177,90.91,-185.11,0
3188,90.91,-182.18,0
3200,83.33,-178.68,0
3211,90.91,-178.58,0
3223,83.33,-181.66,0
3234,90.91,-184.66,0
3246,83.33,-185.85,0
3257,90.91,-183.67,0
3268,90.91,-179.95,0
3279,90.91,-179.62,0
3292,76.92,-182.10,0
3303,90.91,-185.06,0
3314,90.91,-185.28,0
3325,90.91,-182.79,0
3337,83.33,-179.76,0
3348,90.91,-178.65,0
3360,83.33,-181.03,0
3372,83.33,-184.12,0
3383,90.91,-185.27,0
3394,90.91,-183.73,0
3405,90.91,-180.49,0
3417,83.33,-179.06,0
3429,83.33,-181.63,0
3440,90.91,-184.95,0
3451,90.91,-185.68,0
3463,83.33,-182.90,0
3474,90.91,-179.86,0
3486,90.91,-178.87,0
3497,83.33,-180.96,0
3509,83.33,-184.84,0
3520,90.91,-186.28,0
3531,90.91,-184.11,0
3543,83.33,-180.24,0
3555,90.91,-178.55,0
3566,83.33,-180.56,0
3577,90.91,-184.61,0
3589,83.33,-185.63,0
3600,90.91,-182.94,0
3611,90.91,-179.60,0
3623,83.33,-178.25,0
3635,83.33,-180.77,0
3646,90.91,-184.20,0
3657,90.91,-185.18,0
3668,90.91,-183.21,0
3680,83.33,-180.03,0
3692,83.33,-179.52,0
3703,90.91,-181.24,0
3715,83.33,-184.44,0
3726,90.91,-185.52,0
3737,90.91,-183.58,0
3748,90.91,-180.72,0
3761,76.92,-178.97,0
3772,90.91,-180.72,0
3783,90.91,-184.45,0
3794,90.91,-185.94,0
3806,83.33,-183.44,0
3817,90.91,-179.52,0
3829,83.33,-179.04,0
3841,83.33,-181.60,0
3852,90.91,-184.59,0
3863,90.91,-185.68,0
3874,90.91,-183.13,0
3886,83.33,-179.23,0
3898,83.33,-178.17,0
3909,90.91,-180.84,0
3920,90.91,-184.55,0
3932,83.33,-186.00,0
3943,90.91,-183.85,0
3954,90.91,-179.87,0
3966,83.33,-178.67,0
3978,83.33,-181.06,0
3989,90.91,-183.90,0
4000,90.91,-185.29,0
4012,83.33,-183.99,0
4023,90.91,-180.60,0
4035,83.33,-178.71,0
4046,90.91,-180.54,0
4058,83.33,-184.39,0
4069,90.91,-185.25,0
4080,90.91,-182.69,0
4091,90.91,-179.49,0
4104,76.92,-178.38,0
4115,90.91,-180.54,0
4126,90.91,-183.87,0
4137,90.91,-185.01,0
4149,83.33,-183.43,0
4161,90.91,-179.74,0
4172,83.33,-178.48,0
4184,83.33,-180.70,0
4195,90.91,-184.24,0
4206,90.91,-186.23,0
4217,90.91,-184.37,0
4230,83.33,-180.50,0
4241,83.33,-178.72,0
4252,90.91,-180.73,0
4263,90.91,-184.57,0
4275,83.33,-185.79,0
4286,90.91,-183.57,0
4298,83.33,-180.53,0
4310,83.33,-178.58,0
4321,90.91,-180.44,0
4332,90.91,-184.21,0
4343,90.91,-186.43,0
4355,83.33,-183.67,0
4367,83.33,-180.24,0
4378,90.91,-178.37,0
4389,90.91,-180.33,0
4401,83.33,-184.00,0
4412,90.91,-185.18,0
4423,90.91,-183.55,0
4435,83.33,-180.60,0
4447,83.33,-178.21,0
4458,90.91,-180.79,0
4469,90.91,-184.19,0
4481,83.33,-185.85,0
4492,90.91,-183.74,0
4504,83.33,-180.06,0
4515,90.91,-178.68,0
4527,83.33,-180.72,0
4538,90.91,-183.74,0
4549,90.91,-185.47,0
4560,90.91,-183.29,0
4573,76.92,-180.02,0
4584,90.91,-178.61,0
4595,90.91,-180.71,0
4606,90.91,-183.58,0
4618,83.33,-185.50,0
4629,90.91,-184.67,0
4641,83.33,-180.40,0
4653,83.33,-178.95,0
4664,90.91,-180.23,0
4675,90.91,-183.61,0
4686,90.91,-185.77,0
4698,83.33,-184.10,0
4710,83.33,-180.75,0
4721,90.91,-178.53,0
4732,90.91,-180.06,0
4744,83.33,-183.93,0
4755,90.91,-186.13,0
4767,90.91,-184.54,0
4779,76.92,-179.87,0
4790,90.91,-178.64,0
4801,90.91,-180.15,0
4812,90.91,-183.18,0
4824,83.33,-185.47,0
4836,90.91,-184.87,0
4847,83.33,-180.89,0
4858,90.91,-178.42,0
4870,83.33,-179.93,0
4881,90.91,-183.50,0
4892,90.91,-185.82,0
4904,90.91,-183.50,0
4916,76.92,-180.25,0
4927,90.91,-178.74,0
4938,90.91,-179.68,0
4950,83.33,-183.24,0
4961,90.91,-186.04,0
4973,83.33,-184.49,0
4984,90.91,-180.38,0
4996,83.33,-178.14,0
5007,90.91,-179.73,0
5018,90.91,-183.37,0
5029,90.91,-185.64,0
5042,76.92,-184.01,0
5053,90.91,-180.34,0
5064,90.91,-178.02,0
5075,90.91,-179.64,0
5087,83.33,-182.82,0
5098,90.91,-185.33,0
5110,83.33,-184.44,0
5122,83.33,-180.55,0
5133,90.91,-178.70,0
5144,90.91,-180.45,0
5155,90.91,-183.93,0
5167,83.33,-185.85,0
5179,83.33,-184.09,0
5190,90.91,-179.90,0
5201,90.91,-177.06,0
5213,83.33,-179.17,0
5224,90.91,-182.66,0
5235,90.91,-184.72,0
5248,76.92,-183.76,0
5259,90.91,-180.28,0
5270,90.91,-178.34,0
5281,90.91,-180.59,0
5293,83.33,-183.59,0
5304,90.91,-185.46,0
5316,83.33,-184.37,0
5327,90.91,-181.19,0
5339,83.33,-178.33,0
5350,90.91,-178.79,0
5361,90.91,-182.05,0
5372,90.91,-184.64,0
5385,76.92,-183.70,0
5396,90.91,-180.21,0
5407,90.91,-178.76,0
5419,83.33,-179.65,0
5430,90.91,-183.30,0
5441,90.91,-185.79,0
5453,83.33,-185.07,0
5465,83.33,-181.95,0
5476,90.91,-179.01,0
5487,90.91,-179.80,0
5498,90.91,-182.81,0
5511,83.33,-185.46,0
5522,83.33,-183.99,0
5533,90.91,-180.07,0
5544,90.91,-177.70,0
5556,83.33,-178.98,0
5567,90.91,-183.25,0
5579,90.91,-186.21,0
5591,83.33,-185.07,0
5602,90.91,-181.57,0
5613,90.91,-179.23,0
5624,90.91,-179.46,0
5636,83.33,-182.79,0
5648,83.33,-185.28,0
5659,90.91,-184.28,0
5670,90.91,-180.83,0
5682,83.33,-177.97,0
5693,90.91,-179.46,0
5704,90.91,-183.12,0
5716,83.33,-185.81,0
5728,83.33,-185.26,0
5739,90.91,-181.66,0
5750,90.91,-179.10,0
5762,83.33,-179.95,0
5773,90.91,-183.21,0
5785,83.33,-185.49,0
5796,90.91,-184.34,0
5808,83.33,-180.83,0
5819,90.91,-178.19,0
5830,90.91,-178.86,0
5841,90.91,-182.40,0
5854,76.92,-184.93,0
5865,90.91,-185.18,0
5876,90.91,-181.93,0
5888,83.33,-179.53,0
5899,90.91,-180.16,0
5910,90.91,-183.25,0
5922,83.33,-185.75,0
5934,83.33,-184.36,0
5945,90.91,-180.53,0
5956,90.91,-177.68,0
5967,90.91,-178.92,0
5979,83.33,-183.25,0
5991,83.33,-186.13,0
6002,90.91,-184.65,0
6013,90.91,-181.42,0
6025,83.33,-179.15,0
6036,90.91,-180.25,0
6047,90.91,-183.36,0
6060,76.92,-186.27,0
6071,90.91,-184.87,0
6082,90.91,-181.59,0
6093,90.91,-177.97,0
6105,83.33,-178.59,0
6117,90.91,-182.01,0
6128,83.33,-185.06,0
6139,90.91,-184.55,0
6151,83.33,-181.40,0
6162,90.91,-178.44,0
6173,90.91,-179.04,0
6185,90.91,-182.86,0
6197,76.92,-186.08,0
6208,90.91,-185.04,0
6219,90.91,-181.50,0
6231,83.33,-179.10,0
6242,90.91,-179.29,0
6254,83.33,-181.99,0
6265,90.91,-184.69,0
6277,83.33,-184.29,0
6288,90.91,-181.27,0
6299,90.91,-178.69,0
6310,90.91,-179.40,0
6323,76.92,-182.67,0
6334,90.91,-186.31,0
6345,90.91,-185.62,0
6356,90.91,-182.32,0
6368,83.33,-179.60,0
6379,90.91,-179.66,0
6391,83.33,-182.44,0
6403,83.33,-185.44,0
6414,90.91,-184.88,0
6425,90.91,-181.19,0
6436,90.91,-177.99,0
6448,83.33,-178.53,0
6460,83.33,-182.56,0
6471,90.91,-185.58,0
6482,90.91,-185.92,0
6494,83.33,-183.14,0
6505,90.91,-178.92,0
6516,90.91,-179.02,0
6529,76.92,-181.98,0
6540,90.91,-184.49,0
6551,90.91,-184.81,0
6562,90.91,-181.96,0
6574,83.33,-178.64,0
6585,90.91,-179.35,0
6597,83.33,-182.49,0
6608,90.91,-185.75,0
6620,83.33,-185.81,0
6631,90.91,-182.64,0
6642,90.91,-179.41,0
6653,90.91,-179.24,0
6666,76.92,-181.66,0
6677,90.91,-184.47,0
6688,90.91,-184.83,0
6700,83.33,-181.52,0
6711,90.91,-178.41,0
6722,90.91,-178.20,0
6734,83.33,-181.53,0
6746,83.33,-184.80,0
6757,90.91,-184.60,0
6768,90.91,-182.38,0
6779,90.91,-179.32,0
6792,83.33,-178.74,0
6803,83.33,-181.91,0
6814,90.91,-185.01,0
6825,90.91,-185.36,0
6837,83.33,-182.19,0
6848,90.91,-179.54,0
6860,83.33,-178.51,0
6872,83.33,-181.50,0
6883,90.91,-185.35,0
6894,90.91,-185.66,0
6905,90.91,-182.22,0
6917,83.33,-179.05,0
6929,83.33,-178.76,0
6940,90.91,-181.41,0
6951,90.91,-185.21,0
6963,83.33,-185.28,0
6974,90.91,-182.51,0
6985,90.91,-178.18,0
6998,76.92,-177.83,0
7009,90.91,-181.79,0
7020,90.91,-184.83,0
7031,90.91,-185.21,0
7043,83.33,-182.29,0
7054,90.91,-178.94,0
7066,83.33,-178.60,0
7077,90.91,-181.70,0
7089,83.33,-185.14,0
7100,90.91,-185.12,0
7111,90.91,-182.18,0
7122,90.91,-178.71,0
7135,76.92,-178.19,0
7146,90.91,-181.03,0
7157,90.91,-184.79,0
7169,83.33,-185.77,0
7180,90.91,-183.03,0
7191,90.91,-179.77,0
7203,83.33,-179.22,0
7215,83.33,-182.25,0
7226,90.91,-185.84,0
7237,90.91,-185.79,0
7248,90.91,-182.36,0
7260,83.33,-178.38,0
7272,83.33,-177.69,0
7283,90.91,-180.60,0
7294,90.91,-184.01,0
7306,83.33,-184.66,0
7317,90.91,-182.30,0
7328,90.91,-179.37,0
7341,76.92,-179.42,0
7352,90.91,-181.93,0
7363,90.91,-185.26,0
7374,90.91,-185.59,0
7386,83.33,-182.41,0
7398,90.91,-178.91,0
7409,83.33,-177.81,0
7420,90.91,-180.68,0
7432,83.33,-184.35,0
7443,90.91,-184.99,0
7454,90.91,-182.48,0
7467,90.91,-178.42,0
7478,76.92,-178.20,0
7489,90.91,-181.59,0
7500,90.91,-185.52,0
7512,83.33,-186.14,0
7523,90.91,-183.18,0
7535,83.33,-179.30,0
7546,90.91,-178.65,0
7558,83.33,-181.36,0
7569,90.91,-184.70,0
7580,90.91,-185.28,0
7591,90.91,-182.88,0
7604,76.92,-179.10,0
7615,90.91,-178.40,0
7626,90.91,-181.28,0
7638,83.33,-185.12,0
7649,90.91,-186.16,0
7660,90.91,-183.31,0
7672,83.33,-180.07,0
7684,83.33,-179.19,0
7695,90.91,-181.28,0
7706,90.91,-184.26,0
7717,90.91,-185.39,0
7729,83.33,-183.01,0
7741,83.33,-179.42,0
7752,90.91,-178.86,0
7763,90.91,-181.45,0
7775,83.33,-185.38,0
7786,90.91,-186.03,0
7797,90.91,-183.53,0
7810,76.92,-179.72,0
7821,90.91,-178.64,0
7832,90.91,-181.80,0
7843,90.91,-184.47,0
7855,83.33,-185.16,0
7866,90.91,-182.85,0
7878,83.33,-179.48,0
7889,90.91,-178.53,0
7901,83.33,-181.08,0
7912,90.91,-184.80,0
7923,90.91,-186.06,0
7934,90.91,-183.69,0
7947,76.92,-180.00,0
7958,90.91,-178.40,0
7969,90.91,-180.80,0
7981,83.33,-184.49,0
7992,90.91,-185.08,0
8003,90.91,-182.66,0
8015,83.33,-179.38,0
8027,83.33,-177.51,0
8038,90.91,-179.98,0
8049,90.91,-183.74,0
8060,90.91,-185.45,0
8073,83.33,-183.23,0
8084,83.33,-179.79,0
8095,90.91,-178.84,0
8107,83.33,-181.03,0
8118,90.91,-184.48,0
8129,90.91,-185.99,0
8141,90.91,-183.03,0
8153,76.92,-179.25,0
8164,90.91,-178.19,0
8175,90.91,-180.21,0
8186,90.91,-183.28,0
8198,83.33,-184.87,0
8210,83.33,-183.09,0
8221,90.91,-180.82,0
8232,90.91,-179.04,0
8244,83.33,-180.81,0
8255,90.91,-184.73,0
8266,90.91,-185.94,0
8279,76.92,-183.52,0
8290,90.91,-179.85,0
8301,90.91,-177.98,0
8312,90.91,-180.15,0
8324,83.33,-183.96,0
8335,90.91,-184.82,0
8347,83.33,-183.21,0
8358,90.91,-180.15,0
8370,83.33,-178.61,0
8381,90.91,-180.85,0
8392,90.91,-184.55,0
8403,90.91,-185.79,0
8416,76.92,-183.92,0
8427,90.91,-180.57,0
8438,90.91,-178.45,0
8450,83.33,-179.97,0
8461,90.91,-183.10,0
8472,90.91,-184.56,0
8484,83.33,-182.88,0
8496,83.33,-179.39,0
8507,90.91,-178.33,0
8518,90.91,-180.57,0
8529,90.91,-183.88,0
8541,83.33,-185.94,0
8553,83.33,-184.97,0
8564,90.91,-180.80,0
8576,83.33,-178.79,0
8587,90.91,-179.54,0
8598,90.91,-183.16,0
8609,90.91,-185.20,0
8622,76.92,-183.52,0
8633,90.91,-180.11,0
8644,90.91,-177.99,0
8655,90.91,-179.72,0
8667,83.33,-183.93,0
8679,90.91,-185.95,0
8690,83.33,-184.21,0
8701,90.91,-181.01,0
8713,83.33,-178.80,0
8724,90.91,-180.60,0
8735,90.91,-184.37,0
8748,83.33,-185.94,0
8759,83.33,-183.60,0
8770,90.91,-180.45,0
8781,90.91,-178.31,0
8793,83.33,-180.10,0
8804,90.91,-184.48,0
8816,83.33,-186.51,0
8827,90.91,-185.55,0
8839,83.33,-181.45,0
8850,90.91,-179.34,0
8861,90.91,-180.52,0
8872,90.91,-184.15,0
8885,76.92,-185.55,0
8896,90.91,-183.72,0
8907,90.91,-180.40,0
8919,83.33,-178.07,0
8930,90.91,-179.81,0
8941,90.91,-182.79,0
8953,83.33,-184.75,0
8965,83.33,-184.04,0
8976,90.91,-180.94,0
8987,90.91,-179.21,0
8998,90.91,-180.88,0
9010,83.33,-184.44,0
9022,83.33,-186.17,0
9033,90.91,-184.10,0
9044,90.91,-180.42,0
9056,83.33,-178.36,0
9067,90.91,-179.59,0
9078,90.91,-183.57,0
9091,76.92,-185.70,0
9102,90.91,-184.27,0
9113,90.91,-181.21,0
9124,90.91,-179.62,0
9136,83.33,-181.09,0
9147,90.91,-184.28,0
9159,83.33,-186.65,0
9170,90.91,-184.55,0
9182,83.33,-180.49,0
9193,90.91,-177.70,0
9204,90.91,-178.52,0
9216,83.33,-182.08,0
9228,83.33,-184.97,0
9239,90.91,-184.01,0
9250,90.91,-181.27,0
9262,83.33,-178.75,0
9273,90.91,-179.26,0
9284,90.91,-182.98,0
9296,83.33,-185.87,0
9308,83.33,-184.07,0
9319,90.91,-179.99,0
9330,90.91,-177.70,0
9341,90.91,-179.08,0
9354,83.33,-182.43,0
9365,83.33,-184.75,0
9376,90.91,-183.33,0
9388,83.33,-180.03,0
9399,90.91,-177.63,0
9410,90.91,-179.44,0
9422,90.91,-183.44,0
9434,76.92,-185.32,0
9445,90.91,-184.37,0
9456,90.91,-181.33,0
9467,90.91,-178.53,0
9479,83.33,-179.70,0
9491,83.33,-182.34,0
9502,90.91,-185.10,0
9513,90.91,-184.27,0
9525,83.33,-180.98,0
9536,90.91,-178.23,0
9547,90.91,-179.16,0
9560,76.92,-182.90,0
9571,90.91,-185.58,0
9582,90.91,-185.21,0
9593,90.91,-181.55,0
9605,83.33,-179.00,0
9616,90.91,-179.61,0
9628,83.33,-182.61,0
9639,90.91,-184.87,0
9651,83.33,-183.55,0
9662,90.91,-180.66,0
9673,90.91,-178.17,0
9684,90.91,-179.47,0
9697,76.92,-182.82,0
9708,90.91,-185.94,0
9719,90.91,-185.38,0
9731,83.33,-181.47,0
9742,90.91,-178.47,0
9753,90.91,-179.26,0
9765,83.33,-183.15,0
9777,83.33,-185.36,0
9788,90.91,-184.51,0
9799,90.91,-180.73,0
9810,90.91,-178.57,0
9822,83.33,-179.66,0
9834,83.33,-182.65,0
9845,90.91,-185.72,0
9857,83.33,-185.34,0
9868,90.91,-182.28,0
9879,90.91,-179.30,0
9890,90.91,-180.03,0
9903,76.92,-183.64,0
9914,90.91,-185.79,0
9925,90.91,-184.83,0
9936,90.91,-180.86,0
9948,83.33,-177.96,0
9960,90.91,-178.66,0
9971,83.33,-182.41,0
9982,90.91,-185.15,0
9994,83.33,-184.65,0
10005,90.91,-182.16,0
10016,90.91,-179.58,0
10029,83.33,-179.97,0
10040,83.33,-183.46,0
10051,90.91,-185.65,0
10062,90.91,-184.91,0
10074,83.33,-181.07,0
10085,90.91,-177.66,0
10097,83.33,-177.74,0
10108,90.91,-181.48,0
10120,83.33,-184.80,0
10131,90.91,-184.64,0
10142,90.91,-181.32,0
10153,90.91,-178.99,0
10166,76.92,-179.61,0
10177,90.91,-182.80,0
10188,90.91,-185.46,0
10200,83.33,-184.81,0
10211,90.91,-181.81,0
10222,90.91,-178.69,0
10234,83.33,-178.64,0
10246,83.33,-182.38,0
10257,90.91,-185.58,0
10268,90.91,-185.07,0
10279,90.91,-182.23,0
10291,83.33,-179.03,0
10303,83.33,-179.71,0
10314,90.91,-182.68,0
10326,83.33,-185.48,0
10337,90.91,-185.53,0
10348,90.91,-182.14,0
10359,90.91,-178.41,0
10372,76.92,-178.45,0
10383,90.91,-182.22,0
10394,90.91,-185.36,0
10405,90.91,-184.89,0
10417,83.33,-181.23,0
10428,90.91,-177.71,0
10440,83.33,-178.35,0
10451,90.91,-181.84,0
10463,83.33,-184.93,0
10474,90.91,-184.54,0
10485,90.91,-181.71,0
10497,83.33,-178.57,0
10509,83.33,-179.60,0
10520,90.91,-182.37,0
10531,90.91,-185.31,0
10543,83.33,-185.30,0
10554,90.91,-182.24,0
10566,90.91,-178.80,0
10577,83.33,-178.39,0
10589,83.33,-181.86,0
10600,90.91,-185.13,0
10611,90.91,-185.03,0
10622,90.91,-181.84,0
10635,83.33,-178.95,0
10646,83.33,-179.28,0
10657,90.91,-181.62,0
10669,83.33,-184.48,0
10680,90.91,-185.13,0
10691,90.91,-181.29,0
10703,83.33,-178.38,0
10715,83.33,-178.89,0
10726,90.91,-181.64,0
10737,90.91,-184.37,0
10748,90.91,-184.71,0
10760,83.33,-181.93,0
10772,83.33,-179.20,0
10783,90.91,-178.97,0
10795,83.33,-182.05,0
10806,90.91,-185.63,0
10817,90.91,-185.35,0
10828,90.91,-182.25,0
10841,76.92,-179.14,0
10852,90.91,-179.21,0
10863,90.91,-181.72,0
10874,90.91,-185.06,0
10886,83.33,-185.22,0
10897,90.91,-181.68,0
10909,83.33,-178.81,0
10920,90.91,-178.84,0
10932,83.33,-181.97,0
10943,90.91,-185.57,0
10954,90.91,-185.37,0
10966,83.33,-182.44,0
10978,83.33,-178.85,0
10989,90.91,-178.36,0
11000,90.91,-181.59,0
11012,83.33,-184.89,0
11023,90.91,-185.03,0
11034,90.91,-181.95,0
11046,83.33,-178.86,0
11058,83.33,-178.46,0
11069,90.91,-181.39,0
11080,90.91,-184.82,0
11091,90.91,-185.98,0
11103,83.33,-182.83,0
11115,83.33,-179.22,0
11126,90.91,-179.14,0
11138,83.33,-182.24,0
11149,90.91,-185.43,0
11160,90.91,-185.51,0
11172,90.91,-182.53,0
11184,76.92,-178.94,0
11195,90.91,-178.53,0
11206,90.91,-181.54,0
11217,90.91,-184.66,0
11229,83.33,-184.73,0
11241,83.33,-182.22,0
11252,90.91,-179.36,0
11264,83.33,-179.30,0
11275,90.91,-182.06,0
11286,90.91,-185.13,0
11297,90.91,-185.36,0
11310,76.92,-183.11,0
11321,90.91,-179.25,0
11332,90.91,-178.82,0
11343,90.91,-181.45,0
11355,83.33,-184.07,0
11366,90.91,-184.63,0
11378,83.33,-182.38,0
11389,90.91,-179.02,0
11401,83.33,-178.57,0
11412,90.91,-181.77,0
11423,90.91,-185.35,0
11435,83.33,-185.97,0
11447,83.33,-183.16,0
11458,90.91,-179.06,0
11469,90.91,-177.65,0
11481,83.33,-180.66,0
11492,90.91,-184.37,0
11503,90.91,-184.75,0
11515,83.33,-182.07,0
11527,83.33,-178.39,0
11538,90.91,-177.88,0
11549,90.91,-181.05,0
11560,90.91,-184.67,0
11572,83.33,-185.56,0
11584,83.33,-183.19,0
11595,90.91,-179.70,0
11607,83.33,-178.73,0
11618,90.91,-181.00,0
11629,90.91,-184.46,0
11640,90.91,-185.02,0
11653,76.92,-183.06,0
11664,90.91,-179.30,0
11675,90.91,-178.11,0
11686,90.91,-181.09,0
11698,83.33,-184.53,0
11709,90.91,-185.39,0
11721,83.33,-183.33,0
11732,90.91,-180.03,0
11744,83.33,-178.83,0
11755,90.91,-180.77,0
11766,90.91,-185.43,0
11779,83.33,-185.82,0
11790,83.33,-183.06,0
11801,90.91,-179.22,0
11812,90.91,-178.21,0
11824,83.33,-180.91,0
11835,90.91,-184.60,0
11847,90.91,-185.58,0
11858,83.33,-182.88,0
11870,83.33,-179.36,0
11881,90.91,-179.42,0
11892,90.91,-181.80,0
11904,83.33,-184.72,0
11916,83.33,-185.20,0
11927,90.91,-183.00,0
11938,90.91,-179.71,0
11950,83.33,-177.97,0
11961,90.91,-180.72,0
11972,90.91,-184.30,0
11984,83.33,-184.87,0
11996,83.33,-182.56,0
12007,90.91,-179.32,0
12018,90.91,-178.90,0
12029,90.91,-180.60,0
12041,83.33,-184.87,0
12053,83.33,-186.51,0
12064,90.91,-183.82,0
12076,83.33,-179.96,0
12087,90.91,-178.54,0
12098,90.91,-180.46,0
12109,90.91,-184.51,0
12122,76.92,-186.11,0
12133,90.91,-183.55,0
12144,90.91,-180.26,0
12155,90.91,-178.68,0
12167,83.33,-180.83,0
12178,90.91,-184.50,0
12190,83.33,-185.58,0
12201,90.91,-183.22,0
12213,83.33,-180.16,0
12224,90.91,-179.89,0
12235,90.91,-181.61,0
12247,83.33,-184.27,0
12259,83.33,-185.46,0
12270,90.91,-183.66,0
12281,90.91,-179.88,0
12293,83.33,-178.63,0
12304,90.91,-180.55,0
12315,90.91,-184.94,0
12327,83.33,-186.74,0
12339,83.33,-183.95,0
12350,90.91,-179.91,0
12361,90.91,-178.70,0
12372,90.91,-180.82,0
12385,83.33,-184.52,0
12396,83.33,-185.85,0
12407,90.91,-183.59,0
12419,83.33,-179.73,0
12430,90.91,-178.39,0
12441,90.91,-180.80,0
12453,90.91,-184.03,0
12465,76.92,-185.62,0
12476,90.91,-183.55,0
12487,90.91,-179.79,0
12498,90.91,-178.08,0
12510,83.33,-180.05,0
12522,83.33,-184.06,0
12533,90.91,-185.69,0
12545,83.33,-182.85,0
12556,90.91,-179.21,0
12567,90.91,-178.28,0
12578,90.91,-180.31,0
12591,76.92,-183.54,0
12602,90.91,-185.47,0
12613,90.91,-184.16,0
12624,90.91,-180.38,0
12636,83.33,-178.63,0
12647,90.91,-180.67,0
12659,83.33,-183.62,0
12670,90.91,-185.13,0
12682,83.33,-183.23,0
12693,90.91,-179.78,0
12704,90.91,-178.32,0
12716,83.33,-179.67,0
12728,83.33,-183.62,0
12739,90.91,-185.46,0
12750,90.91,-183.81,0
12762,83.33,-180.61,0
12773,90.91,-178.15,0
12784,90.91,-180.27,0
12796,83.33,-184.14,0
12808,83.33,-185.75,0
12819,90.91,-183.57,0
12830,90.91,-180.13,0
12841,90.91,-177.97,0
12853,83.33,-179.63,0
12865,83.33,-182.85,0
12876,90.91,-184.96,0
12888,83.33,-183.41,0
12899,90.91,-180.00,0
12910,90.91,-178.08,0
12922,90.91,-180.22,0
12934,76.92,-184.30,0
12945,90.91,-185.76,0
12956,90.91,-183.86,0
12967,90.91,-180.55,0
12979,83.33,-178.07,0
12991,90.91,-179.51,0
13002,83.33,-183.10,0
13014,83.33,-185.27,0
13025,90.91,-183.48,0
13036,90.91,-179.97,0
13047,90.91,-178.68,0
13060,76.92,-180.33,0
13071,90.91,-183.92,0
13082,90.91,-186.03,0
13093,90.91,-184.03,0
13105,83.33,-180.33,0
13116,90.91,-177.93,0
13128,83.33,-179.26,0
13139,90.91,-183.15,0
13151,83.33,-185.03,0
13162,90.91,-183.61,0
13173,90.91,-180.27,0
13185,83.33,-178.46,0
13197,83.33,-179.99,0
13208,90.91,-184.02,0
13219,90.91,-186.12,0
13231,83.33,-184.64,0
13242,90.91,-180.76,0
13253,90.91,-178.59,0
13265,83.33,-180.38,0
13277,83.33,-183.32,0
13288,90.91,-185.10,0
13299,90.91,-183.69,0
13310,90.91,-180.02,0
13322,83.33,-177.94,0
13334,83.33,-179.82,0
13345,90.91,-183.81,0
13357,83.33,-186.45,0
13368,90.91,-185.26,0
13379,90.91,-181.77,0
13390,90.91,-179.71,0
13403,76.92,-179.76,0
13414,90.91,-183.30,0
13425,90.91,-185.56,0
13436,90.91,-183.92,0
13448,83.33,-180.40,0
13460,90.91,-178.00,0
13471,83.33,-179.07,0
13483,83.33,-183.31,0
13494,90.91,-186.17,0
13505,90.91,-185.00,0
13516,90.91,-181.72,0
13529,83.33,-179.72,0
13540,83.33,-180.64,0
13551,90.91,-183.78,0
13562,90.91,-185.92,0
13574,83.33,-184.51,0
13585,90.91,-180.57,0
13597,83.33,-177.22,0
13608,90.91,-178.49,0
13620,83.33,-182.67,0
13631,90.91,-185.28,0
13642,90.91,-184.52,0
13654,83.33,-181.79,0
13666,83.33,-179.05,0
13677,90.91,-179.97,0
13688,90.91,-183.76,0
13700,83.33,-186.34,0
13711,90.91,-184.73,0
13722,90.91,-180.74,0
13734,83.33,-177.66,0
13746,83.33,-178.20,0
13757,90.91,-182.22,0
13768,90.91,-184.98,0
13779,90.91,-184.17,0
13791,83.33,-180.85,0
13803,83.33,-178.92,0
13814,90.91,-180.41,0
13826,83.33,-184.05,0
13837,90.91,-186.21,0
13848,90.91,-184.80,0
13859,90.91,-181.23,0
13872,76.92,-178.64,0
13883,90.91,-178.29,0
13894,90.91,-181.96,0
13905,90.91,-184.71,0
13917,83.33,-183.39,0
13928,90.91,-180.87,0
13940,83.33,-179.06,0
13952,83.33,-180.31,0
13963,90.91,-183.37,0
13974,90.91,-186.23,0
13985,90.91,-185.31,0
13997,83.33,-182.12,0
14009,83.33,-178.30,0
14020,90.91,-178.90,0
14031,90.91,-182.37,0
14043,83.33,-184.64,0
14054,90.91,-183.87,0
14065,90.91,-180.57,0
14077,83.33,-177.81,0
14089,83.33,-178.52,0
14100,90.91,-182.29,0
14111,90.91,-185.73,0
14123,83.33,-185.93,0
14135,90.91,-182.65,0
14146,83.33,-179.68,0
14157,90.91,-180.10,0
14169,83.33,-183.25,0
14180,90.91,-185.68,0
14191,90.91,-184.75,0
14203,83.33,-181.09,0
14215,83.33,-178.11,0
14226,90.91,-179.14,0
14237,90.91,-182.77,0
14248,90.91,-186.22,0
14260,83.33,-186.03,0
14272,83.33,-182.61,0
14283,90.91,-179.44,0
14295,83.33,-179.63,0
14306,90.91,-182.73,0
14317,90.91,-185.67,0
14328,90.91,-185.05,0
14341,76.92,-181.84,0
14352,90.91,-178.35,0
14363,90.91,-179.04,0
14374,90.91,-181.98,0
14386,83.33,-185.37,0
14397,90.91,-185.38,0
14409,83.33,-182.23,0
14420,90.91,-178.38,0
14432,83.33,-179.29,0
14443,90.91,-182.56,0
14454,90.91,-185.47,0
14466,83.33,-185.19,0
14478,83.33,-182.21,0
14489,90.91,-179.42,0
14500,90.91,-179.43,0
14512,83.33,-182.40,0
14523,90.91,-185.53,0
14534,90.91,-185.80,0
14546,83.33,-182.14,0
14558,83.33,-179.20,0
14569,90.91,-179.19,0
14580,90.91,-182.51,0
14592,83.33,-185.61,0
14603,90.91,-184.96,0
14615,83.33,-181.87,0
14626,90.91,-178.66,0
14638,83.33,-178.78,0
14649,90.91,-182.06,0
14660,90.91,-184.82,0
14671,90.91,-184.26,0
14684,76.92,-181.31,0
14695,90.91,-178.90,0
14706,90.91,-179.14,0
14717,90.91,-181.58,0
14729,83.33,-184.78,0
14741,90.91,-185.15,0
14752,83.33,-182.30,0
14764,83.33,-179.46,0
14775,90.91,-178.89,0
14786,90.91,-182.19,0
14797,90.91,-185.79,0
14810,76.92,-185.19,0
14821,90.91,-181.63,0
14832,90.91,-178.70,0
14843,90.91,-178.49,0
14855,83.33,-181.51,0
14866,90.91,-185.26,0
14878,83.33,-185.24,0
14889,90.91,-182.15,0
14901,83.33,-179.17,0
14912,90.91,-178.71,0
14923,90.91,-181.33,0
14935,83.33,-184.87,0
14947,83.33,-185.43,0
14958,90.91,-182.64,0
14969,90.91,-179.11,0
14981,83.33,-178.51,0
14992,90.91,-181.65,0
15003,90.91,-185.33,0
15015,83.33,-184.83,0
15027,83.33,-181.65,0
15038,90.91,-178.77,0
15049,90.91,-179.38,0
15060,90.91,-181.94,0
15072,83.33,-185.33,0
15084,83.33,-185.80,0
15095,90.91,-182.85,0
15107,83.33,-179.41,0
15118,90.91,-178.59,0
15129,90.91,-181.14,0
15140,90.91,-184.26,0
15153,76.92,-184.33,0
15164,90.91,-181.62,0
15175,90.91,-178.54,0
15186,90.91,-178.19,0
15198,83.33,-180.83,0
15209,90.91,-184.55,0
15221,83.33,-185.65,0
15233,83.33,-182.40,0
15244,90.91,-178.44,0
15255,90.91,-178.84,0
15266,90.91,-181.44,0
15279,83.33,-184.38,0
15290,83.33,-184.76,0
15301,90.91,-181.83,0
15312,90.91,-178.63,0
15324,83.33,-177.77,0
15335,90.91,-180.02,0
15347,90.91,-184.23,0
15358,83.33,-184.97,0
15370,83.33,-182.79,0
15381,90.91,-179.68,0
15392,90.91,-179.43,0
15404,83.33,-182.53,0
15416,90.91,-185.66,0
15427,83.33,-185.55,0
15438,90.91,-182.47,0
15450,83.33,-179.21,0
15461,90.91,-178.59,0
15472,90.91,-181.31,0
15484,83.33,-184.46,0
15496,83.33,-185.04,0
15507,90.91,-182.75,0
15518,90.91,-179.90,0
15529,90.91,-178.50,0
15541,83.33,-181.03,0
15553,83.33,-185.72,0
15564,90.91,-186.66,0
15576,83.33,-183.43,0
15587,90.91,-179.17,0
15598,90.91,-178.11,0
15609,90.91,-180.66,0
15622,76.92,-183.71,0
15633,90.91,-184.11,0
15644,90.91,-181.34,0
15655,90.91,-178.47,0
15667,83.33,-178.47,0
15678,90.91,-181.84,0
15690,83.33,-185.56,0
15702,83.33,-187.04,0
15713,90.91,-184.20,0
15724,90.91,-179.60,0
15735,90.91,-178.54,0
15747,83.33,-180.71,0
15759,83.33,-184.19,0
15770,90.91,-184.88,0
15781,90.91,-182.86,0
15793,83.33,-178.71,0
15804,90.91,-178.02,0
15815,90.91,-181.43,0
15827,83.33,-185.37,0
15839,83.33,-187.33,0
15850,90.91,-184.59,0
15861,90.91,-180.76,0
15873,83.33,-178.95,0
15884,90.91,-180.32,0
15896,83.33,-183.00,0
15907,90.91,-183.96,0
15919,83.33,-181.43,0
15930,90.91,-178.58,0
15941,90.91,-177.79,0
15952,90.91,-180.68,0
15965,76.92,-185.13,0
15976,90.91,-186.71,0
15987,90.91,-184.13,0
15998,90.91,-180.49,0
16010,83.33,-178.77,0
16022,90.91,-180.88,0
16033,83.33,-183.24,0
16045,83.33,-184.65,0
16056,90.91,-182.17,0
16067,90.91,-178.09,0
16078,90.91,-177.11,0
16091,83.33,-180.09,0
16102,83.33,-184.72,0
16113,90.91,-186.62,0
16124,90.91,-184.98,0
16136,83.33,-181.40,0
16147,90.91,-179.74,0
16159,83.33,-181.93,0
16171,83.33,-184.11,0
16182,90.91,-184.88,0
16193,90.91,-182.61,0
16204,90.91,-178.29,0
16216,83.33,-177.31,0
16228,83.33,-179.81,0
16239,90.91,-184.10,0
16250,90.91,-186.30,0
16262,83.33,-184.22,0
16273,90.91,-181.00,0
16284,90.91,-179.91,0
16296,83.33,-181.41,0
16308,83.33,-184.65,0
16319,90.91,-185.30,0
16330,90.91,-183.77,0
16342,83.33,-179.30,0
16353,90.91,-177.51,0
16365,83.33,-179.59,0
16376,90.91,-182.62,0
16388,83.33,-184.83,0
16399,90.91,-183.80,0
16410,90.91,-180.90,0
16421,90.91,-179.67,0
16434,76.92,-181.47,0
16445,90.91,-184.91,0
16456,90.91,-185.92,0
16467,90.91,-184.00,0
16479,83.33,-179.17,0
16490,90.91,-176.96,0
16502,83.33,-179.01,0
16514,83.33,-182.22,0
16525,90.91,-184.57,0
16536,90.91,-183.74,0
16547,90.91,-180.13,0
16559,83.33,-178.72,0
16571,83.33,-180.78,0
16582,90.91,-184.45,0
16593,90.91,-186.36,0
16605,83.33,-184.64,0
16616,90.91,-181.04,0
16628,90.91,-178.93,0
16640,76.92,-179.31,0
16651,90.91,-182.45,0
16662,90.91,-184.41,0
16673,90.91,-182.68,0
16685,83.33,-179.13,0
16697,90.91,-177.97,0
16708,83.33,-180.73,0
16719,90.91,-185.49,0
16731,83.33,-187.71,0
16742,90.91,-185.42,0
16753,90.91,-181.14,0
16765,83.33,-178.57,0
16777,83.33,-179.83,0
16788,90.91,-182.89,0
16799,90.91,-184.86,0
16811,83.33,-183.13,0
16822,90.91,-179.62,0
16834,83.33,-177.91,0
16845,90.91,-179.97,0
16857,83.33,-183.88,0
16868,90.91,-187.20,0
16879,90.91,-186.11,0
16890,90.91,-182.22,0
16903,76.92,-179.31,0
16914,90.91,-180.50,0
16925,90.91,-183.27,0
16936,90.91,-184.73,0
16948,83.33,-182.68,0
16959,90.91,-178.76,0
16971,83.33,-176.51,0
16983,83.33,-178.22,0
16994,90.91,-182.16,0
17005,90.91,-185.69,0
17016,90.91,-185.13,0
17028,83.33,-182.67,0
17040,83.33,-179.40,0
17051,90.91,-180.52,0
17062,90.91,-183.97,0
17074,83.33,-186.11,0
17085,90.91,-184.45,0
17096,90.91,-180.55,0
17108,83.33,-178.13,0
17120,83.33,-179.20,0
17131,90.91,-182.95,0
17142,90.91,-185.52,0
17154,83.33,-184.67,0
17165,90.91,-182.23,0
17177,83.33,-180.04,0
17188,90.91,-180.49,0
17200,83.33,-184.16,0
17211,90.91,-186.34,0
17222,90.91,-185.41,0
17234,90.91,-181.26,0
17246,76.92,-178.21,0
17257,90.91,-178.56,0
17268,90.91,-181.95,0
17280,83.33,-184.95,0
17291,90.91,-184.46,0
17303,90.91,-181.30,0
17314,83.33,-179.44,0
17326,83.33,-181.05,0
17337,90.91,-184.23,0
17348,90.91,-186.32,0
17359,90.91,-185.16,0
17372,76.92,-180.82,0
17383,90.91,-177.89,0
17394,90.91,-178.67,0
17405,90.91,-182.04,0
17417,83.33,-185.52,0
17428,90.91,-184.07,0
17440,83.33,-180.82,0
17452,83.33,-178.53,0
17463,90.91,-179.47,0
17474,90.91,-183.58,0
17485,90.91,-185.93,0
17497,83.33,-185.13,0
17509,83.33,-181.76,0
17520,90.91,-178.56,0
17531,90.91,-178.67,0
17543,83.33,-181.63,0
17554,90.91,-184.80,0
17565,90.91,-183.38,0
17577,83.33,-179.45,0
17589,83.33,-177.20,0
17600,90.91,-178.54,0
17611,90.91,-183.07,0
17623,83.33,-185.89,0
17634,90.91,-185.44,0
17646,83.33,-182.38,0
17657,90.91,-179.07,0
17669,83.33,-178.96,0
17680,90.91,-181.76,0
17691,90.91,-184.70,0
17702,90.91,-184.16,0
17715,76.92,-181.49,0
17726,90.91,-177.49,0
17737,90.91,-178.06,0
17748,90.91,-182.07,0
17760,83.33,-185.47,0
17771,90.91,-185.13,0
17783,83.33,-181.32,0
17795,83.33,-178.53,0
17806,90.91,-179.24,0
17817,90.91,-181.52,0
17828,90.91,-184.32,0
17841,83.33,-184.04,0
17852,83.33,-181.28,0
17863,90.91,-178.83,0
17874,90.91,-178.68,0
17886,83.33,-181.44,0
17897,90.91,-185.10,0
17909,90.91,-185.42,0
17921,83.33,-182.81,0
17932,90.91,-179.78,0
17943,90.91,-179.68,0
17954,90.91,-182.55,0
17966,83.33,-185.32,0
17978,83.33,-184.93,0
17989,90.91,-181.19,0
18000,90.91,-177.99,0
18012,83.33,-178.27,0
18023,90.91,-181.70,0
18034,90.91,-185.42,0
18046,83.33,-185.62,0
18058,83.33,-182.78,0
18069,90.91,-179.63,0
18080,90.91,-179.56,0
18092,83.33,-182.83,0
18103,90.91,-186.04,0
18115,83.33,-185.63,0
18126,90.91,-181.41,0
18138,83.33,-177.95,0
18149,90.91,-178.84,0
18160,90.91,-181.73,0
18171,90.91,-184.70,0
18184,76.92,-185.15,0
18195,90.91,-182.20,0
18206,90.91,-178.64,0
18217,90.91,-179.28,0
18229,83.33,-182.83,0
18240,90.91,-186.53,0
18252,83.33,-186.29,0
18264,83.33,-182.44,0
18275,90.91,-178.23,0
18286,90.91,-178.25,0
18297,90.91,-181.43,0
18309,83.33,-184.63,0
18321,83.33,-184.68,0
18332,90.91,-181.97,0
18343,90.91,-179.21,0
18355,83.33,-179.32,0
18366,90.91,-181.79,0
18378,90.91,-185.48,0
18390,76.92,-185.83,0
18401,90.91,-182.50,0
18412,90.91,-179.12,0
18423,90.91,-178.61,0
18435,83.33,-181.43,0
18447,90.91,-184.62,0
18458,83.33,-184.56,0
18469,90.91,-181.39,0
18481,83.33,-179.09,0
18492,90.91,-180.13,0
18503,90.91,-182.96,0
18515,83.33,-186.53,0
18527,83.33,-186.49,0
18538,90.91,-183.29,0
18549,90.91,-179.75,0
18561,83.33,-179.02,0
18572,90.91,-181.38,0
18584,83.33,-185.05,0
18595,90.91,-185.39,0
18607,83.33,-182.17,0
18618,90.91,-178.39,0
18629,90.91,-178.62,0
18640,90.91,-182.61,0
18653,76.92,-185.99,0
18664,90.91,-185.58,0
18675,90.91,-182.78,0
18686,90.91,-179.17,0
18698,83.33,-178.84,0
18709,90.91,-180.92,0
18721,83.33,-184.28,0
18733,83.33,-184.67,0
18744,90.91,-182.23,0
18755,90.91,-178.61,0
18766,90.91,-177.94,0
18778,83.33,-181.09,0
18790,83.33,-184.13,0
18801,90.91,-184.12,0
18812,90.91,-181.88,0
18824,83.33,-179.23,0
18835,90.91,-178.90,0
18846,90.91,-181.78,0
18859,76.92,-184.84,0
18870,90.91,-185.42,0
18881,90.91,-182.47,0
18892,90.91,-179.23,0
18904,83.33,-178.35,0
18916,90.91,-180.46,0
18927,83.33,-184.02,0
18938,90.91,-184.45,0
18950,83.33,-181.94,0
18961,90.91,-179.28,0
18972,90.91,-177.93,0
18984,90.91,-181.38,0
18996,76.92,-185.23,0
19007,90.91,-185.89,0
19018,90.91,-182.66,0
19030,83.33,-178.90,0
19041,90.91,-178.82,0
19053,83.33,-181.26,0
19064,90.91,-184.38,0
19076,83.33,-184.65,0
19087,90.91,-182.45,0
19098,90.91,-179.49,0
19109,90.91,-178.50,0
19122,76.92,-180.85,0
19133,90.91,-184.74,0
19144,90.91,-185.54,0
19155,90.91,-183.46,0
19167,83.33,-179.49,0
19178,90.91,-178.50,0
19190,83.33,-180.91,0
19202,83.33,-184.15,0
19213,90.91,-185.90,0
19224,90.91,-183.50,0
19235,90.91,-179.54,0
19247,83.33,-179.16,0
19259,83.33,-180.84,0
19270,90.91,-184.85,0
19281,90.91,-185.52,0
19293,83.33,-183.04,0
19304,90.91,-179.33,0
19315,90.91,-178.05,0
19328,76.92,-181.30,0
19339,90.91,-184.95,0
19350,90.91,-185.67,0
19361,90.91,-182.75,0
19373,83.33,-179.26,0
19384,90.91,-178.28,0
19396,83.33,-180.86,0
19407,90.91,-184.38,0
19419,83.33,-185.63,0
19430,90.91,-183.47,0
19441,90.91,-180.11,0
19452,90.91,-179.03,0
19465,76.92,-181.74,0
19476,90.91,-185.59,0
19487,90.91,-186.87,0
19499,83.33,-184.09,0
19510,90.91,-179.94,0
19522,90.91,-178.69,0
19533,83.33,-180.74,0
19545,83.33,-184.16,0
19556,90.91,-186.04,0
19567,90.91,-183.96,0
19578,90.91,-179.68,0
19591,83.33,-179.05,0
19602,83.33,-181.87,0
19613,90.91,-185.08,0
19624,90.91,-185.86,0
19636,83.33,-183.46,0
19647,90.91,-179.92,0
19659,83.33,-178.60,0
19671,83.33,-181.03,0
19682,90.91,-184.65,0
19693,90.91,-185.57,0
19704,90.91,-183.16,0
19716,83.33,-179.51,0
19728,83.33,-178.41,0
19739,90.91,-180.50,0
19750,90.91,-184.14,0
19762,83.33,-185.99,0
19773,90.91,-183.31,0
19784,90.91,-179.45,0
19796,83.33,-178.19,0
19808,83.33,-180.10,0
19819,90.91,-183.69,0
19830,90.91,-185.19,0
19842,83.33,-183.30,0
19853,90.91,-179.58,0
19865,83.33,-178.38,0
19876,90.91,-180.49,0
19888,83.33,-184.27,0
19899,90.91,-185.88,0
19910,90.91,-183.97,0
19921,90.91,-179.58,0
19934,76.92,-177.87,0
19945,90.91,-180.06,0
19956,90.91,-183.65,0
19968,83.33,-185.00,0
19979,90.91,-183.12,0
19990,90.91,-179.93,0
20002,83.33,-178.13,0
20014,83.33,-180.01,0
20025,90.91,-183.61,0
20036,90.91,-185.81,0
20047,90.91,-183.46,0
20059,83.33,-180.27,0
20071,83.33,-177.92,0
20082,90.91,-179.99,0
20093,90.91,-184.41,0
20105,83.33,-185.73,0
20116,90.91,-183.34,0
20128,90.91,-179.47,0
20140,76.92,-177.88,0
20151,90.91,-179.85,0
20162,90.91,-183.60,0
20173,90.91,-186.05,0
20185,83.33,-184.57,0
20197,90.91,-180.40,0
20208,83.33,-178.80,0
20219,90.91,-180.30,0
20231,83.33,-183.81,0
20242,90.91,-185.94,0
20253,90.91,-183.99,0
20265,83.33,-180.50,0
20277,83.33,-178.32,0
20288,90.91,-180.01,0
20299,90.91,-184.17,0
20311,83.33,-186.17,0
20322,90.91,-184.39,0
20334,83.33,-180.60,0
20345,90.91,-178.87,0
20357,83.33,-180.46,0
20368,90.91,-184.13,0
20379,90.91,-186.06,0
20390,90.91,-184.29,0
20403,76.92,-181.02,0
20414,90.91,-178.60,0
20425,90.91,-179.93,0
20436,90.91,-183.38,0
20448,83.33,-185.04,0
20459,90.91,-184.24,0
20471,83.33,-180.81,0
20483,83.33,-178.51,0
20494,90.91,-180.43,0
20505,90.91,-183.76,0
20516,90.91,-185.68,0
20528,83.33,-184.02,0
20540,83.33,-180.48,0
20551,90.91,-178.47,0
20562,90.91,-179.73,0
20574,83.33,-183.86,0
20585,90.91,-186.28,0
20596,90.91,-184.96,0
20609,76.92,-181.47,0
20620,90.91,-178.74,0
20631,90.91,-180.32,0
20642,90.91,-183.82,0
20654,83.33,-185.96,0
20665,90.91,-183.84,0
20677,83.33,-180.42,0
20688,90.91,-177.99,0
20700,83.33,-179.41,0
20711,90.91,-182.64,0
20722,90.91,-185.60,0
20734,90.91,-184.65,0
20746,76.92,-180.63,0
20757,90.91,-178.87,0
20768,90.91,-180.95,0
20780,83.33,-184.30,0
20791,90.91,-186.17,0
20803,83.33,-183.80,0
20814,90.91,-180.17,0
20826,83.33,-178.27,0
20837,90.91,-179.12,0
20848,90.91,-183.00,0
20859,90.91,-185.10,0
20872,76.92,-183.65,0
20883,90.91,-180.35,0
20894,90.91,-178.60,0
20905,90.91,-180.18,0
20917,83.33,-183.97,0
20928,90.91,-185.59,0
20940,83.33,-184.04,0
20952,83.33,-180.80,0
20963,90.91,-178.08,0
20974,90.91,-179.09,0
20985,90.91,-182.54,0
20997,83.33,-184.91,0
21009,83.33,-183.93,0
21020,90.91,-180.44,0
21031,90.91,-178.64,0
21043,83.33,-179.92,0
21054,90.91,-183.28,0
21065,90.91,-185.48,0
21078,76.92,-184.09,0
21089,90.91,-180.63,0
21100,90.91,-178.71,0
21111,90.91,-179.05,0
21123,83.33,-182.08,0
21134,90.91,-184.69,0
21146,83.33,-183.59,0
21157,90.91,-180.62,0
21169,83.33,-178.56,0
21180,90.91,-179.61,0
21191,90.91,-183.82,0
21202,90.91,-186.08,0
21215,76.92,-184.60,0
21226,90.91,-181.17,0
21237,90.91,-178.43,0
21249,83.33,-179.55,0
21260,90.91,-182.47,0
21272,90.91,-184.93,0
21283,83.33,-184.42,0
21295,83.33,-181.03,0
21306,90.91,-177.83,0
21317,90.91,-179.05,0
21328,90.91,-183.51,0
21341,83.33,-186.12,0
21352,83.33,-185.12,0
21363,90.91,-181.64,0
21374,90.91,-178.87,0
21386,83.33,-179.85,0
21397,90.91,-182.81,0
21409,83.33,-185.78,0
21421,83.33,-184.85,0
21432,90.91,-181.09,0
21443,90.91,-178.62,0
21454,90.91,-179.11,0
21466,83.33,-182.16,0
21478,83.33,-185.29,0
21489,90.91,-184.86,0
21500,90.91,-181.63,0
21512,83.33,-178.65,0
21523,90.91,-179.76,0
21534,90.91,-182.65,0
21547,76.92,-185.18,0
21558,90.91,-184.41,0
21569,90.91,-180.93,0
21580,90.91,-177.98,0
21592,83.33,-179.24,0
21603,90.91,-182.82,0
21615,83.33,-186.08,0
21626,90.91,-185.15,0
21638,83.33,-181.96,0
21649,90.91,-179.26,0
21660,90.91,-179.25,0
21671,90.91,-182.75,0
21684,76.92,-184.73,0
21695,90.91,-184.39,0
21706,90.91,-181.04,0
21718,83.33,-178.05,0
21729,90.91,-179.00,0
21740,90.91,-182.47,0
21752,83.33,-185.90,0
21764,83.33,-185.39,0
21775,90.91,-182.05,0
21786,90.91,-178.83,0
21797,90.91,-178.92,0
21809,83.33,-182.50,0
21821,83.33,-185.54,0
21832,90.91,-185.79,0
21843,90.91,-182.04,0
21855,83.33,-178.16,0
21866,90.91,-178.33,0
21878,90.91,-181.72,0
21890,76.92,-184.96,0
21901,90.91,-184.72,0
21912,90.91,-182.33,0
21923,90.91,-179.29,0
21935,83.33,-179.68,0
21947,90.91,-182.48,0
21958,83.33,-185.77,0
21969,90.91,-185.00,0
21981,83.33,-181.40,0
21992,90.91,-177.68,0
22003,90.91,-177.61,0
22016,76.92,-181.03,0
22027,90.91,-184.45,0
22038,90.91,-184.52,0
22049,90.91,-181.24,0
22061,83.33,-178.53,0
22072,90.91,-179.65,0
22084,83.33,-182.49,0
22095,90.91,-185.67,0
22107,83.33,-185.80,0
22118,90.91,-181.85,0
22129,90.91,-178.02,0
22140,90.91,-178.18,0
22153,76.92,-181.54,0
22164,90.91,-184.40,0
22175,90.91,-184.37,0
22187,83.33,-181.60,0
22198,90.91,-178.82,0
22209,90.91,-179.20,0
22221,83.33,-182.40,0
22233,83.33,-185.42,0
22244,90.91,-185.60,0
22255,90.91,-182.74,0
22266,90.91,-179.25,0
22278,83.33,-178.36,0
22290,83.33,-181.33,0
22301,90.91,-184.26,0
22312,90.91,-183.99,0
22324,83.33,-181.52,0
22335,90.91,-178.32,0
22346,90.91,-178.78,0
22359,76.92,-182.21,0
22370,90.91,-186.03,0
22381,90.91,-185.77,0
22392,90.91,-182.99,0
22404,83.33,-179.49,0
22415,90.91,-178.49,0
22427,83.33,-180.88,0
22438,90.91,-184.34,0
22450,83.33,-184.26,0
22461,90.91,-181.53,0
22472,90.91,-178.57,0
22484,90.91,-178.94,0
22496,76.92,-182.04,0
22507,90.91,-185.92,0
22518,90.91,-186.15,0
22530,83.33,-183.44,0
22541,90.91,-180.07,0
22553,90.91,-179.22,0
22564,83.33,-181.66,0
22576,83.33,-184.73,0
22587,90.91,-185.04,0
22598,90.91,-181.91,0
22609,90.91,-178.07,0
22622,76.92,-178.04,0
22633,90.91,-181.91,0
22644,90.91,-185.23,0
22656,83.33,-186.44,0
22667,90.91,-184.27,0
22678,90.91,-180.36,0
22690,83.33,-179.75,0
22702,83.33,-181.71,0
22713,90.91,-184.73,0
22724,90.91,-184.28,0
22735,90.91,-181.24,0
22747,83.33,-177.52,0
22759,83.33,-177.42,0
22770,90.91,-181.03,0
22781,90.91,-184.73,0
22793,83.33,-186.02,0
22804,90.91,-183.69,0
22815,90.91,-180.31,0
22828,76.92,-180.12,0
22839,90.91,-182.00,0
22850,90.91,-184.83,0
22861,90.91,-185.19,0
22873,83.33,-182.20,0
22884,90.91,-178.17,0
22896,83.33,-177.07,0
22907,90.91,-180.04,0
22919,83.33,-184.05,0
22930,90.91,-185.08,0
22941,90.91,-183.40,0
22952,90.91,-179.89,0
22965,76.92,-179.26,0
22976,90.91,-182.04,0
22987,90.91,-185.84,0
22999,83.33,-186.28,0
23010,90.91,-182.72,0
23021,90.91,-178.96,0
23033,83.33,-177.19,0
23045,83.33,-179.76,0
23056,90.91,-183.09,0
23067,90.91,-184.59,0
23078,90.91,-182.56,0
23090,83.33,-179.60,0
23102,83.33,-179.35,0
23113,90.91,-182.30,0
23124,90.91,-186.35,0
23136,83.33,-186.32,0
23147,90.91,-183.81,0
23159,90.91,-179.62,0
23171,76.92,-177.31,0
23182,90.91,-179.40,0
23193,90.91,-183.33,0
23204,90.91,-184.29,0
23216,83.33,-181.82,0
23228,83.33,-179.10,0
23239,90.91,-178.64,0
23250,90.91,-181.86,0
23262,83.33,-185.47,0
23273,90.91,-186.30,0
23284,90.91,-183.57,0
23297,76.92,-179.63,0
23308,90.91,-178.00,0
23319,90.91,-180.80,0
23330,90.91,-184.36,0
23342,83.33,-184.77,0
23353,90.91,-181.98,0
23365,83.33,-178.79,0
23376,90.91,-177.65,0
23388,83.33,-180.49,0
23399,90.91,-184.78,0
23410,90.91,-186.82,0
23421,90.91,-184.22,0
23434,76.92,-180.25,0
23445,90.91,-179.32,0
23456,90.91,-180.78,0
23468,83.33,-183.77,0
23479,90.91,-184.59,0
23490,90.91,-182.19,0
23502,83.33,-178.91,0
23514,83.33,-177.28,0
23525,90.91,-180.13,0
23536,90.91,-183.83,0
23547,90.91,-185.30,0
23559,83.33,-183.68,0
23571,83.33,-180.43,0
23582,90.91,-179.10,0
23593,90.91,-180.79,0
23605,83.33,-183.95,0
23616,90.91,-185.14,0
23627,90.91,-182.53,0
23640,76.92,-178.70,0
23651,90.91,-177.19,0
23662,90.91,-180.27,0
23673,90.91,-184.57,0
23685,83.33,-186.24,0
23697,90.91,-184.63,0
23708,83.33,-180.63,0
23719,90.91,-178.87,0
23731,83.33,-180.83,0
23742,90.91,-183.91,0
23753,90.91,-185.11,0
23766,90.91,-182.51,0
23777,76.92,-178.77,0
23788,90.91,-177.86,0
23799,90.91,-180.15,0
23811,83.33,-184.08,0
23822,90.91,-185.64,0
23834,83.33,-183.79,0
23845,90.91,-180.82,0
23857,83.33,-179.37,0
23868,90.91,-181.09,0
23879,90.91,-184.16,0
23890,90.91,-185.87,0
23903,76.92,-183.76,0
23914,90.91,-179.72,0
23925,90.91,-177.77,0
23937,83.33,-179.23,0
23948,90.91,-182.70,0
23959,90.91,-185.63,0
23971,83.33,-184.30,0
23983,83.33,-181.12,0
23994,90.91,-178.91,0
24005,90.91,-180.85,0
24016,90.91,-185.05,0
24028,83.33,-186.82,0
24040,83.33,-184.64,0
24051,90.91,-180.16,0
24062,90.91,-177.68,0
24074,83.33,-179.01,0
24085,90.91,-182.88,0
24096,90.91,-185.52,0
24109,76.92,-183.81,0
24120,90.91,-179.91,0
24131,90.91,-178.29,0
24142,90.91,-180.87,0
24154,83.33,-184.74,0
24165,90.91,-186.82,0
24177,83.33,-184.55,0
24188,90.91,-180.70,0
24200,83.33,-178.13,0
24211,90.91,-179.43,0
24222,90.91,-182.49,0
24233,90.91,-184.42,0
24246,76.92,-182.85,0
24257,90.91,-179.40,0
24268,90.91,-177.63,0
24280,83.33,-179.87,0
24291,90.91,-183.63,0
24302,90.91,-186.50,0
24314,83.33,-184.39,0
24326,83.33,-179.82,0
24337,90.91,-177.70,0
24348,90.91,-179.05,0
24359,90.91,-182.35,0
24372,83.33,-184.01,0
24383,83.33,-182.74,0
24394,90.91,-180.05,0
24406,83.33,-178.28,0
24417,90.91,-179.86,0
24428,90.91,-183.80,0
24440,90.91,-186.43,0
24452,76.92,-184.89,0
24463,90.91,-181.09,0
24474,90.91,-179.25,0
24485,90.91,-180.68,0
24497,83.33,-183.73,0
24509,83.33,-185.19,0
24520,90.91,-183.77,0
24531,90.91,-179.99,0
24543,83.33,-177.86,0
24554,90.91,-179.53,0
24565,90.91,-183.73,0
24578,76.92,-186.64,0
24589,90.91,-184.89,0
24600,90.91,-181.33,0
24611,90.91,-179.45,0
24623,83.33,-180.71,0
24634,90.91,-183.47,0
24646,83.33,-185.30,0
24657,90.91,-183.99,0
24669,83.33,-180.73,0
24680,90.91,-177.88,0
24691,90.91,-178.97,0
24702,90.91,-182.37,0
24715,76.92,-185.05,0
24726,90.91,-184.73,0
24737,90.91,-181.76,0
24749,83.33,-179.00,0
24760,90.91,-180.39,0
24771,90.91,-184.48,0
24783,83.33,-185.76,0
24795,83.33,-184.67,0
24806,90.91,-181.22,0
24817,90.91,-178.14,0
24828,90.91,-179.18,0
24840,83.33,-182.05,0
24852,83.33,-185.03,0
24863,90.91,-184.27,0
24875,83.33,-181.62,0
24886,90.91,-178.96,0
24897,90.91,-180.00,0
24908,90.91,-183.16,0
24921,76.92,-185.92,0
24932,90.91,-184.73,0
24943,90.91,-181.38,0
24954,90.91,-178.52,0
24966,83.33,-179.39,0
24978,90.91,-182.68,0
24989,83.33,-185.09,0
25000,90.91,-184.57,0
25012,83.33,-181.61,0
25023,90.91,-179.26,0
25034,90.91,-180.13,0
25047,83.33,-183.79,0
25058,83.33,-186.18,0
25069,90.91,-185.06,0
25080,90.91,-181.73,0
25092,83.33,-179.05,0
25103,90.91,-178.72,0
25115,83.33,-182.04,0
25126,90.91,-184.75,0
25138,83.33,-184.26,0
25149,90.91,-180.91,0
25160,90.91,-178.67,0
25171,90.91,-179.61,0
25184,76.92,-182.47,0
25195,90.91,-185.65,0
25206,90.91,-185.71,0
25218,83.33,-181.60,0
25229,90.91,-178.45,0
25240,90.91,-179.13,0
25252,83.33,-182.62,0
25264,83.33,-185.30,0
25275,90.91,-184.58,0
25286,90.91,-181.05,0
25297,90.91,-178.09,0
25309,83.33,-179.02,0
25321,83.33,-182.73,0
25332,90.91,-185.81,0
25344,83.33,-185.61,0
25355,90.91,-182.06,0
25366,90.91,-179.14,0
25377,90.91,-179.58,0
25390,76.92,-182.68,0
25401,90.91,-185.21,0
25412,90.91,-184.57,0
25423,90.91,-180.83,0
25435,83.33,-178.13,0
25446,90.91,-178.29,0
25458,83.33,-181.83,0
25469,90.91,-185.25,0
25481,83.33,-185.75,0
25492,90.91,-182.51,0
25503,90.91,-179.24,0
25515,83.33,-179.44,0
25527,83.33,-182.14,0
25538,90.91,-185.07,0
25549,90.91,-184.59,0
25561,83.33,-181.30,0
25572,90.91,-178.29,0
25584,90.91,-178.95,0
25595,83.33,-182.23,0
25607,83.33,-185.50,0
25618,90.91,-185.72,0
25629,90.91,-182.95,0
25640,90.91,-180.12,0
25653,83.33,-180.12,0
25664,83.33,-182.96,0
25675,90.91,-185.80,0
25687,83.33,-185.33,0
25698,90.91,-181.82,0
25709,90.91,-178.75,0
25721,83.33,-178.98,0
25733,83.33,-181.76,0
25744,90.91,-184.38,0
25755,90.91,-184.43,0
25766,90.91,-181.61,0
25778,83.33,-179.23,0
25790,83.33,-179.79,0
25801,90.91,-182.35,0
25812,90.91,-185.21,0
25824,83.33,-184.99,0
25835,90.91,-181.72,0
25846,90.91,-178.48,0
25859,76.92,-178.46,0
25870,90.91,-181.41,0
25881,90.91,-184.33,0
25892,90.91,-184.90,0
25904,83.33,-181.60,0
25915,90.91,-178.64,0
25927,83.33,-179.23,0
25938,90.91,-182.89,0
25950,83.33,-185.87,0
25961,90.91,-185.83,0
25972,90.91,-182.66,0
25984,83.33,-178.84,0
25996,83.33,-177.51,0
26007,90.91,-181.23,0
26018,90.91,-183.93,0
26030,83.33,-184.46,0
26041,90.91,-181.40,0
26052,90.91,-178.54,0
26064,83.33,-179.55,0
26076,83.33,-183.25,0
26087,90.91,-186.27,0
26098,90.91,-186.86,0
26109,90.91,-183.54,0
26121,83.33,-179.88,0
26133,83.33,-178.89,0
26144,90.91,-181.25,0
26156,83.33,-184.27,0
26167,90.91,-184.43,0
26178,90.91,-181.26,0
26190,90.91,-178.22,0
26202,76.92,-178.54,0
26213,90.91,-182.29,0
26224,90.91,-185.95,0
26235,90.91,-186.44,0
26247,83.33,-183.26,0
26259,90.91,-179.80,0
26270,83.33,-179.25,0
26281,90.91,-181.01,0
26293,83.33,-184.41,0
26304,90.91,-184.34,0
26315,90.91,-181.31,0
26328,76.92,-178.26,0
26339,90.91,-177.98,0
26350,90.91,-181.22,0
26361,90.91,-185.06,0
26373,83.33,-186.13,0
26384,90.91,-183.34,0
26396,83.33,-180.56,0
26407,90.91,-179.69,0
26419,83.33,-182.00,0
26430,90.91,-184.77,0
26441,90.91,-184.74,0
26452,90.91,-181.26,0
26465,76.92,-177.97,0
26476,90.91,-177.76,0
26487,90.91,-180.30,0
26499,83.33,-183.76,0
26510,90.91,-185.46,0
26521,90.91,-182.77,0
26533,83.33,-179.80,0
26545,83.33,-179.63,0
26556,90.91,-182.26,0
26567,90.91,-185.44,0
26578,90.91,-184.97,0
26590,83.33,-181.60,0
26602,83.33,-177.78,0
26613,90.91,-176.99,0
26625,83.33,-180.12,0
26636,90.91,-183.85,0
26647,90.91,-184.80,0
26658,90.91,-183.07,0
26671,76.92,-180.18,0
26682,90.91,-180.00,0
26693,90.91,-182.70,0
26704,90.91,-186.37,0
26716,83.33,-186.40,0
26728,90.91,-183.19,0
26739,83.33,-179.44,0
26750,90.91,-177.86,0
26762,83.33,-179.75,0
26773,90.91,-183.66,0
26784,90.91,-184.52,0
26797,83.33,-182.19,0
26808,83.33,-179.92,0
26819,90.91,-179.09,0
26830,90.91,-181.59,0
26842,83.33,-185.67,0
26853,90.91,-186.10,0
26865,83.33,-183.49,0
26876,90.91,-179.73,0
26888,83.33,-177.66,0
26899,90.91,-180.09,0
26910,90.91,-183.53,0
26921,90.91,-184.89,0
26934,76.92,-182.89,0
26945,90.91,-179.29,0
26956,90.91,-179.03,0
26968,83.33,-182.27,0
26979,90.91,-185.22,0
26990,90.91,-187.18,0
27002,83.33,-184.76,0
27014,83.33,-180.75,0
27025,90.91,-178.51,0
27036,90.91,-179.70,0
27047,90.91,-183.15,0
27059,83.33,-184.37,0
27071,83.33,-182.47,0
27082,90.91,-179.45,0
27094,83.33,-178.90,0
27105,90.91,-181.59,0
27116,90.91,-185.73,0
27127,90.91,-187.10,0
27140,76.92,-184.68,0
27151,90.91,-180.30,0
27162,90.91,-179.24,0
27173,90.91,-179.90,0
27185,83.33,-183.19,0
27196,90.91,-184.16,0
27208,83.33,-182.34,0
27219,90.91,-178.52,0
27231,83.33,-177.05,0
27242,90.91,-179.47,0
27253,90.91,-184.65,0
27265,83.33,-186.86,0
27277,83.33,-184.90,0
27288,90.91,-181.19,0
27299,90.91,-179.56,0
27311,83.33,-180.73,0
27322,90.91,-184.15,0
27334,90.91,-184.59,0
27345,83.33,-182.11,0
27357,83.33,-178.24,0
27368,90.91,-176.84,0
27379,90.91,-179.92,0
27390,90.91,-183.49,0
27403,76.92,-185.24,0
27414,90.91,-183.79,0
27425,90.91,-180.82,0
27437,83.33,-179.23,0
27448,90.91,-181.04,0
27459,90.91,-184.20,0
27471,83.33,-185.31,0
27483,83.33,-182.55,0
27494,90.91,-178.84,0
27505,90.91,-177.53,0
27516,90.91,-179.54,0
27528,83.33,-182.82,0
27540,83.33,-184.56,0
27551,90.91,-183.43,0
27563,83.33,-181.15,0
27574,90.91,-179.79,0
27585,90.91,-181.53,0
27596,90.91,-184.85,0
27609,76.92,-186.67,0
27620,90.91,-183.23,0
27631,90.91,-179.13,0
27642,90.91,-177.85,0
27654,83.33,-178.95,0
27665,90.91,-182.27,0
27677,83.33,-184.36,0
27688,90.91,-183.42,0
27700,83.33,-179.69,0
27711,90.91,-179.23,0
27722,90.91,-181.40,0
27734,83.33,-185.05,0
27746,83.33,-187.06,0
27757,90.91,-184.58,0
27768,90.91,-180.09,0
27780,83.33,-178.09,0
27791,90.91,-179.32,0
27802,90.91,-182.41,0
27814,83.33,-184.06,0
27826,83.33,-182.46,0
27837,90.91,-179.78,0
27848,90.91,-179.23,0
27859,90.91,-181.72,0
27872,83.33,-185.56,0
27883,83.33,-186.89,0
27894,90.91,-185.11,0
27906,83.33,-181.10,0
27917,90.91,-179.04,0
27928,90.91,-180.22,0
27940,90.91,-182.91,0
27952,76.92,-184.86,0
27963,90.91,-183.09,0
27974,90.91,-180.13,0
27985,90.91,-178.19,0
27997,83.33,-179.77,0
28009,83.33,-183.95,0
28020,90.91,-185.95,0
28032,83.33,-185.36,0
28043,90.91,-182.36,0
28054,90.91,-179.55,0
28065,90.91,-180.09,0
28078,76.92,-183.18,0
28089,90.91,-185.54,0
28100,90.91,-184.33,0
28111,90.91,-180.44,0
28123,83.33,-178.39,0
28134,90.91,-180.27,0
28146,83.33,-184.40,0
28157,90.91,-186.42,0
28169,83.33,-185.14,0
28180,90.91,-181.65,0
28191,90.91,-179.14,0
28203,83.33,-180.44,0
28215,83.33,-183.97,0
28226,90.91,-186.01,0
28237,90.91,-184.41,0
28249,83.33,-180.49,0
28260,90.91,-177.77,0
28271,90.91,-179.45,0
28283,83.33,-183.26,0
28295,83.33,-186.10,0
28306,90.91,-185.44,0
28317,90.91,-181.83,0
28328,90.91,-179.74,0
28340,83.33,-180.57,0
28352,83.33,-184.24,0
28363,90.91,-186.56,0
28375,83.33,-183.90,0
28386,90.91,-180.07,0
28397,90.91,-178.04,0
28408,90.91,-179.32,0
28421,76.92,-183.14,0
28432,90.91,-185.70,0
28443,90.91,-184.50,0
28454,90.91,-181.32,0
28466,83.33,-179.28,0
28478,90.91,-180.12,0
28489,83.33,-183.88,0
28500,90.91,-185.98,0
28512,83.33,-183.89,0
28523,90.91,-179.95,0
28534,90.91,-177.23,0
28547,83.33,-178.41,0
28558,83.33,-182.24,0
28569,90.91,-185.24,0
28580,90.91,-184.31,0
28592,83.33,-180.80,0
28603,90.91,-178.18,0
28615,90.91,-179.64,0
28626,83.33,-182.90,0
28638,83.33,-185.75,0
28649,90.91,-184.64,0
28660,90.91,-181.43,0
28672,83.33,-178.37,0
28684,83.33,-179.48,0
28695,90.91,-182.73,0
28706,90.91,-185.15,0
28718,83.33,-184.28,0
28729,90.91,-181.47,0
28740,90.91,-178.27,0
28752,83.33,-179.33,0
28764,83.33,-183.11,0
28775,90.91,-185.67,0
28786,90.91,-184.88,0
28797,90.91,-181.50,0
28809,83.33,-178.90,0
28821,83.33,-179.37,0
28832,90.91,-182.69,0
28844,83.33,-185.36,0
28855,90.91,-184.21,0
28866,90.91,-180.31,0
28877,90.91,-178.03,0
28890,76.92,-178.95,0
28901,90.91,-182.60,0
28912,90.91,-185.30,0
28923,90.91,-185.10,0
28935,83.33,-181.70,0
28946,90.91,-178.16,0
28958,83.33,-178.59,0
28969,90.91,-182.41,0
28981,83.33,-185.15,0
28992,90.91,-184.64,0
29003,90.91,-181.03,0
29015,83.33,-178.39,0
29027,83.33,-179.94,0
29038,90.91,-183.45,0
29049,90.91,-185.64,0
29061,83.33,-185.22,0
29072,90.91,-181.91,0
29083,90.91,-179.07,0
29095,83.33,-179.27,0
29107,83.33,-182.04,0
29118,90.91,-184.90,0
29129,90.91,-185.11,0
29140,90.91,-181.39,0
29152,83.33,-177.81,0
29164,83.33,-178.64,0
29175,90.91,-182.27,0
29187,83.33,-185.56,0
29198,90.91,-185.29,0
29209,90.91,-182.27,0
29221,90.91,-179.53,0
29233,76.92,-179.86,0
29244,90.91,-182.82,0
29255,90.91,-185.59,0
29266,90.91,-185.14,0
29278,83.33,-181.82,0
29290,90.91,-179.01,0
29301,83.33,-179.29,0
29313,83.33,-183.01,0
29324,90.91,-185.78,0
29335,90.91,-184.84,0
29346,90.91,-181.32,0
29359,83.33,-178.81,0
29370,83.33,-179.37,0
29381,90.91,-182.49,0
29392,90.91,-185.78,0
29404,83.33,-185.62,0
29415,90.91,-181.76,0
29427,83.33,-179.02,0
29438,90.91,-178.78,0
29450,83.33,-181.75,0
29461,90.91,-185.13,0
29472,90.91,-184.47,0
29484,83.33,-181.14,0
29496,83.33,-178.46,0
29507,90.91,-179.46,0
29518,90.91,-182.98,0
29530,83.33,-186.10,0
29541,90.91,-185.87,0
29552,90.91,-182.42,0
29564,83.33,-178.43,0
29576,83.33,-178.95,0
29587,90.91,-181.97,0
29598,90.91,-184.45,0
29609,90.91,-184.48,0
29621,83.33,-181.86,0
29633,83.33,-178.70,0
29644,90.91,-178.66,0
29656,83.33,-182.49,0
29667,90.91,-185.06,0
29678,90.91,-184.98,0
29689,90.91,-182.50,0
29702,76.92,-179.15,0
29713,90.91,-178.86,0
29724,90.91,-181.68,0
29735,90.91,-185.40,0
29747,83.33,-184.95,0
29758,90.91,-181.66,0
29770,83.33,-178.29,0
29782,83.33,-178.69,0
29793,90.91,-181.73,0
29804,90.91,-185.43,0
29815,90.91,-185.83,0
29827,83.33,-183.12,0
29839,83.33,-179.60,0
29850,90.91,-179.22,0
29861,90.91,-181.67,0
29873,83.33,-184.33,0
29884,90.91,-184.04,0
29895,90.91,-181.48,0
29907,83.33,-178.34,0
29919,83.33,-178.46,0
29930,90.91,-181.33,0
29941,90.91,-184.82,0
29953,83.33,-185.70,0
29965,90.91,-182.69,0
29976,83.33,-178.91,0
29987,90.91,-178.85,0
29999,83.33,-181.92,0
30010,90.91,-185.49,0
30021,90.91,-186.29,0
30033,90.91,-183.12,0
30045,76.92,-178.91,0
30056,90.91,-178.30,0
30067,90.91,-181.20,0
30078,90.91,-184.36,0
30090,83.33,-184.88,0
30102,90.91,-182.90,0
30113,83.33,-180.15,0
30125,83.33,-178.87,0
30136,90.91,-181.90,0
30147,90.91,-185.84,0
30158,90.91,-186.25,0
30171,76.92,-183.56,0
30182,90.91,-180.04,0
30193,90.91,-179.22,0
30204,90.91,-181.31,0
30216,83.33,-184.52,0
30227,90.91,-184.73,0
30239,83.33,-181.79,0
30251,83.33,-178.72,0
30262,90.91,-178.59,0
30273,90.91,-181.30,0
30284,90.91,-185.43,0
30296,83.33,-186.42,0
30308,83.33,-184.22,0
30319,90.91,-180.47,0
30330,90.91,-179.19,0
30342,83.33,-181.53,0
30353,90.91,-185.44,0
30364,90.91,-185.99,0
30376,83.33,-182.56,0
30388,83.33,-178.48,0
30399,90.91,-177.95,0
30410,90.91,-180.88,0
30422,83.33,-184.62,0
30433,90.91,-185.46,0
30445,83.33,-183.40,0
30456,90.91,-180.26,0
30468,83.33,-179.58,0
30479,90.91,-182.15,0
30490,90.91,-186.02,0
30501,90.91,-186.39,0
30514,76.92,-182.95,0
30525,90.91,-179.16,0
30536,90.91,-177.81,0
30547,90.91,-180.45,0
30559,83.33,-184.01,0
30570,90.91,-185.26,0
30582,83.33,-182.54,0
30594,83.33,-179.38,0
30605,90.91,-179.02,0
30616,90.91,-182.08,0
30627,90.91,-185.46,0
30639,83.33,-186.11,0
30651,83.33,-183.52,0
30662,90.91,-179.16,0
30673,90.91,-178.02,0
30685,83.33,-180.31,0
30696,90.91,-183.60,0
30708,90.91,-184.10,0
30720,76.92,-181.85,0
30731,90.91,-178.21,0
30742,90.91,-177.53,0
30753,90.91,-180.68,0
30765,83.33,-184.73,0
30777,90.91,-185.53,0
30788,83.33,-182.97,0
30799,90.91,-179.96,0
30811,83.33,-178.57,0
30822,90.91,-180.17,0
30833,90.91,-183.60,0
30845,83.33,-184.36,0
30857,83.33,-182.01,0
30868,90.91,-179.05,0
30879,90.91,-177.31,0
30891,83.33,-179.35,0
30902,90.91,-183.97,0
30914,83.33,-185.41,0
30925,90.91,-183.35,0
30937,83.33,-179.86,0
30948,90.91,-178.17,0
30959,90.91,-180.91,0
30970,90.91,-184.19,0
30983,76.92,-185.81,0
30994,90.91,-182.81,0
31005,90.91,-178.68,0
31016,90.91,-178.07,0
31028,83.33,-180.42,0
31039,90.91,-184.03,0
31051,83.33,-185.80,0
31063,83.33,-183.77,0
31074,90.91,-180.00,0
31085,90.91,-178.37,0
31096,90.91,-181.29,0
31108,83.33,-185.35,0
31120,83.33,-186.21,0
31131,90.91,-183.33,0
31142,90.91,-179.69,0
31154,83.33,-178.36,0
31165,90.91,-180.31,0
31176,90.91,-184.09,0
31188,83.33,-184.89,0
31200,83.33,-183.14,0
31211,90.91,-180.16,0
31222,90.91,-178.28,0
31234,83.33,-180.73,0
31245,90.91,-184.76,0
31257,83.33,-185.45,0
31268,90.91,-184.26,0
31280,83.33,-180.43,0
31291,90.91,-178.65,0
31302,90.91,-180.79,0
31313,90.91,-184.50,0
31326,76.92,-185.75,0
31337,90.91,-184.27,0
31348,90.91,-180.59,0
31360,83.33,-178.35,0
31371,90.91,-179.80,0
31383,90.91,-184.19,0
31394,83.33,-185.75,0
31406,83.33,-183.82,0
31417,90.91,-180.43,0
31428,90.91,-178.41,0
31439,90.91,-180.63,0
31452,83.33,-184.18,0
31463,83.33,-185.93,0
31474,90.91,-183.76,0
31485,90.91,-179.61,0
31497,83.33,-178.21,0
31508,90.91,-180.37,0
31520,83.33,-183.89,0
31532,83.33,-185.71,0
31543,90.91,-184.02,0
31554,90.91,-180.01,0
31565,90.91,-177.95,0
31577,83.33,-180.25,0
31589,83.33,-183.62,0
31600,90.91,-184.86,0
31611,90.91,-183.59,0
31623,83.33,-180.71,0
31634,90.91,-178.42,0
31645,90.91,-180.05,0
31657,83.33,-183.75,0
31669,83.33,-185.89,0
31680,90.91,-184.76,0
31691,90.91,-181.06,0
31703,83.33,-178.65,0
31714,90.91,-179.99,0
31726,83.33,-183.59,0
31737,90.91,-185.77,0
31749,83.33,-183.94,0
31760,90.91,-179.52,0
31771,90.91,-177.30,0
31782,90.91,-179.79,0
31795,76.92,-183.85,0
31806,90.91,-186.24,0
31817,90.91,-185.08,0
31828,90.91,-180.71,0
31840,83.33,-178.71,0
31851,90.91,-180.15,0
31863,83.33,-183.42,0
31875,83.33,-185.48,0
31886,90.91,-183.86,0
31897,90.91,-180.15,0
31908,90.91,-177.58,0
31920,83.33,-178.87,0
31932,83.33,-182.86,0
31943,90.91,-184.97,0
31954,90.91,-183.46,0
31966,83.33,-180.35,0
31977,90.91,-177.92,0
31989,90.91,-179.21,0
32001,76.92,-183.33,0
32012,90.91,-185.06,0
32023,90.91,-182.67,0
32034,90.91,-179.46,0
32046,83.33,-177.86,0
32058,90.91,-179.28,0
32069,83.33,-182.90,0
32080,90.91,-185.45,0
32092,83.33,-184.38,0
32103,90.91,-180.39,0
32114,90.91,-178.68,0
32126,83.33,-179.63,0
32138,83.33,-182.98,0
32149,90.91,-185.32,0
32160,90.91,-184.08,0
32172,83.33,-180.44,0
32183,90.91,-178.09,0
32195,83.33,-179.56,0
32206,90.91,-183.31,0
32218,83.33,-185.68,0
32229,90.91,-184.84,0
32240,90.91,-181.56,0
32251,90.91,-178.49,0
32264,76.92,-179.61,0
32275,90.91,-182.93,0
32286,90.91,-185.21,0
32297,90.91,-184.59,0
32309,83.33,-180.13,0
32320,90.91,-177.66,0
32332,83.33,-179.05,0
32344,83.33,-183.00,0
32355,90.91,-185.56,0
32366,90.91,-185.05,0
32377,90.91,-182.06,0
32389,83.33,-178.31,0
32401,83.33,-179.92,0
32412,90.91,-183.55,0
32423,90.91,-185.66,0
32435,83.33,-184.64,0
32446,90.91,-181.72,0
32457,90.91,-179.03,0
32470,76.92,-179.30,0
32481,90.91,-183.22,0
32492,90.91,-186.20,0
32503,90.91,-185.32,0
32515,83.33,-182.26,0
32526,90.91,-179.23,0
32538,83.33,-179.85,0
32549,90.91,-183.38,0
32561,83.33,-185.18,0
32572,90.91,-184.55,0
32583,90.91,-180.92,0
32594,90.91,-177.62,0
32607,76.92,-179.17,0
32618,90.91,-182.63,0
32629,90.91,-186.11,0
32641,83.33,-186.21,0
32652,90.91,-182.98,0
32663,90.91,-179.15,0
32675,83.33,-179.59,0
32687,83.33,-183.23,0
32698,90.91,-185.24,0
32709,90.91,-184.55,0
32720,90.91,-180.90,0
32733,83.33,-178.28,0
32744,83.33,-179.05,0
32755,90.91,-181.61,0
32766,90.91,-184.38,0
32778,83.33,-184.16,0
32789,90.91,-180.47,0
32801,90.91,-178.10,0
32813,76.92,-179.58,0
32824,90.91,-183.18,0
32835,90.91,-184.95,0
32846,90.91,-184.38,0
32858,83.33,-181.39,0
32870,83.33,-177.57,0
32881,90.91,-177.90,0
32892,90.91,-181.22,0
32904,83.33,-183.74,0
32915,90.91,-183.30,0
32926,90.91,-180.73,0
32939,76.92,-178.82,0
32950,90.91,-179.48,0
32961,90.91,-182.69,0
32972,90.91,-185.78,0
32984,83.33,-185.15,0
32995,90.91,-181.73,0
33007,83.33,-178.05,0
33018,90.91,-178.62,0
33030,83.33,-182.07,0
33041,90.91,-184.53,0
33052,90.91,-183.99,0
33063,90.91,-180.63,0
33076,76.92,-178.08,0
33087,90.91,-178.74,0
33098,90.91,-182.09,0
33110,83.33,-185.27,0
33121,90.91,-185.08,0
33132,90.91,-182.23,0
33144,83.33,-179.29,0
33156,83.33,-178.75,0
33167,90.91,-181.40,0
33178,90.91,-184.36,0
33189,90.91,-184.30,0
33201,83.33,-181.23,0
33213,83.33,-178.07,0
33224,90.91,-178.47,0
33235,90.91,-181.63,0
33247,83.33,-185.01,0
33258,90.91,-185.35,0
33269,90.91,-183.04,0
33282,76.92,-179.46,0
33293,90.91,-178.85,0
33304,90.91,-182.02,0
33315,90.91,-185.43,0
33327,83.33,-185.56,0
33338,90.91,-182.50,0
33350,83.33,-178.54,0
33361,90.91,-178.43,0
33373,83.33,-181.95,0
33384,90.91,-185.30,0
33395,90.91,-186.78,0
33406,90.91,-183.77,0
33419,76.92,-180.18,0
33430,90.91,-179.75,0
33441,90.91,-181.98,0
33453,83.33,-185.49,0
33464,90.91,-185.43,0
33476,90.91,-182.39,0
33487,83.33,-178.50,0
33499,83.33,-178.16,0
33510,90.91,-181.76,0
33521,90.91,-185.14,0
33532,90.91,-185.70,0
33545,83.33,-182.82,0
33556,83.33,-179.91,0
33567,90.91,-179.93,0
33579,83.33,-182.42,0
33590,90.91,-185.81,0
33601,90.91,-186.23,0
33613,83.33,-183.21,0
33625,83.33,-178.97,0
33636,90.91,-178.44,0
33647,90.91,-181.46,0
33658,90.91,-184.79,0
33670,83.33,-185.70,0
33682,83.33,-182.74,0
33693,90.91,-179.68,0
33704,90.91,-179.80,0
33716,83.33,-182.23,0
33727,90.91,-185.87,0
33738,90.91,-185.71,0
33751,76.92,-182.84,0
33762,90.91,-179.40,0
33773,90.91,-178.22,0
33784,90.91,-180.61,0
33796,83.33,-184.21,0
33807,90.91,-184.85,0
33819,83.33,-182.49,0
33830,90.91,-178.72,0
33842,83.33,-178.84,0
33853,90.91,-181.80,0
33864,90.91,-184.58,0
33875,90.91,-185.18,0
33888,76.92,-182.53,0
33899,90.91,-178.77,0
33910,90.91,-178.15,0
33922,83.33,-180.84,0
33933,90.91,-183.96,0
33944,90.91,-184.39,0
33956,83.33,-182.42,0
33968,83.33,-178.63,0
33979,90.91,-178.38,0
33990,90.91,-181.24,0
34001,90.91,-184.30,0
34013,83.33,-185.40,0
34025,83.33,-182.51,0
34036,90.91,-178.49,0
34048,83.33,-177.63,0
34059,90.91,-180.06,0
34070,90.91,-183.55,0
34082,90.91,-184.75,0
34094,76.92,-182.22,0
34105,90.91,-179.23,0
34116,90.91,-178.37,0
34127,90.91,-181.16,0
34139,83.33,-185.02,0
34151,90.91,-186.01,0
34162,83.33,-183.43,0
34173,90.91,-179.71,0
34185,83.33,-178.42,0
34196,90.91,-180.05,0
34207,90.91,-183.27,0
34220,83.33,-184.28,0
34231,83.33,-182.55,0
34242,90.91,-179.29,0
34253,90.91,-178.49,0
34265,83.33,-181.00,0
34276,90.91,-185.09,0
34288,83.33,-186.77,0
34299,90.91,-183.51,0
34311,83.33,-180.29,0
34322,90.91,-178.05,0
34333,90.91,-179.65,0
34344,90.91,-184.31,0
34357,76.92,-185.79,0
34368,90.91,-183.29,0
34379,90.91,-179.00,0
34391,83.33,-178.05,0
34402,90.91,-181.14,0
34413,90.91,-184.86,0
34425,83.33,-186.21,0
34437,83.33,-184.13,0
34448,90.91,-180.65,0
34459,90.91,-178.90,0
34470,90.91,-180.48,0
34482,83.33,-184.03,0
34494,83.33,-185.32,0
34505,90.91,-182.32,0
34516,90.91,-178.70,0
34528,83.33,-177.85,0
34539,90.91,-180.11,0
34550,90.91,-184.89,0
34563,76.92,-187.24,0
34574,90.91,-184.93,0
34585,90.91,-180.76,0
34596,90.91,-179.90,0
34608,83.33,-181.79,0
34619,90.91,-184.84,0
34631,83.33,-185.92,0
34642,90.91,-183.17,0
34654,83.33,-179.22,0
34665,90.91,-177.69,0
34676,90.91,-180.44,0
34688,83.33,-183.72,0
34700,83.33,-185.30,0
34711,90.91,-184.03,0
34722,90.91,-180.15,0
34734,83.33,-179.04,0
34745,90.91,-181.18,0
34756,90.91,-184.66,0
34768,83.33,-185.69,0
34780,83.33,-183.24,0
34791,90.91,-178.79,0
34802,90.91,-177.00,0
34813,90.91,-179.22,0
34825,83.33,-183.21,0
34837,83.33,-184.88,0
34848,90.91,-183.50,0
34860,83.33,-180.23,0
34871,90.91,-178.27,0
34882,90.91,-180.27,0
34894,90.91,-184.25,0
34906,76.92,-185.73,0
34917,90.91,-183.91,0
34928,90.91,-179.50,0
34939,90.91,-176.68,0
34951,83.33,-177.99,0
34963,90.91,-182.47,0
34974,83.33,-184.39,0
34985,90.91,-182.79,0
34997,83.33,-180.14,0
35008,90.91,-179.09,0
35019,90.91,-180.86,0
35032,76.92,-183.76,0
35043,90.91,-185.78,0
35054,90.91,-183.32,0
35065,90.91,-179.64,0
35077,83.33,-177.76,0
35088,90.91,-178.59,0
35100,83.33,-182.13,0
35111,90.91,-184.68,0
35123,83.33,-183.38,0
35134,90.91,-180.40,0
35145,90.91,-178.75,0
35156,90.91,-180.36,0
35169,76.92,-184.32,0
35180,90.91,-186.39,0
35191,90.91,-184.55,0
35203,83.33,-181.19,0
35214,90.91,-178.25,0
35225,90.91,-178.76,0
35237,83.33,-182.08,0
35249,83.33,-184.25,0
35260,90.91,-182.74,0
35271,90.91,-179.48,0
35282,90.91,-178.28,0
35294,83.33,-181.10,0
35306,83.33,-185.59,0
35317,90.91,-187.43,0
35329,83.33,-185.64,0
35340,90.91,-181.31,0
35351,90.91,-178.58,0
35362,90.91,-179.39,0
35375,76.92,-182.05,0
35386,90.91,-184.43,0
35397,90.91,-183.83,0
35408,90.91,-180.45,0
35420,83.33,-178.15,0
35431,90.91,-179.78,0
35443,83.33,-183.61,0
35454,90.91,-186.44,0
35466,83.33,-185.07,0
35477,90.91,-181.74,0
35488,90.91,-179.30,0
35500,83.33,-179.98,0
35512,83.33,-182.72,0
35523,90.91,-184.51,0
35534,90.91,-183.24,0
35546,83.33,-179.66,0
35557,90.91,-178.09,0
35568,90.91,-179.15,0
35580,83.33,-183.20,0
35592,83.33,-186.45,0
35603,90.91,-185.78,0
35614,90.91,-182.42,0
35625,90.91,-179.30,0
35638,83.33,-179.96,0
35649,83.33,-183.11,0
35660,90.91,-184.79,0
35672,83.33,-183.56,0
35683,90.91,-179.83,0
35694,90.91,-177.54,0
35706,90.91,-179.10,0
35718,76.92,-183.34,0
35729,90.91,-186.62,0
35740,90.91,-185.84,0
35751,90.91,-182.54,0
35763,83.33,-179.93,0
35775,83.33,-180.59,0
35786,90.91,-182.80,0
35798,83.33,-185.44,0
35809,90.91,-184.25,0
35820,90.91,-180.16,0
35831,90.91,-177.35,0
35844,76.92,-178.75,0
35855,90.91,-182.64,0
35866,90.91,-186.12,0
35877,90.91,-185.43,0
35889,83.33,-182.00,0
35900,90.91,-179.72,0
35912,83.33,-180.49,0
35923,90.91,-183.69,0
35935,83.33,-186.22,0
35946,90.91,-185.26,0
35957,90.91,-180.77,0
35969,83.33,-177.17,0
35981,83.33,-177.81,0
35992,90.91,-181.22,0
36003,90.91,-184.94,0
36015,83.33,-184.51,0
36026,90.91,-181.56,0
36037,90.91,-179.23,0
36049,83.33,-180.44,0
36061,83.33,-183.63,0
36072,90.91,-186.39,0
36083,90.91,-185.27,0
36094,90.91,-181.75,0
36106,83.33,-178.32,0
36118,83.33,-178.86,0
36129,90.91,-181.39,0
36141,83.33,-184.58,0
36152,90.91,-184.16,0
36163,90.91,-181.44,0
36174,90.91,-179.20,0
36187,76.92,-179.84,0
36198,90.91,-183.44,0
36209,90.91,-186.66,0
36220,90.91,-185.74,0
36232,83.33,-181.76,0
36243,90.91,-178.55,0
36255,83.33,-179.02,0
36267,83.33,-181.91,0
36278,90.91,-184.69,0
36289,90.91,-184.38,0
36300,90.91,-181.77,0
36312,83.33,-178.83,0
36324,83.33,-179.74,0
36335,90.91,-182.91,0
36346,90.91,-185.80,0
36358,83.33,-185.41,0
36369,90.91,-181.83,0
36381,90.91,-178.16,0
36392,83.33,-178.90,0
36404,83.33,-182.10,0
36415,90.91,-184.26,0
36426,90.91,-184.17,0
36438,83.33,-180.73,0
36450,90.91,-177.95,0
36461,83.33,-179.15,0
36472,90.91,-183.15,0
36484,83.33,-186.21,0
36495,90.91,-186.49,0
36506,90.91,-183.71,0
36518,83.33,-179.46,0
36530,83.33,-178.85,0
36541,90.91,-181.67,0
36552,90.91,-184.29,0
36563,90.91,-184.41,0
36575,83.33,-181.03,0
36587,83.33,-177.84,0
36598,90.91,-178.54,0
36610,83.33,-182.02,0
36621,90.91,-186.37,0
36632,90.91,-186.44,0
36643,90.91,-183.85,0
36656,76.92,-180.62,0
36667,90.91,-179.68,0
36678,90.91,-182.06,0
36689,90.91,-184.99,0
36701,83.33,-184.75,0
36712,90.91,-181.57,0
36724,83.33,-177.59,0
36736,83.33,-178.60,0
36747,90.91,-182.33,0
36758,90.91,-185.94,0
36769,90.91,-186.57,0
36781,83.33,-184.52,0
36793,83.33,-181.47,0
36804,90.91,-180.47,0
36815,90.91,-182.79,0
36827,83.33,-186.35,0
36838,90.91,-186.19,0
36849,90.91,-182.66,0
36861,83.33,-179.36,0
36873,83.33,-178.72,0
36884,90.91,-180.90,0
36895,90.91,-184.50,0
36907,83.33,-185.59,0
36918,90.91,-182.84,0
36930,83.33,-180.35,0
36941,90.91,-180.57,0
36953,83.33,-183.29,0
36964,90.91,-185.89,0
36975,90.91,-186.19,0
36986,90.91,-183.10,0
36999,76.92,-178.98,0
37010,90.91,-178.16,0
37021,90.91,-180.24,0
37032,90.91,-183.82,0
37044,83.33,-185.24,0
37056,90.91,-182.94,0
37067,83.33,-180.02,0
37079,83.33,-179.83,0
37090,90.91,-182.06,0
37101,90.91,-186.47,0
37112,90.91,-186.88,0
37125,83.33,-183.37,0
37136,83.33,-179.31,0
37147,90.91,-178.30,0
37158,90.91,-180.66,0
37170,83.33,-184.14,0
37181,90.91,-184.99,0
37193,83.33,-182.51,0
37204,90.91,-179.46,0
37216,83.33,-179.46,0
