66,15.15,-184.03,0
77,90.91,-182.36,0
89,83.33,-183.41,0
100,90.91,-185.82,0
111,90.91,-187.84,0
123,83.33,-187.40,0
135,83.33,-185.07,0
146,90.91,-183.50,0
157,90.91,-183.93,0
168,90.91,-185.37,0
180,83.33,-184.78,0
192,83.33,-182.41,0
203,90.91,-181.72,0
215,83.33,-183.45,0
226,90.91,-186.45,0
237,90.91,-188.34,0
248,90.91,-186.86,0
261,76.92,-185.14,0
272,90.91,-184.38,0
283,90.91,-186.10,0
294,90.91,-187.22,0
306,83.33,-185.03,0
317,90.91,-181.94,0
329,83.33,-181.44,0
340,90.91,-182.86,0
352,83.33,-184.78,0
363,90.91,-184.65,0
374,90.91,-183.05,0
386,83.33,-183.44,0
398,83.33,-185.85,0
409,90.91,-188.53,0
420,90.91,-189.18,0
432,83.33,-185.74,0
443,90.91,-183.05,0
455,90.91,-183.06,0
466,83.33,-184.78,0
478,83.33,-185.98,0
489,90.91,-184.12,0
500,90.91,-181.63,0
512,83.33,-182.02,0
524,83.33,-185.14,0
535,90.91,-188.89,0
546,90.91,-188.05,0
558,83.33,-185.79,0
569,90.91,-184.75,0
580,90.91,-185.62,0
592,83.33,-187.11,0
604,83.33,-185.79,0
615,90.91,-182.12,0
626,90.91,-180.77,0
637,90.91,-182.22,0
649,83.33,-184.65,0
661,83.33,-186.29,0
672,90.91,-185.85,0
684,83.33,-184.83,0
695,90.91,-185.56,0
706,90.91,-187.59,0
717,90.91,-188.23,0
730,76.92,-185.53,0
741,90.91,-183.20,0
752,90.91,-182.06,0
763,90.91,-183.47,0
775,83.33,-185.70,0
786,90.91,-185.03,0
798,83.33,-182.82,0
809,90.91,-182.16,0
821,83.33,-184.35,0
832,90.91,-187.88,0
843,90.91,-188.01,0
855,83.33,-185.44,0
867,83.33,-183.61,0
878,90.91,-184.06,0
889,90.91,-186.50,0
901,83.33,-185.91,0
912,90.91,-183.99,0
923,90.91,-181.93,0
935,83.33,-182.56,0
947,83.33,-185.16,0
958,90.91,-186.94,0
969,90.91,-185.81,0
980,90.91,-183.68,0
993,83.33,-183.96,0
1004,83.33,-185.62,0
1015,90.91,-187.91,0
1027,83.33,-187.09,0
1038,90.91,-183.34,0
1049,90.91,-181.97,0
1061,90.91,-182.72,0
1073,83.33,-185.38,0
1084,90.91,-186.54,0
1095,90.91,-184.55,0
1106,90.91,-183.04,0
1118,83.33,-184.61,0
1130,83.33,-186.66,0
1141,90.91,-188.15,0
1153,83.33,-185.92,0
1164,90.91,-183.33,0
1175,90.91,-182.66,0
1186,90.91,-184.50,0
1199,76.92,-186.76,0
1210,90.91,-186.26,0
1221,90.91,-183.43,0
1232,90.91,-182.97,0
1244,83.33,-185.02,0
1255,90.91,-187.27,0
1267,83.33,-187.16,0
1278,90.91,-184.61,0
1290,83.33,-183.04,0
1301,90.91,-183.58,0
1312,90.91,-185.60,0
1324,83.33,-186.27,0
1336,83.33,-184.13,0
1347,90.91,-182.47,0
1358,90.91,-183.38,0
1370,83.33,-185.60,0
1381,90.91,-187.64,0
1392,90.91,-185.97,0
1404,83.33,-183.64,0
1416,83.33,-183.70,0
1427,90.91,-185.15,0
1438,90.91,-186.46,0
1449,90.91,-185.94,0
1461,83.33,-183.84,0
1473,83.33,-183.15,0
1484,90.91,-184.20,0
1496,83.33,-186.42,0
1507,90.91,-187.21,0
1518,90.91,-185.37,0
1529,90.91,-183.53,0
1542,76.92,-183.71,0
1553,90.91,-186.04,0
1564,90.91,-186.86,0
1575,90.91,-184.86,0
1587,83.33,-182.76,0
1599,90.91,-182.39,0
1610,83.33,-184.54,0
1622,83.33,-186.52,0
1633,90.91,-185.72,0
1644,90.91,-183.74,0
1655,90.91,-183.62,0
1668,83.33,-185.04,0
1679,83.33,-186.82,0
1690,90.91,-186.80,0
1701,90.91,-183.90,0
1713,83.33,-182.67,0
1724,90.91,-182.99,0
1736,83.33,-185.01,0
1747,90.91,-186.19,0
1759,83.33,-184.28,0
1770,90.91,-182.59,0
1781,90.91,-183.30,0
1793,83.33,-185.96,0
1805,83.33,-187.32,0
1816,90.91,-186.07,0
1827,90.91,-183.06,0
1839,83.33,-182.82,0
1850,90.91,-185.03,0
1861,90.91,-186.76,0
1873,83.33,-185.29,0
1885,83.33,-182.87,0
1896,90.91,-182.43,0
1907,90.91,-184.63,0
1918,90.91,-187.16,0
1930,83.33,-187.19,0
1942,83.33,-185.11,0
1953,90.91,-182.91,0
1965,83.33,-183.14,0
1976,90.91,-185.28,0
1987,90.91,-186.56,0
1998,90.91,-184.26,0
2011,76.92,-182.53,0
2022,90.91,-182.78,0
2033,90.91,-185.02,0
2044,90.91,-186.76,0
2056,83.33,-186.43,0
2067,90.91,-184.81,0
2079,83.33,-183.91,0
2091,83.33,-185.28,0
2102,90.91,-187.29,0
2113,90.91,-186.02,0
2124,90.91,-183.33,0
2137,83.33,-181.99,0
2148,83.33,-183.22,0
2159,90.91,-185.79,0
2170,90.91,-186.79,0
2182,83.33,-184.82,0
2193,90.91,-183.75,0
2205,90.91,-184.29,0
2216,83.33,-186.67,0
2228,83.33,-187.86,0
2239,90.91,-185.40,0
2250,90.91,-183.19,0
2262,83.33,-182.24,0
2274,83.33,-183.76,0
2285,90.91,-185.55,0
2296,90.91,-184.68,0
2308,83.33,-182.42,0
2319,90.91,-182.14,0
2330,90.91,-184.33,0
2342,83.33,-187.31,0
2354,83.33,-187.77,0
2365,90.91,-184.93,0
2376,90.91,-183.43,0
2387,90.91,-184.18,0
2399,83.33,-186.20,0
2411,83.33,-186.73,0
2422,90.91,-183.74,0
2434,83.33,-181.00,0
2445,90.91,-181.21,0
2456,90.91,-184.57,0
2467,90.91,-187.59,0
2480,76.92,-186.64,0
2491,90.91,-184.81,0
2502,90.91,-184.00,0
2513,90.91,-185.51,0
2525,83.33,-187.61,0
2536,90.91,-186.48,0
2548,83.33,-182.94,0
2560,83.33,-181.75,0
2571,90.91,-182.90,0
2582,90.91,-184.04,0
2593,90.91,-185.00,0
2605,83.33,-183.81,0
2617,83.33,-183.59,0
2628,90.91,-185.11,0
2639,90.91,-187.28,0
2651,83.33,-188.13,0
2662,90.91,-186.18,0
2674,90.91,-183.62,0
2685,83.33,-183.13,0
2697,83.33,-184.91,0
2708,90.91,-186.84,0
2719,90.91,-185.53,0
2731,83.33,-183.42,0
2743,83.33,-182.76,0
2754,90.91,-184.57,0
2765,90.91,-186.50,0
2777,83.33,-186.88,0
2788,90.91,-184.75,0
2799,90.91,-183.40,0
2811,83.33,-184.41,0
2823,83.33,-186.49,0
2834,90.91,-186.81,0
2845,90.91,-184.20,0
2856,90.91,-181.92,0
2868,83.33,-182.84,0
2880,83.33,-185.44,0
2891,90.91,-187.03,0
2903,83.33,-186.24,0
2914,90.91,-184.43,0
2925,90.91,-184.19,0
2936,90.91,-186.08,0
2949,76.92,-188.47,0
2960,90.91,-187.44,0
2971,90.91,-184.33,0
2982,90.91,-182.33,0
2994,83.33,-182.67,0
3005,90.91,-185.30,0
3017,83.33,-185.71,0
3028,90.91,-182.96,0
3040,83.33,-181.69,0
3051,90.91,-182.94,0
3062,90.91,-186.07,0
3074,83.33,-187.77,0
3086,83.33,-185.85,0
3097,90.91,-183.46,0
3108,90.91,-183.30,0
3120,83.33,-184.88,0
3131,90.91,-185.77,0
3142,90.91,-184.47,0
3154,83.33,-181.94,0
3166,83.33,-181.85,0
3177,90.91,-183.63,0
3188,90.91,-186.55,0
3200,83.33,-187.47,0
3212,90.91,-185.92,0
3223,83.33,-184.98,0
3234,90.91,-185.10,0
3246,83.33,-186.76,0
3257,90.91,-186.80,0
3268,90.91,-184.84,0
3280,83.33,-182.06,0
3292,83.33,-181.93,0
3303,90.91,-184.50,0
3314,90.91,-186.04,0
3325,90.91,-185.13,0
3337,83.33,-183.65,0
3349,83.33,-183.67,0
3360,90.91,-185.58,0
3372,83.33,-187.84,0
3383,90.91,-187.50,0
3394,90.91,-184.55,0
3405,90.91,-182.63,0
3418,76.92,-183.22,0
3429,90.91,-185.27,0
3440,90.91,-185.08,0
3451,90.91,-182.89,0
3463,83.33,-181.24,0
3474,90.91,-182.61,0
3486,83.33,-185.72,0
3497,90.91,-187.66,0
3509,83.33,-186.38,0
3520,90.91,-184.34,0
3531,90.91,-184.39,0
3543,83.33,-185.92,0
3555,83.33,-187.50,0
3566,90.91,-185.73,0
3577,90.91,-182.54,0
3589,83.33,-181.97,0
3600,90.91,-183.53,0
3611,90.91,-185.83,0
3623,83.33,-185.73,0
3635,83.33,-183.55,0
3646,90.91,-182.57,0
3657,90.91,-185.05,0
3668,90.91,-187.90,0
3680,83.33,-188.43,0
3692,83.33,-185.05,0
3703,90.91,-182.17,0
3715,83.33,-182.49,0
3726,90.91,-183.97,0
3737,90.91,-185.38,0
3749,90.91,-184.88,0
3761,76.92,-183.04,0
3772,90.91,-183.15,0
3783,90.91,-185.40,0
3794,90.91,-187.70,0
3806,83.33,-187.27,0
3818,90.91,-184.25,0
3829,83.33,-183.91,0
3841,83.33,-184.69,0
3852,90.91,-185.91,0
3863,90.91,-185.74,0
3874,90.91,-183.26,0
3887,76.92,-181.22,0
3898,90.91,-182.90,0
3909,90.91,-185.61,0
3920,90.91,-186.92,0
3932,83.33,-185.10,0
3943,90.91,-183.81,0
3955,83.33,-185.34,0
3966,90.91,-186.45,0
3978,83.33,-187.08,0
3989,90.91,-186.20,0
4000,90.91,-183.28,0
4012,83.33,-181.91,0
4024,83.33,-183.88,0
4035,90.91,-186.09,0
4046,90.91,-185.63,0
4058,83.33,-184.27,0
4069,90.91,-184.01,0
4080,90.91,-185.77,0
4092,83.33,-188.16,0
4104,83.33,-188.38,0
4115,90.91,-185.24,0
4126,90.91,-183.16,0
4137,90.91,-182.76,0
4149,83.33,-184.41,0
4161,83.33,-185.44,0
4172,90.91,-184.48,0
4184,83.33,-182.94,0
4195,90.91,-182.77,0
4206,90.91,-184.65,0
4217,90.91,-187.50,0
4230,76.92,-187.09,0
4241,90.91,-184.28,0
4252,90.91,-183.05,0
4263,90.91,-184.22,0
4275,83.33,-185.97,0
4286,90.91,-186.06,0
4298,83.33,-183.32,0
4310,83.33,-182.46,0
4321,90.91,-183.38,0
4332,90.91,-185.02,0
4343,90.91,-186.82,0
4356,83.33,-186.04,0
4367,83.33,-184.37,0
4378,90.91,-184.62,0
4389,90.91,-185.95,0
4401,83.33,-187.18,0
4412,90.91,-185.97,0
4424,90.91,-183.10,0
4435,90.91,-181.90,0
4447,83.33,-182.67,0
4458,90.91,-185.29,0
4469,90.91,-185.33,0
4481,83.33,-183.80,0
4493,83.33,-183.24,0
4504,90.91,-185.24,0
4515,90.91,-187.95,0
4527,83.33,-188.72,0
4538,90.91,-185.59,0
4549,90.91,-183.42,0
4561,83.33,-183.62,0
4573,83.33,-185.15,0
4584,90.91,-186.11,0
4595,90.91,-184.27,0
4606,90.91,-182.17,0
4618,83.33,-182.69,0
4630,83.33,-184.95,0
4641,90.91,-187.40,0
4653,83.33,-187.16,0
4664,90.91,-184.99,0
4675,90.91,-184.29,0
4686,90.91,-184.96,0
4699,76.92,-187.19,0
4710,90.91,-186.92,0
4721,90.91,-183.74,0
4732,90.91,-181.67,0
4744,83.33,-182.53,0
4755,90.91,-184.97,0
4767,83.33,-185.57,0
4779,83.33,-184.26,0
4790,90.91,-183.53,0
4801,90.91,-184.77,0
4812,90.91,-187.25,0
4824,83.33,-189.36,0
4836,83.33,-186.81,0
4847,90.91,-183.59,0
4858,90.91,-182.50,0
4870,83.33,-183.47,0
4881,90.91,-185.79,0
4893,90.91,-185.09,0
4904,83.33,-182.61,0
4916,83.33,-182.07,0
4927,90.91,-184.88,0
4938,90.91,-188.20,0
4950,83.33,-189.33,0
4962,83.33,-186.95,0
4973,90.91,-185.10,0
4984,90.91,-184.97,0
4996,83.33,-186.08,0
5007,90.91,-186.71,0
5018,90.91,-184.23,0
5030,83.33,-181.54,0
5042,83.33,-181.51,0
5053,90.91,-183.58,0
5064,90.91,-186.38,0
5075,90.91,-187.07,0
5087,83.33,-185.07,0
5099,83.33,-184.24,0
5110,90.91,-185.67,0
5122,83.33,-187.62,0
5133,90.91,-187.55,0
5144,90.91,-184.10,0
5155,90.91,-181.47,0
5168,76.92,-181.95,0
5179,90.91,-184.53,0
5190,90.91,-185.40,0
5201,90.91,-183.24,0
5213,83.33,-182.38,0
5224,90.91,-184.25,0
5236,83.33,-187.17,0
5248,83.33,-189.10,0
5259,90.91,-187.60,0
5270,90.91,-184.63,0
5281,90.91,-183.31,0
5293,83.33,-184.74,0
5305,83.33,-186.04,0
5316,90.91,-185.33,0
5327,90.91,-182.91,0
5339,83.33,-181.59,0
5350,90.91,-183.36,0
5361,90.91,-186.37,0
5373,83.33,-188.10,0
5385,83.33,-186.82,0
5396,90.91,-184.89,0
5407,90.91,-184.95,0
5419,83.33,-186.77,0
5431,90.91,-186.77,0
5442,83.33,-184.27,0
5453,90.91,-181.95,0
5465,83.33,-180.69,0
5476,90.91,-182.87,0
5487,90.91,-185.50,0
5499,90.91,-185.29,0
5511,76.92,-184.31,0
5522,90.91,-184.57,0
5533,90.91,-185.61,0
5544,90.91,-187.60,0
5556,83.33,-187.52,0
5568,83.33,-184.82,0
5579,90.91,-182.05,0
5591,83.33,-181.87,0
5602,90.91,-183.95,0
5613,90.91,-185.07,0
5624,90.91,-183.40,0
5637,76.92,-181.91,0
5648,90.91,-182.98,0
5659,90.91,-186.59,0
5670,90.91,-189.02,0
5682,83.33,-187.82,0
5693,90.91,-184.71,0
5705,83.33,-184.00,0
5716,90.91,-185.15,0
5728,83.33,-186.15,0
5739,90.91,-184.67,0
5750,90.91,-181.16,0
5762,83.33,-180.18,0
5774,83.33,-181.57,0
5785,90.91,-185.15,0
5796,90.91,-187.17,0
5808,83.33,-186.60,0
5819,90.91,-185.43,0
5830,90.91,-185.69,0
5842,83.33,-187.12,0
5854,83.33,-187.75,0
5865,90.91,-185.57,0
5876,90.91,-182.20,0
5888,83.33,-181.46,0
5899,90.91,-183.22,0
5911,83.33,-185.94,0
5922,90.91,-185.63,0
5934,83.33,-184.17,0
5945,90.91,-184.85,0
5956,90.91,-186.55,0
5967,90.91,-189.06,0
5980,76.92,-189.44,0
5991,90.91,-186.47,0
6002,90.91,-184.23,0
6013,90.91,-183.54,0
6025,83.33,-184.33,0
6037,90.91,-184.74,0
6048,83.33,-183.53,0
6060,83.33,-181.84,0
6071,90.91,-182.64,0
6082,90.91,-185.29,0
6093,90.91,-187.53,0
6106,83.33,-187.09,0
6117,83.33,-184.80,0
6128,90.91,-184.05,0
6139,90.91,-185.15,0
6151,83.33,-186.94,0
6162,90.91,-185.77,0
6174,83.33,-182.17,0
6185,90.91,-181.04,0
6197,83.33,-182.34,0
6208,90.91,-185.00,0
6219,90.91,-186.43,0
6231,83.33,-185.20,0
6243,83.33,-184.60,0
6254,90.91,-185.04,0
6265,90.91,-187.27,0
6277,83.33,-187.93,0
6288,90.91,-185.65,0
6299,90.91,-182.75,0
6311,83.33,-181.87,0
6323,83.33,-183.79,0
6334,90.91,-185.25,0
6345,90.91,-184.81,0
6356,90.91,-183.19,0
6368,83.33,-182.52,0
6380,83.33,-184.57,0
6391,90.91,-188.28,0
6403,83.33,-188.67,0
6414,90.91,-185.62,0
6425,90.91,-183.92,0
6436,90.91,-184.29,0
6449,76.92,-185.26,0
6460,90.91,-185.48,0
6471,90.91,-183.41,0
6482,90.91,-181.47,0
6494,83.33,-182.13,0
6505,90.91,-185.07,0
6517,83.33,-187.29,0
6529,83.33,-186.52,0
6540,90.91,-184.77,0
6551,90.91,-184.59,0
6562,90.91,-186.36,0
6574,83.33,-187.78,0
6586,83.33,-185.69,0
6597,90.91,-181.99,0
6608,90.91,-181.37,0
6620,83.33,-183.25,0
6631,90.91,-184.96,0
6642,90.91,-186.00,0
6654,83.33,-185.36,0
6666,83.33,-184.37,0
6677,90.91,-185.92,0
6688,90.91,-187.84,0
6700,83.33,-189.18,0
6712,90.91,-186.68,0
6723,83.33,-183.49,0
6734,90.91,-182.95,0
6746,83.33,-184.05,0
6757,90.91,-185.49,0
6768,90.91,-184.44,0
6780,83.33,-183.26,0
6792,83.33,-182.63,0
6803,90.91,-184.94,0
6814,90.91,-187.98,0
6825,90.91,-188.66,0
6837,83.33,-185.79,0
6849,83.33,-184.49,0
6860,90.91,-184.70,0
6872,83.33,-185.58,0
6883,90.91,-185.23,0
6894,90.91,-182.58,0
6905,90.91,-180.86,0
6918,76.92,-181.62,0
6929,90.91,-184.21,0
6940,90.91,-187.05,0
6951,90.91,-186.79,0
6963,83.33,-184.76,0
6974,90.91,-185.47,0
6986,83.33,-187.04,0
6998,83.33,-189.07,0
7009,90.91,-187.74,0
7020,90.91,-183.63,0
7031,90.91,-181.12,0
7043,83.33,-182.30,0
7055,83.33,-184.21,0
7066,90.91,-184.82,0
7077,90.91,-183.89,0
7089,83.33,-183.36,0
7100,90.91,-185.97,0
7111,90.91,-188.64,0
7123,83.33,-189.47,0
7135,83.33,-186.94,0
7146,90.91,-184.16,0
7157,90.91,-183.59,0
7169,83.33,-184.80,0
7180,90.91,-185.94,0
7192,83.33,-183.81,0
7203,90.91,-180.94,0
7215,83.33,-180.29,0
7226,90.91,-183.81,0
7237,90.91,-187.79,0
7249,90.91,-188.71,0
7261,76.92,-186.63,0
7272,90.91,-184.31,0
7283,90.91,-184.80,0
7294,90.91,-186.64,0
7306,83.33,-186.52,0
7318,90.91,-183.52,0
7329,83.33,-181.71,0
7341,83.33,-182.43,0
7352,90.91,-184.31,0
7363,90.91,-186.42,0
7374,90.91,-185.48,0
7387,76.92,-184.61,0
7398,90.91,-185.21,0
7409,90.91,-187.10,0
7420,90.91,-188.94,0
7432,83.33,-187.29,0
7443,90.91,-183.46,0
7455,83.33,-181.81,0
7467,83.33,-182.49,0
7478,90.91,-184.05,0
7489,90.91,-184.80,0
7500,90.91,-183.05,0
7512,83.33,-182.98,0
7524,83.33,-185.02,0
7535,90.91,-187.43,0
7546,90.91,-188.80,0
7558,83.33,-186.72,0
7569,90.91,-184.99,0
7580,90.91,-184.50,0
7592,83.33,-185.75,0
7604,83.33,-185.79,0
7615,90.91,-183.34,0
7626,90.91,-180.96,0
7638,83.33,-181.32,0
7649,90.91,-183.59,0
7661,83.33,-187.19,0
7672,90.91,-187.17,0
7684,83.33,-185.62,0
7695,90.91,-184.68,0
7706,90.91,-185.05,0
7717,90.91,-187.61,0
7730,76.92,-188.12,0
7741,90.91,-184.27,0
7752,90.91,-181.57,0
7763,90.91,-181.70,0
7775,83.33,-184.09,0
7786,90.91,-185.14,0
7798,83.33,-184.44,0
7810,83.33,-183.26,0
7821,90.91,-183.88,0
7832,90.91,-186.34,0
7843,90.91,-188.80,0
7856,83.33,-188.27,0
7867,83.33,-184.94,0
7878,90.91,-182.79,0
7889,90.91,-183.05,0
7901,83.33,-184.20,0
7912,90.91,-183.99,0
7924,90.91,-182.04,0
7936,76.92,-181.37,0
7947,90.91,-183.59,0
7958,90.91,-186.39,0
7969,90.91,-188.35,0
7981,83.33,-187.36,0
7993,83.33,-185.57,0
8004,90.91,-185.30,0
8015,90.91,-186.87,0
8027,83.33,-187.31,0
8038,90.91,-185.06,0
8049,90.91,-181.25,0
8061,83.33,-180.47,0
8073,83.33,-182.90,0
8084,90.91,-185.59,0
8095,90.91,-186.28,0
8107,83.33,-184.63,0
8118,90.91,-184.79,0
8130,83.33,-186.35,0
8141,90.91,-188.21,0
8153,83.33,-188.74,0
8164,90.91,-185.98,0
8175,90.91,-182.72,0
8186,90.91,-182.16,0
8199,76.92,-183.29,0
8210,90.91,-184.29,0
8221,90.91,-182.89,0
8232,90.91,-181.52,0
8244,83.33,-182.77,0
8255,90.91,-185.92,0
8267,83.33,-189.33,0
8279,83.33,-188.73,0
8290,90.91,-185.42,0
8301,90.91,-184.03,0
8312,90.91,-184.48,0
8324,83.33,-185.73,0
8336,83.33,-185.21,0
8347,90.91,-182.55,0
8358,90.91,-180.34,0
8370,83.33,-182.14,0
8381,90.91,-185.21,0
8393,90.91,-187.16,0
8404,83.33,-186.13,0
8416,83.33,-185.47,0
8427,90.91,-186.40,0
8438,90.91,-187.47,0
8450,83.33,-188.01,0
8462,83.33,-186.31,0
8473,90.91,-183.17,0
8484,90.91,-181.44,0
8496,83.33,-182.95,0
8507,90.91,-185.80,0
8518,90.91,-185.32,0
8530,83.33,-183.30,0
8542,83.33,-183.03,0
8553,90.91,-184.91,0
8564,90.91,-187.55,0
8576,83.33,-188.20,0
8587,90.91,-185.01,0
8599,83.33,-182.78,0
8610,90.91,-182.68,0
8622,83.33,-184.01,0
8633,90.91,-185.38,0
8644,90.91,-183.73,0
8655,90.91,-181.60,0
8668,76.92,-182.77,0
8679,90.91,-185.47,0
8690,90.91,-188.25,0
8701,90.91,-187.37,0
8713,83.33,-185.43,0
8724,90.91,-183.83,0
8736,83.33,-184.58,0
8748,83.33,-186.06,0
8759,90.91,-185.45,0
8770,90.91,-182.49,0
8781,90.91,-180.59,0
8793,83.33,-181.66,0
8805,83.33,-184.64,0
8816,90.91,-187.08,0
8827,90.91,-185.30,0
8839,83.33,-183.96,0
8850,90.91,-184.44,0
8861,90.91,-186.87,0
8873,83.33,-188.13,0
8885,83.33,-185.74,0
8896,90.91,-182.15,0
8907,90.91,-181.07,0
8919,83.33,-182.11,0
8931,90.91,-184.56,0
8942,83.33,-185.03,0
8953,90.91,-183.64,0
8965,83.33,-182.93,0
8976,90.91,-185.04,0
8987,90.91,-187.19,0
8999,90.91,-187.48,0
9011,76.92,-185.59,0
9022,90.91,-183.17,0
9033,90.91,-183.22,0
9044,90.91,-185.03,0
9056,83.33,-185.49,0
9068,83.33,-183.35,0
9079,90.91,-180.81,0
9091,83.33,-181.20,0
9102,90.91,-184.31,0
9113,90.91,-187.17,0
9124,90.91,-187.13,0
9137,76.92,-184.98,0
9148,90.91,-184.81,0
9159,90.91,-186.25,0
9170,90.91,-187.24,0
9182,83.33,-186.32,0
9193,90.91,-183.53,0
9205,83.33,-181.67,0
9217,83.33,-182.68,0
9228,90.91,-185.11,0
9239,90.91,-186.92,0
9250,90.91,-185.72,0
9262,83.33,-184.01,0
9274,83.33,-184.88,0
9285,90.91,-187.36,0
9296,90.91,-189.11,0
9308,83.33,-187.12,0
9319,90.91,-184.33,0
9330,90.91,-182.56,0
9342,83.33,-182.89,0
9354,83.33,-184.96,0
9365,90.91,-184.19,0
9376,90.91,-182.14,0
9388,83.33,-182.06,0
9399,90.91,-184.32,0
9411,83.33,-187.62,0
9422,90.91,-188.49,0
9434,83.33,-186.40,0
9445,90.91,-184.20,0
9456,90.91,-184.28,0
9468,90.91,-185.84,0
9480,76.92,-185.50,0
9491,90.91,-182.70,0
9502,90.91,-180.01,0
9513,90.91,-180.97,0
9525,83.33,-183.47,0
9537,90.91,-186.24,0
9548,83.33,-187.12,0
9560,83.33,-185.90,0
9571,90.91,-185.83,0
9582,90.91,-187.31,0
9593,90.91,-188.82,0
9606,76.92,-187.28,0
9617,90.91,-183.40,0
9628,90.91,-181.57,0
9639,90.91,-181.72,0
9651,83.33,-183.63,0
9662,90.91,-185.47,0
9674,83.33,-184.17,0
9686,83.33,-182.75,0
9697,90.91,-183.96,0
9708,90.91,-187.31,0
9719,90.91,-189.19,0
9731,83.33,-187.51,0
9743,83.33,-184.82,0
9754,90.91,-183.78,0
9765,90.91,-183.85,0
9777,83.33,-184.56,0
9788,90.91,-183.57,0
9799,90.91,-181.08,0
9811,83.33,-180.91,0
9823,83.33,-183.18,0
9834,90.91,-186.23,0
9845,90.91,-187.72,0
9857,83.33,-186.38,0
9868,90.91,-184.81,0
9880,83.33,-185.52,0
9891,90.91,-186.88,0
9903,83.33,-186.52,0
9914,90.91,-183.80,0
9925,90.91,-181.13,0
9936,90.91,-181.21,0
9949,76.92,-183.91,0
9960,90.91,-186.41,0
9971,90.91,-186.71,0
9982,90.91,-185.35,0
9994,83.33,-185.25,0
10005,90.91,-186.94,0
10017,83.33,-188.65,0
10029,83.33,-188.59,0
10040,90.91,-184.86,0
10051,90.91,-182.40,0
10062,90.91,-182.57,0
10075,83.33,-184.75,0
10086,83.33,-185.65,0
10097,90.91,-183.69,0
10108,90.91,-182.37,0
10120,83.33,-183.28,0
10131,90.91,-186.97,0
10143,90.91,-187.92,0
10155,76.92,-187.27,0
10166,90.91,-184.40,0
10177,90.91,-182.95,0
10188,90.91,-183.36,0
10200,83.33,-184.98,0
10212,90.91,-184.60,0
10223,90.91,-181.78,0
10234,90.91,-181.80,0
10246,83.33,-183.43,0
10257,90.91,-186.36,0
10268,90.91,-187.99,0
10280,83.33,-186.25,0
10292,83.33,-184.64,0
10303,90.91,-184.93,0
10314,90.91,-186.64,0
10326,83.33,-186.51,0
10337,90.91,-183.64,0
10349,83.33,-180.68,0
10360,90.91,-180.79,0
10372,83.33,-183.17,0
10383,90.91,-185.81,0
10394,90.91,-185.06,0
10405,90.91,-183.78,0
10418,76.92,-184.14,0
10429,90.91,-186.49,0
10440,90.91,-188.63,0
10451,90.91,-187.80,0
10463,83.33,-183.86,0
10474,90.91,-181.19,0
10486,83.33,-181.28,0
10498,83.33,-183.82,0
10509,90.91,-184.73,0
10520,90.91,-182.54,0
10531,90.91,-181.71,0
10543,83.33,-183.47,0
10555,83.33,-186.48,0
10566,90.91,-189.49,0
10577,90.91,-188.16,0
10589,83.33,-186.04,0
10600,90.91,-184.90,0
10611,90.91,-185.47,0
10624,76.92,-186.15,0
10635,90.91,-184.37,0
10646,90.91,-181.46,0
10657,90.91,-180.53,0
10669,83.33,-182.99,0
10680,90.91,-186.13,0
10692,83.33,-187.42,0
10703,90.91,-186.20,0
10715,83.33,-185.69,0
10726,90.91,-186.32,0
10737,90.91,-187.79,0
10749,90.91,-188.09,0
10761,76.92,-185.55,0
10772,90.91,-182.68,0
10783,90.91,-181.56,0
10795,83.33,-182.75,0
10806,90.91,-184.76,0
10818,90.91,-184.31,0
10829,83.33,-183.12,0
10841,83.33,-184.11,0
10852,90.91,-186.19,0
10863,90.91,-188.43,0
10874,90.91,-188.69,0
10887,76.92,-185.93,0
10898,90.91,-184.29,0
10909,90.91,-184.59,0
10920,90.91,-185.84,0
10932,83.33,-185.43,0
10943,90.91,-182.67,0
10955,83.33,-180.85,0
10967,83.33,-182.04,0
10978,90.91,-185.08,0
10989,90.91,-187.51,0
11000,90.91,-186.36,0
11012,83.33,-185.35,0
11024,83.33,-185.32,0
11035,90.91,-186.80,0
11046,90.91,-188.31,0
11058,83.33,-185.92,0
11069,90.91,-182.97,0
11080,90.91,-181.41,0
11092,83.33,-182.90,0
11104,83.33,-185.46,0
11115,90.91,-185.81,0
11126,90.91,-184.44,0
11138,83.33,-183.32,0
11149,90.91,-184.51,0
11161,83.33,-187.25,0
11172,90.91,-188.10,0
11184,83.33,-185.63,0
11195,90.91,-182.65,0
11206,90.91,-182.23,0
11217,90.91,-184.01,0
11230,76.92,-185.46,0
11241,90.91,-183.88,0
11252,90.91,-182.17,0
11264,83.33,-183.14,0
11275,90.91,-185.17,0
11286,90.91,-187.74,0
11298,83.33,-187.86,0
11310,83.33,-185.41,0
11321,90.91,-184.05,0
11332,90.91,-184.74,0
11343,90.91,-186.43,0
11356,83.33,-185.88,0
11367,83.33,-183.71,0
11378,90.91,-181.45,0
11389,90.91,-182.58,0
11401,83.33,-186.07,0
11412,90.91,-187.50,0
11424,90.91,-185.76,0
11436,76.92,-184.01,0
11447,90.91,-183.94,0
11458,90.91,-186.28,0
11469,90.91,-187.19,0
11481,83.33,-186.21,0
11493,90.91,-183.19,0
11504,90.91,-181.27,0
11515,90.91,-182.61,0
11527,83.33,-185.15,0
11538,90.91,-185.54,0
11549,90.91,-183.31,0
11561,83.33,-182.55,0
11573,83.33,-184.27,0
11584,90.91,-187.02,0
11595,90.91,-187.65,0
11607,83.33,-185.42,0
11618,90.91,-183.28,0
11630,83.33,-183.28,0
11641,90.91,-184.20,0
11653,83.33,-185.36,0
11664,90.91,-183.53,0
11675,90.91,-181.08,0
11686,90.91,-181.48,0
11699,76.92,-184.70,0
11710,90.91,-187.25,0
11721,90.91,-187.10,0
11732,90.91,-185.07,0
11744,83.33,-184.70,0
11755,90.91,-185.32,0
11767,83.33,-186.78,0
11779,83.33,-186.28,0
11790,90.91,-184.17,0
11801,90.91,-182.31,0
11812,90.91,-182.25,0
11824,83.33,-184.75,0
11836,83.33,-186.21,0
11847,90.91,-184.89,0
11858,90.91,-183.31,0
11870,83.33,-184.45,0
11881,90.91,-186.64,0
11892,90.91,-187.91,0
11905,76.92,-185.40,0
11916,90.91,-182.85,0
11927,90.91,-182.30,0
11938,90.91,-183.99,0
11950,83.33,-185.70,0
11962,90.91,-185.32,0
11973,83.33,-182.55,0
11984,90.91,-182.47,0
11996,83.33,-184.07,0
12007,90.91,-187.34,0
12018,90.91,-187.92,0
12030,90.91,-185.58,0
12042,76.92,-183.27,0
12053,90.91,-183.40,0
12064,90.91,-185.10,0
12076,83.33,-185.99,0
12087,90.91,-183.89,0
12099,83.33,-181.50,0
12110,90.91,-181.26,0
12122,83.33,-184.26,0
12133,90.91,-187.28,0
12144,90.91,-186.65,0
12155,90.91,-184.10,0
12168,76.92,-183.19,0
12179,90.91,-185.25,0
12190,90.91,-186.99,0
12201,90.91,-186.80,0
12213,83.33,-184.13,0
12224,90.91,-182.65,0
12236,83.33,-183.34,0
12248,83.33,-185.23,0
12259,90.91,-186.32,0
12270,90.91,-184.09,0
12281,90.91,-182.25,0
12293,83.33,-183.29,0
12305,83.33,-185.77,0
12316,90.91,-187.30,0
12327,90.91,-185.86,0
12339,83.33,-183.22,0
12350,90.91,-182.32,0
12361,90.91,-184.34,0
12374,76.92,-185.58,0
12385,90.91,-184.76,0
12396,90.91,-182.42,0
12407,90.91,-182.17,0
12419,83.33,-183.99,0
12430,90.91,-187.11,0
12442,83.33,-187.78,0
12453,90.91,-185.21,0
12465,83.33,-183.80,0
12476,90.91,-184.33,0
12487,90.91,-186.67,0
12498,90.91,-186.60,0
12511,76.92,-184.83,0
12522,90.91,-182.65,0
12533,90.91,-182.86,0
12545,83.33,-184.96,0
12556,90.91,-186.87,0
12568,90.91,-185.89,0
12579,83.33,-183.93,0
12591,83.33,-184.06,0
12602,90.91,-185.75,0
12613,90.91,-187.19,0
12624,90.91,-186.14,0
12637,83.33,-183.93,0
12648,83.33,-182.91,0
12659,90.91,-183.48,0
12670,90.91,-185.01,0
12682,83.33,-184.88,0
12693,90.91,-183.67,0
12705,83.33,-181.98,0
12717,83.33,-182.70,0
12728,90.91,-186.08,0
12739,90.91,-188.05,0
12750,90.91,-186.42,0
12762,83.33,-183.95,0
12774,83.33,-183.25,0
12785,90.91,-184.40,0
12796,90.91,-185.79,0
12808,83.33,-184.19,0
12819,90.91,-181.36,0
12830,90.91,-181.04,0
12843,76.92,-183.80,0
12854,90.91,-186.75,0
12865,90.91,-186.66,0
12876,90.91,-185.32,0
12888,83.33,-184.53,0
12899,90.91,-185.91,0
12911,83.33,-188.10,0
12922,90.91,-187.20,0
12934,83.33,-184.10,0
12945,90.91,-182.38,0
12956,90.91,-182.33,0
12967,90.91,-184.56,0
12980,76.92,-186.27,0
12991,90.91,-185.15,0
13002,90.91,-183.49,0
13014,83.33,-184.38,0
13025,90.91,-186.66,0
13036,90.91,-188.91,0
13048,83.33,-188.30,0
13060,83.33,-185.19,0
13071,90.91,-183.35,0
13082,90.91,-184.56,0
13093,90.91,-186.59,0
13106,83.33,-186.27,0
13117,83.33,-183.40,0
13128,90.91,-182.11,0
13139,90.91,-183.55,0
13151,83.33,-186.11,0
13162,90.91,-187.50,0
13174,90.91,-186.21,0
13186,76.92,-184.05,0
13197,90.91,-184.02,0
13208,90.91,-186.28,0
13219,90.91,-186.87,0
13231,83.33,-184.42,0
13243,83.33,-182.21,0
13254,90.91,-181.40,0
13265,90.91,-183.03,0
13277,83.33,-185.32,0
13288,90.91,-186.19,0
13299,90.91,-184.24,0
13312,76.92,-184.14,0
13323,90.91,-185.81,0
13334,90.91,-187.80,0
13345,90.91,-187.72,0
13357,83.33,-184.77,0
13368,90.91,-182.71,0
13380,83.33,-182.31,0
13391,90.91,-184.56,0
13403,83.33,-185.39,0
13414,90.91,-183.49,0
13425,90.91,-181.47,0
13436,90.91,-182.75,0
13449,76.92,-185.47,0
13460,90.91,-188.11,0
13471,90.91,-187.34,0
13483,83.33,-184.95,0
13494,90.91,-184.09,0
13505,90.91,-185.55,0
13517,83.33,-187.54,0
13529,83.33,-186.02,0
13540,90.91,-182.17,0
13551,90.91,-180.58,0
13562,90.91,-182.16,0
13574,83.33,-184.96,0
13586,83.33,-186.16,0
13597,90.91,-185.00,0
13608,90.91,-183.96,0
13620,83.33,-184.95,0
13631,90.91,-187.62,0
13642,90.91,-188.13,0
13655,76.92,-185.37,0
13666,90.91,-182.24,0
13677,90.91,-181.63,0
13688,90.91,-182.53,0
13700,83.33,-184.68,0
13712,90.91,-184.16,0
13723,83.33,-182.83,0
13734,90.91,-182.69,0
13746,83.33,-184.75,0
13757,90.91,-186.92,0
13768,90.91,-187.40,0
13780,90.91,-185.47,0
13792,76.92,-184.07,0
13803,90.91,-183.96,0
13814,90.91,-184.95,0
13826,83.33,-185.50,0
13837,90.91,-183.39,0
13849,83.33,-181.55,0
13860,90.91,-182.76,0
13872,83.33,-186.20,0
13883,90.91,-187.81,0
13894,90.91,-186.65,0
13905,90.91,-184.81,0
13918,76.92,-184.27,0
13929,90.91,-185.97,0
13940,90.91,-187.60,0
13952,83.33,-185.72,0
13963,90.91,-182.65,0
13974,90.91,-181.43,0
13986,83.33,-182.96,0
13998,83.33,-185.83,0
14009,90.91,-185.81,0
14020,90.91,-183.47,0
14031,90.91,-182.79,0
14043,83.33,-184.18,0
14055,83.33,-187.61,0
14066,90.91,-188.69,0
14077,90.91,-186.29,0
14089,83.33,-183.61,0
14100,90.91,-182.89,0
14111,90.91,-184.20,0
14124,76.92,-185.86,0
14135,90.91,-184.74,0
14146,90.91,-182.54,0
14157,90.91,-182.87,0
14169,83.33,-185.48,0
14180,90.91,-188.23,0
14192,83.33,-188.00,0
14203,90.91,-185.81,0
14215,83.33,-184.39,0
14226,90.91,-184.99,0
14237,90.91,-187.06,0
14248,90.91,-186.58,0
14261,76.92,-183.31,0
14272,90.91,-181.58,0
14283,90.91,-182.23,0
14295,83.33,-184.72,0
14306,90.91,-186.79,0
14318,90.91,-185.88,0
14329,83.33,-184.35,0
14341,83.33,-185.06,0
14352,90.91,-186.43,0
14363,90.91,-187.93,0
14374,90.91,-186.49,0
14387,76.92,-183.50,0
14398,90.91,-182.04,0
14409,90.91,-183.17,0
14420,90.91,-184.72,0
14432,83.33,-184.78,0
14443,90.91,-182.77,0
14455,83.33,-182.28,0
14467,83.33,-184.69,0
14478,90.91,-187.39,0
14489,90.91,-187.74,0
14500,90.91,-186.07,0
14512,83.33,-184.12,0
14524,83.33,-184.36,0
14535,90.91,-185.81,0
14546,90.91,-186.55,0
14558,83.33,-183.80,0
14569,90.91,-181.54,0
14580,90.91,-181.88,0
14593,76.92,-184.24,0
14604,90.91,-187.65,0
14615,90.91,-187.36,0
14626,90.91,-185.19,0
14638,83.33,-184.74,0
14649,90.91,-185.65,0
14661,83.33,-187.20,0
14672,90.91,-187.01,0
14684,83.33,-184.02,0
14695,90.91,-182.03,0
14706,90.91,-183.16,0
14717,90.91,-185.47,0
14730,76.92,-187.13,0
14741,90.91,-185.43,0
14752,90.91,-183.77,0
14764,83.33,-184.48,0
14775,90.91,-186.63,0
14786,90.91,-188.16,0
14798,83.33,-186.43,0
14810,83.33,-184.13,0
14821,90.91,-183.28,0
14832,90.91,-184.56,0
14843,90.91,-185.78,0
14855,83.33,-185.57,0
14867,83.33,-184.07,0
14878,90.91,-182.95,0
14889,90.91,-184.33,0
14901,83.33,-186.40,0
14912,90.91,-187.28,0
14924,90.91,-185.23,0
14936,76.92,-183.63,0
14947,90.91,-184.10,0
14958,90.91,-185.66,0
14969,90.91,-186.10,0
14981,83.33,-183.95,0
14993,83.33,-181.69,0
15004,90.91,-182.24,0
15015,90.91,-185.12,0
15027,83.33,-187.22,0
15038,90.91,-185.97,0
15049,90.91,-184.30,0
15062,76.92,-183.89,0
15073,90.91,-185.61,0
15084,90.91,-187.30,0
15095,90.91,-186.14,0
15107,83.33,-183.56,0
15118,90.91,-182.01,0
15130,83.33,-183.02,0
15141,90.91,-186.05,0
15153,83.33,-187.08,0
15164,90.91,-185.35,0
15175,90.91,-183.40,0
15186,90.91,-183.96,0
15199,76.92,-186.62,0
15210,90.91,-188.93,0
15221,90.91,-186.71,0
15233,83.33,-184.16,0
15244,90.91,-182.96,0
15255,90.91,-183.89,0
15267,83.33,-185.74,0
15279,83.33,-184.92,0
15290,90.91,-183.10,0
15301,90.91,-182.68,0
15312,90.91,-184.16,0
15324,83.33,-186.28,0
15336,83.33,-187.12,0
15347,90.91,-185.28,0
15358,90.91,-184.38,0
15370,83.33,-184.41,0
15381,90.91,-185.52,0
15392,90.91,-185.60,0
15405,76.92,-183.34,0
15416,90.91,-181.85,0
15427,90.91,-182.81,0
15438,90.91,-185.22,0
15450,83.33,-185.99,0
15461,90.91,-185.50,0
15473,83.33,-184.12,0
15484,90.91,-183.76,0
15496,83.33,-186.25,0
15507,90.91,-187.57,0
15518,90.91,-186.19,0
15531,90.91,-183.46,0
15542,76.92,-181.68,0
15553,90.91,-183.04,0
15564,90.91,-185.38,0
15576,83.33,-185.63,0
15587,90.91,-183.05,0
15599,90.91,-182.16,0
15610,83.33,-184.47,0
15622,83.33,-187.84,0
15633,90.91,-189.42,0
15644,90.91,-187.00,0
15655,90.91,-183.91,0
15668,76.92,-183.35,0
15679,90.91,-184.97,0
15690,90.91,-186.69,0
15702,83.33,-185.52,0
15713,90.91,-182.73,0
15724,90.91,-182.71,0
15736,83.33,-183.99,0
15748,83.33,-186.82,0
15759,90.91,-187.37,0
15770,90.91,-185.21,0
15781,90.91,-183.87,0
15793,83.33,-184.21,0
15805,83.33,-186.34,0
15816,90.91,-187.11,0
15827,90.91,-184.36,0
15839,83.33,-182.17,0
15850,90.91,-182.67,0
15861,90.91,-185.89,0
15874,76.92,-187.08,0
15885,90.91,-185.78,0
15896,90.91,-183.81,0
15907,90.91,-183.78,0
15919,83.33,-186.27,0
15930,90.91,-187.88,0
15942,83.33,-186.96,0
15953,90.91,-184.18,0
15965,83.33,-182.84,0
15976,90.91,-183.31,0
15987,90.91,-185.66,0
15998,90.91,-184.88,0
16011,76.92,-183.00,0
16022,90.91,-182.34,0
16033,90.91,-184.11,0
16045,83.33,-186.82,0
16056,90.91,-187.86,0
16067,90.91,-185.55,0
16079,83.33,-183.64,0
16091,83.33,-183.52,0
16102,90.91,-185.15,0
16113,90.91,-185.95,0
16124,90.91,-183.53,0
16136,83.33,-180.80,0
16148,83.33,-181.17,0
16159,90.91,-183.69,0
16171,83.33,-186.29,0
16182,90.91,-186.38,0
16193,90.91,-184.58,0
16205,90.91,-183.86,0
16217,76.92,-185.32,0
16228,90.91,-187.79,0
16239,90.91,-187.26,0
16250,90.91,-183.89,0
16262,83.33,-182.25,0
16274,90.91,-183.19,0
16285,83.33,-184.90,0
16296,90.91,-185.77,0
16308,83.33,-184.25,0
16319,90.91,-183.20,0
16330,90.91,-184.77,0
16343,76.92,-187.89,0
16354,90.91,-189.49,0
16365,90.91,-187.47,0
16376,90.91,-184.40,0
16388,83.33,-183.13,0
16399,90.91,-184.03,0
16411,83.33,-184.92,0
16422,90.91,-184.12,0
16434,83.33,-182.08,0
16445,90.91,-182.31,0
16456,90.91,-184.74,0
16467,90.91,-187.05,0
16480,76.92,-188.03,0
16491,90.91,-185.22,0
16502,90.91,-183.51,0
16514,83.33,-184.29,0
16525,90.91,-186.66,0
16536,90.91,-186.52,0
16548,83.33,-183.80,0
16560,83.33,-181.04,0
16571,90.91,-181.22,0
16582,90.91,-184.00,0
16593,90.91,-186.52,0
16605,83.33,-186.40,0
16617,83.33,-184.44,0
16628,90.91,-184.56,0
16640,83.33,-186.35,0
16651,90.91,-188.60,0
16662,90.91,-187.58,0
16673,90.91,-183.55,0
16686,76.92,-181.56,0
16697,90.91,-181.70,0
16708,90.91,-184.53,0
16719,90.91,-185.04,0
16731,83.33,-182.64,0
16742,90.91,-182.02,0
16754,83.33,-183.99,0
16765,90.91,-187.52,0
16777,83.33,-188.93,0
16788,90.91,-187.27,0
16799,90.91,-184.52,0
16812,83.33,-183.94,0
16823,83.33,-184.34,0
16834,90.91,-184.84,0
16845,90.91,-183.10,0
16857,83.33,-181.02,0
16868,90.91,-180.90,0
16880,90.91,-183.45,0
16891,83.33,-186.91,0
16903,83.33,-188.06,0
16914,90.91,-186.40,0
16925,90.91,-185.32,0
16936,90.91,-186.65,0
16949,76.92,-188.50,0
16960,90.91,-187.72,0
16971,90.91,-184.27,0
16983,83.33,-181.22,0
16994,90.91,-181.05,0
17005,90.91,-183.60,0
17017,83.33,-185.03,0
17029,83.33,-184.23,0
17040,90.91,-182.96,0
17051,90.91,-183.60,0
17062,90.91,-186.08,0
17074,83.33,-188.98,0
17086,83.33,-187.63,0
17097,90.91,-184.31,0
17108,90.91,-182.97,0
17120,83.33,-182.79,0
17131,90.91,-184.58,0
17142,90.91,-183.96,0
17155,76.92,-181.41,0
17166,90.91,-180.29,0
17177,90.91,-182.26,0
17188,90.91,-186.09,0
17200,83.33,-188.21,0
17211,90.91,-187.01,0
17223,83.33,-185.60,0
17234,90.91,-185.46,0
17246,83.33,-186.10,0
17257,90.91,-186.12,0
17268,90.91,-184.59,0
17280,83.33,-181.90,0
17292,83.33,-180.86,0
17303,90.91,-182.82,0
17314,90.91,-185.70,0
17326,83.33,-185.92,0
17337,90.91,-185.07,0
17348,90.91,-184.73,0
17360,83.33,-186.59,0
17372,83.33,-188.60,0
17383,90.91,-188.03,0
17394,90.91,-184.86,0
17405,90.91,-181.70,0
17417,83.33,-181.85,0
17429,83.33,-183.49,0
17440,90.91,-184.66,0
17452,83.33,-183.93,0
17463,90.91,-182.92,0
17474,90.91,-183.73,0
17486,90.91,-186.19,0
17498,76.92,-188.47,0
17509,90.91,-187.90,0
17520,90.91,-185.21,0
17531,90.91,-184.35,0
17543,83.33,-184.79,0
17555,83.33,-185.64,0
17566,90.91,-184.18,0
17577,90.91,-181.03,0
17589,83.33,-179.77,0
17600,90.91,-182.16,0
17611,90.91,-185.68,0
17624,76.92,-186.83,0
17635,90.91,-185.70,0
17646,90.91,-184.29,0
17657,90.91,-185.13,0
17669,83.33,-186.51,0
17680,90.91,-187.52,0
17692,83.33,-185.28,0
17703,90.91,-182.12,0
17715,83.33,-181.57,0
17726,90.91,-183.52,0
17737,90.91,-185.41,0
17748,90.91,-184.61,0
17761,76.92,-183.49,0
17772,90.91,-183.59,0
17783,90.91,-186.11,0
17795,83.33,-188.70,0
17806,90.91,-187.72,0
17817,90.91,-184.33,0
17829,83.33,-182.51,0
17841,83.33,-183.29,0
17852,90.91,-185.12,0
17863,90.91,-185.26,0
17874,90.91,-182.53,0
17886,83.33,-181.12,0
17898,83.33,-182.36,0
17909,90.91,-185.59,0
17921,83.33,-187.44,0
17932,90.91,-186.73,0
17943,90.91,-184.10,0
17955,90.91,-184.24,0
17967,76.92,-185.98,0
17978,90.91,-187.03,0
17989,90.91,-184.91,0
18000,90.91,-181.54,0
18012,83.33,-180.42,0
18024,90.91,-182.93,0
18035,83.33,-186.10,0
18046,90.91,-185.50,0
18058,83.33,-183.76,0
18069,90.91,-183.26,0
18080,90.91,-185.23,0
18093,76.92,-187.95,0
18104,90.91,-188.54,0
18115,90.91,-186.04,0
18126,90.91,-183.09,0
18138,83.33,-182.11,0
18149,90.91,-183.87,0
18161,83.33,-185.28,0
18172,90.91,-184.70,0
18184,83.33,-182.78,0
18195,90.91,-183.10,0
18206,90.91,-186.14,0
18217,90.91,-188.37,0
18230,76.92,-188.69,0
18241,90.91,-186.03,0
18252,90.91,-184.49,0
18264,83.33,-185.03,0
18275,90.91,-186.43,0
18286,90.91,-185.37,0
18298,83.33,-182.67,0
18310,83.33,-181.16,0
18321,90.91,-182.65,0
18332,90.91,-184.91,0
18343,90.91,-187.05,0
18355,83.33,-185.88,0
18367,83.33,-184.20,0
18378,90.91,-184.83,0
18390,83.33,-186.88,0
18401,90.91,-187.35,0
18412,90.91,-185.45,0
18423,90.91,-182.15,0
18436,76.92,-180.91,0
18447,90.91,-182.61,0
18458,90.91,-184.94,0
18469,90.91,-185.31,0
18481,83.33,-184.12,0
18492,90.91,-184.07,0
18504,83.33,-185.99,0
18515,90.91,-188.27,0
18527,83.33,-188.30,0
18538,90.91,-185.55,0
18549,90.91,-182.30,0
18562,83.33,-182.77,0
18573,83.33,-184.73,0
18584,90.91,-185.52,0
18595,90.91,-183.31,0
18607,83.33,-181.52,0
18618,90.91,-182.70,0
18630,83.33,-185.71,0
18641,90.91,-187.76,0
18653,83.33,-187.16,0
18664,90.91,-184.79,0
18675,90.91,-184.11,0
18686,90.91,-184.94,0
18699,76.92,-186.65,0
18710,90.91,-185.12,0
18721,90.91,-182.31,0
18733,83.33,-180.65,0
18744,90.91,-181.87,0
18755,90.91,-184.33,0
18767,83.33,-185.66,0
18779,83.33,-184.60,0
18790,90.91,-183.92,0
18801,90.91,-184.95,0
18812,90.91,-186.75,0
18824,83.33,-187.72,0
18836,83.33,-185.46,0
18847,90.91,-182.30,0
18859,83.33,-181.89,0
18870,90.91,-183.84,0
18881,90.91,-186.35,0
18892,90.91,-185.81,0
18905,76.92,-183.25,0
18916,90.91,-183.60,0
18927,90.91,-185.81,0
18938,90.91,-188.40,0
18950,83.33,-188.07,0
18961,90.91,-185.66,0
18973,83.33,-183.66,0
18984,90.91,-183.62,0
18996,83.33,-185.42,0
19007,90.91,-185.83,0
19018,90.91,-183.16,0
19031,83.33,-180.89,0
19042,83.33,-181.20,0
19053,90.91,-184.25,0
19064,90.91,-186.23,0
19076,83.33,-185.80,0
19087,90.91,-184.23,0
19099,90.91,-184.22,0
19110,83.33,-186.13,0
19122,83.33,-187.05,0
19133,90.91,-185.78,0
19144,90.91,-183.22,0
19155,90.91,-181.67,0
19168,76.92,-182.49,0
19179,90.91,-184.36,0
19190,90.91,-184.85,0
19202,83.33,-183.65,0
19213,90.91,-182.77,0
19224,90.91,-183.78,0
19236,83.33,-186.58,0
19248,83.33,-187.94,0
19259,90.91,-186.15,0
19270,90.91,-183.62,0
19281,90.91,-183.70,0
19293,83.33,-184.35,0
19305,83.33,-185.92,0
19316,90.91,-184.12,0
19328,83.33,-181.94,0
19339,90.91,-181.72,0
19350,90.91,-184.20,0
19361,90.91,-187.09,0
19374,76.92,-187.62,0
19385,90.91,-185.62,0
19396,90.91,-184.29,0
19407,90.91,-185.37,0
19419,83.33,-187.42,0
19430,90.91,-186.70,0
19442,83.33,-183.12,0
19453,90.91,-180.84,0
19465,83.33,-182.11,0
19476,90.91,-184.85,0
19487,90.91,-186.13,0
19499,83.33,-184.87,0
19511,83.33,-183.44,0
19522,90.91,-184.19,0
19533,90.91,-186.59,0
19545,83.33,-188.40,0
19556,90.91,-187.16,0
19567,90.91,-183.98,0
19579,83.33,-182.92,0
19591,83.33,-183.96,0
19602,90.91,-185.24,0
19613,90.91,-184.64,0
19624,90.91,-182.01,0
19637,83.33,-181.48,0
19648,83.33,-183.07,0
19659,90.91,-186.27,0
19671,83.33,-187.62,0
19682,90.91,-185.85,0
19693,90.91,-184.30,0
19705,90.91,-184.61,0
19717,76.92,-185.95,0
19728,90.91,-186.87,0
19739,90.91,-184.64,0
19750,90.91,-182.02,0
19762,83.33,-181.84,0
19774,83.33,-184.27,0
19785,90.91,-186.91,0
19796,90.91,-187.18,0
19808,83.33,-184.94,0
19819,90.91,-185.15,0
19830,90.91,-186.06,0
19843,76.92,-187.09,0
19854,90.91,-187.00,0
19865,90.91,-184.42,0
19876,90.91,-182.25,0
19888,83.33,-182.32,0
19899,90.91,-184.71,0
19911,83.33,-185.01,0
19922,90.91,-183.54,0
19934,83.33,-182.11,0
19945,90.91,-182.94,0
19956,90.91,-186.12,0
19968,83.33,-188.23,0
19980,83.33,-186.96,0
19991,90.91,-184.80,0
20002,90.91,-184.15,0
20014,83.33,-184.75,0
20025,90.91,-186.10,0
20036,90.91,-184.55,0
20048,83.33,-181.92,0
20060,83.33,-180.87,0
20071,90.91,-183.29,0
20082,90.91,-187.03,0
20093,90.91,-187.31,0
20105,83.33,-184.89,0
20117,83.33,-183.58,0
20128,90.91,-184.90,0
20140,83.33,-186.93,0
20151,90.91,-187.87,0
20162,90.91,-185.66,0
20174,90.91,-182.59,0
20186,76.92,-182.42,0
20197,90.91,-184.66,0
20208,90.91,-185.93,0
20219,90.91,-185.42,0
20231,83.33,-183.43,0
20243,90.91,-183.68,0
20254,83.33,-185.57,0
20265,90.91,-188.13,0
20277,83.33,-187.40,0
20288,90.91,-184.35,0
20299,90.91,-182.66,0
20312,76.92,-183.37,0
20323,90.91,-185.53,0
20334,90.91,-185.87,0
20345,90.91,-183.77,0
20357,83.33,-182.77,0
20368,90.91,-183.95,0
20380,83.33,-186.60,0
20391,90.91,-187.77,0
20403,83.33,-185.59,0
20414,90.91,-183.67,0
20425,90.91,-183.62,0
20436,90.91,-185.65,0
20449,76.92,-186.23,0
20460,90.91,-184.45,0
20471,90.91,-182.05,0
20483,83.33,-182.24,0
20494,90.91,-184.11,0
20505,90.91,-185.97,0
20517,83.33,-185.99,0
20529,83.33,-184.09,0
20540,90.91,-183.69,0
20551,90.91,-184.68,0
20562,90.91,-186.34,0
20574,83.33,-186.80,0
20586,83.33,-184.04,0
20597,90.91,-182.38,0
20609,83.33,-183.05,0
20620,90.91,-185.35,0
20631,90.91,-186.34,0
20642,90.91,-184.88,0
20655,76.92,-182.76,0
20666,90.91,-183.06,0
20677,90.91,-185.09,0
20688,90.91,-186.90,0
20700,83.33,-186.04,0
20711,90.91,-183.19,0
20723,83.33,-182.28,0
20734,90.91,-184.00,0
20746,83.33,-186.14,0
20757,90.91,-185.68,0
20768,90.91,-183.36,0
20781,83.33,-182.57,0
20792,83.33,-183.65,0
20803,90.91,-185.82,0
20814,90.91,-187.39,0
20826,83.33,-185.24,0
20837,90.91,-183.99,0
20849,90.91,-184.87,0
20860,83.33,-186.57,0
20872,83.33,-186.79,0
20883,90.91,-184.72,0
20894,90.91,-182.96,0
20905,90.91,-183.11,0
20918,76.92,-185.32,0
20929,90.91,-186.60,0
20940,90.91,-185.43,0
20952,83.33,-183.25,0
20963,90.91,-182.79,0
20974,90.91,-184.08,0
20986,83.33,-186.39,0
20998,83.33,-187.37,0
21009,90.91,-185.18,0
21020,90.91,-183.39,0
21031,90.91,-183.47,0
21043,83.33,-185.76,0
21055,83.33,-186.44,0
21066,90.91,-183.55,0
21078,83.33,-181.84,0
21089,90.91,-182.70,0
21100,90.91,-185.10,0
21111,90.91,-187.63,0
21124,76.92,-186.80,0
21135,90.91,-184.08,0
21146,90.91,-183.71,0
21157,90.91,-185.46,0
21169,83.33,-187.01,0
21180,90.91,-186.73,0
21192,83.33,-183.80,0
21203,90.91,-182.08,0
21215,83.33,-183.55,0
21226,90.91,-185.79,0
21237,90.91,-186.69,0
21249,83.33,-185.13,0
21261,83.33,-183.35,0
21272,90.91,-183.67,0
21283,90.91,-185.93,0
21295,83.33,-186.87,0
21306,90.91,-185.68,0
21317,90.91,-182.99,0
21329,83.33,-183.14,0
21341,83.33,-185.05,0
21352,90.91,-186.51,0
21363,90.91,-185.23,0
21374,90.91,-183.12,0
21387,83.33,-182.87,0
21398,83.33,-185.16,0
21409,90.91,-187.17,0
21421,83.33,-186.54,0
21432,90.91,-184.71,0
21443,90.91,-183.04,0
21455,90.91,-183.70,0
21467,76.92,-185.84,0
21478,90.91,-186.66,0
21489,90.91,-184.08,0
21500,90.91,-182.82,0
21512,83.33,-183.18,0
21524,83.33,-185.42,0
21535,90.91,-186.36,0
21547,83.33,-184.56,0
21558,90.91,-182.96,0
21569,90.91,-182.95,0
21580,90.91,-185.34,0
21593,76.92,-186.83,0
21604,90.91,-185.89,0
21615,90.91,-184.04,0
21626,90.91,-183.18,0
21638,83.33,-183.76,0
21649,90.91,-186.05,0
21661,83.33,-186.36,0
21672,90.91,-183.56,0
21684,83.33,-181.62,0
21695,90.91,-183.13,0
21706,90.91,-186.26,0
21718,83.33,-186.86,0
21730,83.33,-184.85,0
21741,90.91,-183.40,0
21752,90.91,-184.10,0
21764,83.33,-186.02,0
21775,90.91,-187.10,0
21786,90.91,-185.39,0
21798,83.33,-182.72,0
21810,83.33,-182.42,0
21821,90.91,-184.64,0
21832,90.91,-186.49,0
21843,90.91,-185.74,0
21855,83.33,-183.62,0
21867,83.33,-182.93,0
21878,90.91,-184.74,0
21890,83.33,-186.67,0
21901,90.91,-187.52,0
21912,90.91,-184.57,0
21923,90.91,-182.77,0
21936,76.92,-183.15,0
21947,90.91,-185.49,0
21958,90.91,-186.30,0
21969,90.91,-184.93,0
21981,83.33,-182.98,0
21993,90.91,-183.24,0
22004,83.33,-185.43,0
22016,83.33,-186.87,0
22027,90.91,-186.16,0
22038,90.91,-184.08,0
22049,90.91,-183.75,0
22062,83.33,-184.61,0
22073,83.33,-186.28,0
22084,90.91,-185.43,0
22095,90.91,-182.28,0
22107,83.33,-181.02,0
22118,90.91,-182.54,0
22130,83.33,-185.01,0
22141,90.91,-185.88,0
22153,83.33,-184.51,0
22164,90.91,-183.27,0
22175,90.91,-184.55,0
22187,83.33,-187.09,0
22199,83.33,-187.41,0
22210,90.91,-184.89,0
22221,90.91,-182.62,0
22233,83.33,-182.74,0
22244,90.91,-184.30,0
22255,90.91,-186.34,0
22267,83.33,-185.09,0
22279,83.33,-182.43,0
22290,90.91,-183.07,0
22301,90.91,-185.82,0
22312,90.91,-187.69,0
22324,83.33,-187.96,0
22336,83.33,-185.14,0
22347,90.91,-182.93,0
22359,83.33,-182.92,0
22370,90.91,-184.88,0
22381,90.91,-185.61,0
22392,90.91,-184.22,0
22405,76.92,-181.90,0
22416,90.91,-182.08,0
22427,90.91,-185.63,0
22438,90.91,-187.54,0
22450,83.33,-186.59,0
22461,90.91,-184.36,0
22473,83.33,-184.26,0
22484,90.91,-185.77,0
22496,83.33,-186.84,0
22507,90.91,-185.51,0
22518,90.91,-182.47,0
22530,83.33,-181.22,0
22542,83.33,-182.88,0
22553,90.91,-184.77,0
22564,90.91,-186.05,0
22576,83.33,-184.44,0
22587,90.91,-183.18,0
22599,90.91,-184.54,0
22610,83.33,-186.91,0
22622,83.33,-187.62,0
22633,90.91,-185.13,0
22644,90.91,-182.03,0
22656,83.33,-182.25,0
22668,90.91,-183.67,0
22679,83.33,-185.10,0
22690,90.91,-183.94,0
22702,83.33,-182.73,0
22713,90.91,-183.19,0
22724,90.91,-186.44,0
22736,83.33,-189.00,0
22748,83.33,-187.49,0
22759,90.91,-184.75,0
22770,90.91,-183.35,0
22781,90.91,-183.55,0
22793,83.33,-185.22,0
22805,83.33,-185.49,0
22816,90.91,-183.37,0
22828,83.33,-182.46,0
22839,90.91,-183.97,0
22850,90.91,-185.94,0
22861,90.91,-187.50,0
22874,76.92,-186.80,0
22885,90.91,-184.21,0
22896,90.91,-183.78,0
22907,90.91,-185.15,0
22919,83.33,-186.62,0
22930,90.91,-184.80,0
22942,83.33,-181.85,0
22953,90.91,-181.30,0
22965,83.33,-183.00,0
22976,90.91,-185.71,0
22987,90.91,-186.12,0
22999,83.33,-184.01,0
23011,83.33,-183.05,0
23022,90.91,-184.91,0
23033,90.91,-186.94,0
23045,83.33,-187.48,0
23056,90.91,-184.95,0
23067,90.91,-182.53,0
23079,83.33,-182.24,0
23091,83.33,-184.26,0
23102,90.91,-185.26,0
23113,90.91,-183.55,0
23124,90.91,-182.35,0
23137,83.33,-182.90,0
23148,83.33,-185.45,0
23159,90.91,-187.99,0
23171,83.33,-187.43,0
23182,90.91,-185.00,0
23193,90.91,-183.79,0
23205,90.91,-184.40,0
23217,76.92,-186.50,0
23228,90.91,-185.75,0
23239,90.91,-183.31,0
23250,90.91,-182.16,0
23262,83.33,-183.43,0
23274,83.33,-186.35,0
23285,90.91,-187.34,0
23297,83.33,-185.21,0
23308,90.91,-183.40,0
23319,90.91,-184.55,0
23330,90.91,-186.12,0
23343,76.92,-187.33,0
23354,90.91,-185.14,0
23365,90.91,-182.50,0
23376,90.91,-182.02,0
23388,83.33,-183.84,0
23399,90.91,-185.78,0
23411,83.33,-185.09,0
23422,90.91,-182.58,0
23434,83.33,-182.22,0
23445,90.91,-184.36,0
23456,90.91,-187.16,0
23468,83.33,-187.23,0
23480,83.33,-184.74,0
23491,90.91,-183.00,0
23502,90.91,-183.49,0
23514,83.33,-185.09,0
23525,90.91,-185.69,0
23536,90.91,-183.72,0
23548,83.33,-182.54,0
23560,83.33,-183.16,0
23571,90.91,-185.17,0
23582,90.91,-186.77,0
23593,90.91,-186.15,0
23605,83.33,-184.15,0
23617,83.33,-183.40,0
23628,90.91,-185.23,0
23640,83.33,-186.97,0
23651,90.91,-185.85,0
23662,90.91,-183.40,0
23673,90.91,-182.03,0
23686,76.92,-184.00,0
23697,90.91,-186.23,0
23708,90.91,-186.45,0
23719,90.91,-184.22,0
23731,83.33,-182.86,0
23743,90.91,-183.76,0
23754,83.33,-186.47,0
23766,83.33,-187.48,0
23777,90.91,-185.08,0
23788,90.91,-183.18,0
23799,90.91,-183.19,0
23812,83.33,-184.38,0
23823,83.33,-185.89,0
23834,90.91,-185.07,0
23845,90.91,-182.32,0
23857,83.33,-181.85,0
23868,90.91,-184.07,0
23880,83.33,-186.35,0
23891,90.91,-185.93,0
23903,83.33,-183.48,0
23914,90.91,-182.57,0
23925,90.91,-184.35,0
23937,83.33,-185.75,0
23949,83.33,-186.80,0
23960,90.91,-184.10,0
23971,90.91,-182.38,0
23983,83.33,-183.04,0
23994,90.91,-185.22,0
24005,90.91,-186.57,0
24017,83.33,-184.86,0
24029,83.33,-182.85,0
24040,90.91,-183.11,0
24051,90.91,-184.96,0
24062,90.91,-186.97,0
24074,83.33,-186.06,0
24086,83.33,-183.79,0
24097,90.91,-182.96,0
24109,83.33,-184.45,0
24120,90.91,-186.89,0
24131,90.91,-186.80,0
24142,90.91,-184.04,0
24155,76.92,-182.85,0
24166,90.91,-184.06,0
24177,90.91,-185.94,0
24188,90.91,-186.58,0
24200,83.33,-184.66,0
24211,90.91,-182.21,0
24223,83.33,-182.74,0
24235,83.33,-185.74,0
24246,90.91,-186.92,0
24257,90.91,-185.27,0
24268,90.91,-183.28,0
24280,83.33,-183.15,0
24292,83.33,-185.32,0
24303,90.91,-186.92,0
24314,90.91,-186.29,0
24326,83.33,-183.58,0
24337,90.91,-183.11,0
24349,90.91,-184.50,0
24360,83.33,-186.46,0
24372,83.33,-186.60,0
24383,90.91,-184.73,0
24394,90.91,-183.34,0
24406,83.33,-184.03,0
24418,90.91,-186.40,0
24429,83.33,-187.73,0
24440,90.91,-185.48,0
24452,83.33,-183.44,0
24463,90.91,-183.93,0
24474,90.91,-185.96,0
24486,83.33,-187.78,0
24498,83.33,-186.80,0
24509,90.91,-183.41,0
24520,90.91,-183.19,0
24531,90.91,-185.31,0
24543,83.33,-187.40,0
24555,83.33,-187.12,0
24566,90.91,-183.55,0
24578,83.33,-181.93,0
24589,90.91,-183.56,0
24600,90.91,-186.41,0
24611,90.91,-186.11,0
24624,76.92,-183.69,0
24635,90.91,-182.64,0
24646,90.91,-183.47,0
24657,90.91,-185.40,0
24669,83.33,-187.26,0
24680,90.91,-185.53,0
24692,83.33,-183.24,0
24704,83.33,-182.88,0
24715,90.91,-184.24,0
24726,90.91,-186.56,0
24737,90.91,-185.61,0
24749,83.33,-183.74,0
24761,83.33,-182.87,0
24772,90.91,-184.22,0
24783,90.91,-186.49,0
24795,83.33,-186.55,0
24806,90.91,-183.71,0
24817,90.91,-182.90,0
24829,83.33,-183.58,0
24841,83.33,-185.89,0
24852,90.91,-186.60,0
24863,90.91,-184.75,0
24875,83.33,-182.59,0
24887,90.91,-183.09,0
24898,83.33,-185.13,0
24909,90.91,-186.97,0
24921,83.33,-185.52,0
24932,90.91,-183.57,0
24943,90.91,-183.20,0
24955,90.91,-185.15,0
24967,76.92,-187.11,0
24978,90.91,-186.28,0
24989,90.91,-183.49,0
25000,90.91,-182.73,0
25012,83.33,-184.17,0
25024,83.33,-185.98,0
25035,90.91,-186.33,0
25047,83.33,-183.94,0
25058,90.91,-182.28,0
25069,90.91,-183.73,0
25080,90.91,-186.80,0
25093,76.92,-187.56,0
25104,90.91,-185.41,0
25115,90.91,-183.44,0
25126,90.91,-183.21,0
25138,83.33,-184.85,0
25149,90.91,-186.48,0
25161,83.33,-184.77,0
25172,90.91,-182.19,0
25184,83.33,-182.42,0
25195,90.91,-184.57,0
25206,90.91,-186.89,0
25218,83.33,-186.69,0
25230,83.33,-184.02,0
25241,90.91,-183.00,0
25252,90.91,-184.19,0
25264,83.33,-186.61,0
25275,90.91,-187.68,0
25286,90.91,-185.11,0
25298,83.33,-183.07,0
25310,83.33,-183.13,0
25321,90.91,-186.06,0
25332,90.91,-187.70,0
25344,83.33,-185.92,0
25355,90.91,-184.30,0
25367,83.33,-183.72,0
25378,90.91,-185.36,0
25390,83.33,-187.03,0
25401,90.91,-186.18,0
25412,90.91,-183.94,0
25423,90.91,-183.08,0
25436,76.92,-184.73,0
25447,90.91,-186.83,0
25458,90.91,-186.41,0
25469,90.91,-184.02,0
25481,83.33,-183.10,0
25493,90.91,-184.06,0
25504,83.33,-185.51,0
25516,83.33,-185.72,0
25527,90.91,-183.23,0
25538,90.91,-182.20,0
25549,90.91,-183.38,0
25562,83.33,-185.47,0
25573,83.33,-186.33,0
25584,90.91,-184.51,0
25595,90.91,-182.19,0
25607,83.33,-182.34,0
25618,90.91,-184.14,0
25630,83.33,-186.09,0
25641,90.91,-186.06,0
25653,83.33,-183.43,0
25664,90.91,-182.17,0
25675,90.91,-184.47,0
25687,83.33,-187.32,0
25699,83.33,-186.94,0
25710,90.91,-184.11,0
25721,90.91,-182.92,0
25733,83.33,-184.21,0
25744,90.91,-186.95,0
25755,90.91,-188.88,0
25767,83.33,-185.88,0
25779,83.33,-183.13,0
25790,90.91,-183.49,0
25801,90.91,-185.58,0
25812,90.91,-186.96,0
25824,83.33,-184.79,0
25836,83.33,-182.74,0
25847,90.91,-182.27,0
25859,83.33,-184.05,0
25870,90.91,-186.01,0
25881,90.91,-185.62,0
25892,90.91,-183.58,0
25905,76.92,-182.73,0
25916,90.91,-184.13,0
25927,90.91,-186.27,0
25938,90.91,-186.62,0
25950,83.33,-184.14,0
25961,90.91,-182.91,0
25973,83.33,-183.59,0
25985,83.33,-185.21,0
25996,90.91,-186.43,0
26007,90.91,-185.02,0
26018,90.91,-182.80,0
26030,83.33,-182.86,0
26042,83.33,-185.75,0
26053,90.91,-187.70,0
26064,90.91,-186.21,0
26076,83.33,-183.47,0
26087,90.91,-183.53,0
26099,90.91,-185.08,0
26110,83.33,-186.67,0
26122,83.33,-185.92,0
26133,90.91,-183.79,0
26144,90.91,-182.70,0
26156,83.33,-183.94,0
26168,90.91,-185.93,0
26179,83.33,-186.60,0
26190,90.91,-184.07,0
26202,83.33,-182.72,0
26213,90.91,-183.82,0
26224,90.91,-185.67,0
26236,83.33,-187.08,0
26248,83.33,-185.46,0
26259,90.91,-183.51,0
26270,90.91,-183.16,0
26281,90.91,-184.72,0
26293,83.33,-187.04,0
26305,83.33,-185.80,0
26316,90.91,-183.45,0
26328,83.33,-183.09,0
26339,90.91,-184.41,0
26350,90.91,-186.77,0
26361,90.91,-186.26,0
26374,76.92,-183.46,0
26385,90.91,-182.66,0
26396,90.91,-183.78,0
26407,90.91,-186.28,0
26419,83.33,-186.39,0
26430,90.91,-184.57,0
26442,83.33,-183.56,0
26454,83.33,-183.48,0
26465,90.91,-185.32,0
26476,90.91,-186.31,0
26487,90.91,-184.71,0
26499,83.33,-182.95,0
26511,83.33,-182.79,0
26522,90.91,-183.84,0
26533,90.91,-186.62,0
26545,83.33,-186.21,0
26556,90.91,-183.78,0
26567,90.91,-182.73,0
26579,83.33,-183.83,0
26591,83.33,-185.87,0
26602,90.91,-185.75,0
26613,90.91,-184.06,0
26625,83.33,-182.79,0
26636,90.91,-183.40,0
26648,83.33,-185.46,0
26659,90.91,-185.96,0
26671,83.33,-183.98,0
26682,90.91,-182.67,0
26693,90.91,-183.51,0
26704,90.91,-185.89,0
26717,76.92,-187.00,0
26728,90.91,-185.64,0
26739,90.91,-183.21,0
26750,90.91,-182.78,0
26762,83.33,-184.24,0
26773,90.91,-186.56,0
26785,83.33,-185.95,0
26797,83.33,-183.70,0
26808,90.91,-183.19,0
26819,90.91,-184.49,0
26830,90.91,-186.26,0
26843,83.33,-186.59,0
26854,83.33,-183.43,0
26865,90.91,-181.58,0
26876,90.91,-183.14,0
26888,83.33,-185.91,0
26899,90.91,-186.67,0
26911,90.91,-185.37,0
26923,76.92,-183.54,0
26934,90.91,-182.91,0
26945,90.91,-185.01,0
26956,90.91,-187.10,0
26968,83.33,-186.13,0
26980,83.33,-183.56,0
26991,90.91,-182.53,0
27002,90.91,-183.95,0
27014,83.33,-185.95,0
27025,90.91,-185.39,0
27036,90.91,-183.71,0
27048,83.33,-183.01,0
27060,83.33,-184.36,0
27071,90.91,-187.40,0
27082,90.91,-188.26,0
27094,83.33,-185.92,0
27105,90.91,-183.17,0
27117,83.33,-183.93,0
27128,90.91,-186.34,0
27140,83.33,-187.33,0
27151,90.91,-185.24,0
27162,90.91,-182.68,0
27173,90.91,-183.81,0
27186,76.92,-185.62,0
27197,90.91,-187.03,0
27208,90.91,-186.37,0
27219,90.91,-183.69,0
27231,83.33,-182.45,0
27242,90.91,-183.52,0
27254,83.33,-186.38,0
27266,83.33,-186.82,0
27277,90.91,-183.75,0
27288,90.91,-182.68,0
27299,90.91,-183.70,0
27311,83.33,-186.09,0
27323,83.33,-186.76,0
27334,90.91,-184.64,0
27345,90.91,-182.38,0
27357,83.33,-182.97,0
27368,90.91,-185.03,0
27379,90.91,-186.33,0
27392,76.92,-184.63,0
27403,90.91,-182.66,0
27414,90.91,-182.98,0
27425,90.91,-185.40,0
27437,83.33,-187.22,0
27448,90.91,-186.43,0
27460,83.33,-184.50,0
27471,90.91,-183.15,0
27483,83.33,-184.01,0
27494,90.91,-185.56,0
27505,90.91,-185.48,0
27517,90.91,-183.29,0
27529,76.92,-181.53,0
27540,90.91,-182.83,0
27551,90.91,-185.30,0
27563,83.33,-186.77,0
27574,90.91,-185.88,0
27586,90.91,-183.87,0
27597,83.33,-184.17,0
27609,83.33,-186.74,0
27620,90.91,-187.41,0
27631,90.91,-185.56,0
27642,90.91,-182.61,0
27655,76.92,-182.22,0
27666,90.91,-184.27,0
27677,90.91,-186.42,0
27688,90.91,-186.24,0
27700,83.33,-184.21,0
27711,90.91,-183.97,0
27723,83.33,-185.19,0
27735,83.33,-187.08,0
27746,90.91,-187.29,0
27757,90.91,-184.50,0
27768,90.91,-182.43,0
27780,83.33,-182.51,0
27792,83.33,-183.39,0
27803,90.91,-184.95,0
27814,90.91,-183.81,0
27826,83.33,-182.75,0
27837,90.91,-183.44,0
27848,90.91,-185.90,0
27860,83.33,-187.97,0
27872,83.33,-187.51,0
27883,90.91,-184.66,0
27894,90.91,-183.65,0
27906,83.33,-184.59,0
27917,90.91,-185.77,0
27929,83.33,-185.18,0
27940,90.91,-182.24,0
27952,83.33,-181.03,0
27963,90.91,-182.75,0
27974,90.91,-185.68,0
27985,90.91,-186.80,0
27998,76.92,-185.38,0
28009,90.91,-184.08,0
28020,90.91,-184.81,0
28032,83.33,-186.38,0
28043,90.91,-186.86,0
28054,90.91,-184.52,0
28066,83.33,-182.10,0
28078,83.33,-181.17,0
28089,90.91,-182.91,0
28100,90.91,-184.32,0
28111,90.91,-184.39,0
28123,83.33,-182.75,0
28135,83.33,-183.54,0
28146,90.91,-185.66,0
28157,90.91,-188.16,0
28169,83.33,-188.34,0
28180,90.91,-185.81,0
28192,90.91,-183.35,0
28204,76.92,-182.62,0
28215,90.91,-184.06,0
28226,90.91,-184.66,0
28237,90.91,-182.43,0
28249,83.33,-181.23,0
28261,90.91,-182.64,0
28272,90.91,-185.74,0
28283,90.91,-188.30,0
28295,83.33,-187.16,0
28306,90.91,-185.31,0
28317,90.91,-184.63,0
28329,83.33,-185.73,0
28341,83.33,-186.92,0
28352,90.91,-185.07,0
28363,90.91,-182.14,0
28375,83.33,-181.14,0
28386,90.91,-182.90,0
28398,83.33,-185.58,0
28409,90.91,-187.00,0
28421,83.33,-185.91,0
28432,90.91,-184.45,0
28443,90.91,-185.36,0
28454,90.91,-188.13,0
28467,76.92,-188.21,0
28478,90.91,-185.72,0
28489,90.91,-182.61,0
28500,90.91,-182.84,0
28512,83.33,-183.99,0
28523,90.91,-185.18,0
28535,83.33,-184.46,0
28547,83.33,-183.14,0
28558,90.91,-182.79,0
28569,90.91,-185.01,0
28580,90.91,-187.71,0
28592,83.33,-188.10,0
28604,83.33,-185.63,0
28615,90.91,-184.14,0
28626,90.91,-184.06,0
28638,83.33,-185.59,0
28649,90.91,-184.91,0
28660,90.91,-182.02,0
28673,76.92,-180.71,0
28684,90.91,-181.63,0
28695,90.91,-185.02,0
28706,90.91,-187.20,0
28718,83.33,-186.47,0
28729,90.91,-184.85,0
28741,83.33,-185.62,0
28752,90.91,-187.07,0
28764,83.33,-187.98,0
28775,90.91,-186.36,0
28786,90.91,-182.78,0
28798,90.91,-181.77,0
28810,76.92,-182.78,0
28821,90.91,-184.49,0
28832,90.91,-184.73,0
28844,83.33,-183.98,0
28855,90.91,-184.00,0
28867,90.91,-186.04,0
28878,83.33,-188.45,0
28890,83.33,-188.79,0
28901,90.91,-186.61,0
28912,90.91,-183.78,0
28923,90.91,-182.78,0
28936,83.33,-183.87,0
28947,90.91,-185.14,0
28958,90.91,-183.73,0
28969,90.91,-181.87,0
28981,83.33,-182.29,0
28992,90.91,-185.36,0
29004,83.33,-188.12,0
29016,83.33,-187.95,0
29027,90.91,-186.24,0
29038,90.91,-185.31,0
29049,90.91,-186.04,0
29061,83.33,-186.62,0
29073,83.33,-185.85,0
29084,90.91,-182.82,0
29095,90.91,-180.90,0
29107,83.33,-181.80,0
29118,90.91,-184.66,0
29129,90.91,-186.03,0
29142,76.92,-185.31,0
29153,90.91,-184.27,0
29164,90.91,-184.86,0
29175,90.91,-187.27,0
29187,83.33,-189.09,0
29198,90.91,-186.84,0
29210,83.33,-182.80,0
29221,90.91,-181.82,0
29233,83.33,-183.14,0
29244,90.91,-185.15,0
29255,90.91,-184.42,0
29266,90.91,-181.87,0
29279,76.92,-181.50,0
29290,90.91,-184.90,0
29301,90.91,-187.84,0
29313,83.33,-188.55,0
29324,90.91,-186.24,0
29335,90.91,-183.99,0
29347,83.33,-184.73,0
29359,83.33,-185.50,0
29370,90.91,-185.52,0
29381,90.91,-183.22,0
29392,90.91,-181.03,0
29404,83.33,-181.45,0
29416,83.33,-184.49,0
29427,90.91,-186.75,0
29438,90.91,-185.83,0
29450,83.33,-184.50,0
29461,90.91,-183.94,0
29473,90.91,-185.40,0
29485,76.92,-187.29,0
29496,90.91,-185.92,0
29507,90.91,-182.58,0
29518,90.91,-180.78,0
29530,83.33,-182.38,0
29542,90.91,-184.44,0
29553,83.33,-185.41,0
29564,90.91,-184.19,0
29576,83.33,-183.40,0
29587,90.91,-184.66,0
29598,90.91,-187.15,0
29611,76.92,-188.31,0
29622,90.91,-186.16,0
29633,90.91,-183.15,0
29644,90.91,-182.61,0
29656,83.33,-183.92,0
29667,90.91,-185.27,0
29679,83.33,-184.57,0
29690,90.91,-182.43,0
29702,83.33,-182.42,0
29713,90.91,-185.37,0
29724,90.91,-188.27,0
29735,90.91,-188.24,0
29748,76.92,-186.10,0
29759,90.91,-185.04,0
29770,90.91,-185.27,0
29782,83.33,-186.90,0
29793,90.91,-186.37,0
29804,90.91,-183.26,0
29816,83.33,-181.24,0
29828,83.33,-182.19,0
29839,90.91,-184.08,0
29850,90.91,-186.55,0
29861,90.91,-186.27,0
29873,83.33,-184.46,0
29885,83.33,-184.97,0
29896,90.91,-186.37,0
29907,90.91,-188.03,0
29919,83.33,-187.10,0
29930,90.91,-183.63,0
29941,90.91,-181.57,0
29954,76.92,-182.29,0
29965,90.91,-183.96,0
29976,90.91,-184.61,0
29987,90.91,-183.51,0
29999,83.33,-183.14,0
30010,90.91,-184.49,0
30022,83.33,-188.15,0
30033,90.91,-190.00,0
30045,83.33,-188.41,0
30056,90.91,-185.14,0
30067,90.91,-184.14,0
30078,90.91,-184.84,0
30091,76.92,-185.62,0
30102,90.91,-183.50,0
30113,90.91,-181.19,0
30125,83.33,-180.50,0
30136,90.91,-183.15,0
30148,90.91,-185.98,0
30159,83.33,-186.98,0
30171,83.33,-185.12,0
30182,90.91,-184.53,0
30193,90.91,-185.46,0
30204,90.91,-187.33,0
30217,83.33,-187.14,0
30228,83.33,-183.75,0
30239,90.91,-181.12,0
30251,83.33,-181.44,0
30262,90.91,-183.57,0
30273,90.91,-186.55,0
30285,83.33,-185.66,0
30297,83.33,-183.97,0
30308,90.91,-184.81,0
30319,90.91,-187.37,0
30330,90.91,-188.81,0
30342,83.33,-186.99,0
30354,83.33,-184.24,0
30365,90.91,-182.74,0
30376,90.91,-183.39,0
30388,83.33,-185.04,0
30399,90.91,-184.90,0
30410,90.91,-182.68,0
30423,76.92,-182.46,0
30434,90.91,-184.42,0
30445,90.91,-187.12,0
30456,90.91,-188.90,0
30468,83.33,-186.90,0
30479,90.91,-184.13,0
30491,83.33,-183.92,0
30502,90.91,-185.42,0
30514,83.33,-185.99,0
30525,90.91,-184.33,0
30536,90.91,-181.04,0
30547,90.91,-181.79,0
30560,76.92,-184.41,0
30571,90.91,-187.10,0
30582,90.91,-187.75,0
30594,83.33,-185.64,0
30605,90.91,-184.54,0
30616,90.91,-186.41,0
30628,83.33,-188.14,0
30640,83.33,-187.07,0
30651,90.91,-183.52,0
30662,90.91,-181.91,0
30673,90.91,-182.71,0
30686,83.33,-184.36,0
30697,83.33,-185.86,0
30708,90.91,-184.97,0
30720,83.33,-183.29,0
30731,90.91,-185.00,0
30742,90.91,-187.53,0
30754,90.91,-189.44,0
30766,76.92,-188.28,0
30777,90.91,-184.19,0
30788,90.91,-182.62,0
30799,90.91,-183.31,0
30811,83.33,-184.72,0
30823,83.33,-184.81,0
30834,90.91,-182.68,0
30845,90.91,-182.32,0
30857,83.33,-183.77,0
30868,90.91,-186.65,0
30879,90.91,-187.92,0
30892,76.92,-186.17,0
30903,90.91,-184.46,0
30914,90.91,-183.73,0
30925,90.91,-185.29,0
30937,83.33,-186.11,0
30948,90.91,-184.14,0
30960,83.33,-182.13,0
30971,90.91,-181.79,0
30983,83.33,-183.20,0
30994,90.91,-185.81,0
31005,90.91,-186.10,0
31016,90.91,-184.39,0
31029,76.92,-184.58,0
31040,90.91,-186.23,0
31051,90.91,-188.09,0
31063,83.33,-187.35,0
31074,90.91,-184.11,0
31085,90.91,-182.31,0
31097,83.33,-181.91,0
31109,83.33,-183.63,0
31120,90.91,-185.11,0
31131,90.91,-183.65,0
31142,90.91,-182.16,0
31154,83.33,-183.84,0
31166,83.33,-186.15,0
31177,90.91,-188.44,0
31188,90.91,-187.36,0
31200,83.33,-184.48,0
31211,90.91,-183.28,0
31222,90.91,-184.24,0
31235,76.92,-186.45,0
31246,90.91,-185.16,0
31257,90.91,-182.44,0
31268,90.91,-181.66,0
31280,83.33,-182.80,0
31291,90.91,-186.37,0
31303,83.33,-187.55,0
31314,90.91,-185.56,0
31326,83.33,-184.58,0
31337,90.91,-184.79,0
31348,90.91,-186.41,0
31361,83.33,-187.89,0
31372,83.33,-185.58,0
31383,90.91,-182.20,0
31394,90.91,-182.10,0
31406,83.33,-184.32,0
31417,90.91,-186.33,0
31429,90.91,-186.36,0
31440,83.33,-184.47,0
31452,83.33,-184.06,0
31463,90.91,-185.93,0
31474,90.91,-187.77,0
31485,90.91,-187.58,0
31498,76.92,-184.79,0
31509,90.91,-182.75,0
31520,90.91,-183.18,0
31532,83.33,-184.97,0
31543,90.91,-185.45,0
31554,90.91,-183.39,0
31566,83.33,-181.83,0
31578,83.33,-183.27,0
31589,90.91,-186.99,0
31600,90.91,-188.18,0
31611,90.91,-186.65,0
31623,83.33,-184.70,0
31635,83.33,-184.34,0
31646,90.91,-185.21,0
31657,90.91,-186.82,0
31669,83.33,-185.64,0
31680,90.91,-183.17,0
31691,90.91,-181.93,0
31704,76.92,-182.83,0
31715,90.91,-186.01,0
31726,90.91,-186.27,0
31737,90.91,-184.63,0
31749,83.33,-183.46,0
31760,90.91,-185.05,0
31772,83.33,-187.22,0
31783,90.91,-187.41,0
31795,83.33,-184.34,0
31806,90.91,-181.76,0
31817,90.91,-182.61,0
31828,90.91,-185.01,0
31841,76.92,-186.70,0
31852,90.91,-185.51,0
31863,90.91,-183.75,0
31875,83.33,-183.82,0
31886,90.91,-185.38,0
31897,90.91,-187.36,0
31909,83.33,-187.16,0
31921,83.33,-184.04,0
31932,90.91,-182.55,0
31943,90.91,-183.81,0
31954,90.91,-185.75,0
31966,83.33,-185.91,0
31978,83.33,-183.78,0
31989,90.91,-182.47,0
32001,83.33,-183.21,0
32012,90.91,-185.86,0
32023,90.91,-187.72,0
32035,90.91,-185.97,0
32047,76.92,-183.54,0
32058,90.91,-182.98,0
32069,90.91,-184.28,0
32080,90.91,-185.48,0
32092,83.33,-184.30,0
32104,83.33,-182.41,0
32115,90.91,-181.78,0
32126,90.91,-183.42,0
32138,83.33,-186.44,0
32149,90.91,-187.69,0
32160,90.91,-184.93,0
32173,76.92,-183.35,0
32184,90.91,-183.76,0
32195,90.91,-185.81,0
32206,90.91,-185.94,0
32218,83.33,-183.62,0
32229,90.91,-181.91,0
32241,83.33,-182.87,0
32252,90.91,-184.21,0
32264,83.33,-186.25,0
32275,90.91,-185.78,0
32286,90.91,-184.51,0
32297,90.91,-184.17,0
32310,76.92,-186.07,0
32321,90.91,-188.67,0
32332,90.91,-187.76,0
32344,83.33,-184.48,0
32355,90.91,-182.55,0
32366,90.91,-183.43,0
32378,83.33,-185.20,0
32390,83.33,-185.45,0
32401,90.91,-183.51,0
32412,90.91,-182.55,0
32423,90.91,-183.94,0
32435,83.33,-186.48,0
32447,83.33,-187.88,0
32458,90.91,-185.90,0
32470,83.33,-183.74,0
32481,90.91,-183.10,0
32492,90.91,-184.68,0
32503,90.91,-185.73,0
32516,76.92,-185.06,0
32527,90.91,-182.71,0
32538,90.91,-182.71,0
32549,90.91,-184.40,0
32561,83.33,-186.79,0
32572,90.91,-186.97,0
32584,83.33,-186.11,0
32595,90.91,-184.51,0
32607,83.33,-185.34,0
32618,90.91,-187.96,0
32629,90.91,-187.90,0
32642,83.33,-185.25,0
32653,83.33,-183.05,0
32664,90.91,-183.42,0
32675,90.91,-184.76,0
32687,83.33,-186.94,0
32698,90.91,-184.83,0
32710,83.33,-182.77,0
32721,90.91,-183.63,0
32733,83.33,-185.87,0
32744,90.91,-188.87,0
32755,90.91,-187.83,0
32766,90.91,-184.73,0
32779,76.92,-183.78,0
32790,90.91,-184.69,0
32801,90.91,-186.33,0
32813,83.33,-186.25,0
32824,90.91,-183.86,0
32835,90.91,-181.67,0
32847,83.33,-183.65,0
32859,83.33,-185.98,0
32870,90.91,-188.04,0
32881,90.91,-187.04,0
32892,90.91,-185.69,0
32904,83.33,-184.69,0
32916,83.33,-186.44,0
32927,90.91,-187.54,0
32939,83.33,-186.42,0
32950,90.91,-183.25,0
32961,90.91,-182.40,0
32972,90.91,-184.10,0
32985,76.92,-186.21,0
32996,90.91,-185.97,0
33007,90.91,-184.16,0
33018,90.91,-183.30,0
33030,83.33,-185.17,0
33041,90.91,-187.51,0
33053,83.33,-187.53,0
33064,90.91,-184.95,0
33076,83.33,-183.09,0
33087,90.91,-182.80,0
33098,90.91,-184.24,0
33110,83.33,-185.70,0
33122,83.33,-183.75,0
33133,90.91,-182.04,0
33144,90.91,-182.45,0
33156,83.33,-185.14,0
33167,90.91,-187.73,0
33179,90.91,-187.11,0
33190,83.33,-184.17,0
33202,83.33,-183.02,0
33213,90.91,-184.40,0
33224,90.91,-185.74,0
33235,90.91,-185.32,0
33248,76.92,-182.65,0
33259,90.91,-181.18,0
33270,90.91,-183.05,0
33282,83.33,-185.95,0
33293,90.91,-187.18,0
33304,90.91,-186.39,0
33316,83.33,-184.51,0
33328,83.33,-184.40,0
33339,90.91,-186.29,0
33350,90.91,-187.87,0
33361,90.91,-185.73,0
33373,83.33,-182.60,0
33385,83.33,-181.62,0
33396,90.91,-183.00,0
33408,83.33,-184.75,0
33419,90.91,-184.54,0
33430,90.91,-183.68,0
33441,90.91,-183.19,0
33454,76.92,-185.53,0
33465,90.91,-187.67,0
33476,90.91,-187.16,0
33487,90.91,-184.48,0
33499,83.33,-183.30,0
33510,90.91,-183.98,0
33522,83.33,-185.57,0
33533,90.91,-185.38,0
33545,83.33,-183.09,0
33556,90.91,-181.60,0
33567,90.91,-182.54,0
33579,83.33,-184.73,0
33591,83.33,-187.12,0
33602,90.91,-186.62,0
33613,90.91,-184.52,0
33625,83.33,-184.74,0
33636,90.91,-185.75,0
33648,90.91,-187.07,0
33659,83.33,-186.22,0
33671,83.33,-182.71,0
33682,90.91,-181.48,0
33693,90.91,-182.87,0
33704,90.91,-185.43,0
33717,83.33,-186.70,0
33728,83.33,-185.00,0
33739,90.91,-183.63,0
33751,83.33,-184.84,0
33762,90.91,-187.47,0
33773,90.91,-188.85,0
33785,83.33,-186.41,0
33797,83.33,-183.75,0
33808,90.91,-183.31,0
33819,90.91,-184.53,0
33830,90.91,-186.17,0
33842,83.33,-184.67,0
33854,83.33,-182.51,0
33865,90.91,-182.07,0
33876,90.91,-184.56,0
33888,83.33,-187.54,0
33899,90.91,-187.43,0
33910,90.91,-185.59,0
33923,76.92,-184.37,0
33934,90.91,-185.05,0
33945,90.91,-186.92,0
33956,90.91,-186.05,0
33968,83.33,-182.77,0
33979,90.91,-181.31,0
33991,83.33,-182.22,0
34002,90.91,-184.64,0
34014,83.33,-186.37,0
34025,90.91,-186.24,0
34036,90.91,-185.01,0
34048,83.33,-185.14,0
34060,83.33,-186.73,0
34071,90.91,-188.69,0
34082,90.91,-187.48,0
34094,83.33,-184.37,0
34105,90.91,-182.23,0
34117,90.91,-183.02,0
34128,83.33,-185.11,0
34140,83.33,-185.32,0
34151,90.91,-182.87,0
34162,90.91,-181.83,0
34173,90.91,-183.53,0
34186,76.92,-186.90,0
34197,90.91,-188.64,0
34208,90.91,-187.04,0
34220,83.33,-184.73,0
34231,90.91,-184.28,0
34242,90.91,-186.16,0
34254,83.33,-186.58,0
34266,83.33,-184.65,0
34277,90.91,-182.11,0
34288,90.91,-181.54,0
34299,90.91,-183.60,0
34311,83.33,-186.47,0
34323,83.33,-186.15,0
34334,90.91,-184.94,0
34345,90.91,-184.44,0
34357,83.33,-186.28,0
34368,90.91,-187.47,0
34379,90.91,-187.42,0
34392,76.92,-185.09,0
34403,90.91,-182.82,0
34414,90.91,-182.84,0
34425,90.91,-184.62,0
34437,83.33,-185.22,0
34448,90.91,-183.65,0
34460,83.33,-182.45,0
34471,90.91,-183.42,0
34483,83.33,-186.68,0
34494,90.91,-188.85,0
34505,90.91,-187.91,0
34516,90.91,-184.84,0
34529,76.92,-183.90,0
34540,90.91,-185.55,0
34551,90.91,-186.52,0
34563,83.33,-185.32,0
34574,90.91,-182.33,0
34586,90.91,-181.16,0
34597,83.33,-182.53,0
34609,83.33,-185.83,0
34620,90.91,-187.30,0
34631,90.91,-185.77,0
34642,90.91,-184.22,0
34655,76.92,-184.83,0
34666,90.91,-186.93,0
34677,90.91,-187.56,0
34689,83.33,-185.38,0
34700,90.91,-182.87,0
34711,90.91,-182.09,0
34723,83.33,-183.71,0
34735,83.33,-186.22,0
34746,90.91,-185.09,0
34757,90.91,-183.12,0
34768,90.91,-183.26,0
34780,83.33,-185.14,0
34792,83.33,-187.74,0
34803,90.91,-187.62,0
34814,90.91,-185.13,0
34826,83.33,-183.33,0
34837,90.91,-183.85,0
34848,90.91,-184.96,0
34861,76.92,-185.79,0
34872,90.91,-183.87,0
34883,90.91,-181.96,0
34894,90.91,-183.11,0
34906,83.33,-185.27,0
34917,90.91,-187.47,0
34929,83.33,-187.38,0
34940,90.91,-185.14,0
34952,83.33,-184.97,0
34963,90.91,-186.25,0
34974,90.91,-187.56,0
34987,90.91,-186.31,0
34998,76.92,-183.51,0
35009,90.91,-181.42,0
35020,90.91,-183.00,0
35032,83.33,-185.67,0
35043,90.91,-186.10,0
35055,90.91,-184.23,0
35066,83.33,-183.24,0
35078,83.33,-184.90,0
35089,90.91,-187.56,0
35100,90.91,-188.15,0
35111,90.91,-185.65,0
35124,76.92,-182.60,0
35135,90.91,-181.83,0
35146,90.91,-184.16,0
35158,83.33,-185.50,0
35169,90.91,-184.48,0
35180,90.91,-182.41,0
35192,83.33,-182.51,0
35204,83.33,-184.06,0
35215,90.91,-186.62,0
35226,90.91,-187.03,0
35237,90.91,-184.87,0
35249,83.33,-183.64,0
35261,83.33,-184.00,0
35272,90.91,-185.81,0
35283,90.91,-186.04,0
35295,83.33,-183.10,0
35306,90.91,-181.62,0
35317,90.91,-182.57,0
35330,76.92,-185.04,0
35341,90.91,-186.92,0
35352,90.91,-186.32,0
35363,90.91,-184.39,0
35375,83.33,-184.37,0
35386,90.91,-186.18,0
35398,83.33,-187.67,0
35409,90.91,-186.12,0
35421,83.33,-182.98,0
35432,90.91,-181.83,0
35443,90.91,-182.83,0
35454,90.91,-184.96,0
35467,76.92,-185.48,0
35478,90.91,-183.58,0
35489,90.91,-182.48,0
35501,83.33,-183.91,0
35512,90.91,-186.55,0
35524,90.91,-188.24,0
35535,83.33,-186.16,0
35547,83.33,-183.70,0
35558,90.91,-183.71,0
35569,90.91,-184.75,0
35580,90.91,-185.36,0
35593,76.92,-183.22,0
35604,90.91,-181.46,0
35615,90.91,-181.39,0
35627,83.33,-183.89,0
35638,90.91,-186.56,0
35649,90.91,-186.58,0
35661,83.33,-184.83,0
35673,83.33,-184.51,0
35684,90.91,-185.69,0
35695,90.91,-187.61,0
35706,90.91,-186.84,0
35718,83.33,-183.67,0
35730,83.33,-181.32,0
35741,90.91,-181.90,0
35752,90.91,-184.20,0
35764,83.33,-186.06,0
35775,90.91,-185.01,0
35786,90.91,-183.93,0
35799,76.92,-184.26,0
35810,90.91,-186.46,0
35821,90.91,-188.76,0
35832,90.91,-186.90,0
35844,83.33,-183.57,0
35855,90.91,-181.74,0
35867,83.33,-182.59,0
35878,90.91,-185.37,0
35890,83.33,-185.34,0
35901,90.91,-182.64,0
35912,90.91,-181.35,0
35924,90.91,-183.30,0
35936,76.92,-187.00,0
35947,90.91,-188.02,0
35958,90.91,-186.20,0
35970,83.33,-184.35,0
35981,90.91,-183.94,0
35993,83.33,-185.03,0
36004,90.91,-185.61,0
36016,83.33,-184.40,0
36027,90.91,-182.54,0
36038,90.91,-182.24,0
36049,90.91,-183.95,0
36062,76.92,-186.35,0
36073,90.91,-186.38,0
36084,90.91,-185.55,0
36096,83.33,-184.92,0
36107,90.91,-185.95,0
36118,90.91,-187.60,0
36130,83.33,-186.90,0
36142,83.33,-184.10,0
36153,90.91,-182.23,0
36164,90.91,-182.97,0
36175,90.91,-184.84,0
36187,83.33,-185.85,0
36199,83.33,-184.06,0
36210,90.91,-182.89,0
36221,90.91,-184.43,0
36233,83.33,-186.18,0
36244,90.91,-187.49,0
36255,90.91,-185.93,0
36268,76.92,-182.96,0
36279,90.91,-183.09,0
36290,90.91,-184.64,0
36301,90.91,-186.18,0
36313,83.33,-185.87,0
36325,90.91,-182.93,0
36336,83.33,-182.05,0
36347,90.91,-183.86,0
36359,83.33,-186.63,0
36370,90.91,-187.06,0
36381,90.91,-185.38,0
36393,83.33,-183.72,0
36405,83.33,-184.01,0
36416,90.91,-185.69,0
36427,90.91,-186.53,0
36439,83.33,-185.05,0
36450,90.91,-182.71,0
36462,83.33,-183.01,0
36473,90.91,-184.75,0
36485,83.33,-186.17,0
36496,90.91,-185.97,0
36507,90.91,-184.53,0
36518,90.91,-184.81,0
36531,76.92,-186.41,0
36542,90.91,-188.12,0
36553,90.91,-187.61,0
36564,90.91,-184.66,0
36576,83.33,-182.78,0
36587,90.91,-183.27,0
36599,83.33,-185.12,0
36611,83.33,-186.13,0
36622,90.91,-184.09,0
36633,90.91,-183.02,0
36644,90.91,-184.23,0
36656,83.33,-186.15,0
36668,83.33,-187.72,0
36679,90.91,-185.75,0
36690,90.91,-183.09,0
36702,83.33,-182.88,0
36713,90.91,-184.13,0
36725,90.91,-185.28,0
36737,76.92,-184.26,0
36748,90.91,-182.53,0
36759,90.91,-182.36,0
36770,90.91,-184.15,0
36782,83.33,-187.25,0
36794,90.91,-187.94,0
36805,83.33,-186.15,0
36816,90.91,-184.77,0
36828,83.33,-184.82,0
36839,90.91,-186.62,0
36850,90.91,-186.60,0
36862,83.33,-184.10,0
36874,83.33,-181.45,0
36885,90.91,-181.34,0
36896,90.91,-183.90,0
36908,83.33,-186.45,0
36919,90.91,-185.57,0
36931,83.33,-183.65,0
36942,90.91,-183.18,0
36954,83.33,-185.78,0
36965,90.91,-188.05,0
36976,90.91,-187.42,0
36987,90.91,-185.01,0
37000,76.92,-182.50,0
37011,90.91,-182.75,0
37022,90.91,-184.58,0
37033,90.91,-184.82,0
37045,83.33,-182.41,0
37056,90.91,-181.08,0
