66,15.15,591.34,0
77,90.91,592.17,0
89,83.33,589.91,0
100,90.91,587.07,0
111,90.91,588.32,0
123,83.33,594.36,0
135,83.33,595.15,0
146,90.91,592.72,0
157,90.91,593.25,0
168,90.91,591.25,0
180,83.33,593.73,0
192,83.33,593.42,0
203,90.91,591.58,0
215,83.33,591.09,0
226,90.91,590.37,0
237,90.91,591.07,0
248,90.91,592.88,0
261,76.92,594.27,0
272,90.91,592.40,0
283,90.91,585.39,0
294,90.91,586.42,0
306,83.33,591.95,0
317,90.91,595.41,0
329,83.33,594.97,0
340,90.91,593.15,0
352,83.33,589.49,0
363,90.91,588.60,0
374,90.91,597.01,0
386,83.33,594.16,0
398,83.33,591.56,0
409,90.91,591.87,0
420,90.91,587.31,0
432,83.33,589.45,0
443,90.91,594.28,0
454,90.91,594.03,0
466,83.33,591.90,0
478,83.33,589.91,0
489,90.91,590.77,0
500,90.91,593.59,0
512,83.33,597.36,0
523,90.91,594.57,0
535,83.33,587.23,0
546,90.91,584.01,0
558,83.33,587.64,0
569,90.91,588.92,0
580,90.91,592.58,0
591,90.91,593.91,0
604,76.92,589.97,0
615,90.91,587.36,0
626,90.91,588.87,0
637,90.91,591.70,0
649,83.33,593.41,0
660,90.91,594.39,0
672,83.33,588.82,0
684,83.33,586.81,0
695,90.91,586.07,0
706,90.91,591.87,0
717,90.91,594.99,0
729,83.33,594.46,0
741,83.33,594.59,0
752,90.91,591.82,0
763,90.91,590.58,0
775,83.33,595.14,0
786,90.91,592.91,0
797,90.91,589.32,0
809,83.33,587.41,0
821,83.33,586.15,0
832,90.91,591.20,0
843,90.91,595.97,0
855,83.33,592.86,0
866,90.91,588.35,0
878,83.33,589.47,0
889,90.91,587.65,0
901,83.33,591.78,0
912,90.91,597.04,0
923,90.91,593.01,0
934,90.91,587.91,0
947,76.92,588.45,0
958,90.91,592.02,0
969,90.91,593.10,0
980,90.91,596.54,0
992,83.33,594.59,0
1003,90.91,586.94,0
1015,83.33,588.82,0
1027,83.33,593.33,0
1038,90.91,594.15,0
1049,90.91,597.40,0
1060,90.91,591.52,0
1072,83.33,585.67,0
1084,83.33,588.54,0
1095,90.91,592.98,0
1106,90.91,595.58,0
1118,83.33,595.74,0
1129,90.91,590.48,0
1140,90.91,585.16,0
1153,76.92,588.47,0
1164,90.91,595.95,0
1175,90.91,595.19,0
1186,90.91,591.65,0
1198,83.33,586.84,0
1209,90.91,587.60,0
1221,83.33,590.63,0
1232,90.91,595.94,0
1244,83.33,599.27,0
1255,90.91,592.86,0
1266,90.91,585.99,0
1277,90.91,589.84,0
1290,76.92,592.29,0
1301,90.91,589.96,0
1312,90.91,589.63,0
1324,83.33,588.57,0
1335,90.91,585.96,0
1346,90.91,591.82,0
1358,83.33,598.72,0
1370,83.33,592.19,0
1381,90.91,584.65,0
1392,90.91,587.43,0
1403,90.91,590.53,0
1415,83.33,590.60,0
1427,83.33,594.58,0
1438,90.91,592.35,0
1449,90.91,584.94,0
1461,83.33,586.80,0
1472,90.91,594.07,0
1484,90.91,592.22,0
1496,76.92,591.75,0
1507,90.91,591.82,0
1518,90.91,588.29,0
1529,90.91,586.76,0
1541,83.33,592.44,0
1553,90.91,594.04,0
1564,83.33,590.32,0
1575,90.91,592.63,0
1587,83.33,593.03,0
1598,90.91,587.44,0
1609,90.91,592.58,0
1622,90.91,598.02,0
1633,76.92,588.88,0
1644,90.91,586.78,0
1655,90.91,590.07,0
1667,83.33,585.50,0
1678,90.91,587.58,0
1690,90.91,596.98,0
1701,83.33,595.94,0
1713,83.33,586.53,0
1724,90.91,590.61,0
1735,90.91,595.11,0
1746,90.91,587.88,0
1759,83.33,591.00,0
1770,83.33,594.90,0
1781,90.91,585.11,0
1793,83.33,586.06,0
1804,90.91,596.62,0
1815,90.91,592.81,0
1827,83.33,588.81,0
1839,83.33,593.47,0
1850,90.91,591.67,0
1861,90.91,586.66,0
1872,90.91,591.38,0
1884,83.33,594.22,0
1896,83.33,587.26,0
1907,90.91,589.55,0
1918,90.91,589.83,0
1930,83.33,589.51,0
1941,90.91,592.85,0
1952,90.91,596.98,0
1965,76.92,592.17,0
1976,90.91,589.65,0
1987,90.91,591.98,0
1998,90.91,589.54,0
2010,83.33,589.56,0
2021,90.91,594.00,0
2033,83.33,589.38,0
2044,90.91,587.30,0
2056,83.33,590.30,0
2067,90.91,591.32,0
2078,90.91,593.22,0
2089,90.91,593.73,0
2102,76.92,592.20,0
2113,90.91,590.92,0
2124,90.91,591.40,0
2136,83.33,594.96,0
2147,90.91,593.46,0
2158,90.91,587.91,0
2170,83.33,589.96,0
2182,83.33,592.23,0
2193,90.91,589.88,0
2204,90.91,594.55,0
2215,90.91,596.65,0
2227,83.33,592.26,0
2239,83.33,590.63,0
2250,90.91,589.25,0
2262,83.33,591.25,0
2273,90.91,594.66,0
2284,90.91,593.64,0
2295,90.91,590.76,0
2308,76.92,587.12,0
2319,90.91,590.76,0
2330,90.91,595.04,0
2341,90.91,594.99,0
2353,83.33,594.52,0
2364,90.91,589.29,0
2376,83.33,586.31,0
2387,90.91,592.25,0
2399,83.33,597.36,0
2410,90.91,594.58,0
2421,90.91,593.14,0
2433,83.33,589.08,0
2445,83.33,588.96,0
2456,90.91,591.99,0
2467,90.91,594.94,0
2479,83.33,591.48,0
2490,90.91,589.06,0
2501,90.91,590.33,0
2513,83.33,592.05,0
2525,83.33,592.64,0
2536,90.91,590.96,0
2547,90.91,590.60,0
2558,90.91,588.51,0
2570,83.33,590.05,0
2582,83.33,594.51,0
2593,90.91,593.62,0
2605,83.33,592.20,0
2616,90.91,591.56,0
2627,90.91,588.40,0
2638,90.91,592.56,0
2651,76.92,594.96,0
2662,90.91,595.31,0
2673,90.91,593.36,0
2684,90.91,591.30,0
2696,83.33,589.27,0
2707,90.91,589.96,0
2719,83.33,595.91,0
2731,83.33,595.23,0
2742,90.91,588.29,0
2753,90.91,588.01,0
2764,90.91,589.00,0
2776,83.33,589.14,0
2788,83.33,592.71,0
2799,90.91,595.37,0
2810,90.91,592.14,0
2822,83.33,591.48,0
2833,90.91,592.87,0
2844,90.91,593.09,0
2856,83.33,591.50,0
2868,83.33,591.06,0
2879,90.91,591.30,0
2890,90.91,584.89,0
2902,83.33,585.01,0
2913,90.91,594.59,0
2925,83.33,592.07,0
2936,90.91,589.62,0
2948,83.33,592.17,0
2959,90.91,589.99,0
2970,90.91,589.85,0
2981,90.91,593.13,0
2994,76.92,590.44,0
3005,90.91,587.00,0
3016,90.91,589.02,0
3027,90.91,593.69,0
3039,83.33,593.25,0
3050,90.91,588.80,0
3062,83.33,591.34,0
3074,83.33,590.45,0
3085,90.91,587.66,0
3096,90.91,594.48,0
3107,90.91,595.52,0
3119,83.33,589.66,0
3131,83.33,589.99,0
3142,90.91,591.77,0
3153,90.91,589.93,0
3165,83.33,590.63,0
3176,90.91,593.33,0
3187,90.91,590.19,0
3200,76.92,587.27,0
3211,90.91,590.68,0
3222,90.91,592.08,0
3233,90.91,591.96,0
3245,83.33,594.21,0
3256,90.91,591.12,0
3268,83.33,585.31,0
3279,90.91,591.65,0
3291,83.33,591.12,0
3302,90.91,587.56,0
3313,90.91,593.20,0
3324,90.91,593.05,0
3337,76.92,587.09,0
3348,90.91,589.69,0
3359,90.91,593.36,0
3371,83.33,591.33,0
3382,90.91,590.88,0
3393,90.91,593.26,0
3405,83.33,590.53,0
3417,83.33,590.43,0
3428,90.91,597.10,0
3439,90.91,595.82,0
3450,90.91,588.77,0
3462,83.33,589.43,0
3474,83.33,590.28,0
3485,90.91,591.58,0
3496,90.91,598.54,0
3508,83.33,594.87,0
3519,90.91,587.02,0
3530,90.91,590.42,0
3543,76.92,593.60,0
3554,90.91,591.12,0
3565,90.91,594.12,0
3576,90.91,595.16,0
3588,83.33,590.35,0
3599,90.91,586.44,0
3611,83.33,592.45,0
3622,90.91,593.99,0
3634,83.33,590.86,0
3645,90.91,589.83,0
3656,90.91,591.40,0
3667,90.91,591.34,0
3680,76.92,593.66,0
3691,90.91,598.28,0
3702,90.91,591.95,0
3714,83.33,587.54,0
3725,90.91,592.16,0
3737,90.91,592.78,0
3748,83.33,590.36,0
3760,83.33,593.71,0
3771,90.91,593.16,0
3782,90.91,588.41,0
3793,90.91,590.14,0
3806,83.33,594.60,0
3817,83.33,592.75,0
3828,90.91,593.42,0
3840,83.33,593.06,0
3851,90.91,591.13,0
3862,90.91,591.88,0
3874,90.91,594.61,0
3886,76.92,594.47,0
3897,90.91,590.62,0
3908,90.91,590.58,0
3919,90.91,592.18,0
3931,83.33,593.42,0
3943,90.91,594.24,0
3954,83.33,593.26,0
3965,90.91,591.00,0
3977,83.33,588.86,0
3988,90.91,591.75,0
3999,90.91,595.15,0
4012,83.33,590.81,0
4023,83.33,591.09,0
4034,90.91,591.64,0
4045,90.91,588.54,0
4057,83.33,591.10,0
4068,90.91,595.76,0
4080,90.91,592.85,0
4091,83.33,589.45,0
4103,83.33,590.64,0
4114,90.91,592.06,0
4125,90.91,594.05,0
4136,90.91,594.15,0
4149,83.33,591.96,0
4160,83.33,587.89,0
4171,90.91,586.57,0
4183,83.33,590.40,0
4194,90.91,592.10,0
4205,90.91,590.78,0
4217,90.91,591.06,0
4229,76.92,588.76,0
4240,90.91,588.50,0
4251,90.91,592.93,0
4262,90.91,592.87,0
4274,83.33,592.86,0
4286,90.91,594.86,0
4297,83.33,590.07,0
4308,90.91,588.53,0
4320,83.33,591.40,0
4331,90.91,589.70,0
4342,90.91,586.56,0
4355,83.33,587.47,0
4366,83.33,587.50,0
4377,90.91,588.47,0
4388,90.91,591.19,0
4400,83.33,597.71,0
4411,90.91,594.16,0
4423,90.91,590.80,0
4434,83.33,592.49,0
4446,83.33,588.77,0
4457,90.91,590.62,0
4468,90.91,595.60,0
4480,83.33,591.88,0
4492,90.91,586.91,0
4503,83.33,588.68,0
4514,90.91,589.75,0
4526,83.33,592.05,0
4537,90.91,593.64,0
4548,90.91,593.21,0
4560,90.91,587.39,0
4572,76.92,590.79,0
4583,90.91,595.17,0
4594,90.91,592.38,0
4605,90.91,587.80,0
4617,83.33,588.32,0
4629,90.91,588.74,0
4640,83.33,586.97,0
4652,83.33,593.15,0
4663,90.91,597.51,0
4674,90.91,590.11,0
4685,90.91,589.79,0
4698,83.33,594.92,0
4709,83.33,593.91,0
4720,90.91,593.37,0
4731,90.91,593.25,0
4743,83.33,588.42,0
4754,90.91,586.36,0
4766,83.33,592.99,0
4777,90.91,595.20,0
4789,83.33,593.41,0
4800,90.91,593.77,0
4811,90.91,590.88,0
4823,83.33,588.74,0
4835,83.33,589.77,0
4846,90.91,595.73,0
4857,90.91,594.60,0
4869,83.33,591.59,0
4880,90.91,592.26,0
4891,90.91,589.85,0
4903,83.33,591.97,0
4915,83.33,594.57,0
4926,90.91,591.06,0
4937,90.91,586.59,0
4948,90.91,588.43,0
4960,83.33,590.39,0
4972,83.33,592.50,0
4983,90.91,594.33,0
4995,83.33,591.18,0
5006,90.91,587.14,0
5017,90.91,592.51,0
5028,90.91,596.29,0
5041,76.92,596.00,0
5052,90.91,595.36,0
5063,90.91,591.44,0
5074,90.91,584.46,0
5086,83.33,588.53,0
5097,90.91,595.77,0
5109,83.33,590.75,0
5121,83.33,588.61,0
5132,90.91,592.72,0
5143,90.91,589.97,0
5154,90.91,591.72,0
5166,83.33,597.45,0
5178,83.33,593.61,0
5189,90.91,585.54,0
5200,90.91,590.12,0
5212,83.33,593.06,0
5223,90.91,588.75,0
5234,90.91,591.77,0
5246,83.33,593.01,0
5258,83.33,586.48,0
5269,90.91,589.12,0
5280,90.91,596.57,0
5292,83.33,599.05,0
5303,90.91,592.34,0
5315,83.33,588.65,0
5326,90.91,592.34,0
5338,83.33,592.68,0
5349,90.91,594.03,0
5360,90.91,596.15,0
5371,90.91,593.15,0
5384,76.92,589.69,0
5395,90.91,594.02,0
5406,90.91,594.98,0
5417,90.91,593.29,0
5429,83.33,592.15,0
5440,90.91,590.63,0
5452,83.33,588.88,0
5464,83.33,591.20,0
5475,90.91,593.75,0
5486,90.91,591.23,0
5497,90.91,588.26,0
5509,83.33,590.12,0
5521,83.33,591.92,0
5532,90.91,592.22,0
5543,90.91,594.69,0
5555,83.33,592.75,0
5566,90.91,587.95,0
5577,90.91,587.53,0
5590,76.92,589.78,0
5601,90.91,593.83,0
5612,90.91,594.33,0
5623,90.91,591.49,0
5635,83.33,591.01,0
5646,90.91,590.59,0
5658,83.33,588.88,0
5669,90.91,592.24,0
5681,83.33,591.42,0
5692,90.91,587.49,0
5703,90.91,588.28,0
5714,90.91,590.10,0
5727,76.92,592.08,0
5738,90.91,594.22,0
5749,90.91,595.72,0
5761,83.33,594.95,0
5772,90.91,591.58,0
5783,90.91,594.53,0
5795,83.33,597.00,0
5807,83.33,588.88,0
5818,90.91,591.38,0
5829,90.91,592.05,0
5840,90.91,587.61,0
5852,83.33,593.10,0
5864,83.33,592.63,0
5875,90.91,587.48,0
5886,90.91,589.44,0
5898,83.33,594.74,0
5909,90.91,593.41,0
5920,90.91,590.65,0
5933,76.92,590.51,0
5944,90.91,591.08,0
5955,90.91,589.14,0
5966,90.91,588.71,0
5978,83.33,591.65,0
5989,90.91,588.16,0
6001,83.33,591.16,0
6012,90.91,595.42,0
6024,83.33,589.18,0
6035,90.91,588.92,0
6046,90.91,594.62,0
6057,90.91,589.16,0
6070,76.92,587.62,0
6081,90.91,591.12,0
6092,90.91,592.39,0
6104,83.33,588.17,0
6115,90.91,589.34,0
6126,90.91,596.20,0
6138,83.33,590.02,0
6150,83.33,589.94,0
6161,90.91,596.24,0
6172,90.91,589.55,0
6183,90.91,587.65,0
6195,83.33,596.17,0
6207,83.33,592.56,0
6218,90.91,585.31,0
6230,83.33,594.40,0
6241,90.91,596.11,0
6252,90.91,589.56,0
6263,90.91,591.76,0
6276,76.92,592.65,0
6287,90.91,586.13,0
6298,90.91,584.89,0
6309,90.91,594.92,0
6321,83.33,591.08,0
6332,90.91,583.87,0
6344,83.33,592.08,0
6355,90.91,596.32,0
6367,83.33,589.74,0
6378,90.91,592.03,0
6389,90.91,595.70,0
6401,83.33,589.42,0
6413,83.33,588.05,0
6424,90.91,594.19,0
6435,90.91,590.74,0
6447,83.33,585.93,0
6458,90.91,589.38,0
6469,90.91,592.13,0
6481,83.33,591.23,0
6493,83.33,592.59,0
6504,90.91,595.28,0
6515,90.91,591.33,0
6526,90.91,587.99,0
6538,83.33,588.93,0
6550,83.33,593.60,0
6561,90.91,593.77,0
6573,83.33,589.81,0
6584,90.91,590.27,0
6595,90.91,589.64,0
6606,90.91,589.90,0
6619,76.92,593.88,0
6630,90.91,594.94,0
6641,90.91,589.46,0
6652,90.91,591.43,0
6664,83.33,591.03,0
6675,90.91,587.65,0
6687,83.33,588.14,0
6699,83.33,591.67,0
6710,90.91,591.50,0
6721,90.91,590.02,0
6732,90.91,593.61,0
6744,83.33,594.75,0
6756,83.33,590.65,0
6767,90.91,593.13,0
6778,90.91,593.88,0
6790,83.33,587.72,0
6801,90.91,591.46,0
6812,90.91,595.53,0
6824,83.33,591.29,0
6836,83.33,587.62,0
6847,90.91,589.13,0
6858,90.91,589.58,0
6870,83.33,590.88,0
6881,90.91,593.99,0
6893,83.33,595.39,0
6904,90.91,590.08,0
6916,83.33,587.86,0
6927,90.91,592.30,0
6938,90.91,592.77,0
6949,90.91,591.52,0
6962,76.92,594.09,0
6973,90.91,589.53,0
6984,90.91,588.12,0
6995,90.91,593.29,0
7007,83.33,598.77,0
7018,90.91,592.06,0
7030,83.33,587.01,0
7042,83.33,590.83,0
7053,90.91,590.21,0
7064,90.91,587.45,0
7075,90.91,593.17,0
7087,83.33,591.31,0
7099,83.33,589.51,0
7110,90.91,593.12,0
7121,90.91,593.66,0
7133,83.33,590.89,0
7144,90.91,590.05,0
7155,90.91,589.49,0
7168,76.92,589.39,0
7179,90.91,588.02,0
7190,90.91,591.53,0
7201,90.91,592.17,0
7213,83.33,590.68,0
7224,90.91,593.35,0
7236,83.33,592.82,0
7247,90.91,588.54,0
7259,83.33,594.80,0
7270,90.91,595.88,0
7281,90.91,588.41,0
7292,90.91,587.19,0
7305,76.92,587.67,0
7316,90.91,585.89,0
7327,90.91,592.52,0
7339,83.33,595.41,0
7350,90.91,592.23,0
7361,90.91,588.42,0
7373,83.33,593.36,0
7385,83.33,595.58,0
7396,90.91,591.41,0
7407,90.91,593.35,0
7418,90.91,591.54,0
7430,83.33,586.28,0
7442,83.33,590.25,0
7453,90.91,593.83,0
7464,90.91,587.98,0
7476,83.33,589.35,0
7487,90.91,593.53,0
7498,90.91,588.94,0
7511,76.92,584.21,0
7522,90.91,592.52,0
7533,90.91,595.87,0
7544,90.91,588.81,0
7556,83.33,591.51,0
7567,90.91,592.66,0
7579,83.33,586.08,0
7590,90.91,590.82,0
7602,83.33,598.54,0
7613,90.91,592.52,0
7624,90.91,590.79,0
7635,90.91,594.06,0
7648,76.92,589.48,0
7659,90.91,588.69,0
7670,90.91,594.21,0
7682,83.33,591.15,0
7693,90.91,589.54,0
7704,90.91,589.56,0
7716,83.33,594.82,0
7728,83.33,592.80,0
7739,90.91,591.45,0
7750,90.91,595.61,0
7761,90.91,591.80,0
7773,83.33,588.15,0
7785,83.33,595.47,0
7796,90.91,593.03,0
7808,83.33,587.64,0
7819,90.91,590.49,0
7830,90.91,587.65,0
7841,90.91,589.24,0
7854,76.92,594.01,0
7865,90.91,592.30,0
7876,90.91,588.51,0
7887,90.91,588.82,0
7899,83.33,590.99,0
7910,90.91,591.30,0
7922,83.33,590.34,0
7933,90.91,591.88,0
7945,83.33,588.51,0
7956,90.91,587.61,0
7967,90.91,595.36,0
7979,83.33,596.32,0
7991,83.33,590.22,0
8002,90.91,589.42,0
8013,90.91,589.30,0
8025,83.33,589.61,0
8036,90.91,593.77,0
8047,90.91,594.64,0
8059,83.33,590.67,0
8071,83.33,589.50,0
8082,90.91,590.92,0
8093,90.91,593.57,0
8104,90.91,594.00,0
8116,83.33,596.66,0
8128,83.33,593.69,0
8139,90.91,585.92,0
8151,83.33,589.91,0
8162,90.91,592.01,0
8173,90.91,586.68,0
8184,90.91,590.35,0
8197,76.92,592.13,0
8208,90.91,589.00,0
8219,90.91,591.16,0
8230,90.91,595.70,0
8242,83.33,592.86,0
8253,90.91,590.53,0
8265,83.33,591.84,0
8276,90.91,591.41,0
8288,83.33,589.71,0
8299,90.91,592.10,0
8310,90.91,593.43,0
8322,83.33,588.79,0
8334,83.33,591.17,0
8345,90.91,594.52,0
8356,90.91,591.02,0
8368,83.33,591.66,0
8379,90.91,595.11,0
8391,90.91,588.75,0
8402,83.33,587.33,0
8414,83.33,592.98,0
8425,90.91,592.09,0
8436,90.91,588.33,0
8448,83.33,594.35,0
8460,90.91,596.85,0
8471,83.33,591.61,0
8482,90.91,589.18,0
8494,83.33,593.79,0
8505,90.91,590.36,0
8516,90.91,589.24,0
8528,90.91,596.17,0
8540,76.92,591.50,0
8551,90.91,587.63,0
8562,90.91,592.95,0
8573,90.91,591.88,0
8585,83.33,590.27,0
8597,90.91,593.27,0
8608,83.33,594.05,0
8620,83.33,588.97,0
8631,90.91,590.81,0
8642,90.91,594.70,0
8653,90.91,588.26,0
8666,83.33,587.98,0
8677,83.33,594.43,0
8688,90.91,590.28,0
8699,90.91,590.60,0
8711,83.33,597.71,0
8722,90.91,596.28,0
8734,90.91,588.90,0
8745,83.33,592.19,0
8757,83.33,590.94,0
8768,90.91,589.15,0
8779,90.91,592.15,0
8791,83.33,590.83,0
8803,90.91,586.16,0
8814,83.33,585.23,0
8825,90.91,592.15,0
8837,83.33,594.18,0
8848,90.91,596.03,0
8859,90.91,595.07,0
8871,90.91,587.27,0
8883,76.92,588.68,0
8894,90.91,592.93,0
8905,90.91,589.63,0
8916,90.91,588.28,0
8928,83.33,591.12,0
8940,90.91,587.52,0
8951,83.33,591.79,0
8963,83.33,598.83,0
8974,90.91,595.45,0
8985,90.91,588.82,0
8996,90.91,588.03,0
9009,83.33,590.96,0
9020,83.33,588.61,0
9031,90.91,591.19,0
9042,90.91,597.99,0
9054,83.33,589.37,0
9065,90.91,586.46,0
9077,90.91,594.25,0
9089,83.33,593.61,0
9100,90.91,590.11,0
9111,90.91,592.45,0
9122,90.91,590.40,0
9134,83.33,586.23,0
9146,90.91,590.22,0
9157,83.33,596.06,0
9168,90.91,588.57,0
9180,83.33,589.43,0
9191,90.91,595.54,0
9202,90.91,588.00,0
9214,90.91,586.63,0
9226,76.92,595.76,0
9237,90.91,594.70,0
9248,90.91,588.65,0
9260,83.33,594.04,0
9271,90.91,592.79,0
9283,90.91,585.18,0
9294,83.33,591.56,0
9306,83.33,596.25,0
9317,90.91,588.97,0
9328,90.91,590.58,0
9339,90.91,598.55,0
9352,83.33,591.12,0
9363,83.33,584.70,0
9374,90.91,593.67,0
9385,90.91,594.01,0
9397,83.33,588.24,0
9408,90.91,596.42,0
9420,90.91,596.72,0
9432,83.33,585.43,0
9443,90.91,590.57,0
9454,90.91,597.14,0
9465,90.91,591.41,0
9477,83.33,592.63,0
9489,83.33,597.50,0
9500,90.91,588.93,0
9511,90.91,587.95,0
9523,83.33,596.83,0
9534,90.91,592.54,0
9545,90.91,587.79,0
9558,76.92,593.84,0
9569,90.91,591.58,0
9580,90.91,587.20,0
9591,90.91,595.82,0
9603,83.33,597.63,0
9614,90.91,586.43,0
9626,83.33,585.71,0
9637,90.91,591.68,0
9649,83.33,589.41,0
9660,90.91,591.56,0
9671,90.91,597.58,0
9682,90.91,590.00,0
9695,76.92,585.01,0
9706,90.91,592.67,0
9717,90.91,595.75,0
9729,83.33,589.72,0
9740,90.91,592.04,0
9751,90.91,593.19,0
9763,83.33,586.94,0
9775,83.33,589.17,0
9786,90.91,596.16,0
9797,90.91,590.60,0
9808,90.91,592.55,0
9820,83.33,595.10,0
9832,83.33,590.21,0
9843,90.91,585.15,0
9854,90.91,589.27,0
9866,83.33,594.74,0
9877,90.91,589.30,0
9888,90.91,589.44,0
9901,76.92,591.05,0
9912,90.91,588.68,0
9923,90.91,590.76,0
9934,90.91,599.70,0
9946,83.33,594.07,0
9957,90.91,587.29,0
9969,83.33,590.60,0
9980,90.91,592.77,0
9992,83.33,588.14,0
10003,90.91,590.28,0
10014,90.91,593.89,0
10025,90.91,588.26,0
10038,76.92,587.92,0
10049,90.91,595.43,0
10060,90.91,594.63,0
10072,83.33,592.90,0
10083,90.91,595.16,0
10094,90.91,589.70,0
10106,83.33,587.22,0
10118,83.33,594.76,0
10129,90.91,593.84,0
10140,90.91,588.51,0
10151,90.91,589.99,0
10163,83.33,591.72,0
10175,83.33,592.20,0
10186,90.91,594.99,0
10198,83.33,598.08,0
10209,90.91,595.23,0
10220,90.91,587.91,0
10231,90.91,590.84,0
10244,76.92,590.15,0
10255,90.91,589.26,0
10266,90.91,591.63,0
10277,90.91,588.20,0
10289,83.33,587.68,0
10300,90.91,596.66,0
10312,83.33,597.75,0
10323,90.91,591.42,0
10335,83.33,589.95,0
10346,90.91,590.12,0
10357,90.91,590.52,0
10369,83.33,590.83,0
10381,83.33,594.24,0
10392,90.91,592.68,0
10403,90.91,590.49,0
10415,83.33,593.10,0
10426,90.91,591.75,0
10437,90.91,592.06,0
10449,83.33,596.01,0
10461,83.33,593.29,0
10472,90.91,590.05,0
10483,90.91,590.20,0
10494,90.91,589.97,0
10506,83.33,591.19,0
10518,83.33,592.46,0
10529,90.91,591.44,0
10541,83.33,589.39,0
10552,90.91,588.59,0
10563,90.91,590.84,0
10574,90.91,591.32,0
10587,76.92,591.54,0
10598,90.91,590.92,0
10609,90.91,590.65,0
10620,90.91,588.44,0
10632,83.33,587.18,0
10643,90.91,591.59,0
10655,83.33,590.96,0
10667,83.33,592.77,0
10678,90.91,596.18,0
10689,90.91,591.71,0
10700,90.91,585.82,0
10712,83.33,589.47,0
10724,83.33,592.16,0
10735,90.91,590.29,0
10746,90.91,592.02,0
10758,83.33,594.40,0
10769,90.91,592.56,0
10780,90.91,593.09,0
10792,83.33,596.74,0
10804,83.33,590.80,0
10815,90.91,591.27,0
10826,90.91,592.42,0
10838,83.33,587.97,0
10849,90.91,586.11,0
10861,83.33,592.20,0
10872,90.91,591.11,0
10884,83.33,587.38,0
10895,90.91,589.91,0
10906,90.91,593.48,0
10917,90.91,591.49,0
10930,76.92,591.09,0
10941,90.91,593.18,0
10952,90.91,591.04,0
10963,90.91,588.84,0
10975,83.33,593.75,0
10986,90.91,591.79,0
10998,83.33,588.27,0
11010,83.33,590.93,0
11021,90.91,591.70,0
11032,90.91,586.27,0
11043,90.91,590.57,0
11055,83.33,596.21,0
11067,83.33,593.25,0
11078,90.91,591.15,0
11089,90.91,593.36,0
11101,83.33,591.49,0
11112,90.91,589.21,0
11123,90.91,593.01,0
11136,76.92,592.03,0
11147,90.91,585.23,0
11158,90.91,591.67,0
11169,90.91,596.26,0
11181,83.33,591.47,0
11192,90.91,593.38,0
11204,83.33,592.59,0
11215,90.91,587.85,0
11227,83.33,592.02,0
11238,90.91,596.40,0
11249,90.91,591.86,0
11260,90.91,587.40,0
11273,76.92,593.16,0
11284,90.91,591.04,0
11295,90.91,589.49,0
11307,83.33,594.16,0
11318,90.91,594.88,0
11329,90.91,589.06,0
11341,83.33,590.38,0
11353,83.33,594.47,0
11364,90.91,588.42,0
11375,90.91,587.66,0
11386,90.91,594.53,0
11398,83.33,593.44,0
11410,83.33,589.80,0
11421,90.91,596.68,0
11432,90.91,595.09,0
11444,83.33,587.12,0
11455,90.91,591.46,0
11466,90.91,595.17,0
11479,76.92,590.76,0
11490,90.91,590.28,0
11501,90.91,594.33,0
11512,90.91,591.71,0
11524,83.33,590.83,0
11535,90.91,594.28,0
11547,83.33,594.07,0
11558,90.91,590.29,0
11570,83.33,591.64,0
11581,90.91,589.86,0
11592,90.91,587.50,0
11603,90.91,591.39,0
11616,76.92,592.25,0
11627,90.91,588.62,0
11638,90.91,589.87,0
11650,83.33,594.35,0
11661,90.91,594.14,0
11672,90.91,593.50,0
11684,83.33,592.51,0
11696,83.33,590.56,0
11707,90.91,589.76,0
11718,90.91,592.07,0
11729,90.91,592.34,0
11741,83.33,590.88,0
11753,83.33,590.80,0
11764,90.91,590.38,0
11776,83.33,590.50,0
11787,90.91,594.75,0
11798,90.91,592.39,0
11809,90.91,589.82,0
11822,76.92,589.71,0
11833,90.91,590.58,0
11844,90.91,588.64,0
11855,90.91,589.32,0
11867,83.33,591.47,0
11878,90.91,588.20,0
11890,83.33,594.25,0
11901,90.91,597.83,0
11913,83.33,592.76,0
11924,90.91,591.10,0
11935,90.91,591.99,0
11947,83.33,589.79,0
11959,83.33,588.37,0
11970,90.91,592.24,0
11981,90.91,591.84,0
11993,83.33,588.83,0
12004,90.91,590.31,0
12015,90.91,591.96,0
12027,83.33,590.52,0
12039,83.33,592.72,0
12050,90.91,592.65,0
12061,90.91,591.77,0
12072,90.91,592.58,0
12084,83.33,594.36,0
12096,83.33,593.41,0
12107,90.91,593.06,0
12119,83.33,593.06,0
12130,90.91,590.17,0
12141,90.91,590.50,0
12152,90.91,593.59,0
12165,76.92,593.20,0
12176,90.91,589.81,0
12187,90.91,591.54,0
12198,90.91,592.02,0
12210,83.33,589.49,0
12221,90.91,593.12,0
12233,83.33,595.83,0
12244,90.91,592.39,0
12256,83.33,592.91,0
12267,90.91,595.04,0
12278,90.91,592.54,0
12290,83.33,593.17,0
12302,83.33,591.49,0
12313,90.91,588.88,0
12324,90.91,593.15,0
12336,83.33,595.28,0
12347,90.91,589.65,0
12358,90.91,587.55,0
12370,83.33,590.85,0
12382,83.33,592.78,0
12393,90.91,591.96,0
12404,90.91,593.76,0
12416,83.33,591.42,0
12427,90.91,586.82,0
12439,83.33,586.74,0
12450,90.91,591.04,0
12462,83.33,592.52,0
12473,90.91,588.67,0
12484,90.91,588.71,0
12495,90.91,589.08,0
12508,76.92,591.29,0
12519,90.91,596.07,0
12530,90.91,593.91,0
12541,90.91,588.99,0
12553,83.33,586.31,0
12564,90.91,590.02,0
12576,83.33,592.75,0
12588,83.33,591.55,0
12599,90.91,592.02,0
12610,90.91,590.63,0
12621,90.91,586.18,0
12633,83.33,590.97,0
12645,83.33,593.75,0
12656,90.91,593.53,0
12667,90.91,593.57,0
12679,83.33,589.20,0
12690,90.91,589.05,0
12701,90.91,592.25,0
12713,83.33,592.46,0
12725,83.33,591.41,0
12736,90.91,589.31,0
12747,90.91,589.18,0
12759,83.33,588.75,0
12770,90.91,591.60,0
12782,83.33,594.83,0
12793,90.91,594.53,0
12805,83.33,588.60,0
12816,90.91,591.46,0
12827,90.91,595.52,0
12838,90.91,593.68,0
12851,76.92,590.16,0
12862,90.91,590.67,0
12873,90.91,591.64,0
12884,90.91,592.64,0
12896,83.33,596.31,0
12907,90.91,594.31,0
12919,83.33,587.38,0
12931,83.33,587.53,0
12942,90.91,589.94,0
12953,90.91,589.68,0
12964,90.91,593.84,0
12976,83.33,596.14,0
12988,83.33,589.28,0
12999,90.91,587.84,0
13010,90.91,595.12,0
13022,83.33,594.12,0
13033,90.91,590.54,0
13044,90.91,590.59,0
13057,76.92,589.10,0
13068,90.91,584.92,0
13079,90.91,585.95,0
13090,90.91,595.18,0
13102,83.33,592.12,0
13113,90.91,585.19,0
13125,83.33,593.61,0
13136,90.91,593.98,0
13148,83.33,591.28,0
13159,90.91,595.09,0
13170,90.91,594.93,0
13181,90.91,588.20,0
13194,76.92,586.09,0
13205,90.91,590.48,0
13216,90.91,590.17,0
13228,83.33,592.79,0
13239,90.91,596.34,0
13250,90.91,589.99,0
13262,83.33,588.37,0
13274,83.33,596.70,0
13285,90.91,596.55,0
13296,90.91,590.43,0
13307,90.91,592.10,0
13319,83.33,590.97,0
13331,83.33,586.96,0
13342,90.91,592.85,0
13353,90.91,594.93,0
13365,83.33,589.31,0
13376,90.91,589.11,0
13387,90.91,592.79,0
13400,76.92,595.52,0
13411,90.91,593.34,0
13422,90.91,593.34,0
13433,90.91,591.86,0
13445,83.33,587.81,0
13456,90.91,588.40,0
13468,83.33,594.37,0
13479,90.91,593.84,0
13491,83.33,591.38,0
13502,90.91,594.00,0
13513,90.91,590.97,0
13524,90.91,589.80,0
13537,76.92,596.92,0
13548,90.91,594.28,0
13559,90.91,587.42,0
13571,83.33,589.44,0
13582,90.91,588.82,0
13594,90.91,593.12,0
13605,83.33,595.83,0
13617,83.33,591.09,0
13628,90.91,587.58,0
13639,90.91,585.83,0
13650,90.91,590.23,0
13663,83.33,592.64,0
13674,83.33,593.20,0
13685,90.91,591.76,0
13697,83.33,589.36,0
13708,90.91,589.48,0
13719,90.91,593.28,0
13731,90.91,594.68,0
13743,76.92,593.40,0
13754,90.91,590.55,0
13765,90.91,589.70,0
13776,90.91,591.82,0
13788,83.33,592.23,0
13800,90.91,593.56,0
13811,83.33,587.21,0
13822,90.91,584.02,0
13834,83.33,589.15,0
13845,90.91,591.36,0
13856,90.91,592.27,0
13869,83.33,595.35,0
13880,83.33,590.80,0
13891,90.91,588.14,0
13902,90.91,592.26,0
13914,83.33,592.72,0
13925,90.91,589.91,0
13937,90.91,591.14,0
13948,83.33,592.85,0
13960,83.33,586.45,0
13971,90.91,590.05,0
13982,90.91,596.50,0
13993,90.91,592.21,0
14006,76.92,591.68,0
14017,90.91,593.02,0
14028,90.91,588.67,0
14040,83.33,589.01,0
14051,90.91,591.77,0
14062,90.91,590.71,0
14074,83.33,591.45,0
14086,83.33,594.91,0
14097,90.91,593.26,0
14108,90.91,592.83,0
14119,90.91,594.56,0
14131,83.33,596.47,0
14143,83.33,591.23,0
14154,90.91,589.09,0
14166,83.33,592.09,0
14177,90.91,589.66,0
14188,90.91,587.22,0
14199,90.91,589.15,0
14212,76.92,589.53,0
14223,90.91,588.05,0
14234,90.91,592.12,0
14245,90.91,596.37,0
14257,83.33,596.13,0
14268,90.91,589.71,0
14280,83.33,589.90,0
14291,90.91,589.93,0
14303,83.33,590.50,0
14314,90.91,595.71,0
14325,90.91,592.22,0
14337,83.33,586.65,0
14349,83.33,590.01,0
14360,90.91,593.59,0
14371,90.91,590.89,0
14383,83.33,594.41,0
14394,90.91,591.82,0
14405,90.91,588.44,0
14417,83.33,589.93,0
14429,83.33,594.70,0
14440,90.91,595.01,0
14451,90.91,591.80,0
14462,90.91,590.39,0
14474,83.33,589.93,0
14486,83.33,589.98,0
14497,90.91,592.83,0
14509,83.33,596.03,0
14520,90.91,593.84,0
14531,90.91,588.93,0
14542,90.91,589.05,0
14555,76.92,589.95,0
14566,90.91,592.47,0
14577,90.91,594.67,0
14588,90.91,593.51,0
14600,83.33,591.13,0
14611,90.91,592.39,0
14623,83.33,593.29,0
14635,83.33,589.96,0
14646,90.91,593.55,0
14657,90.91,594.76,0
14668,90.91,588.17,0
14680,83.33,589.90,0
14692,83.33,594.16,0
14703,90.91,591.56,0
14714,90.91,590.47,0
14726,83.33,591.47,0
14737,90.91,591.92,0
14748,90.91,590.45,0
14760,83.33,592.04,0
14772,83.33,593.99,0
14783,90.91,590.32,0
14794,90.91,587.25,0
14806,83.33,589.87,0
14817,90.91,591.38,0
14829,83.33,590.89,0
14840,90.91,593.16,0
14852,83.33,593.07,0
14863,90.91,592.30,0
14874,90.91,592.19,0
14885,90.91,592.56,0
14898,76.92,590.28,0
14909,90.91,590.32,0
14920,90.91,588.80,0
14931,90.91,588.38,0
14943,83.33,590.95,0
14954,90.91,592.44,0
14966,83.33,591.74,0
14978,83.33,591.02,0
14989,90.91,591.96,0
15000,90.91,589.34,0
15011,90.91,590.46,0
15023,83.33,592.89,0
15035,83.33,591.53,0
15046,90.91,591.85,0
15057,90.91,592.48,0
15069,83.33,591.38,0
15080,90.91,592.63,0
15091,90.91,595.14,0
15104,76.92,592.36,0
15115,90.91,588.03,0
15126,90.91,589.97,0
15137,90.91,592.84,0
15149,83.33,591.23,0
15160,90.91,588.74,0
15172,83.33,589.06,0
15183,90.91,586.85,0
15195,83.33,588.24,0
15206,90.91,595.43,0
15217,90.91,593.95,0
15228,90.91,590.78,0
15241,76.92,590.56,0
15252,90.91,588.31,0
15263,90.91,588.33,0
15275,83.33,593.21,0
15286,90.91,592.46,0
15297,90.91,588.51,0
15309,83.33,589.41,0
15321,83.33,591.11,0
15332,90.91,592.14,0
15343,90.91,592.63,0
15354,90.91,595.46,0
15366,83.33,588.30,0
15378,83.33,583.21,0
15389,90.91,591.37,0
15400,90.91,596.55,0
15412,83.33,593.11,0
15423,90.91,591.23,0
15434,90.91,589.93,0
15447,76.92,590.26,0
15458,90.91,592.94,0
15469,90.91,596.82,0
15480,90.91,594.74,0
15492,83.33,589.15,0
15503,90.91,589.23,0
15515,83.33,591.26,0
15526,90.91,590.34,0
15538,83.33,593.17,0
15549,90.91,591.83,0
15560,90.91,589.87,0
15571,90.91,590.17,0
15584,76.92,592.78,0
15595,90.91,595.43,0
15606,90.91,598.03,0
15618,83.33,593.98,0
15629,90.91,585.69,0
15641,90.91,587.55,0
15652,83.33,591.14,0
15664,83.33,590.40,0
15675,90.91,592.64,0
15686,90.91,592.25,0
15697,90.91,591.26,0
15710,83.33,590.30,0
15721,83.33,594.34,0
15732,90.91,594.36,0
15744,83.33,589.00,0
15755,90.91,591.76,0
15766,90.91,595.56,0
15778,90.91,591.18,0
15790,76.92,593.83,0
15801,90.91,596.44,0
15812,90.91,587.97,0
15823,90.91,588.83,0
15835,83.33,593.69,0
15847,90.91,590.17,0
15858,83.33,590.43,0
15869,90.91,594.20,0
15881,83.33,592.12,0
15892,90.91,589.57,0
15903,90.91,591.94,0
15916,76.92,595.28,0
15927,90.91,590.20,0
15938,90.91,590.36,0
15949,90.91,591.53,0
15961,83.33,588.28,0
15972,90.91,591.60,0
15984,83.33,595.45,0
15995,90.91,589.41,0
16007,83.33,586.84,0
16018,90.91,590.04,0
16029,90.91,591.43,0
16040,90.91,592.61,0
16053,76.92,597.38,0
16064,90.91,596.60,0
16075,90.91,590.13,0
16087,83.33,591.05,0
16098,90.91,591.14,0
16109,90.91,588.46,0
16121,83.33,591.50,0
16133,83.33,593.70,0
16144,90.91,587.53,0
16155,90.91,587.97,0
16166,90.91,593.12,0
16178,83.33,593.58,0
16190,83.33,592.09,0
16201,90.91,594.83,0
16212,90.91,591.69,0
16224,83.33,587.59,0
16235,90.91,591.16,0
16246,90.91,596.47,0
16259,76.92,588.83,0
16270,90.91,588.69,0
16281,90.91,593.04,0
16292,90.91,588.35,0
16304,83.33,584.87,0
16315,90.91,595.32,0
16327,83.33,595.74,0
16338,90.91,588.51,0
16350,83.33,594.29,0
16361,90.91,596.14,0
16372,90.91,588.38,0
16384,83.33,591.96,0
16396,83.33,594.88,0
16407,90.91,584.80,0
16418,90.91,586.62,0
16430,83.33,597.21,0
16441,90.91,594.15,0
16452,90.91,589.70,0
16464,83.33,598.96,0
16476,83.33,595.26,0
16487,90.91,586.07,0
16498,90.91,594.29,0
16509,90.91,598.97,0
16521,83.33,586.40,0
16533,83.33,587.51,0
16544,90.91,594.96,0
16556,83.33,587.40,0
16567,90.91,589.77,0
16578,90.91,602.32,0
16589,90.91,590.29,0
16602,76.92,581.36,0
16613,90.91,593.65,0
16624,90.91,591.03,0
16635,90.91,585.51,0
16647,83.33,595.11,0
16658,90.91,592.86,0
16670,83.33,583.56,0
16681,90.91,589.87,0
16693,83.33,597.39,0
16704,90.91,587.99,0
16715,90.91,585.01,0
16727,83.33,594.37,0
16739,83.33,589.15,0
16750,90.91,584.43,0
16761,90.91,598.57,0
16773,83.33,595.68,0
16784,90.91,585.68,0
16795,90.91,590.74,0
16807,83.33,597.36,0
16819,83.33,589.91,0
16830,90.91,592.10,0
16841,90.91,596.86,0
16852,90.91,588.75,0
16865,83.33,588.08,0
16876,83.33,596.87,0
16887,90.91,592.03,0
16899,83.33,587.35,0
16910,90.91,598.22,0
16921,90.91,594.02,0
16933,90.91,583.61,0
16945,76.92,594.61,0
16956,90.91,598.76,0
16967,90.91,586.21,0
16978,90.91,589.71,0
16990,83.33,597.03,0
17002,90.91,584.94,0
17013,83.33,582.51,0
17025,83.33,597.30,0
17036,90.91,592.27,0
17047,90.91,586.43,0
17058,90.91,594.97,0
17071,83.33,593.54,0
17082,83.33,584.37,0
17093,90.91,595.88,0
17104,90.91,599.64,0
17116,83.33,584.09,0
17127,90.91,585.78,0
17139,83.33,594.37,0
17150,90.91,588.08,0
17162,83.33,588.87,0
17173,90.91,600.04,0
17184,90.91,593.60,0
17196,83.33,587.44,0
17208,83.33,596.12,0
17219,90.91,598.25,0
17230,90.91,591.07,0
17242,83.33,595.57,0
17253,90.91,594.29,0
17264,90.91,583.40,0
17276,83.33,589.27,0
17288,83.33,598.76,0
17299,90.91,588.91,0
17310,90.91,586.93,0
17321,90.91,595.10,0
17333,83.33,588.15,0
17345,83.33,588.10,0
17356,90.91,598.59,0
17368,83.33,595.75,0
17379,90.91,587.63,0
17390,90.91,591.70,0
17401,90.91,592.09,0
17414,76.92,586.08,0
17425,90.91,593.04,0
17436,90.91,597.31,0
17447,90.91,586.62,0
17459,83.33,588.67,0
17470,90.91,600.57,0
17482,83.33,594.01,0
17494,83.33,586.73,0
17505,90.91,595.07,0
17516,90.91,591.70,0
17527,90.91,586.51,0
17539,83.33,595.73,0
17551,83.33,599.71,0
17562,90.91,589.26,0
17573,90.91,590.27,0
17585,83.33,589.44,0
17596,90.91,586.43,0
17607,90.91,592.83,0
17619,83.33,596.62,0
17631,83.33,587.94,0
17642,90.91,587.29,0
17653,90.91,594.13,0
17665,83.33,594.01,0
17676,90.91,594.80,0
17688,83.33,598.03,0
17699,90.91,590.63,0
17711,83.33,585.11,0
17722,90.91,591.56,0
17733,90.91,595.74,0
17744,90.91,591.15,0
17757,76.92,590.49,0
17768,90.91,591.48,0
17779,90.91,589.82,0
17790,90.91,592.76,0
17802,83.33,601.26,0
17813,90.91,596.03,0
17825,83.33,586.48,0
17837,83.33,587.05,0
17848,90.91,590.18,0
17859,90.91,589.25,0
17870,90.91,595.37,0
17882,83.33,596.85,0
17894,83.33,587.22,0
17905,90.91,586.07,0
17916,90.91,595.28,0
17928,83.33,595.11,0
17939,90.91,593.31,0
17950,90.91,594.94,0
17963,76.92,590.34,0
17974,90.91,587.76,0
17985,90.91,594.14,0
17996,90.91,598.50,0
18008,83.33,592.73,0
18019,90.91,588.82,0
18031,83.33,589.41,0
18042,90.91,586.50,0
18054,83.33,592.05,0
18065,90.91,597.63,0
18076,90.91,591.58,0
18087,90.91,586.07,0
18100,76.92,591.43,0
18111,90.91,591.88,0
18122,90.91,587.86,0
18134,83.33,593.67,0
18145,90.91,593.18,0
18156,90.91,585.39,0
18168,83.33,590.37,0
18180,83.33,597.43,0
18191,90.91,591.53,0
18202,90.91,587.70,0
18213,90.91,589.32,0
18225,83.33,584.38,0
18237,83.33,586.27,0
18248,90.91,597.33,0
18259,90.91,597.34,0
18271,83.33,589.98,0
18282,90.91,587.75,0
18293,90.91,588.59,0
18306,76.92,588.18,0
18317,90.91,595.14,0
18328,90.91,595.37,0
18339,90.91,587.87,0
18351,83.33,587.64,0
18363,90.91,593.63,0
18374,83.33,593.44,0
18385,90.91,593.78,0
18397,83.33,595.36,0
18408,90.91,590.06,0
18419,90.91,586.81,0
18432,90.91,591.76,0
18443,76.92,594.57,0
18454,90.91,591.60,0
18465,90.91,590.11,0
18477,83.33,589.65,0
18488,90.91,587.00,0
18500,90.91,588.51,0
18511,83.33,594.28,0
18523,83.33,592.90,0
18534,90.91,589.94,0
18545,90.91,593.04,0
18556,90.91,590.26,0
18569,83.33,589.76,0
18580,83.33,595.12,0
18591,90.91,593.23,0
18603,83.33,585.86,0
18614,90.91,589.17,0
18625,90.91,595.03,0
18637,90.91,590.47,0
18649,76.92,591.59,0
18660,90.91,598.85,0
18671,90.91,593.59,0
18682,90.91,587.76,0
18694,83.33,595.85,0
18706,90.91,596.61,0
18717,83.33,589.12,0
18728,90.91,589.06,0
18740,83.33,588.77,0
18751,90.91,586.55,0
18762,90.91,592.00,0
18775,83.33,596.41,0
18786,83.33,591.52,0
18797,90.91,586.70,0
18808,90.91,589.53,0
18820,83.33,592.44,0
18831,90.91,589.72,0
18843,90.91,595.02,0
18854,83.33,595.73,0
18866,83.33,588.79,0
18877,90.91,590.14,0
18888,90.91,594.95,0
18899,90.91,594.39,0
18912,83.33,587.90,0
18923,83.33,589.45,0
18934,90.91,588.94,0
18946,83.33,588.04,0
18957,90.91,593.72,0
18968,90.91,595.96,0
18980,90.91,590.35,0
18992,83.33,589.65,0
19003,90.91,594.39,0
19014,90.91,593.16,0
19025,90.91,593.55,0
19037,83.33,596.56,0
19049,83.33,590.64,0
19060,90.91,586.63,0
19072,83.33,591.71,0
19083,90.91,592.14,0
19094,90.91,589.43,0
19105,90.91,593.31,0
19118,76.92,594.55,0
19129,90.91,588.91,0
19140,90.91,592.30,0
19151,90.91,598.38,0
19163,83.33,592.20,0
19174,90.91,590.45,0
19186,83.33,594.22,0
19197,90.91,591.37,0
19209,83.33,589.00,0
19220,90.91,597.13,0
19231,90.91,591.81,0
19243,83.33,588.04,0
19255,83.33,591.69,0
19266,90.91,593.25,0
19277,90.91,593.37,0
19289,83.33,596.23,0
19300,90.91,591.84,0
19311,90.91,585.48,0
19323,83.33,586.44,0
19335,83.33,592.73,0
19346,90.91,590.28,0
19357,90.91,588.35,0
19368,90.91,592.65,0
19380,83.33,592.61,0
19392,83.33,591.77,0
19403,90.91,594.80,0
19415,83.33,595.35,0
19426,90.91,590.28,0
19437,90.91,591.29,0
19448,90.91,592.81,0
19461,76.92,587.14,0
19472,90.91,587.93,0
19483,90.91,591.20,0
19494,90.91,588.48,0
19506,83.33,591.56,0
19517,90.91,594.71,0
19529,83.33,593.52,0
19540,90.91,588.49,0
19552,83.33,591.75,0
19563,90.91,593.48,0
19574,90.91,589.65,0
19586,83.33,590.90,0
19598,83.33,593.42,0
19609,90.91,588.92,0
19620,90.91,591.95,0
19632,83.33,596.30,0
19643,90.91,592.31,0
19654,90.91,587.87,0
19666,83.33,588.89,0
19678,83.33,589.79,0
19689,90.91,590.21,0
19700,90.91,592.73,0
19712,83.33,590.45,0
19723,90.91,589.55,0
19735,83.33,594.61,0
19746,90.91,596.33,0
19758,83.33,592.16,0
19769,90.91,590.90,0
19780,90.91,590.22,0
19791,90.91,585.19,0
19804,76.92,589.38,0
19815,90.91,596.79,0
19826,90.91,591.78,0
19837,90.91,589.63,0
19849,83.33,593.01,0
19860,90.91,588.96,0
19872,83.33,589.78,0
19884,83.33,597.17,0
19895,90.91,596.16,0
19906,90.91,589.47,0
19917,90.91,590.46,0
19929,83.33,590.67,0
19941,83.33,587.74,0
19952,90.91,593.00,0
19963,90.91,593.56,0
19975,83.33,585.38,0
19986,90.91,589.54,0
19997,90.91,598.71,0
20009,83.33,595.26,0
20021,83.33,594.99,0
20032,90.91,599.27,0
20043,90.91,590.55,0
20055,83.33,586.02,0
20067,90.91,591.21,0
20078,83.33,594.22,0
20089,90.91,588.06,0
20101,83.33,587.47,0
20112,90.91,590.35,0
20123,90.91,589.43,0
20135,90.91,592.90,0
20147,76.92,597.22,0
20158,90.91,589.64,0
20169,90.91,585.97,0
20180,90.91,594.67,0
20192,83.33,592.99,0
20204,90.91,589.32,0
20215,83.33,593.55,0
20227,83.33,592.25,0
20238,90.91,584.09,0
20249,90.91,591.77,0
20260,90.91,599.69,0
20273,83.33,591.00,0
20284,83.33,589.71,0
20295,90.91,594.25,0
20306,90.91,587.16,0
20318,83.33,587.66,0
20329,90.91,596.00,0
20341,90.91,592.49,0
20353,76.92,586.40,0
20364,90.91,590.59,0
20375,90.91,589.60,0
20386,90.91,588.75,0
20398,83.33,592.91,0
20410,90.91,592.68,0
20421,83.33,586.84,0
20432,90.91,586.06,0
20444,83.33,592.47,0
20455,90.91,593.29,0
20466,90.91,594.18,0
20478,90.91,595.62,0
20490,76.92,589.65,0
20501,90.91,588.08,0
20512,90.91,594.82,0
20524,83.33,592.73,0
20535,90.91,588.75,0
20547,83.33,590.31,0
20558,90.91,591.30,0
20570,83.33,588.01,0
20581,90.91,592.44,0
20592,90.91,598.51,0
20603,90.91,591.99,0
20616,76.92,587.39,0
20627,90.91,591.93,0
20638,90.91,592.10,0
20649,90.91,589.43,0
20661,83.33,594.94,0
20672,90.91,590.85,0
20684,83.33,582.24,0
20696,83.33,588.98,0
20707,90.91,595.14,0
20718,90.91,592.53,0
20729,90.91,591.94,0
20741,83.33,594.26,0
20753,83.33,588.75,0
20764,90.91,588.28,0
20775,90.91,595.32,0
20787,83.33,592.35,0
20798,90.91,587.18,0
20809,90.91,587.49,0
20822,76.92,589.70,0
20833,90.91,587.53,0
20844,90.91,593.17,0
20855,90.91,598.08,0
20867,83.33,592.37,0
20878,90.91,589.20,0
20890,83.33,594.63,0
20901,90.91,591.24,0
20913,83.33,587.74,0
20924,90.91,594.25,0
20935,90.91,590.91,0
20946,90.91,585.09,0
20959,76.92,589.26,0
20970,90.91,596.03,0
20981,90.91,595.00,0
20993,83.33,592.77,0
21004,90.91,593.75,0
21015,90.91,588.46,0
21027,83.33,587.85,0
21039,83.33,595.26,0
21050,90.91,595.95,0
21061,90.91,589.70,0
21072,90.91,588.32,0
21084,83.33,590.18,0
21096,83.33,590.36,0
21107,90.91,590.99,0
21118,90.91,593.12,0
21130,83.33,591.04,0
21141,90.91,586.93,0
21152,90.91,592.53,0
21165,76.92,597.33,0
21176,90.91,591.35,0
21187,90.91,589.41,0
21198,90.91,589.28,0
21210,83.33,586.15,0
21221,90.91,591.25,0
21233,83.33,596.43,0
21244,90.91,594.32,0
21256,83.33,588.14,0
21267,90.91,587.67,0
21278,90.91,586.52,0
21289,90.91,587.56,0
21302,76.92,594.89,0
21313,90.91,595.42,0
21324,90.91,587.60,0
21336,83.33,589.84,0
21347,90.91,596.43,0
21358,90.91,595.01,0
21370,83.33,594.42,0
21382,83.33,590.79,0
21393,90.91,585.92,0
21404,90.91,585.94,0
21415,90.91,591.67,0
21427,83.33,592.91,0
21439,83.33,589.69,0
21450,90.91,591.07,0
21462,83.33,592.75,0
21473,90.91,593.57,0
21484,90.91,595.97,0
21495,90.91,596.60,0
21508,76.92,590.77,0
21519,90.91,586.87,0
21530,90.91,590.31,0
21541,90.91,588.47,0
21553,83.33,586.84,0
21565,90.91,594.45,0
21576,83.33,594.24,0
21587,90.91,587.80,0
21599,83.33,592.09,0
21610,90.91,596.58,0
21621,90.91,592.50,0
21634,83.33,596.24,0
21645,83.33,595.92,0
21656,90.91,587.88,0
21667,90.91,588.44,0
21679,83.33,593.91,0
21690,90.91,593.71,0
21702,90.91,588.78,0
21713,83.33,594.74,0
21725,83.33,594.52,0
21736,90.91,588.03,0
21747,90.91,596.95,0
21758,90.91,597.99,0
21771,83.33,587.39,0
21782,83.33,590.35,0
21793,90.91,594.84,0
21805,83.33,587.80,0
21816,90.91,591.45,0
21827,90.91,596.58,0
21839,83.33,591.08,0
21851,83.33,586.36,0
21862,90.91,593.13,0
21873,90.91,593.94,0
21884,90.91,589.28,0
21896,83.33,592.15,0
21908,83.33,592.33,0
21919,90.91,587.52,0
21931,83.33,591.40,0
21942,90.91,599.06,0
21953,90.91,593.42,0
21964,90.91,591.78,0
21977,76.92,593.53,0
21988,90.91,588.75,0
21999,90.91,588.70,0
22010,90.91,593.50,0
22022,83.33,595.78,0
22033,90.91,588.99,0
22045,83.33,587.85,0
22056,90.91,590.54,0
22068,83.33,587.95,0
22079,90.91,591.98,0
22090,90.91,599.31,0
22102,83.33,592.74,0
22114,83.33,589.15,0
22125,90.91,593.86,0
22136,90.91,593.41,0
22148,83.33,591.37,0
22159,90.91,593.46,0
22170,90.91,591.18,0
22182,83.33,588.76,0
22194,83.33,590.85,0
22205,90.91,596.26,0
22216,90.91,595.63,0
22227,90.91,591.33,0
22239,83.33,590.16,0
22251,83.33,588.90,0
22262,90.91,587.39,0
22274,83.33,593.09,0
22285,90.91,592.32,0
22296,90.91,585.87,0
22307,90.91,586.30,0
22320,76.92,590.73,0
22331,90.91,594.61,0
22342,90.91,594.07,0
22353,90.91,595.20,0
22365,83.33,591.38,0
22376,90.91,586.28,0
22388,83.33,589.75,0
22400,83.33,592.40,0
22411,90.91,590.32,0
22422,90.91,588.01,0
22433,90.91,587.92,0
22445,83.33,590.79,0
22457,83.33,595.45,0
22468,90.91,597.96,0
22479,90.91,595.96,0
22491,83.33,589.14,0
22502,90.91,588.84,0
22513,90.91,595.53,0
22525,83.33,593.55,0
22537,83.33,590.32,0
22548,90.91,592.57,0
22559,90.91,588.31,0
22571,83.33,585.64,0
22582,90.91,594.28,0
22594,83.33,597.45,0
22605,90.91,591.12,0
22617,83.33,591.05,0
22628,90.91,592.24,0
22639,90.91,591.80,0
22650,90.91,593.10,0
22663,76.92,593.59,0
22674,90.91,590.44,0
22685,90.91,587.63,0
22696,90.91,590.73,0
22708,83.33,593.12,0
22719,90.91,590.72,0
22731,83.33,589.29,0
22743,83.33,589.54,0
22754,90.91,588.73,0
22765,90.91,588.13,0
22776,90.91,594.24,0
22789,83.33,593.79,0
22800,83.33,589.62,0
22811,90.91,591.60,0
22822,90.91,593.18,0
22834,83.33,590.93,0
22845,90.91,590.72,0
22857,90.91,590.17,0
22868,83.33,588.03,0
22880,83.33,588.14,0
22891,90.91,591.78,0
22902,90.91,592.83,0
22914,83.33,589.62,0
22926,90.91,591.67,0
22937,83.33,594.88,0
22948,90.91,590.11,0
22960,83.33,595.01,0
22971,90.91,598.25,0
22982,90.91,587.07,0
22994,90.91,587.21,0
23006,76.92,592.84,0
23017,90.91,589.19,0
23028,90.91,589.56,0
23040,83.33,595.74,0
23051,90.91,589.94,0
23063,90.91,586.86,0
23074,83.33,594.15,0
23086,83.33,597.32,0
23097,90.91,592.01,0
23108,90.91,592.56,0
23119,90.91,593.65,0
23132,76.92,585.42,0
23143,90.91,585.15,0
23154,90.91,593.90,0
23165,90.91,593.59,0
23177,83.33,589.18,0
23188,90.91,593.31,0
23200,83.33,592.73,0
23212,83.33,590.53,0
23223,90.91,595.11,0
23234,90.91,596.95,0
23245,90.91,590.73,0
23257,83.33,586.57,0
23269,83.33,592.45,0
23280,90.91,590.70,0
23291,90.91,589.95,0
23303,83.33,598.98,0
23314,90.91,593.65,0
23325,90.91,586.84,0
23337,83.33,596.16,0
23349,83.33,596.08,0
23360,90.91,589.44,0
23371,90.91,592.80,0
23383,83.33,592.96,0
23394,90.91,587.57,0
23406,83.33,589.71,0
23417,90.91,597.41,0
23429,83.33,594.09,0
23440,90.91,586.74,0
23451,90.91,592.65,0
23462,90.91,595.06,0
23475,76.92,584.64,0
23486,90.91,592.39,0
23497,90.91,596.09,0
23508,90.91,585.78,0
23520,83.33,588.65,0
23531,90.91,596.52,0
23543,83.33,589.09,0
23555,83.33,591.31,0
23566,90.91,599.18,0
23577,90.91,592.86,0
23588,90.91,587.36,0
23600,83.33,594.67,0
23612,83.33,594.22,0
23623,90.91,586.37,0
23634,90.91,589.83,0
23646,83.33,594.62,0
23657,90.91,585.90,0
23668,90.91,590.11,0
23681,76.92,597.77,0
23692,90.91,590.61,0
23703,90.91,592.13,0
23714,90.91,596.99,0
23726,83.33,590.16,0
23737,90.91,589.58,0
23749,83.33,593.92,0
23760,90.91,589.88,0
23772,83.33,585.52,0
23783,90.91,593.09,0
23794,90.91,595.79,0
23805,90.91,589.18,0
23818,76.92,590.44,0
23829,90.91,596.55,0
23840,90.91,590.30,0
23852,83.33,590.05,0
23863,90.91,595.13,0
23874,90.91,591.23,0
23886,83.33,591.29,0
23898,83.33,595.15,0
23909,90.91,589.84,0
23920,90.91,590.09,0
23931,90.91,595.94,0
23943,83.33,597.49,0
23955,83.33,588.84,0
23966,90.91,588.11,0
23977,90.91,594.85,0
23989,83.33,590.93,0
24000,90.91,589.22,0
24011,90.91,594.67,0
24024,76.92,589.28,0
24035,90.91,587.13,0
24046,90.91,595.88,0
24057,90.91,595.08,0
24069,83.33,587.98,0
24080,90.91,590.80,0
24092,83.33,591.30,0
24103,90.91,588.78,0
24115,83.33,593.12,0
24126,90.91,596.28,0
24137,90.91,589.08,0
24150,90.91,587.61,0
24161,76.92,594.80,0
24172,90.91,594.00,0
24183,90.91,589.47,0
24195,83.33,595.76,0
24206,90.91,593.63,0
24218,90.91,585.58,0
24229,83.33,592.17,0
24241,83.33,593.71,0
24252,90.91,587.67,0
24263,90.91,590.79,0
24274,90.91,595.61,0
24287,83.33,590.16,0
24298,83.33,588.29,0
24309,90.91,595.21,0
24321,83.33,591.31,0
24332,90.91,583.87,0
24343,90.91,592.88,0
24355,90.91,594.79,0
24367,76.92,586.06,0
24378,90.91,592.47,0
24389,90.91,597.05,0
24400,90.91,589.51,0
24412,83.33,592.45,0
24424,83.33,603.52,0
24435,90.91,593.32,0
24446,90.91,587.17,0
24458,83.33,593.50,0
24469,90.91,593.25,0
24480,90.91,585.87,0
24493,76.92,593.02,0
24504,90.91,594.76,0
24515,90.91,585.44,0
24526,90.91,591.05,0
24538,83.33,599.49,0
24549,90.91,591.97,0
24561,83.33,589.73,0
24572,90.91,594.39,0
24584,83.33,589.30,0
24595,90.91,586.39,0
24606,90.91,596.28,0
24617,90.91,596.35,0
24630,76.92,585.54,0
24641,90.91,588.80,0
24652,90.91,594.81,0
24664,83.33,591.90,0
24675,90.91,593.65,0
24686,90.91,597.10,0
24698,83.33,589.26,0
24710,83.33,587.69,0
24721,90.91,597.06,0
24732,90.91,594.50,0
24743,90.91,585.27,0
24755,83.33,589.57,0
24767,83.33,590.59,0
24778,90.91,583.68,0
24790,83.33,594.43,0
24801,90.91,599.23,0
24812,90.91,588.23,0
24823,90.91,587.66,0
24836,76.92,593.51,0
24847,90.91,590.89,0
24858,90.91,592.99,0
24869,90.91,596.41,0
24881,83.33,589.13,0
24892,90.91,586.87,0
24904,83.33,592.10,0
24915,90.91,595.09,0
24927,83.33,592.48,0
24938,90.91,595.45,0
24949,90.91,592.85,0
24961,83.33,585.28,0
24973,83.33,591.39,0
24984,90.91,596.63,0
24995,90.91,590.93,0
25007,83.33,591.12,0
25018,90.91,596.21,0
25029,90.91,591.07,0
25041,83.33,590.31,0
25053,83.33,599.83,0
25064,90.91,597.18,0
25075,90.91,587.00,0
25086,90.91,587.91,0
25098,83.33,595.18,0
25110,83.33,590.03,0
25121,90.91,593.20,0
25133,83.33,598.50,0
25144,90.91,587.79,0
25155,90.91,586.69,0
25166,90.91,596.87,0
25179,76.92,592.23,0
25190,90.91,586.99,0
25201,90.91,592.82,0
25212,90.91,591.00,0
25224,83.33,589.36,0
25235,90.91,597.31,0
25247,83.33,596.10,0
25259,83.33,587.87,0
25270,90.91,589.19,0
25281,90.91,595.98,0
25292,90.91,594.01,0
25305,83.33,591.75,0
25316,83.33,593.89,0
25327,90.91,589.26,0
25338,90.91,584.87,0
25350,83.33,589.29,0
25361,90.91,591.34,0
25373,90.91,590.96,0
25384,83.33,592.68,0
25396,83.33,590.69,0
25407,90.91,592.00,0
25418,90.91,595.56,0
25430,83.33,595.26,0
25442,90.91,593.70,0
25453,83.33,591.44,0
25464,90.91,591.87,0
25476,83.33,590.18,0
25487,90.91,589.32,0
25498,90.91,591.33,0
25510,90.91,591.60,0
25522,76.92,590.89,0
25533,90.91,589.73,0
25544,90.91,590.96,0
25555,90.91,592.34,0
25567,83.33,593.36,0
25579,83.33,591.59,0
25590,90.91,587.54,0
25602,83.33,589.06,0
25613,90.91,589.41,0
25624,90.91,591.13,0
25635,90.91,595.00,0
25648,76.92,593.28,0
25659,90.91,590.62,0
25670,90.91,590.46,0
25681,90.91,590.75,0
25693,83.33,591.43,0
25704,90.91,591.48,0
25716,83.33,591.33,0
25728,83.33,591.39,0
25739,90.91,589.39,0
25750,90.91,591.93,0
25761,90.91,593.35,0
25773,83.33,591.87,0
25785,83.33,591.00,0
25796,90.91,591.22,0
25807,90.91,590.86,0
25819,83.33,592.66,0
25830,90.91,593.89,0
25841,90.91,591.12,0
25853,83.33,588.80,0
25865,83.33,587.47,0
25876,90.91,594.75,0
25887,90.91,597.04,0
25899,83.33,595.20,0
25910,90.91,592.05,0
25922,83.33,589.28,0
25933,90.91,592.85,0
25945,83.33,594.20,0
25956,90.91,590.50,0
25967,90.91,590.56,0
25978,90.91,589.80,0
25991,76.92,586.14,0
26002,90.91,595.84,0
26013,90.91,598.77,0
26024,90.91,588.57,0
26036,83.33,585.57,0
26047,90.91,586.54,0
26059,83.33,585.84,0
26071,83.33,591.01,0
26082,90.91,595.03,0
26093,90.91,589.94,0
26104,90.91,587.79,0
26116,83.33,591.19,0
26128,83.33,594.79,0
26139,90.91,592.79,0
26150,90.91,592.28,0
26162,83.33,591.71,0
26173,90.91,584.45,0
26184,90.91,587.93,0
26196,83.33,597.35,0
26208,83.33,590.38,0
26219,90.91,588.07,0
26230,90.91,588.53,0
26242,83.33,585.98,0
26253,90.91,590.39,0
26265,83.33,598.77,0
26276,90.91,595.87,0
26288,83.33,588.76,0
26299,90.91,588.29,0
26310,90.91,592.09,0
26321,90.91,591.83,0
26334,76.92,592.14,0
26345,90.91,593.14,0
26356,90.91,589.38,0
26368,83.33,587.43,0
26379,90.91,592.46,0
26390,90.91,593.17,0
26402,83.33,590.68,0
26414,83.33,591.62,0
26425,90.91,591.06,0
26436,90.91,588.87,0
26447,90.91,592.78,0
26459,83.33,596.67,0
26471,83.33,591.46,0
26482,90.91,588.31,0
26493,90.91,590.68,0
26505,83.33,593.63,0
26516,90.91,594.48,0
26527,90.91,596.37,0
26540,76.92,591.56,0
26551,90.91,585.37,0
26562,90.91,588.50,0
26573,90.91,594.29,0
26585,83.33,592.90,0
26596,90.91,589.65,0
26608,83.33,589.26,0
26619,90.91,590.65,0
26631,83.33,590.06,0
26642,90.91,596.00,0
26653,90.91,596.14,0
26665,90.91,586.60,0
26677,76.92,585.51,0
26688,90.91,591.59,0
26699,90.91,588.61,0
26711,83.33,592.84,0
26722,90.91,597.07,0
26734,90.91,587.97,0
26745,83.33,590.94,0
26757,83.33,594.99,0
26768,90.91,593.03,0
26779,90.91,594.26,0
26790,90.91,592.10,0
26803,83.33,586.86,0
26814,83.33,586.84,0
26825,90.91,590.23,0
26836,90.91,595.70,0
26848,83.33,591.78,0
26859,90.91,591.97,0
26871,90.91,592.56,0
26883,76.92,590.46,0
26894,90.91,591.76,0
26905,90.91,595.20,0
26916,90.91,589.23,0
26928,83.33,585.92,0
26940,83.33,591.78,0
26951,90.91,591.88,0
26962,90.91,589.76,0
26974,83.33,596.05,0
26985,90.91,595.03,0
26996,90.91,587.95,0
27009,76.92,592.50,0
27020,90.91,595.60,0
27031,90.91,588.41,0
27042,90.91,588.34,0
27054,83.33,594.17,0
27065,90.91,586.08,0
27077,83.33,584.86,0
27088,90.91,594.82,0
27100,83.33,595.33,0
27111,90.91,590.30,0
27122,90.91,594.54,0
27133,90.91,594.84,0
27146,76.92,586.69,0
27157,90.91,588.66,0
27168,90.91,598.96,0
27180,83.33,592.17,0
27191,90.91,586.88,0
27202,90.91,592.95,0
27214,83.33,589.03,0
27226,83.33,586.60,0
27237,90.91,595.88,0
27248,90.91,593.57,0
27259,90.91,581.20,0
27271,83.33,588.29,0
27283,83.33,598.20,0
27294,90.91,591.36,0
27305,90.91,591.16,0
27317,83.33,595.88,0
27328,90.91,586.27,0
27339,90.91,584.03,0
27352,76.92,598.75,0
27363,90.91,595.95,0
27374,90.91,587.84,0
27385,90.91,594.27,0
27397,83.33,590.59,0
27408,90.91,584.33,0
27420,83.33,594.38,0
27431,90.91,595.46,0
27443,83.33,584.89,0
27454,90.91,586.78,0
27465,90.91,592.92,0
27476,90.91,590.70,0
27489,76.92,591.24,0
27500,90.91,597.92,0
27511,90.91,592.65,0
27523,83.33,583.09,0
27534,90.91,590.74,0
27545,90.91,591.09,0
27557,83.33,583.99,0
27569,83.33,589.76,0
27580,90.91,592.13,0
27591,90.91,586.78,0
27602,90.91,593.55,0
27614,83.33,599.12,0
27626,83.33,592.29,0
27637,90.91,588.81,0
27649,83.33,592.20,0
27660,90.91,590.90,0
27671,90.91,587.98,0
27682,90.91,594.33,0
27695,76.92,592.64,0
27706,90.91,584.10,0
27717,90.91,590.20,0
27728,90.91,598.58,0
27740,83.33,593.02,0
27751,90.91,592.17,0
27763,83.33,594.92,0
27774,90.91,583.63,0
27786,83.33,585.67,0
27797,90.91,596.40,0
27808,90.91,592.29,0
27820,83.33,588.00,0
27832,83.33,594.17,0
27843,90.91,592.62,0
27854,90.91,588.98,0
27866,83.33,594.25,0
27877,90.91,597.44,0
27888,90.91,585.54,0
27900,83.33,588.33,0
27912,83.33,598.01,0
27923,90.91,589.34,0
27934,90.91,587.74,0
27945,90.91,595.82,0
27957,83.33,587.49,0
27969,83.33,582.17,0
27980,90.91,594.96,0
27992,83.33,596.76,0
28003,90.91,587.54,0
28014,90.91,591.58,0
28026,90.91,594.52,0
28038,76.92,584.26,0
28049,90.91,589.34,0
28060,90.91,599.54,0
28071,90.91,589.27,0
28083,83.33,588.07,0
28095,90.91,596.88,0
28106,83.33,591.05,0
28118,83.33,588.22,0
28129,90.91,598.13,0
28140,90.91,595.94,0
28151,90.91,587.47,0
28164,83.33,590.46,0
28175,83.33,591.74,0
28186,90.91,587.89,0
28197,90.91,591.25,0
28209,83.33,596.94,0
28220,90.91,589.08,0
28232,90.91,585.49,0
28243,83.33,595.52,0
28255,83.33,591.63,0
28266,90.91,584.44,0
28277,90.91,595.03,0
28289,83.33,593.71,0
28301,90.91,584.80,0
28312,83.33,590.59,0
28323,90.91,595.14,0
28335,83.33,586.63,0
28346,90.91,589.27,0
28357,90.91,596.37,0
28369,90.91,592.36,0
28381,76.92,588.44,0
28392,90.91,596.90,0
28403,90.91,591.14,0
28414,90.91,582.53,0
28426,83.33,590.39,0
28438,90.91,589.38,0
28449,83.33,585.32,0
28461,83.33,593.89,0
28472,90.91,597.61,0
28483,90.91,591.54,0
28494,90.91,591.56,0
28507,76.92,594.49,0
28518,90.91,590.60,0
28529,90.91,590.73,0
28540,90.91,591.68,0
28552,83.33,588.56,0
28563,90.91,587.37,0
28575,83.33,594.32,0
28587,83.33,597.18,0
28598,90.91,590.53,0
28609,90.91,589.71,0
28620,90.91,592.43,0
28632,83.33,588.27,0
28644,83.33,589.66,0
28655,90.91,594.00,0
28666,90.91,587.18,0
28678,83.33,585.79,0
28689,90.91,591.67,0
28700,90.91,593.13,0
28712,83.33,592.09,0
28724,83.33,593.70,0
28735,90.91,594.88,0
28746,90.91,589.19,0
28758,83.33,592.50,0
28769,90.91,594.77,0
28781,83.33,588.77,0
28792,90.91,588.45,0
28804,83.33,589.68,0
28815,90.91,587.50,0
28826,90.91,589.78,0
28837,90.91,594.02,0
28850,76.92,591.85,0
28861,90.91,588.66,0
28872,90.91,587.40,0
28883,90.91,591.67,0
28895,83.33,592.70,0
28906,90.91,592.74,0
28918,83.33,593.29,0
28930,83.33,590.70,0
28941,90.91,586.87,0
28952,90.91,592.99,0
28963,90.91,595.06,0
28975,83.33,589.83,0
28987,83.33,590.39,0
28998,90.91,588.54,0
29009,90.91,588.92,0
29021,83.33,589.58,0
29032,90.91,591.64,0
29043,90.91,589.55,0
29056,76.92,589.62,0
29067,90.91,594.53,0
29078,90.91,594.02,0
29089,90.91,593.09,0
29101,83.33,592.49,0
29112,90.91,588.35,0
29124,83.33,588.36,0
29135,90.91,592.61,0
29147,83.33,592.24,0
29158,90.91,591.24,0
29169,90.91,592.36,0
29180,90.91,592.17,0
29193,76.92,592.08,0
29204,90.91,592.14,0
29215,90.91,593.71,0
29227,83.33,589.74,0
29238,90.91,587.52,0
29249,90.91,593.24,0
29261,83.33,593.17,0
29273,83.33,588.90,0
29284,90.91,591.97,0
29295,90.91,591.30,0
29306,90.91,587.50,0
29318,83.33,592.83,0
29330,83.33,596.22,0
29341,90.91,590.45,0
29352,90.91,588.92,0
29364,83.33,592.60,0
29375,90.91,591.87,0
29386,90.91,587.41,0
29399,76.92,591.67,0
29410,90.91,593.75,0
29421,90.91,588.75,0
29432,90.91,592.75,0
29444,83.33,594.04,0
29455,90.91,590.36,0
29467,83.33,591.92,0
29478,90.91,592.27,0
29490,83.33,589.77,0
29501,90.91,590.55,0
29512,90.91,590.06,0
29524,90.91,592.62,0
29536,76.92,589.91,0
29547,90.91,591.12,0
29558,90.91,592.33,0
29570,83.33,590.61,0
29581,90.91,592.86,0
29593,90.91,592.16,0
29604,83.33,587.68,0
29616,83.33,589.86,0
29627,90.91,593.07,0
29638,90.91,590.40,0
29649,90.91,591.30,0
29662,83.33,594.16,0
29673,83.33,590.40,0
29684,90.91,590.56,0
29696,83.33,596.15,0
29707,90.91,592.50,0
29718,90.91,588.96,0
29730,90.91,593.24,0
29742,76.92,592.30,0
29753,90.91,587.90,0
29764,90.91,593.37,0
29775,90.91,593.85,0
29787,83.33,587.01,0
29799,83.33,592.66,0
29810,90.91,596.71,0
29821,90.91,588.62,0
29833,83.33,589.85,0
29844,90.91,594.01,0
29855,90.91,588.26,0
29868,76.92,585.35,0
29879,90.91,592.87,0
29890,90.91,592.19,0
29901,90.91,584.53,0
29913,83.33,592.05,0
29924,90.91,596.05,0
29936,83.33,590.05,0
29947,90.91,593.76,0
29959,83.33,598.72,0
29970,90.91,584.09,0
29981,90.91,585.01,0
29992,90.91,599.34,0
30005,76.92,592.72,0
30016,90.91,584.00,0
30027,90.91,593.25,0
30039,83.33,592.92,0
30050,90.91,584.30,0
30061,90.91,592.33,0
30073,83.33,598.77,0
30085,83.33,588.18,0
30096,90.91,589.54,0
30107,90.91,598.67,0
30118,90.91,589.27,0
30130,83.33,588.50,0
30142,83.33,598.05,0
30153,90.91,590.64,0
30164,90.91,585.59,0
30176,83.33,595.02,0
30187,90.91,594.63,0
30198,90.91,589.88,0
30211,76.92,595.11,0
30222,90.91,595.79,0
30233,90.91,587.83,0
30244,90.91,589.36,0
30256,83.33,596.78,0
30267,90.91,593.15,0
30279,83.33,586.07,0
30290,90.91,589.43,0
30302,83.33,589.84,0
30313,90.91,588.90,0
30324,90.91,594.10,0
30336,83.33,590.89,0
30348,83.33,587.43,0
30359,90.91,591.54,0
30370,90.91,592.86,0
30382,83.33,592.29,0
30393,90.91,594.05,0
30404,90.91,593.70,0
30416,83.33,591.79,0
30428,83.33,592.44,0
30439,90.91,594.74,0
30450,90.91,591.94,0
30461,90.91,588.36,0
30473,83.33,590.76,0
30485,83.33,590.60,0
30496,90.91,589.89,0
30508,83.33,594.78,0
30519,90.91,595.14,0
30530,90.91,589.91,0
30541,90.91,592.32,0
30554,76.92,592.26,0
30565,90.91,591.47,0
30576,90.91,593.47,0
30587,90.91,591.09,0
30599,83.33,588.02,0
30611,90.91,587.98,0
30622,83.33,590.38,0
30633,90.91,591.90,0
30645,83.33,590.59,0
30656,90.91,591.10,0
30667,90.91,593.76,0
30680,83.33,587.44,0
30691,83.33,592.32,0
30702,90.91,597.00,0
30713,90.91,589.87,0
30725,83.33,589.82,0
30736,90.91,593.29,0
30748,90.91,585.96,0
30759,83.33,586.24,0
30771,83.33,592.42,0
30782,90.91,588.93,0
30793,90.91,589.99,0
30804,90.91,595.04,0
30817,83.33,592.91,0
30828,83.33,589.25,0
30839,90.91,593.37,0
30851,83.33,595.26,0
30862,90.91,587.10,0
30873,90.91,586.55,0
30885,90.91,591.74,0
30897,76.92,587.27,0
30908,90.91,589.59,0
30919,90.91,596.83,0
30930,90.91,591.76,0
30942,83.33,586.62,0
30954,83.33,592.69,0
30965,90.91,595.87,0
30977,83.33,589.99,0
30988,90.91,590.38,0
30999,90.91,592.18,0
31010,90.91,587.91,0
31023,76.92,587.38,0
31034,90.91,596.33,0
31045,90.91,593.13,0
31056,90.91,587.27,0
31068,83.33,595.12,0
31079,90.91,591.14,0
31091,83.33,587.90,0
31102,90.91,595.49,0
31114,83.33,594.63,0
31125,90.91,587.95,0
31136,90.91,591.77,0
31148,83.33,595.77,0
31160,83.33,592.30,0
31171,90.91,591.81,0
31182,90.91,594.50,0
31194,83.33,586.39,0
31205,90.91,584.53,0
31216,90.91,594.29,0
31228,83.33,595.62,0
31240,83.33,590.18,0
31251,90.91,591.61,0
31262,90.91,594.24,0
31273,90.91,591.28,0
31285,83.33,593.80,0
31297,83.33,598.61,0
31308,90.91,591.39,0
31320,83.33,586.39,0
31331,90.91,590.84,0
31342,90.91,590.63,0
31353,90.91,591.16,0
31366,76.92,598.15,0
31377,90.91,591.43,0
31388,90.91,584.88,0
31399,90.91,594.47,0
31411,83.33,600.10,0
31422,90.91,592.82,0
31434,83.33,592.67,0
31446,83.33,591.31,0
31457,90.91,584.37,0
31468,90.91,587.28,0
31479,90.91,594.46,0
31491,83.33,588.18,0
31503,83.33,587.15,0
31514,90.91,594.37,0
31525,90.91,590.91,0
31537,83.33,590.93,0
31548,90.91,599.56,0
31559,90.91,595.15,0
31571,83.33,587.05,0
31583,83.33,591.46,0
31594,90.91,592.42,0
31605,90.91,588.01,0
31617,83.33,593.16,0
31628,90.91,593.32,0
31640,83.33,587.40,0
31651,90.91,589.56,0
31663,83.33,595.35,0
31674,90.91,594.96,0
31685,90.91,592.41,0
31696,90.91,597.73,0
31709,76.92,594.21,0
31720,90.91,587.19,0
31731,90.91,594.83,0
31742,90.91,596.85,0
31754,83.33,588.47,0
31765,90.91,593.37,0
31777,83.33,593.59,0
31789,83.33,587.50,0
31800,90.91,593.20,0
31811,90.91,594.74,0
31822,90.91,591.24,0
31834,83.33,590.68,0
31846,83.33,592.43,0
31857,90.91,590.19,0
31868,90.91,591.32,0
31880,83.33,596.69,0
31891,90.91,595.47,0
31903,90.91,590.19,0
31915,76.92,592.02,0
31926,90.91,589.22,0
31937,90.91,586.70,0
31948,90.91,593.14,0
31960,83.33,592.37,0
31972,90.91,589.34,0
31983,83.33,590.01,0
31994,90.91,592.48,0
32006,83.33,595.21,0
32017,90.91,595.13,0
32028,90.91,594.31,0
32040,90.91,589.06,0
32052,76.92,586.12,0
32063,90.91,590.90,0
32074,90.91,595.14,0
32086,83.33,592.24,0
32097,90.91,588.88,0
32109,90.91,589.46,0
32120,83.33,586.97,0
32132,83.33,590.25,0
32143,90.91,599.09,0
32154,90.91,595.70,0
32165,90.91,587.54,0
32178,76.92,588.42,0
32189,90.91,588.86,0
32200,90.91,586.65,0
32211,90.91,590.33,0
32223,83.33,589.83,0
32234,90.91,583.13,0
32246,83.33,587.25,0
32258,83.33,593.47,0
32269,90.91,594.42,0
32280,90.91,594.60,0
32291,90.91,593.79,0
32303,83.33,588.66,0
32315,83.33,587.06,0
32326,90.91,592.93,0
32337,90.91,592.93,0
32349,83.33,587.75,0
32360,90.91,590.29,0
32371,90.91,590.29,0
32384,76.92,587.42,0
32395,90.91,592.84,0
32406,90.91,595.58,0
32417,90.91,590.29,0
32429,83.33,590.16,0
32440,90.91,589.54,0
32452,83.33,590.66,0
32463,90.91,592.06,0
32475,83.33,594.59,0
32486,90.91,592.23,0
32497,90.91,586.34,0
32508,90.91,590.42,0
32521,76.92,593.98,0
32532,90.91,591.70,0
32543,90.91,592.04,0
32555,83.33,590.09,0
32566,90.91,587.73,0
32577,90.91,591.53,0
32589,83.33,595.64,0
32601,83.33,593.14,0
32612,90.91,593.49,0
32623,90.91,593.89,0
32634,90.91,589.59,0
32646,83.33,590.58,0
32658,83.33,593.96,0
32669,90.91,594.08,0
32680,90.91,592.17,0
32692,83.33,591.43,0
32703,90.91,590.91,0
32714,90.91,588.98,0
32727,76.92,593.84,0
32738,90.91,598.77,0
32749,90.91,590.56,0
32760,90.91,588.08,0
32772,83.33,596.26,0
32783,90.91,593.82,0
32795,83.33,589.39,0
32806,90.91,592.95,0
32818,83.33,589.61,0
32829,90.91,587.09,0
32840,90.91,593.36,0
32851,90.91,596.18,0
32864,76.92,591.58,0
32875,90.91,594.36,0
32886,90.91,597.40,0
32898,83.33,591.02,0
32909,90.91,589.80,0
32920,90.91,594.79,0
32932,83.33,591.71,0
32944,83.33,588.51,0
32955,90.91,593.12,0
32966,90.91,590.48,0
32977,90.91,586.41,0
32989,83.33,593.62,0
33001,83.33,595.70,0
33012,90.91,591.83,0
33024,83.33,591.87,0
33035,90.91,591.80,0
33046,90.91,589.47,0
33057,90.91,594.85,0
33070,76.92,595.81,0
33081,90.91,589.78,0
33092,90.91,588.15,0
33103,90.91,589.36,0
33115,83.33,591.84,0
33126,90.91,594.32,0
33138,83.33,593.40,0
33149,90.91,591.57,0
33161,83.33,588.52,0
33172,90.91,592.05,0
33183,90.91,595.95,0
33196,83.33,589.97,0
33207,83.33,588.80,0
33218,90.91,593.11,0
33229,90.91,589.48,0
33241,83.33,589.30,0
33252,90.91,595.51,0
33264,90.91,593.62,0
33275,83.33,589.51,0
33287,83.33,591.12,0
33298,90.91,594.96,0
33309,90.91,590.95,0
33320,90.91,592.54,0
33333,83.33,592.53,0
33344,83.33,588.76,0
33355,90.91,589.53,0
33367,83.33,595.14,0
33378,90.91,594.83,0
33389,90.91,590.44,0
33401,90.91,590.59,0
33413,76.92,590.31,0
33424,90.91,591.14,0
33435,90.91,594.38,0
33446,90.91,596.20,0
33458,83.33,592.19,0
33470,90.91,587.72,0
33481,83.33,589.11,0
33492,90.91,595.09,0
33504,83.33,593.95,0
33515,90.91,591.21,0
33526,90.91,589.44,0
33539,76.92,586.32,0
33550,90.91,590.21,0
33561,90.91,595.68,0
33572,90.91,596.56,0
33584,83.33,593.46,0
33595,90.91,593.52,0
33607,83.33,592.45,0
33618,90.91,592.44,0
33630,83.33,594.67,0
33641,90.91,594.57,0
33652,90.91,588.98,0
33664,83.33,588.13,0
33676,83.33,593.47,0
33687,90.91,593.90,0
33698,90.91,592.22,0
33710,83.33,595.73,0
33721,90.91,591.93,0
33732,90.91,587.55,0
33744,83.33,594.23,0
33756,83.33,598.20,0
33767,90.91,592.63,0
33778,90.91,589.30,0
33789,90.91,588.64,0
33801,83.33,586.36,0
33813,83.33,589.03,0
33824,90.91,594.47,0
33836,83.33,593.35,0
33847,90.91,589.74,0
33858,90.91,589.76,0
33869,90.91,593.82,0
33882,76.92,592.72,0
33893,90.91,591.96,0
33904,90.91,592.71,0
33915,90.91,588.89,0
33927,83.33,588.87,0
33938,90.91,592.70,0
33950,83.33,589.35,0
33961,90.91,588.86,0
33973,83.33,592.04,0
33984,90.91,590.43,0
33995,90.91,588.43,0
34007,83.33,590.08,0
34019,83.33,593.80,0
34030,90.91,592.71,0
34041,90.91,589.98,0
34053,83.33,591.38,0
34064,90.91,590.53,0
34075,90.91,591.34,0
34087,83.33,595.55,0
34099,83.33,591.86,0
34110,90.91,588.29,0
34121,90.91,589.76,0
34132,90.91,589.47,0
34144,83.33,590.57,0
34156,83.33,589.55,0
34167,90.91,588.21,0
34179,83.33,589.96,0
34190,90.91,589.67,0
34201,90.91,589.89,0
34212,90.91,592.58,0
34225,76.92,594.80,0
34236,90.91,593.69,0
34247,90.91,591.58,0
34258,90.91,589.74,0
34270,83.33,589.40,0
34281,90.91,590.44,0
34293,83.33,593.25,0
34305,83.33,591.45,0
34316,90.91,588.15,0
34327,90.91,590.59,0
34338,90.91,594.55,0
34350,83.33,594.51,0
34362,83.33,593.21,0
34373,90.91,589.21,0
34384,90.91,587.84,0
34396,83.33,590.14,0
34407,90.91,591.65,0
34418,90.91,588.18,0
34430,83.33,585.78,0
34442,83.33,589.86,0
34453,90.91,591.74,0
34464,90.91,592.11,0
34476,83.33,596.84,0
34488,90.91,598.59,0
34499,83.33,590.82,0
34510,90.91,591.47,0
34522,83.33,595.92,0
34533,90.91,590.27,0
34544,90.91,588.62,0
34556,90.91,589.20,0
34568,76.92,584.70,0
34579,90.91,587.29,0
34590,90.91,595.07,0
34601,90.91,596.42,0
34613,83.33,592.70,0
34625,90.91,590.08,0
34636,83.33,590.97,0
34648,83.33,592.25,0
34659,90.91,592.24,0
34670,90.91,595.31,0
34681,90.91,590.53,0
34694,83.33,587.12,0
34705,83.33,590.70,0
34716,90.91,592.27,0
34727,90.91,593.57,0
34739,83.33,593.98,0
34750,90.91,588.77,0
34762,90.91,586.79,0
34774,76.92,590.93,0
34785,90.91,592.87,0
34796,90.91,592.82,0
34807,90.91,592.93,0
34819,83.33,592.11,0
34831,83.33,591.27,0
34842,90.91,591.48,0
34853,90.91,593.41,0
34865,83.33,590.43,0
34876,90.91,586.63,0
34887,90.91,589.89,0
34899,83.33,592.10,0
34911,83.33,593.05,0
34922,90.91,592.88,0
34933,90.91,590.97,0
34945,83.33,590.49,0
34956,90.91,591.89,0
34968,83.33,593.72,0
34979,90.91,595.84,0
34991,83.33,593.66,0
35002,90.91,587.15,0
35013,90.91,590.37,0
35024,90.91,590.57,0
35037,76.92,589.59,0
35048,90.91,594.46,0
35059,90.91,595.05,0
35070,90.91,590.44,0
35082,83.33,592.01,0
35093,90.91,594.82,0
35105,83.33,591.24,0
35117,83.33,589.73,0
35128,90.91,589.08,0
35139,90.91,588.51,0
35150,90.91,587.04,0
35162,83.33,585.80,0
35174,83.33,592.13,0
35185,90.91,592.17,0
35196,90.91,590.85,0
35208,83.33,595.81,0
35219,90.91,596.78,0
35230,90.91,594.60,0
35243,76.92,593.62,0
35254,90.91,593.92,0
35265,90.91,588.13,0
35276,90.91,585.49,0
35288,83.33,593.83,0
35299,90.91,595.56,0
35311,83.33,588.36,0
35322,90.91,591.01,0
35334,83.33,591.72,0
35345,90.91,587.12,0
35356,90.91,593.75,0
35367,90.91,594.83,0
35380,76.92,590.02,0
35391,90.91,588.04,0
35402,90.91,587.16,0
35414,83.33,587.71,0
35425,90.91,589.56,0
35436,90.91,593.86,0
35448,83.33,594.05,0
35460,83.33,586.43,0
35471,90.91,586.06,0
35482,90.91,589.24,0
35493,90.91,587.95,0
35505,83.33,592.25,0
35517,83.33,594.43,0
35528,90.91,588.79,0
35539,90.91,587.55,0
35551,83.33,593.48,0
35562,90.91,596.35,0
35573,90.91,592.38,0
35586,76.92,592.61,0
35597,90.91,591.05,0
35608,90.91,587.84,0
35619,90.91,592.15,0
35631,83.33,597.50,0
35642,90.91,593.33,0
35654,83.33,588.82,0
35665,90.91,591.96,0
35677,83.33,593.58,0
35688,90.91,594.76,0
35699,90.91,595.60,0
35710,90.91,592.53,0
35723,76.92,587.91,0
35734,90.91,587.30,0
35745,90.91,592.68,0
35757,83.33,594.12,0
35768,90.91,588.89,0
35779,90.91,591.29,0
35791,83.33,590.99,0
35803,83.33,589.53,0
35814,90.91,596.27,0
35825,90.91,599.43,0
35836,90.91,591.99,0
35848,83.33,589.44,0
35860,83.33,589.19,0
35871,90.91,586.70,0
35883,83.33,588.25,0
35894,90.91,593.01,0
35905,90.91,590.74,0
35917,90.91,586.67,0
35929,76.92,588.98,0
35940,90.91,595.37,0
35951,90.91,593.02,0
35962,90.91,593.01,0
35974,83.33,590.49,0
35986,90.91,587.12,0
35997,83.33,590.84,0
36008,90.91,593.14,0
36020,83.33,591.80,0
36031,90.91,590.01,0
36042,90.91,590.09,0
36055,83.33,590.41,0
36066,83.33,595.48,0
36077,90.91,595.39,0
36088,90.91,594.88,0
36100,83.33,591.93,0
36111,90.91,587.80,0
36123,90.91,591.83,0
36134,83.33,592.60,0
36146,83.33,587.05,0
36157,90.91,589.56,0
36168,90.91,588.13,0
36179,90.91,585.57,0
36192,76.92,592.03,0
36203,90.91,596.47,0
36214,90.91,591.69,0
36226,83.33,588.24,0
36237,90.91,590.19,0
36248,90.91,593.18,0
36260,83.33,591.11,0
36272,83.33,594.22,0
36283,90.91,593.21,0
36294,90.91,587.91,0
36305,90.91,592.28,0
36317,83.33,596.38,0
36329,83.33,591.87,0
36340,90.91,592.40,0
36352,83.33,591.63,0
36363,90.91,588.44,0
36374,90.91,592.26,0
36385,90.91,595.17,0
36398,76.92,592.77,0
36409,90.91,590.63,0
36420,90.91,588.84,0
36431,90.91,590.11,0
36443,83.33,593.44,0
36454,90.91,591.55,0
36466,83.33,591.05,0
36477,90.91,592.39,0
36489,83.33,591.34,0
36500,90.91,589.32,0
36511,90.91,591.13,0
36523,83.33,592.30,0
36535,83.33,591.16,0
36546,90.91,593.39,0
36557,90.91,594.73,0
36569,83.33,593.17,0
36580,90.91,593.38,0
36591,90.91,593.67,0
36603,83.33,588.61,0
36615,83.33,586.27,0
36626,90.91,589.35,0
36637,90.91,590.33,0
36648,90.91,590.95,0
36660,83.33,594.00,0
36672,83.33,593.83,0
36683,90.91,591.11,0
36695,83.33,593.80,0
36706,90.91,596.26,0
36717,90.91,591.14,0
36728,90.91,587.33,0
36741,76.92,589.14,0
36752,90.91,587.61,0
36763,90.91,588.18,0
36774,90.91,591.25,0
36786,83.33,590.46,0
36797,90.91,592.19,0
36809,83.33,593.93,0
36820,90.91,594.25,0
36832,83.33,589.66,0
36843,90.91,591.41,0
36854,90.91,591.67,0
36866,83.33,593.23,0
36878,83.33,590.11,0
36889,90.91,588.54,0
36900,90.91,590.22,0
36912,83.33,594.37,0
36923,90.91,595.57,0
36934,90.91,592.84,0
36946,83.33,593.45,0
36958,83.33,590.63,0
36969,90.91,589.42,0
36980,90.91,594.86,0
36992,83.33,593.67,0
37003,90.91,589.65,0
37015,83.33,592.60,0
37026,90.91,593.96,0
37038,83.33,587.77,0
37049,90.91,596.92,0
37060,90.91,595.25,0
37071,90.91,586.84,0
37084,76.92,593.93,0
37095,90.91,593.53,0
37106,90.91,580.98,0
37117,90.91,593.42,0
37129,83.33,603.41,0
37140,90.91,586.00,0
37152,83.33,585.51,0
37164,83.33,597.93,0
37175,90.91,595.81,0
37186,90.91,589.01,0
37197,90.91,591.24,0
37209,83.33,593.33,0
37221,83.33,584.32,0
37232,90.91,589.48,0
37243,90.91,600.09,0
37255,83.33,586.03,0
37266,90.91,585.82,0
37278,90.91,598.73,0
37289,83.33,586.78,0
37301,83.33,585.47,0
37312,90.91,605.50,0
37323,90.91,597.33,0
37335,83.33,579.38,0
37347,90.91,591.03,0
37358,83.33,597.88,0
37369,90.91,585.48,0
37381,83.33,588.05,0
37392,90.91,598.62,0
37403,90.91,587.84,0
37415,90.91,583.06,0
37427,76.92,599.20,0
37438,90.91,595.83,0
37449,90.91,586.27,0
37460,90.91,595.25,0
37472,83.33,592.58,0
37484,83.33,580.57,0
37495,90.91,591.01,0
37507,83.33,597.83,0
37518,90.91,585.80,0
37529,90.91,585.76,0
37540,90.91,596.87,0
37553,76.92,592.93,0
37564,90.91,590.51,0
37575,90.91,600.42,0
37586,90.91,595.87,0
37598,83.33,581.92,0
37609,90.91,586.63,0
37621,83.33,597.09,0
37633,83.33,589.47,0
37644,90.91,591.53,0
37655,90.91,595.97,0
37666,90.91,587.75,0
37678,83.33,588.29,0
37690,83.33,599.96,0
37701,90.91,596.93,0
37712,90.91,590.16,0
37724,83.33,594.58,0
37735,90.91,588.19,0
37746,90.91,584.19,0
37758,83.33,595.89,0
37770,83.33,598.78,0
37781,90.91,591.97,0
37792,90.91,592.13,0
37804,83.33,594.99,0
37815,90.91,592.47,0
37827,83.33,593.10,0
37838,90.91,597.38,0
37850,83.33,591.73,0
37861,90.91,585.44,0
37872,90.91,595.06,0
37883,90.91,598.34,0
37896,76.92,592.54,0
37907,90.91,594.23,0
37918,90.91,597.02,0
37929,90.91,589.77,0
37941,83.33,592.17,0
37952,90.91,596.69,0
37964,83.33,589.69,0
37976,83.33,586.19,0
37987,90.91,592.68,0
37998,90.91,590.66,0
38009,90.91,592.28,0
38021,83.33,600.94,0
38033,83.33,596.76,0
38044,90.91,585.93,0
38055,90.91,592.26,0
38067,83.33,593.50,0
38078,90.91,585.09,0
38089,90.91,591.53,0
38102,76.92,593.81,0
38113,90.91,584.09,0
38124,90.91,587.95,0
38135,90.91,599.35,0
38147,83.33,595.36,0
38158,90.91,592.62,0
38170,83.33,599.49,0
38181,90.91,593.07,0
38193,83.33,585.74,0
38204,90.91,596.09,0
38215,90.91,597.86,0
38226,90.91,588.30,0
38239,76.92,588.57,0
38250,90.91,591.94,0
38261,90.91,591.43,0
38273,83.33,594.90,0
38284,90.91,601.83,0
38295,90.91,592.76,0
38307,83.33,585.25,0
38319,83.33,594.18,0
38330,90.91,593.70,0
38341,90.91,590.02,0
38352,90.91,599.44,0
38364,83.33,592.24,0
38376,83.33,582.52,0
38387,90.91,594.26,0
38398,90.91,598.65,0
38410,83.33,590.03,0
38421,90.91,594.39,0
38433,90.91,591.69,0
38445,76.92,584.29,0
38456,90.91,590.16,0
38467,90.91,599.50,0
38478,90.91,592.00,0
38490,83.33,583.44,0
38502,90.91,591.67,0
38513,83.33,597.14,0
38524,90.91,591.60,0
38536,83.33,597.66,0
38547,90.91,595.98,0
38558,90.91,580.22,0
38571,90.91,585.48,0
38582,76.92,600.52,0
38593,90.91,595.75,0
38604,90.91,589.19,0
38616,83.33,591.49,0
38627,90.91,587.39,0
38639,83.33,584.70,0
38650,90.91,599.27,0
38662,83.33,602.88,0
38673,90.91,588.85,0
38684,90.91,587.53,0
38695,90.91,594.45,0
38708,76.92,586.03,0
38719,90.91,589.10,0
38730,90.91,600.45,0
38742,83.33,591.78,0
38753,90.91,583.50,0
38764,90.91,595.23,0
38776,83.33,594.82,0
38788,83.33,589.81,0
38799,90.91,597.34,0
38810,90.91,594.45,0
38821,90.91,583.67,0
38833,83.33,591.12,0
38845,83.33,598.89,0
38856,90.91,590.39,0
38867,90.91,588.60,0
38879,83.33,598.69,0
38890,90.91,592.66,0
38901,90.91,587.01,0
38914,76.92,597.82,0
38925,90.91,597.57,0
38936,90.91,585.49,0
38947,90.91,590.15,0
38959,83.33,595.10,0
38970,90.91,586.74,0
38982,83.33,590.08,0
38993,90.91,593.54,0
39005,83.33,588.89,0
