79486⸮66,15.15,592.83,0
77,90.91,591.52,0
89,83.33,592.91,0
100,90.91,594.67,0
111,90.91,594.45,0
123,83.33,596.69,0
135,83.33,594.39,0
146,90.91,590.27,0
157,90.91,591.10,0
168,90.91,599.31,0
180,83.33,597.87,0
192,83.33,593.54,0
203,90.91,593.26,0
215,83.33,590.95,0
226,90.91,593.41,0
237,90.91,594.21,0
248,90.91,595.76,0
261,76.92,592.75,0
272,90.91,591.03,0
283,90.91,594.68,0
294,90.91,593.25,0
306,83.33,594.69,0
317,90.91,596.68,0
329,83.33,593.93,0
340,90.91,591.68,0
352,83.33,591.40,0
363,90.91,598.32,0
374,90.91,597.28,0
386,83.33,594.57,0
398,83.33,590.68,0
409,90.91,589.01,0
420,90.91,592.42,0
432,83.33,595.72,0
443,90.91,594.90,0
454,90.91,590.47,0
466,83.33,590.93,0
478,83.33,594.51,0
489,90.91,594.58,0
500,90.91,592.99,0
512,83.33,592.94,0
523,90.91,592.29,0
535,83.33,589.53,0
546,90.91,592.71,0
558,83.33,598.03,0
569,90.91,597.92,0
580,90.91,595.37,0
591,90.91,591.44,0
604,76.92,589.84,0
615,90.91,591.92,0
626,90.91,596.60,0
637,90.91,596.28,0
649,83.33,590.13,0
660,90.91,595.02,0
672,83.33,596.55,0
684,83.33,591.42,0
695,90.91,594.54,0
706,90.91,594.08,0
717,90.91,592.12,0
729,83.33,590.80,0
741,83.33,590.79,0
752,90.91,596.40,0
763,90.91,597.90,0
775,83.33,594.62,0
786,90.91,590.63,0
797,90.91,588.61,0
809,83.33,592.16,0
821,83.33,596.06,0
832,90.91,597.29,0
843,90.91,594.12,0
855,83.33,592.24,0
866,90.91,595.53,0
878,83.33,599.10,0
889,90.91,594.38,0
901,83.33,594.07,0
912,90.91,591.40,0
923,90.91,585.57,0
934,90.91,591.94,0
947,76.92,597.86,0
958,90.91,598.46,0
969,90.91,595.43,0
980,90.91,593.02,0
992,83.33,592.90,0
1003,90.91,595.44,0
1015,83.33,595.63,0
1027,83.33,593.29,0
1038,90.91,590.45,0
1049,90.91,589.25,0
1060,90.91,594.23,0
1072,83.33,595.92,0
1084,83.33,594.86,0
1095,90.91,595.76,0
1106,90.91,590.80,0
1118,83.33,590.95,0
1129,90.91,594.33,0
1140,90.91,599.29,0
1153,76.92,598.10,0
1164,90.91,593.34,0
1175,90.91,590.76,0
1186,90.91,590.75,0
1198,83.33,592.76,0
1209,90.91,597.05,0
1221,83.33,594.99,0
1232,90.91,589.75,0
1244,83.33,591.77,0
1255,90.91,597.09,0
1266,90.91,598.65,0
1277,90.91,598.62,0
1290,76.92,595.25,0
1301,90.91,592.42,0
1312,90.91,589.36,0
1324,83.33,592.18,0
1335,90.91,598.57,0
1346,90.91,598.93,0
1358,83.33,593.30,0
1370,83.33,591.24,0
1381,90.91,591.24,0
1392,90.91,594.28,0
1403,90.91,594.69,0
1415,83.33,592.87,0
1427,83.33,593.59,0
1438,90.91,592.28,0
1449,90.91,593.89,0
1461,83.33,599.62,0
1472,90.91,597.73,0
1483,90.91,591.92,0
1496,76.92,590.84,0
1507,90.91,590.55,0
1518,90.91,591.65,0
1529,90.91,593.62,0
1541,83.33,594.85,0
1553,90.91,590.17,0
1564,83.33,590.92,0
1575,90.91,594.71,0
1587,83.33,594.30,0
1598,90.91,597.47,0
1609,90.91,596.27,0
1622,90.91,591.30,0
1633,76.92,589.65,0
1644,90.91,594.91,0
1655,90.91,597.61,0
1667,83.33,592.07,0
1678,90.91,589.61,0
1690,90.91,592.65,0
1701,83.33,591.19,0
1713,83.33,594.05,0
1724,90.91,597.63,0
1735,90.91,594.39,0
1746,90.91,592.13,0
1759,83.33,594.15,0
1770,83.33,599.18,0
1781,90.91,594.82,0
1793,83.33,594.84,0
1804,90.91,595.67,0
1815,90.91,590.18,0
1827,90.91,589.06,0
1839,76.92,597.31,0
1850,90.91,595.68,0
1861,90.91,591.01,0
1872,90.91,590.13,0
1884,83.33,590.11,0
1896,83.33,593.73,0
1907,90.91,596.27,0
1918,90.91,595.33,0
1930,83.33,592.16,0
1941,90.91,591.88,0
1952,90.91,595.46,0
1965,76.92,593.05,0
1976,90.91,593.32,0
1987,90.91,593.91,0
1998,90.91,589.24,0
2010,83.33,591.77,0
2021,90.91,596.45,0
2033,83.33,598.85,0
2044,90.91,596.29,0
2056,83.33,591.98,0
2067,90.91,590.29,0
2078,90.91,591.07,0
2089,90.91,593.57,0
2102,76.92,593.10,0
2113,90.91,592.89,0
2124,90.91,590.77,0
2136,83.33,592.71,0
2147,90.91,596.66,0
2158,90.91,594.38,0
2170,83.33,598.46,0
2182,83.33,593.09,0
2193,90.91,588.88,0
2204,90.91,590.94,0
2215,90.91,594.33,0
2227,83.33,597.43,0
2239,83.33,595.52,0
2250,90.91,594.91,0
2262,83.33,591.43,0
2273,90.91,593.98,0
2284,90.91,598.00,0
2295,90.91,594.36,0
2308,76.92,592.70,0
2319,90.91,594.95,0
2330,90.91,594.75,0
2341,90.91,593.21,0
2353,83.33,595.26,0
2364,90.91,592.82,0
2376,83.33,585.17,0
2387,90.91,586.88,0
2399,83.33,590.88,0
2410,90.91,595.55,0
2421,90.91,595.44,0
2433,83.33,592.97,0
2445,83.33,588.58,0
2456,90.91,590.10,0
2467,90.91,595.72,0
2479,83.33,601.13,0
2490,90.91,594.25,0
2501,90.91,592.32,0
2513,83.33,594.06,0
2525,83.33,591.57,0
2536,90.91,593.90,0
2547,90.91,597.49,0
2558,90.91,593.54,0
2570,83.33,591.03,0
2582,83.33,590.90,0
2593,90.91,595.86,0
2605,83.33,598.80,0
2616,90.91,598.99,0
2627,90.91,596.59,0
2638,90.91,591.30,0
2651,76.92,593.89,0
2662,90.91,595.84,0
2673,90.91,595.59,0
2684,90.91,595.02,0
2696,83.33,592.10,0
2707,90.91,591.39,0
2719,83.33,592.55,0
2731,83.33,597.76,0
2742,90.91,600.11,0
2753,90.91,592.96,0
2764,90.91,589.96,0
2776,83.33,592.95,0
2788,83.33,598.52,0
2799,90.91,598.04,0
2810,90.91,595.58,0
2822,83.33,591.28,0
2833,90.91,587.56,0
2844,90.91,590.98,0
2856,83.33,595.18,0
2868,83.33,594.21,0
2879,90.91,592.59,0
2890,90.91,592.99,0
2902,83.33,592.75,0
2913,90.91,596.04,0
2925,83.33,600.68,0
2936,90.91,597.74,0
2948,83.33,592.55,0
2959,90.91,591.70,0
2970,90.91,592.93,0
2981,90.91,592.26,0
2994,76.92,592.59,0
3005,90.91,594.09,0
3016,90.91,592.90,0
3027,90.91,594.08,0
3039,83.33,595.98,0
3050,90.91,593.78,0
3062,83.33,594.60,0
3074,83.33,592.74,0
3085,90.91,591.43,0
3096,90.91,594.22,0
3107,90.91,597.18,0
3119,83.33,598.54,0
3131,83.33,590.53,0
3142,90.91,588.38,0
3153,90.91,590.58,0
3165,83.33,592.60,0
3176,90.91,596.69,0
3187,90.91,599.86,0
3200,76.92,596.93,0
3211,90.91,593.70,0
3222,90.91,595.06,0
3233,90.91,593.72,0
3245,83.33,592.53,0
3256,90.91,594.06,0
3268,83.33,591.15,0
3279,90.91,589.93,0
3291,83.33,591.46,0
3302,90.91,597.63,0
3313,90.91,598.12,0
3324,90.91,593.27,0
3337,76.92,592.10,0
3348,90.91,591.38,0
3359,90.91,593.56,0
3371,83.33,595.93,0
3382,90.91,595.57,0
3394,90.91,593.04,0
3405,83.33,592.05,0
3417,83.33,589.65,0
3428,90.91,591.39,0
3439,90.91,593.56,0
3450,90.91,593.31,0
3463,83.33,591.51,0
3474,83.33,590.07,0
3485,90.91,595.93,0
3496,90.91,599.14,0
3508,83.33,596.18,0
3519,90.91,592.89,0
3531,90.91,591.49,0
3543,76.92,589.88,0
3554,90.91,593.43,0
3565,90.91,594.94,0
3576,90.91,593.10,0
3588,83.33,591.92,0
3600,90.91,594.07,0
3611,83.33,593.24,0
3622,90.91,594.95,0
3634,83.33,598.53,0
3645,90.91,595.60,0
3656,90.91,589.19,0
3668,90.91,590.99,0
3680,76.92,595.49,0
3691,90.91,597.01,0
3702,90.91,596.57,0
3714,83.33,594.92,0
3725,90.91,590.31,0
3737,90.91,590.43,0
3748,83.33,594.49,0
3760,83.33,597.10,0
3771,90.91,595.54,0
3782,90.91,591.93,0
3793,90.91,591.44,0
3806,83.33,591.94,0
3817,90.91,595.16,0
3828,90.91,594.80,0
3840,83.33,591.96,0
3851,90.91,590.34,0
3862,90.91,592.93,0
3874,83.33,594.84,0
3886,83.33,596.43,0
3897,90.91,595.32,0
3908,90.91,593.56,0
3919,90.91,592.41,0
3931,83.33,591.80,0
3943,83.33,592.32,0
3954,90.91,593.18,0
3965,90.91,593.88,0
3977,83.33,591.97,0
3988,90.91,591.17,0
3999,90.91,595.31,0
4012,76.92,594.33,0
4023,90.91,593.22,0
4034,90.91,592.68,0
4045,90.91,590.09,0
4057,83.33,590.62,0
4068,90.91,592.95,0
4080,83.33,597.66,0
4091,90.91,597.62,0
4103,83.33,591.11,0
4114,90.91,591.64,0
4125,90.91,594.35,0
4136,90.91,592.44,0
4149,76.92,595.42,0
4160,90.91,592.40,0
4171,90.91,588.70,0
4183,83.33,589.74,0
4194,90.91,593.16,0
4205,90.91,594.46,0
4217,83.33,595.50,0
4229,83.33,596.66,0
4240,90.91,591.26,0
4251,90.91,590.16,0
4262,90.91,595.41,0
4274,83.33,597.27,0
4286,83.33,592.33,0
4297,90.91,592.12,0
4308,90.91,591.03,0
4320,83.33,590.08,0
4331,90.91,593.06,0
4342,90.91,596.49,0
4355,76.92,594.59,0
4366,90.91,593.96,0
4377,90.91,596.62,0
4388,90.91,598.37,0
4400,83.33,596.14,0
4411,90.91,595.99,0
4423,83.33,593.49,0
4434,90.91,589.75,0
4446,83.33,591.46,0
4457,90.91,598.18,0
4468,90.91,595.62,0
4480,83.33,593.93,0
4492,83.33,592.10,0
4503,90.91,588.71,0
4514,90.91,588.81,0
4526,83.33,594.07,0
4537,90.91,596.47,0
4548,90.91,593.37,0
4560,83.33,590.97,0
4572,83.33,592.19,0
4583,90.91,595.46,0
4594,90.91,596.34,0
4605,90.91,593.24,0
4617,83.33,589.02,0
4629,83.33,591.01,0
4640,90.91,594.09,0
4652,83.33,595.05,0
4663,90.91,596.70,0
4674,90.91,595.87,0
4685,90.91,590.64,0
4698,76.92,590.34,0
4709,90.91,595.74,0
4720,90.91,598.22,0
4731,90.91,597.66,0
4743,83.33,592.43,0
4754,90.91,590.66,0
4766,83.33,590.53,0
4777,90.91,597.77,0
4789,83.33,598.43,0
4800,90.91,592.03,0
4811,90.91,590.41,0
4823,83.33,590.59,0
4835,83.33,594.65,0
4846,90.91,596.14,0
4857,90.91,595.77,0
4869,83.33,595.79,0
4880,90.91,589.27,0
4891,90.91,593.58,0
4903,83.33,594.37,0
4915,83.33,591.49,0
4926,90.91,593.10,0
4937,90.91,589.91,0
4948,90.91,588.75,0
4960,83.33,593.92,0
4972,83.33,600.22,0
4983,90.91,597.42,0
4995,83.33,592.41,0
5006,90.91,590.30,0
5017,90.91,589.40,0
5028,90.91,593.63,0
5041,76.92,594.05,0
5052,90.91,592.82,0
5063,90.91,591.28,0
5074,90.91,588.81,0
5086,83.33,593.87,0
5097,90.91,596.84,0
5109,83.33,595.41,0
5121,83.33,591.32,0
5132,90.91,586.21,0
5143,90.91,589.64,0
5154,90.91,590.91,0
5166,83.33,595.53,0
5178,83.33,596.31,0
5189,90.91,587.81,0
5200,90.91,587.75,0
5212,83.33,594.64,0
5223,90.91,597.00,0
5234,90.91,597.38,0
5246,83.33,595.19,0
5258,83.33,592.87,0
5269,90.91,590.26,0
5280,90.91,593.99,0
5292,83.33,595.07,0
5303,90.91,593.39,0
5315,83.33,590.49,0
5326,90.91,590.21,0
5338,83.33,591.30,0
5349,90.91,595.46,0
5360,90.91,599.12,0
5372,90.91,598.77,0
5384,76.92,592.54,0
5395,90.91,590.89,0
5406,90.91,593.63,0
5417,90.91,594.66,0
5429,83.33,596.20,0
5441,90.91,595.01,0
5452,83.33,593.14,0
5464,83.33,595.22,0
5475,90.91,594.62,0
5486,90.91,595.63,0
5497,90.91,593.46,0
5510,83.33,589.32,0
5521,83.33,587.35,0
5532,90.91,591.37,0
5543,90.91,595.63,0
5555,83.33,598.46,0
5566,90.91,592.71,0
5578,90.91,590.14,0
5590,76.92,589.40,0
5601,90.91,592.26,0
5612,90.91,596.05,0
5623,90.91,594.72,0
5635,83.33,591.36,0
5647,90.91,592.27,0
5658,83.33,594.09,0
5669,90.91,593.29,0
5681,83.33,593.89,0
5692,90.91,590.89,0
5703,90.91,590.27,0
5715,83.33,592.77,0
5727,83.33,593.71,0
5738,90.91,594.32,0
5749,90.91,594.49,0
5761,83.33,595.24,0
5772,90.91,594.09,0
5784,83.33,592.21,0
5795,90.91,594.45,0
5807,83.33,594.16,0
5818,90.91,592.40,0
5829,90.91,591.48,0
5840,90.91,593.12,0
5853,76.92,595.76,0
5864,90.91,594.30,0
5875,90.91,593.85,0
5886,90.91,593.59,0
5898,83.33,591.70,0
5909,90.91,594.33,0
5921,83.33,594.59,0
5933,83.33,597.33,0
5944,90.91,599.77,0
5955,90.91,596.06,0
5966,90.91,593.58,0
5978,83.33,590.85,0
5990,83.33,592.13,0
6001,90.91,597.60,0
6012,90.91,593.85,0
6024,83.33,590.12,0
6035,90.91,592.75,0
6046,90.91,593.68,0
6059,76.92,593.44,0
6070,90.91,592.88,0
6081,90.91,592.95,0
6092,90.91,591.54,0
6104,83.33,591.04,0
6115,90.91,592.89,0
6127,83.33,593.75,0
6138,90.91,594.59,0
6150,83.33,594.36,0
6161,90.91,593.31,0
6172,90.91,592.34,0
6183,90.91,593.08,0
6196,76.92,593.95,0
6207,90.91,593.36,0
6218,90.91,593.46,0
6230,83.33,594.58,0
6241,90.91,593.92,0
6252,90.91,594.04,0
6264,83.33,594.87,0
6276,83.33,594.46,0
6287,90.91,594.83,0
6298,90.91,593.94,0
6309,90.91,592.98,0
6321,83.33,590.44,0
6333,83.33,593.39,0
6344,90.91,594.94,0
6355,90.91,593.25,0
6367,83.33,591.39,0
6378,90.91,593.27,0
6389,90.91,593.55,0
6402,76.92,592.77,0
6413,90.91,594.09,0
6424,90.91,593.52,0
6435,90.91,594.07,0
6447,83.33,594.56,0
6458,90.91,592.81,0
6470,83.33,591.35,0
6481,90.91,592.71,0
6493,83.33,595.07,0
6504,90.91,594.07,0
6515,90.91,592.99,0
6526,90.91,595.32,0
6539,76.92,597.62,0
6550,90.91,592.36,0
6561,90.91,591.86,0
6573,83.33,590.28,0
6584,90.91,591.89,0
6595,90.91,591.71,0
6607,83.33,592.67,0
6619,83.33,596.32,0
6630,90.91,595.28,0
6641,90.91,593.92,0
6652,90.91,591.10,0
6664,83.33,592.85,0
6676,83.33,593.71,0
6687,90.91,593.03,0
6699,83.33,593.00,0
6710,90.91,590.86,0
6721,90.91,591.65,0
6732,90.91,595.33,0
6745,76.92,596.33,0
6756,90.91,591.48,0
6767,90.91,591.18,0
6778,90.91,592.84,0
6790,83.33,592.53,0
6801,90.91,593.54,0
6813,83.33,595.34,0
6824,90.91,594.21,0
6836,83.33,593.93,0
6847,90.91,592.49,0
6858,90.91,593.47,0
6870,83.33,595.42,0
6882,83.33,594.52,0
6893,90.91,592.87,0
6904,90.91,589.54,0
6916,83.33,590.88,0
6927,90.91,596.13,0
6938,90.91,597.17,0
6950,83.33,594.44,0
6962,83.33,592.75,0
6973,90.91,590.61,0
6984,90.91,593.59,0
6995,90.91,598.49,0
7007,83.33,597.07,0
7019,83.33,594.71,0
7030,90.91,594.45,0
7042,83.33,594.19,0
7053,90.91,594.29,0
7064,90.91,593.96,0
7075,90.91,592.75,0
7088,76.92,590.54,0
7099,90.91,591.18,0
7110,90.91,595.30,0
7121,90.91,597.71,0
7133,83.33,595.34,0
7144,90.91,592.68,0
7156,83.33,593.39,0
7168,83.33,590.97,0
7179,90.91,592.43,0
7190,90.91,594.88,0
7201,90.91,592.97,0
7213,83.33,591.84,0
7225,83.33,594.01,0
7236,90.91,596.95,0
7247,90.91,595.53,0
7259,83.33,597.99,0
7270,90.91,598.75,0
7281,90.91,591.61,0
7293,83.33,590.16,0
7305,83.33,594.17,0
7316,90.91,595.23,0
7327,90.91,594.64,0
7339,83.33,595.24,0
7351,90.91,591.22,0
7362,83.33,590.63,0
7373,90.91,594.28,0
7385,83.33,595.11,0
7396,90.91,595.99,0
7407,90.91,594.01,0
7419,90.91,596.27,0
7431,76.92,595.67,0
7442,90.91,592.40,0
7453,90.91,596.36,0
7464,90.91,594.55,0
7476,83.33,592.20,0
7488,90.91,593.14,0
7499,83.33,593.64,0
7511,83.33,594.26,0
7522,90.91,594.42,0
7533,90.91,593.94,0
7544,90.91,588.30,0
7557,83.33,589.50,0
7568,83.33,596.28,0
7579,90.91,593.11,0
7590,90.91,591.28,0
7602,83.33,593.36,0
7613,90.91,593.43,0
7625,90.91,590.82,0
7636,83.33,594.57,0
7648,83.33,595.02,0
7659,90.91,589.55,0
7670,90.91,589.94,0
7682,83.33,589.30,0
7694,90.91,591.17,0
7705,83.33,596.53,0
7716,90.91,597.18,0
7728,83.33,594.58,0
7739,90.91,591.04,0
7750,90.91,593.18,0
7762,83.33,593.28,0
7774,83.33,592.73,0
7785,90.91,594.73,0
7796,90.91,594.48,0
7808,83.33,594.26,0
7819,90.91,593.14,0
7831,83.33,594.36,0
7842,90.91,592.35,0
7854,83.33,595.53,0
7865,90.91,595.22,0
7876,90.91,591.02,0
7887,90.91,592.11,0
7900,76.92,594.44,0
7911,90.91,594.23,0
7922,90.91,591.71,0
7933,90.91,591.81,0
7945,83.33,592.88,0
7956,90.91,594.02,0
7968,83.33,593.45,0
7980,83.33,594.33,0
7991,90.91,591.72,0
8002,90.91,593.80,0
8013,90.91,593.85,0
8025,83.33,593.29,0
8037,83.33,594.14,0
8048,90.91,595.18,0
8059,90.91,594.89,0
8071,83.33,593.30,0
8082,90.91,593.43,0
8093,90.91,596.96,0
8105,83.33,595.60,0
8117,83.33,596.81,0
8128,90.91,592.49,0
8139,90.91,590.91,0
8151,83.33,593.93,0
8162,90.91,592.58,0
8174,83.33,593.67,0
8185,90.91,593.21,0
8197,83.33,594.80,0
8208,90.91,593.49,0
8219,90.91,592.62,0
8230,90.91,594.25,0
8243,76.92,591.63,0
8254,90.91,593.33,0
8265,90.91,593.16,0
8276,90.91,592.46,0
8288,83.33,593.33,0
8299,90.91,594.50,0
8311,83.33,595.50,0
8323,83.33,591.53,0
8334,90.91,591.54,0
8345,90.91,596.80,0
8356,90.91,594.95,0
8368,83.33,594.41,0
8380,83.33,594.11,0
8391,90.91,592.04,0
8402,90.91,594.52,0
8414,83.33,594.29,0
8425,90.91,595.62,0
8436,90.91,591.96,0
8449,76.92,590.54,0
8460,90.91,593.15,0
8471,90.91,591.93,0
8482,90.91,593.69,0
8494,83.33,599.34,0
8505,90.91,595.13,0
8517,83.33,592.19,0
8528,90.91,589.53,0
8540,83.33,590.67,0
8551,90.91,593.81,0
8562,90.91,595.94,0
8573,90.91,598.52,0
8586,76.92,596.55,0
8597,90.91,595.45,0
8608,90.91,597.62,0
8620,83.33,595.34,0
8631,90.91,593.10,0
8642,90.91,591.79,0
8654,83.33,589.85,0
8666,83.33,592.02,0
8677,90.91,595.44,0
8688,90.91,595.79,0
8699,90.91,593.55,0
8711,83.33,592.23,0
8723,83.33,591.22,0
8734,90.91,592.93,0
8745,90.91,595.43,0
8757,83.33,593.34,0
8768,90.91,592.61,0
8779,90.91,592.27,0
8792,76.92,595.26,0
8803,90.91,591.34,0
8814,90.91,590.75,0
8825,90.91,593.13,0
8837,83.33,591.15,0
8848,90.91,589.28,0
8860,83.33,589.72,0
8871,90.91,593.21,0
8883,83.33,596.38,0
8894,90.91,596.02,0
8905,90.91,594.53,0
8916,90.91,591.18,0
8929,76.92,594.62,0
8940,90.91,593.70,0
8951,90.91,593.44,0
8963,83.33,593.76,0
8974,90.91,593.25,0
8985,90.91,595.87,0
8997,83.33,596.32,0
9009,83.33,596.25,0
9020,90.91,593.96,0
9031,90.91,592.92,0
9042,90.91,589.58,0
9054,83.33,594.64,0
9066,83.33,598.38,0
9077,90.91,595.11,0
9089,83.33,590.39,0
9100,90.91,590.72,0
9111,90.91,593.10,0
9122,90.91,596.83,0
9135,76.92,593.74,0
9146,90.91,590.24,0
9157,90.91,591.05,0
9168,90.91,591.40,0
9180,83.33,595.67,0
9191,90.91,594.73,0
9203,83.33,594.25,0
9214,90.91,591.24,0
9226,83.33,588.47,0
9237,90.91,591.33,0
9248,90.91,593.24,0
9260,83.33,594.94,0
9272,83.33,594.90,0
9283,90.91,593.98,0
9294,90.91,590.95,0
9306,83.33,590.23,0
9317,90.91,592.42,0
9328,90.91,595.15,0
9340,83.33,594.37,0
9352,83.33,591.20,0
9363,90.91,591.59,0
9374,90.91,595.09,0
9385,90.91,595.30,0
9397,83.33,594.62,0
9409,83.33,593.79,0
9420,90.91,592.89,0
9432,83.33,592.10,0
9443,90.91,593.16,0
9454,90.91,597.60,0
9465,90.91,595.15,0
9478,76.92,591.04,0
9489,90.91,590.45,0
9500,90.91,589.95,0
9511,90.91,595.64,0
9523,83.33,596.80,0
9534,90.91,593.26,0
9546,83.33,590.75,0
9558,83.33,591.88,0
9569,90.91,596.14,0
9580,90.91,596.92,0
9591,90.91,592.26,0
9603,83.33,592.00,0
9615,83.33,590.65,0
9626,90.91,594.84,0
9637,90.91,598.70,0
9649,83.33,596.26,0
9660,90.91,596.17,0
9671,90.91,592.15,0
9683,83.33,589.52,0
9695,83.33,590.78,0
9706,90.91,595.99,0
9717,90.91,594.88,0
9729,83.33,591.22,0
9740,90.91,589.99,0
9752,83.33,592.19,0
9763,90.91,597.79,0
9775,83.33,597.68,0
9786,90.91,595.82,0
9797,90.91,591.22,0
9808,90.91,590.09,0
9821,76.92,594.16,0
9832,90.91,597.16,0
9843,90.91,598.89,0
9854,90.91,593.28,0
9866,83.33,590.44,0
9877,90.91,593.10,0
9889,83.33,596.43,0
9901,83.33,594.95,0
9912,90.91,592.66,0
9923,90.91,591.52,0
9934,90.91,591.43,0
9946,83.33,593.72,0
9958,83.33,595.97,0
9969,90.91,597.78,0
9980,90.91,594.06,0
9992,83.33,588.32,0
10003,90.91,591.53,0
10014,90.91,594.26,0
10027,76.92,597.09,0
10038,90.91,599.15,0
10049,90.91,594.47,0
10060,90.91,594.28,0
10072,83.33,595.80,0
10083,90.91,596.32,0
10095,83.33,594.64,0
10106,90.91,594.14,0
10118,83.33,592.50,0
10129,90.91,588.23,0
10140,90.91,588.66,0
10151,90.91,594.15,0
10164,76.92,595.44,0
10175,90.91,590.51,0
10186,90.91,589.93,0
10198,83.33,592.84,0
10209,90.91,593.62,0
10220,90.91,597.39,0
10232,83.33,598.46,0
10244,83.33,593.02,0
10255,90.91,594.11,0
10266,90.91,596.54,0
10277,90.91,590.97,0
10289,83.33,592.83,0
10301,83.33,594.82,0
10312,90.91,590.96,0
10323,90.91,589.27,0
10335,83.33,593.11,0
10346,90.91,598.73,0
10357,90.91,600.09,0
10370,76.92,596.10,0
10381,90.91,593.60,0
10392,90.91,591.55,0
10403,90.91,593.44,0
10415,83.33,596.61,0
10426,90.91,593.27,0
10438,83.33,593.93,0
10449,90.91,594.71,0
10461,83.33,595.07,0
10472,90.91,591.03,0
10483,90.91,595.24,0
10494,90.91,598.73,0
10507,76.92,595.27,0
10518,90.91,592.91,0
10529,90.91,594.63,0
10541,83.33,596.08,0
10552,90.91,597.31,0
10563,90.91,597.61,0
10575,83.33,590.07,0
10587,83.33,587.24,0
10598,90.91,592.95,0
10609,90.91,593.53,0
10620,90.91,593.74,0
10632,83.33,593.83,0
10644,83.33,595.86,0
10655,90.91,592.38,0
10667,83.33,592.21,0
10678,90.91,596.24,0
10689,90.91,594.57,0
10700,90.91,593.31,0
10713,76.92,589.40,0
10724,90.91,591.86,0
10735,90.91,593.02,0
10746,90.91,593.53,0
10758,83.33,593.32,0
10769,90.91,589.58,0
10781,83.33,591.16,0
10792,90.91,591.13,0
10804,83.33,593.63,0
10815,90.91,594.34,0
10826,90.91,593.03,0
10838,83.33,594.28,0
10850,83.33,592.03,0
10861,90.91,591.09,0
10872,90.91,596.00,0
10884,83.33,597.67,0
10895,90.91,592.53,0
10906,90.91,590.97,0
10918,83.33,591.32,0
10930,83.33,595.29,0
10941,90.91,598.49,0
10952,90.91,593.91,0
10963,90.91,591.49,0
10975,83.33,591.83,0
10987,83.33,592.36,0
10998,90.91,594.67,0
11010,83.33,594.39,0
11021,90.91,593.74,0
11032,90.91,593.50,0
11043,90.91,591.42,0
11056,76.92,592.61,0
11067,90.91,594.69,0
11078,90.91,595.31,0
11089,90.91,592.69,0
11101,83.33,590.61,0
11112,90.91,593.83,0
11124,83.33,594.52,0
11136,83.33,593.98,0
11147,90.91,594.50,0
11158,90.91,589.95,0
11169,90.91,589.91,0
11181,83.33,591.87,0
11193,83.33,591.23,0
11204,90.91,591.60,0
11215,90.91,593.91,0
11227,83.33,593.57,0
11238,90.91,594.75,0
11249,90.91,593.31,0
11261,83.33,592.86,0
11273,83.33,595.53,0
11284,90.91,596.45,0
11295,90.91,592.02,0
11307,83.33,591.44,0
11318,90.91,596.52,0
11330,83.33,598.20,0
11341,90.91,595.20,0
11353,83.33,593.68,0
11364,90.91,591.90,0
11375,90.91,592.09,0
11386,90.91,591.64,0
11399,76.92,594.26,0
11410,90.91,595.02,0
11421,90.91,593.63,0
11432,90.91,595.75,0
11444,83.33,592.71,0
11455,90.91,593.74,0
11467,83.33,595.63,0
11479,83.33,592.84,0
11490,90.91,590.94,0
11501,90.91,592.17,0
11512,90.91,592.78,0
11524,83.33,592.98,0
11536,83.33,592.56,0
11547,90.91,595.43,0
11558,90.91,590.96,0
11570,83.33,591.70,0
11581,90.91,595.10,0
11592,90.91,593.35,0
11604,83.33,592.35,0
11616,83.33,592.29,0
11627,90.91,593.58,0
11638,90.91,592.67,0
11650,83.33,593.74,0
11661,90.91,596.04,0
11673,83.33,592.09,0
11684,90.91,588.82,0
11696,83.33,592.02,0
11707,90.91,595.58,0
11718,90.91,596.98,0
11729,90.91,594.87,0
11742,76.92,592.59,0
11753,90.91,592.05,0
11764,90.91,595.66,0
11776,83.33,595.94,0
11787,90.91,594.08,0
11798,90.91,592.33,0
11810,83.33,592.49,0
11822,83.33,593.60,0
11833,90.91,592.34,0
11844,90.91,594.07,0
11855,90.91,596.66,0
11867,83.33,592.37,0
11879,83.33,592.01,0
11890,90.91,592.84,0
11901,90.91,592.98,0
11913,83.33,596.19,0
11924,90.91,595.22,0
11935,90.91,592.01,0
11948,76.92,593.21,0
11959,90.91,592.80,0
11970,90.91,593.21,0
11981,90.91,593.23,0
11993,83.33,594.00,0
12004,90.91,594.04,0
12016,83.33,594.06,0
12027,90.91,595.51,0
12039,83.33,594.82,0
12050,90.91,594.34,0
12061,90.91,592.64,0
12072,90.91,590.39,0
12085,76.92,591.46,0
12096,90.91,594.84,0
12107,90.91,597.12,0
12119,83.33,593.63,0
12130,90.91,592.45,0
12141,90.91,593.45,0
12153,83.33,592.51,0
12165,83.33,599.74,0
12176,90.91,596.58,0
12187,90.91,592.18,0
12198,90.91,591.95,0
12210,83.33,592.16,0
12222,83.33,594.72,0
12233,90.91,593.79,0
12244,90.91,593.77,0
12256,83.33,591.86,0
12267,90.91,590.75,0
12278,90.91,594.64,0
12291,76.92,595.38,0
12302,90.91,594.85,0
12313,90.91,595.25,0
12324,90.91,589.83,0
12336,83.33,589.19,0
12347,90.91,592.93,0
12359,83.33,595.94,0
12370,90.91,594.36,0
12382,83.33,593.86,0
12393,90.91,591.64,0
12404,90.91,591.48,0
12416,83.33,595.52,0
12428,83.33,594.42,0
12439,90.91,593.54,0
12450,90.91,594.98,0
12462,83.33,592.06,0
12473,90.91,592.76,0
12484,90.91,596.05,0
12496,83.33,596.53,0
12508,83.33,593.89,0
12519,90.91,590.84,0
12530,90.91,590.98,0
12541,90.91,592.12,0
12553,83.33,592.39,0
12565,83.33,592.24,0
12576,90.91,592.53,0
12588,83.33,593.47,0
12599,90.91,597.03,0
12610,90.91,595.59,0
12621,90.91,594.84,0
12634,76.92,593.52,0
12645,90.91,591.38,0
12656,90.91,591.87,0
12667,90.91,591.26,0
12679,83.33,591.45,0
12691,90.91,593.96,0
12702,83.33,591.86,0
12713,90.91,593.21,0
12725,83.33,593.73,0
12736,90.91,593.83,0
12747,90.91,594.61,0
12760,83.33,591.80,0
12771,83.33,589.68,0
12782,90.91,590.27,0
12793,90.91,596.14,0
12805,83.33,597.75,0
12816,90.91,592.64,0
12828,90.91,590.40,0
12839,83.33,588.15,0
12851,83.33,590.22,0
12862,90.91,592.39,0
12873,90.91,594.21,0
12884,90.91,591.98,0
12897,83.33,590.06,0
12908,83.33,592.96,0
12919,90.91,592.84,0
12931,83.33,594.70,0
12942,90.91,597.48,0
12953,90.91,591.37,0
12965,90.91,590.12,0
12977,76.92,591.87,0
12988,90.91,595.99,0
12999,90.91,597.70,0
13010,90.91,593.25,0
13022,83.33,592.02,0
13034,90.91,592.24,0
13045,83.33,594.88,0
13057,83.33,599.07,0
13068,90.91,595.64,0
13079,90.91,594.55,0
13090,90.91,593.18,0
13103,83.33,591.78,0
13114,83.33,596.32,0
13125,90.91,595.74,0
13136,90.91,593.79,0
13148,83.33,593.21,0
13159,90.91,591.50,0
13171,90.91,593.63,0
13182,83.33,595.56,0
13194,83.33,597.21,0
13205,90.91,594.42,0
13216,90.91,591.45,0
13228,83.33,589.70,0
13240,90.91,590.92,0
13251,83.33,591.88,0
13262,90.91,594.80,0
13274,83.33,594.79,0
13285,90.91,592.63,0
13296,90.91,596.07,0
13308,90.91,595.86,0
13320,76.92,592.66,0
13331,90.91,593.75,0
13342,90.91,592.02,0
13353,90.91,589.53,0
13365,83.33,592.61,0
13377,83.33,595.47,0
13388,90.91,598.13,0
13400,83.33,592.72,0
13411,90.91,591.60,0
13422,90.91,592.68,0
13433,90.91,592.66,0
13446,76.92,594.24,0
13457,90.91,593.79,0
13468,90.91,592.36,0
13479,90.91,590.90,0
13491,83.33,592.77,0
13502,90.91,593.81,0
13514,83.33,593.74,0
13526,83.33,595.16,0
13537,90.91,594.15,0
13548,90.91,588.59,0
13559,90.91,590.67,0
13571,83.33,595.59,0
13583,83.33,596.24,0
13594,90.91,595.67,0
13605,90.91,592.44,0
13617,83.33,591.80,0
13628,90.91,595.58,0
13639,90.91,596.47,0
13651,83.33,595.77,0
13663,83.33,592.82,0
13674,90.91,591.57,0
13685,90.91,593.68,0
13697,83.33,594.57,0
13708,90.91,593.49,0
13720,83.33,593.75,0
13731,90.91,592.58,0
13743,83.33,592.41,0
13754,90.91,595.43,0
13765,90.91,592.78,0
13776,90.91,596.11,0
13789,76.92,596.06,0
13800,90.91,593.25,0
13811,90.91,593.25,0
13822,90.91,594.33,0
13834,83.33,597.08,0
13845,90.91,592.55,0
13857,83.33,591.98,0
13869,83.33,593.54,0
13880,90.91,591.81,0
13891,90.91,593.77,0
13902,90.91,592.42,0
13914,83.33,591.80,0
13926,83.33,592.24,0
13937,90.91,590.71,0
13948,90.91,592.70,0
13960,83.33,595.66,0
13971,90.91,596.95,0
13982,90.91,596.17,0
13995,76.92,591.60,0
14006,90.91,591.73,0
14017,90.91,593.17,0
14028,90.91,592.62,0
14040,83.33,591.67,0
14051,90.91,593.54,0
14063,83.33,592.42,0
14074,90.91,594.37,0
14086,83.33,595.37,0
14097,90.91,593.77,0
14108,90.91,593.93,0
14119,90.91,595.93,0
14132,76.92,594.75,0
14143,90.91,592.75,0
14154,90.91,593.72,0
14166,83.33,594.37,0
14177,90.91,594.29,0
14188,90.91,590.31,0
14200,83.33,589.94,0
14212,83.33,593.55,0
14223,90.91,596.00,0
14234,90.91,592.36,0
14245,90.91,590.43,0
14257,83.33,590.94,0
14269,83.33,594.05,0
14280,90.91,594.82,0
14291,90.91,595.86,0
14303,83.33,593.14,0
14314,90.91,590.24,0
14325,90.91,588.67,0
14338,76.92,592.59,0
14349,90.91,597.66,0
14360,90.91,596.42,0
14371,90.91,594.60,0
14383,83.33,594.44,0
14394,90.91,593.63,0
14406,83.33,595.20,0
14417,90.91,596.54,0
14429,83.33,594.35,0
14440,90.91,591.65,0
14451,90.91,590.39,0
14462,90.91,591.28,0
14475,76.92,593.11,0
14486,90.91,594.52,0
14497,90.91,594.22,0
14509,83.33,590.89,0
14520,90.91,588.97,0
14531,90.91,593.40,0
14543,83.33,595.24,0
14555,83.33,595.62,0
14566,90.91,594.69,0
14577,90.91,594.00,0
14588,90.91,592.84,0
14600,83.33,591.66,0
14612,83.33,593.46,0
14623,90.91,591.60,0
14635,83.33,591.13,0
14646,90.91,591.76,0
14657,90.91,592.26,0
14668,90.91,593.12,0
14681,76.92,594.45,0
14692,90.91,590.19,0
14703,90.91,591.29,0
14714,90.91,592.67,0
14726,83.33,594.80,0
14737,90.91,594.15,0
14749,83.33,593.03,0
14760,90.91,594.83,0
14772,83.33,590.79,0
14783,90.91,590.42,0
14794,90.91,595.84,0
14806,83.33,595.76,0
14818,83.33,592.47,0
14829,90.91,593.47,0
14840,90.91,593.94,0
14852,83.33,594.34,0
14863,90.91,594.15,0
14874,90.91,594.20,0
14886,83.33,593.78,0
14898,83.33,592.43,0
14909,90.91,593.19,0
14920,90.91,592.20,0
14931,90.91,590.76,0
14943,83.33,594.46,0
14955,83.33,596.52,0
14966,90.91,596.93,0
14978,83.33,596.22,0
14989,90.91,591.55,0
15000,90.91,593.03,0
15011,90.91,593.64,0
15024,76.92,592.55,0
15035,90.91,596.40,0
15046,90.91,594.98,0
15057,90.91,592.55,0
15069,83.33,594.58,0
15080,90.91,592.48,0
15092,83.33,592.24,0
15104,83.33,595.71,0
15115,90.91,593.57,0
15126,90.91,594.11,0
15137,90.91,596.19,0
15149,83.33,599.22,0
15161,83.33,594.64,0
15172,90.91,591.10,0
15183,90.91,593.37,0
15195,83.33,592.19,0
15206,90.91,589.43,0
15217,90.91,592.42,0
15229,83.33,595.28,0
15241,83.33,594.48,0
15252,90.91,594.53,0
15263,90.91,593.91,0
15275,83.33,592.95,0
15286,90.91,593.88,0
15298,83.33,596.19,0
15309,90.91,594.92,0
15321,83.33,591.82,0
15332,90.91,592.38,0
15343,90.91,595.73,0
15354,90.91,593.37,0
15367,76.92,592.50,0
15378,90.91,592.73,0
15389,90.91,592.26,0
15400,90.91,594.81,0
15412,83.33,593.63,0
15423,90.91,591.77,0
15435,83.33,593.00,0
15447,83.33,595.64,0
15458,90.91,592.83,0
15469,90.91,590.28,0
15480,90.91,592.26,0
15493,83.33,597.13,0
15504,83.33,591.77,0
15515,90.91,592.10,0
15526,90.91,596.33,0
15538,83.33,595.89,0
15549,90.91,592.40,0
15561,90.91,593.40,0
15572,83.33,592.24,0
15584,83.33,594.86,0
15595,90.91,594.69,0
15606,90.91,591.05,0
15618,83.33,588.56,0
15630,90.91,593.75,0
15641,83.33,596.35,0
15652,90.91,595.05,0
15664,83.33,593.89,0
15675,90.91,590.88,0
15686,90.91,593.00,0
15698,83.33,592.98,0
15710,83.33,595.08,0
15721,90.91,592.38,0
15732,90.91,592.84,0
15744,83.33,595.73,0
15755,90.91,593.30,0
15767,83.33,592.81,0
15778,90.91,593.93,0
15790,83.33,592.87,0
15801,90.91,591.01,0
15812,90.91,591.90,0
15823,90.91,593.00,0
15836,76.92,594.79,0
15847,90.91,592.96,0
15858,90.91,595.09,0
15869,90.91,591.58,0
15881,83.33,591.44,0
15892,90.91,594.92,0
15904,83.33,593.81,0
15916,83.33,593.24,0
15927,90.91,594.65,0
15938,90.91,595.59,0
15949,90.91,594.26,0
15961,83.33,594.29,0
15973,83.33,597.38,0
15984,90.91,595.32,0
15995,90.91,592.36,0
16007,83.33,594.57,0
16018,90.91,593.53,0
16029,90.91,594.82,0
16041,83.33,594.26,0
16053,83.33,593.03,0
16064,90.91,588.86,0
16075,90.91,589.30,0
16087,83.33,592.51,0
16098,90.91,591.40,0
16110,83.33,592.90,0
16121,90.91,596.70,0
16133,83.33,598.21,0
16144,90.91,596.08,0
16155,90.91,597.15,0
16166,90.91,594.17,0
16179,76.92,591.53,0
16190,90.91,590.11,0
16201,90.91,590.58,0
16212,90.91,592.65,0
16224,83.33,591.41,0
16235,90.91,593.22,0
16247,83.33,592.06,0
16259,83.33,591.03,0
16270,90.91,594.60,0
16281,90.91,593.04,0
16292,90.91,593.38,0
16304,83.33,593.19,0
16316,83.33,591.40,0
16327,90.91,592.90,0
16338,90.91,593.11,0
16350,83.33,591.33,0
16361,90.91,592.35,0
16372,90.91,590.23,0
16385,76.92,590.25,0
16396,90.91,592.68,0
16407,90.91,592.24,0
16418,90.91,594.37,0
16430,83.33,595.38,0
16441,90.91,593.36,0
16453,83.33,594.27,0
16464,90.91,594.30,0
16476,83.33,594.59,0
16487,90.91,594.67,0
16498,90.91,592.74,0
16509,90.91,592.36,0
16522,76.92,593.23,0
16533,90.91,594.13,0
16544,90.91,590.31,0
16556,83.33,590.50,0
16567,90.91,594.62,0
16579,90.91,590.68,0
16590,83.33,592.59,0
16602,83.33,593.67,0
16613,90.91,595.36,0
16624,90.91,595.93,0
16635,90.91,593.84,0
16648,83.33,593.24,0
16659,83.33,590.32,0
16670,90.91,594.67,0
16681,90.91,596.13,0
16693,83.33,592.09,0
16704,90.91,592.37,0
16716,90.91,595.52,0
16728,76.92,595.31,0
16739,90.91,592.29,0
16750,90.91,593.00,0
16761,90.91,594.89,0
16773,83.33,592.86,0
16785,83.33,593.43,0
16796,90.91,595.19,0
16807,90.91,594.64,0
16819,83.33,595.52,0
16830,90.91,594.30,0
16841,90.91,592.75,0
16854,76.92,594.91,0
16865,90.91,598.38,0
16876,90.91,592.79,0
16887,90.91,588.11,0
16899,83.33,590.47,0
16910,90.91,599.47,0
16922,83.33,598.49,0
16933,90.91,595.88,0
16945,83.33,595.72,0
16956,90.91,590.94,0
16967,90.91,592.94,0
16978,90.91,596.96,0
16991,76.92,597.85,0
17002,90.91,595.15,0
17013,90.91,593.18,0
17025,83.33,589.76,0
17036,90.91,589.77,0
17047,90.91,592.22,0
17059,83.33,598.61,0
17071,83.33,593.89,0
17082,90.91,588.42,0
17093,90.91,593.63,0
17104,90.91,594.46,0
17116,83.33,594.77,0
17128,83.33,594.47,0
17139,90.91,589.42,0
17150,90.91,588.56,0
17162,83.33,592.32,0
17173,90.91,594.80,0
17184,90.91,597.17,0
17197,76.92,596.67,0
17208,90.91,593.73,0
17219,90.91,590.04,0
17230,90.91,591.50,0
17242,83.33,594.81,0
17253,90.91,597.14,0
17265,83.33,593.19,0
17276,90.91,591.33,0
17288,83.33,590.97,0
17299,90.91,593.44,0
17310,90.91,597.73,0
17321,90.91,597.99,0
17334,76.92,591.37,0
17345,90.91,589.52,0
17356,90.91,590.04,0
17368,83.33,592.58,0
17379,90.91,597.29,0
17390,90.91,596.18,0
17402,83.33,590.68,0
17414,83.33,588.70,0
17425,90.91,593.44,0
17436,90.91,595.52,0
17447,90.91,593.64,0
17459,83.33,593.37,0
17471,83.33,592.39,0
17482,90.91,589.28,0
17494,83.33,594.61,0
17505,90.91,598.95,0
17516,90.91,592.08,0
17527,90.91,587.25,0
17540,76.92,590.10,0
17551,90.91,590.91,0
17562,90.91,593.61,0
17573,90.91,596.36,0
17585,83.33,597.44,0
17596,90.91,595.09,0
17608,83.33,591.86,0
17619,90.91,596.41,0
17631,83.33,594.20,0
17642,90.91,595.36,0
17653,90.91,594.67,0
17665,83.33,590.32,0
17677,83.33,588.36,0
17688,90.91,591.79,0
17699,90.91,598.80,0
17711,83.33,594.86,0
17722,90.91,590.94,0
17733,90.91,590.46,0
17745,83.33,591.05,0
17757,83.33,594.89,0
17768,90.91,595.29,0
17779,90.91,593.75,0
17790,90.91,593.60,0
17802,83.33,593.03,0
17814,83.33,594.05,0
17825,90.91,593.68,0
17837,83.33,593.79,0
17848,90.91,589.56,0
17859,90.91,591.36,0
17870,90.91,594.30,0
17883,76.92,596.07,0
17894,90.91,598.00,0
17905,90.91,594.79,0
17916,90.91,590.53,0
17928,83.33,590.84,0
17940,90.91,593.72,0
17951,83.33,592.71,0
17963,83.33,590.71,0
17974,90.91,592.69,0
17985,90.91,593.20,0
17996,90.91,590.42,0
18009,83.33,591.49,0
18020,83.33,594.86,0
18031,90.91,594.99,0
18042,90.91,589.88,0
18054,83.33,589.70,0
18065,90.91,593.31,0
18077,90.91,596.02,0
18088,83.33,597.13,0
18100,83.33,594.88,0
18111,90.91,590.06,0
18122,90.91,589.66,0
18134,83.33,593.27,0
18146,90.91,596.25,0
18157,83.33,596.80,0
18168,90.91,594.43,0
18180,83.33,594.66,0
18191,90.91,593.62,0
18202,90.91,591.98,0
18214,83.33,594.51,0
18226,83.33,593.39,0
18237,90.91,591.17,0
18248,90.91,590.99,0
18259,90.91,589.84,0
18271,83.33,594.18,0
18283,83.33,598.04,0
18294,90.91,591.84,0
18306,83.33,590.44,0
18317,90.91,587.93,0
18328,90.91,592.22,0
18339,90.91,597.16,0
18352,76.92,594.49,0
18363,90.91,592.96,0
18374,90.91,592.81,0
18385,90.91,590.87,0
18397,83.33,595.14,0
18408,90.91,596.98,0
18420,83.33,594.47,0
18432,83.33,591.16,0
18443,90.91,591.95,0
18454,90.91,594.05,0
18465,90.91,594.06,0
18477,83.33,597.51,0
18489,83.33,594.76,0
18500,90.91,591.44,0
18511,90.91,589.30,0
18523,83.33,594.04,0
18534,90.91,598.00,0
18545,90.91,594.79,0
18557,83.33,588.61,0
18569,83.33,589.39,0
18580,90.91,592.53,0
18591,90.91,593.57,0
18603,83.33,596.06,0
18614,90.91,595.23,0
18626,83.33,591.67,0
18637,90.91,590.67,0
18649,83.33,592.75,0
18660,90.91,597.01,0
18671,90.91,595.95,0
18682,90.91,594.26,0
18695,76.92,591.39,0
18706,90.91,590.22,0
18717,90.91,594.16,0
18728,90.91,594.56,0
18740,83.33,590.40,0
18751,90.91,590.77,0
18763,83.33,591.28,0
18775,83.33,592.30,0
18786,90.91,595.00,0
18797,90.91,593.87,0
18808,90.91,591.55,0
18820,83.33,589.17,0
18832,83.33,589.22,0
18843,90.91,592.63,0
18854,90.91,595.85,0
18866,83.33,598.63,0
18877,90.91,592.42,0
18888,90.91,588.80,0
18900,83.33,591.97,0
18912,83.33,592.93,0
18923,90.91,593.74,0
18934,90.91,590.54,0
18946,83.33,593.07,0
18957,90.91,592.34,0
18969,83.33,590.89,0
18980,90.91,594.78,0
18992,83.33,593.80,0
19003,90.91,590.79,0
19014,90.91,592.74,0
19025,90.91,595.64,0
19038,76.92,595.71,0
19049,90.91,595.52,0
19060,90.91,594.58,0
19072,83.33,589.71,0
19083,90.91,587.06,0
19094,90.91,591.81,0
19106,83.33,589.72,0
19118,83.33,593.31,0
19129,90.91,594.62,0
19140,90.91,592.21,0
19151,90.91,595.96,0
19163,83.33,599.05,0
19175,83.33,599.26,0
19186,90.91,594.37,0
19197,90.91,591.42,0
19209,83.33,592.43,0
19220,90.91,591.36,0
19231,90.91,592.18,0
19244,76.92,597.47,0
19255,90.91,594.39,0
19266,90.91,589.48,0
19277,90.91,590.67,0
19289,83.33,594.17,0
19300,90.91,595.22,0
19312,83.33,595.01,0
19323,90.91,591.72,0
19335,83.33,590.71,0
19346,90.91,593.52,0
19357,90.91,598.16,0
19368,90.91,596.69,0
19381,76.92,595.77,0
19392,90.91,593.53,0
19403,90.91,590.09,0
19415,83.33,593.56,0
19426,90.91,596.69,0
19438,90.91,594.80,0
19449,83.33,595.95,0
19461,83.33,594.75,0
19472,90.91,592.07,0
19483,90.91,592.68,0
19494,90.91,595.65,0
19507,83.33,595.96,0
19518,83.33,591.81,0
19529,90.91,590.18,0
19540,90.91,593.74,0
19552,83.33,594.68,0
19563,90.91,596.92,0
19575,90.91,595.37,0
19587,76.92,590.97,0
19598,90.91,590.27,0
19609,90.91,593.30,0
19620,90.91,593.84,0
19632,83.33,592.83,0
19644,90.91,593.81,0
19655,83.33,592.53,0
19666,90.91,587.77,0
19678,83.33,591.30,0
19689,90.91,596.48,0
19700,90.91,592.65,0
19713,83.33,590.19,0
19724,83.33,590.65,0
19735,90.91,593.68,0
19746,90.91,597.62,0
19758,83.33,596.93,0
19769,90.91,595.42,0
19781,83.33,589.53,0
19792,90.91,589.84,0
19804,83.33,591.41,0
19815,90.91,592.28,0
19826,90.91,595.83,0
19837,90.91,595.03,0
19850,76.92,592.65,0
19861,90.91,593.35,0
19872,90.91,593.26,0
19884,83.33,595.70,0
19895,90.91,595.12,0
19906,90.91,592.25,0
19918,83.33,591.06,0
19930,83.33,593.35,0
19941,90.91,594.29,0
19952,90.91,597.04,0
19963,90.91,596.12,0
19975,83.33,591.13,0
19987,83.33,592.38,0
19998,90.91,593.81,0
20009,90.91,593.53,0
20021,83.33,596.74,0
20032,90.91,594.44,0
20043,90.91,593.05,0
20056,76.92,594.27,0
20067,90.91,594.48,0
20078,90.91,594.12,0
20089,90.91,593.58,0
20101,83.33,592.83,0
20112,90.91,590.69,0
20124,83.33,589.29,0
20135,90.91,592.63,0
20147,83.33,593.98,0
20158,90.91,593.71,0
20169,90.91,592.55,0
20180,90.91,593.36,0
20193,76.92,595.86,0
20204,90.91,593.87,0
20215,90.91,594.78,0
20227,83.33,594.71,0
20238,90.91,593.23,0
20249,90.91,591.00,0
20261,83.33,591.50,0
20273,83.33,590.37,0
20284,90.91,591.91,0
20295,90.91,592.99,0
20306,90.91,592.44,0
20318,83.33,592.54,0
20330,83.33,593.88,0
20341,90.91,594.48,0
20353,83.33,594.92,0
20364,90.91,591.12,0
20375,90.91,590.36,0
20386,90.91,591.79,0
20399,76.92,592.94,0
20410,90.91,591.78,0
20421,90.91,594.04,0
20432,90.91,595.07,0
20444,83.33,594.07,0
20455,90.91,594.63,0
20467,83.33,594.61,0
20478,90.91,596.59,0
20490,83.33,595.85,0
20501,90.91,593.08,0
20512,90.91,592.43,0
20524,83.33,592.49,0
20536,83.33,594.85,0
20547,90.91,595.60,0
20558,90.91,593.30,0
20570,83.33,592.20,0
20581,90.91,593.06,0
20592,90.91,592.05,0
20604,83.33,592.96,0
20616,83.33,592.76,0
20627,90.91,595.40,0
20638,90.91,597.09,0
20649,90.91,592.74,0
20661,83.33,591.31,0
20673,83.33,592.28,0
20684,90.91,591.23,0
20696,83.33,592.11,0
20707,90.91,591.47,0
20718,90.91,595.07,0
20729,90.91,593.55,0
20742,76.92,594.39,0
20753,90.91,594.82,0
20764,90.91,592.13,0
20775,90.91,592.05,0
20787,83.33,593.99,0
20798,90.91,592.96,0
20810,83.33,593.07,0
20822,83.33,596.26,0
20833,90.91,595.69,0
20844,90.91,594.10,0
20855,90.91,594.08,0
20868,83.33,593.90,0
20879,83.33,591.33,0
20890,90.91,593.73,0
20901,90.91,594.37,0
20913,83.33,595.19,0
20924,90.91,595.17,0
20936,90.91,594.68,0
20947,83.33,594.17,0
20959,83.33,594.25,0
20970,90.91,595.73,0
20981,90.91,594.86,0
20993,83.33,591.64,0
21005,90.91,592.59,0
21016,83.33,594.95,0
21027,90.91,595.14,0
21039,83.33,593.10,0
21050,90.91,591.33,0
21061,90.91,593.53,0
21073,90.91,595.58,0
21085,76.92,593.23,0
21096,90.91,594.83,0
21107,90.91,592.92,0
21118,90.91,593.47,0
21130,83.33,594.35,0
21142,83.33,593.23,0
21153,90.91,593.17,0
21165,83.33,593.66,0
21176,90.91,593.36,0
21187,90.91,592.27,0
21198,90.91,591.77,0
21211,76.92,592.10,0
21222,90.91,597.50,0
21233,90.91,596.22,0
21244,90.91,592.25,0
21256,83.33,591.98,0
21267,90.91,594.00,0
21279,83.33,589.71,0
21291,83.33,590.70,0
21302,90.91,594.61,0
21313,90.91,593.37,0
21324,90.91,590.51,0
21336,83.33,594.23,0
21348,83.33,593.89,0
21359,90.91,594.45,0
21370,90.91,594.46,0
21382,83.33,592.93,0
21393,90.91,594.86,0
21404,90.91,594.44,0
21416,83.33,595.79,0
21428,83.33,593.53,0
21439,90.91,590.25,0
21450,90.91,591.79,0
21462,83.33,595.49,0
21473,90.91,595.36,0
21485,83.33,595.03,0
21496,90.91,596.55,0
21508,83.33,596.04,0
21519,90.91,595.09,0
21530,90.91,591.74,0
21541,90.91,592.31,0
21554,76.92,591.96,0
21565,90.91,589.72,0
21576,90.91,590.41,0
21587,90.91,591.22,0
21599,83.33,594.65,0
21610,90.91,597.14,0
21622,83.33,593.67,0
21634,83.33,593.07,0
21645,90.91,593.12,0
21656,90.91,592.44,0
21667,90.91,592.32,0
21679,83.33,590.70,0
21691,83.33,595.73,0
21702,90.91,595.34,0
21713,90.91,593.84,0
21725,83.33,594.25,0
21736,90.91,594.26,0
21747,90.91,594.26,0
21760,76.92,593.97,0
21771,90.91,592.93,0
21782,90.91,594.99,0
21793,90.91,596.12,0
21805,83.33,595.06,0
21816,90.91,594.52,0
21828,83.33,592.11,0
21839,90.91,591.62,0
21851,83.33,592.83,0
21862,90.91,592.99,0
21873,90.91,593.47,0
21884,90.91,593.07,0
21897,76.92,592.74,0
21908,90.91,592.80,0
21919,90.91,593.31,0
21931,83.33,596.00,0
21942,90.91,594.78,0
21953,90.91,590.78,0
21965,83.33,589.96,0
21977,83.33,592.65,0
21988,90.91,591.44,0
21999,90.91,594.36,0
22010,90.91,592.95,0
22023,83.33,590.56,0
22034,83.33,591.53,0
22045,90.91,593.65,0
22056,90.91,593.82,0
22068,83.33,593.13,0
22079,90.91,595.00,0
22091,90.91,592.90,0
22103,76.92,592.59,0
22114,90.91,595.32,0
22125,90.91,593.05,0
22136,90.91,589.89,0
22148,83.33,589.97,0
22160,90.91,592.29,0
22171,83.33,594.54,0
22182,90.91,591.07,0
22194,83.33,596.42,0
22205,90.91,597.64,0
22216,90.91,590.85,0
22228,90.91,590.81,0
22240,76.92,592.21,0
22251,90.91,592.52,0
22262,90.91,595.77,0
22274,83.33,592.45,0
22285,90.91,591.45,0
22297,90.91,587.45,0
22308,83.33,591.49,0
22320,83.33,592.74,0
22331,90.91,588.11,0
22342,90.91,591.58,0
22353,90.91,590.88,0
22366,76.92,590.13,0
22377,90.91,595.55,0
22388,90.91,598.24,0
22400,83.33,595.76,0
22411,90.91,590.96,0
22422,90.91,591.08,0
22434,83.33,591.67,0
22446,83.33,593.99,0
22457,90.91,593.94,0
22468,90.91,593.68,0
22479,90.91,593.27,0
22491,83.33,592.24,0
22503,83.33,596.61,0
22514,90.91,593.32,0
22525,90.91,592.83,0
22537,83.33,593.52,0
22548,90.91,589.54,0
22559,90.91,589.64,0
22572,76.92,592.92,0
22583,90.91,596.67,0
22594,90.91,594.44,0
22605,90.91,590.56,0
22617,83.33,589.85,0
22628,90.91,590.51,0
22640,83.33,593.70,0
22651,90.91,593.47,0
22663,83.33,593.27,0
22674,90.91,591.71,0
22685,90.91,591.86,0
22696,90.91,592.52,0
22709,76.92,593.89,0
22720,90.91,592.87,0
22731,90.91,590.89,0
22743,83.33,590.02,0
22754,90.91,590.22,0
22765,90.91,590.01,0
22777,83.33,594.54,0
22789,83.33,593.16,0
22800,90.91,591.58,0
22811,90.91,593.41,0
22822,90.91,593.80,0
22834,83.33,593.80,0
22846,83.33,594.80,0
22857,90.91,592.86,0
22868,90.91,594.50,0
22880,83.33,594.59,0
22891,90.91,592.99,0
22902,90.91,592.59,0
22915,76.92,591.40,0
22926,90.91,592.93,0
22937,90.91,595.25,0
22948,90.91,595.12,0
22960,83.33,596.58,0
22971,90.91,600.29,0
22983,83.33,599.19,0
22994,90.91,593.61,0
23006,83.33,593.05,0
23017,90.91,594.40,0
23028,90.91,596.06,0
23040,83.33,593.82,0
23052,83.33,591.26,0
23063,90.91,592.43,0
23074,90.91,593.10,0
23086,83.33,593.89,0
23097,90.91,592.87,0
23108,90.91,591.32,0
23120,83.33,594.67,0
23132,83.33,595.86,0
23143,90.91,595.60,0
23154,90.91,596.00,0
23165,90.91,592.04,0
23177,83.33,592.56,0
23189,83.33,593.16,0
23200,90.91,592.09,0
23212,83.33,593.25,0
23223,90.91,590.41,0
23234,90.91,590.47,0
23245,90.91,591.84,0
23258,76.92,591.64,0
23269,90.91,591.63,0
23280,90.91,594.32,0
23291,90.91,593.40,0
23303,83.33,593.90,0
23314,90.91,591.91,0
23326,83.33,591.65,0
23337,90.91,595.23,0
23349,83.33,591.74,0
23360,90.91,592.84,0
23371,90.91,596.03,0
23383,83.33,594.01,0
23395,83.33,592.44,0
23406,90.91,592.88,0
23417,90.91,594.78,0
23429,83.33,593.37,0
23440,90.91,595.25,0
23451,90.91,594.26,0
23463,83.33,595.47,0
23475,83.33,591.56,0
23486,90.91,592.48,0
23497,90.91,592.19,0
23508,90.91,590.64,0
23521,83.33,592.61,0
23532,83.33,592.81,0
23543,90.91,592.08,0
23555,83.33,595.20,0
23566,90.91,596.57,0
23577,90.91,594.84,0
23589,90.91,594.78,0
23601,76.92,593.72,0
23612,90.91,592.72,0
23623,90.91,594.97,0
23634,90.91,594.79,0
23646,83.33,592.58,0
23658,90.91,592.12,0
23669,83.33,592.88,0
23681,83.33,595.22,0
23692,90.91,592.23,0
23703,90.91,590.96,0
23714,90.91,593.06,0
23727,83.33,591.36,0
23738,83.33,591.91,0
23749,90.91,596.78,0
23760,90.91,599.15,0
23772,83.33,596.04,0
23783,90.91,591.53,0
23795,90.91,592.61,0
23806,83.33,593.63,0
23818,83.33,595.59,0
23829,90.91,593.33,0
23840,90.91,592.65,0
23852,83.33,593.81,0
23864,90.91,596.34,0
23875,83.33,594.59,0
23886,90.91,592.80,0
23898,83.33,594.54,0
23909,90.91,589.37,0
23920,90.91,590.53,0
23932,83.33,595.11,0
23944,83.33,593.16,0
23955,90.91,596.12,0
23966,90.91,593.24,0
23977,90.91,590.04,0
23989,83.33,589.62,0
24001,83.33,592.02,0
24012,90.91,593.93,0
24024,83.33,592.07,0
24035,90.91,593.85,0
24046,90.91,594.17,0
24057,90.91,593.97,0
24070,76.92,594.92,0
24081,90.91,595.03,0
24092,90.91,591.51,0
24103,90.91,592.16,0
24115,83.33,594.13,0
24126,90.91,593.66,0
24138,83.33,595.54,0
24150,83.33,595.69,0
24161,90.91,595.12,0
24172,90.91,593.84,0
24183,90.91,595.11,0
24195,83.33,594.43,0
24207,83.33,593.96,0
24218,90.91,594.28,0
24229,90.91,592.79,0
24241,83.33,592.94,0
24252,90.91,592.77,0
24263,90.91,595.67,0
24275,83.33,593.30,0
24287,83.33,591.58,0
24298,90.91,593.72,0
24309,90.91,591.62,0
24321,83.33,593.65,0
24332,90.91,595.64,0
24344,83.33,596.70,0
24355,90.91,595.70,0
24367,83.33,590.45,0
24378,90.91,592.73,0
24389,90.91,594.85,0
24400,90.91,594.29,0
24413,76.92,596.00,0
24424,90.91,591.83,0
24435,90.91,592.30,0
24446,90.91,594.01,0
24458,83.33,594.06,0
24469,90.91,593.25,0
24481,83.33,593.31,0
24493,83.33,594.51,0
24504,90.91,593.45,0
24515,90.91,593.71,0
24526,90.91,593.70,0
24538,83.33,594.24,0
24550,83.33,594.78,0
24561,90.91,591.45,0
24572,90.91,590.52,0
24584,83.33,590.83,0
24595,90.91,593.49,0
24606,90.91,594.03,0
24619,76.92,593.95,0
24630,90.91,593.75,0
24641,90.91,593.23,0
24652,90.91,593.05,0
24664,83.33,595.95,0
24675,90.91,594.64,0
24687,83.33,594.46,0
24698,90.91,594.70,0
24710,83.33,593.46,0
24721,90.91,593.70,0
24732,90.91,596.31,0
24743,90.91,598.79,0
24756,76.92,596.35,0
24767,90.91,591.46,0
24778,90.91,591.07,0
24790,83.33,594.08,0
24801,90.91,594.18,0
24812,90.91,595.46,0
24824,83.33,595.43,0
24836,83.33,592.39,0
24847,90.91,593.79,0
24858,90.91,595.09,0
24869,90.91,590.95,0
24881,83.33,590.71,0
24893,83.33,592.24,0
24904,90.91,591.48,0
24915,90.91,590.06,0
24927,83.33,593.32,0
24938,90.91,596.41,0
24949,90.91,593.60,0
24962,76.92,593.09,0
24973,90.91,591.05,0
24984,90.91,591.82,0
24995,90.91,593.40,0
25007,83.33,596.21,0
25018,90.91,594.64,0
25030,83.33,592.93,0
25041,90.91,594.05,0
25053,83.33,595.83,0
25064,90.91,592.94,0
25075,90.91,594.73,0
25088,90.91,595.78,0
25099,76.92,590.95,0
25110,90.91,591.61,0
25121,90.91,597.83,0
25133,83.33,599.47,0
25144,90.91,596.64,0
25156,90.91,593.84,0
25167,83.33,593.28,0
25179,83.33,594.70,0
25190,90.91,593.55,0
25201,90.91,593.72,0
25212,90.91,595.40,0
25225,83.33,592.50,0
25236,83.33,593.47,0
25247,90.91,593.51,0
25259,83.33,593.18,0
25270,90.91,596.57,0
25281,90.91,596.10,0
25293,90.91,590.56,0
25305,76.92,590.82,0
25316,90.91,594.96,0
25327,90.91,596.35,0
25338,90.91,595.25,0
25350,83.33,593.23,0
25362,83.33,592.22,0
25373,90.91,591.50,0
25384,90.91,592.57,0
25396,83.33,594.48,0
25407,90.91,591.81,0
25418,90.91,591.72,0
25431,76.92,591.09,0
25442,90.91,589.49,0
25453,90.91,593.70,0
25464,90.91,593.86,0
25476,83.33,591.61,0
25487,90.91,593.19,0
25499,83.33,593.30,0
25510,90.91,595.71,0
25522,83.33,599.87,0
25533,90.91,596.35,0
25544,90.91,592.49,0
25555,90.91,590.60,0
25568,76.92,591.03,0
25579,90.91,594.77,0
25590,90.91,593.45,0
25602,83.33,592.31,0
25613,90.91,591.57,0
25624,90.91,592.79,0
25636,83.33,593.44,0
25648,83.33,593.73,0
25659,90.91,596.66,0
25670,90.91,595.99,0
25681,90.91,590.39,0
25693,83.33,591.02,0
25705,83.33,593.64,0
25716,90.91,597.07,0
25728,83.33,595.08,0
25739,90.91,592.55,0
25750,90.91,589.47,0
25761,90.91,589.86,0
25774,76.92,592.99,0
25785,90.91,595.03,0
25796,90.91,594.91,0
25807,90.91,593.30,0
25819,83.33,592.88,0
25830,90.91,594.94,0
25842,83.33,595.00,0
25853,90.91,594.58,0
25865,83.33,594.20,0
25876,90.91,592.76,0
25887,90.91,592.55,0
25899,83.33,592.81,0
25911,83.33,596.06,0
25922,90.91,592.09,0
25933,90.91,591.39,0
25945,83.33,593.02,0
25956,90.91,591.70,0
25967,90.91,593.34,0
25979,83.33,593.28,0
25991,83.33,593.72,0
26002,90.91,592.98,0
26013,90.91,593.12,0
26024,90.91,595.50,0
26036,83.33,593.21,0
26048,83.33,592.89,0
26059,90.91,593.29,0
26071,83.33,591.75,0
26082,90.91,594.28,0
26093,90.91,595.62,0
26104,90.91,597.06,0
26117,76.92,594.83,0
26128,90.91,592.31,0
26139,90.91,592.34,0
26150,90.91,593.90,0
26162,83.33,592.98,0
26173,90.91,594.72,0
26185,83.33,593.45,0
26196,90.91,593.75,0
26208,83.33,597.07,0
26219,90.91,594.46,0
26230,90.91,592.72,0
26242,83.33,591.65,0
26254,83.33,593.22,0
26265,90.91,593.94,0
26276,90.91,593.11,0
26288,83.33,594.06,0
26299,90.91,592.48,0
26311,90.91,594.87,0
26322,83.33,592.63,0
26334,83.33,592.68,0
26345,90.91,594.78,0
26356,90.91,594.52,0
26368,83.33,593.51,0
26380,90.91,591.59,0
26391,83.33,594.19,0
26402,90.91,596.96,0
26414,83.33,592.98,0
26425,90.91,591.47,0
26436,90.91,591.00,0
26448,90.91,592.01,0
26460,76.92,593.68,0
26471,90.91,595.58,0
26482,90.91,596.40,0
26493,90.91,596.65,0
26505,83.33,595.70,0
26517,90.91,594.55,0
26528,83.33,595.47,0
26540,83.33,596.79,0
26551,90.91,596.86,0
26562,90.91,593.64,0
26573,90.91,590.81,0
26586,83.33,596.82,0
26597,83.33,600.57,0
26608,90.91,594.93,0
26619,90.91,592.02,0
26631,83.33,589.01,0
26642,90.91,589.84,0
26654,83.33,592.19,0
26665,90.91,594.22,0
26677,83.33,593.80,0
26688,90.91,593.60,0
26699,90.91,593.35,0
26711,83.33,590.88,0
26723,83.33,593.46,0
26734,90.91,595.04,0
26745,90.91,593.79,0
26757,83.33,590.39,0
26768,90.91,590.22,0
26779,90.91,591.87,0
26791,83.33,594.22,0
26803,83.33,596.30,0
26814,90.91,592.31,0
26825,90.91,591.13,0
26836,90.91,594.35,0
26848,83.33,593.36,0
26860,83.33,596.68,0
26871,90.91,594.87,0
26883,83.33,590.80,0
26894,90.91,592.78,0
26905,90.91,592.39,0
26916,90.91,594.01,0
26929,76.92,596.39,0
26940,90.91,593.56,0
26951,90.91,591.50,0
26962,90.91,590.93,0
26974,83.33,593.60,0
26985,90.91,597.43,0
26997,83.33,599.35,0
27009,83.33,592.94,0
27020,90.91,590.70,0
27031,90.91,592.86,0
27042,90.91,595.03,0
27054,83.33,596.10,0
27066,83.33,596.43,0
27077,90.91,595.86,0
27088,90.91,594.26,0
27100,83.33,592.05,0
27111,90.91,595.25,0
27122,90.91,595.66,0
27134,83.33,593.99,0
27146,83.33,594.67,0
27157,90.91,592.61,0
27168,90.91,593.61,0
27180,83.33,598.30,0
27191,90.91,597.64,0
27203,83.33,592.89,0
27214,90.91,589.04,0
27226,83.33,593.04,0
27237,90.91,594.29,0
27248,90.91,594.30,0
27259,90.91,595.74,0
27272,76.92,595.34,0
27283,90.91,592.38,0
27294,90.91,592.76,0
27305,90.91,594.48,0
27317,83.33,592.28,0
27328,90.91,589.90,0
27340,83.33,589.73,0
27352,83.33,590.20,0
27363,90.91,592.20,0
27374,90.91,596.89,0
27385,90.91,598.11,0
27397,83.33,594.14,0
27409,83.33,594.22,0
27420,90.91,595.43,0
27431,90.91,591.77,0
27443,83.33,594.27,0
27454,90.91,596.14,0
27465,90.91,594.89,0
27478,76.92,596.71,0
27489,90.91,593.95,0
27500,90.91,593.58,0
27511,90.91,594.78,0
27523,83.33,595.30,0
27534,90.91,592.70,0
27546,83.33,591.90,0
27557,90.91,595.92,0
27569,83.33,598.58,0
27580,90.91,597.97,0
27591,90.91,595.44,0
27603,90.91,591.90,0
27615,76.92,593.15,0
27626,90.91,592.27,0
27637,90.91,593.74,0
27649,83.33,593.88,0
27660,90.91,591.14,0
27672,90.91,593.45,0
27683,83.33,594.06,0
27695,83.33,592.45,0
27706,90.91,593.46,0
27717,90.91,592.61,0
27728,90.91,590.48,0
27741,83.33,592.09,0
27752,83.33,594.54,0
27763,90.91,595.87,0
27774,90.91,593.68,0
27786,83.33,590.58,0
27797,90.91,590.39,0
27809,90.91,589.35,0
27821,76.92,591.69,0
27832,90.91,593.56,0
27843,90.91,590.32,0
27854,90.91,594.20,0
27866,83.33,594.67,0
27878,83.33,594.80,0
27889,90.91,593.50,0
27900,90.91,591.36,0
27912,83.33,591.52,0
27923,90.91,592.07,0
27934,90.91,592.02,0
27947,76.92,595.05,0
27958,90.91,594.53,0
27969,90.91,591.69,0
27980,90.91,592.54,0
27992,83.33,592.17,0
28003,90.91,592.03,0
28015,83.33,592.71,0
28026,90.91,591.77,0
28038,83.33,593.04,0
28049,90.91,592.38,0
28060,90.91,595.60,0
28071,90.91,594.23,0
28084,76.92,591.68,0
28095,90.91,589.98,0
28106,90.91,589.83,0
28118,83.33,591.95,0
28129,90.91,593.16,0
28140,90.91,592.21,0
28152,83.33,594.91,0
28164,83.33,595.34,0
28175,90.91,593.73,0
28186,90.91,593.77,0
28197,90.91,592.26,0
28209,83.33,592.15,0
28221,83.33,593.64,0
28232,90.91,593.39,0
28243,90.91,595.59,0
28255,83.33,594.08,0
28266,90.91,589.87,0
28277,90.91,594.12,0
28290,76.92,593.19,0
28301,90.91,592.17,0
28312,90.91,592.86,0
28323,90.91,589.78,0
28335,83.33,594.21,0
28346,90.91,592.15,0
28358,83.33,594.66,0
28369,90.91,593.38,0
28381,83.33,592.58,0
28392,90.91,596.35,0
28403,90.91,592.40,0
28414,90.91,591.01,0
28427,76.92,594.37,0
28438,90.91,594.26,0
28449,90.91,596.32,0
28461,83.33,596.46,0
28472,90.91,594.74,0
28483,90.91,592.24,0
28495,83.33,595.79,0
28507,83.33,597.49,0
28518,90.91,591.47,0
28529,90.91,592.43,0
28540,90.91,591.97,0
28552,83.33,594.65,0
28564,83.33,596.50,0
28575,90.91,595.47,0
28587,83.33,595.96,0
28598,90.91,591.58,0
28609,90.91,593.23,0
28620,90.91,594.87,0
28633,76.92,595.07,0
28644,90.91,596.06,0
28655,90.91,593.41,0
28666,90.91,589.37,0
28678,83.33,589.96,0
28689,90.91,591.35,0
28701,83.33,593.81,0
28712,90.91,591.70,0
28724,83.33,590.42,0
28735,90.91,589.54,0
28746,90.91,593.88,0
28758,83.33,597.18,0
28770,83.33,596.29,0
28781,90.91,591.43,0
28792,90.91,592.40,0
28804,83.33,594.42,0
28815,90.91,592.63,0
28826,90.91,594.58,0
28838,83.33,597.60,0
28850,83.33,592.49,0
28861,90.91,590.78,0
28872,90.91,591.97,0
28883,90.91,592.75,0
28895,83.33,594.68,0
28907,83.33,593.91,0
28918,90.91,591.39,0
28930,83.33,593.27,0
28941,90.91,594.47,0
28952,90.91,595.80,0
28964,90.91,593.44,0
28976,76.92,592.76,0
28987,90.91,591.65,0
28998,90.91,590.12,0
29009,90.91,593.72,0
29021,83.33,593.80,0
29033,90.91,595.62,0
29044,83.33,593.41,0
29056,83.33,589.44,0
29067,90.91,590.03,0
29078,90.91,588.29,0
29089,90.91,592.38,0
29102,83.33,592.65,0
29113,83.33,591.43,0
29124,90.91,592.13,0
29135,90.91,592.70,0
29147,83.33,594.51,0
29158,90.91,594.42,0
29170,90.91,594.85,0
29181,83.33,593.06,0
29193,83.33,592.46,0
29204,90.91,591.68,0
29215,90.91,592.20,0
29227,83.33,595.55,0
29239,90.91,595.53,0
29250,83.33,593.53,0
29261,90.91,591.74,0
29273,83.33,593.17,0
29284,90.91,594.69,0
29295,90.91,590.97,0
29307,83.33,589.36,0
29319,83.33,592.55,0
29330,90.91,594.89,0
29341,90.91,597.24,0
29352,90.91,595.57,0
29364,83.33,592.86,0
29376,83.33,592.18,0
29387,90.91,590.36,0
29399,83.33,589.45,0
29410,90.91,592.58,0
29421,90.91,597.06,0
29432,90.91,596.12,0
29445,76.92,594.57,0
29456,90.91,594.59,0
29467,90.91,592.06,0
29478,90.91,593.62,0
29490,83.33,595.95,0
29501,90.91,594.13,0
29513,83.33,592.85,0
29524,90.91,592.69,0
29536,83.33,594.07,0
29547,90.91,593.52,0
29558,90.91,589.35,0
29570,83.33,591.22,0
29582,83.33,591.25,0
29593,90.91,592.66,0
29604,90.91,595.41,0
29616,83.33,592.91,0
29627,90.91,593.96,0
29638,90.91,592.28,0
29650,83.33,590.76,0
29662,83.33,593.39,0
29673,90.91,596.04,0
29684,90.91,595.30,0
29696,83.33,595.92,0
29707,90.91,594.00,0
29719,83.33,595.97,0
29730,90.91,597.78,0
29742,83.33,595.15,0
29753,90.91,592.30,0
29764,90.91,589.57,0
29775,90.91,589.22,0
29788,76.92,591.72,0
29799,90.91,589.82,0
29810,90.91,593.19,0
29821,90.91,595.24,0
29833,83.33,591.90,0
29844,90.91,592.26,0
29856,83.33,592.96,0
29868,83.33,594.15,0
29879,90.91,595.21,0
29890,90.91,594.62,0
29901,90.91,592.28,0
29913,83.33,591.73,0
29925,83.33,595.83,0
29936,90.91,596.16,0
29947,90.91,591.79,0
29959,83.33,590.66,0
29970,90.91,591.68,0
29981,90.91,589.36,0
29993,83.33,595.49,0
30005,83.33,598.64,0
30016,90.91,593.00,0
30027,90.91,591.91,0
30039,83.33,591.22,0
30050,90.91,590.63,0
30062,83.33,594.64,0
30073,90.91,595.48,0
30085,83.33,591.77,0
30096,90.91,589.64,0
30107,90.91,592.01,0
30118,90.91,599.09,0
30131,76.92,597.98,0
30142,90.91,591.32,0
30153,90.91,593.51,0
30164,90.91,594.42,0
30176,83.33,595.59,0
30187,90.91,600.10,0
30199,83.33,598.39,0
30211,83.33,592.27,0
30222,90.91,592.21,0
30233,90.91,593.12,0
30244,90.91,594.54,0
30256,83.33,594.09,0
30268,83.33,594.53,0
30279,90.91,590.97,0
30290,90.91,590.64,0
30302,83.33,595.73,0
30313,90.91,599.18,0
30324,90.91,595.77,0
30337,76.92,596.12,0
30348,90.91,588.72,0
30359,90.91,589.61,0
30370,90.91,596.89,0
30382,83.33,595.21,0
30393,90.91,595.14,0
30405,83.33,593.82,0
30416,90.91,589.77,0
30428,83.33,592.30,0
30439,90.91,591.51,0
30450,90.91,595.67,0
30461,90.91,592.14,0
30474,76.92,587.42,0
30485,90.91,591.58,0
30496,90.91,593.46,0
30508,83.33,597.80,0
30519,90.91,598.82,0
30530,90.91,593.04,0
30542,83.33,587.87,0
30554,83.33,590.03,0
30565,90.91,595.00,0
30576,90.91,596.10,0
30587,90.91,594.82,0
30599,83.33,592.17,0
30611,83.33,590.39,0
30622,90.91,589.99,0
30633,90.91,593.26,0
30645,83.33,599.14,0
30656,90.91,594.92,0
30667,90.91,590.39,0
30680,76.92,590.41,0
30691,90.91,592.69,0
30702,90.91,595.78,0
30713,90.91,596.86,0
30725,83.33,590.93,0
30736,90.91,586.20,0
30748,83.33,589.35,0
30759,90.91,597.86,0
30771,83.33,596.93,0
30782,90.91,594.12,0
30793,90.91,591.99,0
30806,90.91,589.79,0
30817,76.92,593.62,0
30828,90.91,598.64,0
30839,90.91,597.72,0
30851,83.33,590.33,0
30862,90.91,588.30,0
30874,90.91,590.85,0
30885,83.33,597.84,0
30897,83.33,601.59,0
30908,90.91,597.73,0
30919,90.91,591.72,0
30930,90.91,586.87,0
30943,83.33,588.00,0
30954,83.33,595.21,0
30965,90.91,595.49,0
30977,83.33,594.61,0
30988,90.91,593.91,0
30999,90.91,590.74,0
31011,90.91,592.18,0
31023,76.92,596.36,0
31034,90.91,594.32,0
31045,90.91,591.89,0
31056,90.91,589.60,0
31068,83.33,590.83,0
31080,90.91,594.15,0
31091,90.91,598.46,0
31102,90.91,598.36,0
31114,83.33,592.48,0
31125,90.91,592.36,0
31136,90.91,591.39,0
31149,76.92,594.73,0
31160,90.91,596.40,0
31171,90.91,592.93,0
31182,90.91,589.66,0
31194,83.33,590.15,0
31205,90.91,591.15,0
31217,83.33,593.77,0
31228,90.91,598.26,0
31240,83.33,594.97,0
31251,90.91,590.86,0
31262,90.91,589.44,0
31273,90.91,594.29,0
31286,76.92,599.71,0
31297,90.91,597.79,0
31308,90.91,594.14,0
31320,83.33,589.51,0
31331,90.91,591.03,0
31342,90.91,595.78,0
31354,83.33,596.40,0
31366,83.33,592.77,0
31377,90.91,592.31,0
31388,90.91,589.73,0
31399,90.91,591.95,0
31411,83.33,593.78,0
31423,83.33,594.61,0
31434,90.91,591.04,0
31446,83.33,588.78,0
31457,90.91,593.09,0
31468,90.91,591.53,0
31479,90.91,595.51,0
31492,76.92,597.10,0
31503,90.91,590.56,0
31514,90.91,590.39,0
31525,90.91,592.48,0
31537,83.33,595.20,0
31548,90.91,596.15,0
31560,83.33,595.33,0
31571,90.91,593.85,0
31583,83.33,592.88,0
31594,90.91,594.48,0
31605,90.91,595.21,0
31617,83.33,591.86,0
31629,83.33,591.37,0
31640,90.91,592.65,0
31651,90.91,591.51,0
31663,83.33,593.69,0
31674,90.91,596.43,0
31685,90.91,596.38,0
31697,83.33,592.95,0
31709,83.33,593.46,0
31720,90.91,594.81,0
31731,90.91,596.48,0
31742,90.91,595.96,0
31754,83.33,592.51,0
31766,83.33,591.93,0
31777,90.91,595.46,0
31789,83.33,596.25,0
31800,90.91,592.41,0
31811,90.91,592.52,0
31822,90.91,590.92,0
31835,76.92,591.36,0
31846,90.91,590.81,0
31857,90.91,594.09,0
31868,90.91,593.29,0
31880,83.33,592.02,0
31891,90.91,591.48,0
31903,83.33,592.31,0
31915,83.33,591.68,0
31926,90.91,592.11,0
31937,90.91,593.94,0
31948,90.91,592.11,0
31960,83.33,591.87,0
31972,83.33,595.56,0
31983,90.91,595.75,0
31994,90.91,593.70,0
32006,83.33,594.24,0
32017,90.91,592.25,0
32028,90.91,591.10,0
32040,83.33,593.85,0
32052,83.33,594.45,0
32063,90.91,593.16,0
32074,90.91,593.63,0
32086,83.33,594.09,0
32097,90.91,592.06,0
32109,83.33,592.85,0
32120,90.91,596.55,0
32132,83.33,595.75,0
32143,90.91,591.87,0
32154,90.91,593.69,0
32165,90.91,595.12,0
32178,76.92,593.95,0
32189,90.91,594.66,0
32200,90.91,593.64,0
32211,90.91,592.62,0
32223,83.33,592.20,0
32234,90.91,592.00,0
32246,83.33,592.69,0
32258,83.33,591.08,0
32269,90.91,593.32,0
32280,90.91,592.85,0
32291,90.91,590.58,0
32303,83.33,591.29,0
32315,83.33,596.08,0
32326,90.91,594.86,0
32337,90.91,592.25,0
32349,83.33,591.49,0
32360,90.91,594.53,0
32371,90.91,593.58,0
32384,76.92,594.34,0
32395,90.91,593.21,0
32406,90.91,590.98,0
32417,90.91,592.49,0
32429,83.33,593.48,0
32441,90.91,592.73,0
32452,83.33,594.08,0
32463,90.91,595.38,0
32475,83.33,591.75,0
32486,90.91,595.73,0
32497,90.91,594.41,0
32509,90.91,593.29,0
32521,76.92,590.38,0
32532,90.91,590.29,0
32543,90.91,594.29,0
32555,83.33,597.43,0
32566,90.91,598.37,0
32578,90.91,594.48,0
32589,83.33,589.27,0
32601,83.33,591.44,0
32612,90.91,591.40,0
32623,90.91,594.33,0
32634,90.91,595.33,0
32647,83.33,595.41,0
32658,83.33,593.12,0
32669,90.91,592.27,0
32680,90.91,595.24,0
32692,83.33,594.30,0
32703,90.91,595.43,0
32715,90.91,593.66,0
32727,76.92,592.34,0
32738,90.91,593.49,0
32749,90.91,592.89,0
32760,90.91,596.37,0
32772,83.33,595.30,0
32784,90.91,593.75,0
32795,83.33,589.59,0
32806,90.91,586.77,0
32818,83.33,592.03,0
32829,90.91,593.71,0
32840,90.91,593.55,0
32852,83.33,592.57,0
32864,83.33,594.25,0
32875,90.91,591.27,0
32886,90.91,590.32,0
32898,83.33,594.38,0
32909,90.91,595.16,0
32921,83.33,592.53,0
32932,90.91,592.71,0
32944,83.33,592.29,0
32955,90.91,595.71,0
32966,90.91,595.73,0
32977,90.91,593.92,0
32990,76.92,593.10,0
33001,90.91,590.62,0
33012,90.91,592.44,0
33024,83.33,594.13,0
33035,90.91,590.49,0
33046,90.91,592.76,0
33058,83.33,593.09,0
33070,83.33,592.19,0
33081,90.91,597.18,0
33092,90.91,595.23,0
33103,90.91,592.67,0
33115,83.33,589.42,0
33127,83.33,592.33,0
33138,90.91,592.57,0
33149,90.91,596.22,0
33161,83.33,597.45,0
33172,90.91,591.68,0
33183,90.91,590.35,0
33196,76.92,591.04,0
33207,90.91,595.60,0
33218,90.91,596.39,0
33229,90.91,595.21,0
33241,83.33,594.96,0
33252,90.91,591.60,0
33264,83.33,592.70,0
33275,90.91,596.32,0
33287,83.33,593.73,0
33298,90.91,593.55,0
33309,90.91,590.44,0
33320,90.91,593.36,0
33333,76.92,593.53,0
33344,90.91,593.98,0
33355,90.91,596.10,0
33367,83.33,589.83,0
33378,90.91,587.00,0
33389,90.91,592.65,0
33401,83.33,594.88,0
33413,83.33,592.45,0
33424,90.91,594.27,0
33435,90.91,593.53,0
33446,90.91,593.67,0
33458,83.33,594.34,0
33470,83.33,597.77,0
33481,90.91,596.66,0
33492,90.91,591.60,0
33504,83.33,591.37,0
33515,90.91,592.72,0
33526,90.91,592.47,0
33539,76.92,596.06,0
33550,90.91,597.67,0
33561,90.91,596.30,0
33572,90.91,592.89,0
33584,83.33,592.39,0
33595,90.91,594.19,0
33607,83.33,594.69,0
33618,90.91,598.41,0
33630,83.33,595.95,0
33641,90.91,595.36,0
33652,90.91,592.50,0
33664,83.33,593.26,0
33676,83.33,596.74,0
33687,90.91,598.07,0
33698,90.91,593.79,0
33710,83.33,589.37,0
33721,90.91,592.69,0
33732,90.91,594.88,0
33744,83.33,596.60,0
33756,83.33,595.26,0
33767,90.91,594.08,0
33778,90.91,592.54,0
33789,90.91,593.00,0
33801,83.33,594.46,0
33813,83.33,596.02,0
33824,90.91,593.21,0
33836,83.33,594.06,0
33847,90.91,594.02,0
33858,90.91,591.86,0
33869,90.91,593.12,0
33882,76.92,592.36,0
33893,90.91,589.15,0
33904,90.91,590.28,0
33915,90.91,594.27,0
33927,83.33,595.09,0
33938,90.91,594.84,0
33950,83.33,590.84,0
33961,90.91,592.91,0
33973,83.33,593.00,0
33984,90.91,592.10,0
33995,90.91,595.77,0
34007,83.33,593.02,0
34019,83.33,593.33,0
34030,90.91,594.39,0
34041,90.91,594.28,0
34053,83.33,592.25,0
34064,90.91,593.71,0
34075,90.91,593.31,0
34087,83.33,590.69,0
34099,83.33,590.68,0
34110,90.91,593.12,0
34121,90.91,595.77,0
34132,90.91,592.80,0
34145,83.33,590.52,0
34156,83.33,590.76,0
34167,90.91,592.72,0
34179,83.33,595.66,0
34190,90.91,595.01,0
34201,90.91,594.80,0
34213,90.91,592.70,0
34225,76.92,595.22,0
34236,90.91,596.58,0
34247,90.91,593.34,0
34258,90.91,594.03,0
34270,83.33,590.54,0
34282,90.91,592.33,0
34293,83.33,592.69,0
34305,83.33,593.79,0
34316,90.91,597.85,0
34327,90.91,594.98,0
34338,90.91,590.96,0
34351,83.33,594.17,0
34362,83.33,592.49,0
34373,90.91,595.07,0
34384,90.91,595.50,0
34396,83.33,594.65,0
34407,90.91,593.40,0
34419,90.91,591.35,0
34430,83.33,596.37,0
34442,83.33,593.87,0
34453,90.91,591.91,0
34464,90.91,591.95,0
34476,83.33,593.67,0
34488,83.33,598.08,0
34499,90.91,595.69,0
34510,90.91,595.19,0
34522,83.33,594.42,0
34533,90.91,589.56,0
34544,90.91,591.99,0
34556,83.33,592.72,0
34568,83.33,592.00,0
34579,90.91,591.56,0
34590,90.91,593.66,0
34601,90.91,593.83,0
34613,83.33,593.88,0
34625,83.33,597.00,0
34636,90.91,595.74,0
34648,83.33,589.98,0
34659,90.91,591.94,0
34670,90.91,593.52,0
34681,90.91,595.75,0
34694,76.92,593.10,0
34705,90.91,594.74,0
34716,90.91,597.53,0
34727,90.91,592.16,0
34739,83.33,591.48,0
34750,90.91,593.40,0
34762,83.33,594.55,0
34774,83.33,593.07,0
34785,90.91,590.96,0
34796,90.91,591.47,0
34807,90.91,591.03,0
34819,83.33,593.53,0
34831,83.33,594.44,0
34842,90.91,592.07,0
34853,90.91,591.56,0
34865,83.33,589.42,0
34876,90.91,590.82,0
34887,90.91,594.73,0
34899,83.33,596.75,0
34911,83.33,595.58,0
34922,90.91,591.29,0
34933,90.91,593.48,0
34945,83.33,594.49,0
34956,90.91,595.48,0
34968,83.33,595.88,0
34979,90.91,590.29,0
34991,83.33,590.10,0
35002,90.91,594.02,0
35013,90.91,597.73,0
35024,90.91,594.16,0
35037,76.92,587.42,0
35048,90.91,590.99,0
35059,90.91,594.86,0
35070,90.91,593.32,0
35082,83.33,595.56,0
35093,90.91,595.96,0
35105,83.33,593.55,0
35117,83.33,593.27,0
35128,90.91,592.78,0
35139,90.91,594.11,0
35150,90.91,594.59,0
35162,83.33,593.63,0
35174,83.33,592.03,0
35185,90.91,593.27,0
35196,90.91,596.27,0
35208,83.33,596.09,0
35219,90.91,593.87,0
35230,90.91,592.15,0
35243,76.92,590.74,0
35254,90.91,593.67,0
35265,90.91,593.74,0
35276,90.91,592.69,0
35288,83.33,592.31,0
35299,90.91,592.14,0
35311,83.33,595.75,0
35322,90.91,596.12,0
35334,83.33,595.41,0
35345,90.91,594.67,0
35356,90.91,592.49,0
35367,90.91,590.84,0
35380,76.92,592.14,0
35391,90.91,598.49,0
35402,90.91,597.21,0
35414,83.33,590.82,0
35425,90.91,593.65,0
35436,90.91,591.37,0
35448,83.33,591.94,0
35460,83.33,597.09,0
35471,90.91,592.04,0
35482,90.91,591.02,0
35493,90.91,594.04,0
35505,83.33,595.83,0
35517,83.33,596.80,0
35528,90.91,594.20,0
35539,90.91,592.32,0
35551,83.33,591.45,0
35562,90.91,589.46,0
35573,90.91,595.52,0
35586,76.92,598.39,0
35597,90.91,595.72,0
35608,90.91,593.82,0
35619,90.91,592.91,0
35631,83.33,590.87,0
35642,90.91,594.54,0
35654,83.33,595.80,0
35665,90.91,593.24,0
35677,83.33,591.92,0
35688,90.91,594.14,0
35699,90.91,595.63,0
35710,90.91,591.71,0
35723,76.92,592.08,0
35734,90.91,592.91,0
35745,90.91,592.26,0
35757,83.33,593.59,0
35768,90.91,595.37,0
35780,90.91,596.68,0
35791,83.33,596.84,0
35803,83.33,593.90,0
35814,90.91,591.08,0
35825,90.91,592.23,0
35836,90.91,591.19,0
35849,83.33,596.75,0
35860,83.33,595.71,0
35871,90.91,590.89,0
35883,83.33,593.41,0
35894,90.91,594.59,0
35905,90.91,593.91,0
35917,90.91,593.63,0
35929,76.92,591.96,0
35940,90.91,594.05,0
35951,90.91,591.48,0
35962,90.91,593.88,0
35974,83.33,596.79,0
35986,90.91,594.44,0
35997,83.33,595.38,0
36008,90.91,591.53,0
36020,83.33,593.22,0
36031,90.91,594.42,0
36042,90.91,591.98,0
36055,83.33,593.36,0
36066,90.91,591.75,0
36077,90.91,591.47,0
36088,90.91,592.45,0
36100,83.33,592.52,0
36111,90.91,589.34,0
36123,83.33,593.13,0
36134,90.91,593.56,0
36146,83.33,592.11,0
36157,90.91,594.26,0
36168,90.91,595.80,0
36179,90.91,595.13,0
36192,76.92,592.64,0
36203,90.91,594.38,0
36214,90.91,592.99,0
36226,83.33,592.63,0
36237,90.91,595.43,0
36248,90.91,594.86,0
36260,83.33,593.66,0
36272,83.33,597.28,0
36283,90.91,598.29,0
36294,90.91,595.10,0
36305,90.91,591.74,0
36317,83.33,594.50,0
36329,83.33,595.80,0
36340,90.91,592.89,0
36352,83.33,596.01,0
36363,90.91,594.78,0
36374,90.91,594.46,0
36385,90.91,594.28,0
36398,76.92,594.30,0
36409,90.91,593.57,0
36420,90.91,589.97,0
36431,90.91,591.01,0
36443,83.33,591.13,0
36454,90.91,594.36,0
36466,83.33,593.01,0
36477,90.91,593.31,0
36489,83.33,593.39,0
36500,90.91,594.52,0
36511,90.91,594.75,0
36523,83.33,592.89,0
36535,83.33,592.58,0
36546,90.91,593.06,0
36557,90.91,594.69,0
36569,83.33,594.94,0
36580,90.91,595.57,0
36591,90.91,596.17,0
36603,83.33,591.58,0
36615,83.33,591.46,0
36626,90.91,592.46,0
36637,90.91,591.36,0
36648,90.91,592.72,0
36660,83.33,595.20,0
36672,83.33,592.38,0
36683,90.91,591.78,0
36695,83.33,591.36,0
36706,90.91,593.52,0
36717,90.91,594.34,0
36728,90.91,592.35,0
36741,76.92,590.48,0
36752,90.91,592.72,0
36763,90.91,597.99,0
36774,90.91,597.76,0
36786,83.33,592.21,0
36797,90.91,591.79,0
36809,83.33,593.14,0
36820,90.91,593.58,0
36832,83.33,593.76,0
36843,90.91,593.47,0
36854,90.91,593.82,0
36866,83.33,593.28,0
36878,83.33,596.05,0
36889,90.91,593.35,0
36900,90.91,591.23,0
36912,83.33,592.63,0
36923,90.91,591.07,0
36934,90.91,592.10,0
36946,83.33,593.10,0
36958,83.33,595.43,0
36969,90.91,595.96,0
36980,90.91,592.64,0
36992,83.33,591.97,0
37003,90.91,592.22,0
37015,83.33,593.28,0
37026,90.91,594.78,0
37038,83.33,592.07,0
37049,90.91,592.72,0
37060,90.91,593.59,0
37072,90.91,592.49,0
37084,76.92,594.22,0
37095,90.91,593.94,0
37106,90.91,595.81,0
37117,90.91,593.45,0
37129,83.33,592.42,0
37141,90.91,597.31,0
37152,83.33,597.99,0
37164,83.33,594.86,0
37175,90.91,592.03,0
37186,90.91,589.51,0
37197,90.91,591.17,0
37210,83.33,593.25,0
37221,83.33,595.49,0
37232,90.91,593.85,0
37243,90.91,593.36,0
37255,83.33,594.52,0
37266,90.91,595.58,0
37278,90.91,595.32,0
37289,83.33,592.65,0
37301,83.33,591.10,0
37312,90.91,588.00,0
37323,90.91,589.36,0
37335,83.33,593.00,0
37347,83.33,595.21,0
37358,90.91,595.02,0
37369,90.91,594.95,0
37381,83.33,594.28,0
37392,90.91,594.75,0
37403,90.91,593.85,0
37415,83.33,594.57,0
37427,83.33,593.40,0
37438,90.91,591.93,0
37449,90.91,594.02,0
37460,90.91,594.18,0
37472,83.33,590.85,0
37484,83.33,592.36,0
37495,90.91,591.96,0
37507,83.33,591.67,0
37518,90.91,592.34,0
37529,90.91,595.00,0
37540,90.91,597.17,0
37553,76.92,594.62,0
37564,90.91,596.18,0
37575,90.91,594.21,0
37586,90.91,590.07,0
37598,83.33,593.41,0
37609,90.91,595.41,0
37621,83.33,593.70,0
37633,83.33,592.30,0
37644,90.91,594.57,0
37655,90.91,594.59,0
37666,90.91,593.96,0
37678,83.33,594.65,0
37690,83.33,592.97,0
37701,90.91,591.10,0
37712,90.91,591.90,0
37724,83.33,594.29,0
37735,90.91,590.87,0
37746,90.91,594.81,0
37758,83.33,597.40,0
37770,83.33,592.00,0
37781,90.91,593.93,0
37792,90.91,592.05,0
37804,83.33,589.51,0
37815,90.91,593.29,0
37827,83.33,593.98,0
37838,90.91,595.61,0
37850,83.33,593.98,0
37861,90.91,592.68,0
37872,90.91,593.11,0
37883,90.91,591.04,0
37896,76.92,592.13,0
37907,90.91,593.60,0
37918,90.91,593.54,0
37929,90.91,592.33,0
37941,83.33,595.84,0
37952,90.91,593.16,0
37964,83.33,592.22,0
37976,83.33,596.51,0
37987,90.91,596.07,0
37998,90.91,592.37,0
38009,90.91,593.65,0
38021,83.33,597.35,0
38033,83.33,597.92,0
38044,90.91,593.57,0
38055,90.91,593.87,0
38067,83.33,593.00,0
38078,90.91,590.44,0
38089,90.91,592.93,0
38102,76.92,592.96,0
38113,90.91,593.17,0
38124,90.91,596.05,0
38135,90.91,594.97,0
38147,83.33,595.57,0
38158,90.91,594.02,0
38170,83.33,593.16,0
38181,90.91,593.02,0
38193,83.33,591.61,0
38204,90.91,589.30,0
38215,90.91,588.85,0
38226,90.91,592.13,0
38239,76.92,593.75,0
38250,90.91,590.07,0
38261,90.91,591.33,0
38273,83.33,592.48,0
38284,90.91,594.68,0
38295,90.91,595.70,0
38307,83.33,593.36,0
38319,83.33,594.71,0
38330,90.91,592.97,0
38341,90.91,591.99,0
38352,90.91,594.75,0
38364,83.33,593.85,0
38376,83.33,594.29,0
38387,90.91,593.52,0
38398,90.91,592.19,0
38410,83.33,592.29,0
38421,90.91,596.90,0
38432,90.91,596.61,0
38445,76.92,592.91,0
38456,90.91,594.67,0
38467,90.91,593.29,0
38478,90.91,593.90,0
38490,83.33,592.86,0
38501,90.91,591.19,0
38513,83.33,591.95,0
38524,90.91,593.38,0
38536,83.33,593.52,0
38547,90.91,594.27,0
38558,90.91,591.69,0
38571,90.91,591.85,0
38582,76.92,595.41,0
38593,90.91,594.39,0
38604,90.91,597.18,0
38616,83.33,596.79,0
38627,90.91,592.77,0
38639,90.91,591.45,0
38650,83.33,592.45,0
38662,83.33,592.65,0
38673,90.91,592.83,0
38684,90.91,590.45,0
38695,90.91,591.45,0
38708,83.33,592.19,0
38719,83.33,592.73,0
38730,90.91,597.50,0
38742,83.33,596.94,0
38753,90.91,593.18,0
38764,90.91,590.04,0
38776,90.91,588.69,0
38788,76.92,591.14,0
38799,90.91,591.31,0
38810,90.91,594.84,0
38821,90.91,593.07,0
38833,83.33,590.89,0
38845,90.91,593.79,0
38856,83.33,597.11,0
38867,90.91,596.16,0
38879,83.33,593.89,0
38890,90.91,590.61,0
38901,90.91,592.04,0
38914,83.33,594.69,0
38925,83.33,596.46,0
38936,90.91,595.10,0
38947,90.91,590.82,0
38959,83.33,589.71,0
38970,90.91,592.15,0
38982,90.91,594.63,0
38993,90.91,596.03,0
39005,83.33,596.30,0
39016,90.91,595.17,0
39027,90.91,592.62,0
39038,90.91,591.66,0
39051,76.92,598.15,0
39062,90.91,599.55,0
39073,90.91,593.04,0
39085,83.33,587.58,0
39096,90.91,588.50,0
39107,90.91,593.54,0
39119,83.33,601.08,0
39131,83.33,597.37,0
39142,90.91,592.74,0
39153,90.91,589.76,0
39164,90.91,591.96,0
39176,83.33,597.02,0
39188,83.33,600.22,0
39199,90.91,595.96,0
39211,83.33,591.69,0
39222,90.91,589.62,0
39233,90.91,592.50,0
39244,90.91,594.86,0
39257,76.92,594.89,0
39268,90.91,593.91,0
39279,90.91,588.32,0
39290,90.91,589.27,0
39302,83.33,598.51,0
39313,90.91,600.72,0
39325,83.33,596.48,0
39336,90.91,591.44,0
39348,83.33,590.93,0
39359,90.91,592.47,0
39370,90.91,593.29,0
39382,83.33,595.46,0
39394,83.33,592.99,0
39405,90.91,590.90,0
39416,90.91,591.22,0
39428,83.33,594.75,0
39439,90.91,597.54,0
39450,90.91,596.46,0
39462,83.33,597.75,0
39474,83.33,591.79,0
39485,90.91,590.26,0
39496,90.91,593.84,0
39507,90.91,597.13,0
39519,83.33,599.40,0
39531,83.33,594.44,0
39542,90.91,590.15,0
39554,83.33,593.52,0
39565,90.91,596.64,0
39576,90.91,598.27,0
39587,90.91,594.60,0
39600,76.92,592.68,0
39611,90.91,592.79,0
39622,90.91,592.88,0
39633,90.91,595.43,0
39645,83.33,594.88,0
39656,90.91,596.11,0
39668,83.33,594.56,0
39680,83.33,590.42,0
39691,90.91,594.08,0
39702,90.91,600.69,0
39713,90.91,601.18,0
39725,83.33,594.91,0
39737,83.33,595.43,0
39748,90.91,596.74,0
39759,90.91,594.26,0
39771,83.33,595.65,0
39782,90.91,594.33,0
39793,90.91,594.02,0
39805,83.33,594.18,0
39817,83.33,593.56,0
39828,90.91,591.37,0
39839,90.91,591.55,0
39851,83.33,595.62,0
39862,90.91,592.06,0
39874,83.33,590.38,0
39885,90.91,596.45,0
39897,83.33,596.47,0
39908,90.91,594.12,0
39919,90.91,594.11,0
39930,90.91,593.62,0
39943,76.92,592.06,0
39954,90.91,593.88,0
39965,90.91,597.69,0
39976,90.91,597.15,0
39988,83.33,593.98,0
39999,90.91,590.72,0
40011,83.33,591.34,0
40023,83.33,593.76,0
40034,90.91,596.54,0
40045,90.91,599.97,0
40056,90.91,593.16,0
40068,83.33,590.38,0
40080,83.33,594.53,0
40091,90.91,596.87,0
40102,90.91,595.17,0
40114,83.33,593.64,0
40125,90.91,592.92,0
40136,90.91,591.62,0
40148,83.33,592.09,0
40160,83.33,591.90,0
40171,90.91,591.56,0
40182,90.91,595.34,0
40194,83.33,595.79,0
40206,90.91,593.13,0
40217,83.33,594.44,0
40228,90.91,595.09,0
40240,83.33,591.97,0
40251,90.91,594.46,0
40262,90.91,594.52,0
40274,90.91,593.26,0
40286,76.92,595.24,0
40297,90.91,595.95,0
40308,90.91,594.39,0
40320,83.33,593.10,0
40331,90.91,595.88,0
40343,90.91,597.18,0
40354,83.33,592.64,0
40366,83.33,595.13,0
40377,90.91,593.89,0
40388,90.91,592.68,0
40399,90.91,593.72,0
40412,83.33,594.06,0
40423,83.33,592.55,0
40434,90.91,594.39,0
40445,90.91,595.20,0
40457,83.33,593.98,0
40468,90.91,596.03,0
40480,83.33,595.93,0
40492,83.33,597.35,0
40503,90.91,595.76,0
40514,90.91,592.73,0
40525,90.91,597.14,0
40537,83.33,595.90,0
40549,83.33,591.03,0
40560,90.91,592.74,0
40571,90.91,597.67,0
40583,83.33,597.79,0
40594,90.91,595.85,0
40605,90.91,594.57,0
40617,83.33,591.86,0
40629,83.33,591.46,0
40640,90.91,595.03,0
40651,90.91,598.24,0
40663,83.33,594.37,0
40674,90.91,593.83,0
40686,83.33,593.88,0
40697,90.91,591.27,0
40709,83.33,592.02,0
40720,90.91,595.61,0
40731,90.91,594.10,0
40742,90.91,590.86,0
40755,76.92,595.69,0
40766,90.91,598.06,0
40777,90.91,595.16,0
40788,90.91,599.23,0
40800,83.33,597.55,0
40811,90.91,594.14,0
40823,83.33,590.84,0
40835,83.33,594.82,0
40846,90.91,596.43,0
408