66,15.15,597.44,0
77,90.91,590.02,0
89,83.33,590.35,0
100,90.91,605.26,0
111,90.91,607.03,0
123,83.33,600.68,0
135,83.33,598.07,0
146,90.91,590.87,0
157,90.91,584.77,0
168,90.91,601.04,0
180,83.33,609.73,0
192,83.33,603.88,0
203,90.91,599.60,0
215,83.33,593.88,0
226,90.91,583.30,0
237,90.91,591.64,0
249,90.91,611.68,0
261,76.92,608.41,0
272,90.91,597.71,0
283,90.91,595.81,0
294,90.91,587.48,0
306,83.33,587.02,0
318,83.33,604.67,0
329,90.91,611.04,0
340,90.91,600.05,0
352,83.33,597.03,0
363,90.91,593.84,0
374,90.91,588.45,0
387,76.92,596.95,0
398,90.91,608.87,0
409,90.91,601.61,0
420,90.91,595.50,0
432,83.33,596.46,0
443,90.91,590.28,0
455,83.33,594.29,0
466,90.91,608.92,0
478,83.33,605.07,0
489,90.91,592.35,0
500,90.91,597.44,0
513,83.33,595.50,0
524,83.33,586.60,0
535,90.91,596.14,0
546,90.91,608.46,0
558,83.33,601.57,0
569,90.91,600.01,0
581,83.33,601.28,0
592,90.91,590.97,0
604,83.33,592.13,0
615,90.91,604.77,0
626,90.91,604.66,0
637,90.91,601.81,0
650,76.92,604.23,0
661,90.91,593.58,0
672,90.91,582.63,0
684,83.33,600.58,0
695,90.91,613.72,0
706,90.91,606.54,0
718,83.33,600.83,0
730,83.33,591.53,0
741,90.91,583.11,0
752,90.91,593.89,0
763,90.91,611.32,0
776,83.33,606.48,0
787,83.33,598.29,0
798,90.91,596.43,0
809,90.91,589.79,0
821,83.33,589.26,0
832,90.91,608.07,0
844,83.33,609.91,0
856,83.33,598.14,0
867,90.91,595.81,0
878,90.91,594.13,0
889,90.91,590.11,0
901,83.33,599.92,0
913,83.33,606.60,0
924,90.91,601.04,0
935,90.91,599.07,0
947,83.33,595.57,0
958,90.91,586.41,0
969,90.91,590.77,0
982,76.92,605.99,0
993,90.91,605.45,0
1004,90.91,596.93,0
1015,90.91,600.18,0
1027,83.33,593.33,0
1039,90.91,586.05,0
1050,83.33,598.28,0
1061,90.91,607.95,0
1073,83.33,602.85,0
1084,90.91,602.85,0
1095,90.91,594.31,0
1107,83.33,583.94,0
1119,83.33,593.61,0
1130,90.91,609.69,0
1141,90.91,605.59,0
1153,83.33,599.75,0
1164,90.91,599.46,0
1176,83.33,589.23,0
1187,90.91,587.45,0
1199,83.33,603.22,0
1210,90.91,612.34,0
1221,90.91,604.71,0
1232,90.91,601.61,0
1245,76.92,592.10,0
1256,90.91,586.38,0
1267,90.91,602.64,0
1278,90.91,614.16,0
1290,83.33,607.06,0
1302,90.91,600.29,0
1313,83.33,595.99,0
1325,83.33,583.77,0
1336,90.91,589.92,0
1347,90.91,607.71,0
1358,90.91,605.74,0
1371,76.92,597.39,0
1382,90.91,597.67,0
1393,90.91,590.57,0
1404,90.91,589.59,0
1416,83.33,604.52,0
1427,90.91,611.03,0
1439,83.33,600.32,0
1451,83.33,600.00,0
1462,90.91,598.46,0
1473,90.91,589.38,0
1484,90.91,594.49,0
1496,83.33,607.31,0
1508,83.33,603.98,0
1519,90.91,597.90,0
1530,90.91,598.06,0
1542,83.33,588.39,0
1553,90.91,585.80,0
1565,90.91,600.86,0
1576,83.33,606.22,0
1588,83.33,600.86,0
1599,90.91,603.46,0
1610,90.91,596.03,0
1622,83.33,588.15,0
1634,83.33,596.61,0
1645,90.91,606.29,0
1656,90.91,600.64,0
1668,83.33,601.02,0
1679,90.91,601.94,0
1690,90.91,587.85,0
1702,83.33,588.53,0
1714,83.33,604.46,0
1725,90.91,602.95,0
1736,90.91,598.20,0
1747,90.91,601.30,0
1759,83.33,593.13,0
1771,83.33,585.41,0
1782,90.91,600.86,0
1794,83.33,608.40,0
1805,90.91,601.14,0
1816,90.91,602.82,0
1828,90.91,598.61,0
1840,76.92,584.24,0
1851,90.91,589.07,0
1862,90.91,607.88,0
1873,90.91,607.71,0
1885,83.33,600.56,0
1897,83.33,599.68,0
1908,90.91,589.82,0
1920,83.33,582.90,0
1931,90.91,601.10,0
1942,90.91,612.72,0
1953,90.91,605.02,0
1966,76.92,599.82,0
1977,90.91,591.96,0
1988,90.91,582.45,0
1999,90.91,594.51,0
2011,83.33,613.26,0
2022,90.91,608.37,0
2034,83.33,596.94,0
2045,90.91,594.61,0
2057,83.33,585.96,0
2068,90.91,587.12,0
2079,90.91,606.71,0
2092,83.33,612.99,0
2103,83.33,601.44,0
2114,90.91,592.24,0
2125,90.91,587.53,0
2137,83.33,586.90,0
2148,90.91,601.93,0
2160,83.33,614.41,0
2171,90.91,604.30,0
2183,83.33,597.35,0
2194,90.91,594.10,0
2205,90.91,588.16,0
2216,90.91,593.67,0
2229,76.92,609.56,0
2240,90.91,605.27,0
2251,90.91,594.56,0
2263,83.33,595.50,0
2274,90.91,592.78,0
2285,90.91,590.76,0
2297,83.33,604.23,0
2309,83.33,608.39,0
2320,90.91,600.06,0
2331,90.91,601.35,0
2342,90.91,597.16,0
2354,83.33,587.45,0
2366,83.33,594.54,0
2377,90.91,607.73,0
2388,90.91,602.77,0
2400,83.33,598.87,0
2411,90.91,599.29,0
2423,83.33,588.20,0
2435,83.33,586.74,0
2446,90.91,604.35,0
2457,90.91,607.91,0
2468,90.91,601.73,0
2480,83.33,604.18,0
2492,83.33,598.46,0
2503,90.91,585.27,0
2514,90.91,597.67,0
2526,83.33,613.68,0
2537,90.91,605.29,0
2548,90.91,599.43,0
2561,76.92,599.90,0
2572,90.91,586.67,0
2583,90.91,587.51,0
2594,90.91,606.03,0
2606,83.33,612.07,0
2617,90.91,600.42,0
2629,83.33,600.29,0
2640,90.91,593.38,0
2652,83.33,584.07,0
2663,90.91,596.80,0
2674,90.91,611.55,0
2686,90.91,603.47,0
2698,76.92,596.97,0
2709,90.91,593.32,0
2720,90.91,585.94,0
2732,83.33,590.35,0
2743,90.91,605.93,0
2755,83.33,606.38,0
2766,90.91,601.75,0
2778,83.33,600.61,0
2789,90.91,592.20,0
2800,90.91,586.34,0
2811,90.91,601.32,0
2824,76.92,608.63,0
2835,90.91,601.98,0
2846,90.91,603.41,0
2857,90.91,595.13,0
2869,83.33,583.75,0
2880,90.91,594.19,0
2892,83.33,608.13,0
2904,83.33,602.81,0
2915,90.91,600.44,0
2926,90.91,603.34,0
2937,90.91,590.60,0
2949,83.33,587.71,0
2961,83.33,606.72,0
2972,90.91,609.07,0
2983,90.91,601.68,0
2995,83.33,603.68,0
3006,90.91,596.69,0
3018,83.33,583.50,0
3030,83.33,597.45,0
3041,90.91,613.32,0
3052,90.91,604.89,0
3063,90.91,598.88,0
3075,83.33,597.48,0
3087,83.33,585.96,0
3098,90.91,590.83,0
3109,90.91,608.97,0
3121,83.33,611.51,0
3132,90.91,598.12,0
3143,90.91,595.88,0
3155,83.33,591.91,0
3167,83.33,584.78,0
3178,90.91,599.58,0
3189,90.91,611.62,0
3201,83.33,599.62,0
3212,90.91,597.40,0
3224,83.33,596.05,0
3235,90.91,587.69,0
3247,83.33,596.37,0
3258,90.91,610.94,0
3269,90.91,603.75,0
3281,90.91,593.07,0
3293,76.92,595.75,0
3304,90.91,590.24,0
3315,90.91,590.13,0
3326,90.91,607.66,0
3338,83.33,611.70,0
3350,83.33,599.48,0
3361,90.91,597.22,0
3373,83.33,595.76,0
3384,90.91,589.28,0
3395,90.91,595.24,0
3406,90.91,606.78,0
3419,76.92,599.76,0
3430,90.91,597.50,0
3441,90.91,601.64,0
3452,90.91,590.69,0
3464,83.33,589.30,0
3475,90.91,603.92,0
3487,83.33,608.00,0
3499,83.33,602.61,0
3510,90.91,601.67,0
3521,90.91,592.31,0
3532,90.91,583.36,0
3545,83.33,597.17,0
3556,83.33,609.49,0
3567,90.91,604.20,0
3578,90.91,603.82,0
3590,83.33,599.70,0
3601,90.91,584.68,0
3613,83.33,589.61,0
3624,90.91,606.95,0
3636,83.33,606.29,0
3647,90.91,602.19,0
3658,90.91,602.53,0
3670,83.33,591.79,0
3682,83.33,584.05,0
3693,90.91,603.74,0
3704,90.91,616.75,0
3716,83.33,604.51,0
3727,90.91,598.84,0
3738,90.91,592.91,0
3750,83.33,584.49,0
3762,83.33,594.90,0
3773,90.91,614.48,0
3784,90.91,606.22,0
3795,90.91,596.70,0
3808,83.33,593.83,0
3819,83.33,586.18,0
3830,90.91,590.81,0
3842,83.33,607.74,0
3853,90.91,610.89,0
3864,90.91,598.08,0
3876,83.33,598.78,0
3888,83.33,596.06,0
3899,90.91,590.97,0
3910,90.91,603.63,0
3921,90.91,611.81,0
3933,83.33,598.11,0
3945,83.33,596.24,0
3956,90.91,597.51,0
3968,83.33,589.48,0
3979,90.91,591.97,0
3990,90.91,603.55,0
4001,90.91,602.43,0
4014,76.92,596.93,0
4025,90.91,600.94,0
4036,90.91,595.04,0
4047,90.91,589.23,0
4059,83.33,596.35,0
4070,90.91,605.33,0
4082,83.33,601.63,0
4093,90.91,600.66,0
4105,83.33,596.63,0
4116,90.91,585.91,0
4127,90.91,588.81,0
4140,83.33,607.08,0
4151,90.91,608.71,0
4162,90.91,604.53,0
4173,90.91,600.98,0
4185,83.33,590.19,0
4196,90.91,583.71,0
4208,83.33,600.63,0
4219,90.91,611.28,0
4231,83.33,606.56,0
4242,90.91,599.11,0
4253,90.91,588.35,0
4264,90.91,580.96,0
4277,76.92,597.29,0
4288,90.91,609.71,0
4299,90.91,606.28,0
4311,83.33,598.97,0
4322,90.91,594.49,0
4333,90.91,585.26,0
4345,83.33,589.38,0
4357,83.33,607.52,0
4368,90.91,607.45,0
4379,90.91,597.57,0
4390,90.91,595.09,0
4403,83.33,589.19,0
4414,83.33,587.55,0
4425,90.91,604.02,0
4436,90.91,610.68,0
4448,83.33,599.77,0
4459,90.91,596.77,0
4471,83.33,596.95,0
4483,83.33,589.74,0
4494,90.91,596.81,0
4505,90.91,610.60,0
4516,90.91,603.39,0
4528,83.33,593.55,0
4540,83.33,601.11,0
4551,90.91,595.82,0
4562,90.91,590.95,0
4574,83.33,601.03,0
4585,90.91,602.30,0
4596,90.91,599.68,0
4609,76.92,603.24,0
4620,90.91,600.93,0
4631,90.91,587.43,0
4642,90.91,592.67,0
4654,83.33,604.26,0
4666,90.91,600.64,0
4677,83.33,601.31,0
4688,90.91,602.13,0
4700,83.33,586.92,0
4711,90.91,584.50,0
4722,90.91,603.68,0
4734,83.33,609.92,0
4746,83.33,605.34,0
4757,90.91,600.03,0
4768,90.91,591.32,0
4780,83.33,582.56,0
4791,90.91,597.82,0
4803,83.33,611.46,0
4814,90.91,604.27,0
4826,83.33,598.06,0
4837,90.91,595.78,0
4848,90.91,583.99,0
4859,90.91,591.15,0
4872,76.92,610.18,0
4883,90.91,604.68,0
4894,90.91,594.93,0
4905,90.91,596.15,0
4917,83.33,590.67,0
4929,90.91,587.29,0
4940,83.33,603.75,0
4952,83.33,610.36,0
4963,90.91,597.07,0
4974,90.91,596.70,0
4985,90.91,594.63,0
4998,76.92,587.58,0
5009,90.91,594.93,0
5020,90.91,607.55,0
5031,90.91,600.03,0
5043,83.33,596.51,0
5054,90.91,598.18,0
5066,83.33,590.30,0
5078,83.33,590.11,0
5089,90.91,608.64,0
5100,90.91,612.04,0
5111,90.91,599.51,0
5123,83.33,598.90,0
5135,83.33,594.44,0
5146,90.91,587.97,0
5157,90.91,598.94,0
5169,83.33,610.58,0
5180,90.91,603.11,0
5191,90.91,599.09,0
5203,83.33,600.11,0
5215,83.33,587.65,0
5226,90.91,589.22,0
5237,90.91,605.28,0
5249,83.33,604.49,0
5261,90.91,598.72,0
5272,83.33,601.21,0
5283,90.91,590.68,0
5295,83.33,584.77,0
5306,90.91,598.03,0
5317,90.91,607.87,0
5329,83.33,601.55,0
5341,83.33,599.61,0
5352,90.91,596.84,0
5363,90.91,583.19,0
5374,90.91,589.61,0
5386,83.33,607.23,0
5398,83.33,606.75,0
5409,90.91,600.38,0
5421,83.33,599.40,0
5432,90.91,586.28,0
5443,90.91,582.92,0
5454,90.91,602.30,0
5467,76.92,610.80,0
5478,90.91,602.62,0
5489,90.91,599.64,0
5500,90.91,590.91,0
5512,83.33,581.68,0
5524,90.91,593.03,0
5535,83.33,610.69,0
5547,83.33,605.49,0
5558,90.91,600.84,0
5569,90.91,595.63,0
5580,90.91,585.04,0
5593,76.92,586.79,0
5604,90.91,605.75,0
5615,90.91,610.05,0
5626,90.91,599.95,0
5638,83.33,597.30,0
5649,90.91,591.10,0
5661,83.33,586.69,0
5672,90.91,602.11,0
5684,83.33,610.85,0
5695,90.91,604.49,0
5706,90.91,597.71,0
5718,83.33,591.78,0
5730,83.33,588.07,0
5741,90.91,598.10,0
5752,90.91,611.53,0
5764,83.33,604.80,0
5775,90.91,594.60,0
5787,90.91,593.49,0
5798,83.33,589.59,0
5810,83.33,591.24,0
5821,90.91,609.56,0
5832,90.91,607.08,0
5843,90.91,597.03,0
5856,76.92,596.74,0
5867,90.91,594.68,0
5878,90.91,589.63,0
5890,83.33,598.48,0
5901,90.91,605.26,0
5912,90.91,596.86,0
5924,83.33,595.62,0
5936,83.33,600.09,0
5947,90.91,591.57,0
5958,90.91,591.70,0
5969,90.91,601.99,0
5981,83.33,600.73,0
5993,83.33,600.18,0
6004,90.91,601.80,0
6016,83.33,592.75,0
6027,90.91,586.03,0
6038,90.91,596.88,0
6049,90.91,603.19,0
6062,76.92,599.89,0
6073,90.91,600.20,0
6084,90.91,593.04,0
6095,90.91,582.20,0
6107,83.33,590.32,0
6119,90.91,606.11,0
6130,83.33,609.79,0
6141,90.91,606.29,0
6153,83.33,599.68,0
6164,90.91,584.21,0
6175,90.91,581.13,0
6188,76.92,605.14,0
6199,90.91,613.87,0
6210,90.91,604.85,0
6221,90.91,600.24,0
6233,83.33,591.06,0
6244,90.91,583.90,0
6256,83.33,597.90,0
6267,90.91,610.89,0
6279,83.33,603.25,0
6290,90.91,596.71,0
6301,90.91,597.16,0
6312,90.91,588.86,0
6325,76.92,593.47,0
6336,90.91,607.86,0
6347,90.91,606.88,0
6359,83.33,593.18,0
6370,90.91,595.26,0
6382,90.91,593.78,0
6393,83.33,592.79,0
6405,83.33,604.32,0
6416,90.91,610.80,0
6427,90.91,599.56,0
6438,90.91,595.98,0
6451,76.92,596.51,0
6462,90.91,590.38,0
6473,90.91,596.31,0
6484,90.91,605.74,0
6496,83.33,604.01,0
6507,90.91,601.67,0
6519,83.33,601.77,0
6531,83.33,591.80,0
6542,90.91,588.51,0
6553,90.91,601.17,0
6564,90.91,605.36,0
6576,83.33,598.44,0
6588,83.33,599.73,0
6599,90.91,595.67,0
6610,90.91,585.95,0
6622,83.33,592.23,0
6633,90.91,606.10,0
6644,90.91,608.93,0
6657,76.92,607.38,0
6668,90.91,600.85,0
6679,90.91,586.39,0
6690,90.91,585.88,0
6702,83.33,604.02,0
6714,83.33,611.17,0
6725,90.91,607.05,0
6736,90.91,600.17,0
6748,83.33,585.20,0
6759,90.91,580.79,0
6770,90.91,599.41,0
6782,83.33,616.57,0
6794,83.33,608.72,0
6805,90.91,599.28,0
6816,90.91,591.91,0
6828,83.33,583.42,0
6839,90.91,595.18,0
6851,83.33,614.70,0
6862,90.91,611.78,0
6874,83.33,599.14,0
6885,90.91,594.85,0
6896,90.91,588.38,0
6907,90.91,591.09,0
6920,76.92,607.92,0
6931,90.91,611.38,0
6942,90.91,601.12,0
6953,90.91,595.66,0
6965,83.33,588.18,0
6977,90.91,586.90,0
6988,83.33,600.82,0
7000,83.33,611.51,0
7011,90.91,603.46,0
7022,90.91,596.20,0
7033,90.91,596.36,0
7046,76.92,590.44,0
7057,90.91,594.96,0
7068,90.91,607.77,0
7079,90.91,601.66,0
7091,83.33,595.74,0
7102,90.91,600.33,0
7114,83.33,595.01,0
7126,83.33,591.26,0
7137,90.91,599.33,0
7148,90.91,604.12,0
7159,90.91,597.33,0
7171,83.33,597.38,0
7183,83.33,599.51,0
7194,90.91,588.53,0
7205,90.91,589.71,0
7217,83.33,604.79,0
7228,90.91,604.02,0
7240,90.91,600.59,0
7251,83.33,604.39,0
7263,83.33,591.72,0
7274,90.91,586.36,0
7285,90.91,600.38,0
7297,83.33,607.79,0
7309,83.33,599.86,0
7320,90.91,601.71,0
7331,90.91,595.18,0
7343,83.33,583.54,0
7354,90.91,593.22,0
7365,90.91,609.69,0
7377,83.33,605.82,0
7389,83.33,599.67,0
7400,90.91,598.92,0
7411,90.91,589.06,0
7422,90.91,589.85,0
7434,83.33,607.93,0
7446,83.33,611.12,0
7457,90.91,601.30,0
7469,83.33,600.49,0
7480,90.91,593.68,0
7491,90.91,586.31,0
7503,90.91,601.00,0
7515,76.92,611.22,0
7526,90.91,600.88,0
7537,90.91,598.02,0
7548,90.91,595.84,0
7560,83.33,586.12,0
7572,83.33,592.82,0
7583,90.91,608.11,0
7595,83.33,602.69,0
7606,90.91,596.98,0
7617,90.91,598.61,0
7628,90.91,589.79,0
7641,76.92,585.76,0
7652,90.91,600.26,0
7663,90.91,604.45,0
7674,90.91,598.34,0
7686,83.33,601.40,0
7697,90.91,596.44,0
7709,83.33,583.62,0
7720,90.91,592.57,0
7732,83.33,609.02,0
7743,90.91,603.72,0
7754,90.91,604.50,0
7767,83.33,605.55,0
7778,83.33,588.67,0
7789,90.91,584.49,0
7800,90.91,601.04,0
7812,83.33,611.18,0
7823,90.91,604.66,0
7835,83.33,602.33,0
7846,90.91,592.01,0
7858,83.33,582.86,0
7869,90.91,595.74,0
7880,90.91,609.72,0
7891,90.91,606.50,0
7904,76.92,602.16,0
7915,90.91,595.43,0
7926,90.91,586.16,0
7938,83.33,587.09,0
7949,90.91,605.77,0
7960,90.91,613.18,0
7972,83.33,606.00,0
7984,83.33,596.99,0
7995,90.91,585.96,0
8006,90.91,585.42,0
8017,90.91,606.08,0
8029,83.33,615.84,0
8041,83.33,605.02,0
8052,90.91,597.36,0
8064,83.33,589.16,0
8075,90.91,582.17,0
8086,90.91,594.99,0
8098,90.91,611.65,0
8110,76.92,604.67,0
8121,90.91,598.08,0
8132,90.91,596.31,0
8143,90.91,590.92,0
8155,83.33,593.65,0
8167,83.33,608.68,0
8178,90.91,608.95,0
8189,90.91,598.00,0
8201,83.33,596.04,0
8212,90.91,591.77,0
8223,90.91,589.57,0
8236,76.92,605.25,0
8247,90.91,612.79,0
8258,90.91,600.11,0
8269,90.91,594.71,0
8281,83.33,596.01,0
8292,90.91,591.52,0
8304,83.33,595.42,0
8315,90.91,602.82,0
8327,83.33,601.84,0
8338,90.91,598.51,0
8349,90.91,600.81,0
8361,90.91,594.42,0
8373,76.92,589.95,0
8384,90.91,600.61,0
8395,90.91,608.55,0
8407,83.33,600.91,0
8418,90.91,600.89,0
8430,83.33,598.55,0
8441,90.91,584.33,0
8453,83.33,590.87,0
8464,90.91,605.09,0
8475,90.91,605.12,0
8486,90.91,604.17,0
8499,76.92,604.04,0
8510,90.91,591.24,0
8521,90.91,584.76,0
8532,90.91,601.65,0
8544,83.33,608.40,0
8555,90.91,604.48,0
8567,83.33,604.06,0
8579,83.33,594.37,0
8590,90.91,584.26,0
8601,90.91,593.31,0
8612,90.91,610.26,0
8624,83.33,606.97,0
8636,83.33,602.02,0
8647,90.91,594.13,0
8658,90.91,584.40,0
8670,83.33,589.26,0
8681,90.91,608.97,0
8693,90.91,613.43,0
8705,76.92,602.60,0
8716,90.91,598.66,0
8727,90.91,591.65,0
8738,90.91,586.54,0
8750,83.33,604.98,0
8762,83.33,611.75,0
8773,90.91,604.27,0
8784,90.91,600.36,0
8796,83.33,592.11,0
8807,90.91,584.75,0
8818,90.91,595.61,0
8830,83.33,609.42,0
8842,83.33,606.35,0
8853,90.91,599.57,0
8864,90.91,597.19,0
8876,83.33,590.31,0
8887,90.91,590.97,0
8899,83.33,606.01,0
8910,90.91,606.81,0
8922,83.33,598.89,0
8933,90.91,599.85,0
8944,90.91,591.43,0
8956,90.91,587.75,0
8968,76.92,598.37,0
8979,90.91,605.91,0
8990,90.91,600.42,0
9001,90.91,598.16,0
9013,83.33,596.28,0
9025,83.33,586.84,0
9036,90.91,589.12,0
9048,83.33,603.95,0
9059,90.91,604.83,0
9070,90.91,597.86,0
9081,90.91,599.04,0
9094,76.92,594.56,0
9105,90.91,589.24,0
9116,90.91,601.77,0
9127,90.91,607.93,0
9139,83.33,600.67,0
9150,90.91,602.68,0
9162,83.33,598.59,0
9174,83.33,589.01,0
9185,90.91,594.64,0
9196,90.91,608.05,0
9207,90.91,605.98,0
9220,83.33,601.79,0
9231,83.33,602.90,0
9242,90.91,592.50,0
9253,90.91,588.96,0
9265,83.33,600.18,0
9276,90.91,606.66,0
9288,83.33,599.93,0
9299,90.91,599.24,0
9311,83.33,594.09,0
9322,90.91,588.22,0
9333,90.91,598.34,0
9345,83.33,609.39,0
9357,83.33,603.49,0
9368,90.91,599.85,0
9379,90.91,595.12,0
9391,83.33,585.93,0
9402,90.91,591.47,0
9413,90.91,606.58,0
9425,83.33,605.52,0
9437,83.33,599.96,0
9448,90.91,598.43,0
9459,90.91,587.76,0
9470,90.91,584.74,0
9483,83.33,601.78,0
9494,83.33,608.62,0
9505,90.91,601.42,0
9517,83.33,598.62,0
9528,90.91,594.44,0
9539,90.91,586.78,0
9551,83.33,596.36,0
9563,83.33,608.02,0
9574,90.91,603.55,0
9585,90.91,599.23,0
9596,90.91,597.95,0
9608,83.33,586.52,0
9620,83.33,586.74,0
9631,90.91,606.06,0
9643,83.33,610.21,0
9654,90.91,597.65,0
9665,90.91,601.53,0
9676,90.91,599.96,0
9689,76.92,588.46,0
9700,90.91,597.94,0
9711,90.91,608.07,0
9722,90.91,600.96,0
9734,83.33,600.01,0
9746,90.91,602.75,0
9757,83.33,591.07,0
9768,90.91,589.72,0
9780,83.33,604.47,0
9791,90.91,603.70,0
9802,90.91,601.07,0
9815,76.92,602.41,0
9826,90.91,592.96,0
9837,90.91,580.32,0
9848,90.91,595.79,0
9860,83.33,608.51,0
9871,90.91,601.41,0
9883,83.33,600.78,0
9894,90.91,599.36,0
9906,83.33,584.69,0
9917,90.91,589.06,0
9928,90.91,608.68,0
9939,90.91,606.09,0
9952,76.92,598.59,0
9963,90.91,598.75,0
9974,90.91,590.08,0
9986,83.33,586.90,0
9997,90.91,606.07,0
10008,90.91,611.63,0
10020,83.33,597.64,0
10032,83.33,598.29,0
10043,90.91,597.86,0
10054,90.91,585.26,0
10065,90.91,596.34,0
10078,83.33,610.59,0
10089,90.91,603.09,0
10100,90.91,597.75,0
10112,83.33,600.00,0
10123,90.91,589.73,0
10134,90.91,586.79,0
10146,83.33,605.58,0
10158,83.33,609.73,0
10169,90.91,597.32,0
10180,90.91,598.73,0
10191,90.91,593.81,0
10203,83.33,585.58,0
10215,83.33,600.66,0
10226,90.91,612.93,0
10237,90.91,603.82,0
10249,83.33,598.45,0
10260,90.91,597.79,0
10271,90.91,589.71,0
10284,76.92,593.82,0
10295,90.91,607.27,0
10306,90.91,604.84,0
10317,90.91,596.82,0
10329,83.33,599.90,0
10341,90.91,595.76,0
10352,83.33,590.17,0
10363,90.91,600.94,0
10375,83.33,607.47,0
10386,90.91,598.46,0
10397,90.91,598.39,0
10409,83.33,598.81,0
10421,83.33,588.14,0
10432,90.91,592.54,0
10443,90.91,607.80,0
10455,83.33,603.77,0
10466,90.91,600.71,0
10478,83.33,600.51,0
10489,90.91,589.23,0
10501,83.33,587.07,0
10512,90.91,601.39,0
10523,90.91,612.03,0
10534,90.91,604.43,0
10547,76.92,598.85,0
10558,90.91,593.44,0
10569,90.91,585.81,0
10580,90.91,596.25,0
10592,83.33,609.96,0
10604,90.91,605.88,0
10615,83.33,599.02,0
10627,83.33,594.28,0
10638,90.91,585.67,0
10649,90.91,592.18,0
10660,90.91,607.79,0
10673,76.92,610.24,0
10684,90.91,598.46,0
10695,90.91,595.45,0
10706,90.91,590.00,0
10718,83.33,586.71,0
10729,90.91,604.36,0
10741,83.33,612.78,0
10753,83.33,602.68,0
10764,90.91,599.66,0
10775,90.91,593.79,0
10786,90.91,588.03,0
10798,83.33,597.80,0
10810,83.33,610.15,0
10821,90.91,603.51,0
10832,90.91,594.00,0
10844,83.33,593.69,0
10855,90.91,589.78,0
10867,83.33,591.55,0
10878,90.91,604.30,0
10890,83.33,604.74,0
10901,90.91,598.14,0
10912,90.91,597.00,0
10924,83.33,592.80,0
10936,83.33,587.77,0
10947,90.91,597.76,0
10958,90.91,603.93,0
10970,83.33,597.89,0
10981,90.91,600.58,0
10992,90.91,600.84,0
11004,83.33,589.59,0
11016,83.33,588.81,0
11027,90.91,600.28,0
11038,90.91,605.01,0
11049,90.91,603.61,0
11061,83.33,605.11,0
11073,83.33,591.70,0
11084,90.91,580.32,0
11096,83.33,596.77,0
11107,90.91,610.05,0
11118,90.91,604.54,0
11130,83.33,603.71,0
11142,83.33,593.22,0
11153,90.91,580.77,0
11164,90.91,590.21,0
11175,90.91,608.02,0
11187,83.33,608.05,0
11199,83.33,604.74,0
11210,90.91,598.63,0
11222,83.33,582.27,0
11233,90.91,583.40,0
11244,90.91,606.64,0
11255,90.91,614.88,0
11268,76.92,604.98,0
11279,90.91,599.83,0
11290,90.91,588.73,0
11301,90.91,581.59,0
11313,83.33,599.37,0
11324,90.91,618.54,0
11336,83.33,607.61,0
11347,90.91,595.34,0
11359,83.33,593.50,0
11370,90.91,584.33,0
11381,90.91,593.04,0
11394,76.92,614.65,0
11405,90.91,609.46,0
11416,90.91,594.29,0
11427,90.91,594.76,0
11439,83.33,591.86,0
11450,90.91,589.65,0
11462,83.33,603.81,0
11473,90.91,610.71,0
11485,83.33,596.73,0
11496,90.91,592.38,0
11507,90.91,597.82,0
11518,90.91,591.98,0
11531,76.92,594.18,0
11542,90.91,605.99,0
11553,90.91,601.16,0
11565,83.33,597.41,0
11576,90.91,601.64,0
11588,90.91,595.65,0
11599,83.33,589.35,0
11611,83.33,600.11,0
11622,90.91,604.28,0
11633,90.91,598.06,0
11644,90.91,603.11,0
11657,76.92,600.21,0
11668,90.91,586.60,0
11679,90.91,592.01,0
11691,83.33,607.40,0
11702,90.91,606.26,0
11713,90.91,604.61,0
11725,83.33,601.40,0
11737,83.33,585.78,0
11748,90.91,583.16,0
11759,90.91,606.55,0
11770,90.91,614.93,0
11782,83.33,605.42,0
11794,83.33,600.92,0
11805,90.91,589.62,0
11816,90.91,577.98,0
11828,83.33,594.90,0
11839,90.91,618.44,0
11851,90.91,612.41,0
11863,76.92,600.01,0
11874,90.91,588.53,0
11885,90.91,582.60,0
11896,90.91,593.71,0
11908,83.33,617.01,0
11920,83.33,615.26,0
11931,90.91,597.89,0
11942,90.91,592.86,0
11954,83.33,589.93,0
11965,90.91,591.92,0
11976,90.91,611.63,0
11988,83.33,614.62,0
12000,83.33,595.42,0
12011,90.91,591.48,0
12022,90.91,590.35,0
12034,83.33,591.36,0
12045,90.91,603.07,0
12057,83.33,609.03,0
12068,90.91,600.52,0
12080,83.33,594.82,0
12091,90.91,600.25,0
12102,90.91,597.85,0
12114,90.91,597.08,0
12126,76.92,603.83,0
12137,90.91,602.39,0
12148,90.91,597.08,0
12160,83.33,601.79,0
12171,90.91,597.92,0
12183,83.33,589.12,0
12194,90.91,595.27,0
12206,83.33,603.54,0
12217,90.91,601.00,0
12228,90.91,604.70,0
12239,90.91,599.67,0
12252,76.92,586.61,0
12263,90.91,585.89,0
12274,90.91,599.23,0
12285,90.91,604.94,0
12297,83.33,606.44,0
12308,90.91,603.80,0
12320,83.33,589.82,0
12332,83.33,582.99,0
12343,90.91,599.00,0
12354,90.91,614.22,0
12365,90.91,609.94,0
12378,83.33,603.46,0
12389,83.33,593.04,0
12400,90.91,581.54,0
12411,90.91,591.24,0
12423,83.33,612.58,0
12434,90.91,613.11,0
12446,83.33,602.83,0
12457,90.91,593.95,0
12469,83.33,582.21,0
12480,90.91,586.13,0
12491,90.91,607.53,0
12503,83.33,612.39,0
12515,83.33,602.25,0
12526,90.91,595.59,0
12537,90.91,588.86,0
12549,83.33,587.90,0
12560,90.91,603.75,0
12571,90.91,612.02,0
12583,83.33,603.28,0
12595,83.33,599.87,0
12606,90.91,596.59,0
12617,90.91,586.65,0
12628,90.91,597.86,0
12640,83.33,611.74,0
12652,83.33,607.46,0
12663,90.91,599.17,0
12675,83.33,600.51,0
12686,90.91,593.24,0
12697,90.91,591.31,0
12709,90.91,606.82,0
12721,83.33,609.15,0
12732,90.91,598.54,0
12743,90.91,602.57,0
12754,90.91,601.68,0
12766,83.33,589.86,0
12778,83.33,594.65,0
12789,90.91,610.54,0
12801,83.33,605.26,0
12812,90.91,602.95,0
12823,90.91,604.66,0
12834,90.91,588.34,0
12847,76.92,587.69,0
12858,90.91,609.43,0
12869,90.91,609.46,0
12880,90.91,600.64,0
12892,83.33,600.38,0
12903,90.91,593.92,0
12915,83.33,583.48,0
12926,90.91,599.16,0
12938,83.33,612.75,0
12949,90.91,604.52,0
12960,90.91,598.24,0
12973,83.33,598.79,0
12984,83.33,588.70,0
12995,90.91,591.99,0
13006,90.91,607.10,0
13018,83.33,604.90,0
13029,90.91,596.88,0
13041,83.33,598.27,0
13052,90.91,593.72,0
13064,83.33,588.28,0
13075,90.91,599.80,0
13086,90.91,606.68,0
13097,90.91,598.26,0
13110,76.92,597.53,0
13121,90.91,599.20,0
13132,90.91,585.75,0
13144,83.33,589.14,0
13155,90.91,606.58,0
13166,90.91,606.08,0
13178,83.33,602.31,0
13190,83.33,602.14,0
13201,90.91,594.06,0
13212,90.91,587.64,0
13223,90.91,601.59,0
13236,83.33,608.28,0
13247,83.33,602.48,0
13258,90.91,601.10,0
13270,83.33,596.00,0
13281,90.91,584.27,0
13292,90.91,596.69,0
13304,83.33,613.48,0
13316,83.33,610.78,0
13327,90.91,602.15,0
13338,90.91,597.51,0
13349,90.91,584.82,0
13361,83.33,586.79,0
13373,83.33,604.96,0
13384,90.91,611.17,0
13395,90.91,602.61,0
13407,83.33,598.52,0
13418,90.91,586.70,0
13429,90.91,583.38,0
13442,76.92,604.99,0
13453,90.91,618.57,0
13464,90.91,603.95,0
13475,90.91,595.70,0
13487,83.33,594.63,0
13498,90.91,586.65,0
13510,83.33,597.67,0
13521,90.91,613.27,0
13533,83.33,605.85,0
13544,90.91,594.73,0
13555,90.91,596.71,0
13568,76.92,594.25,0
13579,90.91,593.10,0
13590,90.91,607.78,0
13601,90.91,607.01,0
13613,83.33,595.45,0
13624,90.91,596.48,0
13636,83.33,597.24,0
13647,90.91,591.53,0
13659,83.33,596.29,0
13670,90.91,606.15,0
13681,90.91,600.48,0
13692,90.91,598.11,0
13705,76.92,602.42,0
13716,90.91,596.11,0
13727,90.91,592.74,0
13739,83.33,601.86,0
13750,90.91,605.87,0
13761,90.91,598.74,0
13773,83.33,600.22,0
13785,83.33,596.75,0
13796,90.91,588.42,0
13807,90.91,595.60,0
13818,90.91,605.95,0
13831,83.33,602.30,0
13842,83.33,603.58,0
13853,90.91,596.96,0
13864,90.91,584.95,0
13876,83.33,591.68,0
13887,90.91,607.21,0
13899,83.33,608.38,0
13911,83.33,603.41,0
13922,90.91,601.36,0
13933,90.91,588.93,0
13944,90.91,584.52,0
13956,83.33,602.66,0
13968,83.33,607.24,0
13979,90.91,599.13,0
13990,90.91,599.99,0
14002,83.33,593.25,0
14013,90.91,585.16,0
14024,90.91,596.62,0
14036,83.33,610.67,0
14048,83.33,604.95,0
14059,90.91,602.25,0
14070,90.91,601.97,0
14082,83.33,588.25,0
14094,90.91,589.45,0
14105,90.91,609.71,0
14116,90.91,609.42,0
14128,83.33,598.24,0
14139,90.91,599.64,0
14150,90.91,593.21,0
14162,83.33,583.76,0
14174,83.33,597.67,0
14185,90.91,611.04,0
14196,90.91,601.95,0
14208,83.33,596.01,0
14219,90.91,597.27,0
14231,83.33,590.29,0
14242,90.91,591.48,0
14254,83.33,606.67,0
14265,90.91,605.36,0
14276,90.91,598.19,0
14287,90.91,600.49,0
14300,76.92,594.02,0
14311,90.91,585.51,0
14322,90.91,596.30,0
14333,90.91,608.02,0
14345,83.33,602.44,0
14357,90.91,600.66,0
14368,83.33,597.06,0
14380,83.33,586.19,0
14391,90.91,592.19,0
14402,90.91,608.12,0
14413,90.91,605.18,0
14426,76.92,600.35,0
14437,90.91,598.39,0
14448,90.91,588.42,0
14459,90.91,583.99,0
14471,83.33,603.62,0
14482,90.91,608.59,0
14494,83.33,597.96,0
14505,90.91,599.21,0
14517,83.33,595.02,0
14528,90.91,583.33,0
14539,90.91,594.46,0
14551,83.33,609.22,0
14563,83.33,600.87,0
14574,90.91,597.78,0
14585,90.91,602.54,0
14597,83.33,588.63,0
14608,90.91,586.09,0
14620,90.91,606.63,0
14631,83.33,613.96,0
14643,83.33,601.74,0
14654,90.91,598.28,0
14665,90.91,591.73,0
14676,90.91,584.78,0
14689,76.92,600.36,0
14700,90.91,615.85,0
14711,90.91,604.17,0
14723,83.33,594.10,0
14734,90.91,594.01,0
14745,90.91,585.26,0
14757,83.33,593.54,0
14769,83.33,613.60,0
14780,90.91,612.21,0
14791,90.91,597.18,0
14802,90.91,594.93,0
14814,83.33,594.94,0
14826,83.33,595.24,0
14837,90.91,607.84,0
14849,83.33,611.49,0
14860,90.91,596.95,0
14871,90.91,593.55,0
14883,90.91,592.36,0
14895,76.92,591.71,0
14906,90.91,599.44,0
14917,90.91,609.09,0
14928,90.91,602.08,0
14940,83.33,594.82,0
14952,83.33,597.74,0
14963,90.91,594.34,0
14974,90.91,592.83,0
14986,83.33,605.16,0
14997,90.91,604.21,0
15008,90.91,597.17,0
15021,76.92,603.41,0
15032,90.91,600.19,0
15043,90.91,589.78,0
15054,90.91,594.61,0
15066,83.33,602.59,0
15077,90.91,598.57,0
15089,83.33,600.04,0
15100,90.91,603.12,0
15112,83.33,592.50,0
15123,90.91,586.82,0
15134,90.91,599.34,0
15147,90.91,605.17,0
15158,76.92,604.51,0
15169,90.91,606.25,0
15180,90.91,593.85,0
15192,83.33,582.77,0
15203,90.91,593.21,0
15215,83.33,607.82,0
15226,90.91,604.62,0
15238,83.33,603.84,0
15249,90.91,594.44,0
15260,90.91,579.24,0
15271,90.91,589.81,0
15284,76.92,610.49,0
15295,90.91,611.11,0
15306,90.91,604.88,0
15318,83.33,595.31,0
15329,90.91,583.90,0
15340,90.91,585.68,0
15352,83.33,607.11,0
15364,83.33,615.59,0
15375,90.91,605.97,0
15386,90.91,596.09,0
15397,90.91,587.47,0
15409,83.33,585.18,0
15421,83.33,600.25,0
15432,90.91,612.49,0
15443,90.91,602.22,0
15455,83.33,596.47,0
15466,90.91,594.55,0
15478,83.33,587.64,0
15490,83.33,596.71,0
15501,90.91,612.88,0
15512,90.91,606.12,0
15523,90.91,593.34,0
15535,83.33,594.42,0
15547,83.33,593.28,0
15558,90.91,594.21,0
15569,90.91,608.79,0
15581,83.33,608.46,0
15592,90.91,595.17,0
15603,90.91,597.15,0
15616,76.92,599.39,0
15627,90.91,595.50,0
15638,90.91,597.11,0
15649,90.91,602.05,0
15661,83.33,594.04,0
15672,90.91,598.91,0
15684,83.33,604.04,0
15695,90.91,594.30,0
15707,83.33,587.90,0
15718,90.91,596.98,0
15729,90.91,600.80,0
15741,90.91,599.97,0
15753,76.92,606.65,0
15764,90.91,599.21,0
15775,90.91,582.46,0
15787,83.33,591.02,0
15798,90.91,608.23,0
15810,83.33,606.87,0
15821,90.91,604.46,0
15833,83.33,601.27,0
15844,90.91,584.74,0
15855,90.91,584.61,0
15866,90.91,607.11,0
15879,76.92,615.53,0
15890,90.91,605.30,0
15901,90.91,599.83,0
15912,90.91,589.29,0
15924,83.33,584.64,0
15935,90.91,603.49,0
15947,83.33,618.05,0
15959,83.33,606.44,0
15970,90.91,596.51,0
15981,90.91,592.15,0
15992,90.91,585.11,0
16005,83.33,594.45,0
16016,83.33,614.23,0
16027,90.91,607.83,0
16038,90.91,597.02,0
16050,83.33,597.63,0
16061,90.91,591.99,0
16073,83.33,590.47,0
16084,90.91,606.10,0
16096,83.33,608.93,0
16107,90.91,597.77,0
16118,90.91,595.24,0
16130,83.33,595.13,0
16142,83.33,591.77,0
16153,90.91,598.90,0
16164,90.91,606.61,0
16176,83.33,599.74,0
16187,90.91,597.45,0
16198,90.91,600.23,0
16210,83.33,592.71,0
16222,83.33,590.76,0
16233,90.91,601.31,0
16244,90.91,599.24,0
16256,83.33,595.31,0
16268,90.91,603.13,0
16279,83.33,596.64,0
16290,90.91,585.04,0
16302,83.33,597.32,0
16313,90.91,606.60,0
16324,90.91,602.15,0
16336,83.33,603.24,0
16348,83.33,600.56,0
16359,90.91,586.64,0
16370,90.91,589.36,0
16381,90.91,604.42,0
16393,83.33,605.50,0
16405,83.33,599.14,0
16416,90.91,600.78,0
16428,83.33,591.13,0
16439,90.91,585.34,0
16450,90.91,606.16,0
16461,90.91,616.60,0
16474,76.92,602.65,0
16485,90.91,599.03,0
16496,90.91,593.29,0
16507,90.91,583.39,0
16519,83.33,596.09,0
16530,90.91,611.22,0
16542,83.33,605.34,0
16553,90.91,597.66,0
16565,83.33,601.16,0
16576,90.91,592.17,0
16587,90.91,587.17,0
16600,76.92,606.97,0
16611,90.91,610.12,0
16622,90.91,596.14,0
16633,90.91,597.48,0
16645,83.33,596.19,0
16656,90.91,585.35,0
16668,83.33,595.72,0
16679,90.91,607.73,0
16691,83.33,601.24,0
16702,90.91,599.72,0
16713,90.91,602.58,0
16724,90.91,590.87,0
16737,76.92,586.86,0
16748,90.91,602.74,0
16759,90.91,608.63,0
16771,83.33,601.56,0
16782,90.91,600.69,0
16793,90.91,590.52,0
16805,83.33,581.45,0
16817,83.33,596.30,0
16828,90.91,610.50,0
16839,90.91,605.35,0
16850,90.91,603.34,0
16863,83.33,597.98,0
16874,83.33,581.17,0
16885,90.91,589.81,0
16897,83.33,612.91,0
16908,90.91,610.45,0
16919,90.91,600.26,0
16931,83.33,597.46,0
16943,83.33,588.66,0
16954,90.91,584.14,0
16965,90.91,604.57,0
16976,90.91,616.20,0
16988,83.33,602.47,0
17000,83.33,595.23,0
17011,90.91,592.01,0
17022,90.91,586.11,0
17034,83.33,598.97,0
17045,90.91,614.75,0
17056,90.91,608.78,0
17069,76.92,596.99,0
17080,90.91,596.02,0
17091,90.91,588.49,0
17102,90.91,591.19,0
17114,83.33,607.45,0
17126,90.91,608.37,0
17137,83.33,598.45,0
17148,90.91,597.93,0
17160,83.33,596.64,0
17171,90.91,591.09,0
17182,90.91,600.45,0
17195,76.92,610.19,0
17206,90.91,601.29,0
17217,90.91,598.00,0
17228,90.91,597.64,0
17240,83.33,590.27,0
17251,90.91,593.21,0
17263,83.33,605.52,0
17274,90.91,601.93,0
17286,83.33,596.25,0
17297,90.91,600.70,0
17308,90.91,595.24,0
17319,90.91,586.34,0
17332,76.92,597.27,0
17343,90.91,606.29,0
17354,90.91,600.69,0
17366,83.33,597.57,0
17377,90.91,595.55,0
17389,90.91,588.67,0
17400,83.33,592.27,0
17412,83.33,603.36,0
17423,90.91,601.63,0
17434,90.91,603.17,0
17445,90.91,604.29,0
17458,76.92,590.88,0
17469,90.91,583.56,0
17480,90.91,597.05,0
17491,90.91,606.03,0
17503,83.33,602.45,0
17514,90.91,604.29,0
17526,83.33,596.62,0
17538,83.33,582.86,0
17549,90.91,594.38,0
17560,90.91,609.13,0
17571,90.91,609.04,0
17583,83.33,602.83,0
17595,83.33,595.90,0
17606,90.91,586.82,0
17617,90.91,587.44,0
17629,83.33,605.68,0
17640,90.91,609.08,0
17652,90.91,600.82,0
17664,76.92,597.56,0
17675,90.91,588.57,0
17686,90.91,587.00,0
17697,90.91,602.72,0
17709,83.33,613.51,0
17721,83.33,601.72,0
17732,90.91,598.29,0
17743,90.91,593.98,0
17755,83.33,586.02,0
17766,90.91,595.52,0
17777,90.91,610.86,0
17789,83.33,605.75,0
17801,83.33,595.78,0
17812,90.91,595.74,0
17823,90.91,592.09,0
17835,83.33,590.88,0
17846,90.91,603.47,0
17858,83.33,609.10,0
17869,90.91,598.41,0
17881,83.33,599.67,0
17892,90.91,599.43,0
17903,90.91,588.96,0
17915,90.91,596.05,0
17927,76.92,609.75,0
17938,90.91,600.79,0
17949,90.91,595.58,0
17960,90.91,600.44,0
17972,83.33,593.59,0
17984,83.33,591.26,0
17995,90.91,602.02,0
18007,83.33,604.36,0
18018,90.91,599.31,0
18029,90.91,601.65,0
18040,90.91,595.04,0
18053,76.92,584.65,0
18064,90.91,596.29,0
18075,90.91,608.15,0
18086,90.91,600.60,0
18098,83.33,599.05,0
18109,90.91,595.85,0
18121,83.33,585.64,0
18132,90.91,587.54,0
18144,83.33,602.93,0
18155,90.91,605.02,0
18166,90.91,598.92,0
18179,83.33,598.29,0
18190,83.33,586.33,0
18201,90.91,585.64,0
18212,90.91,604.22,0
18224,83.33,608.85,0
18235,90.91,599.74,0
18247,83.33,599.44,0
18258,90.91,593.73,0
18270,83.33,585.76,0
18281,90.91,596.60,0
18292,90.91,608.65,0
18304,83.33,604.09,0
18316,83.33,598.06,0
18327,90.91,598.83,0
18338,90.91,589.42,0
18350,83.33,589.48,0
18361,90.91,606.73,0
18372,90.91,609.56,0
18384,83.33,599.61,0
18396,83.33,599.76,0
18407,90.91,592.65,0
18418,90.91,584.83,0
18429,90.91,598.77,0
18441,83.33,609.42,0
18453,83.33,602.60,0
18464,90.91,598.01,0
18476,83.33,596.38,0
18487,90.91,586.90,0
18498,90.91,590.71,0
18510,83.33,609.30,0
18522,83.33,605.71,0
18533,90.91,596.27,0
18544,90.91,602.75,0
18555,90.91,599.64,0
18567,83.33,588.06,0
18579,83.33,597.79,0
18590,90.91,607.57,0
18601,90.91,600.08,0
18613,83.33,601.83,0
18624,90.91,600.08,0
18635,90.91,586.84,0
18648,76.92,588.89,0
18659,90.91,607.15,0
18670,90.91,606.96,0
18681,90.91,600.87,0
18693,83.33,601.96,0
18704,90.91,589.79,0
18716,83.33,583.51,0
18727,90.91,600.99,0
18739,83.33,610.03,0
18750,90.91,601.60,0
18761,90.91,598.16,0
18774,76.92,596.11,0
18785,90.91,586.93,0
18796,90.91,594.96,0
18807,90.91,610.72,0
18819,83.33,605.16,0
18830,90.91,599.68,0
18842,83.33,599.56,0
18853,90.91,589.51,0
18865,83.33,586.61,0
18876,90.91,603.04,0
18887,90.91,606.79,0
18898,90.91,597.96,0
18911,76.92,596.43,0
18922,90.91,591.55,0
18933,90.91,583.40,0
18945,83.33,596.36,0
18956,90.91,609.61,0
18967,90.91,602.54,0
18979,83.33,600.43,0
18991,83.33,598.73,0
19002,90.91,585.87,0
19013,90.91,586.95,0
19024,90.91,604.27,0
19037,76.92,605.29,0
19048,90.91,599.97,0
19059,90.91,602.14,0
19070,90.91,591.73,0
19082,83.33,584.15,0
19093,90.91,601.08,0
19105,83.33,615.10,0
19117,83.33,604.58,0
19128,90.91,599.25,0
19139,90.91,593.59,0
19150,90.91,584.83,0
19162,83.33,595.93,0
19174,83.33,615.17,0
19185,90.91,610.05,0
19196,90.91,594.00,0
19208,83.33,593.55,0
19219,90.91,586.74,0
19231,90.91,588.59,0
19243,76.92,609.71,0
19254,90.91,612.50,0
19265,90.91,596.55,0
19276,90.91,595.94,0
19288,83.33,598.28,0
19300,83.33,591.83,0
19311,90.91,602.25,0
19322,90.91,612.84,0
19334,83.33,600.90,0
19345,90.91,595.37,0
19356,90.91,603.02,0
19368,83.33,597.64,0
19380,83.33,593.34,0
19391,90.91,605.19,0
19402,90.91,605.65,0
19414,83.33,597.93,0
19425,90.91,601.00,0
19437,83.33,598.08,0
19448,90.91,588.44,0
19460,83.33,594.67,0
19471,90.91,604.08,0
19482,90.91,599.55,0
19493,90.91,602.21,0
19506,76.92,605.00,0
19517,90.91,591.30,0
19528,90.91,590.38,0
19539,90.91,603.93,0
19551,83.33,603.90,0
19563,83.33,600.59,0
19574,90.91,606.85,0
19586,83.33,595.72,0
19597,90.91,582.65,0
19608,90.91,595.18,0
19619,90.91,609.20,0
19632,76.92,603.38,0
19643,90.91,604.10,0
19654,90.91,593.52,0
19665,90.91,580.47,0
19677,83.33,591.57,0
19688,90.91,608.87,0
19700,83.33,605.71,0
19712,83.33,601.78,0
19723,90.91,598.91,0
19734,90.91,586.57,0
19745,90.91,587.66,0
19757,83.33,605.35,0
19769,83.33,606.70,0
19780,90.91,598.64,0
19791,90.91,601.64,0
19803,83.33,597.05,0
19814,90.91,587.98,0
19826,90.91,599.91,0
19837,83.33,611.03,0
19849,83.33,601.09,0
19860,90.91,598.06,0
19871,90.91,597.81,0
19883,83.33,585.65,0
19895,83.33,587.21,0
19906,90.91,608.48,0
19917,90.91,607.74,0
19929,83.33,595.62,0
19940,90.91,602.62,0
19951,90.91,596.45,0
19963,83.33,588.00,0
19975,83.33,598.94,0
19986,90.91,608.97,0
19997,90.91,601.85,0
20008,90.91,600.30,0
20020,83.33,599.83,0
20032,83.33,589.84,0
20043,90.91,591.71,0
20055,83.33,606.64,0
20066,90.91,601.97,0
20077,90.91,598.36,0
20089,90.91,603.47,0
20101,76.92,591.67,0
20112,90.91,583.63,0
20123,90.91,601.30,0
20134,90.91,608.91,0
20146,83.33,603.08,0
20158,83.33,600.44,0
20169,90.91,595.01,0
20180,90.91,584.96,0
20192,83.33,593.89,0
20203,90.91,610.45,0
20214,90.91,606.25,0
20227,76.92,603.84,0
20238,90.91,600.92,0
20249,90.91,586.78,0
20260,90.91,587.70,0
20272,83.33,607.95,0
20283,90.91,608.37,0
20295,83.33,596.68,0
20306,90.91,600.30,0
20318,83.33,592.12,0
20329,90.91,582.46,0
20340,90.91,599.63,0
20353,83.33,612.43,0
20364,83.33,600.06,0
20375,90.91,596.72,0
20386,90.91,594.98,0
20398,83.33,585.95,0
20409,90.91,594.01,0
20421,83.33,613.54,0
20432,90.91,607.91,0
20444,83.33,594.36,0
20455,90.91,596.19,0
20466,90.91,594.16,0
20477,90.91,590.22,0
20490,76.92,603.76,0
20501,90.91,608.77,0
20512,90.91,596.28,0
20524,83.33,598.14,0
20535,90.91,601.65,0
20546,90.91,589.46,0
20558,83.33,592.88,0
20570,83.33,607.40,0
20581,90.91,601.07,0
20592,90.91,594.26,0
20603,90.91,599.30,0
20615,83.33,595.05,0
20627,83.33,587.06,0
20638,90.91,598.14,0
20649,90.91,607.51,0
20661,83.33,600.40,0
20672,90.91,601.42,0
20684,83.33,598.73,0
20696,83.33,584.61,0
20707,90.91,590.21,0
20718,90.91,610.66,0
20729,90.91,606.84,0
20741,83.33,599.76,0
20753,83.33,599.86,0
20764,90.91,588.93,0
20775,90.91,586.61,0
20787,83.33,603.57,0
20798,90.91,608.87,0
20809,90.91,599.15,0
20822,76.92,597.95,0
20833,90.91,591.54,0
20844,90.91,582.19,0
20855,90.91,597.53,0
20867,83.33,613.57,0
20878,90.91,604.25,0
20890,83.33,597.17,0
20901,90.91,595.77,0
20913,83.33,586.28,0
20924,90.91,589.04,0
20935,90.91,607.61,0
20947,90.91,605.88,0
20959,76.92,596.07,0
20970,90.91,597.33,0
20981,90.91,592.87,0
20993,83.33,588.87,0
21004,90.91,604.80,0
21016,83.33,612.82,0
21027,90.91,600.80,0
21039,83.33,598.58,0
21050,90.91,600.67,0
21061,90.91,588.63,0
21072,90.91,592.60,0
21085,76.92,606.73,0
21096,90.91,600.29,0
21107,90.91,597.07,0
21118,90.91,600.20,0
21130,83.33,590.96,0
21141,90.91,588.06,0
21153,83.33,606.46,0
21165,83.33,608.92,0
21176,90.91,600.09,0
21187,90.91,598.82,0
21198,90.91,594.71,0
21211,83.33,586.94,0
21222,83.33,595.35,0
21233,90.91,607.88,0
21244,90.91,602.79,0
21256,83.33,598.90,0
21267,90.91,598.83,0
21279,83.33,588.72,0
21291,83.33,588.59,0
21302,90.91,605.88,0
21313,90.91,608.31,0
21324,90.91,596.90,0
21336,83.33,596.99,0
21348,83.33,593.98,0
21359,90.91,587.58,0
21370,90.91,600.13,0
21382,83.33,609.02,0
21393,90.91,600.74,0
21404,90.91,597.25,0
21416,83.33,597.42,0
21428,83.33,587.05,0
21439,90.91,592.68,0
21450,90.91,604.13,0
21462,83.33,602.73,0
21473,90.91,597.74,0
21485,83.33,602.76,0
21496,90.91,594.81,0
21508,83.33,587.33,0
21519,90.91,601.19,0
21530,90.91,611.17,0
21542,83.33,602.22,0
21554,83.33,600.11,0
21565,90.91,598.46,0
21576,90.91,587.80,0
21587,90.91,593.11,0
21599,83.33,607.45,0
21611,83.33,604.53,0
21622,90.91,598.70,0
21634,83.33,602.19,0
21645,90.91,589.68,0
21656,90.91,585.46,0
21667,90.91,600.53,0
21680,76.92,611.00,0
21691,90.91,602.84,0
21702,90.91,597.72,0
21713,90.91,593.35,0
21725,83.33,586.89,0
21736,90.91,596.28,0
21748,83.33,611.91,0
21760,83.33,608.11,0
21771,90.91,601.99,0
21782,90.91,596.36,0
21793,90.91,587.04,0
21806,83.33,590.15,0
21817,83.33,606.29,0
21828,90.91,608.73,0
21839,90.91,597.93,0
21851,83.33,594.82,0
21862,90.91,587.62,0
21874,83.33,586.60,0
21885,90.91,602.46,0
21897,83.33,607.79,0
21908,90.91,595.79,0
21919,90.91,593.73,0
21931,83.33,593.75,0
21943,83.33,587.48,0
21954,90.91,596.14,0
21965,90.91,607.78,0
21977,83.33,600.19,0
21988,90.91,599.84,0
21999,90.91,609.14,0
22011,83.33,596.99,0
22023,83.33,584.34,0
22034,90.91,599.18,0
22045,90.91,607.34,0
22056,90.91,599.38,0
22069,83.33,599.95,0
22080,83.33,597.67,0
22091,90.91,584.94,0
22103,83.33,590.70,0
22114,90.91,605.57,0
22125,90.91,605.31,0
22137,83.33,604.87,0
22149,83.33,599.11,0
22160,90.91,581.49,0
22171,90.91,583.22,0
22182,90.91,607.03,0
22194,83.33,609.40,0
22206,83.33,600.37,0
22217,90.91,599.34,0
22228,90.91,589.87,0
22240,83.33,581.53,0
22251,90.91,597.39,0
22262,90.91,610.04,0
22275,76.92,604.61,0
22286,90.91,600.09,0
22297,90.91,594.76,0
22308,90.91,582.68,0
22320,83.33,592.24,0
22332,90.91,612.57,0
22343,83.33,605.61,0
22354,90.91,597.40,0
22366,83.33,597.22,0
22377,90.91,586.86,0
22388,90.91,586.33,0
22401,76.92,607.13,0
22412,90.91,611.30,0
22423,90.91,595.84,0
22434,90.91,595.81,0
22446,83.33,596.63,0
22457,90.91,589.56,0
22469,83.33,599.21,0
22480,90.91,610.11,0
22492,83.33,599.11,0
22503,90.91,596.70,0
22514,90.91,604.76,0
22525,90.91,592.97,0
22538,76.92,588.78,0
22549,90.91,604.52,0
22560,90.91,605.45,0
22572,83.33,593.59,0
22583,90.91,600.54,0
22595,90.91,603.93,0
22606,83.33,589.63,0
22618,83.33,597.27,0
22629,90.91,606.36,0
22640,90.91,601.47,0
22651,90.91,603.64,0
22664,76.92,606.96,0
22675,90.91,589.30,0
22686,90.91,583.23,0
22697,90.91,599.81,0
22709,83.33,605.70,0
22720,90.91,601.87,0
22732,83.33,607.65,0
22744,83.33,596.40,0
22755,90.91,577.94,0
22766,90.91,592.83,0
22777,90.91,612.27,0
22789,83.33,607.13,0
22801,83.33,603.29,0
22812,90.91,598.46,0
22823,90.91,582.84,0
22835,83.33,587.74,0
22846,90.91,612.97,0
22857,90.91,613.92,0
22870,76.92,599.05,0
22881,90.91,593.08,0
22892,90.91,585.36,0
22903,90.91,585.05,0
22915,83.33,603.75,0
22927,90.91,614.62,0
22938,83.33,603.59,0
22949,90.91,593.04,0
22961,83.33,591.68,0
22972,90.91,589.29,0
22983,90.91,602.34,0
22995,83.33,614.63,0
23007,83.33,603.46,0
23018,90.91,593.42,0
23029,90.91,596.17,0
23041,83.33,591.62,0
23052,90.91,594.77,0
23064,83.33,606.57,0
23075,90.91,606.64,0
23087,83.33,598.66,0
23098,90.91,599.07,0
23109,90.91,593.84,0
23120,90.91,590.76,0
23133,76.92,602.82,0
23144,90.91,608.30,0
23155,90.91,597.80,0
23166,90.91,600.77,0
23178,83.33,601.52,0
23190,90.91,588.89,0
23201,83.33,590.93,0
23213,83.33,603.26,0
23224,90.91,601.08,0
23235,90.91,598.87,0
23246,90.91,604.17,0
23259,76.92,594.29,0
23270,90.91,586.93,0
23281,90.91,597.18,0
23292,90.91,605.35,0
23304,83.33,601.55,0
23315,90.91,604.94,0
23327,83.33,600.98,0
23339,83.33,583.01,0
23350,90.91,591.14,0
23361,90.91,611.43,0
23372,90.91,606.11,0
23384,83.33,600.39,0
23396,83.33,599.81,0
23407,90.91,585.09,0
23418,90.91,581.79,0
23430,83.33,604.38,0
23441,90.91,612.62,0
23453,90.91,602.66,0
23464,83.33,601.40,0
23476,83.33,593.87,0
23487,90.91,580.01,0
23498,90.91,594.17,0
23510,83.33,615.59,0
23522,83.33,606.65,0
23533,90.91,597.68,0
23544,90.91,598.14,0
23556,83.33,584.91,0
23567,90.91,582.95,0
23578,90.91,607.13,0
23590,83.33,615.42,0
23602,83.33,599.77,0
23613,90.91,597.85,0
23624,90.91,592.57,0
23635,90.91,582.83,0
23647,83.33,599.65,0
23659,83.33,617.55,0
23670,90.91,607.36,0
23682,83.33,597.19,0
23693,90.91,594.08,0
23704,90.91,589.42,0
23716,90.91,594.57,0
23728,76.92,613.36,0
23739,90.91,609.74,0
23750,90.91,593.61,0
23761,90.91,597.13,0
23773,83.33,593.94,0
23785,83.33,587.84,0
23796,90.91,605.56,0
23808,83.33,613.03,0
23819,90.91,597.00,0
23830,90.91,592.74,0
23841,90.91,597.10,0
23854,76.92,592.07,0
23865,90.91,599.04,0
23876,90.91,609.85,0
23887,90.91,599.92,0
23899,83.33,594.19,0
23910,90.91,606.50,0
23922,83.33,599.69,0
23933,90.91,590.38,0
23945,83.33,600.31,0
23956,90.91,603.63,0
23967,90.91,593.53,0
23980,83.33,601.49,0
23991,83.33,603.06,0
24002,90.91,587.09,0
24013,90.91,592.93,0
24025,83.33,606.99,0
24036,90.91,603.79,0
24048,83.33,606.30,0
24059,90.91,605.80,0
24071,83.33,588.84,0
24082,90.91,583.13,0
24093,90.91,600.30,0
24104,90.91,609.65,0
24117,76.92,605.99,0
24128,90.91,605.78,0
24139,90.91,593.64,0
24151,83.33,579.57,0
24162,90.91,593.08,0
24173,90.91,613.44,0
24185,83.33,612.20,0
24197,83.33,603.65,0
24208,90.91,593.43,0
24219,90.91,579.98,0
24230,90.91,589.08,0
24242,83.33,611.73,0
24254,83.33,615.15,0
24265,90.91,603.48,0
24276,90.91,595.19,0
24288,83.33,583.37,0
24299,90.91,585.70,0
24311,83.33,606.43,0
24323,83.33,613.05,0
24334,90.91,599.82,0
24345,90.91,593.27,0
24356,90.91,588.84,0
24368,83.33,588.86,0
24380,83.33,601.69,0
24391,90.91,615.00,0
24402,90.91,604.27,0
24414,83.33,594.05,0
24425,90.91,596.72,0
24436,90.91,592.89,0
24449,76.92,594.25,0
24460,90.91,606.55,0
24471,90.91,604.54,0
24482,90.91,595.94,0
24494,83.33,598.97,0
24505,90.91,597.89,0
24517,83.33,592.62,0
24528,90.91,596.52,0
24540,83.33,602.27,0
24551,90.91,598.35,0
24562,90.91,600.60,0
24574,90.91,603.51,0
24586,76.92,590.67,0
24597,90.91,591.30,0
24608,90.91,603.98,0
24620,83.33,604.26,0
24631,90.91,601.26,0
24643,83.33,606.26,0
24654,90.91,594.19,0
24666,83.33,587.49,0
24677,90.91,598.10,0
24688,90.91,607.03,0
24699,90.91,603.06,0
24712,76.92,605.59,0
24723,90.91,598.91,0
24734,90.91,586.07,0
24745,90.91,594.50,0
24757,83.33,611.12,0
24768,90.91,606.16,0
24780,83.33,603.19,0
24792,83.33,600.01,0
24803,90.91,585.26,0
24814,90.91,587.22,0
24825,90.91,611.54,0
24838,83.33,612.98,0
24849,83.33,599.29,0
24860,90.91,597.59,0
24871,90.91,590.46,0
24883,83.33,585.32,0
24894,90.91,601.63,0
24906,83.33,615.37,0
24918,83.33,602.00,0
24929,90.91,595.44,0
24940,90.91,596.65,0
24951,90.91,591.98,0
24963,83.33,592.65,0
24975,83.33,607.59,0
24986,90.91,605.01,0
24997,90.91,593.47,0
25009,83.33,599.40,0
25020,90.91,598.90,0
25031,90.91,592.43,0
25043,83.33,597.93,0
25055,83.33,604.05,0
25066,90.91,597.53,0
25077,90.91,599.01,0
25089,83.33,602.03,0
25101,90.91,589.15,0
25112,83.33,586.73,0
25123,90.91,602.64,0
25135,83.33,605.02,0
25146,90.91,601.54,0
25157,90.91,602.78,0
25169,83.33,591.91,0
25181,83.33,586.73,0
25192,90.91,598.90,0
25203,90.91,608.28,0
25214,90.91,604.49,0
25226,83.33,601.07,0
25238,83.33,595.00,0
25249,90.91,583.83,0
25261,83.33,591.84,0
25272,90.91,609.69,0
25283,90.91,607.42,0
25294,90.91,599.56,0
25307,76.92,595.21,0
25318,90.91,587.30,0
25329,90.91,589.74,0
25340,90.91,604.88,0
25352,83.33,606.70,0
25364,90.91,599.26,0
25375,83.33,598.16,0
25387,83.33,590.29,0
25398,90.91,584.32,0
25409,90.91,598.30,0
25420,90.91,609.18,0
25433,76.92,602.16,0
25444,90.91,598.17,0
25455,90.91,600.82,0
25466,90.91,591.56,0
25478,83.33,592.31,0
25489,90.91,605.52,0
25501,83.33,603.85,0
25512,90.91,597.77,0
25524,83.33,602.41,0
25535,90.91,593.97,0
25546,90.91,587.86,0
25558,83.33,598.55,0
25570,83.33,605.84,0
25581,90.91,599.49,0
25592,90.91,600.76,0
25604,83.33,599.50,0
25615,90.91,584.51,0
25627,90.91,589.58,0
25638,83.33,606.66,0
25650,83.33,603.88,0
25661,90.91,599.15,0
25672,90.91,601.09,0
25683,90.91,593.74,0
25696,76.92,586.80,0
25707,90.91,601.66,0
25718,90.91,608.78,0
25730,83.33,603.04,0
25741,90.91,602.58,0
25752,90.91,595.94,0
25764,83.33,583.41,0
25776,83.33,592.29,0
25787,90.91,608.40,0
25798,90.91,602.26,0
25809,90.91,598.70,0
25821,83.33,598.44,0
25833,83.33,587.88,0
25844,90.91,587.05,0
25856,83.33,604.61,0
25867,90.91,608.15,0
25878,90.91,599.92,0
25889,90.91,601.45,0
25902,76.92,592.08,0
25913,90.91,582.99,0
25924,90.91,598.17,0
25935,90.91,613.51,0
25947,83.33,604.42,0
25959,90.91,599.75,0
25970,83.33,596.02,0
25981,90.91,585.12,0
25993,83.33,592.02,0
26004,90.91,609.78,0
26015,90.91,606.28,0
26028,76.92,597.97,0
26039,90.91,598.80,0
26050,90.91,589.24,0
26061,90.91,587.64,0
26073,83.33,605.90,0
26084,90.91,611.85,0
26096,83.33,597.96,0
26107,90.91,597.05,0
26119,83.33,595.46,0
26130,90.91,587.28,0
26141,90.91,595.80,0
26152,90.91,609.11,0
26165,76.92,601.47,0
26176,90.91,596.61,0
26187,90.91,602.32,0
26199,83.33,594.44,0
26210,90.91,590.80,0
26222,90.91,607.68,0
26233,83.33,606.85,0
26245,83.33,593.19,0
26256,90.91,596.56,0
26267,90.91,597.16,0
26278,90.91,587.33,0
26291,76.92,595.59,0
26302,90.91,608.90,0
26313,90.91,599.53,0
26324,90.91,597.04,0
26336,83.33,604.00,0
26347,90.91,594.81,0
26359,83.33,592.03,0
26371,83.33,604.32,0
26382,90.91,604.28,0
26393,90.91,596.58,0
26404,90.91,604.99,0
26416,83.33,596.36,0
26428,83.33,585.01,0
26439,90.91,599.26,0
26450,90.91,608.12,0
26462,83.33,602.74,0
26473,90.91,605.08,0
26485,90.91,598.80,0
26497,76.92,583.30,0
26508,90.91,589.72,0
26519,90.91,609.24,0
26530,90.91,609.28,0
26542,83.33,600.12,0
26554,83.33,599.09,0
26565,90.91,589.46,0
26576,90.91,583.17,0
26588,83.33,602.01,0
26599,90.91,612.40,0
26610,90.91,602.10,0
26622,83.33,598.91,0
26634,83.33,595.67,0
26645,90.91,581.64,0
26656,90.91,594.20,0
26668,83.33,612.48,0
26679,90.91,603.66,0
26691,83.33,596.33,0
26702,90.91,600.60,0
26714,83.33,588.69,0
26725,90.91,588.36,0
26736,90.91,610.24,0
26748,90.91,615.36,0
26760,76.92,597.68,0
26771,90.91,596.68,0
26782,90.91,595.41,0
26793,90.91,586.45,0
26805,83.33,596.54,0
26817,83.33,611.10,0
26828,90.91,602.34,0
26840,83.33,598.24,0
26851,90.91,601.06,0
26862,90.91,591.89,0
26873,90.91,591.89,0
26886,76.92,606.45,0
26897,90.91,604.36,0
26908,90.91,596.41,0
26919,90.91,600.96,0
26931,83.33,598.12,0
26942,90.91,590.08,0
26954,83.33,597.54,0
26966,83.33,606.73,0
26977,90.91,600.74,0
26988,90.91,601.70,0
26999,90.91,595.36,0
27012,83.33,583.65,0
27023,83.33,592.75,0
27034,90.91,607.21,0
27045,90.91,604.10,0
27057,83.33,602.74,0
27068,90.91,600.84,0
27080,83.33,585.93,0
27091,90.91,586.40,0
27103,83.33,609.08,0
27114,90.91,612.25,0
27125,90.91,600.53,0
27137,83.33,600.00,0
27149,83.33,592.73,0
27160,90.91,584.94,0
27171,90.91,602.51,0
27183,83.33,614.82,0
27194,90.91,601.97,0
27205,90.91,596.38,0
27217,83.33,599.27,0
27229,83.33,590.47,0
27240,90.91,595.14,0
27251,90.91,610.31,0
27262,90.91,604.71,0
27275,83.33,592.89,0
27286,83.33,600.63,0
27297,90.91,597.61,0
27309,83.33,588.27,0
27320,90.91,602.29,0
27331,90.91,609.77,0
27343,83.33,595.19,0
27355,83.33,596.81,0
27366,90.91,601.99,0
27377,90.91,589.70,0
27388,90.91,590.08,0
27400,83.33,604.41,0
27412,83.33,602.04,0
27423,90.91,597.25,0
27435,83.33,604.78,0
27446,90.91,597.06,0
27457,90.91,583.17,0
27468,90.91,595.68,0
27481,76.92,607.81,0
27492,90.91,600.56,0
27503,90.91,604.94,0
27514,90.91,600.30,0
27526,83.33,581.62,0
27538,90.91,585.98,0
27549,83.33,609.16,0
27560,90.91,608.67,0
27572,83.33,603.15,0
27583,90.91,599.80,0
27594,90.91,583.77,0
27607,76.92,582.07,0
27618,90.91,602.94,0
27629,90.91,614.94,0
27640,90.91,605.84,0
27652,83.33,598.62,0
27663,90.91,586.64,0
27675,83.33,578.74,0
27686,90.91,598.60,0
27698,83.33,619.40,0
27709,90.91,608.69,0
27720,90.91,594.12,0
27731,90.91,592.45,0
27744,76.92,586.86,0
27755,90.91,592.65,0
27766,90.91,610.77,0
27778,83.33,609.57,0
27789,90.91,597.18,0
27800,90.91,596.08,0
27812,83.33,591.01,0
27824,83.33,589.96,0
27835,90.91,606.44,0
27846,90.91,613.14,0
27857,90.91,597.56,0
27870,76.92,592.01,0
27881,90.91,595.43,0
27892,90.91,589.44,0
27904,83.33,594.59,0
27915,90.91,607.81,0
27926,90.91,600.14,0
27938,83.33,591.36,0
27950,83.33,599.53,0
27961,90.91,596.59,0
27972,90.91,588.38,0
27983,90.91,598.96,0
27995,83.33,603.27,0
28007,83.33,596.61,0
28018,90.91,600.26,0
28029,90.91,602.26,0
28041,83.33,591.45,0
28052,90.91,593.48,0
28063,90.91,603.96,0
28076,76.92,600.93,0
28087,90.91,601.81,0
28098,90.91,602.70,0
28109,90.91,589.69,0
28121,83.33,585.93,0
28133,83.33,600.95,0
28144,90.91,611.68,0
28155,90.91,606.46,0
28167,83.33,601.84,0
28178,90.91,593.21,0
28189,90.91,583.62,0
28201,83.33,596.59,0
28213,83.33,608.95,0
28224,90.91,605.31,0
28235,90.91,599.11,0
28247,83.33,595.24,0
28258,90.91,585.91,0
28270,83.33,592.57,0
28281,90.91,605.82,0
28293,83.33,606.16,0
28304,90.91,601.41,0
28315,90.91,600.75,0
28326,90.91,593.52,0
28339,76.92,587.55,0
28350,90.91,601.92,0
28361,90.91,611.05,0
28372,90.91,602.10,0
28384,83.33,598.65,0
28396,83.33,594.91,0
28407,90.91,586.95,0
28419,83.33,594.75,0
28430,90.91,606.79,0
28441,90.91,606.26,0
28452,90.91,601.22,0
28465,76.92,599.92,0
28476,90.91,588.90,0
28487,90.91,588.39,0
28498,90.91,606.06,0
28510,83.33,612.27,0
28521,90.91,602.92,0
28533,83.33,599.09,0
28545,83.33,589.68,0
28556,90.91,583.77,0
28567,90.91,598.16,0
28578,90.91,614.44,0
28590,83.33,610.15,0
28602,83.33,601.06,0
28613,90.91,593.96,0
28624,90.91,586.07,0
28636,83.33,592.45,0
28647,90.91,609.16,0
28659,83.33,607.98,0
28670,90.91,600.26,0
28682,83.33,595.37,0
28693,90.91,588.31,0
28704,90.91,589.44,0
28716,83.33,605.49,0
28728,83.33,612.11,0
28739,90.91,601.46,0
28750,90.91,596.16,0
28762,83.33,593.28,0
28773,90.91,585.89,0
28784,90.91,597.78,0
28796,83.33,610.66,0
28808,83.33,602.86,0
28819,90.91,594.94,0
28830,90.91,596.48,0
28841,90.91,589.97,0
28853,83.33,591.65,0
28865,83.33,604.33,0
28876,90.91,604.43,0
28888,83.33,597.17,0
28899,90.91,600.49,0
28910,90.91,596.48,0
28922,90.91,584.48,0
28934,76.92,594.23,0
28945,90.91,603.23,0
28956,90.91,600.57,0
28967,90.91,602.47,0
28979,83.33,600.78,0
28991,83.33,586.39,0
29002,90.91,585.99,0
29014,83.33,603.05,0
29025,90.91,609.76,0
29036,90.91,604.39,0
29047,90.91,603.19,0
29060,76.92,591.03,0
29071,90.91,582.89,0
29082,90.91,601.55,0
29093,90.91,614.02,0
29105,83.33,604.42,0
29116,90.91,597.39,0
29128,83.33,593.87,0
29139,90.91,584.89,0
29151,83.33,594.59,0
29162,90.91,615.31,0
29173,90.91,611.03,0
29186,83.33,595.25,0
29197,83.33,596.83,0
29208,90.91,590.69,0
29219,90.91,587.58,0
29231,83.33,604.37,0
29242,90.91,612.60,0
29254,83.33,599.01,0
29265,90.91,594.39,0
29277,83.33,594.92,0
29288,90.91,588.91,0
29299,90.91,597.63,0
29310,90.91,610.42,0
29323,76.92,603.73,0
29334,90.91,596.03,0
29345,90.91,598.30,0
29357,83.33,592.84,0
29368,90.91,591.18,0
29379,90.91,604.35,0
29391,83.33,605.44,0
29403,83.33,601.47,0
29414,90.91,604.21,0
29425,90.91,598.88,0
29436,90.91,588.47,0
29449,83.33,594.88,0
29460,83.33,605.02,0
29471,90.91,601.74,0
29483,83.33,602.09,0
29494,90.91,602.59,0
29505,90.91,590.81,0
29517,83.33,589.45,0
29529,83.33,601.96,0
29540,90.91,604.34,0
29551,90.91,602.16,0
29562,90.91,604.57,0
29574,83.33,594.57,0
29586,83.33,586.99,0
29597,90.91,601.56,0
29608,90.91,610.27,0
29620,83.33,606.62,0
29631,90.91,604.30,0
29642,90.91,594.09,0
29655,76.92,582.67,0
29666,90.91,593.80,0
29677,90.91,610.78,0
29688,90.91,606.23,0
29700,83.33,602.13,0
29712,90.91,596.57,0
29723,83.33,583.62,0
29734,90.91,585.98,0
29746,83.33,603.11,0
29757,90.91,608.80,0
29768,90.91,601.88,0
29780,83.33,597.31,0
29792,83.33,588.62,0
29803,90.91,588.76,0
29814,90.91,603.17,0
29826,83.33,613.07,0
29837,90.91,606.26,0
29849,83.33,597.72,0
29860,90.91,591.81,0
29872,83.33,586.71,0
29883,90.91,594.65,0
29894,90.91,607.09,0
29905,90.91,604.70,0
29918,76.92,597.67,0
29929,90.91,596.50,0
29940,90.91,592.24,0
29952,83.33,595.53,0
29963,90.91,605.08,0
29974,90.91,606.05,0
29986,83.33,597.93,0
29998,83.33,600.43,0
30009,90.91,596.95,0
30020,90.91,589.86,0
30031,90.91,597.62,0
30044,83.33,605.66,0
30055,83.33,603.12,0
30066,90.91,601.66,0
30077,90.91,603.45,0
30089,83.33,593.46,0
30100,90.91,590.22,0
30112,83.33,601.74,0
30124,83.33,604.37,0
30135,90.91,603.24,0
30146,90.91,604.34,0
30157,90.91,594.19,0
30169,83.33,584.59,0
30181,83.33,597.27,0
30192,90.91,612.20,0
30203,90.91,607.43,0
30215,83.33,607.08,0
30226,90.91,600.23,0
30237,90.91,584.65,0
30249,83.33,587.79,0
30261,83.33,609.80,0
30272,90.91,611.50,0
30283,90.91,607.11,0
30295,83.33,602.70,0
30307,90.91,584.35,0
30318,83.33,581.66,0
30329,90.91,600.69,0
30341,83.33,611.68,0
30352,90.91,604.03,0
30363,90.91,598.98,0
30375,83.33,588.66,0
30387,83.33,579.83,0
30398,90.91,593.43,0
30409,90.91,612.19,0
30420,90.91,607.12,0
30432,83.33,598.14,0
30444,83.33,596.29,0
30455,90.91,586.64,0
30467,83.33,591.39,0
30478,90.91,614.23,0
30489,90.91,616.88,0
30500,90.91,598.18,0
30513,76.92,595.56,0
30524,90.91,592.79,0
30535,90.91,588.11,0
30546,90.91,604.40,0
30558,83.33,614.13,0
30569,90.91,599.47,0
30581,83.33,594.82,0
30593,83.33,597.33,0
30604,90.91,591.21,0
30615,90.91,592.15,0
30626,90.91,608.27,0
30639,76.92,606.20,0
30650,90.91,598.84,0
30661,90.91,601.75,0
30672,90.91,596.72,0
30684,83.33,588.30,0
30695,90.91,597.84,0
30707,83.33,607.44,0
30718,90.91,601.04,0
30730,83.33,601.92,0
30741,90.91,602.03,0
30752,90.91,584.92,0
30764,83.33,587.07,0
30776,83.33,606.83,0
30787,90.91,609.53,0
30798,90.91,601.96,0
30810,83.33,602.59,0
30821,90.91,588.22,0
30832,90.91,578.91,0
30844,83.33,600.44,0
30856,83.33,612.90,0
30867,90.91,605.23,0
30878,90.91,605.08,0
30889,90.91,593.84,0
30902,83.33,579.12,0
30913,83.33,593.80,0
30924,90.91,616.64,0
30936,83.33,611.45,0
30947,90.91,600.94,0
30958,90.91,592.19,0
30970,83.33,580.06,0
30982,83.33,585.54,0
30993,90.91,611.85,0
31004,90.91,617.73,0
31015,90.91,601.99,0
31027,83.33,594.66,0
31039,83.33,586.94,0
31050,90.91,582.51,0
31062,83.33,603.70,0
31073,90.91,618.62,0
31084,90.91,605.42,0
31095,90.91,591.12,0
31108,76.92,588.69,0
31119,90.91,587.34,0
31130,90.91,597.19,0
31141,90.91,613.38,0
31153,83.33,607.51,0
31165,90.91,591.57,0
31176,83.33,594.25,0
31187,90.91,593.86,0
31199,83.33,590.89,0
31210,90.91,604.32,0
31221,90.91,607.42,0
31234,76.92,594.55,0
31245,90.91,596.82,0
31256,90.91,601.46,0
31267,90.91,591.16,0
31279,83.33,590.87,0
31290,90.91,606.61,0
31302,83.33,604.60,0
31313,90.91,599.94,0
31325,83.33,603.57,0
31336,90.91,593.55,0
31347,90.91,582.45,0
31358,90.91,598.43,0
31371,76.92,609.49,0
31382,90.91,602.46,0
31393,90.91,603.12,0
31405,83.33,597.14,0
31416,90.91,582.06,0
31428,90.91,590.79,0
31439,83.33,611.04,0
31451,83.33,609.19,0
31462,90.91,604.18,0
31473,90.91,597.14,0
31484,90.91,584.71,0
31497,76.92,588.01,0
31508,90.91,609.01,0
31519,90.91,615.23,0
31531,83.33,601.37,0
31542,90.91,594.43,0
31553,90.91,588.92,0
31565,83.33,585.55,0
31577,83.33,603.24,0
31588,90.91,616.82,0
31599,90.91,606.98,0
31610,90.91,597.33,0
31622,83.33,592.75,0
31634,83.33,586.92,0
31645,90.91,594.77,0
31656,90.91,613.42,0
31668,83.33,607.91,0
31679,90.91,594.03,0
31691,90.91,595.97,0
31703,76.92,592.91,0
31714,90.91,590.43,0
31725,90.91,604.82,0
31736,90.91,608.20,0
31748,83.33,600.29,0
31760,83.33,599.35,0
31771,90.91,596.91,0
31782,90.91,589.72,0
31794,83.33,601.25,0
31805,90.91,610.33,0
31816,90.91,602.39,0
31828,83.33,599.46,0
31840,83.33,596.91,0
31851,90.91,589.24,0
31862,90.91,592.98,0
31874,83.33,604.74,0
31885,90.91,603.48,0
31897,83.33,600.01,0
31908,90.91,600.13,0
31920,83.33,594.90,0
31931,90.91,588.58,0
31942,90.91,595.18,0
31954,90.91,607.15,0
31966,76.92,603.30,0
31977,90.91,599.51,0
31988,90.91,594.10,0
32000,83.33,585.27,0
32011,90.91,592.54,0
32023,83.33,606.88,0
32034,90.91,605.80,0
32046,83.33,603.61,0
32057,90.91,599.80,0
32068,90.91,586.75,0
32079,90.91,588.30,0
32092,76.92,605.56,0
32103,90.91,610.24,0
32114,90.91,603.36,0
32125,90.91,600.98,0
32137,83.33,593.14,0
32148,90.91,587.55,0
32160,83.33,598.77,0
32172,83.33,607.88,0
32183,90.91,602.45,0
32194,90.91,601.79,0
32205,90.91,600.17,0
32218,83.33,587.95,0
32229,83.33,589.47,0
32240,90.91,604.95,0
32251,90.91,605.83,0
32263,83.33,597.70,0
32274,90.91,599.33,0
32286,83.33,593.31,0
32297,90.91,584.17,0
32309,83.33,598.36,0
32320,90.91,608.40,0
32331,90.91,601.14,0
32343,83.33,601.64,0
32355,83.33,599.58,0
32366,90.91,586.74,0
32377,90.91,588.82,0
32389,83.33,606.29,0
32400,90.91,606.19,0
32411,90.91,603.34,0
32423,83.33,604.27,0
32435,83.33,592.12,0
32446,90.91,584.27,0
32457,90.91,602.05,0
32468,90.91,609.84,0
32481,83.33,602.99,0
32492,83.33,599.78,0
32503,90.91,594.86,0
32515,83.33,583.40,0
32526,90.91,596.69,0
32537,90.91,613.26,0
32549,83.33,607.96,0
32561,83.33,602.01,0
32572,90.91,596.06,0
32583,90.91,581.69,0
32594,90.91,588.85,0
32606,83.33,613.01,0
32618,83.33,613.67,0
32629,90.91,597.83,0
32641,83.33,596.53,0
32652,90.91,592.31,0
32663,90.91,584.15,0
32674,90.91,601.46,0
32687,76.92,611.65,0
32698,90.91,598.31,0
32709,90.91,596.19,0
32720,90.91,597.70,0
32732,83.33,589.17,0
32743,90.91,594.39,0
32755,83.33,612.58,0
32766,90.91,608.11,0
32778,83.33,596.21,0
32789,90.91,602.06,0
32800,90.91,593.38,0
32813,76.92,588.13,0
32824,90.91,599.21,0
32835,90.91,606.76,0
32846,90.91,594.49,0
32858,83.33,597.65,0
32869,90.91,602.18,0
32881,83.33,591.09,0
32892,90.91,593.23,0
32904,83.33,609.10,0
32915,90.91,605.71,0
32926,90.91,600.38,0
32937,90.91,604.68,0
32950,76.92,593.07,0
32961,90.91,585.52,0
32972,90.91,601.19,0
32984,83.33,608.68,0
32995,90.91,600.45,0
33006,90.91,600.91,0
33018,83.33,595.06,0
33030,83.33,582.93,0
33041,90.91,595.28,0
33052,90.91,612.52,0
33063,90.91,604.00,0
33076,83.33,600.03,0
33087,83.33,596.60,0
33098,90.91,581.24,0
33110,83.33,588.06,0
33121,90.91,612.80,0
33132,90.91,613.60,0
33144,83.33,598.01,0
33156,83.33,595.12,0
33167,90.91,587.69,0
33178,90.91,582.83,0
33189,90.91,604.64,0
33201,83.33,616.02,0
33213,83.33,603.00,0
33224,90.91,596.57,0
33235,90.91,592.31,0
33247,83.33,583.87,0
33258,90.91,593.14,0
33269,90.91,609.52,0
33282,76.92,605.80,0
33293,90.91,598.30,0
33304,90.91,598.62,0
33315,90.91,591.53,0
33327,83.33,593.11,0
33339,90.91,605.55,0
33350,83.33,606.56,0
33361,90.91,599.85,0
33373,83.33,601.19,0
33384,90.91,593.88,0
33395,90.91,585.74,0
33408,76.92,596.88,0
33419,90.91,608.75,0
33430,90.91,601.59,0
33441,90.91,599.70,0
33453,83.33,600.04,0
33464,90.91,589.79,0
33476,83.33,587.88,0
33487,90.91,604.11,0
33499,83.33,606.91,0
33510,90.91,599.71,0
33521,90.91,599.73,0
33532,90.91,590.62,0
33545,76.92,584.46,0
33556,90.91,599.90,0
33567,90.91,610.90,0
33579,83.33,601.70,0
33590,90.91,600.74,0
33601,90.91,596.97,0
33613,83.33,585.10,0
33625,83.33,590.13,0
33636,90.91,607.20,0
33647,90.91,604.85,0
33658,90.91,599.26,0
33671,76.92,599.85,0
33682,90.91,587.69,0
33693,90.91,584.73,0
33704,90.91,602.90,0
33716,83.33,608.37,0
33727,90.91,599.84,0
33739,83.33,602.49,0
33751,83.33,598.27,0
33762,90.91,584.28,0
33773,90.91,592.91,0
33784,90.91,611.34,0
33796,83.33,607.76,0
33808,83.33,599.97,0
33819,90.91,601.04,0
33830,90.91,591.81,0
33842,83.33,586.69,0
33853,90.91,602.15,0
33864,90.91,610.03,0
33876,83.33,600.79,0
33888,83.33,602.48,0
33899,90.91,597.20,0
33910,90.91,585.01,0
33922,83.33,594.42,0
33934,90.91,608.84,0
33945,83.33,600.65,0
33956,90.91,595.79,0
33968,83.33,595.16,0
33979,90.91,587.97,0
33990,90.91,590.91,0
34002,83.33,607.32,0
34014,83.33,609.50,0
34025,90.91,602.78,0
34036,90.91,599.69,0
34048,83.33,588.04,0
34059,90.91,584.47,0
34071,83.33,604.82,0
34082,90.91,615.04,0
34094,83.33,600.83,0
34105,90.91,597.00,0
34116,90.91,594.32,0
34127,90.91,584.57,0
34140,76.92,595.99,0
34151,90.91,611.10,0
34162,90.91,602.66,0
34173,90.91,595.83,0
34185,83.33,597.68,0
34197,90.91,588.83,0
34208,83.33,589.53,0
34220,83.33,602.58,0
34231,90.91,605.95,0
34242,90.91,596.12,0
34253,90.91,597.54,0
34266,76.92,595.49,0
34277,90.91,584.92,0
34288,90.91,594.14,0
34299,90.91,608.53,0
34311,83.33,602.64,0
34322,90.91,600.36,0
34334,83.33,600.50,0
34345,90.91,588.05,0
34357,83.33,587.13,0
34368,90.91,603.64,0
34379,90.91,608.87,0
34391,83.33,601.19,0
34403,83.33,599.47,0
34414,90.91,590.22,0
34425,90.91,585.20,0
34437,83.33,599.24,0
34448,90.91,611.65,0
34460,90.91,603.65,0
34471,83.33,598.16,0
34483,83.33,594.30,0
34494,90.91,586.67,0
34505,90.91,595.97,0
34516,90.91,611.45,0
34529,76.92,607.91,0
34540,90.91,597.45,0
34551,90.91,595.75,0
34563,83.33,587.69,0
34574,90.91,587.55,0
34585,90.91,602.69,0
34597,83.33,608.01,0
34609,83.33,600.33,0
34620,90.91,598.79,0
34631,90.91,591.98,0
34642,90.91,585.84,0
34654,83.33,599.22,0
34666,83.33,610.12,0
34677,90.91,601.99,0
34689,83.33,598.15,0
34700,90.91,595.89,0
34711,90.91,585.98,0
34723,90.91,591.52,0
34735,76.92,606.90,0
34746,90.91,603.23,0
34757,90.91,598.26,0
34768,90.91,601.85,0
34780,83.33,594.78,0
34792,83.33,586.27,0
34803,90.91,598.10,0
34814,90.91,609.93,0
34826,83.33,604.18,0
34837,90.91,600.91,0
34848,90.91,597.75,0
34861,76.92,588.11,0
34872,90.91,590.01,0
34883,90.91,606.03,0
34894,90.91,609.57,0
34906,83.33,601.26,0
34917,90.91,594.08,0
34929,83.33,587.61,0
34940,90.91,586.53,0
34952,83.33,600.26,0
34963,90.91,610.72,0
34974,90.91,606.47,0
34987,90.91,598.77,0
34998,76.92,592.33,0
35009,90.91,585.06,0
35020,90.91,595.86,0
35032,83.33,610.76,0
35043,90.91,607.74,0
35055,83.33,598.81,0
35066,90.91,593.27,0
35078,83.33,587.69,0
35089,90.91,591.18,0
35100,90.91,606.81,0
35111,90.91,609.76,0
35124,76.92,599.55,0
35135,90.91,593.96,0
35146,90.91,589.29,0
35158,83.33,588.33,0
35169,90.91,602.36,0
35180,90.91,610.81,0
35192,83.33,599.30,0
35204,83.33,594.35,0
35215,90.91,594.50,0
35226,90.91,591.31,0
35237,90.91,596.71,0
35250,83.33,603.41,0
35261,83.33,603.14,0
35272,90.91,598.37,0
35283,90.91,597.14,0
35295,83.33,592.24,0
35306,90.91,591.30,0
35318,83.33,602.29,0
35330,83.33,605.88,0
35341,90.91,597.71,0
35352,90.91,598.98,0
35363,90.91,597.95,0
35375,83.33,588.24,0
35387,83.33,593.65,0
35398,90.91,605.40,0
35409,90.91,603.86,0
35421,83.33,601.43,0
35432,90.91,598.88,0
35443,90.91,589.20,0
35456,76.92,588.28,0
35467,90.91,603.11,0
35478,90.91,608.31,0
35489,90.91,603.93,0
35501,83.33,601.33,0
35512,90.91,590.19,0
35524,83.33,583.73,0
35535,90.91,600.02,0
35547,83.33,614.27,0
35558,90.91,606.99,0
35569,90.91,598.01,0
35581,83.33,591.74,0
35593,83.33,586.89,0
35604,90.91,597.08,0
35615,90.91,609.27,0
35627,83.33,607.96,0
35638,90.91,599.03,0
35650,83.33,594.47,0
35661,90.91,589.22,0
35673,83.33,590.68,0
35684,90.91,602.97,0
35695,90.91,608.72,0
35706,90.91,599.55,0
35719,76.92,594.19,0
35730,90.91,592.69,0
35741,90.91,590.37,0
35752,90.91,599.29,0
35764,83.33,606.66,0
35776,90.91,601.99,0
35787,83.33,600.62,0
35799,83.33,598.72,0
35810,90.91,591.24,0
35821,90.91,593.44,0
35832,90.91,603.85,0
35845,76.92,603.20,0
35856,90.91,601.07,0
35867,90.91,599.94,0
35878,90.91,592.30,0
35890,83.33,586.49,0
35901,90.91,599.64,0
35913,83.33,607.39,0
35924,90.91,603.43,0
35936,83.33,602.49,0
35947,90.91,599.01,0
35958,90.91,586.50,0
35970,83.33,590.43,0
35982,83.33,603.96,0
35993,90.91,605.99,0
36004,90.91,606.01,0
36016,83.33,603.13,0
36027,90.91,589.51,0
36038,90.91,587.67,0
36050,83.33,602.79,0
36062,83.33,610.30,0
36073,90.91,605.45,0
36084,90.91,602.49,0
36096,83.33,591.42,0
36108,83.33,583.29,0
36119,90.91,596.85,0
36130,90.91,609.69,0
36142,83.33,605.38,0
36153,90.91,603.21,0
36164,90.91,599.58,0
36176,83.33,589.20,0
36188,83.33,592.87,0
36199,90.91,609.82,0
36210,90.91,609.73,0
36221,90.91,600.03,0
36233,83.33,597.79,0
36245,83.33,589.25,0
36256,90.91,585.78,0
36268,83.33,602.27,0
36279,90.91,610.98,0
36290,90.91,604.84,0
36301,90.91,600.42,0
36314,76.92,596.54,0
36325,90.91,585.11,0
36336,90.91,592.64,0
36347,90.91,608.91,0
36359,83.33,607.29,0
36371,90.91,600.19,0
36382,83.33,599.48,0
36393,90.91,591.49,0
36405,83.33,586.97,0
36416,90.91,605.90,0
36427,90.91,610.14,0
36440,76.92,601.41,0
36451,90.91,600.71,0
36462,90.91,596.27,0
36473,90.91,587.02,0
36485,83.33,596.62,0
36496,90.91,609.66,0
36508,83.33,607.55,0
36519,90.91,602.47,0
36531,83.33,600.00,0
36542,90.91,589.56,0
36553,90.91,585.92,0
36564,90.91,603.92,0
36577,76.92,609.64,0
36588,90.91,598.82,0
36599,90.91,598.54,0
36611,83.33,595.40,0
36622,90.91,585.52,0
36634,90.91,596.17,0
36645,83.33,610.58,0
36657,83.33,604.52,0
36668,90.91,603.99,0
36679,90.91,601.21,0
36690,90.91,585.18,0
36703,76.92,587.33,0
36714,90.91,607.73,0
36725,90.91,610.81,0
36737,83.33,602.34,0
36748,90.91,600.28,0
36759,90.91,589.69,0
36771,83.33,584.85,0
36783,83.33,600.32,0
36794,90.91,609.12,0
36805,90.91,602.91,0
36816,90.91,598.97,0
36828,83.33,591.02,0
36840,83.33,582.69,0
36851,90.91,593.95,0
36862,90.91,609.87,0
36874,83.33,606.91,0
36885,90.91,600.76,0
36897,90.91,597.25,0
36909,76.92,584.85,0
36920,90.91,586.31,0
36931,90.91,606.51,0
36942,90.91,612.59,0
36954,83.33,600.36,0
36966,83.33,594.43,0
36977,90.91,590.99,0
36988,90.91,588.06,0
37000,83.33,598.67,0
37011,90.91,610.05,0
37022,90.91,601.38,0
37035,76.92,595.41,0
37046,90.91,595.27,0
37057,90.91,592.12,0
37068,90.91,592.61,0
37080,83.33,602.10,0
37091,90.91,603.20,0
37103,83.33,596.72,0
37114,90.91,600.01,0
37126,83.33,593.20,0
37137,90.91,586.00,0
37148,90.91,597.35,0
37160,90.91,606.63,0
37172,76.92,602.48,0
37183,90.91,601.71,0
37194,90.91,600.61,0
37206,83.33,589.44,0
37217,90.91,592.04,0
37229,83.33,604.82,0
37240,90.91,604.70,0
37252,83.33,604.58,0
37263,90.91,600.11,0
37274,90.91,589.99,0
37285,90.91,586.23,0
37298,76.92,600.79,0
37309,90.91,607.60,0
37320,90.91,601.26,0
37331,90.91,602.58,0
37343,83.33,594.03,0
37354,90.91,584.71,0
37366,83.33,596.35,0
37378,83.33,609.65,0
37389,90.91,605.20,0
37400,90.91,603.04,0
37411,90.91,597.77,0
37424,83.33,582.36,0
37435,83.33,589.34,0
37446,90.91,612.98,0
37457,90.91,612.57,0
37469,83.33,602.28,0
37480,90.91,599.05,0
37492,83.33,590.67,0
37504,83.33,583.38,0
37515,90.91,600.06,0
37526,90.91,614.35,0
37537,90.91,603.16,0
37549,83.33,597.80,0
37561,83.33,595.18,0
37572,90.91,586.18,0
37583,90.91,595.67,0
37595,83.33,612.32,0
37606,90.91,606.80,0
37617,90.91,599.18,0
37629,83.33,598.17,0
37641,83.33,590.77,0
37652,90.91,589.22,0
37663,90.91,604.46,0
37675,83.33,609.31,0
37687,90.91,601.33,0
37698,83.33,600.87,0
37709,90.91,595.23,0
37721,83.33,586.22,0
37732,90.91,596.01,0
37743,90.91,606.81,0
37755,83.33,601.28,0
37767,83.33,597.14,0
37778,90.91,597.32,0
37789,90.91,589.53,0
37800,90.91,591.29,0
37812,83.33,604.53,0
37824,83.33,606.89,0
37835,90.91,600.20,0
37847,83.33,602.37,0
37858,90.91,593.04,0
37869,90.91,582.54,0
37880,90.91,597.01,0
37893,76.92,609.29,0
37904,90.91,603.72,0
37915,90.91,599.53,0
37926,90.91,599.05,0
37938,83.33,586.44,0
37949,90.91,591.07,0
37961,83.33,611.45,0
37972,90.91,610.77,0
37984,83.33,599.79,0
37995,90.91,597.63,0
38006,90.91,591.81,0
38019,83.33,589.20,0
38030,90.91,604.05,0
38041,90.91,608.20,0
38052,90.91,597.89,0
38064,83.33,595.51,0
38075,90.91,595.02,0
38087,83.33,586.38,0
38098,90.91,594.72,0
38110,83.33,607.40,0
38121,90.91,601.26,0
38132,90.91,599.91,0
38144,83.33,602.88,0
38156,83.33,589.91,0
38167,90.91,584.87,0
38178,90.91,602.73,0
38190,83.33,608.09,0
38201,90.91,602.50,0
38212,90.91,602.84,0
38224,83.33,596.34,0
38236,83.33,580.75,0
38247,90.91,591.37,0
38258,90.91,609.26,0
38269,90.91,603.70,0
38282,83.33,601.48,0
38293,83.33,598.84,0
38304,90.91,586.75,0
38316,83.33,587.25,0
38327,90.91,606.88,0
38338,90.91,609.88,0
38350,83.33,604.39,0
38362,83.33,603.74,0
38373,90.91,590.97,0
38384,90.91,583.56,0
38395,90.91,598.78,0
38407,83.33,613.19,0
38419,83.33,603.69,0
38430,90.91,595.95,0
38441,90.91,593.59,0
38453,83.33,584.34,0
38464,90.91,591.94,0
38475,90.91,611.54,0
38488,76.92,608.48,0
38499,90.91,597.97,0
38510,90.91,595.81,0
38521,90.91,587.99,0
38533,83.33,588.16,0
38545,90.91,606.52,0
38556,83.33,612.77,0
38567,90.91,601.75,0
38579,83.33,595.17,0
38590,90.91,592.54,0
38601,90.91,588.57,0
38614,76.92,595.23,0
38625,90.91,608.15,0
38636,90.91,606.34,0
38647,90.91,599.01,0
38659,83.33,593.65,0
38670,90.91,586.72,0
38682,83.33,590.92,0
38693,90.91,604.78,0
38705,83.33,608.06,0
38716,90.91,605.19,0
38727,90.91,599.74,0
38738,90.91,591.03,0
38751,76.92,587.14,0
38762,90.91,599.74,0
38773,90.91,608.32,0
38785,83.33,603.40,0
38796,90.91,596.83,0
38808,90.91,591.94,0
38819,83.33,587.81,0
38831,83.33,596.83,0
38842,90.91,609.30,0
38853,90.91,605.51,0
38864,90.91,600.55,0
38877,76.92,598.07,0
38888,90.91,589.85,0
38899,90.91,589.69,0
38910,90.91,600.85,0
38922,83.33,606.56,0
38933,90.91,600.99,0
38945,83.33,602.85,0
38957,83.33,594.63,0
38968,90.91,588.76,0
38979,90.91,599.55,0
38990,90.91,606.78,0
39002,83.33,598.33,0
39014,83.33,598.06,0
39025,90.91,595.15,0
39036,90.91,585.36,0
39048,83.33,590.52,0
39059,90.91,604.82,0
39071,90.91,604.30,0
39083,76.92,601.71,0
39094,90.91,601.72,0
39105,90.91,589.75,0
39116,90.91,585.45,0
39128,83.33,601.65,0
39140,83.33,607.69,0
39151,90.91,603.49,0
39162,90.91,604.64,0
39174,83.33,596.35,0
39185,90.91,585.80,0
39196,90.91,597.13,0
39208,83.33,605.72,0
39220,83.33,602.54,0
39231,90.91,604.73,0
39242,90.91,602.92,0
39254,83.33,585.58,0
39265,90.91,583.66,0
39277,83.33,605.73,0
39288,90.91,608.08,0
39300,83.33,599.39,0
39311,90.91,601.55,0
39322,90.91,594.78,0
39333,90.91,581.91,0
39346,76.92,600.92,0
39357,90.91,611.36,0
39368,90.91,600.97,0
39379,90.91,599.48,0
39391,83.33,599.68,0
39403,90.91,585.80,0
39414,83.33,589.99,0
39426,83.33,611.62,0
39437,90.91,610.26,0
39448,90.91,595.13,0
39459,90.91,599.26,0
39472,76.92,597.20,0
39483,90.91,587.16,0
39494,90.91,602.01,0
39505,90.91,611.17,0
39517,83.33,595.81,0
39528,90.91,596.66,0
39540,83.33,603.43,0
39552,83.33,591.93,0
39563,90.91,590.56,0
39574,90.91,611.51,0
39585,90.91,607.71,0
39597,83.33,592.69,0
39609,83.33,596.53,0
39620,90.91,597.28,0
39631,90.91,585.60,0
39643,83.33,596.30,0
39654,90.91,609.69,0
39666,90.91,601.27,0
39677,83.33,600.01,0
39689,83.33,602.35,0
39700,90.91,592.97,0
39711,90.91,593.61,0
39723,83.33,606.15,0
39735,83.33,605.10,0
39746,90.91,601.54,0
39757,90.91,600.73,0
39769,83.33,594.01,0
39780,90.91,588.58,0
39791,90.91,596.73,0
39803,83.33,605.31,0
39815,83.33,603.68,0
39826,90.91,600.39,0
39837,90.91,592.25,0
39848,90.91,583.63,0
39860,83.33,595.79,0
39872,83.33,609.36,0
39883,90.91,605.95,0
39895,83.33,605.06,0
39906,90.91,599.89,0
39917,90.91,585.38,0
39929,90.91,589.46,0
