66,15.15,584.30,0
77,90.91,611.32,0
89,83.33,607.50,0
100,90.91,602.41,0
111,90.91,602.69,0
123,83.33,582.86,0
135,83.33,575.25,0
146,90.91,604.98,0
157,90.91,614.85,0
168,90.91,602.45,0
180,83.33,605.53,0
192,90.91,592.32,0
203,83.33,573.55,0
215,83.33,596.94,0
226,90.91,615.76,0
237,90.91,604.43,0
248,90.91,604.76,0
261,83.33,603.29,0
272,83.33,577.76,0
283,90.91,583.77,0
294,90.91,610.62,0
306,83.33,605.96,0
317,90.91,598.15,0
329,90.91,607.22,0
340,83.33,586.11,0
352,83.33,573.24,0
363,90.91,604.45,0
374,90.91,610.55,0
386,83.33,601.21,0
398,90.91,612.45,0
409,83.33,601.34,0
420,90.91,575.18,0
432,83.33,591.00,0
443,90.91,611.92,0
454,90.91,601.58,0
466,90.91,609.08,0
478,76.92,609.50,0
489,90.91,577.46,0
500,90.91,576.90,0
512,83.33,605.59,0
523,90.91,606.40,0
534,90.91,607.69,0
546,83.33,612.84,0
558,83.33,582.68,0
569,90.91,565.69,0
580,90.91,597.03,0
591,90.91,617.09,0
603,83.33,609.24,0
615,83.33,613.03,0
626,90.91,592.00,0
637,90.91,564.38,0
649,83.33,589.88,0
660,90.91,619.80,0
671,90.91,613.50,0
684,76.92,606.24,0
695,90.91,593.12,0
706,90.91,566.43,0
717,90.91,577.43,0
729,83.33,617.46,0
740,90.91,620.31,0
752,83.33,604.80,0
763,90.91,600.10,0
775,83.33,578.64,0
786,90.91,576.46,0
797,90.91,609.37,0
808,90.91,618.46,0
821,76.92,600.42,0
832,90.91,600.37,0
843,90.91,591.42,0
855,83.33,579.65,0
866,90.91,599.81,0
877,90.91,616.53,0
889,83.33,601.31,0
901,83.33,598.88,0
912,90.91,599.33,0
923,90.91,581.92,0
934,90.91,585.77,0
946,83.33,607.98,0
958,83.33,602.23,0
969,90.91,598.37,0
980,90.91,611.18,0
992,83.33,593.31,0
1003,90.91,575.51,0
1014,90.91,600.94,0
1027,76.92,610.21,0
1038,90.91,602.24,0
1049,90.91,612.52,0
1060,90.91,602.76,0
1072,83.33,572.27,0
1083,90.91,587.54,0
1095,83.33,611.66,0
1106,90.91,606.04,0
1118,83.33,607.87,0
1129,90.91,604.85,0
1140,90.91,575.00,0
1152,83.33,575.93,0
1164,83.33,607.48,0
1175,90.91,616.21,0
1186,90.91,611.38,0
1198,83.33,609.09,0
1209,90.91,580.52,0
1220,90.91,570.04,0
1232,83.33,606.10,0
1244,83.33,621.79,0
1255,90.91,606.37,0
1266,90.91,605.55,0
1277,90.91,588.96,0
1289,83.33,568.06,0
1301,83.33,595.71,0
1312,90.91,620.18,0
1324,83.33,607.05,0
1335,90.91,604.28,0
1346,90.91,594.80,0
1357,90.91,573.20,0
1370,76.92,586.29,0
1381,90.91,617.80,0
1392,90.91,609.84,0
1403,90.91,600.38,0
1415,83.33,603.88,0
1426,90.91,584.46,0
1438,83.33,576.43,0
1449,90.91,608.70,0
1461,83.33,612.00,0
1472,90.91,596.24,0
1483,90.91,603.96,0
1495,83.33,594.48,0
1507,83.33,572.65,0
1518,90.91,593.48,0
1529,90.91,615.32,0
1541,83.33,603.07,0
1552,90.91,605.04,0
1563,90.91,604.72,0
1575,83.33,575.83,0
1587,83.33,577.19,0
1598,90.91,607.27,0
1609,90.91,611.62,0
1620,90.91,606.49,0
1632,83.33,611.10,0
1644,83.33,586.22,0
1655,90.91,571.08,0
1667,83.33,600.71,0
1678,90.91,616.83,0
1689,90.91,608.68,0
1700,90.91,609.69,0
1713,83.33,590.66,0
1724,90.91,566.88,0
1735,90.91,591.33,0
1746,90.91,618.29,0
1758,83.33,608.77,0
1769,90.91,604.83,0
1781,90.91,593.68,0
1793,76.92,570.06,0
1804,90.91,584.63,0
1815,90.91,620.04,0
1826,90.91,616.78,0
1838,83.33,603.74,0
1850,90.91,601.92,0
1861,83.33,578.52,0
1872,90.91,575.89,0
1884,83.33,610.17,0
1895,90.91,616.15,0
1906,90.91,596.97,0
1918,90.91,599.42,0
1930,76.92,592.31,0
1941,90.91,577.39,0
1952,90.91,598.81,0
1964,83.33,615.11,0
1975,90.91,600.05,0
1986,90.91,599.76,0
1998,83.33,601.54,0
2010,83.33,579.86,0
2021,90.91,588.15,0
2032,90.91,614.98,0
2043,90.91,605.78,0
2055,83.33,597.89,0
2067,83.33,608.91,0
2078,90.91,593.37,0
2089,90.91,579.05,0
2101,83.33,602.25,0
2112,90.91,611.96,0
2123,90.91,597.68,0
2136,76.92,610.40,0
2147,90.91,598.40,0
2158,90.91,571.68,0
2169,90.91,587.76,0
2181,83.33,609.47,0
2192,90.91,606.59,0
2204,83.33,612.54,0
2215,90.91,604.41,0
2227,83.33,573.46,0
2238,90.91,576.86,0
2249,90.91,609.01,0
2260,90.91,613.13,0
2273,76.92,607.30,0
2284,90.91,606.15,0
2295,90.91,579.39,0
2307,83.33,572.39,0
2318,90.91,603.11,0
2329,90.91,616.19,0
2341,83.33,606.32,0
2353,83.33,606.03,0
2364,90.91,586.02,0
2375,90.91,568.41,0
2386,90.91,596.87,0
2398,83.33,622.05,0
2410,83.33,606.81,0
2421,90.91,605.01,0
2433,83.33,598.00,0
2444,90.91,573.68,0
2455,90.91,583.72,0
2466,90.91,613.61,0
2479,76.92,608.59,0
2490,90.91,601.96,0
2501,90.91,605.08,0
2512,90.91,584.09,0
2524,83.33,576.68,0
2535,90.91,605.92,0
2547,83.33,609.27,0
2558,90.91,595.13,0
2570,83.33,605.65,0
2581,90.91,594.58,0
2592,90.91,573.46,0
2604,83.33,592.98,0
2616,83.33,609.34,0
2627,90.91,601.60,0
2638,90.91,604.81,0
2650,83.33,603.42,0
2661,90.91,576.66,0
2672,90.91,579.64,0
2684,83.33,607.54,0
2696,83.33,608.95,0
2707,90.91,608.13,0
2718,90.91,611.38,0
2729,90.91,579.71,0
2741,83.33,569.38,0
2753,83.33,601.17,0
2764,90.91,615.38,0
2776,83.33,605.56,0
2787,90.91,610.17,0
2798,90.91,592.27,0
2809,90.91,566.58,0
2822,76.92,590.94,0
2833,90.91,617.13,0
2844,90.91,609.53,0
2855,90.91,609.82,0
2867,83.33,601.30,0
2878,90.91,571.60,0
2890,83.33,583.01,0
2902,83.33,621.04,0
2913,90.91,615.49,0
2924,90.91,601.33,0
2935,90.91,601.38,0
2947,83.33,576.86,0
2959,83.33,571.29,0
2970,90.91,608.90,0
2981,90.91,617.97,0
2993,83.33,599.15,0
3004,90.91,600.05,0
3015,90.91,588.43,0
3027,90.91,570.04,0
3039,76.92,596.57,0
3050,90.91,618.60,0
3061,90.91,601.02,0
3073,83.33,600.57,0
3084,90.91,602.81,0
3096,90.91,577.57,0
3107,83.33,587.89,0
3119,83.33,617.43,0
3130,90.91,606.67,0
3141,90.91,596.82,0
3152,90.91,604.54,0
3165,83.33,584.89,0
3176,83.33,576.83,0
3187,90.91,608.27,0
3198,90.91,612.67,0
3210,83.33,599.19,0
3221,90.91,604.91,0
3233,90.91,592.63,0
3245,76.92,573.54,0
3256,90.91,598.07,0
3267,90.91,614.89,0
3278,90.91,600.41,0
3290,83.33,604.49,0
3302,90.91,606.77,0
3313,83.33,579.59,0
3324,90.91,584.56,0
3336,83.33,612.51,0
3347,90.91,607.48,0
3358,90.91,603.74,0
3369,90.91,606.32,0
3382,76.92,580.06,0
3393,90.91,572.46,0
3404,90.91,603.46,0
3416,83.33,613.11,0
3427,90.91,601.94,0
3438,90.91,605.03,0
3450,83.33,593.76,0
3462,83.33,572.18,0
3473,90.91,594.55,0
3484,90.91,615.66,0
3495,90.91,606.83,0
3507,83.33,609.87,0
3519,83.33,603.40,0
3530,90.91,575.68,0
3542,83.33,586.39,0
3553,90.91,612.24,0
3564,90.91,607.34,0
3575,90.91,605.19,0
3588,76.92,609.44,0
3599,90.91,578.58,0
3610,90.91,570.22,0
3621,90.91,605.38,0
3633,83.33,616.39,0
3644,90.91,603.14,0
3656,83.33,606.45,0
3667,90.91,593.70,0
3679,83.33,572.64,0
3690,90.91,595.70,0
3701,90.91,618.20,0
3713,83.33,606.54,0
3725,83.33,604.95,0
3736,90.91,600.78,0
3747,90.91,576.41,0
3759,83.33,585.38,0
3770,90.91,612.97,0
3781,90.91,607.98,0
3793,83.33,600.46,0
3805,83.33,604.82,0
3816,90.91,580.60,0
3827,90.91,577.19,0
3838,90.91,607.49,0
3850,83.33,612.92,0
3862,83.33,603.81,0
3873,90.91,608.01,0
3885,83.33,588.46,0
3896,90.91,571.31,0
3907,90.91,595.16,0
3918,90.91,615.12,0
3931,76.92,605.92,0
3942,90.91,607.21,0
3953,90.91,599.50,0
3964,90.91,574.99,0
3976,83.33,583.61,0
3987,90.91,610.77,0
3999,83.33,609.01,0
4011,83.33,603.74,0
4022,90.91,604.74,0
4033,90.91,581.81,0
4044,90.91,577.38,0
4056,83.33,605.32,0
4068,83.33,613.38,0
4079,90.91,604.96,0
4090,90.91,608.50,0
4102,83.33,593.04,0
4113,90.91,572.69,0
4124,90.91,596.20,0
4136,83.33,614.71,0
4148,83.33,609.51,0
4159,90.91,612.46,0
4170,90.91,597.66,0
4182,83.33,567.73,0
4193,90.91,580.93,0
4205,83.33,613.02,0
4216,90.91,613.23,0
4228,83.33,605.26,0
4239,90.91,599.29,0
4250,90.91,573.22,0
4261,90.91,574.20,0
4274,76.92,610.17,0
4285,90.91,619.83,0
4296,90.91,606.88,0
4307,90.91,604.28,0
4319,83.33,582.73,0
4330,90.91,568.59,0
4342,83.33,601.67,0
4354,83.33,621.42,0
4365,90.91,606.06,0
4376,90.91,603.52,0
4387,90.91,590.23,0
4399,83.33,567.45,0
4411,90.91,592.76,0
4422,83.33,621.85,0
4433,90.91,606.72,0
4445,83.33,598.07,0
4456,90.91,599.86,0
4467,90.91,578.32,0
4480,90.91,582.08,0
4491,76.92,615.23,0
4502,90.91,611.28,0
4513,90.91,597.18,0
4525,83.33,607.12,0
4536,90.91,595.01,0
4548,90.91,580.29,0
4559,83.33,604.45,0
4571,83.33,613.72,0
4582,90.91,596.20,0
4593,90.91,602.71,0
4604,90.91,601.61,0
4617,83.33,576.89,0
4628,83.33,586.66,0
4639,90.91,607.87,0
4651,83.33,598.77,0
4662,90.91,601.07,0
4673,90.91,610.45,0
4684,90.91,585.17,0
4697,76.92,574.88,0
4708,90.91,607.09,0
4719,90.91,612.05,0
4730,90.91,606.10,0
4742,83.33,614.72,0
4753,90.91,590.32,0
4765,83.33,566.62,0
4776,90.91,595.72,0
4788,83.33,616.89,0
4799,90.91,605.25,0
4810,90.91,608.10,0
4822,83.33,594.86,0
4834,83.33,568.25,0
4845,90.91,584.08,0
4856,90.91,616.73,0
4868,83.33,610.05,0
4879,90.91,605.58,0
4890,90.91,604.94,0
4902,83.33,576.81,0
4914,83.33,575.37,0
4925,90.91,612.36,0
4936,90.91,615.91,0
4947,90.91,602.35,0
4959,83.33,606.14,0
4971,83.33,588.40,0
4982,90.91,571.35,0
4994,83.33,602.47,0
5005,90.91,616.44,0
5016,90.91,601.27,0
5027,90.91,603.70,0
5040,76.92,599.56,0
5051,90.91,574.75,0
5062,90.91,591.71,0
5073,90.91,616.64,0
5085,83.33,604.78,0
5096,90.91,603.42,0
5108,83.33,607.43,0
5120,83.33,582.72,0
5131,90.91,579.22,0
5142,90.91,607.91,0
5153,90.91,610.67,0
5165,83.33,603.07,0
5177,83.33,607.92,0
5188,90.91,589.33,0
5199,90.91,571.12,0
5211,83.33,596.28,0
5222,90.91,613.33,0
5233,90.91,601.66,0
5245,83.33,608.41,0
5257,83.33,599.47,0
5268,90.91,570.70,0
5279,90.91,585.96,0
5291,83.33,617.18,0
5302,90.91,613.25,0
5314,83.33,606.85,0
5325,90.91,605.48,0
5337,83.33,578.99,0
5348,90.91,578.28,0
5359,90.91,613.66,0
5370,90.91,616.43,0
5383,76.92,605.15,0
5394,90.91,607.73,0
5405,90.91,587.61,0
5416,90.91,570.66,0
5428,83.33,598.42,0
5439,90.91,617.35,0
5451,83.33,604.10,0
5463,83.33,603.25,0
5474,90.91,593.87,0
5485,90.91,571.63,0
5496,90.91,590.36,0
5508,83.33,619.41,0
5520,83.33,609.10,0
5531,90.91,606.13,0
5542,90.91,604.45,0
5554,83.33,577.94,0
5565,90.91,578.64,0
5576,90.91,610.32,0
5588,83.33,610.94,0
5600,83.33,602.45,0
5611,90.91,605.46,0
5622,90.91,588.56,0
5634,83.33,572.56,0
5645,90.91,601.95,0
5657,90.91,614.90,0
5668,90.91,602.63,0
5680,83.33,608.17,0
5691,90.91,596.87,0
5702,90.91,570.13,0
5713,90.91,588.58,0
5726,83.33,618.47,0
5737,83.33,608.77,0
5748,90.91,602.73,0
5760,83.33,600.93,0
5771,90.91,578.80,0
5782,90.91,580.97,0
5794,90.91,612.37,0
5806,76.92,610.64,0
5817,90.91,603.26,0
5828,90.91,606.52,0
5839,90.91,584.47,0
5851,83.33,570.56,0
5863,90.91,600.81,0
5874,83.33,616.10,0
5885,90.91,601.17,0
5897,83.33,603.01,0
5908,90.91,596.49,0
5919,90.91,575.81,0
5932,83.33,593.76,0
5943,83.33,614.17,0
5954,90.91,607.39,0
5965,90.91,609.24,0
5977,83.33,605.33,0
5988,90.91,579.09,0
6000,90.91,580.01,0
6011,83.33,609.28,0
6023,83.33,612.42,0
6034,90.91,603.75,0
6045,90.91,606.56,0
6056,90.91,584.37,0
6069,83.33,570.47,0
6080,83.33,598.83,0
6091,90.91,615.55,0
6103,83.33,608.24,0
6114,90.91,612.81,0
6125,90.91,597.08,0
6137,90.91,574.31,0
6149,76.92,590.30,0
6160,90.91,616.16,0
6171,90.91,610.83,0
6182,90.91,608.46,0
6194,83.33,600.14,0
6205,90.91,573.71,0
6217,83.33,578.39,0
6228,90.91,610.64,0
6240,83.33,613.44,0
6251,90.91,605.43,0
6262,90.91,599.86,0
6274,83.33,577.63,0
6286,83.33,572.26,0
6297,90.91,604.47,0
6308,90.91,617.83,0
6320,83.33,606.13,0
6331,90.91,605.39,0
6342,90.91,590.13,0
6354,83.33,575.56,0
6366,83.33,599.77,0
6377,90.91,618.13,0
6388,90.91,608.12,0
6400,83.33,602.55,0
6411,90.91,596.37,0
6423,83.33,577.96,0
6434,90.91,590.55,0
6446,83.33,615.70,0
6457,90.91,606.71,0
6468,90.91,597.14,0
6479,90.91,603.09,0
6492,76.92,587.06,0
6503,90.91,582.09,0
6514,90.91,606.17,0
6525,90.91,607.35,0
6537,83.33,599.10,0
6548,90.91,609.00,0
6560,83.33,597.47,0
6572,83.33,578.22,0
6583,90.91,592.93,0
6594,90.91,607.60,0
6605,90.91,603.28,0
6617,83.33,610.34,0
6629,83.33,607.23,0
6640,90.91,575.64,0
6651,90.91,579.75,0
6663,83.33,605.63,0
6674,90.91,606.65,0
6685,90.91,611.38,0
6697,83.33,613.46,0
6709,83.33,582.65,0
6720,90.91,568.96,0
6731,90.91,601.96,0
6743,83.33,615.86,0
6754,90.91,608.99,0
6766,83.33,611.08,0
6777,90.91,589.09,0
6789,83.33,566.00,0
6800,90.91,594.12,0
6811,90.91,618.61,0
6822,90.91,610.76,0
6835,76.92,605.14,0
6846,90.91,595.47,0
6857,90.91,566.47,0
6868,90.91,580.02,0
6880,83.33,621.73,0
6891,90.91,615.51,0
6903,83.33,600.17,0
6915,83.33,600.07,0
6926,90.91,581.01,0
6937,90.91,578.01,0
6948,90.91,615.71,0
6960,83.33,620.90,0
6972,83.33,598.74,0
6983,90.91,599.24,0
6994,90.91,593.59,0
7006,83.33,578.75,0
7017,90.91,600.62,0
7028,90.91,614.09,0
7041,76.92,594.70,0
7052,90.91,599.08,0
7063,90.91,605.37,0
7074,90.91,584.00,0
7086,83.33,584.48,0
7097,90.91,607.81,0
7109,83.33,600.15,0
7120,90.91,600.55,0
7132,83.33,613.15,0
7143,90.91,590.04,0
7154,90.91,574.38,0
7165,90.91,601.59,0
7178,76.92,614.33,0
7189,90.91,602.55,0
7200,90.91,611.24,0
7212,83.33,597.68,0
7223,90.91,570.26,0
7234,90.91,587.08,0
7246,83.33,615.47,0
7258,83.33,607.47,0
7269,90.91,607.53,0
7280,90.91,601.56,0
7291,90.91,571.17,0
7303,83.33,576.88,0
7315,83.33,613.81,0
7326,90.91,616.53,0
7337,90.91,603.53,0
7349,83.33,602.28,0
7360,90.91,580.41,0
7371,90.91,572.94,0
7384,76.92,606.26,0
7395,90.91,616.88,0
7406,90.91,601.43,0
7417,90.91,602.82,0
7429,83.33,586.63,0
7440,90.91,570.55,0
7452,83.33,598.06,0
7463,90.91,616.82,0
7475,83.33,604.05,0
7486,90.91,600.22,0
7497,90.91,596.40,0
7508,90.91,576.71,0
7521,83.33,588.71,0
7532,90.91,612.16,0
7543,90.91,605.05,0
7555,83.33,603.02,0
7566,90.91,608.09,0
7577,90.91,585.23,0
7589,90.91,573.23,0
7601,76.92,601.79,0
7612,90.91,611.04,0
7623,90.91,601.91,0
7634,90.91,609.91,0
7646,83.33,594.90,0
7658,90.91,569.04,0
7669,83.33,591.82,0
7681,83.33,616.10,0
7692,90.91,606.31,0
7703,90.91,606.06,0
7714,90.91,602.08,0
7727,83.33,575.08,0
7738,83.33,580.01,0
7749,90.91,613.01,0
7760,90.91,612.56,0
7772,83.33,604.57,0
7783,90.91,601.87,0
7794,90.91,582.69,0
7806,83.33,577.21,0
7818,83.33,607.98,0
7829,90.91,616.19,0
7840,90.91,603.60,0
7852,83.33,604.39,0
7863,90.91,591.17,0
7875,83.33,574.63,0
7886,90.91,594.16,0
7898,83.33,612.50,0
7909,90.91,603.28,0
7920,90.91,602.73,0
7931,90.91,597.91,0
7944,76.92,576.17,0
7955,90.91,586.09,0
7966,90.91,612.99,0
7977,90.91,609.58,0
7989,83.33,605.78,0
8000,90.91,605.71,0
8012,83.33,583.06,0
8024,83.33,577.85,0
8035,90.91,605.42,0
8046,90.91,612.50,0
8057,90.91,604.14,0
8069,83.33,612.22,0
8081,83.33,594.66,0
8092,90.91,570.59,0
8103,90.91,591.77,0
8115,83.33,615.49,0
8126,90.91,607.40,0
8137,90.91,608.81,0
8150,76.92,604.53,0
8161,90.91,572.37,0
8172,90.91,579.76,0
8183,90.91,612.79,0
8195,83.33,613.26,0
8206,90.91,609.29,0
8218,83.33,604.49,0
8229,90.91,574.33,0
8241,83.33,571.73,0
8252,90.91,606.96,0
8263,90.91,614.32,0
8274,90.91,605.74,0
8287,76.92,608.40,0
8298,90.91,585.87,0
8309,90.91,571.56,0
8321,83.33,598.22,0
8332,90.91,618.45,0
8343,90.91,607.68,0
8355,83.33,604.53,0
8367,83.33,595.93,0
8378,90.91,572.21,0
8389,90.91,589.85,0
8400,90.91,618.14,0
8412,83.33,605.54,0
8424,83.33,597.74,0
8435,90.91,601.68,0
8446,90.91,580.81,0
8458,83.33,577.95,0
8469,90.91,609.22,0
8480,90.91,609.76,0
8493,76.92,597.44,0
8504,90.91,606.08,0
8515,90.91,591.92,0
8526,90.91,576.45,0
8538,83.33,599.89,0
8549,90.91,613.78,0
8561,83.33,596.78,0
8572,90.91,603.34,0
8584,83.33,602.60,0
8595,90.91,576.71,0
8606,90.91,587.45,0
8617,90.91,613.94,0
8630,76.92,606.23,0
8641,90.91,604.64,0
8652,90.91,609.11,0
8664,83.33,581.98,0
8675,90.91,577.00,0
8686,90.91,605.68,0
8698,83.33,606.30,0
8710,83.33,599.34,0
8721,90.91,613.28,0
8732,90.91,596.05,0
8743,90.91,574.26,0
8755,83.33,598.71,0
8767,90.91,614.49,0
8778,83.33,604.01,0
8790,83.33,610.79,0
8801,90.91,600.69,0
8812,90.91,567.07,0
8823,90.91,581.56,0
8836,83.33,613.86,0
8847,83.33,606.75,0
8858,90.91,604.24,0
8869,90.91,606.67,0
8881,83.33,579.12,0
8892,90.91,574.76,0
8904,90.91,611.41,0
8915,83.33,612.70,0
8927,83.33,601.59,0
8938,90.91,608.21,0
8949,90.91,589.53,0
8961,83.33,572.02,0
8973,90.91,601.27,0
8984,83.33,619.37,0
8995,90.91,599.49,0
9007,83.33,601.71,0
9018,90.91,601.27,0
9029,90.91,573.86,0
9040,90.91,586.08,0
9053,76.92,610.58,0
9064,90.91,600.26,0
9075,90.91,599.84,0
9086,90.91,610.89,0
9098,83.33,587.11,0
9109,90.91,573.00,0
9121,83.33,604.16,0
9133,83.33,612.46,0
9144,90.91,603.46,0
9155,90.91,613.38,0
9166,90.91,595.74,0
9178,83.33,569.75,0
9190,83.33,594.62,0
9201,90.91,618.39,0
9212,90.91,605.62,0
9224,83.33,609.16,0
9235,90.91,604.14,0
9246,90.91,570.98,0
9259,76.92,581.25,0
9270,90.91,617.06,0
9281,90.91,612.30,0
9292,90.91,602.51,0
9304,83.33,604.16,0
9315,90.91,579.94,0
9327,83.33,573.78,0
9338,90.91,611.96,0
9350,83.33,621.49,0
9361,90.91,604.89,0
9372,90.91,605.21,0
9383,90.91,585.62,0
9396,76.92,571.46,0
9407,90.91,602.08,0
9418,90.91,622.13,0
9430,83.33,603.18,0
9441,90.91,598.83,0
9452,90.91,592.01,0
9464,83.33,572.78,0
9476,83.33,588.86,0
9487,90.91,615.64,0
9498,90.91,602.71,0
9509,90.91,599.98,0
9521,83.33,605.65,0
9533,83.33,584.31,0
9544,90.91,580.20,0
9555,90.91,608.56,0
9567,83.33,609.95,0
9578,90.91,600.57,0
9589,90.91,609.40,0
9602,76.92,595.00,0
9613,90.91,571.29,0
9624,90.91,594.03,0
9635,90.91,612.33,0
9647,83.33,604.27,0
9658,90.91,605.75,0
9670,83.33,600.51,0
9681,90.91,571.69,0
9693,83.33,578.95,0
9704,90.91,609.99,0
9715,90.91,608.89,0
9726,90.91,606.81,0
9739,76.92,608.81,0
9750,90.91,582.22,0
9761,90.91,576.61,0
9773,83.33,611.58,0
9784,90.91,616.42,0
9795,90.91,605.65,0
9807,83.33,609.50,0
9819,83.33,590.05,0
9830,90.91,570.17,0
9841,90.91,596.73,0
9852,90.91,615.38,0
9864,83.33,604.17,0
9876,83.33,607.64,0
9887,90.91,598.69,0
9899,83.33,572.42,0
9910,90.91,589.32,0
9921,90.91,616.43,0
9932,90.91,605.45,0
9945,83.33,599.40,0
9956,83.33,603.69,0
9967,90.91,581.80,0
9978,90.91,580.09,0
9990,83.33,611.84,0
10001,90.91,612.56,0
10013,90.91,601.56,0
10024,83.33,608.48,0
10036,83.33,588.93,0
10047,90.91,569.22,0
10058,90.91,594.10,0
10070,83.33,614.35,0
10082,90.91,605.56,0
10093,83.33,608.75,0
10104,90.91,602.23,0
10116,83.33,573.19,0
10127,90.91,583.20,0
10138,90.91,611.66,0
10150,90.91,606.65,0
10162,76.92,607.06,0
10173,90.91,608.98,0
10184,90.91,581.43,0
10195,90.91,577.12,0
10207,83.33,606.46,0
10219,90.91,611.95,0
10230,83.33,604.90,0
10242,83.33,609.12,0
10253,90.91,588.17,0
10264,90.91,567.49,0
10275,90.91,597.23,0
10287,83.33,616.81,0
10299,83.33,609.51,0
10310,90.91,613.04,0
10321,90.91,601.63,0
10333,83.33,573.08,0
10344,90.91,585.86,0
10355,90.91,614.46,0
10368,76.92,611.02,0
10379,90.91,607.46,0
10390,90.91,605.72,0
10401,90.91,577.39,0
10413,83.33,573.19,0
10424,90.91,608.93,0
10436,83.33,615.10,0
10447,90.91,608.35,0
10459,83.33,613.13,0
10470,90.91,584.50,0
10481,90.91,565.87,0
10492,90.91,602.65,0
10505,76.92,620.21,0
10516,90.91,604.60,0
10527,90.91,605.43,0
10539,83.33,597.12,0
10550,90.91,573.80,0
10561,90.91,590.82,0
10573,83.33,620.23,0
10585,83.33,612.77,0
10596,90.91,604.08,0
10607,90.91,606.83,0
10618,90.91,583.50,0
10630,83.33,581.18,0
10642,83.33,613.94,0
10653,90.91,612.40,0
10664,90.91,598.18,0
10676,83.33,606.51,0
10687,90.91,590.18,0
10698,90.91,573.97,0
10711,76.92,600.33,0
10722,90.91,614.51,0
10733,90.91,601.28,0
10744,90.91,608.32,0
10756,83.33,600.78,0
10767,90.91,572.93,0
10779,83.33,586.37,0
10790,90.91,614.49,0
10802,83.33,607.39,0
10813,90.91,606.61,0
10824,90.91,611.95,0
10835,90.91,582.27,0
10848,76.92,572.01,0
10859,90.91,603.30,0
10870,90.91,612.97,0
10882,83.33,606.06,0
10893,90.91,612.97,0
10904,90.91,591.57,0
10916,83.33,567.79,0
10928,83.33,594.71,0
10939,90.91,620.04,0
10950,90.91,609.04,0
10961,90.91,610.27,0
10973,83.33,597.97,0
10985,83.33,571.80,0
10996,90.91,587.60,0
11008,83.33,613.73,0
11019,90.91,606.64,0
11030,90.91,603.95,0
11041,90.91,602.01,0
11054,76.92,574.14,0
11065,90.91,575.64,0
11076,90.91,610.86,0
11087,90.91,616.94,0
11099,83.33,603.53,0
11110,90.91,603.91,0
11122,83.33,582.86,0
11133,90.91,571.82,0
11145,83.33,599.75,0
11156,90.91,616.33,0
11167,90.91,602.72,0
11179,83.33,604.58,0
11191,83.33,596.23,0
11202,90.91,573.36,0
11213,90.91,591.98,0
11225,83.33,615.97,0
11236,90.91,605.72,0
11247,90.91,601.71,0
11259,83.33,600.68,0
11271,83.33,577.77,0
11282,90.91,583.61,0
11293,90.91,612.02,0
11304,90.91,609.00,0
11316,83.33,600.55,0
11328,83.33,605.80,0
11339,90.91,589.47,0
11351,83.33,579.07,0
11362,90.91,604.00,0
11373,90.91,615.50,0
11384,90.91,602.91,0
11397,76.92,605.37,0
11408,90.91,594.85,0
11419,90.91,578.06,0
11430,90.91,592.90,0
11442,83.33,610.82,0
11453,90.91,606.25,0
11465,83.33,609.11,0
11476,90.91,606.89,0
11488,83.33,578.97,0
11499,90.91,578.00,0
11510,90.91,604.42,0
11522,83.33,603.98,0
11534,83.33,604.61,0
11545,90.91,612.80,0
11556,90.91,588.28,0
11568,83.33,570.84,0
11579,90.91,599.11,0
11590,90.91,613.30,0
11602,83.33,608.13,0
11614,83.33,614.09,0
11625,90.91,594.75,0
11636,90.91,564.01,0
11648,83.33,581.24,0
11659,90.91,613.04,0
11671,83.33,610.47,0
11682,90.91,609.23,0
11694,83.33,602.29,0
11705,90.91,569.77,0
11716,90.91,576.99,0
11727,90.91,616.28,0
11740,83.33,619.02,0
11751,90.91,603.71,0
11762,90.91,601.38,0
11773,90.91,577.29,0
11785,83.33,568.21,0
11796,90.91,609.11,0
11808,90.91,624.21,0
11820,76.92,605.40,0
11831,90.91,601.71,0
11842,90.91,591.76,0
11853,90.91,571.25,0
11865,83.33,596.99,0
11877,90.91,619.56,0
11888,83.33,600.77,0
11899,90.91,596.37,0
11911,83.33,600.51,0
11922,90.91,581.94,0
11933,90.91,588.24,0
11945,90.91,611.67,0
11957,76.92,603.66,0
11968,90.91,597.23,0
11979,90.91,608.46,0
11991,83.33,591.01,0
12002,90.91,576.97,0
12014,90.91,601.42,0
12025,83.33,610.35,0
12037,83.33,599.57,0
12048,90.91,611.08,0
12059,90.91,603.24,0
12070,90.91,574.30,0
12083,83.33,587.59,0
12094,83.33,613.18,0
12105,90.91,608.01,0
12116,90.91,611.74,0
12128,83.33,609.31,0
12139,90.91,577.75,0
12150,90.91,575.05,0
12163,76.92,609.48,0
12174,90.91,615.86,0
12185,90.91,608.23,0
12196,90.91,609.20,0
12208,83.33,580.01,0
12219,90.91,564.38,0
12231,83.33,601.58,0
12242,90.91,622.09,0
12254,83.33,609.53,0
12265,90.91,600.97,0
12276,90.91,585.66,0
12288,83.33,566.64,0
12300,83.33,591.79,0
12311,90.91,623.20,0
12322,90.91,610.16,0
12334,83.33,599.79,0
12345,90.91,593.92,0
12356,90.91,571.40,0
12368,83.33,584.66,0
12380,83.33,617.36,0
12391,90.91,611.09,0
12402,90.91,597.67,0
12413,90.91,601.73,0
12425,83.33,583.85,0
12437,83.33,577.97,0
12448,90.91,610.94,0
12460,83.33,615.40,0
12471,90.91,598.07,0
12482,90.91,601.79,0
12493,90.91,592.18,0
12506,76.92,574.68,0
12517,90.91,593.95,0
12528,90.91,616.78,0
12539,90.91,601.59,0
12551,83.33,602.68,0
12562,90.91,601.62,0
12574,83.33,575.82,0
12585,90.91,581.74,0
12597,83.33,608.62,0
12608,90.91,603.21,0
12619,90.91,601.74,0
12631,83.33,611.22,0
12643,83.33,589.08,0
12654,90.91,570.73,0
12665,90.91,596.98,0
12677,83.33,610.60,0
12688,90.91,603.78,0
12699,90.91,610.82,0
12711,83.33,592.93,0
12723,83.33,567.27,0
12734,90.91,589.03,0
12745,90.91,612.96,0
12756,90.91,610.09,0
12768,83.33,611.34,0
12780,83.33,603.08,0
12791,90.91,571.67,0
12803,83.33,580.07,0
12814,90.91,615.91,0
12825,90.91,612.76,0
12836,90.91,605.42,0
12849,76.92,604.05,0
12860,90.91,573.51,0
12871,90.91,570.01,0
12882,90.91,608.18,0
12894,83.33,615.80,0
12905,90.91,600.75,0
12917,83.33,601.55,0
12929,83.33,584.19,0
12940,90.91,570.12,0
12951,90.91,599.43,0
12962,90.91,621.92,0
12974,83.33,607.12,0
12986,83.33,604.77,0
12997,90.91,599.19,0
13008,90.91,577.07,0
13020,83.33,591.33,0
13031,90.91,619.13,0
13042,90.91,604.96,0
13054,83.33,595.34,0
13066,83.33,601.83,0
13077,90.91,587.20,0
13088,90.91,582.46,0
13100,83.33,607.02,0
13111,90.91,606.45,0
13123,83.33,593.99,0
13134,90.91,606.16,0
13146,83.33,598.81,0
13157,90.91,574.82,0
13168,90.91,593.02,0
13179,90.91,610.50,0
13192,76.92,600.08,0
13203,90.91,609.35,0
13214,90.91,605.75,0
13225,90.91,577.70,0
13237,83.33,580.98,0
13248,90.91,606.36,0
13260,83.33,608.01,0
13272,83.33,610.34,0
13283,90.91,610.48,0
13294,90.91,578.07,0
13305,90.91,565.05,0
13317,83.33,601.20,0
13329,83.33,617.31,0
13340,90.91,613.25,0
13351,90.91,611.01,0
13363,83.33,584.32,0
13374,90.91,566.27,0
13385,90.91,598.04,0
13398,76.92,622.60,0
13409,90.91,610.41,0
13420,90.91,607.96,0
13431,90.91,594.71,0
13443,83.33,569.59,0
13454,90.91,586.52,0
13466,83.33,619.77,0
13477,90.91,611.79,0
13489,83.33,598.40,0
13500,90.91,597.96,0
13511,90.91,580.66,0
13522,90.91,583.73,0
13535,83.33,613.28,0
13546,83.33,613.61,0
13557,90.91,596.56,0
13569,83.33,602.08,0
13580,90.91,595.33,0
13591,90.91,583.42,0
13603,90.91,602.88,0
13615,76.92,611.82,0
13626,90.91,595.31,0
13637,90.91,602.14,0
13648,90.91,601.75,0
13660,83.33,578.82,0
13672,90.91,589.07,0
13683,83.33,609.51,0
13694,90.91,601.07,0
13706,83.33,606.01,0
13717,90.91,609.75,0
13728,90.91,579.94,0
13741,83.33,571.84,0
13752,83.33,599.88,0
13763,90.91,608.63,0
13774,90.91,608.18,0
13786,83.33,618.06,0
13797,90.91,591.88,0
13809,90.91,567.29,0
13820,83.33,593.59,0
13832,83.33,610.59,0
13843,90.91,604.73,0
13854,90.91,610.25,0
13865,90.91,596.90,0
13878,83.33,565.09,0
13889,83.33,581.55,0
13900,90.91,616.10,0
13912,83.33,613.19,0
13923,90.91,603.98,0
13934,90.91,600.45,0
13946,90.91,573.94,0
13958,76.92,578.85,0
13969,90.91,618.92,0
13980,90.91,620.93,0
13991,90.91,605.03,0
14003,83.33,603.21,0
14015,90.91,584.54,0
14026,83.33,571.59,0
14038,83.33,605.28,0
14049,90.91,620.45,0
14060,90.91,598.38,0
14071,90.91,596.90,0
14083,83.33,594.03,0
14095,83.33,577.77,0
14106,90.91,594.97,0
14117,90.91,618.15,0
14129,83.33,604.93,0
14140,90.91,600.75,0
14151,90.91,604.66,0
14163,83.33,585.35,0
14175,83.33,583.23,0
14186,90.91,610.35,0
14197,90.91,608.67,0
14209,83.33,600.12,0
14220,90.91,610.67,0
14232,83.33,593.98,0
14243,90.91,574.31,0
14255,83.33,598.82,0
14266,90.91,615.25,0
14277,90.91,598.28,0
14288,90.91,604.24,0
14301,76.92,600.39,0
14312,90.91,573.89,0
14323,90.91,583.56,0
14334,90.91,612.51,0
14346,83.33,607.02,0
14357,90.91,607.23,0
14369,83.33,610.11,0
14381,83.33,580.79,0
14392,90.91,574.05,0
14403,90.91,605.92,0
14414,90.91,615.78,0
14426,83.33,606.12,0
14438,83.33,608.54,0
14449,90.91,584.86,0
14460,90.91,567.31,0
14472,83.33,599.30,0
14483,90.91,618.66,0
14494,90.91,609.82,0
14507,76.92,607.95,0
14518,90.91,591.23,0
14529,90.91,571.76,0
14540,90.91,592.96,0
14552,83.33,620.58,0
14563,90.91,611.38,0
14575,83.33,601.75,0
14586,90.91,600.73,0
14598,83.33,579.11,0
14609,90.91,585.04,0
14620,90.91,615.90,0
14631,90.91,612.38,0
14644,76.92,599.35,0
14655,90.91,602.50,0
14666,90.91,583.41,0
14678,83.33,573.68,0
14689,90.91,604.12,0
14700,90.91,614.28,0
14712,83.33,595.36,0
14724,83.33,601.06,0
14735,90.91,596.94,0
14746,90.91,577.47,0
14757,90.91,591.39,0
14769,83.33,612.14,0
14781,83.33,601.95,0
14792,90.91,603.61,0
14803,90.91,611.07,0
14815,83.33,584.55,0
14826,90.91,578.46,0
14837,90.91,605.06,0
14850,76.92,605.58,0
14861,90.91,604.67,0
14872,90.91,612.52,0
14883,90.91,589.77,0
14895,83.33,569.28,0
14906,90.91,595.30,0
14918,83.33,614.75,0
14929,90.91,607.58,0
14941,83.33,613.58,0
14952,90.91,598.78,0
14963,90.91,567.08,0
14974,90.91,584.49,0
14987,83.33,617.15,0
14998,90.91,613.57,0
15009,90.91,610.57,0
15021,83.33,606.51,0
15032,90.91,573.48,0
15043,90.91,572.29,0
15055,90.91,614.38,0
15067,76.92,619.03,0
15078,90.91,603.59,0
15089,90.91,603.16,0
15100,90.91,579.82,0
15112,83.33,566.97,0
15124,90.91,605.27,0
15135,83.33,624.18,0
15147,83.33,601.57,0
15158,90.91,597.30,0
15169,90.91,588.30,0
15180,90.91,572.59,0
15193,83.33,594.47,0
15204,83.33,623.79,0
15215,90.91,605.57,0
15226,90.91,596.58,0
15238,83.33,600.58,0
15249,90.91,582.49,0
15261,90.91,584.24,0
15272,83.33,611.41,0
15284,83.33,612.25,0
15295,90.91,598.22,0
15306,90.91,604.76,0
15318,83.33,590.70,0
15330,90.91,578.15,0
15341,83.33,599.44,0
15352,90.91,613.83,0
15364,83.33,604.18,0
15375,90.91,607.91,0
15386,90.91,599.00,0
15397,90.91,573.24,0
15410,76.92,585.74,0
15421,90.91,611.55,0
15432,90.91,608.49,0
15443,90.91,611.37,0
15455,83.33,606.86,0
15466,90.91,578.04,0
15478,83.33,574.68,0
15490,83.33,606.86,0
15501,90.91,611.28,0
15512,90.91,603.39,0
15523,90.91,607.22,0
15535,83.33,582.40,0
15547,83.33,567.54,0
15558,90.91,599.80,0
15569,90.91,616.30,0
15581,83.33,606.39,0
15592,90.91,604.36,0
15603,90.91,588.70,0
15616,76.92,571.34,0
15627,90.91,592.14,0
15638,90.91,620.06,0
15649,90.91,611.63,0
15661,83.33,601.91,0
15672,90.91,595.71,0
15684,83.33,574.78,0
15695,90.91,586.78,0
15707,83.33,617.67,0
15718,90.91,612.37,0
15729,90.91,598.74,0
15740,90.91,599.44,0
15753,76.92,583.03,0
15764,90.91,578.63,0
15775,90.91,605.10,0
15787,83.33,612.29,0
15798,90.91,599.46,0
15809,90.91,607.65,0
15821,83.33,596.91,0
15833,83.33,576.03,0
15844,90.91,595.49,0
15855,90.91,613.87,0
15866,90.91,602.46,0
15878,83.33,607.17,0
15890,83.33,604.12,0
15901,90.91,577.49,0
15912,90.91,582.90,0
15924,83.33,613.48,0
15935,90.91,606.60,0
15946,90.91,603.08,0
15959,76.92,608.90,0
15970,90.91,581.42,0
15981,90.91,572.66,0
15992,90.91,605.07,0
16004,83.33,612.51,0
16015,90.91,603.08,0
16027,83.33,612.75,0
16038,90.91,597.63,0
16050,83.33,572.36,0
16061,90.91,593.13,0
16072,90.91,613.54,0
16083,90.91,602.56,0
16096,76.92,607.44,0
16107,90.91,605.29,0
16118,90.91,573.12,0
16130,83.33,579.45,0
16141,90.91,613.73,0
16152,90.91,609.44,0
16164,83.33,601.27,0
16176,83.33,605.53,0
16187,90.91,582.26,0
16198,90.91,570.74,0
16209,90.91,604.42,0
16221,83.33,616.95,0
16233,83.33,604.68,0
16244,90.91,607.77,0
16256,83.33,592.28,0
16267,90.91,569.31,0
16278,90.91,592.73,0
16289,90.91,619.59,0
16302,76.92,605.69,0
16313,90.91,605.44,0
16324,90.91,601.25,0
16335,90.91,573.69,0
16347,83.33,581.79,0
16358,90.91,611.52,0
16370,83.33,608.65,0
16381,90.91,600.55,0
16393,83.33,603.75,0
16404,90.91,581.82,0
16415,90.91,570.66,0
16427,83.33,604.19,0
16439,83.33,614.42,0
16450,90.91,602.75,0
16461,90.91,609.63,0
16473,83.33,597.86,0
16484,90.91,572.19,0
16495,90.91,590.77,0
16507,83.33,616.75,0
16519,83.33,604.76,0
16530,90.91,602.47,0
16541,90.91,601.35,0
16552,90.91,576.27,0
16564,83.33,579.46,0
16576,83.33,607.86,0
16587,90.91,609.76,0
16599,83.33,604.77,0
16610,90.91,606.65,0
16621,90.91,586.68,0
16632,90.91,575.91,0
16645,83.33,606.21,0
16656,83.33,618.19,0
16667,90.91,607.69,0
16678,90.91,606.65,0
16690,83.33,590.72,0
16701,90.91,573.01,0
16713,90.91,594.22,0
16724,83.33,617.11,0
16736,83.33,606.70,0
16747,90.91,602.28,0
16758,90.91,596.29,0
16770,83.33,573.94,0
16782,90.91,584.25,0
16793,83.33,613.26,0
16804,90.91,609.06,0
16816,83.33,602.63,0
16827,90.91,604.63,0
16838,90.91,586.53,0
16849,90.91,580.53,0
16862,76.92,609.59,0
16873,90.91,612.08,0
16884,90.91,599.85,0
16896,83.33,605.57,0
16907,90.91,593.51,0
16918,90.91,576.31,0
16930,83.33,595.19,0
16942,83.33,611.49,0
16953,90.91,602.96,0
16964,90.91,603.42,0
16975,90.91,598.89,0
16987,83.33,574.47,0
16999,83.33,580.65,0
17010,90.91,609.66,0
17021,90.91,611.67,0
17033,83.33,607.86,0
17044,90.91,608.08,0
17055,90.91,582.50,0
17068,76.92,574.89,0
17079,90.91,603.77,0
17090,90.91,612.88,0
17101,90.91,605.92,0
17113,83.33,611.38,0
17124,90.91,589.25,0
17136,83.33,566.65,0
17147,90.91,592.40,0
17159,83.33,612.64,0
17170,90.91,600.77,0
17181,90.91,603.56,0
17192,90.91,597.23,0
17205,76.92,571.12,0
17216,90.91,583.49,0
17227,90.91,613.89,0
17239,83.33,609.96,0
17250,90.91,604.46,0
17261,90.91,605.96,0
17273,83.33,582.73,0
17285,83.33,576.88,0
17296,90.91,608.18,0
17307,90.91,615.02,0
17318,90.91,602.40,0
17330,83.33,607.18,0
17342,83.33,592.09,0
17353,90.91,571.28,0
17364,90.91,592.54,0
17376,83.33,611.65,0
17387,90.91,601.25,0
17398,90.91,602.45,0
17411,76.92,598.15,0
17422,90.91,573.22,0
17433,90.91,583.98,0
17444,90.91,613.48,0
17456,83.33,611.39,0
17467,90.91,608.12,0
17479,83.33,606.29,0
17490,90.91,581.23,0
17502,83.33,573.77,0
17513,90.91,604.88,0
17524,90.91,614.57,0
17536,83.33,604.30,0
17548,83.33,605.72,0
17559,90.91,590.89,0
17570,90.91,573.26,0
17582,83.33,597.82,0
17593,90.91,616.64,0
17604,90.91,605.67,0
17616,83.33,604.61,0
17628,83.33,599.23,0
17639,90.91,575.01,0
17650,90.91,585.42,0
17661,90.91,611.89,0
17673,83.33,610.81,0
17685,83.33,605.68,0
17696,90.91,603.31,0
17708,83.33,581.14,0
17719,90.91,579.73,0
17730,90.91,609.29,0
17741,90.91,612.16,0
17754,76.92,603.74,0
17765,90.91,609.02,0
17776,90.91,593.23,0
17787,90.91,570.74,0
17799,83.33,597.90,0
17810,90.91,616.19,0
17822,90.91,600.53,0
17833,90.91,604.98,0
17845,83.33,601.39,0
17856,90.91,576.28,0
17867,90.91,585.54,0
17879,83.33,613.40,0
17891,90.91,613.51,0
17902,83.33,606.81,0
17913,90.91,604.80,0
17925,83.33,576.07,0
17936,90.91,571.84,0
17947,90.91,607.99,0
17959,90.91,614.99,0
17971,76.92,602.84,0
17982,90.91,603.21,0
17993,90.91,586.07,0
18004,90.91,572.32,0
18016,83.33,596.25,0
18027,90.91,616.48,0
18039,83.33,602.30,0
18051,83.33,603.13,0
18062,90.91,597.79,0
18073,90.91,574.97,0
18084,90.91,589.61,0
18096,83.33,615.98,0
18108,83.33,608.10,0
18119,90.91,603.50,0
18130,90.91,605.18,0
18142,83.33,580.63,0
18153,90.91,576.10,0
18164,90.91,607.49,0
18177,76.92,609.92,0
18188,90.91,599.46,0
18199,90.91,608.12,0
18210,90.91,592.58,0
18222,83.33,570.62,0
18233,90.91,595.26,0
18245,83.33,614.22,0
18256,90.91,602.60,0
18268,83.33,607.43,0
18279,90.91,603.48,0
18290,90.91,577.36,0
18301,90.91,582.37,0
18314,76.92,611.48,0
18325,90.91,609.46,0
18336,90.91,604.90,0
18348,83.33,606.27,0
18359,90.91,586.17,0
18370,90.91,575.67,0
18382,83.33,603.59,0
18394,83.33,614.23,0
18405,90.91,601.28,0
18416,90.91,601.90,0
18427,90.91,589.25,0
18439,83.33,574.62,0
18451,83.33,595.54,0
18462,90.91,615.29,0
18473,90.91,608.84,0
18485,83.33,604.60,0
18496,90.91,597.75,0
18507,90.91,575.89,0
18520,76.92,585.28,0
18531,90.91,613.06,0
18542,90.91,611.58,0
18553,90.91,608.04,0
18565,83.33,605.73,0
18576,90.91,580.52,0
18588,83.33,574.75,0
18599,90.91,605.00,0
18611,83.33,612.83,0
18622,90.91,604.95,0
18633,90.91,607.34,0
18644,90.91,590.63,0
18657,76.92,570.79,0
18668,90.91,596.26,0
18679,90.91,616.48,0
18691,83.33,605.19,0
18702,90.91,603.32,0
18713,90.91,596.08,0
18725,83.33,579.06,0
18737,83.33,589.10,0
18748,90.91,613.95,0
18759,90.91,608.41,0
18770,90.91,602.43,0
18782,83.33,603.50,0
18794,83.33,583.92,0
18805,90.91,576.51,0
18817,83.33,605.99,0
18828,90.91,612.16,0
18839,90.91,600.58,0
18850,90.91,605.00,0
18863,76.92,587.38,0
18874,90.91,571.50,0
18885,90.91,592.72,0
18896,90.91,612.64,0
18908,83.33,606.80,0
18919,90.91,611.27,0
18931,90.91,598.25,0
18942,83.33,573.17,0
18954,83.33,584.32,0
18965,90.91,610.60,0
18976,90.91,612.19,0
18988,83.33,605.78,0
19000,90.91,599.67,0
19011,83.33,576.97,0
19022,90.91,576.86,0
19034,83.33,607.25,0
19045,90.91,613.73,0
19056,90.91,603.90,0
19068,90.91,605.82,0
19080,76.92,584.92,0
19091,90.91,570.52,0
19102,90.91,597.38,0
19113,90.91,616.01,0
19125,83.33,608.69,0
19137,90.91,608.30,0
19148,83.33,597.24,0
19160,83.33,576.43,0
19171,90.91,591.16,0
19182,90.91,617.87,0
19193,90.91,610.36,0
19205,83.33,601.94,0
19217,83.33,598.69,0
19228,90.91,577.92,0
19239,90.91,581.11,0
19251,83.33,608.91,0
19262,90.91,609.00,0
19273,90.91,596.74,0
19286,76.92,606.97,0
19297,90.91,593.82,0
19308,90.91,578.09,0
19319,90.91,601.78,0
19331,83.33,615.59,0
19342,90.91,602.94,0
19354,83.33,609.89,0
19365,90.91,604.72,0
19377,83.33,579.77,0
19388,90.91,589.79,0
19399,90.91,611.55,0
19410,90.91,606.62,0
19423,76.92,605.04,0
19434,90.91,605.80,0
19445,90.91,581.04,0
19457,83.33,575.10,0
19468,90.91,605.10,0
19479,90.91,611.99,0
19491,83.33,604.38,0
19503,83.33,609.24,0
19514,90.91,590.20,0
19525,90.91,568.31,0
19536,90.91,595.82,0
19548,83.33,620.08,0
19560,83.33,607.32,0
19571,90.91,608.13,0
19582,90.91,597.03,0
19594,83.33,571.85,0
19605,90.91,588.93,0
19616,90.91,618.00,0
19629,76.92,608.00,0
19640,90.91,600.77,0
19651,90.91,605.12,0
19662,90.91,579.96,0
19674,83.33,574.75,0
19685,90.91,605.58,0
19697,83.33,609.90,0
19708,90.91,597.40,0
19720,83.33,606.81,0
19731,90.91,593.63,0
19742,90.91,569.81,0
19753,90.91,596.09,0
19766,76.92,616.17,0
19777,90.91,601.50,0
19788,90.91,605.25,0
19800,83.33,603.22,0
19811,90.91,573.79,0
19822,90.91,582.48,0
19834,83.33,614.52,0
19846,83.33,607.06,0
19857,90.91,601.43,0
19868,90.91,607.44,0
19879,90.91,580.52,0
19891,83.33,573.60,0
19903,83.33,606.81,0
19914,90.91,613.88,0
19926,83.33,602.79,0
19937,90.91,609.16,0
19948,90.91,590.81,0
19959,90.91,569.47,0
19972,76.92,596.75,0
19983,90.91,618.62,0
19994,90.91,606.63,0
20005,90.91,605.52,0
20017,83.33,597.81,0
20028,90.91,569.92,0
20040,83.33,581.29,0
20051,90.91,614.69,0
20063,83.33,610.42,0
20074,90.91,604.03,0
20085,90.91,604.14,0
20097,83.33,577.49,0
20109,83.33,573.62,0
20120,90.91,609.35,0
20131,90.91,617.19,0
20143,83.33,603.07,0
20154,90.91,606.65,0
20165,90.91,591.56,0
20177,83.33,574.02,0
20189,83.33,599.37,0
20200,90.91,619.90,0
20211,90.91,606.50,0
20222,90.91,604.05,0
20234,83.33,599.32,0
20246,83.33,573.83,0
20257,90.91,582.70,0
20269,83.33,612.98,0
20280,90.91,608.58,0
20291,90.91,602.12,0
20302,90.91,606.58,0
20315,76.92,579.45,0
20326,90.91,572.31,0
20337,90.91,608.39,0
20348,90.91,617.02,0
20360,83.33,601.74,0
20371,90.91,606.50,0
20383,83.33,589.11,0
20395,83.33,571.77,0
20406,90.91,598.51,0
20417,90.91,618.76,0
20428,90.91,599.96,0
20440,83.33,601.41,0
20452,83.33,599.40,0
20463,90.91,573.53,0
20474,90.91,582.93,0
20486,83.33,615.47,0
20497,90.91,608.24,0
20508,90.91,599.12,0
20520,90.91,602.88,0
20532,76.92,582.99,0
20543,90.91,575.89,0
20554,90.91,606.17,0
20566,83.33,615.27,0
20577,90.91,602.69,0
20589,90.91,605.42,0
20600,83.33,595.21,0
20612,83.33,574.32,0
20623,90.91,594.62,0
20634,90.91,616.22,0
20645,90.91,606.00,0
20658,83.33,602.76,0
20669,83.33,600.01,0
20680,90.91,578.41,0
20691,90.91,583.94,0
20703,83.33,607.30,0
20714,90.91,606.89,0
20725,90.91,605.44,0
20738,76.92,608.15,0
20749,90.91,584.73,0
20760,90.91,573.48,0
20771,90.91,600.98,0
20783,83.33,610.55,0
20794,90.91,606.79,0
20806,83.33,611.95,0
20817,90.91,592.27,0
20829,83.33,569.55,0
20840,90.91,593.94,0
20851,90.91,617.00,0
20862,90.91,613.21,0
20875,76.92,611.95,0
20886,90.91,597.32,0
20897,90.91,568.16,0
20909,83.33,577.40,0
20920,90.91,613.80,0
20931,90.91,616.40,0
20943,83.33,608.22,0
20955,83.33,600.54,0
20966,90.91,574.47,0
20977,90.91,574.66,0
20988,90.91,609.12,0
21000,83.33,620.07,0
21012,83.33,606.18,0
21023,90.91,604.22,0
21035,83.33,586.32,0
21046,90.91,576.11,0
21057,90.91,602.48,0
21068,90.91,618.44,0
21081,76.92,604.79,0
21092,90.91,599.74,0
21103,90.91,592.97,0
21114,90.91,575.32,0
21126,83.33,592.60,0
21137,90.91,616.60,0
21149,83.33,605.71,0
21160,90.91,600.79,0
21172,83.33,604.96,0
21183,90.91,584.09,0
21194,90.91,582.43,0
21206,83.33,608.54,0
21218,83.33,610.75,0
21229,90.91,600.01,0
21240,90.91,606.87,0
21252,83.33,594.81,0
21263,90.91,576.29,0
21274,90.91,594.97,0
21286,83.33,609.56,0
21298,83.33,597.25,0
21309,90.91,606.67,0
21320,90.91,602.70,0
21331,90.91,574.23,0
21343,83.33,585.22,0
21355,83.33,612.54,0
21366,90.91,608.74,0
21378,83.33,606.63,0
21389,90.91,606.65,0
21400,90.91,580.91,0
21411,90.91,577.62,0
21424,76.92,608.29,0
21435,90.91,609.78,0
21446,90.91,601.93,0
21457,90.91,609.76,0
21469,83.33,591.93,0
21480,90.91,572.91,0
21492,83.33,594.37,0
21504,83.33,612.72,0
21515,90.91,605.40,0
21526,90.91,605.83,0
21537,90.91,597.68,0
21549,83.33,573.79,0
21561,83.33,589.44,0
21572,90.91,615.36,0
21583,90.91,608.13,0
21595,83.33,605.95,0
21606,90.91,605.55,0
21617,90.91,578.93,0
21629,90.91,579.17,0
21641,76.92,609.67,0
21652,90.91,612.82,0
21663,90.91,600.02,0
21675,83.33,604.48,0
21686,90.91,587.13,0
21698,90.91,570.68,0
21709,83.33,600.40,0
21721,83.33,616.28,0
21732,90.91,599.62,0
21743,90.91,602.58,0
21754,90.91,595.04,0
21767,83.33,571.34,0
21778,83.33,587.96,0
21789,90.91,616.92,0
21800,90.91,605.41,0
21812,83.33,601.44,0
21823,90.91,606.99,0
21834,90.91,583.54,0
21847,76.92,577.94,0
21858,90.91,609.11,0
21869,90.91,611.22,0
21880,90.91,598.94,0
21892,83.33,605.33,0
21903,90.91,591.55,0
21915,83.33,573.56,0
21926,90.91,593.71,0
21938,83.33,609.28,0
21949,90.91,597.78,0
21960,90.91,609.53,0
21971,90.91,604.84,0
21984,76.92,577.38,0
21995,90.91,586.26,0
22006,90.91,612.98,0
22018,83.33,608.25,0
22029,90.91,609.30,0
22040,90.91,609.20,0
22052,83.33,578.99,0
22064,83.33,571.81,0
22075,90.91,604.27,0
22086,90.91,613.00,0
22097,90.91,606.75,0
22109,83.33,607.96,0
22121,83.33,584.28,0
22132,90.91,564.12,0
22144,83.33,595.03,0
22155,90.91,620.25,0
22166,90.91,610.30,0
22177,90.91,608.34,0
22190,76.92,594.26,0
22201,90.91,570.08,0
22212,90.91,587.07,0
22223,90.91,617.07,0
22235,83.33,612.45,0
22246,90.91,603.34,0
22258,83.33,600.47,0
22269,90.91,579.03,0
22281,83.33,581.17,0
22292,90.91,614.11,0
22303,90.91,616.26,0
22315,83.33,599.08,0
22327,83.33,601.55,0
22338,90.91,589.75,0
22349,90.91,575.33,0
22361,83.33,602.86,0
22372,90.91,615.89,0
22383,90.91,597.84,0
22395,83.33,602.36,0
22407,83.33,598.58,0
22418,90.91,578.02,0
22429,90.91,592.05,0
22440,90.91,615.57,0
22452,83.33,605.52,0
22464,83.33,601.70,0
22475,90.91,604.25,0
22487,83.33,583.44,0
22498,90.91,577.67,0
22509,90.91,608.68,0
22520,90.91,612.11,0
22533,76.92,602.64,0
22544,90.91,610.52,0
22555,90.91,591.30,0
22566,90.91,572.10,0
22578,83.33,598.71,0
22589,90.91,615.09,0
22601,83.33,602.41,0
22612,90.91,606.10,0
22624,83.33,602.03,0
22635,90.91,576.81,0
22646,90.91,586.58,0
22658,83.33,613.59,0
22670,90.91,605.58,0
22681,83.33,601.92,0
22692,90.91,606.47,0
22704,83.33,580.60,0
22715,90.91,573.26,0
22726,90.91,605.95,0
22738,90.91,614.73,0
22750,76.92,600.53,0
22761,90.91,605.90,0
22772,90.91,592.89,0
22784,83.33,569.55,0
22795,90.91,594.31,0
22807,90.91,614.27,0
22818,83.33,601.92,0
22830,83.33,606.33,0
22841,90.91,601.81,0
22852,90.91,573.25,0
22863,90.91,584.27,0
22875,83.33,617.31,0
22887,83.33,610.79,0
22898,90.91,602.96,0
22909,90.91,604.72,0
22921,83.33,581.72,0
22932,90.91,577.56,0
22943,90.91,608.95,0
22956,76.92,616.98,0
22967,90.91,603.22,0
22978,90.91,605.61,0
22989,90.91,591.63,0
23001,83.33,571.33,0
23012,90.91,598.26,0
23024,83.33,618.26,0
23035,90.91,601.65,0
23047,83.33,601.18,0
23058,90.91,598.92,0
23069,90.91,576.11,0
23080,90.91,587.12,0
23093,76.92,612.69,0
23104,90.91,605.21,0
23115,90.91,603.85,0
23127,83.33,605.63,0
23138,90.91,582.36,0
23149,90.91,574.20,0
23161,83.33,604.73,0
23173,83.33,610.08,0
23184,90.91,600.19,0
23195,90.91,607.37,0
23206,90.91,589.82,0
23218,83.33,574.20,0
23230,83.33,595.58,0
23241,90.91,612.67,0
23252,90.91,605.13,0
23264,83.33,606.36,0
23275,90.91,594.08,0
23286,90.91,570.65,0
23299,76.92,586.27,0
23310,90.91,616.41,0
23321,90.91,612.84,0
23332,90.91,607.98,0
23344,83.33,604.73,0
23355,90.91,579.52,0
23367,83.33,579.59,0
23378,90.91,607.06,0
23390,83.33,610.33,0
23401,90.91,603.25,0
23412,90.91,603.52,0
23424,83.33,583.43,0
23436,83.33,570.53,0
23447,90.91,601.84,0
23458,90.91,617.96,0
23470,83.33,604.00,0
23481,90.91,608.18,0
23492,90.91,600.52,0
23504,83.33,571.63,0
23516,83.33,586.59,0
23527,90.91,614.47,0
23538,90.91,607.64,0
23549,90.91,603.73,0
23561,83.33,605.54,0
23573,83.33,579.64,0
23584,90.91,577.53,0
23596,83.33,609.67,0
23607,90.91,612.33,0
23618,90.91,601.28,0
23629,90.91,607.99,0
23642,76.92,590.14,0
23653,90.91,574.70,0
23664,90.91,599.72,0
23675,90.91,614.08,0
23687,83.33,601.59,0
23698,90.91,605.09,0
23710,83.33,596.81,0
23721,90.91,568.54,0
23733,83.33,586.20,0
23744,90.91,616.91,0
23755,90.91,605.65,0
23767,83.33,603.51,0
23779,83.33,608.35,0
23790,90.91,578.55,0
23801,90.91,574.61,0
23813,83.33,607.46,0
23824,90.91,611.04,0
23835,90.91,598.42,0
23847,83.33,607.59,0
23859,83.33,590.43,0
23870,90.91,567.17,0
23881,90.91,593.77,0
23892,90.91,615.66,0
23904,83.33,599.54,0
23916,83.33,603.79,0
23927,90.91,602.20,0
23939,83.33,572.93,0
23950,90.91,583.67,0
23961,90.91,615.90,0
23972,90.91,608.78,0
23985,83.33,604.48,0
23996,83.33,608.30,0
24007,90.91,581.56,0
24018,90.91,574.61,0
24030,83.33,608.19,0
24041,90.91,614.53,0
24053,90.91,599.76,0
24065,76.92,605.47,0
24076,90.91,592.56,0
24087,90.91,571.53,0
24098,90.91,594.42,0
24110,83.33,615.13,0
24122,90.91,605.44,0
24133,83.33,606.88,0
24144,90.91,600.19,0
24156,83.33,575.86,0
24167,90.91,585.57,0
24178,90.91,614.47,0
24190,90.91,608.91,0
24202,76.92,608.09,0
24213,90.91,610.17,0
24224,90.91,581.51,0
24236,83.33,574.08,0
24247,90.91,609.38,0
24259,90.91,614.43,0
24270,83.33,600.56,0
24282,83.33,607.55,0
24293,90.91,591.75,0
24304,90.91,568.22,0
24315,90.91,598.26,0
24328,83.33,618.84,0
24339,83.33,602.95,0
24350,90.91,603.15,0
24361,90.91,598.18,0
24373,83.33,573.92,0
24384,90.91,582.76,0
24395,90.91,615.50,0
24408,76.92,610.85,0
24419,90.91,602.44,0
24430,90.91,605.06,0
24441,90.91,582.82,0
24453,83.33,574.51,0
24464,90.91,607.10,0
24476,83.33,616.26,0
24487,90.91,605.58,0
24499,83.33,606.25,0
24510,90.91,592.55,0
24521,90.91,573.16,0
24532,90.91,598.56,0
24545,76.92,618.60,0
24556,90.91,603.15,0
24567,90.91,605.21,0
24579,83.33,597.99,0
24590,90.91,573.40,0
24601,90.91,588.40,0
24613,83.33,616.24,0
24625,83.33,610.02,0
24636,90.91,603.62,0
24647,90.91,602.01,0
24658,90.91,580.34,0
24670,83.33,577.43,0
24682,83.33,607.60,0
24693,90.91,612.21,0
24705,83.33,599.70,0
24716,90.91,605.68,0
24727,90.91,591.69,0
24738,90.91,571.81,0
24751,76.92,595.64,0
24762,90.91,614.52,0
24773,90.91,602.49,0
24784,90.91,605.49,0
24796,83.33,599.95,0
24807,90.91,575.44,0
24819,83.33,588.05,0
24830,90.91,614.20,0
24842,83.33,608.56,0
24853,90.91,606.57,0
24864,90.91,603.01,0
24876,83.33,577.79,0
24888,83.33,572.41,0
24899,90.91,605.51,0
24910,90.91,615.26,0
24922,83.33,604.04,0
24933,90.91,605.33,0
24944,90.91,588.06,0
24956,83.33,570.05,0
24968,83.33,597.36,0
24979,90.91,617.45,0
24990,90.91,605.86,0
25001,90.91,604.88,0
25013,83.33,596.58,0
25025,83.33,572.80,0
25036,90.91,589.40,0
25048,83.33,615.11,0
25059,90.91,607.97,0
25070,90.91,605.22,0
25081,90.91,604.56,0
25094,76.92,579.51,0
25105,90.91,578.38,0
25116,90.91,608.57,0
25127,90.91,610.72,0
25139,83.33,603.61,0
25150,90.91,609.18,0
25162,83.33,591.96,0
25174,83.33,571.50,0
25185,90.91,598.30,0
25196,90.91,615.17,0
25207,90.91,603.02,0
25219,83.33,605.76,0
25231,83.33,597.74,0
25242,90.91,569.34,0
25253,90.91,585.19,0
25265,83.33,615.88,0
25276,90.91,610.85,0
25287,90.91,607.22,0
25299,83.33,605.78,0
25311,83.33,574.44,0
25322,90.91,573.09,0
25333,90.91,613.01,0
25345,83.33,617.91,0
25356,90.91,603.49,0
25368,83.33,607.32,0
25379,90.91,585.79,0
25391,83.33,570.70,0
25402,90.91,603.81,0
25413,90.91,621.14,0
25424,90.91,604.31,0
25437,76.92,604.67,0
25448,90.91,597.08,0
25459,90.91,573.52,0
25470,90.91,588.82,0
25482,83.33,618.42,0
25493,90.91,606.01,0
25505,83.33,597.64,0
25517,83.33,603.82,0
25528,90.91,587.24,0
25539,90.91,582.57,0
25550,90.91,606.58,0
25562,83.33,605.83,0
25574,83.33,597.40,0
25585,90.91,610.58,0
25596,90.91,596.10,0
25608,83.33,572.46,0
25619,90.91,596.39,0
25630,90.91,613.71,0
25643,90.91,601.76,0
25654,76.92,610.53,0
25665,90.91,607.14,0
25676,90.91,575.43,0
25688,83.33,576.20,0
25699,90.91,606.46,0
25711,90.91,610.94,0
25722,83.33,610.90,0
25734,83.33,610.59,0
25745,90.91,576.71,0
25756,90.91,568.13,0
25767,90.91,602.54,0
25780,83.33,617.92,0
25791,83.33,611.36,0
25802,90.91,612.54,0
25814,83.33,585.37,0
25825,90.91,562.47,0
25836,90.91,594.75,0
25848,90.91,620.81,0
25860,76.92,608.73,0
25871,90.91,605.01,0
25882,90.91,592.41,0
25893,90.91,565.69,0
25905,83.33,584.72,0
25916,90.91,621.40,0
25928,83.33,610.52,0
25939,90.91,600.76,0
25951,83.33,599.02,0
25962,90.91,578.40,0
25973,90.91,582.80,0
25985,83.33,618.41,0
25997,83.33,617.93,0
26008,90.91,598.48,0
26019,90.91,604.19,0
26031,83.33,592.37,0
26042,90.91,578.74,0
26053,90.91,602.01,0
26065,83.33,610.63,0
26077,83.33,597.73,0
26088,90.91,605.04,0
26099,90.91,601.50,0
26110,90.91,578.24,0
26122,83.33,589.27,0
26134,83.33,609.07,0
26145,90.91,599.90,0
26157,83.33,603.54,0
26168,90.91,611.26,0
26179,90.91,584.25,0
26190,90.91,577.58,0
26203,76.92,605.11,0
26214,90.91,609.40,0
26225,90.91,606.11,0
26236,90.91,615.13,0
26248,83.33,593.67,0
26259,90.91,569.53,0
26271,83.33,595.22,0
26283,83.33,612.68,0
26294,90.91,604.49,0
26305,90.91,614.26,0
26316,90.91,599.85,0
26328,83.33,567.57,0
26340,83.33,585.82,0
26351,90.91,615.70,0
26362,90.91,610.69,0
26374,83.33,606.14,0
26385,90.91,602.78,0
26396,90.91,577.29,0
26408,83.33,577.60,0
26420,83.33,612.48,0
26431,90.91,611.53,0
26442,90.91,601.23,0
26454,83.33,609.21,0
26465,90.91,590.64,0
26477,83.33,572.39,0
26488,90.91,600.89,0
26500,83.33,615.35,0
26511,90.91,600.90,0
26522,90.91,607.01,0
26533,90.91,599.49,0
26546,76.92,568.75,0
26557,90.91,588.11,0
26568,90.91,620.00,0
26579,90.91,604.95,0
26591,83.33,602.59,0
26602,90.91,608.74,0
26614,83.33,582.70,0
26626,83.33,577.61,0
26637,90.91,609.07,0
26648,90.91,608.40,0
26659,90.91,600.09,0
26671,83.33,612.23,0
26683,83.33,593.32,0
26694,90.91,571.34,0
26705,90.91,599.28,0
26717,83.33,614.05,0
26728,90.91,601.34,0
26739,90.91,606.56,0
26752,76.92,604.50,0
26763,90.91,574.70,0
26774,90.91,581.45,0
26785,90.91,610.23,0
26797,83.33,608.61,0
26808,90.91,607.54,0
26820,90.91,608.00,0
26831,90.91,580.11,0
26843,83.33,575.44,0
26854,90.91,607.82,0
26865,90.91,615.53,0
26876,90.91,603.28,0
26889,83.33,607.19,0
26900,83.33,589.69,0
26911,90.91,571.94,0
26923,83.33,595.40,0
26934,90.91,614.15,0
26945,90.91,607.29,0
26957,90.91,607.18,0
26969,76.92,595.51,0
26980,90.91,571.01,0
26991,90.91,591.49,0
27002,90.91,619.82,0
27014,83.33,608.66,0
27026,90.91,600.96,0
27037,83.33,600.59,0
27048,90.91,577.29,0
27060,83.33,576.69,0
27071,90.91,610.58,0
27082,90.91,613.20,0
27095,83.33,599.11,0
27106,83.33,601.95,0
27117,90.91,589.31,0
27128,90.91,575.90,0
27140,83.33,602.93,0
27151,90.91,617.58,0
27162,90.91,603.10,0
27174,83.33,602.76,0
27186,83.33,595.52,0
27197,90.91,574.17,0
27208,90.91,586.01,0
27219,90.91,611.37,0
27231,83.33,602.27,0
27243,83.33,601.64,0
27254,90.91,605.28,0
27266,83.33,582.12,0
27277,90.91,578.79,0
27288,90.91,604.54,0
27299,90.91,608.56,0
27312,76.92,603.58,0
27323,90.91,609.97,0
27334,90.91,588.93,0
27345,90.91,573.39,0
27357,83.33,598.66,0
27368,90.91,612.74,0
27380,83.33,603.62,0
27392,83.33,611.29,0
27403,90.91,598.81,0
27414,90.91,570.19,0
27425,90.91,584.10,0
27437,83.33,612.38,0
27449,83.33,607.91,0
27460,90.91,607.16,0
27471,90.91,604.20,0
27483,83.33,575.66,0
27494,90.91,578.76,0
27505,90.91,608.52,0
27517,83.33,610.66,0
27529,83.33,605.18,0
27540,90.91,606.86,0
27551,90.91,584.25,0
27563,83.33,574.01,0
27574,90.91,603.44,0
27586,83.33,613.34,0
27597,90.91,604.62,0
27609,83.33,609.09,0
27620,90.91,597.78,0
27631,90.91,573.03,0
27642,90.91,587.01,0
27655,76.92,611.51,0
27666,90.91,605.90,0
27677,90.91,604.49,0
27688,90.91,603.85,0
27700,83.33,576.35,0
27711,90.91,577.22,0
27723,83.33,608.09,0
27735,83.33,611.32,0
27746,90.91,604.63,0
27757,90.91,611.48,0
27768,90.91,588.72,0
27780,83.33,572.82,0
27792,83.33,599.52,0
27803,90.91,614.46,0
27814,90.91,600.87,0
27826,83.33,605.90,0
27837,90.91,596.28,0
27848,90.91,571.75,0
27860,83.33,590.00,0
27872,83.33,615.16,0
27883,90.91,605.57,0
27894,90.91,606.48,0
27906,83.33,604.98,0
27917,90.91,579.14,0
27929,83.33,578.91,0
27940,90.91,609.61,0
27952,83.33,608.37,0
27963,90.91,601.54,0
27974,90.91,609.07,0
27985,90.91,586.32,0
27998,76.92,568.47,0
28009,90.91,597.43,0
28020,90.91,612.67,0
28032,83.33,601.33,0
28043,90.91,609.49,0
28054,90.91,599.93,0
28066,90.91,568.20,0
28078,83.33,586.94,0
28089,90.91,617.21,0
28100,90.91,607.91,0
28111,90.91,609.58,0
28123,83.33,610.01,0
28135,90.91,578.73,0
28146,83.33,576.06,0
28157,90.91,611.11,0
28169,83.33,613.09,0
28180,90.91,604.97,0
28191,90.91,608.21,0
28204,83.33,585.15,0
28215,83.33,567.07,0
28226,90.91,601.75,0
28237,90.91,618.29,0
28249,83.33,605.25,0
28260,90.91,607.93,0
28272,90.91,597.34,0
28283,83.33,571.09,0
28295,83.33,588.94,0
28306,90.91,619.41,0
28317,90.91,607.80,0
28328,90.91,601.23,0
28341,83.33,603.96,0
28352,83.33,582.46,0
28363,90.91,583.54,0
28375,83.33,611.20,0
28386,90.91,609.67,0
28397,90.91,598.96,0
28408,90.91,608.83,0
28421,76.92,591.63,0
28432,90.91,572.35,0
28443,90.91,601.89,0
28454,90.91,614.00,0
28466,83.33,596.13,0
28477,90.91,604.19,0
28489,83.33,600.25,0
28500,90.91,573.65,0
28512,83.33,587.13,0
28523,90.91,611.54,0
28534,90.91,601.61,0
28546,83.33,607.21,0
28558,83.33,611.65,0
28569,90.91,578.71,0
28580,90.91,574.78,0
28592,83.33,604.17,0
28603,90.91,609.73,0
28614,90.91,607.41,0
28626,83.33,613.92,0
28638,83.33,585.90,0
28649,90.91,565.16,0
28660,90.91,598.22,0
28672,83.33,617.91,0
28683,90.91,605.66,0
28695,83.33,607.65,0
28706,90.91,596.62,0
28718,83.33,569.88,0
28729,90.91,582.88,0
28740,90.91,615.40,0
28751,90.91,613.66,0
28764,76.92,603.47,0
28775,90.91,597.08,0
28786,90.91,576.59,0
28797,90.91,581.98,0
28809,83.33,612.19,0
28820,90.91,616.10,0
28832,83.33,604.95,0
28844,83.33,603.00,0
28855,90.91,584.51,0
28866,90.91,574.64,0
28877,90.91,602.52,0
28889,83.33,614.99,0
28901,83.33,600.21,0
28912,90.91,600.84,0
28923,90.91,598.53,0
28935,83.33,577.76,0
28946,90.91,588.83,0
28957,90.91,611.22,0
28969,83.33,605.68,0
28981,83.33,603.97,0
28992,90.91,608.94,0
29003,90.91,585.55,0
29015,83.33,579.31,0
29026,90.91,601.65,0
29038,83.33,603.42,0
29049,90.91,608.75,0
29061,83.33,616.21,0
29072,90.91,587.48,0
29083,90.91,568.26,0
29094,90.91,595.31,0
29107,76.92,615.52,0
29118,90.91,606.55,0
29129,90.91,611.03,0
29140,90.91,598.88,0
29152,83.33,568.74,0
29163,90.91,586.24,0
29175,90.91,619.17,0
29187,76.92,611.38,0
29198,90.91,606.27,0
29209,90.91,601.73,0
29220,90.91,571.14,0
29232,83.33,574.97,0
29244,90.91,614.66,0
29255,83.33,620.88,0
29266,90.91,606.41,0
29278,83.33,604.17,0
29289,90.91,582.14,0
29300,90.91,575.73,0
29312,83.33,610.24,0
29324,83.33,623.05,0
29335,90.91,600.10,0
29346,90.91,596.56,0
29358,83.33,590.89,0
29369,90.91,575.13,0
29380,90.91,596.05,0
29392,83.33,622.42,0
29404,83.33,605.75,0
29415,90.91,596.25,0
29426,90.91,602.18,0
29437,90.91,584.07,0
29449,83.33,583.34,0
29461,83.33,609.23,0
29472,90.91,607.30,0
29484,83.33,596.04,0
29495,90.91,603.18,0
29506,90.91,594.21,0
29517,90.91,577.61,0
29530,76.92,597.89,0
29541,90.91,611.60,0
29552,90.91,604.36,0
29563,90.91,606.08,0
29575,83.33,599.64,0
29586,90.91,576.12,0
29598,83.33,586.94,0
29609,90.91,609.84,0
29621,83.33,604.49,0
29632,90.91,603.88,0
29643,90.91,606.84,0
29655,83.33,581.53,0
29667,83.33,577.25,0
29678,90.91,609.67,0
29689,90.91,615.94,0
29701,83.33,606.27,0
29712,90.91,609.47,0
29723,90.91,589.20,0
29735,83.33,572.79,0
29747,83.33,598.82,0
29758,90.91,616.57,0
29769,90.91,609.16,0
29780,90.91,610.48,0
29792,83.33,595.24,0
29804,83.33,572.20,0
29815,90.91,585.24,0
29827,83.33,615.81,0
29838,90.91,615.56,0
29849,90.91,607.95,0
29860,90.91,600.39,0
29873,76.92,572.96,0
29884,90.91,577.26,0
29895,90.91,607.94,0
29906,90.91,610.76,0
29918,83.33,602.45,0
29929,90.91,600.78,0
29941,83.33,583.31,0
29953,83.33,578.84,0
29964,90.91,606.83,0
29975,90.91,619.68,0
29986,90.91,605.58,0
29998,83.33,599.56,0
30010,83.33,591.27,0
30021,90.91,577.02,0
30032,90.91,596.95,0
30044,83.33,616.96,0
30055,90.91,606.02,0
30066,90.91,601.83,0
30078,83.33,600.13,0
30090,83.33,578.95,0
30101,90.91,583.19,0
30112,90.91,610.00,0
30124,83.33,607.06,0
30135,90.91,599.29,0
30147,90.91,607.75,0
30158,83.33,591.83,0
30170,83.33,581.40,0
30181,90.91,601.77,0
30192,90.91,610.11,0
30203,90.91,602.94,0
30216,83.33,606.67,0
30227,83.33,598.84,0
30238,90.91,574.97,0
30249,90.91,588.17,0
30261,83.33,610.50,0
30272,90.91,606.82,0
30284,90.91,610.34,0
30296,76.92,606.72,0
30307,90.91,581.15,0
30318,90.91,576.19,0
30329,90.91,605.10,0
30341,83.33,613.29,0
30352,90.91,611.90,0
30364,83.33,610.24,0
30375,90.91,581.62,0
30387,83.33,568.25,0
30398,90.91,598.45,0
30409,90.91,615.42,0
30420,90.91,609.47,0
30433,76.92,607.25,0
30444,90.91,588.03,0
30455,90.91,567.59,0
30467,83.33,592.33,0
30478,90.91,621.51,0
30489,90.91,609.70,0
30501,83.33,601.14,0
30513,83.33,597.57,0
30524,90.91,573.41,0
30535,90.91,582.55,0
30546,90.91,613.70,0
30558,83.33,611.64,0
30570,83.33,603.03,0
30581,90.91,605.59,0
30593,83.33,581.67,0
30604,90.91,575.34,0
30615,90.91,606.59,0
30626,90.91,614.64,0
30639,76.92,601.70,0
30650,90.91,606.37,0
30661,90.91,593.82,0
30672,90.91,571.84,0
30684,83.33,593.20,0
30695,90.91,613.97,0
30707,83.33,603.13,0
30718,90.91,606.24,0
30730,83.33,604.89,0
30741,90.91,579.78,0
30752,90.91,584.03,0
30764,83.33,610.75,0
30776,83.33,605.99,0
30787,90.91,600.18,0
30798,90.91,607.21,0
30810,83.33,583.94,0
30821,90.91,570.06,0
30832,90.91,598.33,0
30844,83.33,612.31,0
30856,83.33,607.96,0
30867,90.91,609.71,0
30878,90.91,593.52,0
30889,90.91,570.34,0
30901,83.33,590.34,0
30913,83.33,615.19,0
30924,90.91,607.77,0
30936,83.33,608.79,0
30947,90.91,598.73,0
30958,90.91,569.05,0
30969,90.91,575.74,0
30982,76.92,612.65,0
30993,90.91,617.63,0
31004,90.91,603.74,0
31015,90.91,602.31,0
31027,83.33,581.28,0
31038,90.91,574.97,0
31050,83.33,607.15,0
31062,83.33,618.71,0
31073,90.91,602.89,0
31084,90.91,602.88,0
31095,90.91,587.36,0
31107,83.33,572.67,0
31119,90.91,597.77,0
31130,83.33,619.00,0
31141,90.91,604.24,0
31153,83.33,598.48,0
31164,90.91,595.92,0
31175,90.91,575.59,0
31187,90.91,586.00,0
31199,76.92,616.74,0
31210,90.91,609.26,0
31221,90.91,599.37,0
31233,83.33,602.55,0
31244,90.91,584.03,0
31256,90.91,577.78,0
31267,83.33,607.31,0
31279,83.33,611.85,0
31290,90.91,599.90,0
31301,90.91,609.04,0
31312,90.91,597.84,0
31324,83.33,575.23,0
31336,83.33,595.07,0
31347,90.91,613.84,0
31358,90.91,603.67,0
31370,83.33,605.70,0
31381,90.91,601.66,0
31392,90.91,577.74,0
31405,76.92,583.98,0
31416,90.91,611.68,0
31427,90.91,609.35,0
31438,90.91,609.10,0
31450,83.33,609.47,0
31461,90.91,581.25,0
31473,83.33,573.80,0
31484,90.91,602.21,0
31496,83.33,611.10,0
31507,90.91,604.52,0
31518,90.91,608.72,0
31529,90.91,591.87,0
31542,76.92,571.02,0
31553,90.91,595.66,0
31564,90.91,615.67,0
31576,83.33,605.79,0
31587,90.91,607.91,0
31598,90.91,600.68,0
31610,83.33,575.57,0
31622,83.33,584.39,0
31633,90.91,612.05,0
31644,90.91,610.32,0
31655,90.91,607.87,0
31667,83.33,609.61,0
31679,83.33,584.09,0
31690,90.91,576.64,0
31702,83.33,606.49,0
31713,90.91,614.57,0
31724,90.91,603.21,0
31735,90.91,604.65,0
31748,76.92,589.39,0
31759,90.91,574.75,0
31770,90.91,595.09,0
31781,90.91,612.55,0
31793,83.33,602.92,0
31804,90.91,605.55,0
31816,83.33,601.23,0
31827,90.91,570.89,0
31839,83.33,583.03,0
31850,90.91,615.96,0
31861,90.91,609.73,0
31873,83.33,605.16,0
31885,83.33,609.80,0
31896,90.91,580.25,0
31907,90.91,571.17,0
31919,83.33,606.41,0
31930,90.91,616.83,0
31941,90.91,607.11,0
31953,83.33,609.44,0
31965,83.33,589.20,0
31976,90.91,566.49,0
31987,90.91,595.33,0
31998,90.91,623.29,0
32010,83.33,607.45,0
32022,83.33,600.07,0
32033,90.91,597.04,0
32045,83.33,571.76,0
32056,90.91,583.96,0
32067,90.91,616.78,0
32078,90.91,611.88,0
32091,76.92,600.91,0
32102,90.91,604.49,0
32113,90.91,585.16,0
32124,90.91,579.12,0
32136,83.33,609.95,0
32147,90.91,614.75,0
32159,83.33,600.30,0
32171,83.33,605.73,0
32182,90.91,592.90,0
32193,90.91,576.93,0
32204,90.91,596.18,0
32216,83.33,613.35,0
32228,83.33,601.08,0
32239,90.91,603.11,0
32250,90.91,602.72,0
32262,83.33,579.73,0
32273,90.91,585.17,0
32284,90.91,609.99,0
32296,90.91,604.19,0
32308,83.33,602.67,0
32319,90.91,609.95,0
32330,90.91,585.80,0
32342,83.33,576.35,0
32353,90.91,602.45,0
32365,90.91,613.48,0
32376,83.33,607.51,0
32388,83.33,611.59,0
32399,90.91,592.96,0
32410,90.91,572.57,0
32421,90.91,594.38,0
32434,83.33,616.76,0
32445,83.33,611.87,0
32456,90.91,609.39,0
32467,90.91,597.30,0
32479,83.33,572.07,0
32490,90.91,583.56,0
32502,90.91,612.92,0
32514,76.92,613.09,0
32525,90.91,606.81,0
32536,90.91,600.83,0
32547,90.91,577.05,0
32559,83.33,581.73,0
32570,90.91,611.79,0
32582,83.33,614.13,0
32593,90.91,600.55,0
32605,83.33,603.33,0
32616,90.91,588.62,0
32627,90.91,577.62,0
32638,90.91,604.18,0
32651,76.92,617.50,0
32662,90.91,602.31,0
32673,90.91,603.61,0
32685,83.33,594.79,0
32696,90.91,575.50,0
32707,90.91,592.85,0
32719,83.33,614.41,0
32731,83.33,601.36,0
32742,90.91,602.61,0
32753,90.91,611.42,0
32764,90.91,586.87,0
32776,83.33,579.46,0
32788,83.33,605.01,0
32799,90.91,607.21,0
32811,83.33,601.40,0
32822,90.91,609.62,0
32833,90.91,591.09,0
32844,90.91,570.00,0
32857,76.92,594.58,0
32868,90.91,611.21,0
32879,90.91,603.10,0
32890,90.91,611.58,0
32902,83.33,600.51,0
32913,90.91,569.11,0
32925,83.33,583.12,0
32936,90.91,616.38,0
32948,83.33,610.81,0
32959,90.91,605.88,0
32970,90.91,602.14,0
32982,83.33,572.71,0
32994,83.33,575.43,0
33005,90.91,615.82,0
33016,90.91,621.34,0
33028,83.33,608.26,0
33039,90.91,605.30,0
33050,90.91,582.75,0
33062,83.33,569.95,0
33074,83.33,604.44,0
33085,90.91,622.40,0
33096,90.91,603.94,0
33107,90.91,598.03,0
33119,83.33,590.20,0
33131,83.33,574.06,0
33142,90.91,594.58,0
33154,83.33,617.95,0
33165,90.91,605.16,0
33176,90.91,598.24,0
33187,90.91,603.73,0
33200,76.92,587.61,0
33211,90.91,587.82,0
33222,90.91,611.98,0
33233,90.91,607.82,0
33245,83.33,599.73,0
33256,90.91,608.97,0
33268,83.33,593.36,0
33280,83.33,576.04,0
33291,90.91,598.68,0
33302,90.91,611.10,0
33313,90.91,599.14,0
33325,83.33,606.68,0
33337,83.33,602.51,0
33348,90.91,575.55,0
33359,90.91,584.77,0
33371,83.33,606.47,0
33382,90.91,604.97,0
33393,90.91,614.33,0
33405,90.91,612.35,0
33417,76.92,580.76,0
33428,90.91,575.18,0
33439,90.91,607.00,0
33451,83.33,616.70,0
33462,90.91,614.84,0
33474,90.91,613.69,0
33485,83.33,580.33,0
33497,83.33,562.39,0
33508,90.91,596.04,0
33519,90.91,617.95,0
33530,90.91,609.10,0
33543,83.33,607.48,0
33554,83.33,584.46,0
33565,90.91,564.78,0
33576,90.91,590.30,0
33588,83.33,624.49,0
33599,90.91,616.68,0
33610,90.91,605.84,0
33623,76.92,597.11,0
33634,90.91,572.91,0
33645,90.91,582.80,0
33656,90.91,617.15,0
33668,83.33,613.92,0
33679,90.91,598.86,0
33691,83.33,594.83,0
33702,90.91,577.71,0
33714,83.33,577.56,0
33725,90.91,609.66,0
33736,90.91,613.31,0
33747,90.91,596.65,0
33760,76.92,601.00,0
33771,90.91,593.79,0
33782,90.91,578.17,0
33794,83.33,599.86,0
33805,90.91,614.54,0
33816,90.91,600.96,0
33828,83.33,602.36,0
33840,83.33,606.00,0
33851,90.91,582.06,0
33862,90.91,583.36,0
33873,90.91,607.74,0
33885,83.33,604.82,0
33897,83.33,599.31,0
33908,90.91,612.13,0
33920,83.33,590.68,0
33931,90.91,573.18,0
33942,90.91,600.03,0
33953,90.91,610.62,0
33966,76.92,602.92,0
33977,90.91,612.64,0
33988,90.91,600.52,0
33999,90.91,572.52,0
34011,83.33,585.24,0
34022,90.91,611.26,0
34034,83.33,613.70,0
34045,90.91,613.50,0
34057,83.33,601.37,0
34068,90.91,569.75,0
34079,90.91,577.53,0
34091,83.33,613.33,0
34103,83.33,615.87,0
34114,90.91,607.06,0
34125,90.91,602.20,0
34137,83.33,575.17,0
34148,90.91,572.84,0
34159,90.91,607.17,0
34171,83.33,618.96,0
34183,83.33,607.49,0
34194,90.91,602.11,0
34205,90.91,582.67,0
34216,90.91,570.69,0
34228,83.33,599.35,0
34240,83.33,620.53,0
34251,90.91,606.96,0
34263,83.33,601.71,0
34274,90.91,596.68,0
34285,90.91,576.96,0
34296,90.91,584.93,0
34309,83.33,610.19,0
34320,83.33,608.78,0
34331,90.91,600.63,0
34342,90.91,601.91,0
34354,83.33,587.84,0
34365,90.91,582.51,0
34377,90.91,604.32,0
34388,83.33,609.25,0
34400,83.33,602.89,0
34411,90.91,608.86,0
34422,90.91,592.69,0
34434,83.33,574.45,0
34446,90.91,595.32,0
34457,83.33,612.45,0
34468,90.91,610.30,0
34480,83.33,611.97,0
34491,90.91,599.24,0
34502,90.91,574.31,0
34513,90.91,586.35,0
34526,76.92,607.56,0
34537,90.91,608.17,0
34548,90.91,609.21,0
34560,83.33,603.12,0
34571,90.91,573.11,0
34582,90.91,575.19,0
34594,83.33,606.13,0
34606,83.33,613.46,0
34617,90.91,609.41,0
34628,90.91,608.50,0
34639,90.91,584.52,0
34651,83.33,571.89,0
34663,83.33,600.11,0
34674,90.91,619.37,0
34685,90.91,609.37,0
34697,83.33,609.82,0
34708,90.91,591.38,0
34719,90.91,566.83,0
34732,76.92,588.80,0
34743,90.91,614.14,0
34754,90.91,609.20,0
34765,90.91,607.08,0
34777,83.33,598.48,0
34788,90.91,572.16,0
34800,83.33,579.20,0
34811,90.91,609.06,0
34823,83.33,609.35,0
34834,90.91,605.96,0
34845,90.91,607.20,0
34856,90.91,584.09,0
34869,76.92,575.82,0
34880,90.91,607.37,0
34891,90.91,614.86,0
34903,83.33,602.93,0
34914,90.91,606.51,0
34925,90.91,590.44,0
34937,83.33,567.49,0
34949,83.33,593.45,0
34960,90.91,614.98,0
34971,90.91,598.49,0
34982,90.91,600.63,0
34994,83.33,601.50,0
35006,83.33,573.78,0
35017,90.91,584.74,0
35028,90.91,617.07,0
35040,83.33,608.85,0
35051,90.91,599.81,0
35062,90.91,608.89,0
35075,76.92,586.55,0
35086,90.91,571.46,0
35097,90.91,604.76,0
35108,90.91,615.26,0
35120,83.33,604.02,0
35131,90.91,608.52,0
35143,83.33,593.80,0
35154,90.91,568.80,0
35166,83.33,588.51,0
35177,90.91,615.20,0
35188,90.91,608.10,0
35200,83.33,606.77,0
35212,83.33,602.15,0
35223,90.91,572.79,0
35234,90.91,579.45,0
35246,83.33,615.71,0
35257,90.91,612.63,0
35268,90.91,606.68,0
35280,83.33,609.10,0
35292,83.33,582.09,0
35303,90.91,571.74,0
35314,90.91,605.77,0
35325,90.91,615.25,0
35337,83.33,601.79,0
35349,90.91,603.01,0
35360,83.33,591.12,0
35372,83.33,571.44,0
35383,90.91,594.05,0
35394,90.91,616.17,0
35405,90.91,607.49,0
35418,83.33,605.53,0
35429,83.33,597.37,0
35440,90.91,575.31,0
35451,90.91,587.19,0
35463,83.33,615.11,0
35474,90.91,613.10,0
35486,90.91,607.34,0
35497,83.33,606.18,0
35509,83.33,583.35,0
35520,90.91,576.72,0
35531,90.91,604.92,0
35543,83.33,613.71,0
35554,90.91,604.78,0
35566,83.33,607.30,0
35577,90.91,588.79,0
35589,83.33,574.17,0
35600,90.91,595.82,0
35611,90.91,612.46,0
35622,90.91,607.35,0
35635,76.92,609.09,0
35646,90.91,597.50,0
35657,90.91,571.54,0
35668,90.91,584.89,0
35680,83.33,613.59,0
35691,90.91,610.92,0
35703,83.33,611.35,0
35715,83.33,608.35,0
35726,90.91,577.29,0
35737,90.91,573.72,0
35748,90.91,607.05,0
35760,83.33,612.09,0
35772,83.33,606.14,0
35783,90.91,605.98,0
35794,90.91,583.92,0
35806,83.33,569.76,0
35817,90.91,604.09,0
35828,90.91,618.78,0
35841,76.92,605.08,0
35852,90.91,604.13,0
35863,90.91,591.62,0
35874,90.91,568.89,0
35886,83.33,589.90,0
35897,90.91,616.02,0
35909,83.33,607.25,0
35920,90.91,603.83,0
35932,83.33,602.40,0
35943,90.91,578.24,0
35954,90.91,578.94,0
35965,90.91,613.03,0
35978,76.92,612.03,0
35989,90.91,599.14,0
36000,90.91,603.33,0
36012,83.33,584.56,0
36023,90.91,571.09,0
36034,90.91,601.51,0
36046,83.33,614.20,0
36058,83.33,601.06,0
36069,90.91,605.01,0
36080,90.91,595.30,0
36091,90.91,571.78,0
36103,83.33,591.40,0
36115,83.33,617.27,0
36126,90.91,606.28,0
36137,90.91,602.94,0
36149,83.33,603.47,0
36160,90.91,575.58,0
36171,90.91,576.39,0
36184,76.92,610.87,0
36195,90.91,609.64,0
36206,90.91,601.23,0
36217,90.91,608.63,0
36229,83.33,586.40,0
36240,90.91,571.37,0
36252,83.33,602.10,0
36263,90.91,614.88,0
36275,83.33,605.74,0
36286,90.91,607.10,0
36297,90.91,592.96,0
36308,90.91,570.49,0
36321,76.92,589.87,0
36332,90.91,617.03,0
36343,90.91,608.87,0
36355,83.33,604.22,0
36366,90.91,598.48,0
36377,90.91,571.06,0
36389,83.33,577.58,0
36401,83.33,610.59,0
36412,90.91,616.15,0
36423,90.91,607.13,0
36434,90.91,598.19,0
36446,83.33,579.50,0
36458,83.33,574.75,0
36469,90.91,606.19,0
36481,83.33,619.32,0
36492,90.91,608.75,0
36503,90.91,604.97,0
36514,90.91,590.81,0
36527,83.33,575.00,0
36538,83.33,595.15,0
36549,90.91,615.63,0
36560,90.91,608.81,0
36572,83.33,600.00,0
36583,90.91,595.60,0
36595,90.91,576.81,0
36606,83.33,586.15,0
36618,83.33,614.13,0
36629,90.91,609.31,0
36640,90.91,600.46,0
36652,83.33,599.47,0
36664,90.91,580.96,0
36675,83.33,579.82,0
36686,90.91,603.57,0
36698,83.33,609.28,0
36709,90.91,603.12,0
36720,90.91,604.82,0
36732,90.91,586.67,0
36744,76.92,572.45,0
36755,90.91,595.28,0
36766,90.91,614.90,0
36777,90.91,608.81,0
36789,83.33,608.15,0
36800,90.91,595.04,0
36812,83.33,571.92,0
36824,83.33,587.47,0
36835,90.91,611.51,0
36846,90.91,610.15,0
36857,90.91,606.68,0
36869,83.33,602.48,0
36881,83.33,577.05,0
36892,90.91,578.65,0
36903,90.91,608.60,0
36915,83.33,612.34,0
36926,90.91,605.87,0
36937,90.91,606.74,0
36950,76.92,583.09,0
36961,90.91,572.78,0
36972,90.91,602.93,0
36983,90.91,617.86,0
36995,83.33,605.79,0
37006,90.91,607.06,0
37018,83.33,592.88,0
37029,90.91,571.14,0
37041,83.33,592.79,0
37052,90.91,616.76,0
37063,90.91,610.54,0
37074,90.91,606.09,0
37087,76.92,599.07,0
37098,90.91,574.47,0
37109,90.91,579.89,0
37121,83.33,611.52,0
37132,90.91,609.69,0
37143,90.91,601.40,0
37155,83.33,607.06,0
37167,83.33,587.08,0
37178,90.91,573.57,0
37189,90.91,600.62,0
37200,90.91,614.66,0
37212,83.33,606.51,0
37224,83.33,607.59,0
37235,90.91,591.62,0
37246,90.91,569.23,0
37258,83.33,590.90,0
37269,90.91,616.91,0
37280,90.91,608.09,0
37293,76.92,606.63,0
37304,90.91,602.33,0
37315,90.91,575.87,0
37326,90.91,580.96,0
37338,83.33,612.96,0
37349,90.91,613.37,0
37361,83.33,605.39,0
37372,90.91,608.16,0
37384,83.33,582.73,0
37395,90.91,570.38,0
37406,90.91,599.61,0
37417,90.91,612.68,0
37430,76.92,602.76,0
37441,90.91,605.99,0
37452,90.91,591.37,0
37464,83.33,572.93,0
37475,90.91,595.13,0
37486,90.91,613.31,0
37498,83.33,604.52,0
37510,83.33,607.17,0
37521,90.91,600.81,0
37532,90.91,571.52,0
37543,90.91,579.90,0
37555,83.33,613.20,0
37567,83.33,610.65,0
37578,90.91,604.16,0
37590,83.33,603.80,0
37601,90.91,578.49,0
37612,90.91,572.26,0
37623,90.91,606.43,0
37636,83.33,618.55,0
37647,90.91,606.76,0
37658,90.91,607.21,0
37669,90.91,584.37,0
37681,83.33,568.36,0
37692,90.91,596.80,0
37704,90.91,618.95,0
37715,83.33,607.97,0
37727,83.33,605.12,0
37738,90.91,595.49,0
37749,90.91,569.34,0
37761,83.33,581.74,0
37773,90.91,614.60,0
37784,83.33,614.47,0
37795,90.91,607.07,0
37807,83.33,600.28,0
37818,90.91,574.84,0
37829,90.91,575.63,0
37841,90.91,612.45,0
37853,76.92,618.05,0
37864,90.91,600.44,0
37875,90.91,602.24,0
37886,90.91,585.11,0
37898,83.33,573.31,0
37909,90.91,604.23,0
37921,83.33,619.37,0
37933,83.33,603.81,0
37944,90.91,600.59,0
37955,90.91,597.08,0
37966,90.91,575.85,0
37978,83.33,589.37,0
37990,83.33,614.99,0
38001,90.91,603.69,0
38012,90.91,598.30,0
38024,83.33,603.28,0
38035,90.91,582.50,0
38046,90.91,582.99,0
38059,76.92,607.92,0
38070,90.91,605.81,0
38081,90.91,599.43,0
38092,90.91,608.11,0
38104,83.33,592.07,0
38115,90.91,574.12,0
38127,83.33,598.25,0
38138,90.91,618.98,0
38150,83.33,608.58,0
38161,90.91,609.31,0
38172,90.91,599.56,0
38183,90.91,573.22,0
38196,76.92,583.93,0
38207,90.91,615.82,0
38218,90.91,611.38,0
38230,83.33,606.22,0
38241,90.91,603.78,0
38252,90.91,577.40,0
38264,83.33,575.00,0
38276,83.33,611.74,0
38287,90.91,616.06,0
38298,90.91,605.64,0
38309,90.91,605.59,0
38321,83.33,585.88,0
38333,83.33,571.27,0
38344,90.91,601.09,0
38355,90.91,619.07,0
38367,83.33,608.23,0
38378,90.91,604.27,0
38389,90.91,591.61,0
38402,76.92,570.00,0
38413,90.91,589.55,0
38424,90.91,618.75,0
38435,90.91,607.85,0
38447,83.33,603.03,0
38458,90.91,600.69,0
38470,83.33,576.23,0
38481,90.91,582.04,0
38493,83.33,617.01,0
38504,90.91,613.95,0
38515,90.91,602.87,0
38526,90.91,603.02,0
38539,76.92,584.71,0
38550,90.91,575.29,0
38561,90.91,603.20,0
38573,83.33,613.78,0
38584,90.91,603.04,0
38595,90.91,603.39,0
38607,83.33,591.45,0
38619,83.33,572.05,0
38630,90.91,591.37,0
38641,90.91,616.42,0
38652,90.91,607.30,0
38664,83.33,604.98,0
38676,83.33,601.52,0
38687,90.91,575.54,0
38699,83.33,582.37,0
38710,90.91,614.20,0
38721,90.91,614.51,0
38732,90.91,606.27,0
38745,76.92,606.80,0
38756,90.91,582.71,0
38767,90.91,574.07,0
38778,90.91,602.39,0
38790,83.33,615.27,0
38801,90.91,606.91,0
38813,90.91,608.65,0
38824,83.33,588.79,0
38836,83.33,569.21,0
38847,90.91,590.98,0
38858,90.91,612.87,0
38870,83.33,606.08,0
38882,90.91,607.82,0
38893,83.33,596.38,0
38904,90.91,569.15,0
38916,83.33,585.04,0
38927,90.91,617.67,0
38938,90.91,612.74,0
38950,90.91,606.25,0
38962,76.92,603.68,0
38973,90.91,577.64,0
38984,90.91,574.48,0
38995,90.91,611.46,0
39007,83.33,615.63,0
39019,90.91,596.27,0
39030,83.33,597.20,0
39042,83.33,589.17,0
39053,90.91,575.45,0
39064,90.91,598.40,0
39075,90.91,614.88,0
39087,83.33,601.58,0
39099,83.33,603.02,0
39110,90.91,598.53,0
39121,90.91,574.43,0
39133,83.33,585.49,0
39144,90.91,615.74,0
39155,90.91,612.74,0
39168,76.92,605.24,0
39179,90.91,604.10,0
39190,90.91,580.27,0
39201,90.91,573.00,0
39213,83.33,604.52,0
39224,90.91,616.25,0
39236,83.33,608.41,0
39247,90.91,609.46,0
39259,83.33,586.45,0
39270,90.91,569.38,0
39281,90.91,599.20,0
39292,90.91,616.12,0
39305,76.92,605.31,0
39316,90.91,606.01,0
39327,90.91,592.56,0
39339,83.33,570.75,0
39350,90.91,586.15,0
39361,90.91,617.31,0
39373,83.33,611.15,0
39385,83.33,604.18,0
39396,90.91,604.17,0
39407,90.91,577.12,0
39418,90.91,577.02,0
39430,83.33,609.31,0
39442,83.33,614.00,0
39453,90.91,604.76,0
39464,90.91,604.76,0
39476,83.33,584.70,0
39487,90.91,570.83,0
39498,90.91,598.42,0
39511,76.92,615.79,0
39522,90.91,603.32,0
39533,90.91,603.01,0
39544,90.91,595.68,0
39556,83.33,573.85,0
39567,90.91,588.22,0
39579,83.33,613.60,0
39590,90.91,606.37,0
39602,83.33,604.20,0
39613,90.91,604.55,0
39624,90.91,576.53,0
39635,90.91,579.27,0
39648,76.92,611.89,0
39659,90.91,612.98,0
39670,90.91,604.48,0
39682,83.33,606.63,0
39693,90.91,582.55,0
39704,90.91,569.22,0
39716,83.33,605.40,0
39728,83.33,620.13,0
39739,90.91,605.50,0
39750,90.91,607.14,0
39761,90.91,594.38,0
39773,83.33,573.48,0
39785,83.33,595.67,0
39796,90.91,618.18,0
39808,83.33,604.73,0
39819,90.91,604.09,0
39830,90.91,599.97,0
39841,90.91,575.90,0
39854,76.92,583.83,0
39865,90.91,610.87,0
39876,90.91,611.55,0
39887,90.91,604.25,0
39899,83.33,608.17,0
39910,90.91,586.87,0
39922,83.33,577.21,0
39933,90.91,602.97,0
39945,83.33,614.59,0
39956,90.91,608.34,0
39967,90.91,609.87,0
39979,83.33,591.76,0
39991,83.33,572.18,0
40002,90.91,592.75,0
40013,90.91,611.88,0
40025,83.33,604.06,0
40036,90.91,610.57,0
40047,90.91,600.98,0
40059,90.91,571.56,0
40071,83.33,581.84,0
40082,90.91,613.68,0
40093,90.91,611.65,0
40104,90.91,605.23,0
40116,83.33,602.87,0
40128,90.91,576.98,0
40139,83.33,573.00,0
40151,83.33,606.05,0
40162,90.91,615.69,0
40173,90.91,606.22,0
40184,90.91,608.50,0
40197,83.33,587.97,0
40208,83.33,572.44,0
40219,90.91,598.30,0
40230,90.91,618.44,0
40242,83.33,606.94,0
40253,90.91,603.15,0
40265,90.91,595.68,0
40276,83.33,572.20,0
40288,83.33,581.23,0
40299,90.91,613.37,0
40310,90.91,609.67,0
40322,83.33,602.12,0
40334,90.91,603.11,0
40345,83.33,580.90,0
40356,90.91,577.00,0
40368,83.33,607.56,0
40379,90.91,616.38,0
40390,90.91,603.16,0
40401,90.91,606.24,0
40414,76.92,592.89,0
40425,90.91,571.35,0
40436,90.91,597.40,0
40448,83.33,618.41,0
40459,90.91,608.28,0
40470,90.91,605.65,0
40482,83.33,594.99,0
40494,83.33,574.23,0
40505,90.91,586.63,0
40516,90.91,614.06,0
40527,90.91,613.80,0
40539,83.33,607.47,0
40551,83.33,599.70,0
40562,90.91,577.48,0
40573,90.91,579.80,0
40585,83.33,610.89,0
40596,90.91,618.25,0
40607,90.91,608.66,0
40620,76.92,601.74,0
40631,90.91,583.28,0
40642,90.91,573.23,0
40653,90.91,599.37,0
40665,83.33,615.66,0
40676,90.91,604.35,0
40688,83.33,602.24,0
40699,90.91,595.72,0
40711,83.33,575.75,0
40722,90.91,593.06,0
40733,90.91,617.47,0
40744,90.91,610.37,0
40757,76.92,602.79,0
40768,90.91,597.53,0
40779,90.91,577.59,0
40791,83.33,583.74,0
40802,90.91,609.39,0
40813,90.91,612.26,0
40825,83.33,599.54,0
40837,83.33,599.60,0
40848,90.91,584.02,0
40859,90.91,575.03,0
40870,90.91,600.38,0
40882,83.33,614.85,0
40894,83.33,601.08,0
40905,90.91,601.16,0
40916,90.91,591.07,0
40928,83.33,577.11,0
40939,90.91,597.03,0
40950,90.91,614.45,0
40963,76.92,606.48,0
40974,90.91,605.16,0
40985,90.91,601.43,0
40996,90.91,581.60,0
41008,83.33,585.53,0
41019,90.91,610.64,0
41031,83.33,609.43,0
41042,90.91,606.48,0
41054,83.33,608.46,0
41065,90.91,585.19,0
41076,90.91,572.18,0
41088,83.33,600.64,0
41100,83.33,611.91,0
41111,90.91,602.53,0
41122,90.91,609.69,0
41134,83.33,596.42,0
41145,90.91,572.60,0
41156,90.91,593.02,0
41168,83.33,616.52,0
41180,83.33,608.55,0
41191,90.91,609.09,0
41202,90.91,603.16,0
41213,90.91,574.95,0
41225,83.33,578.92,0
41237,83.33,611.49,0
41248,90.91,613.19,0
41260,83.33,605.25,0
41271,90.91,603.72,0
41282,90.91,578.30,0
41293,90.91,572.68,0
41306,76.92,604.04,0
41317,90.91,618.55,0
41328,90.91,609.44,0
41339,90.91,605.68,0
41351,83.33,589.14,0
41362,90.91,571.32,0
41374,83.33,597.55,0
41385,90.91,620.88,0
41397,83.33,610.66,0
41408,90.91,605.27,0
41419,90.91,593.57,0
41431,83.33,570.80,0
41443,90.91,587.73,0
41454,83.33,614.48,0
41465,90.91,610.25,0
41477,83.33,603.27,0
41488,90.91,597.34,0
41499,90.91,578.06,0
41511,90.91,580.67,0
41523,76.92,610.26,0
41534,90.91,610.81,0
41545,90.91,602.20,0
41556,90.91,605.37,0
41568,83.33,587.05,0
41580,90.91,573.57,0
41591,83.33,598.14,0
41603,83.33,614.48,0
41614,90.91,606.37,0
41625,90.91,607.19,0
41636,90.91,594.58,0
41649,83.33,574.54,0
41660,83.33,593.51,0
41671,90.91,613.82,0
41682,90.91,607.25,0
41694,83.33,606.15,0
41705,90.91,600.31,0
41717,90.91,576.95,0
41729,76.92,581.38,0
41740,90.91,609.23,0
41751,90.91,608.51,0
41762,90.91,607.55,0
41774,83.33,608.17,0
41786,90.91,580.74,0
41797,83.33,573.57,0
41808,90.91,603.35,0
41820,83.33,615.25,0
41831,90.91,604.44,0
41842,90.91,606.75,0
41853,90.91,596.09,0
41866,76.92,576.63,0
41877,90.91,592.41,0
41888,90.91,611.69,0
41900,83.33,605.97,0
41911,90.91,609.30,0
41922,90.91,602.87,0
41934,83.33,573.20,0
41946,83.33,579.17,0
41957,90.91,611.67,0
41968,90.91,613.89,0
41979,90.91,604.85,0
41991,83.33,608.20,0
42003,83.33,586.14,0
42014,90.91,573.81,0
42025,90.91,603.88,0
42037,83.33,616.65,0
42048,90.91,607.31,0
42059,90.91,608.04,0
42072,76.92,588.69,0
42083,90.91,567.50,0
42094,90.91,591.40,0
42105,90.91,615.89,0
42117,83.33,606.61,0
42128,90.91,605.65,0
42140,83.33,595.25,0
42151,90.91,570.18,0
42163,83.33,583.55,0
42174,90.91,614.23,0
42185,90.91,612.05,0
42196,90.91,606.81,0
42209,76.92,603.35,0
42220,90.91,579.35,0
42231,90.91,577.55,0
42243,83.33,609.76,0
42254,90.91,616.82,0
42265,90.91,603.83,0
42277,83.33,601.15,0
42289,83.33,584.40,0
42300,90.91,571.55,0
42311,90.91,597.52,0
42322,90.91,614.56,0
42334,83.33,601.89,0
42346,83.33,601.95,0
42357,90.91,598.60,0
42369,83.33,578.26,0
42380,90.91,589.71,0
42391,90.91,613.73,0
42402,90.91,607.91,0
42415,76.92,606.88,0
42426,90.91,605.60,0
42437,90.91,579.12,0
42448,90.91,577.24,0
42460,83.33,604.64,0
42471,90.91,609.80,0
42483,83.33,603.77,0
