1,1000.00,-0.00,0
55,18.87,3974.07,0
66,83.33,4020.10,0
77,90.91,4023.19,0
89,83.33,3980.26,0
100,90.91,3951.54,0
111,90.91,3975.85,0
122,90.91,4025.36,0
135,76.92,4035.83,0
146,90.91,3990.33,0
157,90.91,3947.35,0
168,90.91,3965.48,0
180,83.33,4014.99,0
191,90.91,4029.82,0
203,83.33,3986.63,0
215,83.33,3944.35,0
226,90.91,3960.98,0
237,90.91,4014.58,0
248,90.91,4040.21,0
260,83.33,3999.02,0
271,90.91,3949.92,0
283,83.33,3959.83,0
294,90.91,4011.98,0
306,83.33,4035.42,0
317,90.91,3997.90,0
328,90.91,3945.32,0
339,90.91,3949.90,0
352,76.92,4001.92,0
363,90.91,4035.62,0
374,90.91,4004.97,0
386,83.33,3952.55,0
397,90.91,3951.42,0
408,90.91,4003.80,0
420,90.91,4038.28,0
432,76.92,4004.71,0
443,90.91,3950.32,0
454,90.91,3946.79,0
465,90.91,3993.70,0
477,83.33,4031.30,0
488,90.91,4011.64,0
500,83.33,3963.23,0
512,83.33,3946.38,0
523,90.91,3989.44,0
534,90.91,4031.96,0
545,90.91,4020.34,0
557,83.33,3971.04,0
569,83.33,3947.51,0
580,90.91,3980.96,0
591,90.91,4026.08,0
603,83.33,4020.43,0
614,90.91,3972.79,0
625,90.91,3945.28,0
637,90.91,3975.90,0
649,76.92,4025.93,0
660,90.91,4028.50,0
671,90.91,3984.96,0
683,83.33,3949.94,0
694,90.91,3970.38,0
705,90.91,4019.13,0
717,83.33,4028.66,0
729,83.33,3983.32,0
740,90.91,3942.39,0
751,90.91,3960.05,0
762,90.91,4013.02,0
774,83.33,4034.59,0
786,83.33,3997.84,0
797,90.91,3954.34,0
808,90.91,3966.01,0
820,83.33,4014.22,0
831,90.91,4036.96,0
842,90.91,4000.76,0
855,83.33,3948.65,0
866,83.33,3950.48,0
877,90.91,3997.88,0
888,90.91,4031.89,0
900,83.33,4004.63,0
911,90.91,3956.74,0
922,90.91,3955.74,0
934,83.33,4005.63,0
946,83.33,4038.41,0
957,90.91,4014.54,0
968,90.91,3962.54,0
979,90.91,3951.83,0
991,83.33,3993.59,0
1003,83.33,4032.69,0
1014,90.91,4011.68,0
1026,83.33,3960.32,0
1037,90.91,3948.72,0
1048,90.91,3991.42,0
1059,90.91,4035.50,0
1071,83.33,4023.64,0
1083,83.33,3975.53,0
1094,90.91,3954.99,0
1105,90.91,3986.83,0
1117,83.33,4028.01,0
1128,90.91,4019.85,0
1139,90.91,3969.58,0
1152,76.92,3945.73,0
1163,90.91,3976.20,0
1174,90.91,4025.49,0
1185,90.91,4031.03,0
1197,83.33,3985.21,0
1208,90.91,3951.58,0
1220,90.91,3976.15,0
1231,83.33,4024.79,0
1243,83.33,4033.81,0
1254,90.91,3990.75,0
1265,90.91,3949.36,0
1276,90.91,3963.58,0
1288,83.33,4013.05,0
1300,83.33,4031.87,0
1311,90.91,3992.21,0
1323,83.33,3949.90,0
1334,90.91,3962.02,0
1345,90.91,4012.95,0
1356,90.91,4038.31,0
1369,76.92,4005.12,0
1380,90.91,3957.91,0
1391,90.91,3956.03,0
1402,90.91,4002.26,0
1414,83.33,4029.83,0
1425,90.91,4002.27,0
1437,90.91,3954.44,0
1448,83.33,3952.66,0
1460,83.33,3999.89,0
1471,90.91,4036.13,0
1482,90.91,4011.36,0
1494,83.33,3960.09,0
1505,90.91,3950.00,0
1517,83.33,3994.14,0
1528,90.91,4034.93,0
1540,83.33,4015.18,0
1551,90.91,3962.63,0
1562,90.91,3946.45,0
1573,90.91,3987.01,0
1586,76.92,4033.05,0
1597,90.91,4022.24,0
1608,90.91,3968.95,0
1619,90.91,3942.95,0
1631,83.33,3981.31,0
1642,90.91,4033.88,0
1653,90.91,4028.21,0
1666,76.92,3972.74,0
1677,90.91,3939.74,0
1688,90.91,3973.55,0
1699,90.91,4027.09,0
1711,83.33,4028.13,0
1722,90.91,3976.38,0
1734,83.33,3943.15,0
1745,90.91,3973.85,0
1757,83.33,4027.13,0
1768,90.91,4033.18,0
1779,90.91,3982.48,0
1790,90.91,3947.08,0
1803,76.92,3969.49,0
1814,90.91,4017.47,0
1825,90.91,4030.85,0
1837,83.33,3985.65,0
1848,90.91,3945.14,0
1859,90.91,3963.65,0
1870,90.91,4016.32,0
1883,76.92,4035.35,0
1894,90.91,3996.73,0
1905,90.91,3954.28,0
1916,90.91,3958.49,0
1928,83.33,4006.07,0
1939,90.91,4033.50,0
1951,83.33,4006.29,0
1963,83.33,3958.52,0
1974,90.91,3954.96,0
1985,90.91,4001.46,0
1996,90.91,4033.31,0
2008,83.33,4013.08,0
2020,90.91,3960.00,0
2031,83.33,3948.78,0
2042,90.91,3994.98,0
2054,83.33,4034.22,0
2065,90.91,4019.10,0
2076,90.91,3967.05,0
2087,90.91,3947.02,0
2100,76.92,3986.59,0
2111,90.91,4032.81,0
2122,90.91,4019.90,0
2134,83.33,3968.31,0
2145,90.91,3947.17,0
2156,90.91,3983.57,0
2168,83.33,4029.92,0
2180,83.33,4025.17,0
2191,90.91,3973.87,0
2202,90.91,3944.83,0
2213,90.91,3978.21,0
2225,83.33,4027.44,0
2236,90.91,4027.96,0
2248,83.33,3977.22,0
2259,90.91,3942.66,0
2271,83.33,3970.44,0
2282,90.91,4020.95,0
2293,90.91,4029.16,0
2305,83.33,3983.80,0
2317,83.33,3945.99,0
2328,90.91,3965.98,0
2339,90.91,4020.16,0
2351,83.33,4032.95,0
2362,90.91,3990.81,0
2373,90.91,3947.80,0
2385,90.91,3961.47,0
2397,76.92,4011.42,0
2408,90.91,4033.86,0
2419,90.91,3995.52,0
2430,90.91,3948.43,0
2442,83.33,3955.39,0
2453,90.91,4011.78,0
2465,83.33,4041.16,0
2477,83.33,4003.53,0
2488,90.91,3951.19,0
2499,90.91,3953.07,0
2510,90.91,4004.31,0
2522,83.33,4037.61,0
2534,83.33,4007.83,0
2545,90.91,3953.50,0
2556,90.91,3945.99,0
2568,83.33,3995.66,0
2579,90.91,4033.83,0
2590,90.91,4012.85,0
2603,90.91,3963.92,0
2614,76.92,3952.78,0
2625,90.91,3994.13,0
2636,90.91,4032.54,0
2648,83.33,4015.81,0
2659,90.91,3964.01,0
2670,90.91,3949.58,0
2682,83.33,3989.65,0
2694,83.33,4030.84,0
2705,90.91,4020.87,0
2716,90.91,3971.95,0
2727,90.91,3950.49,0
2739,83.33,3981.83,0
2751,83.33,4027.70,0
2762,90.91,4029.08,0
2774,83.33,3985.01,0
2785,90.91,3953.44,0
2796,90.91,3974.88,0
2807,90.91,4019.21,0
2819,83.33,4025.91,0
2831,83.33,3983.49,0
2842,90.91,3948.63,0
2853,90.91,3966.09,0
2865,83.33,4017.15,0
2876,90.91,4034.24,0
2887,90.91,3997.85,0
2899,83.33,3954.60,0
2911,83.33,3962.36,0
2922,90.91,4012.20,0
2933,90.91,4034.59,0
2945,83.33,4000.65,0
2956,90.91,3952.16,0
2968,83.33,3953.32,0
2979,90.91,4006.12,0
2991,83.33,4037.51,0
3002,90.91,4003.98,0
3013,90.91,3954.49,0
3024,90.91,3950.60,0
3036,83.33,4002.21,0
3048,83.33,4037.56,0
3059,90.91,4009.05,0
3070,90.91,3952.66,0
3082,83.33,3942.56,0
3093,90.91,3992.50,0
3104,90.91,4034.57,0
3117,76.92,4012.11,0
3128,90.91,3957.79,0
3139,90.91,3948.19,0
3150,90.91,3993.74,0
3162,83.33,4035.99,0
3173,90.91,4019.00,0
3185,90.91,3964.26,0
3196,83.33,3948.17,0
3208,83.33,3989.70,0
3219,90.91,4032.25,0
3230,90.91,4016.15,0
3241,90.91,3963.13,0
3253,83.33,3941.97,0
3265,83.33,3980.60,0
3276,90.91,4030.40,0
3288,83.33,4029.09,0
3299,90.91,3980.35,0
3310,90.91,3948.19,0
3321,90.91,3977.72,0
3334,76.92,4023.03,0
3345,90.91,4026.61,0
3356,90.91,3979.36,0
3367,90.91,3943.80,0
3379,83.33,3966.22,0
3390,90.91,4017.75,0
3402,90.91,4029.85,0
3414,76.92,3991.48,0
3425,90.91,3953.52,0
3436,90.91,3965.06,0
3447,90.91,4011.65,0
3459,83.33,4030.46,0
3470,90.91,3993.75,0
3482,83.33,3951.21,0
3493,90.91,3956.45,0
3505,83.33,4003.54,0
3516,90.91,4029.67,0
3527,90.91,4001.34,0
3538,90.91,3957.65,0
3551,76.92,3954.95,0
3562,90.91,3999.14,0
3573,90.91,4036.37,0
3585,83.33,4013.35,0
3596,90.91,3961.38,0
3607,90.91,3947.56,0
3619,90.91,3993.31,0
3631,76.92,4033.44,0
3642,90.91,4013.08,0
3653,90.91,3961.82,0
3664,90.91,3945.93,0
3676,83.33,3989.49,0
3687,90.91,4035.51,0
3699,83.33,4023.92,0
3710,90.91,3967.43,0
3722,83.33,3944.86,0
3733,90.91,3989.77,0
3744,90.91,4039.22,0
3756,83.33,4026.44,0
3768,83.33,3966.41,0
3779,90.91,3941.50,0
3790,90.91,3984.07,0
3802,83.33,4033.10,0
3813,90.91,4026.64,0
3824,90.91,3973.10,0
3835,90.91,3948.04,0
3848,76.92,3980.53,0
3859,90.91,4029.84,0
3870,90.91,4029.85,0
3881,90.91,3982.34,0
3893,83.33,3949.35,0
3904,90.91,3977.02,0
3916,83.33,4024.57,0
3928,83.33,4027.51,0
3939,90.91,3982.47,0
3950,90.91,3949.86,0
3961,90.91,3969.66,0
3973,83.33,4017.75,0
3985,90.91,4032.16,0
3996,83.33,3994.13,0
4007,90.91,3954.06,0
4019,83.33,3964.47,0
4030,90.91,4008.87,0
4041,90.91,4031.14,0
4052,90.91,4002.53,0
4065,76.92,3956.92,0
4076,90.91,3954.98,0
4087,90.91,4000.07,0
4099,83.33,4033.19,0
4110,90.91,4009.23,0
4121,90.91,3963.18,0
4133,83.33,3953.94,0
4145,83.33,3996.24,0
4156,90.91,4036.42,0
4167,90.91,4017.51,0
4178,90.91,3965.08,0
4190,83.33,3949.40,0
4201,90.91,3988.02,0
4213,83.33,4035.47,0
4225,83.33,4021.13,0
4236,90.91,3963.75,0
4247,90.91,3938.95,0
4258,90.91,3981.42,0
4270,83.33,4030.69,0
4282,83.33,4023.33,0
4293,90.91,3966.76,0
4304,90.91,3941.53,0
4316,83.33,3979.40,0
4327,90.91,4031.46,0
4338,90.91,4025.19,0
4350,83.33,3970.73,0
4362,83.33,3936.68,0
4373,90.91,3972.58,0
4384,90.91,4028.12,0
4396,83.33,4030.31,0
4407,90.91,3975.60,0
4418,90.91,3941.78,0
4430,83.33,3972.63,0
4442,83.33,4026.92,0
4453,90.91,4034.48,0
4464,90.91,3986.76,0
4475,90.91,3947.67,0
4487,83.33,3967.66,0
4499,83.33,4019.54,0
4510,90.91,4033.63,0
4521,90.91,3990.62,0
4533,83.33,3951.81,0
4544,90.91,3962.50,0
4555,90.91,4015.18,0
4568,83.33,4032.50,0
4579,83.33,3998.35,0
4590,90.91,3957.63,0
4601,90.91,3960.19,0
4613,83.33,4003.31,0
4624,90.91,4029.07,0
4635,90.91,4003.87,0
4647,83.33,3960.17,0
4659,83.33,3956.03,0
4670,90.91,4000.36,0
4681,90.91,4035.35,0
4692,90.91,4010.97,0
4704,83.33,3960.56,0
4716,83.33,3948.20,0
4727,90.91,3987.98,0
4739,83.33,4030.93,0
4750,90.91,4015.57,0
4761,90.91,3964.27,0
4772,90.91,3942.63,0
4784,83.33,3982.72,0
4796,83.33,4029.89,0
4807,90.91,4026.43,0
4818,90.91,3974.81,0
4830,83.33,3946.50,0
4841,90.91,3978.22,0
4852,90.91,4028.90,0
4865,76.92,4031.53,0
4876,90.91,3980.15,0
4887,90.91,3944.63,0
4898,90.91,3973.51,0
4910,83.33,4027.61,0
4921,90.91,4033.29,0
4933,90.91,3980.94,0
4944,83.33,3941.17,0
4956,83.33,3968.98,0
4967,90.91,4028.70,0
4978,90.91,4036.99,0
4989,90.91,3985.79,0
5001,83.33,3945.50,0
5013,83.33,3968.58,0
5024,90.91,4021.13,0
5036,83.33,4033.44,0
5047,90.91,3989.04,0
5058,90.91,3945.60,0
5069,90.91,3961.16,0
5082,76.92,4013.50,0
5093,90.91,4031.51,0
5104,90.91,3993.31,0
5115,90.91,3951.89,0
5127,83.33,3959.00,0
5138,90.91,4007.87,0
5150,90.91,4033.31,0
5161,83.33,4001.46,0
5173,83.33,3955.71,0
5184,90.91,3951.22,0
5195,90.91,3996.14,0
5207,83.33,4032.96,0
5218,90.91,4012.52,0
5230,83.33,3963.60,0
5241,90.91,3952.20,0
5253,83.33,3991.55,0
5264,90.91,4028.27,0
5275,90.91,4016.81,0
5286,90.91,3961.91,0
5299,76.92,3941.98,0
5310,90.91,3981.58,0
5321,90.91,4026.79,0
5332,90.91,4021.62,0
5344,83.33,3972.86,0
5355,90.91,3946.44,0
5366,90.91,3984.01,0
5379,76.92,4033.46,0
5390,90.91,4029.83,0
5401,90.91,3978.22,0
5412,90.91,3940.95,0
5424,83.33,3968.96,0
5435,90.91,4024.65,0
5447,83.33,4030.85,0
5458,90.91,3977.69,0
5470,83.33,3940.34,0
5481,90.91,3965.78,0
5492,90.91,4024.76,0
5504,83.33,4036.08,0
5516,83.33,3989.42,0
5527,90.91,3947.34,0
5538,90.91,3967.27,0
5550,83.33,4020.90,0
5561,90.91,4034.57,0
5572,90.91,3990.77,0
5583,90.91,3946.86,0
5596,76.92,3961.73,0
5607,90.91,4013.05,0
5618,90.91,4036.66,0
5629,90.91,4001.46,0
5641,83.33,3955.89,0
5652,90.91,3961.31,0
5664,83.33,4011.98,0
5676,83.33,4037.66,0
5687,90.91,4002.66,0
5698,90.91,3955.61,0
5709,90.91,3951.52,0
5721,83.33,3997.42,0
5733,90.91,4032.82,0
5744,83.33,4007.39,0
5755,90.91,3960.86,0
5767,83.33,3957.88,0
5778,90.91,4001.69,0
5789,90.91,4034.33,0
5800,90.91,4013.77,0
5813,76.92,3966.26,0
5824,90.91,3950.15,0
5835,90.91,3986.02,0
5847,83.33,4026.99,0
5858,90.91,4016.69,0
5869,90.91,3967.82,0
5881,83.33,3949.74,0
5893,83.33,3985.24,0
5904,90.91,4031.11,0
5915,90.91,4028.82,0
5926,90.91,3981.58,0
5938,83.33,3948.98,0
5949,90.91,3970.66,0
5961,83.33,4018.08,0
5972,90.91,4023.40,0
5984,83.33,3979.15,0
5995,90.91,3944.50,0
6006,90.91,3968.93,0
6018,83.33,4024.19,0
6030,83.33,4036.97,0
6041,90.91,3993.19,0
6052,90.91,3952.27,0
6064,83.33,3970.38,0
6075,90.91,4021.73,0
6086,90.91,4035.35,0
6098,90.91,3990.14,0
6110,76.92,3941.26,0
6121,90.91,3957.05,0
6132,90.91,4010.81,0
6144,83.33,4033.45,0
6155,90.91,3998.96,0
6166,90.91,3953.18,0
6178,83.33,3961.40,0
6190,83.33,4017.19,0
6201,90.91,4041.87,0
6212,90.91,4005.56,0
6223,90.91,3951.53,0
6235,83.33,3948.98,0
6247,83.33,3998.28,0
6258,90.91,4033.34,0
6269,90.91,4005.63,0
6281,83.33,3955.56,0
6292,90.91,3948.83,0
6303,90.91,3999.20,0
6316,83.33,4038.60,0
6327,83.33,4021.43,0
6338,90.91,3964.19,0
6349,90.91,3947.69,0
6361,83.33,3992.96,0
6372,90.91,4033.18,0
6383,90.91,4015.64,0
6395,83.33,3962.79,0
6407,83.33,3941.90,0
6418,90.91,3986.22,0
6429,90.91,4035.18,0
6440,90.91,4027.67,0
6452,83.33,3974.85,0
6464,83.33,3950.73,0
6475,90.91,3981.58,0
6487,83.33,4028.65,0
6498,90.91,4024.97,0
6509,90.91,3975.33,0
6520,90.91,3945.87,0
6532,83.33,3972.18,0
6544,83.33,4021.69,0
6555,90.91,4024.43,0
6566,90.91,3980.14,0
6578,83.33,3945.56,0
6589,90.91,3967.53,0
6600,90.91,4019.03,0
6612,83.33,4032.91,0
6624,83.33,3988.24,0
6635,90.91,3944.97,0
6646,90.91,3961.71,0
6658,83.33,4013.81,0
6669,90.91,4033.01,0
6681,90.91,3995.44,0
6692,83.33,3950.14,0
6704,83.33,3959.19,0
6715,90.91,4010.46,0
6726,90.91,4037.81,0
6737,90.91,4007.08,0
6749,83.33,3955.75,0
6761,83.33,3953.24,0
6772,90.91,3999.16,0
6784,83.33,4033.82,0
6795,90.91,4006.07,0
6806,90.91,3955.09,0
6817,90.91,3948.52,0
6830,76.92,3998.06,0
6841,90.91,4037.95,0
6852,90.91,4020.82,0
6863,90.91,3967.04,0
6875,83.33,3949.58,0
6886,90.91,3993.81,0
6898,90.91,4036.09,0
6909,83.33,4020.45,0
6921,83.33,3962.05,0
6932,90.91,3940.00,0
6943,90.91,3982.09,0
6955,83.33,4031.29,0
6966,90.91,4026.04,0
6978,83.33,3975.71,0
6989,90.91,3949.59,0
7001,83.33,3982.03,0
7012,90.91,4034.17,0
7023,90.91,4026.97,0
7034,90.91,3972.27,0
7047,76.92,3940.63,0
7058,90.91,3971.75,0
7069,90.91,4024.47,0
7080,90.91,4027.33,0
7092,83.33,3979.03,0
7103,90.91,3942.99,0
7115,90.91,3971.72,0
7127,76.92,4027.24,0
7138,90.91,4037.13,0
7149,90.91,3987.76,0
7160,90.91,3947.60,0
7172,83.33,3963.81,0
7183,90.91,4011.43,0
7195,83.33,4031.77,0
7206,90.91,3993.65,0
7218,83.33,3949.51,0
7229,90.91,3960.58,0
7240,90.91,4013.12,0
7251,90.91,4038.27,0
7264,76.92,4008.73,0
7275,90.91,3961.17,0
7286,90.91,3956.51,0
7298,83.33,4000.29,0
7309,90.91,4030.97,0
7320,90.91,4007.89,0
7331,90.91,3953.68,0
7344,76.92,3945.61,0
7355,90.91,3995.58,0
7366,90.91,4034.74,0
7377,90.91,4017.00,0
7389,83.33,3966.70,0
7400,90.91,3948.50,0
7412,83.33,3991.47,0
7424,83.33,4033.85,0
7435,90.91,4018.88,0
7446,90.91,3963.22,0
7457,90.91,3937.52,0
7469,83.33,3976.15,0
7481,90.91,4025.45,0
7492,83.33,4020.56,0
7503,90.91,3967.82,0
7515,83.33,3943.39,0
7526,90.91,3980.02,0
7537,90.91,4030.96,0
7548,90.91,4029.69,0
7561,76.92,3971.79,0
7572,90.91,3940.81,0
7583,90.91,3973.19,0
7595,83.33,4025.06,0
7606,90.91,4029.04,0
7617,90.91,3973.73,0
7629,83.33,3937.81,0
7641,83.33,3968.88,0
7652,90.91,4024.66,0
7663,90.91,4033.38,0
7674,90.91,3986.73,0
7686,83.33,3947.53,0
7698,90.91,3969.44,0
7709,83.33,4018.86,0
7720,90.91,4032.14,0
7732,83.33,3990.25,0
7743,90.91,3945.16,0
7754,90.91,3958.22,0
7766,83.33,4008.05,0
7778,83.33,4031.05,0
7789,90.91,3998.41,0
7800,90.91,3956.37,0
7812,83.33,3959.79,0
7823,90.91,4008.16,0
7834,90.91,4034.09,0
7846,83.33,4003.85,0
7858,83.33,3954.85,0
7869,90.91,3947.26,0
7880,90.91,3995.64,0
7891,90.91,4031.47,0
7903,83.33,4011.44,0
7914,90.91,3962.49,0
7926,83.33,3950.90,0
7938,83.33,3993.60,0
7949,90.91,4037.99,0
7960,90.91,4020.75,0
7971,90.91,3969.47,0
7983,83.33,3948.16,0
7995,83.33,3984.27,0
8006,90.91,4031.58,0
8017,90.91,4020.70,0
8029,83.33,3965.92,0
8040,90.91,3941.38,0
8051,90.91,3979.27,0
8064,90.91,4033.00,0
8075,76.92,4032.63,0
8086,90.91,3981.70,0
8097,90.91,3950.84,0
8109,83.33,3979.13,0
8120,90.91,4028.86,0
8131,90.91,4028.78,0
8143,83.33,3976.36,0
8155,83.33,3938.44,0
8166,90.91,3964.18,0
8177,90.91,4023.88,0
8188,90.91,4035.75,0
8200,83.33,3988.40,0
8212,83.33,3948.52,0
8223,90.91,3971.62,0
8235,83.33,4025.73,0
8246,90.91,4039.78,0
8257,90.91,3993.15,0
8268,90.91,3945.99,0
8281,83.33,3957.59,0
8292,83.33,4011.96,0
8303,90.91,4032.14,0
8314,90.91,3996.70,0
8326,83.33,3950.53,0
8337,90.91,3958.77,0
8348,90.91,4011.15,0
8360,83.33,4037.89,0
8372,83.33,4005.20,0
8383,90.91,3958.06,0
8394,90.91,3955.96,0
8406,83.33,4001.74,0
8417,90.91,4031.00,0
8429,83.33,4003.49,0
8440,90.91,3956.10,0
8452,83.33,3948.10,0
8463,90.91,3990.11,0
8474,90.91,4030.45,0
8485,90.91,4017.31,0
8497,83.33,3972.58,0
8509,83.33,3957.75,0
8520,90.91,3992.08,0
8531,90.91,4030.95,0
8543,83.33,4022.72,0
8554,90.91,3971.48,0
8565,90.91,3941.80,0
8578,76.92,3973.30,0
8589,90.91,4021.92,0
8600,90.91,4025.36,0
8611,90.91,3979.88,0
8623,83.33,3949.51,0
8634,90.91,3975.55,0
8646,90.91,4026.68,0
8657,83.33,4034.35,0
8669,83.33,3983.93,0
8680,90.91,3943.08,0
8691,90.91,3960.09,0
8702,90.91,4016.56,0
8714,83.33,4031.39,0
8726,83.33,3988.91,0
8737,90.91,3943.72,0
8749,83.33,3960.40,0
8760,90.91,4020.47,0
8771,90.91,4043.24,0
8782,90.91,3997.48,0
8795,76.92,3950.73,0
8806,90.91,3961.23,0
8817,90.91,4013.84,0
8828,90.91,4039.82,0
8840,83.33,3995.98,0
8851,90.91,3946.23,0
8863,90.91,3957.29,0
8875,76.92,4007.76,0
8886,90.91,4034.55,0
8897,90.91,4004.09,0
8908,90.91,3956.38,0
8920,83.33,3957.02,0
8931,90.91,4003.32,0
8943,83.33,4030.77,0
8954,90.91,4000.63,0
8966,83.33,3954.13,0
8977,90.91,3947.31,0
8988,90.91,3992.48,0
8999,90.91,4029.94,0
9012,76.92,4018.50,0
9023,90.91,3973.00,0
9034,90.91,3958.56,0
9046,83.33,3994.74,0
9057,90.91,4033.37,0
9068,90.91,4023.48,0
9079,90.91,3971.71,0
9092,76.92,3948.05,0
9103,90.91,3978.45,0
9114,90.91,4022.65,0
9125,90.91,4022.33,0
9137,83.33,3977.85,0
9148,90.91,3949.20,0
9160,83.33,3977.68,0
9171,90.91,4028.35,0
9183,83.33,4034.16,0
9194,90.91,3988.68,0
9205,90.91,3947.44,0
9217,83.33,3963.90,0
9229,90.91,4014.88,0
9240,83.33,4033.54,0
9251,90.91,3989.49,0
9263,83.33,3945.48,0
9274,90.91,3960.51,0
9285,90.91,4016.11,0
9296,90.91,4043.15,0
9309,76.92,4001.63,0
9320,90.91,3947.25,0
9331,90.91,3956.00,0
9342,90.91,4010.39,0
9354,83.33,4036.23,0
9365,90.91,3998.10,0
9377,83.33,3947.81,0
9389,83.33,3946.92,0
9400,90.91,4002.36,0
9411,90.91,4038.67,0
9422,90.91,4007.76,0
9434,83.33,3957.30,0
9446,90.91,3953.36,0
9457,83.33,4005.43,0
9468,90.91,4043.15,0
9480,83.33,4011.03,0
9491,90.91,3951.91,0
9502,90.91,3944.61,0
9513,90.91,3995.11,0
9526,76.92,4033.03,0
9537,90.91,4013.25,0
9548,90.91,3960.04,0
9560,83.33,3947.16,0
9571,90.91,3994.28,0
9582,90.91,4039.75,0
9594,83.33,4024.71,0
9606,83.33,3971.35,0
9617,90.91,3945.98,0
9628,90.91,3981.39,0
9639,90.91,4028.49,0
9651,83.33,4021.91,0
9662,90.91,3972.98,0
9674,83.33,3946.42,0
9686,83.33,3980.55,0
9697,90.91,4032.02,0
9708,90.91,4033.40,0
9719,90.91,3987.42,0
9731,83.33,3953.17,0
9743,83.33,3972.25,0
9754,90.91,4017.76,0
9765,90.91,4029.12,0
9777,83.33,3985.94,0
9788,90.91,3945.68,0
9799,90.91,3959.75,0
9811,90.91,4015.01,0
9823,76.92,4035.29,0
9834,90.91,3994.00,0
9845,90.91,3947.61,0
9857,83.33,3959.24,0
9868,90.91,4014.98,0
9879,90.91,4039.17,0
9891,83.33,3997.98,0
9903,83.33,3950.45,0
9914,90.91,3953.74,0
9925,90.91,4003.70,0
9936,90.91,4032.96,0
9948,83.33,4002.79,0
9960,83.33,3956.82,0
9971,90.91,3951.48,0
9982,90.91,4002.62,0
9994,83.33,4040.95,0
10005,90.91,4015.88,0
10016,90.91,3961.98,0
10028,83.33,3947.48,0
10040,83.33,3993.46,0
10051,90.91,4032.58,0
10062,90.91,4012.87,0
10074,83.33,3961.83,0
10085,90.91,3942.81,0
10096,90.91,3987.32,0
10108,83.33,4035.61,0
10120,83.33,4023.46,0
10131,90.91,3972.43,0
10142,90.91,3949.52,0
10153,90.91,3981.84,0
10165,83.33,4029.00,0
10177,90.91,4021.75,0
10188,83.33,3973.13,0
10200,83.33,3943.98,0
10211,90.91,3975.81,0
10222,90.91,4024.61,0
10233,90.91,4028.10,0
10245,83.33,3981.72,0
10257,83.33,3949.63,0
10268,90.91,3977.03,0
10279,90.91,4028.61,0
10291,83.33,4030.59,0
10302,90.91,3981.36,0
10313,90.91,3943.03,0
10326,76.92,3965.37,0
10337,90.91,4015.86,0
10348,90.91,4029.08,0
10359,90.91,3987.38,0
10371,83.33,3945.48,0
10382,90.91,3961.45,0
10394,90.91,4014.52,0
10405,83.33,4038.21,0
10417,83.33,3999.95,0
10428,90.91,3949.74,0
10439,90.91,3954.79,0
10450,90.91,4005.18,0
10462,83.33,4027.65,0
10474,83.33,3995.58,0
10485,90.91,3951.09,0
10497,83.33,3954.17,0
10508,90.91,4003.40,0
10519,90.91,4036.89,0
10530,90.91,4008.01,0
10543,76.92,3958.96,0
10554,90.91,3952.80,0
10565,90.91,3998.17,0
10576,90.91,4033.50,0
10588,83.33,4010.82,0
10599,90.91,3960.49,0
10611,90.91,3945.59,0
10622,83.33,3985.88,0
10634,83.33,4028.85,0
10645,90.91,4019.90,0
10656,90.91,3973.26,0
10668,83.33,3954.30,0
10679,90.91,3988.81,0
10691,83.33,4031.74,0
10702,90.91,4024.22,0
10714,83.33,3977.03,0
10725,90.91,3948.21,0
10736,90.91,3973.11,0
10747,90.91,4021.87,0
10760,76.92,4028.82,0
10771,90.91,3986.02,0
10782,90.91,3952.34,0
10793,90.91,3972.46,0
10805,83.33,4023.64,0
10816,90.91,4037.41,0
10827,90.91,3990.62,0
10840,76.92,3945.64,0
10851,90.91,3959.58,0
10862,90.91,4015.42,0
10873,90.91,4035.99,0
10885,83.33,3994.08,0
10896,90.91,3946.08,0
10908,83.33,3958.67,0
10919,90.91,4013.75,0
10931,83.33,4039.66,0
10942,90.91,4002.21,0
10953,90.91,3949.93,0
10964,90.91,3955.53,0
10977,83.33,4008.85,0
10988,83.33,4038.94,0
10999,90.91,4003.80,0
11011,83.33,3949.98,0
11022,90.91,3947.98,0
11033,90.91,4003.45,0
11044,90.91,4040.15,0
11057,76.92,4011.45,0
11068,90.91,3961.15,0
11079,90.91,3954.39,0
11090,90.91,3999.95,0
11102,83.33,4035.76,0
11113,90.91,4013.19,0
11125,83.33,3959.92,0
11137,83.33,3945.64,0
11148,90.91,3987.53,0
11159,90.91,4027.21,0
11170,90.91,4014.79,0
11182,83.33,3965.70,0
11193,90.91,3948.69,0
11205,83.33,3986.63,0
11216,90.91,4035.19,0
11228,83.33,4024.28,0
11239,90.91,3970.44,0
11250,90.91,3943.81,0
11261,90.91,3975.57,0
11274,76.92,4026.38,0
11285,90.91,4026.36,0
11296,90.91,3976.64,0
11308,83.33,3943.04,0
11319,90.91,3970.88,0
11330,90.91,4026.98,0
11342,83.33,4033.42,0
11354,83.33,3989.50,0
11365,90.91,3952.18,0
11376,90.91,3968.78,0
11387,90.91,4014.60,0
11399,83.33,4028.17,0
11410,90.91,3986.41,0
11422,83.33,3945.20,0
11433,90.91,3957.92,0
11445,83.33,4010.32,0
11456,90.91,4036.89,0
11467,90.91,4003.29,0
11479,83.33,3957.07,0
11491,83.33,3961.67,0
11502,90.91,4008.58,0
11513,90.91,4037.79,0
11525,83.33,4006.67,0
11536,90.91,3956.11,0
11547,90.91,3947.95,0
11559,90.91,3994.97,0
11571,76.92,4034.39,0
11582,90.91,4013.97,0
11593,90.91,3959.89,0
11604,90.91,3948.88,0
11616,83.33,3997.79,0
11627,90.91,4040.19,0
11639,83.33,4023.76,0
11651,83.33,3964.98,0
11662,90.91,3945.93,0
11673,90.91,3988.46,0
11684,90.91,4034.71,0
11696,83.33,4021.77,0
11708,83.33,3967.20,0
11719,90.91,3942.15,0
11730,90.91,3978.70,0
11742,83.33,4032.01,0
11753,90.91,4030.58,0
11764,90.91,3978.92,0
11777,83.33,3946.33,0
11788,83.33,3977.45,0
11799,90.91,4027.76,0
11810,90.91,4027.82,0
11822,83.33,3975.27,0
11833,90.91,3944.28,0
11844,90.91,3969.14,0
11856,83.33,4020.47,0
11868,83.33,4033.51,0
11879,90.91,3987.40,0
11890,90.91,3950.75,0
11901,90.91,3971.95,0
11913,83.33,4022.87,0
11925,83.33,4033.95,0
11936,90.91,3988.29,0
11948,83.33,3945.47,0
11959,90.91,3960.24,0
11970,90.91,4007.56,0
11981,90.91,4025.33,0
11993,83.33,3992.06,0
12005,83.33,3952.92,0
12016,90.91,3963.72,0
12027,90.91,4012.96,0
12039,83.33,4036.55,0
12050,90.91,4007.09,0
12061,90.91,3960.94,0
12073,83.33,3953.30,0
12085,83.33,3996.58,0
12096,90.91,4029.57,0
12107,90.91,4006.25,0
12119,83.33,3956.04,0
12130,90.91,3950.51,0
12142,90.91,3992.87,0
12153,83.33,4030.78,0
12165,83.33,4018.89,0
12176,90.91,3969.90,0
12187,90.91,3947.34,0
12198,90.91,3983.66,0
12210,83.33,4028.72,0
12222,83.33,4017.11,0
12233,90.91,3962.22,0
12244,90.91,3939.03,0
12256,83.33,3974.73,0
12267,90.91,4023.02,0
12278,90.91,4027.04,0
12291,76.92,3981.26,0
12302,90.91,3951.96,0
12313,90.91,3977.72,0
12324,90.91,4026.86,0
12336,83.33,4030.66,0
12347,90.91,3977.42,0
12359,90.91,3940.61,0
12370,83.33,3962.00,0
12382,83.33,4019.80,0
12393,90.91,4033.15,0
12404,90.91,3986.90,0
12416,83.33,3946.53,0
12427,90.91,3965.95,0
12439,83.33,4022.97,0
12450,90.91,4040.88,0
12462,83.33,3993.88,0
12473,90.91,3949.28,0
12484,90.91,3961.81,0
12495,90.91,4011.57,0
12508,76.92,4031.89,0
12519,90.91,3991.40,0
12530,90.91,3947.99,0
12541,90.91,3955.14,0
12553,83.33,4008.51,0
12564,90.91,4036.82,0
12575,90.91,4004.27,0
12588,76.92,3961.42,0
12599,90.91,3961.15,0
12610,90.91,4001.17,0
12621,90.91,4028.49,0
12633,83.33,4001.86,0
12644,90.91,3957.29,0
12656,83.33,3947.91,0
12667,90.91,3991.74,0
12679,83.33,4030.30,0
12690,90.91,4015.11,0
12701,90.91,3971.04,0
12712,90.91,3957.32,0
12725,83.33,3990.73,0
12736,83.33,4028.94,0
12747,90.91,4021.39,0
12759,83.33,3975.22,0
12770,90.91,3944.73,0
12781,90.91,3969.82,0
12792,90.91,4016.07,0
12805,76.92,4024.00,0
12816,90.91,3981.84,0
12827,90.91,3950.59,0
12838,90.91,3976.83,0
12850,83.33,4028.62,0
12861,90.91,4037.85,0
12873,83.33,3989.46,0
12884,90.91,3944.73,0
12896,83.33,3960.55,0
12907,90.91,4014.49,0
12918,90.91,4030.80,0
12930,83.33,3986.99,0
12942,90.91,3944.06,0
12953,83.33,3961.65,0
12964,90.91,4017.89,0
12976,83.33,4044.92,0
12987,90.91,4004.38,0
12998,90.91,3950.21,0
13009,90.91,3958.43,0
13022,76.92,4008.73,0
13033,90.91,4032.44,0
13044,90.91,3996.26,0
13056,83.33,3946.03,0
13067,90.91,3949.95,0
13078,90.91,4002.43,0
13090,83.33,4038.23,0
13102,83.33,4011.04,0
13113,90.91,3960.79,0
13124,90.91,3957.75,0
13135,90.91,4005.56,0
13147,83.33,4038.42,0
13158,90.91,4008.28,0
13170,83.33,3952.25,0
13181,90.91,3942.72,0
13193,83.33,3989.27,0
13204,90.91,4028.26,0
13215,90.91,4013.42,0
13227,83.33,3967.70,0
13239,83.33,3954.66,0
13250,90.91,3997.83,0
13261,90.91,4037.12,0
13273,83.33,4022.80,0
13284,90.91,3971.87,0
13295,90.91,3951.21,0
13307,90.91,3980.69,0
13319,76.92,4019.75,0
13330,90.91,4016.56,0
13341,90.91,3974.52,0
13352,90.91,3949.16,0
13364,83.33,3974.17,0
13375,90.91,4023.96,0
13387,83.33,4035.81,0
13399,83.33,3994.25,0
13410,90.91,3955.02,0
13421,90.91,3971.15,0
13432,90.91,4013.78,0
13444,83.33,4023.09,0
13456,83.33,3985.59,0
13467,90.91,3946.22,0
13478,90.91,3956.54,0
13490,83.33,4008.36,0
13501,90.91,4036.80,0
13512,90.91,4006.70,0
13523,90.91,3959.03,0
13536,76.92,3963.49,0
13547,90.91,4011.06,0
13558,90.91,4038.79,0
13570,83.33,4006.22,0
13581,90.91,3952.90,0
13592,90.91,3945.83,0
13604,83.33,3991.52,0
13616,83.33,4031.92,0
13627,90.91,4015.57,0
13638,90.91,3966.25,0
13649,90.91,3955.47,0
13661,83.33,3998.35,0
13673,90.91,4038.46,0
13684,83.33,4020.56,0
13696,83.33,3962.73,0
13707,90.91,3943.94,0
13718,90.91,3983.79,0
13729,90.91,4032.41,0
13741,83.33,4018.65,0
13753,83.33,3965.99,0
13764,90.91,3946.88,0
13775,90.91,3985.59,0
13787,83.33,4038.83,0
13798,90.91,4033.14,0
13809,90.91,3977.67,0
13821,83.33,3945.33,0
13833,83.33,3975.31,0
13844,90.91,4023.59,0
13855,90.91,4024.18,0
13867,83.33,3972.83,0
13878,90.91,3938.83,0
13890,90.91,3969.05,0
13901,83.33,4024.52,0
13913,83.33,4034.59,0
13924,90.91,3991.88,0
13935,90.91,3953.54,0
13946,90.91,3970.89,0
13958,83.33,4019.48,0
13970,83.33,4032.53,0
13981,90.91,3988.53,0
13992,90.91,3945.38,0
14004,83.33,3956.82,0
14015,90.91,4008.91,0
14026,90.91,4033.62,0
14039,76.92,3999.53,0
14050,90.91,3956.18,0
14061,90.91,3959.59,0
14072,90.91,4007.04,0
14084,83.33,4034.16,0
14095,90.91,4005.11,0
14106,90.91,3954.77,0
14118,83.33,3950.17,0
14130,83.33,3995.58,0
14141,90.91,4029.04,0
14152,90.91,4009.96,0
14163,90.91,3962.40,0
14175,83.33,3951.23,0
14187,83.33,3993.78,0
14198,90.91,4035.13,0
14210,83.33,4020.72,0
14221,90.91,3972.04,0
14232,90.91,3950.46,0
14243,90.91,3980.83,0
14256,83.33,4020.31,0
14267,90.91,4014.56,0
14278,90.91,3970.30,0
14289,90.91,3946.96,0
14301,83.33,3979.99,0
14312,90.91,4028.57,0
14323,90.91,4030.74,0
14336,76.92,3982.57,0
14347,90.91,3951.81,0
14358,90.91,3976.54,0
14369,90.91,4021.77,0
14381,83.33,4029.24,0
14392,90.91,3984.48,0
14404,83.33,3945.91,0
14415,90.91,3963.82,0
14427,83.33,4014.19,0
14438,90.91,4032.46,0
14449,90.91,3995.20,0
14460,90.91,3955.87,0
14473,83.33,3966.15,0
14484,83.33,4012.16,0
14495,90.91,4034.53,0
14507,83.33,3997.43,0
14518,90.91,3948.59,0
14529,90.91,3949.78,0
14540,90.91,4001.46,0
14553,76.92,4036.31,0
14564,90.91,4006.68,0
14575,90.91,3956.46,0
14586,90.91,3951.58,0
14598,83.33,4003.96,0
14609,90.91,4038.80,0
14621,83.33,4012.21,0
14632,90.91,3957.63,0
14644,83.33,3943.56,0
14655,90.91,3993.09,0
14666,90.91,4032.84,0
14678,83.33,4011.87,0
14689,90.91,3962.04,0
14701,83.33,3948.92,0
14712,90.91,3993.42,0
14724,83.33,4040.86,0
14735,90.91,4026.62,0
14746,90.91,3971.09,0
14757,90.91,3950.25,0
14770,76.92,3986.59,0
14781,90.91,4029.92,0
14792,90.91,4019.07,0
14803,90.91,3971.34,0
14815,83.33,3948.22,0
14826,90.91,3982.83,0
14838,90.91,4029.36,0
14850,76.92,4028.36,0
14861,90.91,3982.81,0
14872,90.91,3953.41,0
14883,90.91,3978.29,0
14895,83.33,4024.22,0
14906,90.91,4027.25,0
14918,83.33,3984.85,0
14929,90.91,3943.80,0
14941,83.33,3962.96,0
14952,90.91,4010.71,0
14963,90.91,4025.30,0
14974,90.91,3992.82,0
14987,76.92,3953.23,0
14998,90.91,3963.77,0
15009,90.91,4012.16,0
15021,83.33,4033.86,0
15032,90.91,4004.44,0
15043,90.91,3954.34,0
15055,90.91,3952.04,0
15067,76.92,3995.49,0
15078,90.91,4028.30,0
15089,90.91,4004.56,0
15100,90.91,3954.90,0
15112,83.33,3948.52,0
15123,90.91,3995.39,0
15135,83.33,4039.52,0
15147,83.33,4021.05,0
15158,90.91,3962.55,0
15169,90.91,3944.66,0
15180,90.91,3989.22,0
15192,83.33,4033.16,0
15204,83.33,4015.24,0
15215,90.91,3958.67,0
15226,90.91,3939.95,0
15238,83.33,3983.19,0
15249,90.91,4035.92,0
15260,90.91,4028.92,0
15271,90.91,3973.65,0
15284,76.92,3948.37,0
15295,90.91,3986.16,0
15306,90.91,4036.01,0
15318,83.33,4026.44,0
15329,90.91,3970.05,0
15340,90.91,3940.72,0
15352,83.33,3975.86,0
15364,83.33,4026.38,0
15375,90.91,4027.45,0
15386,90.91,3979.47,0
15397,90.91,3949.76,0
15409,83.33,3978.89,0
15421,90.91,4029.18,0
15432,83.33,4036.80,0
15443,90.91,3988.60,0
15455,83.33,3945.54,0
15466,90.91,3963.53,0
15477,90.91,4011.69,0
15489,83.33,4024.63,0
15501,83.33,3988.04,0
15512,90.91,3953.21,0
15523,90.91,3967.92,0
15535,83.33,4016.64,0
15546,90.91,4036.52,0
15557,90.91,4003.06,0
15569,83.33,3957.76,0
15581,83.33,3957.43,0
15592,90.91,4000.07,0
15603,90.91,4026.32,0
15614,90.91,3998.24,0
15626,83.33,3956.20,0
15638,90.91,3951.61,0
15649,83.33,3990.46,0
15661,83.33,4027.47,0
15672,90.91,4015.95,0
15683,90.91,3971.77,0
15694,90.91,3953.28,0
15706,83.33,3984.30,0
15718,83.33,4025.27,0
15729,90.91,4013.63,0
15740,90.91,3964.64,0
15752,83.33,3941.11,0
15763,90.91,3971.51,0
15774,90.91,4023.53,0
15787,76.92,4025.23,0
15798,90.91,3978.12,0
15809,90.91,3945.80,0
15820,90.91,3979.26,0
15832,83.33,4034.02,0
15843,90.91,4035.53,0
15854,90.91,3977.26,0
15866,83.33,3937.60,0
15878,83.33,3961.14,0
15889,90.91,4014.90,0
15900,90.91,4026.60,0
15911,90.91,3980.69,0
15923,83.33,3942.48,0
15935,83.33,3968.67,0
15946,90.91,4029.38,0
15958,83.33,4041.77,0
15969,90.91,3990.94,0
15980,90.91,3943.58,0
15991,90.91,3960.88,0
16004,83.33,4014.88,0
16015,83.33,4033.69,0
16026,90.91,3987.79,0
16037,90.91,3941.43,0
16049,83.33,3953.66,0
16060,90.91,4010.75,0
16071,90.91,4036.02,0
16083,83.33,4002.97,0
16095,83.33,3957.55,0
16106,90.91,3963.01,0
16117,90.91,4009.93,0
16129,83.33,4031.28,0
16140,90.91,4000.13,0
16152,83.33,3951.12,0
16163,90.91,3948.49,0
16175,83.33,3996.40,0
16186,90.91,4027.69,0
16197,90.91,4009.14,0
16208,90.91,3967.15,0
16221,83.33,3958.37,0
16232,83.33,3996.84,0
16243,90.91,4033.63,0
16254,90.91,4018.70,0
16266,83.33,3969.79,0
16277,90.91,3948.37,0
16288,90.91,3976.82,0
16301,76.92,4020.12,0
16312,90.91,4019.45,0
16323,90.91,3975.97,0
16334,90.91,3951.70,0
16346,83.33,3981.20,0
16357,90.91,4027.59,0
16369,83.33,4031.67,0
16380,90.91,3987.14,0
16392,83.33,3950.86,0
16403,90.91,3970.08,0
16414,90.91,4016.29,0
16425,90.91,4027.31,0
16437,83.33,3983.85,0
16449,83.33,3943.52,0
16460,90.91,3961.82,0
16472,83.33,4017.26,0
16483,90.91,4038.98,0
16494,90.91,4003.88,0
16505,90.91,3951.24,0
16518,76.92,3957.50,0
16529,90.91,4012.05,0
16540,90.91,4037.06,0
16551,90.91,3998.85,0
16563,83.33,3946.25,0
16574,90.91,3947.61,0
16586,90.91,4002.48,0
16598,76.92,4035.06,0
16609,90.91,4005.14,0
16620,90.91,3955.69,0
16631,90.91,3956.74,0
16643,83.33,4008.75,0
16654,90.91,4044.41,0
16666,83.33,4014.95,0
16677,90.91,3960.08,0
16689,83.33,3949.80,0
16700,90.91,3993.55,0
16711,90.91,4032.10,0
16722,90.91,4013.44,0
16735,76.92,3967.85,0
16746,90.91,3957.21,0
16757,90.91,3995.80,0
16769,83.33,4034.75,0
16780,90.91,4023.12,0
16791,90.91,3974.39,0
16802,90.91,3953.12,0
16815,76.92,3983.53,0
16826,90.91,4021.32,0
16837,90.91,4017.01,0
16848,90.91,3974.11,0
16860,83.33,3951.61,0
16871,90.91,3978.50,0
16883,83.33,4024.81,0
16894,90.91,4031.11,0
16906,83.33,3991.81,0
16917,90.91,3958.98,0
16928,90.91,3973.01,0
16940,83.33,4014.66,0
16952,90.91,4028.82,0
16963,83.33,3988.48,0
16974,90.91,3948.33,0
16986,83.33,3957.08,0
16997,90.91,4002.84,0
17008,90.91,4029.59,0
17019,90.91,4003.82,0
17032,76.92,3961.48,0
17043,90.91,3960.39,0
17054,90.91,4007.46,0
17065,90.91,4041.05,0
17077,83.33,4014.20,0
17088,90.91,3957.93,0
17100,83.33,3947.90,0
17112,83.33,3994.56,0
17123,90.91,4035.07,0
17134,90.91,4011.81,0
17145,90.91,3957.92,0
17157,83.33,3949.59,0
17169,90.91,4000.58,0
17180,83.33,4042.77,0
17191,90.91,4019.29,0
17203,83.33,3957.59,0
17214,90.91,3944.28,0
17225,90.91,3990.92,0
17236,90.91,4033.89,0
17249,76.92,4014.00,0
17260,90.91,3957.49,0
17271,90.91,3941.89,0
17283,83.33,3989.99,0
17294,90.91,4038.60,0
17305,90.91,4028.77,0
17317,83.33,3973.67,0
17329,83.33,3949.76,0
17340,90.91,3986.96,0
17351,90.91,4030.27,0
17362,90.91,4023.80,0
17374,83.33,3970.88,0
17385,90.91,3944.19,0
17397,83.33,3976.17,0
17409,83.33,4020.47,0
17420,90.91,4024.99,0
17431,90.91,3985.70,0
17442,90.91,3957.05,0
17454,83.33,3976.65,0
17466,83.33,4017.77,0
17477,90.91,4031.82,0
17488,90.91,3993.58,0
17500,83.33,3953.72,0
17511,90.91,3959.74,0
17522,90.91,4001.00,0
17534,90.91,4018.85,0
17546,76.92,3995.75,0
17557,90.91,3958.32,0
17568,90.91,3960.11,0
17580,83.33,4003.43,0
17591,90.91,4033.30,0
17602,90.91,4010.58,0
17614,83.33,3964.14,0
17626,83.33,3950.17,0
17637,90.91,3987.00,0
17648,90.91,4026.96,0
17659,90.91,4008.81,0
17671,83.33,3960.04,0
17683,83.33,3944.17,0
17694,90.91,3987.58,0
17705,90.91,4036.33,0
17717,83.33,4026.55,0
17728,90.91,3972.65,0
17739,90.91,3948.41,0
17752,83.33,3984.29,0
17763,83.33,4030.86,0
17774,90.91,4021.53,0
17785,90.91,3962.85,0
17797,83.33,3933.66,0
17808,90.91,3975.37,0
17819,90.91,4032.68,0
17831,83.33,4031.30,0
17843,83.33,3978.97,0
17854,90.91,3946.12,0
17865,90.91,3978.37,0
17876,90.91,4031.74,0
17888,83.33,4030.36,0
17900,83.33,3977.00,0
17911,90.91,3939.02,0
17923,83.33,3965.86,0
17934,90.91,4024.97,0
17945,90.91,4032.81,0
17956,90.91,3984.12,0
17968,83.33,3949.46,0
17980,83.33,3973.89,0
17991,90.91,4027.95,0
18002,90.91,4037.17,0
18014,83.33,3994.20,0
18025,90.91,3953.76,0
18036,90.91,3967.19,0
18049,76.92,4009.83,0
18060,90.91,4027.75,0
18071,90.91,3992.48,0
18082,90.91,3950.42,0
18094,83.33,3957.24,0
18105,90.91,4002.05,0
18117,90.91,4031.29,0
18128,83.33,4010.01,0
18140,83.33,3968.14,0
18151,90.91,3961.24,0
18162,90.91,3997.02,0
18173,90.91,4028.27,0
18185,83.33,4009.80,0
18197,83.33,3960.09,0
18208,90.91,3944.87,0
18220,83.33,3980.69,0
18231,90.91,4021.48,0
18242,90.91,4020.89,0
18253,90.91,3979.89,0
18266,76.92,3953.73,0
18277,90.91,3984.11,0
18288,90.91,4027.86,0
18299,90.91,4025.48,0
18311,83.33,3976.13,0
18322,90.91,3941.51,0
18334,90.91,3969.40,0
18345,83.33,4024.27,0
18357,83.33,4028.96,0
18368,90.91,3982.39,0
18379,90.91,3946.43,0
18391,83.33,3973.52,0
18402,90.91,4026.48,0
18414,83.33,4040.29,0
18425,90.91,3991.97,0
18437,83.33,3948.11,0
18448,90.91,3964.95,0
18459,90.91,4015.70,0
18470,90.91,4030.04,0
18483,76.92,3986.49,0
18494,90.91,3946.41,0
18505,90.91,3962.37,0
18516,90.91,4017.11,0
18528,83.33,4038.65,0
18539,90.91,4000.03,0
18550,90.91,3953.60,0
18563,76.92,3961.78,0
18574,90.91,4013.43,0
18585,90.91,4034.08,0
18596,90.91,3998.38,0
18608,83.33,3954.24,0
18619,90.91,3954.78,0
18631,83.33,4003.11,0
18642,90.91,4035.90,0
18654,83.33,4007.53,0
18665,90.91,3958.26,0
18676,90.91,3952.74,0
18688,83.33,3998.06,0
18700,83.33,4031.60,0
18711,90.91,4008.49,0
18722,90.91,3958.08,0
18734,83.33,3947.13,0
18745,90.91,3985.94,0
18756,90.91,4026.97,0
18767,90.91,4018.91,0
18780,76.92,3970.02,0
18791,90.91,3952.49,0
18802,90.91,3988.81,0
18813,90.91,4030.16,0
18825,83.33,4026.22,0
18836,90.91,3978.29,0
18848,83.33,3946.34,0
18860,83.33,3974.46,0
18871,90.91,4022.79,0
18882,90.91,4028.05,0
18893,90.91,3982.69,0
18905,83.33,3948.20,0
18917,90.91,3969.86,0
18928,83.33,4018.76,0
18939,90.91,4031.77,0
18951,83.33,3990.11,0
18962,90.91,3949.06,0
18973,90.91,3961.05,0
18984,90.91,4016.14,0
18997,76.92,4037.20,0
19008,90.91,3991.88,0
19019,90.91,3943.05,0
19031,83.33,3954.01,0
19042,90.91,4012.07,0
19053,90.91,4038.66,0
19065,83.33,4000.04,0
19077,83.33,3954.28,0
19088,90.91,3958.14,0
19099,90.91,4007.60,0
19110,90.91,4040.94,0
19122,83.33,4005.34,0
19133,90.91,3950.97,0
19145,83.33,3946.79,0
19156,90.91,3995.73,0
19168,83.33,4033.24,0
19179,90.91,4009.12,0
19190,90.91,3956.79,0
19202,83.33,3947.05,0
19214,83.33,3993.48,0
19225,90.91,4036.94,0
19236,90.91,4016.77,0
19248,83.33,3965.04,0
19259,90.91,3948.41,0
19270,90.91,3989.05,0
19282,90.91,4031.76,0
19294,76.92,4020.66,0
19305,90.91,3970.22,0
19316,90.91,3948.08,0
19328,83.33,3982.73,0
19339,90.91,4029.82,0
19350,90.91,4024.17,0
19362,83.33,3977.49,0
19374,83.33,3947.01,0
19385,90.91,3972.99,0
19396,90.91,4019.55,0
19407,90.91,4025.53,0
19419,83.33,3979.10,0
19431,83.33,3943.17,0
19442,90.91,3969.31,0
19453,90.91,4019.41,0
19465,83.33,4032.58,0
19476,90.91,3992.30,0
19487,90.91,3954.92,0
19499,83.33,3967.06,0
19511,83.33,4014.44,0
19522,90.91,4032.36,0
19533,90.91,3992.72,0
19545,83.33,3948.26,0
19556,90.91,3959.89,0
19567,90.91,4014.21,0
19579,83.33,4038.37,0
19591,83.33,3999.01,0
19602,90.91,3950.57,0
19613,90.91,3952.95,0
19624,90.91,4004.94,0
19636,83.33,4040.03,0
19648,90.91,4005.81,0
19659,83.33,3953.40,0
19671,83.33,3952.89,0
19682,90.91,3998.60,0
19693,90.91,4034.33,0
19704,90.91,4008.35,0
19716,83.33,3958.22,0
19728,83.33,3947.60,0
19739,90.91,3993.94,0
19750,90.91,4033.99,0
19762,83.33,4014.87,0
19773,90.91,3966.42,0
19784,90.91,3951.51,0
19796,83.33,3989.81,0
19808,83.33,4033.08,0
19819,90.91,4018.92,0
19830,90.91,3968.47,0
19842,83.33,3944.99,0
19853,90.91,3974.53,0
19864,90.91,4022.37,0
19876,83.33,4025.90,0
19888,83.33,3982.05,0
19899,90.91,3948.82,0
19910,90.91,3971.65,0
19921,90.91,4023.13,0
19933,83.33,4036.00,0
19945,83.33,3990.50,0
19956,90.91,3946.22,0
19968,83.33,3966.17,0
19979,90.91,4013.81,0
19990,90.91,4032.74,0
20001,90.91,3992.19,0
20014,83.33,3946.86,0
20025,90.91,3958.16,0
20036,90.91,4014.07,0
20047,90.91,4040.65,0
20059,83.33,4002.72,0
20070,90.91,3951.36,0
20081,90.91,3958.30,0
20093,83.33,4009.06,0
20105,83.33,4034.36,0
20116,90.91,4000.16,0
20127,90.91,3948.64,0
20139,83.33,3951.50,0
20150,90.91,4005.63,0
20162,83.33,4036.72,0
20173,90.91,4009.29,0
20185,83.33,3957.98,0
20196,90.91,3951.49,0
20207,90.91,4002.68,0
20218,90.91,4041.80,0
20231,83.33,4014.74,0
20242,83.33,3956.42,0
20253,90.91,3942.97,0
20264,90.91,3984.42,0
20276,83.33,4025.25,0
20287,90.91,4010.73,0
20298,90.91,3962.56,0
20311,76.92,3945.38,0
20322,90.91,3987.62,0
20333,90.91,4035.11,0
20344,90.91,4024.06,0
20356,83.33,3971.10,0
20367,90.91,3948.56,0
20379,83.33,3981.61,0
20390,90.91,4024.22,0
20402,83.33,4021.72,0
20413,90.91,3975.40,0
20424,90.91,3948.12,0
20435,90.91,3977.21,0
20447,83.33,4024.88,0
20459,83.33,4029.72,0
20470,90.91,3990.29,0
20482,83.33,3952.08,0
20493,90.91,3971.66,0
20504,90.91,4018.77,0
20515,90.91,4032.18,0
20528,76.92,3991.28,0
20539,90.91,3948.56,0
20550,90.91,3955.98,0
20561,90.91,4005.36,0
20573,83.33,4029.51,0
20584,90.91,4000.48,0
20596,90.91,3956.99,0
20608,76.92,3959.03,0
20619,90.91,4009.81,0
20630,90.91,4039.78,0
20641,90.91,4012.43,0
20653,83.33,3962.11,0
20664,90.91,3950.20,0
20676,83.33,3995.46,0
20687,90.91,4034.51,0
20699,83.33,4014.98,0
20710,90.91,3961.70,0
20721,90.91,3948.38,0
20732,90.91,3993.74,0
20745,76.92,4040.08,0
20756,90.91,4025.74,0
20767,90.91,3969.35,0
20779,83.33,3945.87,0
20790,90.91,3987.31,0
20801,90.91,4032.52,0
20812,90.91,4023.33,0
20825,76.92,3965.89,0
20836,90.91,3940.60,0
20847,90.91,3980.93,0
20858,90.91,4035.67,0
20870,83.33,4032.10,0
20881,90.91,3975.55,0
20893,83.33,3945.46,0
20904,90.91,3980.64,0
20916,83.33,4030.11,0
20927,90.91,4030.54,0
20938,90.91,3972.59,0
20950,83.33,3934.43,0
20962,90.91,3970.98,0
20973,90.91,4026.47,0
20984,90.91,4031.56,0
20996,83.33,3985.62,0
21007,90.91,3950.21,0
21018,90.91,3974.37,0
21029,90.91,4027.21,0
21042,76.92,4035.36,0
21053,90.91,3986.51,0
21064,90.91,3943.39,0
21075,90.91,3958.63,0
21087,83.33,4007.56,0
21098,90.91,4026.78,0
21110,83.33,3993.71,0
21122,83.33,3953.72,0
21133,90.91,3958.95,0
21144,90.91,4004.87,0
21155,90.91,4034.35,0
21167,83.33,4010.40,0
21179,90.91,3960.88,0
21190,83.33,3950.49,0
21201,90.91,3992.59,0
21213,83.33,4024.45,0
21224,90.91,4007.18,0
21235,90.91,3959.90,0
21246,90.91,3945.03,0
21259,76.92,3989.69,0
21270,90.91,4036.59,0
21281,90.91,4024.58,0
21293,83.33,3973.13,0
21304,90.91,3947.68,0
21315,90.91,3986.12,0
21327,83.33,4035.78,0
21339,83.33,4026.13,0
21350,90.91,3966.63,0
21361,90.91,3936.58,0
21372,90.91,3974.06,0
21384,83.33,4031.04,0
21395,90.91,4031.54,0
21407,83.33,3979.00,0
21419,83.33,3948.96,0
21430,90.91,3980.29,0
21441,90.91,4035.24,0
21452,90.91,4037.05,0
21464,83.33,3980.92,0
21476,83.33,3936.55,0
21487,90.91,3964.98,0
21498,90.91,4021.16,0
21510,83.33,4029.32,0
21521,90.91,3982.27,0
21532,90.91,3948.35,0
21544,90.91,3973.41,0
21556,76.92,4025.62,0
21567,90.91,4039.72,0
21578,90.91,3993.94,0
21590,83.33,3948.80,0
21601,90.91,3959.92,0
21612,90.91,4010.72,0
21624,83.33,4027.91,0
21636,83.33,3990.28,0
21647,90.91,3948.69,0
21658,90.91,3953.72,0
21669,90.91,4004.31,0
21681,83.33,4031.34,0
21693,90.91,4005.01,0
21704,83.33,3964.08,0
21715,90.91,3960.47,0
21727,83.33,4000.85,0
21738,90.91,4030.08,0
21749,90.91,4010.36,0
21761,83.33,3965.41,0
21773,83.33,3949.93,0
21784,90.91,3984.32,0
21795,90.91,4026.87,0
21807,83.33,4018.58,0
21818,90.91,3975.13,0
21829,90.91,3953.98,0
21841,83.33,3987.03,0
21853,83.33,4032.69,0
21864,90.91,4027.49,0
21875,90.91,3976.05,0
21886,90.91,3944.38,0
21898,83.33,3970.74,0
21910,90.91,4022.29,0
21921,83.33,4025.75,0
21933,83.33,3976.76,0
21944,90.91,3942.88,0
21955,90.91,3973.68,0
21966,90.91,4029.29,0
21978,83.33,4038.86,0
21990,83.33,3987.36,0
22001,90.91,3944.35,0
22012,90.91,3962.29,0
22024,83.33,4018.64,0
22035,90.91,4031.76,0
22046,90.91,3981.82,0
22059,90.91,3936.09,0
22070,76.92,3958.21,0
22081,90.91,4018.51,0
22092,90.91,4040.13,0
22104,83.33,3998.17,0
22115,90.91,3954.12,0
22126,90.91,3964.57,0
22138,83.33,4015.29,0
22150,83.33,4035.42,0
22161,90.91,3991.15,0
22172,90.91,3946.98,0
22183,90.91,3956.81,0
22195,83.33,4009.02,0
22207,83.33,4035.31,0
22218,90.91,4001.95,0
22230,83.33,3958.18,0
22241,90.91,3962.65,0
22252,90.91,4009.92,0
22263,90.91,4038.70,0
22275,83.33,4011.58,0
22287,83.33,3965.57,0
22298,90.91,3953.88,0
22309,90.91,3992.33,0
22321,83.33,4024.89,0
22332,90.91,4011.97,0
22343,90.91,3966.30,0
22355,83.33,3950.49,0
22367,83.33,3986.26,0
22378,90.91,4032.48,0
22389,90.91,4028.88,0
22401,83.33,3984.05,0
22412,90.91,3952.77,0
22424,90.91,3978.32,0
22435,83.33,4026.70,0
22447,83.33,4029.69,0
22458,90.91,3981.09,0
22469,90.91,3941.22,0
22480,90.91,3966.55,0
22492,83.33,4027.23,0
22504,83.33,4041.77,0
22515,90.91,3992.09,0
22526,90.91,3946.26,0
22538,83.33,3967.03,0
22549,90.91,4023.21,0
22560,90.91,4038.30,0
22573,76.92,3992.17,0
22584,90.91,3945.02,0
22595,90.91,3961.29,0
22606,90.91,4015.82,0
22618,83.33,4038.03,0
22629,90.91,3993.20,0
22641,90.91,3945.96,0
22652,83.33,3963.95,0
22664,83.33,4025.27,0
22675,90.91,4049.27,0
22686,90.91,4002.60,0
22697,90.91,3947.37,0
22709,83.33,3954.35,0
22721,83.33,4010.06,0
22732,90.91,4036.86,0
22744,83.33,3999.32,0
22755,90.91,3949.32,0
22766,90.91,3952.98,0
22777,90.91,4008.15,0
22790,83.33,4038.59,0
22801,83.33,4006.81,0
22812,90.91,3961.43,0
22823,90.91,3960.97,0
22835,83.33,4005.01,0
22846,90.91,4035.35,0
22857,90.91,4010.85,0
22870,76.92,3963.80,0
22881,90.91,3953.62,0
22892,90.91,3995.45,0
22903,90.91,4028.88,0
22915,83.33,4017.10,0
22926,90.91,3976.64,0
22938,83.33,3956.48,0
22949,90.91,3985.83,0
22961,83.33,4027.29,0
22972,90.91,4026.06,0
22983,90.91,3981.83,0
22994,90.91,3949.82,0
23006,83.33,3974.29,0
23018,83.33,4017.83,0
23029,90.91,4022.30,0
23041,83.33,3980.95,0
23052,90.91,3947.87,0
23063,90.91,3971.00,0
23074,90.91,4023.74,0
23087,76.92,4038.08,0
23098,90.91,3995.26,0
23109,90.91,3948.13,0
23120,90.91,3963.71,0
23132,83.33,4016.99,0
23143,90.91,4036.32,0
23155,90.91,3994.29,0
23166,83.33,3944.68,0
23178,83.33,3956.52,0
23189,90.91,4017.27,0
23200,90.91,4044.23,0
23212,83.33,4006.29,0
23223,90.91,3955.04,0
23235,83.33,3958.74,0
23246,90.91,4013.26,0
23258,83.33,4044.31,0
23269,90.91,4008.06,0
23280,90.91,3949.62,0
23291,90.91,3948.84,0
23304,76.92,4004.05,0
23315,90.91,4042.21,0
23326,90.91,4012.96,0
23337,90.91,3957.82,0
23349,83.33,3954.18,0
23360,90.91,4006.74,0
23372,90.91,4044.89,0
23384,76.92,4017.08,0
23395,90.91,3957.50,0
23406,90.91,3946.18,0
23417,90.91,3992.99,0
23429,83.33,4034.57,0
23440,90.91,4013.16,0
23452,83.33,3960.95,0
23463,90.91,3947.75,0
23475,83.33,3992.04,0
23486,90.91,4035.52,0
23497,90.91,4021.35,0
23508,90.91,3973.93,0
23521,83.33,3952.61,0
23532,90.91,3987.93,0
23543,90.91,4030.34,0
23555,83.33,4018.83,0
23566,90.91,3971.74,0
23577,90.91,3942.90,0
23588,90.91,3972.02,0
23601,76.92,4022.98,0
23612,90.91,4028.67,0
23623,90.91,3984.90,0
23634,90.91,3956.20,0
23646,83.33,3979.48,0
23657,90.91,4023.15,0
23669,83.33,4032.56,0
23681,83.33,3991.05,0
23692,90.91,3949.69,0
23703,90.91,3965.81,0
23714,90.91,4012.74,0
23726,83.33,4032.45,0
23738,90.91,3998.03,0
23749,83.33,3957.15,0
23760,90.91,3963.70,0
23772,83.33,4014.43,0
23783,90.91,4041.84,0
23794,90.91,4009.11,0
23805,90.91,3954.23,0
23818,76.92,3954.11,0
23829,90.91,4006.87,0
23840,90.91,4038.72,0
23852,83.33,4008.41,0
23863,90.91,3954.81,0
23874,90.91,3949.21,0
23886,83.33,4001.36,0
23898,83.33,4043.99,0
23909,90.91,4017.62,0
23920,90.91,3962.10,0
23931,90.91,3951.46,0
23943,83.33,3999.61,0
23955,90.91,4043.03,0
23966,83.33,4018.58,0
23977,90.91,3959.48,0
23989,83.33,3945.05,0
24000,90.91,3993.78,0
24011,90.91,4040.08,0
24023,83.33,4020.46,0
24035,83.33,3964.13,0
24046,90.91,3948.08,0
24057,90.91,3993.38,0
24069,83.33,4038.98,0
24080,90.91,4025.03,0
24091,90.91,3969.31,0
24103,83.33,3944.72,0
24115,83.33,3979.04,0
24126,90.91,4026.94,0
24137,90.91,4022.57,0
24148,90.91,3970.42,0
24160,83.33,3944.24,0
24171,90.91,3978.68,0
24183,83.33,4027.30,0
24195,83.33,4029.86,0
24206,90.91,3983.95,0
24217,90.91,3949.63,0
24228,90.91,3972.26,0
24240,83.33,4018.05,0
24252,83.33,4027.02,0
24263,90.91,3987.37,0
24274,90.91,3951.18,0
24286,83.33,3965.63,0
24297,90.91,4016.10,0
24308,90.91,4034.24,0
24321,83.33,4000.41,0
24332,83.33,3960.17,0
24343,90.91,3966.19,0
24354,90.91,4013.07,0
24366,83.33,4035.43,0
24377,90.91,4007.25,0
24388,90.91,3960.81,0
24400,83.33,3954.92,0
24412,83.33,4000.54,0
24423,90.91,4038.51,0
24434,90.91,4016.31,0
24445,90.91,3964.39,0
24457,83.33,3951.88,0
24469,83.33,3997.90,0
24480,90.91,4044.21,0
24492,83.33,4025.74,0
24503,90.91,3970.51,0
24514,90.91,3949.84,0
24525,90.91,3994.72,0
24537,83.33,4040.66,0
