.91,216⸮66,15.15,2152.75,0
77,90.91,2148.76,0
89,83.33,2155.85,0
100,90.91,2158.34,0
111,90.91,2155.08,0
123,90.91,2153.26,0
135,76.92,2153.61,0
146,90.91,2155.37,0
157,90.91,2155.77,0
168,90.91,2153.80,0
180,83.33,2155.65,0
192,90.91,2154.43,0
203,83.33,2154.17,0
215,83.33,2156.53,0
226,90.91,2154.84,0
237,90.91,2151.87,0
248,90.91,2156.25,0
260,83.33,2158.98,0
272,83.33,2154.91,0
283,90.91,2153.50,0
294,90.91,2154.15,0
306,83.33,2154.95,0
317,90.91,2156.44,0
328,90.91,2157.52,0
340,83.33,2155.89,0
352,83.33,2154.57,0
363,90.91,2156.53,0
374,90.91,2158.95,0
386,83.33,2158.25,0
397,90.91,2152.06,0
409,83.33,2153.02,0
420,90.91,2159.06,0
432,83.33,2158.42,0
443,90.91,2159.60,0
454,90.91,2156.93,0
465,90.91,2154.32,0
478,76.92,2153.52,0
489,90.91,2155.89,0
500,90.91,2154.16,0
512,83.33,2153.35,0
523,90.91,2152.63,0
534,90.91,2155.37,0
546,83.33,2155.83,0
558,83.33,2152.70,0
569,90.91,2151.35,0
580,90.91,2153.65,0
591,90.91,2157.22,0
603,83.33,2158.11,0
615,83.33,2154.05,0
626,90.91,2152.26,0
637,90.91,2155.01,0
649,83.33,2157.04,0
660,90.91,2157.69,0
671,90.91,2156.78,0
684,76.92,2153.08,0
695,90.91,2152.64,0
706,90.91,2155.75,0
717,90.91,2155.59,0
729,83.33,2154.96,0
740,90.91,2153.75,0
752,83.33,2152.95,0
763,90.91,2158.69,0
775,83.33,2161.26,0
786,90.91,2154.23,0
797,90.91,2157.51,0
808,90.91,2157.10,0
821,83.33,2155.88,0
832,83.33,2155.45,0
843,90.91,2154.52,0
855,83.33,2151.79,0
866,90.91,2156.05,0
877,90.91,2156.39,0
889,90.91,2155.18,0
901,76.92,2156.44,0
912,90.91,2152.38,0
923,90.91,2153.80,0
934,90.91,2156.79,0
946,83.33,2152.50,0
958,90.91,2151.05,0
969,83.33,2155.16,0
980,90.91,2156.06,0
992,83.33,2157.80,0
1003,90.91,2155.54,0
1014,90.91,2155.47,0
1026,83.33,2155.03,0
1038,83.33,2154.97,0
1049,90.91,2155.80,0
1060,90.91,2154.45,0
1072,83.33,2153.50,0
1083,90.91,2154.09,0
1094,90.91,2157.06,0
1106,83.33,2156.13,0
1118,83.33,2154.36,0
1129,90.91,2155.68,0
1140,90.91,2157.15,0
1152,83.33,2158.49,0
1163,90.91,2153.85,0
1175,83.33,2151.98,0
1186,90.91,2153.79,0
1198,83.33,2154.67,0
1209,90.91,2155.47,0
1220,90.91,2158.12,0
1231,90.91,2155.37,0
1244,76.92,2156.71,0
1255,90.91,2158.35,0
1266,90.91,2154.63,0
1277,90.91,2155.20,0
1289,83.33,2157.45,0
1300,90.91,2156.01,0
1312,83.33,2154.01,0
1324,83.33,2154.12,0
1335,90.91,2154.41,0
1346,90.91,2155.50,0
1357,90.91,2155.92,0
1369,83.33,2157.03,0
1381,83.33,2155.69,0
1392,90.91,2153.48,0
1403,90.91,2154.56,0
1415,83.33,2154.48,0
1426,90.91,2152.62,0
1437,90.91,2153.28,0
1449,83.33,2153.46,0
1461,83.33,2156.39,0
1472,90.91,2158.35,0
1483,90.91,2157.12,0
1495,83.33,2152.88,0
1506,90.91,2153.91,0
1518,83.33,2155.83,0
1529,90.91,2155.31,0
1541,83.33,2156.71,0
1552,90.91,2154.47,0
1563,90.91,2155.58,0
1574,90.91,2157.91,0
1587,83.33,2157.84,0
1598,83.33,2154.84,0
1609,90.91,2150.31,0
1620,90.91,2154.51,0
1632,83.33,2156.93,0
1643,90.91,2158.92,0
1655,90.91,2155.70,0
1667,76.92,2155.85,0
1678,90.91,2152.72,0
1689,90.91,2153.13,0
1700,90.91,2155.53,0
1712,83.33,2154.46,0
1724,90.91,2153.41,0
1735,83.33,2156.13,0
1746,90.91,2157.56,0
1758,83.33,2157.34,0
1769,90.91,2153.89,0
1780,90.91,2152.73,0
1792,83.33,2153.01,0
1804,83.33,2155.76,0
1815,90.91,2157.01,0
1826,90.91,2155.31,0
1838,83.33,2154.24,0
1849,90.91,2154.22,0
1860,90.91,2156.51,0
1872,83.33,2156.23,0
1884,83.33,2153.36,0
1895,90.91,2150.33,0
1906,90.91,2155.52,0
1917,90.91,2156.32,0
1929,83.33,2156.84,0
1941,83.33,2156.38,0
1952,90.91,2154.33,0
1964,83.33,2153.92,0
1975,90.91,2156.50,0
1986,90.91,2154.36,0
1997,90.91,2152.36,0
2010,76.92,2154.95,0
2021,90.91,2156.01,0
2032,90.91,2155.18,0
2043,90.91,2154.83,0
2055,83.33,2150.88,0
2066,90.91,2153.97,0
2078,83.33,2156.40,0
2089,90.91,2154.66,0
2101,83.33,2154.34,0
2112,90.91,2153.02,0
2123,90.91,2151.13,0
2135,83.33,2154.16,0
2147,83.33,2156.82,0
2158,90.91,2154.46,0
2169,90.91,2154.56,0
2181,83.33,2153.94,0
2192,90.91,2155.27,0
2203,90.91,2153.91,0
2215,83.33,2154.90,0
2227,83.33,2154.85,0
2238,90.91,2158.11,0
2249,90.91,2157.35,0
2260,90.91,2155.63,0
2272,83.33,2154.46,0
2284,83.33,2153.85,0
2295,90.91,2153.28,0
2307,83.33,2157.96,0
2318,90.91,2157.30,0
2329,90.91,2155.32,0
2340,90.91,2155.19,0
2353,83.33,2155.41,0
2364,83.33,2156.74,0
2375,90.91,2155.15,0
2386,90.91,2155.35,0
2398,83.33,2154.68,0
2409,90.91,2155.98,0
2421,90.91,2156.94,0
2433,76.92,2155.46,0
2444,90.91,2153.76,0
2455,90.91,2154.96,0
2466,90.91,2151.51,0
2478,83.33,2152.15,0
2489,90.91,2154.51,0
2501,83.33,2151.82,0
2512,90.91,2153.18,0
2524,83.33,2155.31,0
2535,90.91,2157.22,0
2546,90.91,2155.99,0
2557,90.91,2157.10,0
2570,76.92,2156.19,0
2581,90.91,2156.19,0
2592,90.91,2157.07,0
2604,83.33,2154.59,0
2615,90.91,2156.59,0
2626,90.91,2155.02,0
2638,83.33,2152.69,0
2650,83.33,2155.29,0
2661,90.91,2156.30,0
2672,90.91,2157.15,0
2683,90.91,2154.57,0
2695,83.33,2154.38,0
2707,83.33,2152.95,0
2718,90.91,2153.23,0
2729,90.91,2152.89,0
2741,83.33,2153.91,0
2752,90.91,2156.93,0
2763,90.91,2155.14,0
2776,76.92,2155.86,0
2787,90.91,2157.35,0
2798,90.91,2158.18,0
2809,90.91,2156.94,0
2821,83.33,2154.67,0
2832,90.91,2153.39,0
2844,83.33,2154.04,0
2855,90.91,2154.98,0
2867,83.33,2157.57,0
2878,90.91,2153.86,0
2889,90.91,2151.90,0
2900,90.91,2153.53,0
2913,76.92,2154.67,0
2924,90.91,2155.30,0
2935,90.91,2154.23,0
2947,83.33,2154.84,0
2958,90.91,2157.06,0
2969,90.91,2154.41,0
2981,83.33,2154.18,0
2993,83.33,2155.48,0
3004,90.91,2155.81,0
3015,90.91,2157.79,0
3026,90.91,2156.46,0
3038,83.33,2156.12,0
3050,90.91,2155.27,0
3061,83.33,2153.34,0
3073,83.33,2154.09,0
3084,90.91,2154.58,0
3095,90.91,2155.51,0
3106,90.91,2154.44,0
3119,83.33,2155.94,0
3130,83.33,2158.25,0
3141,90.91,2156.31,0
3152,90.91,2153.04,0
3164,83.33,2153.98,0
3175,90.91,2155.85,0
3186,90.91,2154.87,0
3198,83.33,2154.16,0
3210,83.33,2154.65,0
3221,90.91,2155.88,0
3232,90.91,2157.19,0
3244,83.33,2157.88,0
3255,90.91,2156.33,0
3267,83.33,2155.93,0
3278,90.91,2156.62,0
3290,83.33,2157.65,0
3301,90.91,2156.33,0
3312,90.91,2153.73,0
3323,90.91,2154.88,0
3336,76.92,2154.02,0
3347,90.91,2153.16,0
3358,90.91,2154.04,0
3369,90.91,2153.86,0
3381,83.33,2154.41,0
3392,90.91,2155.12,0
3404,83.33,2154.64,0
3416,83.33,2152.81,0
3427,90.91,2156.11,0
3438,90.91,2156.00,0
3449,90.91,2155.76,0
3461,83.33,2156.02,0
3473,83.33,2154.52,0
3484,90.91,2155.65,0
3495,90.91,2155.75,0
3507,83.33,2154.87,0
3518,90.91,2156.85,0
3529,90.91,2155.87,0
3542,76.92,2156.02,0
3553,90.91,2155.89,0
3564,90.91,2155.32,0
3575,90.91,2152.74,0
3587,83.33,2152.31,0
3598,90.91,2155.08,0
3610,83.33,2155.45,0
3621,90.91,2154.33,0
3633,83.33,2156.32,0
3644,90.91,2154.80,0
3655,90.91,2154.71,0
3666,90.91,2156.99,0
3679,76.92,2154.74,0
3690,90.91,2153.72,0
3701,90.91,2154.56,0
3713,83.33,2158.88,0
3724,90.91,2157.49,0
3735,90.91,2154.89,0
3747,90.91,2152.29,0
3759,76.92,2156.53,0
3770,90.91,2157.53,0
3781,90.91,2156.96,0
3792,90.91,2155.55,0
3804,83.33,2156.86,0
3816,90.91,2156.62,0
3827,83.33,2156.82,0
3838,90.91,2154.30,0
3850,83.33,2152.49,0
3861,90.91,2152.47,0
3872,90.91,2157.77,0
3885,83.33,2159.12,0
3896,83.33,2154.26,0
3907,90.91,2152.32,0
3918,90.91,2156.53,0
3930,83.33,2158.63,0
3941,90.91,2158.69,0
3952,90.91,2155.31,0
3964,83.33,2156.25,0
3976,83.33,2157.78,0
3987,90.91,2159.79,0
3998,90.91,2154.58,0
4009,90.91,2153.42,0
4021,83.33,2153.92,0
4033,83.33,2155.56,0
4044,90.91,2155.23,0
4056,83.33,2153.02,0
4067,90.91,2149.83,0
4078,90.91,2152.42,0
4089,90.91,2158.08,0
4102,76.92,2157.66,0
4113,90.91,2154.73,0
4124,90.91,2154.13,0
4135,90.91,2157.54,0
4147,83.33,2158.85,0
4158,90.91,2157.67,0
4170,83.33,2157.45,0
4182,83.33,2155.27,0
4193,90.91,2155.49,0
4204,90.91,2157.06,0
4215,90.91,2158.42,0
4227,83.33,2157.37,0
4239,83.33,2153.50,0
4250,90.91,2157.21,0
4261,90.91,2157.69,0
4273,83.33,2155.79,0
4284,90.91,2157.64,0
4295,90.91,2156.15,0
4307,83.33,2152.73,0
4319,83.33,2155.67,0
4330,90.91,2155.48,0
4341,90.91,2154.31,0
4353,83.33,2156.69,0
4364,90.91,2155.85,0
4376,83.33,2154.85,0
4387,90.91,2155.46,0
4399,83.33,2156.92,0
4410,90.91,2153.97,0
4421,90.91,2157.54,0
4432,90.91,2157.99,0
4445,76.92,2155.45,0
4456,90.91,2153.90,0
4467,90.91,2153.80,0
4478,90.91,2154.67,0
4490,83.33,2157.83,0
4501,90.91,2156.52,0
4513,83.33,2151.94,0
4525,83.33,2155.00,0
4536,90.91,2155.66,0
4547,90.91,2154.69,0
4558,90.91,2156.23,0
4570,83.33,2156.75,0
4582,83.33,2155.34,0
4593,90.91,2158.81,0
4604,90.91,2153.88,0
4616,83.33,2153.73,0
4627,90.91,2154.19,0
4638,90.91,2153.28,0
4651,90.91,2155.43,0
4662,76.92,2156.99,0
4673,90.91,2154.08,0
4684,90.91,2153.13,0
4696,83.33,2150.99,0
4707,90.91,2153.06,0
4719,90.91,2154.54,0
4730,83.33,2153.05,0
4742,83.33,2153.50,0
4753,90.91,2155.75,0
4764,90.91,2156.42,0
4775,90.91,2157.65,0
4787,83.33,2154.60,0
4799,83.33,2152.24,0
4810,90.91,2155.34,0
4822,83.33,2154.80,0
4833,90.91,2155.84,0
4844,90.91,2157.18,0
4855,90.91,2156.40,0
4868,76.92,2156.94,0
4879,90.91,2156.21,0
4890,90.91,2153.78,0
4901,90.91,2153.16,0
4913,83.33,2153.78,0
4924,90.91,2154.16,0
4936,83.33,2155.27,0
4947,90.91,2152.87,0
4959,83.33,2154.92,0
4970,90.91,2157.30,0
4981,90.91,2155.49,0
4993,83.33,2153.36,0
5005,83.33,2152.35,0
5016,90.91,2153.36,0
5027,90.91,2157.67,0
5039,83.33,2156.58,0
5050,90.91,2154.17,0
5061,90.91,2155.07,0
5073,83.33,2155.72,0
5085,83.33,2156.58,0
5096,90.91,2154.77,0
5107,90.91,2150.25,0
5118,90.91,2153.54,0
5130,83.33,2156.65,0
5142,83.33,2157.45,0
5153,90.91,2155.15,0
5165,83.33,2152.66,0
5176,90.91,2153.01,0
5187,90.91,2156.85,0
5198,90.91,2156.95,0
5211,76.92,2153.49,0
5222,90.91,2153.98,0
5233,90.91,2154.92,0
5244,90.91,2156.82,0
5256,83.33,2159.63,0
5267,90.91,2153.80,0
5279,83.33,2153.15,0
5291,83.33,2153.38,0
5302,90.91,2156.40,0
5313,90.91,2154.87,0
5324,90.91,2155.12,0
5336,83.33,2155.38,0
5348,83.33,2157.45,0
5359,90.91,2158.95,0
5370,90.91,2157.14,0
5382,83.33,2152.59,0
5393,90.91,2155.44,0
5404,90.91,2157.40,0
5416,90.91,2155.45,0
5428,76.92,2151.10,0
5439,90.91,2152.98,0
5450,90.91,2156.53,0
5462,83.33,2158.18,0
5473,90.91,2159.14,0
5485,90.91,2156.00,0
5496,83.33,2156.27,0
5508,83.33,2156.47,0
5519,90.91,2157.07,0
5530,90.91,2157.57,0
5541,90.91,2155.76,0
5553,83.33,2156.75,0
5565,83.33,2156.42,0
5576,90.91,2155.13,0
5587,90.91,2155.34,0
5599,83.33,2157.02,0
5610,90.91,2155.94,0
5621,90.91,2154.18,0
5634,76.92,2154.42,0
5645,90.91,2154.00,0
5656,90.91,2152.14,0
5667,90.91,2153.64,0
5679,83.33,2155.38,0
5690,90.91,2156.24,0
5702,83.33,2154.05,0
5713,90.91,2152.64,0
5725,83.33,2154.20,0
5736,90.91,2153.93,0
5747,90.91,2153.48,0
5758,90.91,2150.96,0
5771,76.92,2151.34,0
5782,90.91,2153.36,0
5793,90.91,2157.61,0
5805,83.33,2156.44,0
5816,90.91,2155.34,0
5827,90.91,2153.21,0
5839,83.33,2154.41,0
5851,83.33,2154.48,0
5862,90.91,2151.92,0
5873,90.91,2151.21,0
5884,90.91,2152.09,0
5896,83.33,2154.68,0
5908,83.33,2155.00,0
5919,90.91,2155.12,0
5931,83.33,2154.14,0
5942,90.91,2150.69,0
5953,90.91,2154.09,0
5964,90.91,2155.07,0
5977,76.92,2155.63,0
5988,90.91,2155.32,0
5999,90.91,2155.49,0
6010,90.91,2155.65,0
6022,83.33,2154.93,0
6033,90.91,2153.70,0
6045,83.33,2153.62,0
6056,90.91,2155.02,0
6068,83.33,2156.53,0
6079,90.91,2157.54,0
6090,90.91,2153.92,0
6102,83.33,2151.61,0
6114,83.33,2154.80,0
6125,90.91,2155.28,0
6136,90.91,2152.19,0
6148,83.33,2151.22,0
6159,90.91,2154.73,0
6170,90.91,2157.20,0
6182,90.91,2155.33,0
6194,76.92,2156.86,0
6205,90.91,2155.70,0
6216,90.91,2153.87,0
6227,90.91,2152.34,0
6239,83.33,2156.23,0
6251,90.91,2154.33,0
6262,83.33,2152.71,0
6274,83.33,2156.53,0
6285,90.91,2155.67,0
6296,90.91,2155.59,0
6307,90.91,2155.18,0
6319,83.33,2154.19,0
6331,83.33,2157.31,0
6342,90.91,2157.25,0
6353,90.91,2155.75,0
6365,83.33,2152.80,0
6376,90.91,2154.41,0
6387,90.91,2154.93,0
6400,76.92,2155.53,0
6411,90.91,2155.62,0
6422,90.91,2154.54,0
6433,90.91,2153.56,0
6445,83.33,2155.42,0
6456,90.91,2155.51,0
6468,83.33,2155.17,0
6479,90.91,2155.71,0
6491,83.33,2156.81,0
6502,90.91,2156.08,0
6513,90.91,2155.43,0
6524,90.91,2151.12,0
6537,76.92,2154.15,0
6548,90.91,2158.33,0
6559,90.91,2156.96,0
6571,83.33,2155.79,0
6582,90.91,2152.48,0
6593,90.91,2149.83,0
6605,83.33,2155.14,0
6617,83.33,2158.18,0
6628,90.91,2158.13,0
6639,90.91,2154.39,0
6650,90.91,2154.93,0
6662,83.33,2155.84,0
6674,83.33,2158.62,0
6685,90.91,2155.49,0
6696,90.91,2151.75,0
6708,83.33,2154.26,0
6719,90.91,2153.99,0
6730,90.91,2156.63,0
6743,76.92,2156.96,0
6754,90.91,2152.44,0
6765,90.91,2154.28,0
6776,90.91,2154.09,0
6788,83.33,2157.79,0
6799,90.91,2157.00,0
6811,83.33,2153.48,0
6822,90.91,2157.14,0
6834,83.33,2157.63,0
6845,90.91,2154.24,0
6856,90.91,2154.74,0
6867,90.91,2156.38,0
6880,83.33,2153.98,0
6891,83.33,2156.60,0
6902,90.91,2153.90,0
6914,83.33,2153.23,0
6925,90.91,2155.50,0
6936,90.91,2156.90,0
6948,90.91,2156.08,0
6960,76.92,2155.64,0
6971,90.91,2153.46,0
6982,90.91,2155.66,0
6993,90.91,2154.56,0
7005,83.33,2155.49,0
7017,90.91,2156.30,0
7028,83.33,2155.17,0
7040,83.33,2154.65,0
7051,90.91,2155.96,0
7062,90.91,2154.69,0
7073,90.91,2153.22,0
7085,83.33,2154.74,0
7097,83.33,2154.78,0
7108,90.91,2155.72,0
7119,90.91,2156.29,0
7131,83.33,2154.89,0
7142,90.91,2156.26,0
7153,90.91,2155.82,0
7165,83.33,2153.09,0
7177,83.33,2155.31,0
7188,90.91,2156.08,0
7199,90.91,2154.45,0
7211,83.33,2155.21,0
7222,90.91,2155.78,0
7234,83.33,2153.28,0
7245,90.91,2154.72,0
7257,83.33,2155.54,0
7268,90.91,2157.67,0
7279,90.91,2154.21,0
7290,90.91,2157.58,0
7303,76.92,2158.14,0
7314,90.91,2159.04,0
7325,90.91,2156.58,0
7336,90.91,2153.92,0
7348,83.33,2153.36,0
7359,90.91,2155.15,0
7371,83.33,2155.00,0
7383,83.33,2155.58,0
7394,90.91,2156.96,0
7405,90.91,2156.30,0
7416,90.91,2155.71,0
7428,83.33,2153.18,0
7440,83.33,2151.59,0
7451,90.91,2154.75,0
7462,90.91,2155.34,0
7474,83.33,2156.21,0
7485,90.91,2155.13,0
7496,90.91,2154.73,0
7508,83.33,2155.39,0
7520,83.33,2157.52,0
7531,90.91,2156.41,0
7542,90.91,2153.80,0
7554,83.33,2151.23,0
7565,90.91,2154.75,0
7577,83.33,2156.44,0
7588,90.91,2156.88,0
7600,83.33,2152.36,0
7611,90.91,2151.38,0
7622,90.91,2157.41,0
7633,90.91,2155.90,0
7646,76.92,2154.94,0
7657,90.91,2156.11,0
7668,90.91,2150.69,0
7680,83.33,2155.38,0
7691,90.91,2156.60,0
7702,90.91,2155.36,0
7714,83.33,2153.81,0
7726,83.33,2153.76,0
7737,90.91,2152.76,0
7748,90.91,2156.33,0
7759,90.91,2155.37,0
7771,83.33,2152.89,0
7783,90.91,2153.69,0
7794,83.33,2154.03,0
7805,90.91,2154.37,0
7817,83.33,2153.67,0
7828,90.91,2153.00,0
7839,90.91,2157.19,0
7852,83.33,2155.46,0
7863,83.33,2155.28,0
7874,90.91,2155.28,0
7885,90.91,2154.22,0
7897,83.33,2156.00,0
7908,90.91,2156.19,0
7919,90.91,2156.75,0
7931,83.33,2156.06,0
7943,83.33,2154.10,0
7954,90.91,2156.66,0
7965,90.91,2157.80,0
7976,90.91,2155.65,0
7988,83.33,2155.10,0
8000,83.33,2153.71,0
8011,90.91,2154.30,0
8023,83.33,2158.10,0
8034,90.91,2155.36,0
8045,90.91,2151.65,0
8056,90.91,2154.31,0
8069,76.92,2158.13,0
8080,90.91,2157.14,0
8091,90.91,2158.80,0
8102,90.91,2155.50,0
8114,83.33,2154.88,0
8125,90.91,2157.58,0
8137,83.33,2155.73,0
8148,90.91,2152.99,0
8160,83.33,2151.77,0
8171,90.91,2154.88,0
8182,90.91,2158.12,0
8194,83.33,2154.61,0
8206,83.33,2151.53,0
8217,90.91,2153.69,0
8228,90.91,2160.93,0
8240,83.33,2159.09,0
8251,90.91,2157.30,0
8262,90.91,2155.58,0
8274,83.33,2155.90,0
8286,83.33,2158.93,0
8297,90.91,2156.42,0
8308,90.91,2154.16,0
8320,83.33,2154.07,0
8331,90.91,2157.05,0
8343,83.33,2157.57,0
8354,90.91,2157.69,0
8366,83.33,2153.52,0
8377,90.91,2152.11,0
8388,90.91,2154.04,0
8399,90.91,2156.09,0
8412,76.92,2154.16,0
8423,90.91,2152.87,0
8434,90.91,2155.35,0
8445,90.91,2157.69,0
8457,83.33,2155.96,0
8468,90.91,2154.92,0
8480,83.33,2153.23,0
8492,83.33,2154.50,0
8503,90.91,2157.01,0
8514,90.91,2157.33,0
8525,90.91,2153.47,0
8537,83.33,2156.77,0
8549,83.33,2158.58,0
8560,90.91,2157.49,0
8571,90.91,2156.79,0
8583,83.33,2154.01,0
8594,90.91,2151.16,0
8605,90.91,2154.21,0
8617,83.33,2154.51,0
8629,83.33,2153.86,0
8640,90.91,2152.79,0
8651,90.91,2154.57,0
8663,83.33,2154.50,0
8674,90.91,2155.62,0
8686,90.91,2154.49,0
8697,83.33,2153.81,0
8709,83.33,2155.18,0
8720,90.91,2156.65,0
8731,90.91,2155.06,0
8742,90.91,2155.99,0
8755,83.33,2152.56,0
8766,83.33,2152.08,0
8777,90.91,2154.81,0
8788,90.91,2155.46,0
8800,83.33,2152.86,0
8811,90.91,2154.09,0
8822,90.91,2157.94,0
8835,76.92,2159.15,0
8846,90.91,2154.81,0
8857,90.91,2153.35,0
8868,90.91,2153.96,0
8880,83.33,2155.81,0
8891,90.91,2156.11,0
8903,83.33,2153.74,0
8914,90.91,2157.26,0
8926,83.33,2157.69,0
8937,90.91,2156.60,0
8948,90.91,2156.18,0
8960,83.33,2154.27,0
8972,83.33,2154.04,0
8983,90.91,2155.06,0
8994,90.91,2154.86,0
9006,83.33,2154.40,0
9017,90.91,2153.66,0
9028,90.91,2157.64,0
9040,83.33,2159.33,0
9052,83.33,2157.19,0
9063,90.91,2153.87,0
9074,90.91,2157.42,0
9085,90.91,2154.26,0
9097,83.33,2153.62,0
9109,83.33,2154.93,0
9120,90.91,2152.95,0
9132,83.33,2153.90,0
9143,90.91,2156.18,0
9154,90.91,2154.70,0
9165,90.91,2153.72,0
9178,76.92,2153.79,0
9189,90.91,2154.64,0
9200,90.91,2154.60,0
9211,90.91,2156.27,0
9223,83.33,2156.51,0
9234,90.91,2156.60,0
9246,83.33,2155.60,0
9257,90.91,2154.93,0
9269,83.33,2154.93,0
9280,90.91,2157.42,0
9291,90.91,2157.82,0
9303,83.33,2154.63,0
9315,83.33,2155.00,0
9326,90.91,2156.86,0
9337,90.91,2156.12,0
9349,83.33,2155.22,0
9360,90.91,2157.54,0
9371,90.91,2156.20,0
9383,90.91,2156.92,0
9395,76.92,2154.86,0
9406,90.91,2156.54,0
9417,90.91,2155.76,0
9428,90.91,2154.54,0
9440,83.33,2155.46,0
9452,90.91,2156.70,0
9463,83.33,2153.13,0
9475,83.33,2155.99,0
9486,90.91,2156.34,0
9497,90.91,2155.89,0
9508,90.91,2154.05,0
9521,83.33,2155.43,0
9532,83.33,2155.08,0
9543,90.91,2158.06,0
9554,90.91,2155.78,0
9566,83.33,2155.47,0
9577,90.91,2154.32,0
9588,90.91,2156.34,0
9601,76.92,2153.91,0
9612,90.91,2156.10,0
9623,90.91,2155.99,0
9634,90.91,2153.06,0
9646,83.33,2152.91,0
9657,90.91,2155.47,0
9669,83.33,2155.42,0
9680,90.91,2152.86,0
9692,83.33,2153.86,0
9703,90.91,2153.43,0
9714,90.91,2155.05,0
9725,90.91,2156.63,0
9738,76.92,2156.26,0
9749,90.91,2157.35,0
9760,90.91,2155.49,0
9772,83.33,2154.73,0
9783,90.91,2153.49,0
9794,90.91,2152.31,0
9806,83.33,2157.18,0
9818,83.33,2157.82,0
9829,90.91,2155.83,0
9840,90.91,2154.79,0
9851,90.91,2153.71,0
9863,83.33,2156.23,0
9875,83.33,2156.75,0
9886,90.91,2154.58,0
9897,90.91,2152.32,0
9909,83.33,2155.02,0
9920,90.91,2155.13,0
9931,90.91,2153.90,0
9944,76.92,2150.29,0
9955,90.91,2151.38,0
9966,90.91,2153.58,0
9977,90.91,2153.20,0
9989,83.33,2154.82,0
10000,90.91,2152.80,0
10012,83.33,2152.74,0
10023,90.91,2157.59,0
10035,83.33,2159.66,0
10046,90.91,2157.71,0
10057,90.91,2154.22,0
10068,90.91,2154.52,0
10081,76.92,2155.92,0
10092,90.91,2155.58,0
10103,90.91,2154.38,0
10115,83.33,2154.69,0
10126,90.91,2155.00,0
10137,90.91,2157.73,0
10149,90.91,2158.60,0
10161,76.92,2153.19,0
10172,90.91,2151.25,0
10183,90.91,2156.19,0
10194,90.91,2158.47,0
10206,83.33,2155.85,0
10218,90.91,2155.65,0
10229,83.33,2155.07,0
10241,83.33,2153.65,0
10252,90.91,2154.81,0
10263,90.91,2152.19,0
10274,90.91,2152.00,0
10287,83.33,2154.30,0
10298,83.33,2156.76,0
10309,90.91,2156.60,0
10320,90.91,2154.65,0
10332,83.33,2154.21,0
10343,90.91,2153.54,0
10354,90.91,2156.31,0
10366,83.33,2156.20,0
10378,83.33,2153.44,0
10389,90.91,2156.59,0
10400,90.91,2156.89,0
10412,83.33,2154.75,0
10423,90.91,2156.40,0
10435,83.33,2156.85,0
10446,90.91,2154.94,0
10458,83.33,2155.23,0
10469,90.91,2157.18,0
10480,90.91,2155.42,0
10491,90.91,2154.97,0
10504,76.92,2156.95,0
10515,90.91,2156.86,0
10526,90.91,2157.59,0
10537,90.91,2153.78,0
10549,83.33,2154.09,0
10560,90.91,2154.10,0
10572,83.33,2152.68,0
10584,83.33,2150.98,0
10595,90.91,2151.44,0
10606,90.91,2152.85,0
10617,90.91,2153.60,0
10629,83.33,2154.72,0
10641,83.33,2153.86,0
10652,90.91,2155.53,0
10663,90.91,2154.90,0
10675,83.33,2155.49,0
10686,90.91,2155.76,0
10697,90.91,2154.69,0
10710,76.92,2155.74,0
10721,90.91,2155.91,0
10732,90.91,2154.94,0
10743,90.91,2154.06,0
10755,83.33,2154.81,0
10766,90.91,2155.10,0
10778,83.33,2155.95,0
10789,90.91,2156.65,0
10801,83.33,2158.00,0
10812,90.91,2154.90,0
10823,90.91,2155.36,0
10834,90.91,2158.22,0
10847,76.92,2157.47,0
10858,90.91,2154.32,0
10869,90.91,2153.43,0
10881,83.33,2152.35,0
10892,90.91,2157.54,0
10903,90.91,2154.06,0
10915,90.91,2153.10,0
10927,76.92,2154.51,0
10938,90.91,2153.85,0
10949,90.91,2155.58,0
10960,90.91,2153.69,0
10972,83.33,2153.63,0
10984,90.91,2154.20,0
10995,83.33,2151.45,0
11006,90.91,2154.98,0
11018,83.33,2156.22,0
11029,90.91,2156.57,0
11040,90.91,2153.34,0
11052,83.33,2156.74,0
11064,83.33,2157.29,0
11075,90.91,2157.72,0
11086,90.91,2158.09,0
11098,83.33,2156.14,0
11109,90.91,2155.06,0
11120,90.91,2153.34,0
11132,83.33,2154.71,0
11144,83.33,2156.29,0
11155,90.91,2153.74,0
11166,90.91,2150.12,0
11177,90.91,2153.86,0
11189,83.33,2154.97,0
11201,83.33,2155.49,0
11212,90.91,2155.84,0
11224,83.33,2153.33,0
11235,90.91,2152.33,0
11246,90.91,2152.48,0
11257,90.91,2154.32,0
11270,76.92,2152.43,0
11281,90.91,2153.25,0
11292,90.91,2157.08,0
11303,90.91,2156.79,0
11315,83.33,2156.23,0
11326,90.91,2156.15,0
11338,83.33,2156.08,0
11350,83.33,2157.60,0
11361,90.91,2153.39,0
11372,90.91,2153.21,0
11383,90.91,2154.24,0
11395,83.33,2158.37,0
11407,83.33,2157.86,0
11418,90.91,2155.35,0
11429,90.91,2155.11,0
11441,83.33,2155.29,0
11452,90.91,2155.91,0
11463,90.91,2155.11,0
11475,83.33,2151.16,0
11487,83.33,2152.78,0
11498,90.91,2156.08,0
11509,90.91,2158.37,0
11521,83.33,2156.74,0
11532,90.91,2156.56,0
11544,83.33,2154.26,0
11555,90.91,2156.51,0
11567,83.33,2159.00,0
11578,90.91,2157.22,0
11589,90.91,2153.59,0
11600,90.91,2153.94,0
11613,76.92,2157.84,0
11624,90.91,2155.00,0
11635,90.91,2155.52,0
11646,90.91,2150.85,0
11658,83.33,2152.56,0
11669,90.91,2157.00,0
11681,83.33,2155.28,0
11693,83.33,2156.10,0
11704,90.91,2152.71,0
11715,90.91,2154.82,0
11726,90.91,2156.38,0
11738,83.33,2155.52,0
11750,90.91,2155.54,0
11761,83.33,2156.10,0
11772,90.91,2158.28,0
11784,83.33,2159.46,0
11795,90.91,2155.69,0
11806,90.91,2152.01,0
11819,90.91,2151.78,0
11830,76.92,2156.11,0
11841,90.91,2153.47,0
11852,90.91,2154.14,0
11864,83.33,2153.45,0
11875,90.91,2154.20,0
11886,90.91,2160.98,0
11898,83.33,2158.05,0
11910,83.33,2153.72,0
11921,90.91,2151.88,0
11932,90.91,2154.40,0
11943,90.91,2159.40,0
11955,83.33,2156.02,0
11967,83.33,2152.08,0
11978,90.91,2153.20,0
11990,83.33,2156.21,0
12001,90.91,2156.09,0
12012,90.91,2158.14,0
12023,90.91,2151.60,0
12036,76.92,2152.94,0
12047,90.91,2158.96,0
12058,90.91,2153.95,0
12069,90.91,2158.39,0
12081,83.33,2151.50,0
12092,90.91,2156.91,0
12104,83.33,2156.29,0
12115,90.91,2155.70,0
12127,83.33,2152.42,0
12138,90.91,2154.08,0
12149,90.91,2153.37,0
12161,83.33,2152.42,0
12173,83.33,2154.97,0
12184,90.91,2154.02,0
12195,90.91,2155.17,0
12207,83.33,2159.59,0
12218,90.91,2154.12,0
12229,90.91,2156.34,0
12241,83.33,2152.17,0
12253,83.33,2150.86,0
12264,90.91,2158.18,0
12275,90.91,2154.24,0
12286,90.91,2153.25,0
12298,83.33,2152.44,0
12310,83.33,2152.25,0
12321,90.91,2158.65,0
12333,83.33,2155.15,0
12344,90.91,2153.75,0
12355,90.91,2154.22,0
12366,90.91,2157.82,0
12379,76.92,2154.65,0
12390,90.91,2151.83,0
12401,90.91,2153.06,0
12412,90.91,2151.87,0
12424,83.33,2154.75,0
12435,90.91,2153.40,0
12447,90.91,2153.15,0
12459,76.92,2153.81,0
12470,90.91,2153.40,0
12481,90.91,2155.33,0
12492,90.91,2155.14,0
12504,83.33,2153.61,0
12516,90.91,2154.75,0
12527,83.33,2156.52,0
12538,90.91,2153.77,0
12550,83.33,2152.22,0
12561,90.91,2151.59,0
12572,90.91,2151.67,0
12583,90.91,2157.41,0
12596,76.92,2156.22,0
12607,90.91,2154.72,0
12618,90.91,2151.40,0
12630,83.33,2149.88,0
12641,90.91,2156.39,0
12652,90.91,2157.19,0
12664,83.33,2157.59,0
12676,83.33,2154.58,0
12687,90.91,2156.23,0
12698,90.91,2155.64,0
12709,90.91,2157.61,0
12721,83.33,2157.31,0
12733,83.33,2156.21,0
12744,90.91,2152.59,0
12755,90.91,2154.69,0
12767,83.33,2156.24,0
12778,90.91,2155.77,0
12789,90.91,2151.58,0
12802,76.92,2153.08,0
12813,90.91,2156.39,0
12824,90.91,2152.75,0
12835,90.91,2156.10,0
12847,83.33,2157.78,0
12858,90.91,2154.04,0
12870,83.33,2153.98,0
12881,90.91,2150.75,0
12893,83.33,2154.59,0
12904,90.91,2153.83,0
12915,90.91,2151.93,0
12926,90.91,2152.78,0
12939,76.92,2156.88,0
12950,90.91,2155.00,0
12961,90.91,2153.74,0
12973,83.33,2155.22,0
12984,90.91,2153.82,0
12995,90.91,2156.35,0
13007,83.33,2157.19,0
13019,83.33,2153.83,0
13030,90.91,2156.02,0
13041,90.91,2155.03,0
13052,90.91,2156.44,0
13064,83.33,2155.79,0
13076,83.33,2155.32,0
13087,90.91,2155.11,0
13099,83.33,2156.18,0
13110,90.91,2153.10,0
13121,90.91,2155.90,0
13132,90.91,2156.89,0
13145,76.92,2155.83,0
13156,90.91,2157.14,0
13167,90.91,2154.53,0
13178,90.91,2156.35,0
13190,83.33,2156.44,0
13201,90.91,2155.49,0
13213,90.91,2157.29,0
13224,83.33,2155.30,0
13236,83.33,2155.88,0
13247,90.91,2155.46,0
13258,90.91,2155.57,0
13270,83.33,2154.25,0
13282,90.91,2157.31,0
13293,83.33,2154.50,0
13304,90.91,2155.55,0
13316,83.33,2154.41,0
13327,90.91,2155.97,0
13338,90.91,2152.75,0
13350,90.91,2155.02,0
13362,76.92,2155.41,0
13373,90.91,2155.17,0
13384,90.91,2155.22,0
13395,90.91,2153.87,0
13407,83.33,2156.13,0
13418,90.91,2154.52,0
13430,83.33,2153.51,0
13442,83.33,2155.44,0
13453,90.91,2158.06,0
13464,90.91,2154.41,0
13475,90.91,2158.15,0
13487,83.33,2157.52,0
13499,83.33,2154.82,0
13510,90.91,2152.78,0
13521,90.91,2152.94,0
13533,83.33,2156.38,0
13544,90.91,2157.16,0
13555,90.91,2154.98,0
13568,76.92,2156.13,0
13579,90.91,2154.52,0
13590,90.91,2155.70,0
13601,90.91,2155.93,0
13613,83.33,2155.95,0
13624,90.91,2155.34,0
13636,83.33,2156.93,0
13647,90.91,2155.03,0
13659,83.33,2154.28,0
13670,90.91,2153.13,0
13681,90.91,2150.94,0
13692,90.91,2156.06,0
13705,76.92,2155.33,0
13716,90.91,2153.16,0
13727,90.91,2153.51,0
13739,83.33,2152.47,0
13750,90.91,2155.96,0
13761,90.91,2156.53,0
13773,83.33,2156.09,0
13785,83.33,2154.37,0
13796,90.91,2158.23,0
13807,90.91,2160.42,0
13818,90.91,2156.66,0
13830,83.33,2156.81,0
13842,83.33,2153.02,0
13853,90.91,2158.72,0
13864,90.91,2158.53,0
13876,83.33,2156.90,0
13887,90.91,2154.96,0
13898,90.91,2153.70,0
13911,83.33,2152.73,0
13922,83.33,2157.51,0
13933,90.91,2156.16,0
13944,90.91,2153.03,0
13956,83.33,2154.39,0
13967,90.91,2156.88,0
13979,90.91,2158.81,0
13990,83.33,2157.18,0
14002,83.33,2151.13,0
14013,90.91,2157.02,0
14024,90.91,2159.96,0
14035,90.91,2157.27,0
14048,83.33,2155.91,0
14059,83.33,2151.58,0
14070,90.91,2154.48,0
14082,83.33,2157.03,0
14093,90.91,2153.11,0
14104,90.91,2153.29,0
14115,90.91,2152.17,0
14128,76.92,2151.79,0
14139,90.91,2158.44,0
14150,90.91,2157.54,0
14161,90.91,2151.86,0
14173,83.33,2152.39,0
14184,90.91,2158.10,0
14196,83.33,2157.84,0
14208,83.33,2156.79,0
14219,90.91,2152.85,0
14230,90.91,2153.23,0
14241,90.91,2160.55,0
14253,83.33,2157.04,0
14265,83.33,2153.50,0
14276,90.91,2151.63,0
14287,90.91,2153.42,0
14299,83.33,2157.93,0
14310,90.91,2157.29,0
14321,90.91,2149.42,0
14333,83.33,2152.77,0
14345,83.33,2156.61,0
14356,90.91,2160.43,0
14367,90.91,2155.41,0
14379,83.33,2149.89,0
14390,90.91,2150.61,0
14402,83.33,2157.35,0
14413,90.91,2157.33,0
14425,83.33,2153.92,0
14436,90.91,2149.77,0
14447,90.91,2154.60,0
14458,90.91,2161.06,0
14471,76.92,2160.03,0
14482,90.91,2150.89,0
14493,90.91,2150.51,0
14504,90.91,2149.51,0
14516,83.33,2158.97,0
14527,90.91,2155.02,0
14539,83.33,2150.41,0
14551,83.33,2151.64,0
14562,90.91,2153.42,0
14573,90.91,2164.50,0
14584,90.91,2153.83,0
14596,83.33,2153.67,0
14608,83.33,2151.09,0
14619,90.91,2158.47,0
14630,90.91,2158.47,0
14642,83.33,2156.06,0
14653,90.91,2150.38,0
14664,90.91,2148.59,0
14676,90.91,2157.49,0
14688,76.92,2159.08,0
14699,90.91,2148.74,0
14710,90.91,2149.38,0
14722,83.33,2151.96,0
14733,90.91,2160.04,0
14745,90.91,2158.54,0
14756,83.33,2153.75,0
14768,83.33,2150.05,0
14779,90.91,2155.08,0
14790,90.91,2161.97,0
14801,90.91,2156.53,0
14813,83.33,2149.70,0
14825,83.33,2151.43,0
14836,90.91,2157.05,0
14848,83.33,2156.89,0
14859,90.91,2155.66,0
14870,90.91,2154.06,0
14881,90.91,2148.96,0
14894,76.92,2153.71,0
14905,90.91,2159.82,0
14916,90.91,2156.00,0
14927,90.91,2155.04,0
14939,83.33,2153.86,0
14950,90.91,2153.80,0
14962,83.33,2159.43,0
14973,90.91,2156.13,0
14985,83.33,2151.97,0
14996,90.91,2153.23,0
15007,90.91,2154.96,0
15019,83.33,2158.03,0
15031,83.33,2153.81,0
15042,90.91,2150.67,0
15053,90.91,2153.21,0
15065,83.33,2158.22,0
15076,90.91,2156.15,0
15087,90.91,2152.60,0
15099,83.33,2150.70,0
15111,83.33,2156.01,0
15122,90.91,2158.87,0
15133,90.91,2157.04,0
15144,90.91,2153.75,0
15156,83.33,2151.68,0
15168,83.33,2154.98,0
15179,90.91,2156.13,0
15191,83.33,2154.87,0
15202,90.91,2150.46,0
15213,90.91,2153.00,0
15224,90.91,2157.48,0
15237,76.92,2157.94,0
15248,90.91,2156.63,0
15259,90.91,2152.30,0
15270,90.91,2152.26,0
15282,83.33,2159.43,0
15293,90.91,2159.62,0
15305,83.33,2153.09,0
15316,90.91,2146.88,0
15328,83.33,2151.69,0
15339,90.91,2159.55,0
15350,90.91,2158.13,0
15362,83.33,2153.61,0
15374,90.91,2150.76,0
15385,90.91,2152.70,0
15396,90.91,2158.43,0
15408,83.33,2159.21,0
15419,90.91,2153.95,0
15430,90.91,2152.77,0
15442,90.91,2154.65,0
15454,76.92,2156.27,0
15465,90.91,2158.53,0
15476,90.91,2152.35,0
15488,83.33,2151.22,0
15499,90.91,2156.88,0
15511,90.91,2158.46,0
15522,83.33,2154.80,0
15534,83.33,2153.52,0
15545,90.91,2154.39,0
15556,90.91,2160.40,0
15567,90.91,2162.08,0
15579,83.33,2153.23,0
15591,83.33,2148.57,0
15602,90.91,2153.17,0
15613,90.91,2158.60,0
15625,83.33,2156.48,0
15636,90.91,2151.03,0
15647,90.91,2147.81,0
15660,76.92,2154.65,0
15671,90.91,2161.82,0
15682,90.91,2158.65,0
15693,90.91,2154.19,0
15705,83.33,2152.62,0
15716,90.91,2153.14,0
15728,83.33,2158.01,0
15739,90.91,2157.27,0
15751,83.33,2151.11,0
15762,90.91,2151.64,0
15773,90.91,2154.43,0
15784,90.91,2156.13,0
15797,76.92,2156.94,0
15808,90.91,2153.42,0
15819,90.91,2153.97,0
15831,83.33,2157.15,0
15842,90.91,2158.70,0
15853,90.91,2155.99,0
15865,83.33,2154.32,0
15877,83.33,2155.96,0
15888,90.91,2160.33,0
15899,90.91,2157.45,0
15910,90.91,2154.45,0
15922,83.33,2154.57,0
15934,83.33,2156.31,0
15945,90.91,2158.48,0
15956,90.91,2156.39,0
15968,83.33,2151.18,0
15979,90.91,2154.37,0
15990,90.91,2157.77,0
16003,76.92,2158.71,0
16014,90.91,2154.09,0
16025,90.91,2151.03,0
16036,90.91,2155.35,0
16048,83.33,2157.37,0
16059,90.91,2158.38,0
16071,83.33,2155.46,0
16082,90.91,2151.97,0
16094,83.33,2151.27,0
16105,90.91,2158.24,0
16116,90.91,2155.89,0
16128,83.33,2153.13,0
16140,90.91,2153.22,0
16151,83.33,2154.43,0
16162,90.91,2155.20,0
16174,83.33,2156.13,0
16185,90.91,2152.10,0
16196,90.91,2154.78,0
16208,90.91,2156.48,0
16220,76.92,2157.86,0
16231,90.91,2156.17,0
16242,90.91,2151.95,0
16253,90.91,2154.63,0
16265,83.33,2156.05,0
16276,90.91,2157.76,0
16288,83.33,2154.46,0
16300,83.33,2151.38,0
16311,90.91,2154.01,0
16322,90.91,2158.05,0
16333,90.91,2158.05,0
16345,83.33,2152.93,0
16357,83.33,2152.17,0
16368,90.91,2156.39,0
16379,90.91,2157.55,0
16391,83.33,2157.44,0
16402,90.91,2152.91,0
16413,90.91,2153.96,0
16425,83.33,2154.43,0
16437,83.33,2155.94,0
16448,90.91,2156.66,0
16459,90.91,2154.07,0
16471,83.33,2152.41,0
16482,90.91,2155.09,0
16494,83.33,2157.72,0
16505,90.91,2158.03,0
16517,83.33,2155.57,0
16528,90.91,2153.85,0
16539,90.91,2155.73,0
16550,90.91,2155.01,0
16563,76.92,2155.63,0
16574,90.91,2154.38,0
16585,90.91,2153.50,0
16596,90.91,2155.69,0
16608,83.33,2155.85,0
16619,90.91,2155.98,0
16631,83.33,2154.62,0
16643,83.33,2154.58,0
16654,90.91,2155.27,0
16665,90.91,2156.27,0
16676,90.91,2154.49,0
16688,83.33,2153.09,0
16700,83.33,2153.97,0
16711,90.91,2156.68,0
16722,90.91,2158.52,0
16734,83.33,2156.67,0
16745,90.91,2153.71,0
16756,90.91,2155.62,0
16769,83.33,2160.90,0
16780,83.33,2159.36,0
16791,90.91,2155.24,0
16802,90.91,2152.13,0
16814,83.33,2155.79,0
16825,90.91,2158.40,0
16837,90.91,2156.18,0
16848,83.33,2153.03,0
16860,83.33,2156.95,0
16871,90.91,2155.87,0
16882,90.91,2155.81,0
16893,90.91,2156.31,0
16905,83.33,2150.53,0
16917,83.33,2154.97,0
16928,90.91,2158.24,0
16940,83.33,2152.17,0
16951,90.91,2154.03,0
16962,90.91,2153.35,0
16973,90.91,2154.72,0
16986,76.92,2160.87,0
16997,90.91,2157.95,0
17008,90.91,2154.31,0
17019,90.91,2153.71,0
17031,83.33,2156.83,0
17042,90.91,2161.89,0
17054,83.33,2158.28,0
17065,90.91,2152.06,0
17077,83.33,2148.09,0
17088,90.91,2150.07,0
17099,90.91,2158.18,0
17111,83.33,2160.15,0
17123,83.33,2156.10,0
17134,90.91,2150.58,0
17145,90.91,2154.64,0
17157,83.33,2156.66,0
17168,90.91,2158.31,0
17179,90.91,2152.29,0
17191,83.33,2151.92,0
17203,83.33,2155.85,0
17214,90.91,2156.87,0
17225,90.91,2155.89,0
17236,90.91,2151.40,0
17248,83.33,2149.46,0
17260,83.33,2153.60,0
17271,90.91,2158.20,0
17283,83.33,2150.12,0
17294,90.91,2152.23,0
17305,90.91,2154.88,0
17316,90.91,2156.02,0
17329,76.92,2158.20,0
17340,90.91,2152.05,0
17351,90.91,2152.27,0
17362,90.91,2155.07,0
17374,83.33,2157.53,0
17385,90.91,2158.25,0
17397,83.33,2150.92,0
17409,83.33,2150.01,0
17420,90.91,2157.30,0
17431,90.91,2160.11,0
17442,90.91,2157.08,0
17454,83.33,2150.08,0
17466,90.91,2149.24,0
17477,83.33,2151.32,0
17488,90.91,2160.11,0
17500,83.33,2155.73,0
17511,90.91,2153.02,0
17522,90.91,2153.21,0
17534,90.91,2156.60,0
17546,76.92,2160.27,0
17557,90.91,2156.50,0
17568,90.91,2149.91,0
17580,83.33,2153.59,0
17591,90.91,2158.34,0
17602,90.91,2159.89,0
17614,83.33,2153.44,0
17626,83.33,2150.69,0
17637,90.91,2157.07,0
17648,90.91,2154.60,0
17659,90.91,2154.18,0
17671,83.33,2150.22,0
17683,83.33,2153.31,0
17694,90.91,2154.57,0
17705,90.91,2160.98,0
17717,83.33,2156.88,0
17728,90.91,2153.36,0
17739,90.91,2149.66,0
17752,76.92,2152.82,0
17763,90.91,2161.87,0
17774,90.91,2158.11,0
17785,90.91,2153.28,0
17797,83.33,2154.13,0
17808,90.91,2157.85,0
17820,83.33,2158.65,0
17831,90.91,2155.87,0
17843,83.33,2151.20,0
17854,90.91,2155.07,0
17865,90.91,2157.69,0
17876,90.91,2158.28,0
17889,76.92,2157.22,0
17900,90.91,2153.78,0
17911,90.91,2155.10,0
17923,83.33,2157.83,0
17934,90.91,2155.76,0
17945,90.91,2153.02,0
17957,83.33,2153.93,0
17969,83.33,2154.70,0
17980,90.91,2157.05,0
17991,90.91,2157.99,0
18002,90.91,2152.30,0
18014,83.33,2151.62,0
18026,83.33,2154.95,0
18037,90.91,2158.93,0
18049,83.33,2155.59,0
18060,90.91,2150.89,0
18071,90.91,2153.22,0
18082,90.91,2155.54,0
18095,83.33,2158.03,0
18106,90.91,2154.78,0
18117,90.91,2153.67,0
18128,90.91,2152.23,0
18140,83.33,2156.54,0
18151,90.91,2161.72,0
18163,90.91,2152.65,0
18174,83.33,2151.07,0
18186,83.33,2153.55,0
18197,90.91,2160.24,0
18208,90.91,2156.72,0
18220,83.33,2152.82,0
18232,90.91,2152.46,0
18243,83.33,2155.09,0
18254,90.91,2159.00,0
18266,83.33,2154.79,0
18277,90.91,2152.58,0
18288,90.91,2154.42,0
18299,90.91,2159.38,0
18312,76.92,2158.76,0
18323,90.91,2158.24,0
18334,90.91,2149.89,0
18345,90.91,2156.02,0
18357,83.33,2155.68,0
18368,90.91,2161.34,0
18380,83.33,2154.56,0
18392,83.33,2154.51,0
18403,90.91,2155.15,0
18414,90.91,2160.52,0
18425,90.91,2158.92,0
18437,83.33,2153.18,0
18449,83.33,2149.08,0
18460,90.91,2154.35,0
18471,90.91,2156.90,0
18483,83.33,2155.77,0
18494,90.91,2151.92,0
18505,90.91,2154.64,0
18518,76.92,2154.85,0
18529,90.91,2157.32,0
18540,90.91,2156.23,0
18551,90.91,2152.08,0
18563,83.33,2156.92,0
18574,90.91,2162.31,0
18586,83.33,2148.95,0
18597,90.91,2160.25,0
18609,83.33,2151.71,0
18620,90.91,2156.64,0
18631,90.91,2153.12,0
18642,90.91,2165.11,0
18655,76.92,2148.76,0
18666,90.91,2155.21,0
18677,90.91,2152.06,0
18689,83.33,2154.94,0
18700,90.91,2151.79,0
18711,90.91,2151.74,0
18723,83.33,2160.24,0
18735,83.33,2153.94,0
18746,90.91,2148.17,0
18757,90.91,2159.66,0
18768,90.91,2156.00,0
18780,83.33,2153.77,0
18792,90.91,2155.62,0
18803,83.33,2151.47,0
18814,90.91,2157.36,0
18826,83.33,2159.51,0
18837,90.91,2152.88,0
18848,90.91,2154.86,0
18861,83.33,2156.76,0
18872,83.33,2154.17,0
18883,90.91,2160.36,0
18894,90.91,2154.98,0
18906,83.33,2146.92,0
18917,90.91,2154.79,0
18928,90.91,2159.02,0
18940,83.33,2154.31,0
18952,83.33,2154.37,0
18963,90.91,2152.26,0
18974,90.91,2156.80,0
18985,90.91,2157.00,0
18997,83.33,2155.23,0
19009,83.33,2154.77,0
19020,90.91,2152.00,0
19032,83.33,2157.15,0
19043,90.91,2155.40,0
19054,90.91,2149.95,0
19065,90.91,2147.48,0
19078,76.92,2156.62,0
19089,90.91,2159.97,0
19100,90.91,2159.43,0
19111,90.91,2156.17,0
19123,83.33,2151.23,0
19134,90.91,2159.19,0
19146,83.33,2158.79,0
19158,83.33,2152.76,0
19169,90.91,2153.94,0
19180,90.91,2150.00,0
19191,90.91,2155.17,0
19203,83.33,2164.23,0
19215,83.33,2154.66,0
19226,90.91,2149.84,0
19237,90.91,2149.96,0
19249,83.33,2164.74,0
19260,90.91,2154.19,0
19271,90.91,2155.24,0
19283,83.33,2148.45,0
19295,83.33,2155.56,0
19306,90.91,2159.75,0
19317,90.91,2159.20,0
19329,83.33,2155.62,0
19340,90.91,2154.41,0
19352,83.33,2154.07,0
19363,90.91,2158.65,0
19375,83.33,2159.34,0
19386,90.91,2153.64,0
19397,90.91,2152.87,0
19408,90.91,2157.17,0
19421,83.33,2156.42,0
19432,90.91,2155.48,0
19443,90.91,2150.46,0
19454,90.91,2150.05,0
19466,83.33,2157.49,0
19477,90.91,2156.85,0
19489,90.91,2154.13,0
19501,76.92,2150.79,0
19512,90.91,2152.91,0
19523,90.91,2159.83,0
19534,90.91,2158.23,0
19546,83.33,2153.55,0
19557,90.91,2156.26,0
19569,83.33,2154.94,0
19580,90.91,2154.90,0
19592,83.33,2161.74,0
19603,90.91,2155.28,0
19614,90.91,2147.41,0
19625,90.91,2163.45,0
19638,76.92,2158.94,0
19649,90.91,2160.79,0
19660,90.91,2151.19,0
19672,83.33,2149.05,0
19683,90.91,2156.59,0
19694,90.91,2159.57,0
19706,83.33,2153.42,0
19718,83.33,2152.72,0
19729,90.91,2149.17,0
19740,90.91,2152.74,0
19751,90.91,2157.76,0
19763,83.33,2154.79,0
19775,83.33,2151.92,0
19786,90.91,2154.55,0
19798,83.33,2152.49,0
19809,90.91,2157.96,0
19820,90.91,2156.06,0
19831,90.91,2148.54,0
19844,76.92,2154.15,0
19855,90.91,2156.15,0
19866,90.91,2158.79,0
19877,90.91,2158.51,0
19889,83.33,2143.43,0
19900,90.91,2160.36,0
19912,83.33,2149.50,0
19923,90.91,2155.94,0
19935,83.33,2153.33,0
19946,90.91,2151.88,0
19957,90.91,2154.26,0
19969,83.33,2160.80,0
19981,83.33,2157.52,0
19992,90.91,2154.90,0
20003,90.91,2156.05,0
20015,83.33,2155.76,0
20026,90.91,2153.04,0
20037,90.91,2164.27,0
20049,83.33,2146.01,0
20061,83.33,2157.79,0
20072,90.91,2153.31,0
20083,90.91,2157.53,0
20094,90.91,2157.50,0
20106,83.33,2154.05,0
20118,90.91,2155.19,0
20129,83.33,2155.70,0
20141,83.33,2159.03,0
20152,90.91,2158.90,0
20163,90.91,2156.79,0
20174,90.91,2152.03,0
20187,83.33,2153.64,0
20198,83.33,2159.59,0
20209,90.91,2153.99,0
20220,90.91,2153.95,0
20232,83.33,2152.82,0
20243,90.91,2156.31,0
20254,90.91,2160.01,0
20267,76.92,2151.38,0
20278,90.91,2152.58,0
20289,90.91,2152.39,0
20300,90.91,2152.95,0
20312,83.33,2160.39,0
20323,90.91,2154.99,0
20335,83.33,2150.13,0
20346,90.91,2151.77,0
20358,83.33,2159.13,0
20369,90.91,2156.42,0
20380,90.91,2154.13,0
20391,90.91,2153.16,0
20404,76.92,2155.93,0
20415,90.91,2158.17,0
20426,90.91,2157.01,0
20438,83.33,2155.85,0
20449,90.91,2156.26,0
20460,90.91,2156.87,0
20472,83.33,2160.42,0
20484,83.33,2156.23,0
20495,90.91,2148.75,0
20506,90.91,2155.09,0
20517,90.91,2159.72,0
20529,83.33,2161.45,0
20541,83.33,2150.57,0
20552,90.91,2154.89,0
20563,90.91,2152.21,0
20575,83.33,2156.46,0
20586,90.91,2156.29,0
20597,90.91,2154.78,0
20610,76.92,2156.44,0
20621,90.91,2149.84,0
20632,90.91,2157.72,0
20643,90.91,2157.47,0
20655,83.33,2154.29,0
20666,90.91,2154.19,0
20678,83.33,2156.53,0
20689,90.91,2156.42,0
20701,83.33,2156.40,0
20712,90.91,2155.93,0
20723,90.91,2150.34,0
20734,90.91,2154.83,0
20747,76.92,2156.27,0
20758,90.91,2153.79,0
20769,90.91,2154.54,0
20781,83.33,2150.61,0
20792,90.91,2158.15,0
20803,90.91,2157.67,0
20815,90.91,2152.74,0
20827,76.92,2153.23,0
20838,90.91,2153.95,0
20849,90.91,2155.55,0
20860,90.91,2154.36,0
20872,83.33,2155.42,0
20884,90.91,2152.97,0
20895,83.33,2148.87,0
20907,83.33,2157.48,0
20918,90.91,2157.38,0
20929,90.91,2156.18,0
20940,90.91,2150.88,0
20952,83.33,2149.54,0
20964,83.33,2161.76,0
20975,90.91,2158.38,0
20986,90.91,2155.07,0
20998,83.33,2150.54,0
21009,90.91,2152.57,0
21020,90.91,2156.08,0
21032,83.33,2157.59,0
21044,83.33,2156.73,0
21055,90.91,2147.76,0
21066,90.91,2157.66,0
21078,83.33,2157.69,0
21089,90.91,2156.70,0
21101,83.33,2155.97,0
21112,90.91,2151.81,0
21124,83.33,2156.01,0
21135,90.91,2156.36,0
21146,90.91,2153.95,0
21157,90.91,2155.03,0
21170,76.92,2147.59,0
21181,90.91,2156.13,0
21192,90.91,2156.71,0
21203,90.91,2157.71,0
21215,83.33,2150.22,0
21226,90.91,2151.01,0
21238,83.33,2157.59,0
21250,83.33,2155.67,0
21261,90.91,2155.39,0
21272,90.91,2154.08,0
21283,90.91,2151.23,0
21295,83.33,2158.26,0
21307,83.33,2158.45,0
21318,90.91,2150.86,0
21329,90.91,2151.57,0
21341,83.33,2153.51,0
21352,90.91,2157.77,0
21363,90.91,2160.25,0
21376,76.92,2153.68,0
21387,90.91,2150.68,0
21398,90.91,2159.25,0
21409,90.91,2157.08,0
21421,83.33,2156.92,0
21432,90.91,2151.61,0
21444,90.91,2152.36,0
21455,83.33,2154.03,0
21467,83.33,2157.02,0
21478,90.91,2156.67,0
21489,90.91,2150.93,0
21500,90.91,2148.50,0
21513,83.33,2158.69,0
21524,83.33,2159.29,0
21535,90.91,2151.98,0
21547,83.33,2149.80,0
21558,90.91,2154.19,0
21569,90.91,2156.30,0
21580,90.91,2162.16,0
21593,76.92,2155.55,0
21604,90.91,2154.30,0
21615,90.91,2158.02,0
21626,90.91,2155.68,0
21638,83.33,2158.95,0
21649,90.91,2153.04,0
21661,83.33,2151.93,0
21672,90.91,2158.87,0
21684,83.33,2159.21,0
21695,90.91,2154.59,0
21706,90.91,2157.97,0
21718,83.33,2151.36,0
21730,83.33,2158.96,0
21741,90.91,2161.84,0
21752,90.91,2158.23,0
21764,83.33,2153.37,0
21775,90.91,2153.45,0
21786,90.91,2154.70,0
21798,83.33,2157.96,0
21810,83.33,2155.14,0
21821,90.91,2149.11,0
21832,90.91,2154.60,0
21843,90.91,2159.28,0
21855,83.33,2161.81,0
21867,83.33,2156.15,0
21878,90.91,2152.81,0
21890,83.33,2152.77,0
21901,90.91,2160.00,0
21912,90.91,2154.58,0
21923,90.91,2154.13,0
21936,76.92,2151.41,0
21947,90.91,2155.37,0
21958,90.91,2159.12,0
21969,90.91,2157.31,0
21981,83.33,2155.17,0
21992,90.91,2157.24,0
22004,83.33,2156.21,0
22016,83.33,2157.59,0
22027,90.91,2156.14,0
22038,90.91,2155.23,0
22049,90.91,2153.65,0
22061,83.33,2160.36,0
22073,83.33,2157.08,0
22084,90.91,2153.54,0
22095,90.91,2154.96,0
22107,83.33,2154.83,0
22118,90.91,2159.02,0
22129,90.91,2162.27,0
22141,90.91,2156.66,0
22153,76.92,2157.18,0
22164,90.91,2154.19,0
22175,90.91,2157.11,0
22187,83.33,2160.45,0
22198,90.91,2154.80,0
22210,90.91,2153.80,0
22221,83.33,2158.93,0
22233,83.33,2156.51,0
22244,90.91,2158.01,0
22255,90.91,2154.70,0
22266,90.91,2153.28,0
22279,83.33,2156.11,0
22290,83.33,2161.95,0
22301,90.91,2158.55,0
22312,90.91,2153.93,0
22324,83.33,2154.08,0
22335,90.91,2156.31,0
22346,90.91,2160.38,0
22359,76.92,2157.69,0
22370,90.91,2154.69,0
22381,90.91,2155.11,0
22392,90.91,2156.52,0
22404,83.33,2160.15,0
22415,90.91,2155.61,0
22427,83.33,2153.57,0
22438,90.91,2153.48,0
22450,83.33,2159.39,0
22461,90.91,2158.42,0
22472,90.91,2155.73,0
22483,90.91,2155.84,0
22496,76.92,2157.89,0
22507,90.91,2163.35,0
22518,90.91,2154.23,0
22530,83.33,2154.72,0
22541,90.91,2155.61,0
22552,90.91,2157.88,0
22564,83.33,2154.99,0
22576,83.33,2160.58,0
22587,90.91,2159.49,0
22598,90.91,2156.12,0
22609,90.91,2151.85,0
22621,83.33,2159.38,0
22633,83.33,2152.13,0
22644,90.91,2159.03,0
22656,83.33,2152.21,0
22667,90.91,2154.09,0
22678,90.91,2156.26,0
22689,90.91,2155.60,0
22702,76.92,2153.65,0
22713,90.91,2154.33,0
22724,90.91,2156.78,0
22735,90.91,2158.36,0
22747,83.33,2155.15,0
22758,90.91,2157.69,0
22770,83.33,2157.73,0
22781,90.91,2157.54,0
22793,83.33,2153.89,0
22804,90.91,2153.57,0
22815,90.91,2157.38,0
22827,83.33,2152.47,0
22839,83.33,2156.29,0
22850,90.91,2155.57,0
22861,90.91,2156.70,0
22873,83.33,2159.51,0
22884,90.91,2156.69,0
22895,90.91,2156.31,0
22907,83.33,2156.19,0
22919,83.33,2158.50,0
22930,90.91,2162.66,0
22941,90.91,2158.75,0
22952,90.91,2155.59,0
22964,83.33,2156.75,0
22976,90.91,2158.31,0
22987,83.33,2158.09,0
22999,83.33,2153.87,0
23010,90.91,2158.28,0
23021,90.91,2157.19,0
23032,90.91,2156.40,0
23045,83.33,2152.37,0
23056,83.33,2154.34,0
23067,90.91,2154.93,0
23078,90.91,2156.64,0
23090,83.33,2154.31,0
23101,90.91,2158.72,0
23112,90.91,2153.01,0
23124,83.33,2157.93,0
23136,83.33,2157.47,0
23147,90.91,2159.67,0
23158,90.91,2151.20,0
23170,83.33,2151.48,0
23181,90.91,2157.72,0
23193,83.33,2157.99,0
23204,90.91,2149.48,0
23216,83.33,2156.31,0
23227,90.91,2157.50,0
23238,90.91,2166.07,0
23249,90.91,2153.15,0
23262,76.92,2153.76,0
23273,90.91,2152.92,0
23284,90.91,2160.85,0
23296,83.33,2160.31,0
23307,90.91,2154.85,0
23318,90.91,2154.57,0
23330,83.33,2158.39,0
23342,83.33,2152.39,0
23353,90.91,2161.05,0
23364,90.91,2154.89,0
23375,90.91,2154.56,0
23387,83.33,2153.06,0
23399,83.33,2154.86,0
23410,90.91,2158.43,0
23421,90.91,2157.23,0
23433,83.33,2150.99,0
23444,90.91,2155.68,0
23455,90.91,2157.85,0
23468,76.92,2153.44,0
23479,90.91,2153.39,0
23490,90.91,2151.68,0
23501,90.91,2158.11,0
23513,83.33,2161.42,0
23524,90.91,2154.75,0
23536,83.33,2150.99,0
23547,90.91,2160.42,0
23559,83.33,2161.51,0
23570,90.91,2161.43,0
23581,90.91,2153.76,0
23592,90.91,2153.13,0
23605,76.92,2156.26,0
23616,90.91,2158.37,0
23627,90.91,2159.32,0
23639,83.33,2156.36,0
23650,90.91,2153.51,0
23661,90.91,2155.47,0
23673,83.33,2158.56,0
23685,83.33,2156.66,0
23696,90.91,2155.53,0
23707,90.91,2156.60,0
23718,90.91,2159.91,0
23730,83.33,2159.93,0
23742,90.91,2157.96,0
23753,83.33,2154.74,0
23764,90.91,2157.25,0
23776,83.33,2157.24,0
23787,90.91,2158.83,0
23798,90.91,2155.55,0
23811,83.33,2152.52,0
23822,83.33,2152.06,0
23833,90.91,2159.95,0
23844,90.91,2153.17,0
23856,83.33,2158.34,0
23867,90.91,2146.01,0
23879,90.91,2154.67,0
23890,83.33,2158.82,0
