66,15.15,2162.17,0
77,90.91,2169.27,0
89,83.33,2159.30,0
100,90.91,2163.38,0
111,90.91,2165.01,0
123,90.91,2159.45,0
135,76.92,2165.65,0
146,90.91,2157.78,0
157,90.91,2163.74,0
168,90.91,2159.45,0
180,83.33,2163.66,0
191,90.91,2159.84,0
203,83.33,2167.88,0
215,83.33,2160.72,0
226,90.91,2159.11,0
237,90.91,2162.86,0
248,90.91,2162.50,0
260,83.33,2163.29,0
272,83.33,2169.18,0
283,90.91,2158.81,0
294,90.91,2164.99,0
306,83.33,2164.47,0
317,90.91,2165.85,0
328,90.91,2159.64,0
340,83.33,2164.59,0
352,83.33,2154.85,0
363,90.91,2172.35,0
374,90.91,2158.58,0
386,83.33,2166.96,0
397,90.91,2156.29,0
409,83.33,2164.96,0
420,90.91,2163.33,0
432,83.33,2168.66,0
443,90.91,2154.10,0
454,90.91,2165.13,0
465,90.91,2158.60,0
478,76.92,2168.94,0
489,90.91,2158.87,0
500,90.91,2163.49,0
512,83.33,2157.98,0
523,90.91,2171.00,0
534,90.91,2163.90,0
546,83.33,2165.56,0
558,83.33,2159.98,0
569,90.91,2157.19,0
580,90.91,2166.60,0
591,90.91,2166.89,0
603,83.33,2162.68,0
615,83.33,2164.04,0
626,90.91,2158.30,0
637,90.91,2163.73,0
649,83.33,2163.23,0
660,90.91,2160.06,0
671,90.91,2162.57,0
684,83.33,2159.02,0
695,83.33,2164.12,0
706,90.91,2165.88,0
717,90.91,2160.38,0
729,83.33,2154.75,0
740,90.91,2164.32,0
752,90.91,2165.79,0
763,83.33,2164.46,0
775,83.33,2158.71,0
786,90.91,2164.01,0
797,90.91,2161.54,0
808,90.91,2169.96,0
820,83.33,2155.28,0
832,83.33,2162.49,0
843,90.91,2152.40,0
855,83.33,2168.08,0
866,90.91,2160.85,0
877,90.91,2169.48,0
888,90.91,2152.68,0
901,76.92,2169.97,0
912,90.91,2160.02,0
923,90.91,2173.90,0
934,90.91,2160.32,0
946,83.33,2162.09,0
957,90.91,2158.75,0
969,83.33,2167.21,0
980,90.91,2160.24,0
992,83.33,2163.40,0
1003,90.91,2156.95,0
1014,90.91,2162.67,0
1026,83.33,2168.42,0
1038,83.33,2163.51,0
1049,90.91,2158.83,0
1060,90.91,2155.40,0
1072,83.33,2163.63,0
1083,90.91,2164.67,0
1094,90.91,2171.71,0
1106,83.33,2154.10,0
1118,83.33,2163.59,0
1129,90.91,2162.73,0
1140,90.91,2167.83,0
1152,83.33,2163.46,0
1163,90.91,2159.71,0
1175,83.33,2157.89,0
1186,90.91,2167.07,0
1198,83.33,2167.66,0
1209,90.91,2163.39,0
1220,90.91,2154.14,0
1231,90.91,2164.41,0
1244,76.92,2165.95,0
1255,90.91,2175.29,0
1266,90.91,2160.64,0
1277,90.91,2159.66,0
1289,83.33,2156.16,0
1300,90.91,2172.42,0
1312,90.91,2164.36,0
1324,76.92,2163.65,0
1335,90.91,2151.71,0
1346,90.91,2167.38,0
1357,90.91,2167.98,0
1369,83.33,2173.19,0
1380,90.91,2151.10,0
1392,83.33,2159.58,0
1403,90.91,2160.47,0
1415,83.33,2177.66,0
1426,90.91,2161.33,0
1437,90.91,2162.52,0
1448,90.91,2153.03,0
1461,76.92,2170.73,0
1472,90.91,2165.85,0
1483,90.91,2167.98,0
1495,83.33,2152.12,0
1506,90.91,2163.57,0
1517,90.91,2164.28,0
1529,83.33,2170.52,0
1541,83.33,2159.40,0
1552,90.91,2158.01,0
1563,90.91,2155.43,0
1574,90.91,2169.14,0
1586,83.33,2164.02,0
1598,83.33,2161.30,0
1609,90.91,2154.87,0
1620,90.91,2166.21,0
1632,83.33,2167.71,0
1643,90.91,2169.32,0
1654,90.91,2155.98,0
1667,76.92,2161.28,0
1678,90.91,2161.86,0
1689,90.91,2172.71,0
1700,90.91,2159.52,0
1712,83.33,2156.57,0
1723,90.91,2157.39,0
1735,83.33,2173.05,0
1746,90.91,2173.47,0
1758,83.33,2164.06,0
1769,90.91,2152.92,0
1780,90.91,2158.43,0
1792,83.33,2170.86,0
1804,83.33,2173.96,0
1815,90.91,2162.69,0
1826,90.91,2156.36,0
1838,83.33,2159.98,0
1849,90.91,2169.59,0
1860,90.91,2169.05,0
1872,90.91,2161.24,0
1884,76.92,2154.89,0
1895,90.91,2161.95,0
1906,90.91,2168.85,0
1917,90.91,2169.98,0
1929,83.33,2162.03,0
1940,90.91,2156.30,0
1952,83.33,2167.24,0
1964,83.33,2169.73,0
1975,90.91,2166.18,0
1986,90.91,2159.45,0
1997,90.91,2155.86,0
2009,83.33,2165.12,0
2021,83.33,2167.63,0
2032,90.91,2162.46,0
2043,90.91,2155.98,0
2055,83.33,2161.25,0
2066,90.91,2167.16,0
2077,90.91,2166.73,0
2089,83.33,2159.33,0
2101,83.33,2158.84,0
2112,90.91,2155.40,0
2123,90.91,2172.04,0
2135,83.33,2161.83,0
2146,90.91,2164.98,0
2158,83.33,2155.95,0
2169,90.91,2156.29,0
2181,83.33,2170.41,0
2192,90.91,2162.36,0
2203,90.91,2164.98,0
2214,90.91,2153.12,0
2227,76.92,2170.37,0
2238,90.91,2160.72,0
2249,90.91,2170.70,0
2260,90.91,2160.15,0
2272,83.33,2156.06,0
2283,90.91,2160.56,0
2295,83.33,2162.11,0
2307,83.33,2169.63,0
2318,90.91,2160.52,0
2329,90.91,2159.99,0
2340,90.91,2161.61,0
2352,83.33,2167.19,0
2364,83.33,2164.32,0
2375,90.91,2162.03,0
2386,90.91,2162.99,0
2398,83.33,2160.27,0
2409,90.91,2166.44,0
2420,90.91,2162.83,0
2433,83.33,2162.91,0
2444,90.91,2160.15,0
2455,90.91,2160.41,0
2466,90.91,2167.22,0
2478,83.33,2159.14,0
2489,90.91,2159.49,0
2501,90.91,2158.87,0
2512,83.33,2163.86,0
2524,83.33,2164.17,0
2535,90.91,2165.06,0
2546,90.91,2157.42,0
2557,90.91,2163.97,0
2569,83.33,2165.61,0
2581,83.33,2168.59,0
2592,90.91,2162.05,0
2604,83.33,2162.48,0
2615,90.91,2155.06,0
2626,90.91,2168.70,0
2637,90.91,2164.94,0
2650,76.92,2161.53,0
2661,90.91,2159.20,0
2672,90.91,2164.25,0
2683,90.91,2165.32,0
2695,83.33,2170.45,0
2706,90.91,2160.19,0
2718,83.33,2156.46,0
2729,90.91,2161.32,0
2741,83.33,2165.18,0
2752,90.91,2164.98,0
2763,90.91,2159.98,0
2775,83.33,2161.80,0
2787,83.33,2160.99,0
2798,90.91,2167.23,0
2809,90.91,2158.82,0
2821,83.33,2160.89,0
2832,90.91,2155.32,0
2843,90.91,2166.04,0
2855,83.33,2160.72,0
2867,83.33,2164.30,0
2878,90.91,2158.33,0
2889,90.91,2165.52,0
2900,90.91,2163.65,0
2912,83.33,2172.47,0
2924,83.33,2159.87,0
2935,90.91,2162.98,0
2947,83.33,2158.97,0
2958,90.91,2166.08,0
2969,90.91,2163.28,0
2980,90.91,2163.50,0
2993,76.92,2154.21,0
3004,90.91,2166.27,0
3015,90.91,2160.49,0
3026,90.91,2165.49,0
3038,83.33,2158.60,0
3049,90.91,2161.36,0
3061,90.91,2161.71,0
3073,76.92,2165.55,0
3084,90.91,2167.13,0
3095,90.91,2162.32,0
3106,90.91,2163.39,0
3118,83.33,2160.62,0
3130,90.91,2165.90,0
3141,83.33,2162.29,0
3152,90.91,2161.12,0
3164,83.33,2159.51,0
3175,90.91,2161.03,0
3186,90.91,2160.57,0
3197,90.91,2163.26,0
3210,76.92,2161.80,0
3221,90.91,2161.62,0
3232,90.91,2163.15,0
3244,83.33,2164.12,0
3255,90.91,2163.31,0
3266,90.91,2161.99,0
3278,83.33,2158.10,0
3290,83.33,2164.68,0
3301,90.91,2166.18,0
3312,90.91,2165.39,0
3323,90.91,2161.07,0
3335,83.33,2159.84,0
3347,83.33,2162.19,0
3358,90.91,2166.24,0
3369,90.91,2158.61,0
3381,83.33,2161.31,0
3392,90.91,2164.99,0
3403,90.91,2163.10,0
3416,76.92,2165.21,0
3427,90.91,2161.52,0
3438,90.91,2159.57,0
3449,90.91,2160.88,0
3461,83.33,2167.17,0
3472,90.91,2167.02,0
3484,83.33,2165.46,0
3495,90.91,2162.52,0
3507,83.33,2159.27,0
3518,90.91,2162.92,0
3529,90.91,2164.98,0
3540,90.91,2159.29,0
3553,76.92,2161.77,0
3564,90.91,2159.65,0
3575,90.91,2168.91,0
3587,83.33,2166.09,0
3598,90.91,2163.55,0
3609,90.91,2156.63,0
3621,90.91,2163.01,0
3633,76.92,2163.65,0
3644,90.91,2168.03,0
3655,90.91,2160.21,0
3666,90.91,2161.54,0
3678,83.33,2159.37,0
3690,90.91,2172.82,0
3701,83.33,2161.83,0
3713,83.33,2165.03,0
3724,90.91,2159.04,0
3735,90.91,2166.12,0
3746,90.91,2165.54,0
3758,83.33,2167.89,0
3770,83.33,2157.94,0
3781,90.91,2163.52,0
3792,90.91,2159.85,0
3804,83.33,2171.25,0
3815,90.91,2163.73,0
3826,90.91,2159.15,0
3838,83.33,2156.63,0
3850,83.33,2164.89,0
3861,90.91,2165.88,0
3872,90.91,2159.33,0
3884,83.33,2158.07,0
3895,90.91,2156.86,0
3907,83.33,2165.01,0
3918,90.91,2164.38,0
3930,83.33,2162.00,0
3941,90.91,2157.65,0
3952,90.91,2163.85,0
3963,90.91,2162.99,0
3976,76.92,2168.68,0
3987,90.91,2157.43,0
3998,90.91,2163.33,0
4009,90.91,2161.45,0
4021,83.33,2166.38,0
4032,90.91,2163.85,0
4044,83.33,2160.99,0
4056,83.33,2160.67,0
4067,90.91,2164.65,0
4078,90.91,2167.50,0
4089,90.91,2165.88,0
4101,83.33,2158.42,0
4113,83.33,2163.83,0
4124,90.91,2161.42,0
4135,90.91,2167.58,0
4147,83.33,2162.49,0
4158,90.91,2163.38,0
4169,90.91,2156.42,0
4182,76.92,2164.96,0
4193,90.91,2163.63,0
4204,90.91,2166.01,0
4215,90.91,2155.98,0
4227,83.33,2159.92,0
4238,90.91,2160.71,0
4250,90.91,2164.92,0
4261,83.33,2158.16,0
4273,83.33,2161.39,0
4284,90.91,2159.53,0
4295,90.91,2165.86,0
4306,90.91,2162.16,0
4319,83.33,2165.29,0
4330,83.33,2158.76,0
4341,90.91,2161.37,0
4353,83.33,2164.54,0
4364,90.91,2167.15,0
4375,90.91,2160.96,0
4386,90.91,2156.57,0
4399,76.92,2159.06,0
4410,90.91,2165.69,0
4421,90.91,2166.64,0
4432,90.91,2162.87,0
4444,83.33,2158.28,0
4455,90.91,2165.88,0
4467,83.33,2166.65,0
4478,90.91,2166.44,0
4490,83.33,2157.17,0
4501,90.91,2157.27,0
4512,90.91,2165.99,0
4524,83.33,2170.89,0
4536,83.33,2165.75,0
4547,90.91,2160.58,0
4558,90.91,2156.47,0
4570,83.33,2167.06,0
4581,90.91,2166.59,0
4592,90.91,2164.84,0
4604,83.33,2156.65,0
4616,83.33,2163.43,0
4627,90.91,2170.00,0
4638,90.91,2170.02,0
4649,90.91,2159.73,0
4661,83.33,2156.22,0
4673,83.33,2164.03,0
4684,90.91,2165.42,0
4696,83.33,2164.34,0
4707,90.91,2158.11,0
4718,90.91,2157.13,0
4729,90.91,2161.63,0
4742,76.92,2166.32,0
4753,90.91,2164.08,0
4764,90.91,2159.38,0
4775,90.91,2155.29,0
4787,83.33,2168.51,0
4798,90.91,2166.11,0
4810,83.33,2164.93,0
4822,83.33,2153.30,0
4833,90.91,2160.31,0
4844,90.91,2162.54,0
4855,90.91,2170.48,0
4867,83.33,2158.05,0
4879,90.91,2157.72,0
4890,83.33,2162.71,0
4901,90.91,2172.66,0
4913,83.33,2166.01,0
4924,90.91,2161.12,0
4935,90.91,2152.45,0
4947,90.91,2168.58,0
4959,76.92,2163.51,0
4970,90.91,2166.41,0
4981,90.91,2157.16,0
4993,83.33,2160.71,0
5004,90.91,2164.17,0
5015,90.91,2169.70,0
5027,83.33,2160.91,0
5039,83.33,2166.17,0
5050,90.91,2161.68,0
5061,90.91,2162.41,0
5072,90.91,2168.93,0
5084,83.33,2161.58,0
5096,83.33,2163.77,0
5107,90.91,2160.11,0
5118,90.91,2168.33,0
5130,83.33,2162.55,0
5141,90.91,2164.37,0
5152,90.91,2156.25,0
5165,76.92,2165.15,0
5176,90.91,2164.13,0
5187,90.91,2169.04,0
5198,90.91,2157.03,0
5210,83.33,2162.51,0
5221,90.91,2155.75,0
5233,83.33,2167.91,0
5244,90.91,2158.37,0
5256,83.33,2161.76,0
5267,90.91,2152.28,0
5278,90.91,2165.60,0
5289,90.91,2163.98,0
5302,76.92,2166.21,0
5313,90.91,2158.16,0
5324,90.91,2164.27,0
5336,83.33,2154.19,0
5347,90.91,2169.49,0
5358,90.91,2157.90,0
5370,83.33,2169.86,0
5382,83.33,2157.34,0
5393,90.91,2169.78,0
5404,90.91,2156.51,0
5415,90.91,2168.53,0
5427,83.33,2154.11,0
5439,83.33,2166.88,0
5450,90.91,2161.13,0
5462,83.33,2167.69,0
5473,90.91,2158.36,0
5484,90.91,2168.02,0
5495,90.91,2152.33,0
5508,83.33,2170.51,0
5519,83.33,2163.65,0
5530,90.91,2166.67,0
5541,90.91,2159.73,0
5553,83.33,2166.09,0
5564,90.91,2162.51,0
5576,90.91,2162.71,0
5587,83.33,2157.89,0
5599,83.33,2158.32,0
5610,90.91,2165.02,0
5621,90.91,2166.68,0
5633,83.33,2165.86,0
5645,90.91,2163.26,0
5656,83.33,2161.44,0
5667,90.91,2166.34,0
5679,83.33,2166.19,0
5690,90.91,2161.78,0
5701,90.91,2161.47,0
5712,90.91,2155.64,0
5725,76.92,2164.08,0
5736,90.91,2160.70,0
5747,90.91,2164.60,0
5758,90.91,2158.03,0
5770,83.33,2160.66,0
5781,90.91,2159.92,0
5793,83.33,2166.55,0
5805,83.33,2163.78,0
5816,90.91,2161.87,0
5827,90.91,2158.78,0
5838,90.91,2162.62,0
5850,83.33,2162.04,0
5862,83.33,2166.34,0
5873,90.91,2159.53,0
5884,90.91,2163.51,0
5896,83.33,2160.06,0
5907,90.91,2167.52,0
5918,90.91,2163.03,0
5931,76.92,2168.00,0
5942,90.91,2159.78,0
5953,90.91,2160.42,0
5964,90.91,2162.69,0
5976,83.33,2165.96,0
5987,90.91,2163.04,0
5999,83.33,2162.44,0
6010,90.91,2161.25,0
6022,83.33,2165.94,0
6033,90.91,2160.30,0
6044,90.91,2161.98,0
6055,90.91,2160.04,0
6068,76.92,2167.54,0
6079,90.91,2164.78,0
6090,90.91,2158.14,0
6102,83.33,2158.45,0
6113,90.91,2162.07,0
6124,90.91,2168.47,0
6136,83.33,2162.82,0
6148,83.33,2160.97,0
6159,90.91,2155.34,0
6170,90.91,2166.27,0
6181,90.91,2167.87,0
6193,83.33,2170.52,0
6205,90.91,2161.51,0
6216,83.33,2159.04,0
6227,90.91,2159.87,0
6239,83.33,2168.32,0
6250,90.91,2165.12,0
6261,90.91,2160.30,0
6274,83.33,2156.79,0
6285,83.33,2163.89,0
6296,90.91,2167.37,0
6307,90.91,2165.96,0
6319,83.33,2157.34,0
6330,90.91,2159.47,0
6341,90.91,2162.98,0
6353,83.33,2168.73,0
6365,83.33,2169.12,0
6376,90.91,2159.78,0
6387,90.91,2156.14,0
6398,90.91,2166.90,0
6410,83.33,2166.68,0
6422,83.33,2162.46,0
6433,90.91,2156.80,0
6445,83.33,2161.69,0
6456,90.91,2160.58,0
6467,90.91,2171.64,0
6478,90.91,2160.07,0
6491,76.92,2161.54,0
6502,90.91,2160.22,0
6513,90.91,2168.10,0
6524,90.91,2163.99,0
6536,83.33,2162.92,0
6547,90.91,2157.82,0
6559,83.33,2166.43,0
6571,83.33,2166.72,0
6582,90.91,2166.09,0
6593,90.91,2157.14,0
6604,90.91,2160.53,0
6616,83.33,2157.12,0
6628,83.33,2169.60,0
6639,90.91,2162.90,0
6650,90.91,2160.43,0
6662,83.33,2155.97,0
6673,90.91,2167.78,0
6684,90.91,2167.88,0
6696,83.33,2161.72,0
6708,83.33,2152.44,0
6719,90.91,2160.68,0
6730,90.91,2161.32,0
6742,83.33,2172.79,0
6753,90.91,2158.32,0
6765,83.33,2159.19,0
6776,90.91,2155.31,0
6788,83.33,2172.12,0
6799,90.91,2167.42,0
6810,90.91,2165.98,0
6821,90.91,2151.71,0
6834,76.92,2166.16,0
6845,90.91,2164.82,0
6856,90.91,2169.89,0
6867,90.91,2158.51,0
6879,83.33,2162.29,0
6890,90.91,2159.08,0
6902,90.91,2171.81,0
6914,76.92,2162.48,0
6925,90.91,2164.20,0
6936,90.91,2157.32,0
6947,90.91,2166.24,0
6959,83.33,2163.62,0
6971,90.91,2171.87,0
6982,83.33,2153.00,0
6993,90.91,2165.28,0
7005,83.33,2162.30,0
7016,90.91,2174.25,0
7027,90.91,2158.05,0
7038,90.91,2163.57,0
7051,76.92,2154.32,0
7062,90.91,2174.54,0
7073,90.91,2164.03,0
7085,83.33,2169.31,0
7096,90.91,2152.51,0
7107,90.91,2162.80,0
7119,83.33,2162.95,0
7131,83.33,2169.53,0
7142,90.91,2155.50,0
7153,90.91,2159.85,0
7164,90.91,2161.18,0
7176,83.33,2171.08,0
7188,83.33,2166.32,0
7199,90.91,2165.09,0
7211,83.33,2157.95,0
7222,90.91,2164.70,0
7233,90.91,2163.83,0
7244,90.91,2165.94,0
7257,76.92,2159.77,0
7268,90.91,2159.01,0
7279,90.91,2162.39,0
7290,90.91,2165.28,0
7302,83.33,2158.10,0
7313,90.91,2163.79,0
7325,83.33,2159.40,0
7336,90.91,2167.41,0
7348,83.33,2167.53,0
7359,90.91,2159.66,0
7370,90.91,2160.45,0
7382,83.33,2161.28,0
7394,83.33,2168.77,0
7405,90.91,2161.67,0
7416,90.91,2160.19,0
7428,83.33,2153.40,0
7439,90.91,2170.05,0
7450,90.91,2170.24,0
7462,83.33,2171.26,0
7474,83.33,2153.59,0
7485,90.91,2157.04,0
7496,90.91,2156.44,0
7507,90.91,2175.71,0
7519,83.33,2163.01,0
7531,83.33,2164.55,0
7542,90.91,2156.29,0
7554,83.33,2167.81,0
7565,90.91,2167.51,0
7576,90.91,2167.50,0
7587,90.91,2155.03,0
7600,76.92,2164.27,0
7611,90.91,2162.42,0
7622,90.91,2167.05,0
7633,90.91,2166.39,0
7645,83.33,2159.59,0
7656,90.91,2155.92,0
7668,90.91,2165.13,0
7680,76.92,2164.56,0
7691,90.91,2163.77,0
7702,90.91,2157.45,0
7713,90.91,2165.37,0
7725,83.33,2164.68,0
7737,90.91,2167.53,0
7748,83.33,2157.68,0
7759,90.91,2160.94,0
7771,83.33,2162.13,0
7782,90.91,2167.66,0
7793,90.91,2163.89,0
7805,90.91,2157.90,0
7817,76.92,2158.99,0
7828,90.91,2164.25,0
7839,90.91,2170.25,0
7851,83.33,2162.78,0
7862,90.91,2160.93,0
7873,90.91,2156.68,0
7885,83.33,2171.76,0
7897,83.33,2161.53,0
7908,90.91,2170.17,0
7919,90.91,2152.80,0
7930,90.91,2162.94,0
7942,83.33,2166.39,0
7954,83.33,2175.10,0
7965,90.91,2159.87,0
7976,90.91,2159.35,0
7988,83.33,2153.17,0
7999,90.91,2163.82,0
8010,90.91,2165.78,0
8023,76.92,2161.84,0
8034,90.91,2159.25,0
8045,90.91,2160.01,0
8056,90.91,2160.15,0
8068,83.33,2164.13,0
8079,90.91,2161.19,0
8091,83.33,2155.09,0
8102,90.91,2154.11,0
8114,83.33,2171.11,0
8125,90.91,2165.05,0
8136,90.91,2155.72,0
8147,90.91,2156.88,0
8160,76.92,2161.79,0
8171,90.91,2161.51,0
8182,90.91,2170.08,0
8194,83.33,2158.10,0
8205,90.91,2161.86,0
8216,90.91,2158.68,0
8228,83.33,2169.63,0
8240,83.33,2161.07,0
8251,90.91,2169.31,0
8262,90.91,2153.10,0
8273,90.91,2165.44,0
8285,83.33,2163.03,0
8297,83.33,2163.28,0
8308,90.91,2162.26,0
8320,83.33,2164.61,0
8331,90.91,2158.27,0
8342,90.91,2162.74,0
8353,90.91,2161.04,0
8366,83.33,2164.20,0
8377,83.33,2161.70,0
8388,90.91,2167.02,0
8399,90.91,2167.13,0
8411,83.33,2153.98,0
8422,90.91,2163.40,0
8434,90.91,2166.59,0
8445,83.33,2161.73,0
8457,83.33,2158.59,0
8468,90.91,2158.99,0
8479,90.91,2153.01,0
8491,83.33,2173.87,0
8502,90.91,2166.84,0
8514,83.33,2163.78,0
8525,90.91,2152.66,0
8537,83.33,2163.27,0
8548,90.91,2161.68,0
8559,90.91,2178.18,0
8570,90.91,2157.59,0
8583,76.92,2160.22,0
8594,90.91,2157.22,0
8605,90.91,2169.25,0
8616,90.91,2160.77,0
8628,83.33,2168.39,0
8639,90.91,2148.27,0
8651,83.33,2166.34,0
8663,83.33,2161.24,0
8674,90.91,2169.91,0
8685,90.91,2152.88,0
8696,90.91,2165.60,0
8708,83.33,2156.70,0
8720,83.33,2172.74,0
8731,90.91,2156.83,0
8742,90.91,2162.09,0
8754,83.33,2155.61,0
8765,90.91,2169.26,0
8776,90.91,2159.96,0
8788,83.33,2162.13,0
8800,83.33,2156.83,0
8811,90.91,2165.77,0
8822,90.91,2162.46,0
8834,83.33,2173.06,0
8845,90.91,2152.68,0
8857,83.33,2159.36,0
8868,90.91,2155.28,0
8880,83.33,2174.38,0
8891,90.91,2163.04,0
8902,90.91,2167.31,0
8913,90.91,2152.81,0
8926,76.92,2163.61,0
8937,90.91,2162.54,0
8948,90.91,2168.20,0
8960,83.33,2157.69,0
8971,90.91,2161.55,0
8982,90.91,2157.22,0
8994,83.33,2167.13,0
9006,83.33,2163.63,0
9017,90.91,2164.08,0
9028,90.91,2160.76,0
9039,90.91,2163.91,0
9051,83.33,2162.95,0
9063,90.91,2159.91,0
9074,83.33,2156.57,0
9085,90.91,2159.52,0
9097,83.33,2162.22,0
9108,90.91,2169.21,0
9119,90.91,2162.45,0
9132,83.33,2155.41,0
9143,83.33,2164.15,0
9154,90.91,2165.12,0
9165,90.91,2165.02,0
9177,83.33,2160.20,0
9188,90.91,2158.02,0
9200,90.91,2160.97,0
9211,83.33,2171.37,0
9223,83.33,2164.90,0
9234,90.91,2160.95,0
9245,90.91,2156.70,0
9256,90.91,2162.83,0
9268,83.33,2166.21,0
9280,83.33,2169.18,0
9291,90.91,2157.84,0
9303,83.33,2159.39,0
9314,90.91,2162.90,0
9325,90.91,2166.55,0
9336,90.91,2164.49,0
9349,76.92,2165.29,0
9360,90.91,2157.89,0
9371,90.91,2162.07,0
9382,90.91,2166.00,0
9394,83.33,2161.41,0
9405,90.91,2156.11,0
9417,83.33,2164.86,0
9428,90.91,2164.12,0
9440,83.33,2165.75,0
9451,90.91,2164.03,0
9462,90.91,2156.96,0
9474,83.33,2159.91,0
9486,83.33,2164.91,0
9497,90.91,2163.15,0
9508,90.91,2162.18,0
9520,83.33,2158.37,0
9531,90.91,2163.33,0
9542,90.91,2165.89,0
9554,83.33,2168.41,0
9566,83.33,2156.91,0
9577,90.91,2157.40,0
9588,90.91,2161.27,0
9600,83.33,2168.67,0
9611,90.91,2162.70,0
9623,83.33,2157.62,0
9634,90.91,2154.23,0
9646,83.33,2165.22,0
9657,90.91,2165.26,0
9668,90.91,2170.23,0
9679,90.91,2155.34,0
9692,76.92,2164.00,0
9703,90.91,2163.36,0
9714,90.91,2170.94,0
9725,90.91,2163.78,0
9737,83.33,2162.17,0
9748,90.91,2156.69,0
9760,83.33,2165.49,0
9772,83.33,2165.35,0
9783,90.91,2166.54,0
9794,90.91,2160.94,0
9805,90.91,2160.93,0
9817,83.33,2161.80,0
9829,83.33,2168.07,0
9840,90.91,2158.89,0
9851,90.91,2162.55,0
9863,83.33,2160.55,0
9874,90.91,2166.23,0
9885,90.91,2164.00,0
9897,90.91,2161.81,0
9909,83.33,2157.38,0
9920,90.91,2161.82,0
9931,90.91,2165.73,0
9943,83.33,2165.45,0
9954,90.91,2159.82,0
9966,90.91,2157.85,0
9977,83.33,2160.64,0
9989,83.33,2168.82,0
10000,90.91,2168.97,0
10011,90.91,2158.87,0
10022,90.91,2159.96,0
10035,83.33,2162.73,0
10046,83.33,2166.26,0
10057,90.91,2164.13,0
10068,90.91,2163.81,0
10080,83.33,2161.15,0
10091,90.91,2162.19,0
10102,90.91,2167.73,0
10115,76.92,2162.31,0
10126,90.91,2160.32,0
10137,90.91,2163.55,0
10148,90.91,2162.87,0
10160,83.33,2166.37,0
10171,90.91,2165.07,0
10183,83.33,2159.53,0
10194,90.91,2157.82,0
10206,83.33,2164.60,0
10217,90.91,2164.37,0
10228,90.91,2165.15,0
10240,83.33,2159.91,0
10252,83.33,2163.12,0
10263,90.91,2163.42,0
10274,90.91,2168.10,0
10286,83.33,2159.84,0
10297,90.91,2162.82,0
10308,90.91,2160.96,0
10320,83.33,2162.82,0
10332,83.33,2165.27,0
10343,90.91,2164.66,0
10354,90.91,2161.78,0
10365,90.91,2163.84,0
10377,83.33,2161.07,0
10389,83.33,2164.12,0
10400,90.91,2164.53,0
10412,83.33,2160.80,0
10423,90.91,2162.62,0
10434,90.91,2163.44,0
10445,90.91,2164.46,0
10458,76.92,2163.28,0
10469,90.91,2162.22,0
10480,90.91,2164.12,0
10491,90.91,2164.89,0
10503,83.33,2162.20,0
10514,90.91,2161.92,0
10526,83.33,2161.88,0
10537,90.91,2165.48,0
10549,83.33,2162.88,0
10560,90.91,2162.05,0
10571,90.91,2158.60,0
10583,83.33,2164.31,0
10595,83.33,2162.72,0
10606,90.91,2165.14,0
10617,90.91,2161.51,0
10629,83.33,2161.84,0
10640,90.91,2157.87,0
10651,90.91,2166.98,0
10663,83.33,2165.04,0
10675,83.33,2163.65,0
10686,90.91,2162.98,0
10697,90.91,2163.40,0
10708,90.91,2165.77,0
10720,83.33,2164.15,0
10732,90.91,2162.96,0
10743,83.33,2161.68,0
10755,83.33,2158.85,0
10766,90.91,2164.71,0
10777,90.91,2161.70,0
10788,90.91,2162.48,0
10801,83.33,2158.08,0
10812,83.33,2164.79,0
10823,90.91,2162.66,0
10834,90.91,2165.98,0
10846,83.33,2161.90,0
10857,90.91,2161.73,0
10868,90.91,2161.58,0
10881,76.92,2162.37,0
10892,90.91,2159.28,0
10903,90.91,2164.84,0
10914,90.91,2158.57,0
10926,83.33,2163.31,0
10937,90.91,2159.73,0
10949,83.33,2165.81,0
10960,90.91,2162.78,0
10972,83.33,2164.32,0
10983,90.91,2159.16,0
10994,90.91,2165.24,0
11005,90.91,2161.02,0
11018,76.92,2166.06,0
11029,90.91,2164.65,0
11040,90.91,2167.42,0
11052,83.33,2162.83,0
11063,90.91,2162.54,0
11074,90.91,2163.68,0
11086,83.33,2162.12,0
11098,83.33,2163.02,0
11109,90.91,2164.33,0
11120,90.91,2164.59,0
11131,90.91,2161.71,0
11143,83.33,2162.61,0
11155,83.33,2161.77,0
11166,90.91,2164.34,0
11177,90.91,2164.12,0
11189,83.33,2163.41,0
11200,90.91,2157.90,0
11211,90.91,2164.39,0
11224,76.92,2162.28,0
11235,90.91,2165.46,0
11246,90.91,2161.19,0
11257,90.91,2158.03,0
11269,83.33,2161.65,0
11280,90.91,2164.98,0
11292,83.33,2162.87,0
11303,90.91,2162.06,0
11315,83.33,2159.66,0
11326,90.91,2162.41,0
11337,90.91,2162.35,0
11348,90.91,2166.38,0
11361,76.92,2164.88,0
11372,90.91,2163.28,0
11383,90.91,2160.85,0
11395,83.33,2163.15,0
11406,90.91,2158.47,0
11417,90.91,2165.46,0
11429,90.91,2163.51,0
11441,76.92,2165.22,0
11452,90.91,2159.07,0
11463,90.91,2164.54,0
11474,90.91,2157.84,0
11486,83.33,2163.04,0
11498,90.91,2163.15,0
11509,83.33,2166.00,0
11521,83.33,2161.86,0
11532,90.91,2164.30,0
11543,90.91,2163.71,0
11554,90.91,2164.86,0
11566,83.33,2164.80,0
11578,83.33,2162.14,0
11589,90.91,2160.95,0
11600,90.91,2155.96,0
11612,83.33,2162.42,0
11623,90.91,2160.36,0
11634,90.91,2162.88,0
11646,83.33,2160.05,0
11658,83.33,2160.27,0
11669,90.91,2164.11,0
11680,90.91,2164.76,0
11692,83.33,2164.52,0
11703,90.91,2166.74,0
11715,83.33,2159.78,0
11726,90.91,2162.49,0
11738,83.33,2161.23,0
11749,90.91,2163.07,0
11760,90.91,2160.20,0
11771,90.91,2167.45,0
11784,76.92,2162.89,0
11795,90.91,2162.94,0
11806,90.91,2159.86,0
11817,90.91,2165.12,0
11829,83.33,2163.43,0
11840,90.91,2165.81,0
11852,83.33,2157.64,0
11864,83.33,2167.14,0
11875,90.91,2161.62,0
11886,90.91,2169.82,0
11897,90.91,2159.31,0
11909,83.33,2168.16,0
11921,83.33,2157.44,0
11932,90.91,2168.28,0
11943,90.91,2160.58,0
11955,83.33,2163.51,0
11966,90.91,2158.88,0
11977,90.91,2169.02,0
11990,76.92,2163.80,0
12001,90.91,2163.26,0
12012,90.91,2162.08,0
12023,90.91,2163.97,0
12035,83.33,2163.01,0
12046,90.91,2166.05,0
12058,83.33,2165.40,0
12069,90.91,2161.15,0
12081,83.33,2163.46,0
12092,90.91,2163.37,0
12103,90.91,2165.53,0
12114,90.91,2161.85,0
12127,76.92,2160.47,0
12138,90.91,2164.18,0
12149,90.91,2162.69,0
12161,83.33,2164.37,0
12172,90.91,2157.17,0
12183,90.91,2164.01,0
12195,90.91,2161.96,0
12207,76.92,2165.26,0
12218,90.91,2162.41,0
12229,90.91,2165.79,0
12240,90.91,2163.11,0
12252,83.33,2162.46,0
12264,90.91,2161.51,0
12275,83.33,2166.37,0
12286,90.91,2161.80,0
12298,83.33,2161.76,0
12309,90.91,2159.10,0
12320,90.91,2166.25,0
12333,83.33,2163.57,0
12344,83.33,2169.28,0
12355,90.91,2160.85,0
12366,90.91,2163.31,0
12378,83.33,2161.66,0
12389,90.91,2168.18,0
12400,90.91,2160.63,0
12412,83.33,2164.65,0
12424,83.33,2158.14,0
12435,90.91,2169.28,0
12446,90.91,2159.74,0
12457,90.91,2164.62,0
12469,83.33,2154.86,0
12481,83.33,2167.53,0
12492,90.91,2159.26,0
12504,83.33,2169.42,0
12515,90.91,2158.35,0
12526,90.91,2165.42,0
12537,90.91,2160.91,0
12550,76.92,2171.36,0
12561,90.91,2161.62,0
12572,90.91,2162.39,0
12583,90.91,2154.07,0
12595,83.33,2165.67,0
12606,90.91,2163.08,0
12618,83.33,2163.64,0
12630,83.33,2160.22,0
12641,90.91,2161.58,0
12652,90.91,2161.71,0
12663,90.91,2167.55,0
12675,83.33,2160.49,0
12687,83.33,2159.00,0
12698,90.91,2160.99,0
12709,90.91,2166.10,0
12721,83.33,2165.28,0
12732,90.91,2163.02,0
12743,90.91,2160.39,0
12755,83.33,2161.54,0
12767,83.33,2164.96,0
12778,90.91,2166.26,0
12789,90.91,2160.29,0
12801,83.33,2159.98,0
12812,90.91,2162.34,0
12824,83.33,2167.13,0
12835,90.91,2165.13,0
12847,83.33,2159.97,0
12858,90.91,2158.81,0
12869,90.91,2163.40,0
12880,90.91,2164.33,0
12893,76.92,2164.08,0
12904,90.91,2159.00,0
12915,90.91,2159.47,0
12926,90.91,2163.59,0
12938,83.33,2165.42,0
12949,90.91,2163.96,0
12961,83.33,2156.64,0
12973,83.33,2161.37,0
12984,90.91,2162.68,0
12995,90.91,2167.66,0
13006,90.91,2159.84,0
13018,83.33,2162.30,0
13030,90.91,2157.54,0
13041,83.33,2170.65,0
13052,90.91,2165.50,0
13064,83.33,2167.77,0
13075,90.91,2155.68,0
13086,90.91,2165.20,0
13099,90.91,2159.14,0
13110,76.92,2166.23,0
13121,90.91,2158.18,0
13132,90.91,2161.62,0
13144,83.33,2158.24,0
13155,90.91,2165.01,0
13166,90.91,2160.95,0
13178,83.33,2164.44,0
13190,83.33,2160.42,0
13201,90.91,2164.77,0
13212,90.91,2165.15,0
13223,90.91,2168.40,0
13235,83.33,2160.47,0
13247,83.33,2162.09,0
13258,90.91,2163.59,0
13270,83.33,2163.24,0
13281,90.91,2162.00,0
13292,90.91,2163.80,0
13303,90.91,2159.10,0
13316,76.92,2165.40,0
13327,90.91,2163.49,0
13338,90.91,2164.01,0
13349,90.91,2159.10,0
13361,83.33,2165.08,0
13372,90.91,2164.23,0
13384,83.33,2165.26,0
13395,90.91,2160.60,0
13407,83.33,2163.17,0
13418,90.91,2168.48,0
13429,90.91,2169.00,0
13441,83.33,2163.46,0
13453,83.33,2161.32,0
13464,90.91,2160.55,0
13475,90.91,2161.83,0
13487,83.33,2164.83,0
13498,90.91,2163.45,0
13509,90.91,2162.12,0
13521,83.33,2160.81,0
13533,83.33,2168.78,0
13544,90.91,2166.33,0
13555,90.91,2165.22,0
13566,90.91,2161.73,0
13578,83.33,2166.16,0
13590,83.33,2167.70,0
13601,90.91,2165.23,0
13613,83.33,2160.25,0
13624,90.91,2162.38,0
13635,90.91,2162.00,0
13646,90.91,2165.95,0
13659,76.92,2162.83,0
13670,90.91,2167.08,0
13681,90.91,2160.50,0
13692,90.91,2167.10,0
13704,83.33,2163.44,0
13715,90.91,2169.94,0
13727,83.33,2160.65,0
13739,83.33,2168.42,0
13750,90.91,2164.72,0
13761,90.91,2172.74,0
13772,90.91,2164.37,0
13784,83.33,2165.85,0
13796,90.91,2155.86,0
13807,83.33,2164.74,0
13818,90.91,2157.20,0
13830,83.33,2163.54,0
13841,90.91,2158.38,0
13852,90.91,2164.36,0
13864,90.91,2159.96,0
13876,76.92,2168.75,0
13887,90.91,2158.82,0
13898,90.91,2164.15,0
13910,83.33,2159.60,0
13921,90.91,2168.02,0
13933,90.91,2159.05,0
13944,83.33,2166.07,0
13956,83.33,2158.51,0
13967,90.91,2164.87,0
13978,90.91,2158.22,0
13989,90.91,2162.89,0
14001,83.33,2158.45,0
14013,83.33,2166.72,0
14024,90.91,2160.17,0
14035,90.91,2165.67,0
14047,83.33,2160.68,0
14058,90.91,2164.59,0
14069,90.91,2162.93,0
14082,76.92,2166.38,0
14093,90.91,2162.94,0
14104,90.91,2159.52,0
14115,90.91,2156.51,0
14127,83.33,2162.02,0
14138,90.91,2163.67,0
14150,83.33,2162.67,0
14161,90.91,2161.46,0
14173,83.33,2163.96,0
14184,90.91,2164.68,0
14195,90.91,2163.40,0
14206,90.91,2162.31,0
14219,76.92,2161.64,0
14230,90.91,2161.68,0
14241,90.91,2165.01,0
14253,83.33,2163.88,0
14264,90.91,2161.17,0
14275,90.91,2158.07,0
14287,83.33,2162.68,0
14299,83.33,2162.39,0
14310,90.91,2164.15,0
14321,90.91,2160.72,0
14332,90.91,2158.78,0
14344,83.33,2161.18,0
14356,83.33,2167.52,0
14367,90.91,2163.15,0
14379,83.33,2163.95,0
14390,90.91,2160.52,0
14401,90.91,2166.84,0
14412,90.91,2161.06,0
14425,76.92,2161.57,0
14436,90.91,2158.78,0
14447,90.91,2161.26,0
14458,90.91,2159.38,0
14470,83.33,2164.97,0
14481,90.91,2162.75,0
14493,83.33,2165.66,0
14504,90.91,2160.30,0
14516,83.33,2163.10,0
14527,90.91,2163.65,0
14538,90.91,2164.60,0
14550,83.33,2163.40,0
14562,83.33,2159.56,0
14573,90.91,2166.65,0
14584,90.91,2167.83,0
14596,83.33,2165.62,0
14607,90.91,2161.30,0
14618,90.91,2164.28,0
14630,83.33,2167.02,0
14642,83.33,2164.67,0
14653,90.91,2166.81,0
14664,90.91,2162.26,0
14675,90.91,2162.27,0
14687,83.33,2161.05,0
14699,83.33,2166.95,0
14710,90.91,2161.31,0
14722,83.33,2162.66,0
14733,90.91,2156.13,0
14744,90.91,2165.24,0
14755,90.91,2160.66,0
14768,83.33,2165.77,0
14779,83.33,2158.06,0
14790,90.91,2162.05,0
14801,90.91,2159.26,0
14813,83.33,2166.93,0
14824,90.91,2153.49,0
14836,90.91,2162.42,0
14848,76.92,2158.88,0
14859,90.91,2169.55,0
14870,90.91,2160.78,0
14881,90.91,2165.36,0
14893,83.33,2160.08,0
14905,90.91,2167.25,0
14916,83.33,2158.92,0
14927,90.91,2166.26,0
14939,83.33,2157.36,0
14950,90.91,2167.04,0
14961,90.91,2159.97,0
14972,90.91,2170.19,0
14985,76.92,2156.82,0
14996,90.91,2164.91,0
15007,90.91,2155.14,0
15019,83.33,2167.07,0
15030,90.91,2159.59,0
15041,90.91,2166.34,0
15053,83.33,2156.08,0
15065,83.33,2167.84,0
15076,90.91,2157.47,0
15087,90.91,2170.55,0
15098,90.91,2160.28,0
15110,83.33,2165.73,0
15122,83.33,2153.97,0
15133,90.91,2166.86,0
15144,90.91,2158.19,0
15156,83.33,2164.74,0
15167,90.91,2155.47,0
15178,90.91,2159.24,0
15191,76.92,2162.89,0
15202,90.91,2166.24,0
15213,90.91,2161.36,0
15224,90.91,2163.18,0
15236,83.33,2161.97,0
15247,90.91,2165.60,0
15259,83.33,2164.01,0
15270,90.91,2161.13,0
15282,83.33,2160.13,0
15293,90.91,2165.96,0
15304,90.91,2161.62,0
15315,90.91,2166.66,0
15328,76.92,2163.47,0
15339,90.91,2164.32,0
15350,90.91,2163.88,0
15362,83.33,2167.28,0
15373,90.91,2163.13,0
15384,90.91,2164.49,0
15396,83.33,2160.97,0
15408,83.33,2163.92,0
15419,90.91,2158.65,0
15430,90.91,2163.46,0
15441,90.91,2165.89,0
15453,83.33,2164.92,0
15465,83.33,2163.82,0
15476,90.91,2159.55,0
15488,83.33,2164.18,0
15499,90.91,2161.36,0
15510,90.91,2166.12,0
15521,90.91,2158.87,0
15534,76.92,2165.74,0
15545,90.91,2163.35,0
15556,90.91,2167.24,0
15567,90.91,2160.47,0
15579,83.33,2165.91,0
15590,90.91,2159.18,0
15602,90.91,2169.50,0
15613,83.33,2165.73,0
15625,83.33,2164.77,0
15636,90.91,2161.75,0
15647,90.91,2162.75,0
15659,83.33,2162.09,0
15671,90.91,2165.62,0
15682,83.33,2161.10,0
15693,90.91,2164.54,0
15705,83.33,2161.26,0
15716,90.91,2162.65,0
15727,90.91,2163.10,0
15738,90.91,2163.15,0
15751,76.92,2164.14,0
15762,90.91,2163.34,0
15773,90.91,2163.94,0
15784,90.91,2160.44,0
15796,83.33,2160.53,0
15807,90.91,2161.80,0
15819,83.33,2163.01,0
15831,83.33,2166.15,0
15842,90.91,2162.57,0
15853,90.91,2161.08,0
15864,90.91,2161.33,0
15876,83.33,2161.48,0
15888,83.33,2162.83,0
15899,90.91,2166.15,0
15910,90.91,2162.26,0
15922,83.33,2163.08,0
15933,90.91,2163.92,0
15944,90.91,2165.26,0
15956,83.33,2162.75,0
15968,83.33,2161.50,0
15979,90.91,2161.31,0
15990,90.91,2161.03,0
16002,83.33,2158.57,0
16013,90.91,2165.40,0
16025,83.33,2162.18,0
16036,90.91,2161.43,0
16048,83.33,2159.28,0
16059,90.91,2165.72,0
16070,90.91,2159.56,0
16081,90.91,2163.26,0
16094,76.92,2159.39,0
16105,90.91,2164.35,0
16116,90.91,2162.01,0
16128,83.33,2167.00,0
16139,90.91,2158.60,0
16150,90.91,2164.42,0
16162,83.33,2158.92,0
16174,83.33,2166.19,0
16185,90.91,2158.91,0
16196,90.91,2160.46,0
16207,90.91,2158.58,0
16219,83.33,2165.03,0
16231,83.33,2162.74,0
16242,90.91,2161.34,0
16253,90.91,2158.77,0
16265,83.33,2161.39,0
16276,90.91,2163.54,0
16287,90.91,2164.72,0
16300,76.92,2162.15,0
16311,90.91,2162.27,0
16322,90.91,2158.10,0
16333,90.91,2165.58,0
16345,83.33,2165.14,0
16356,90.91,2164.28,0
16368,83.33,2161.72,0
16379,90.91,2163.17,0
16391,83.33,2164.59,0
16402,90.91,2160.98,0
16413,90.91,2161.31,0
16424,90.91,2155.29,0
16437,83.33,2163.69,0
16448,83.33,2159.39,0
16459,90.91,2165.80,0
16471,83.33,2155.92,0
16482,90.91,2166.40,0
16493,90.91,2157.40,0
16505,90.91,2166.20,0
16517,76.92,2155.05,0
16528,90.91,2166.10,0
16539,90.91,2155.59,0
16550,90.91,2166.34,0
16562,83.33,2156.24,0
16574,90.91,2168.29,0
16585,83.33,2160.18,0
16596,90.91,2166.07,0
16608,83.33,2160.04,0
16619,90.91,2164.93,0
16630,90.91,2162.42,0
16642,83.33,2165.27,0
16654,83.33,2161.26,0
16665,90.91,2162.58,0
16676,90.91,2160.44,0
16688,83.33,2166.83,0
16699,90.91,2159.98,0
16710,90.91,2164.18,0
16722,83.33,2158.51,0
16734,83.33,2167.49,0
16745,90.91,2160.64,0
16756,90.91,2166.56,0
16768,83.33,2162.24,0
16779,90.91,2166.37,0
16791,83.33,2160.69,0
16802,90.91,2166.28,0
16814,83.33,2158.94,0
16825,90.91,2163.77,0
16836,90.91,2156.34,0
16847,90.91,2163.60,0
16860,76.92,2158.16,0
16871,90.91,2162.09,0
16882,90.91,2162.00,0
16893,90.91,2165.00,0
16905,83.33,2159.70,0
16916,90.91,2160.83,0
16928,83.33,2158.38,0
16940,83.33,2161.08,0
16951,90.91,2160.09,0
16962,90.91,2161.54,0
16973,90.91,2161.65,0
16985,83.33,2164.99,0
16997,83.33,2163.70,0
17008,90.91,2165.33,0
17019,90.91,2159.76,0
17031,83.33,2163.45,0
17042,90.91,2160.62,0
17053,90.91,2163.27,0
17065,83.33,2158.19,0
17077,83.33,2164.61,0
17088,90.91,2163.82,0
17099,90.91,2164.54,0
17111,83.33,2163.12,0
17122,90.91,2165.33,0
17134,83.33,2160.24,0
17145,90.91,2164.26,0
17157,83.33,2160.39,0
17168,90.91,2165.05,0
17179,90.91,2162.77,0
17190,90.91,2163.43,0
17203,76.92,2159.05,0
17214,90.91,2165.92,0
17225,90.91,2161.85,0
17236,90.91,2161.88,0
17248,83.33,2160.42,0
17259,90.91,2166.36,0
17271,83.33,2165.39,0
17283,83.33,2165.42,0
17294,90.91,2164.04,0
17305,90.91,2161.20,0
17316,90.91,2165.37,0
17328,83.33,2162.77,0
17340,83.33,2162.12,0
17351,90.91,2160.08,0
17362,90.91,2165.85,0
17374,83.33,2163.07,0
17385,90.91,2164.48,0
17396,90.91,2160.24,0
17409,83.33,2161.92,0
17420,83.33,2162.05,0
17431,90.91,2164.10,0
17442,90.91,2163.62,0
17454,83.33,2160.27,0
17465,90.91,2160.67,0
17477,90.91,2160.69,0
17488,83.33,2165.26,0
17500,83.33,2165.63,0
17511,90.91,2165.22,0
17522,90.91,2163.88,0
17533,90.91,2167.34,0
17546,83.33,2166.52,0
17557,83.33,2162.19,0
17568,90.91,2158.38,0
17580,83.33,2161.62,0
17591,90.91,2166.19,0
17602,90.91,2164.14,0
17613,90.91,2164.75,0
17626,76.92,2161.20,0
17637,90.91,2160.73,0
17648,90.91,2164.07,0
17659,90.91,2165.62,0
17671,83.33,2161.92,0
17682,90.91,2161.90,0
17694,83.33,2161.71,0
17705,90.91,2165.46,0
17717,83.33,2164.67,0
17728,90.91,2165.18,0
17739,90.91,2159.10,0
17751,83.33,2166.03,0
17763,83.33,2164.78,0
17774,90.91,2164.22,0
17785,90.91,2160.24,0
17797,83.33,2159.90,0
17808,90.91,2160.64,0
17819,90.91,2164.38,0
17831,83.33,2163.81,0
17843,83.33,2163.55,0
17854,90.91,2158.16,0
17865,90.91,2166.30,0
17876,90.91,2164.68,0
17888,83.33,2165.91,0
17900,83.33,2161.05,0
17911,90.91,2159.94,0
17923,83.33,2161.11,0
17934,90.91,2162.74,0
17945,90.91,2159.05,0
17956,90.91,2162.60,0
17969,76.92,2160.67,0
17980,90.91,2168.44,0
17991,90.91,2160.65,0
18002,90.91,2166.95,0
18014,83.33,2156.36,0
18025,90.91,2166.60,0
18037,83.33,2162.86,0
18049,83.33,2171.58,0
18060,90.91,2159.33,0
18071,90.91,2165.50,0
18082,90.91,2158.06,0
18094,83.33,2169.12,0
18106,83.33,2156.34,0
18117,90.91,2162.47,0
18128,90.91,2158.72,0
18140,83.33,2166.20,0
18151,90.91,2163.55,0
18162,90.91,2166.39,0
18174,83.33,2160.69,0
18186,83.33,2167.95,0
18197,90.91,2162.17,0
18208,90.91,2166.64,0
18220,83.33,2156.23,0
18231,90.91,2162.66,0
18243,83.33,2160.79,0
18254,90.91,2168.77,0
18266,83.33,2158.38,0
18277,90.91,2161.72,0
18288,90.91,2156.03,0
18299,90.91,2166.72,0
18312,83.33,2162.53,0
18323,83.33,2169.38,0
18334,90.91,2159.84,0
18345,90.91,2164.06,0
18357,83.33,2159.68,0
18368,90.91,2165.60,0
18380,90.91,2159.77,0
18392,76.92,2160.38,0
18403,90.91,2160.81,0
18414,90.91,2163.00,0
18425,90.91,2163.44,0
18437,83.33,2164.08,0
18448,90.91,2167.83,0
18460,83.33,2161.81,0
18471,90.91,2166.34,0
18483,83.33,2163.94,0
18494,90.91,2167.99,0
18505,90.91,2158.41,0
18516,90.91,2164.63,0
18529,76.92,2160.27,0
18540,90.91,2168.44,0
18551,90.91,2160.51,0
18563,83.33,2165.50,0
18574,90.91,2160.93,0
18585,90.91,2162.77,0
18597,83.33,2159.14,0
18609,83.33,2166.32,0
18620,90.91,2161.40,0
18631,90.91,2162.92,0
18642,90.91,2159.96,0
18654,83.33,2164.32,0
18666,83.33,2157.54,0
18677,90.91,2161.61,0
18689,83.33,2155.67,0
18700,90.91,2164.46,0
18711,90.91,2160.85,0
18722,90.91,2166.56,0
18735,76.92,2156.04,0
18746,90.91,2164.57,0
18757,90.91,2161.81,0
18768,90.91,2165.78,0
18780,83.33,2160.01,0
18791,90.91,2160.33,0
18803,83.33,2158.53,0
18814,90.91,2166.81,0
18826,83.33,2163.71,0
18837,90.91,2161.08,0
18848,90.91,2158.93,0
18860,83.33,2162.34,0
18872,83.33,2166.11,0
18883,90.91,2164.67,0
18894,90.91,2163.52,0
18906,83.33,2156.64,0
18917,90.91,2163.83,0
18928,90.91,2163.66,0
18940,83.33,2164.16,0
18952,83.33,2160.34,0
18963,90.91,2162.46,0
18974,90.91,2160.36,0
18985,90.91,2165.33,0
18997,83.33,2160.63,0
19009,83.33,2162.96,0
19020,90.91,2157.43,0
19032,83.33,2165.87,0
19043,90.91,2160.27,0
19054,90.91,2166.34,0
19065,90.91,2160.81,0
19078,76.92,2165.34,0
19089,90.91,2159.64,0
19100,90.91,2168.10,0
19111,90.91,2160.27,0
19123,83.33,2163.52,0
19134,90.91,2157.29,0
19146,90.91,2163.93,0
19158,76.92,2159.74,0
19169,90.91,2161.96,0
19180,90.91,2157.00,0
19191,90.91,2164.28,0
19203,83.33,2163.48,0
19215,90.91,2164.11,0
19226,83.33,2159.58,0
19237,90.91,2159.87,0
19249,83.33,2162.12,0
19260,90.91,2163.14,0
19271,90.91,2162.53,0
19283,90.91,2162.89,0
19295,76.92,2161.40,0
19306,90.91,2162.48,0
19317,90.91,2167.13,0
19329,83.33,2167.15,0
19340,90.91,2165.85,0
19352,90.91,2159.28,0
19363,83.33,2160.91,0
19375,83.33,2163.83,0
19386,90.91,2164.53,0
19397,90.91,2163.02,0
19408,90.91,2161.52,0
19420,83.33,2161.89,0
19432,83.33,2167.09,0
19443,90.91,2162.06,0
19454,90.91,2163.41,0
19466,83.33,2158.16,0
19477,90.91,2166.26,0
19488,90.91,2158.32,0
19501,76.92,2170.06,0
19512,90.91,2159.92,0
19523,90.91,2169.02,0
19534,90.91,2160.80,0
19546,83.33,2166.46,0
19557,90.91,2159.24,0
19569,83.33,2165.03,0
19580,90.91,2157.17,0
19592,83.33,2165.64,0
19603,90.91,2161.67,0
19614,90.91,2168.42,0
19625,90.91,2160.29,0
19638,76.92,2165.38,0
19649,90.91,2160.91,0
19660,90.91,2166.97,0
19672,83.33,2164.42,0
19683,90.91,2163.75,0
19694,90.91,2160.68,0
19706,83.33,2165.77,0
19718,83.33,2165.67,0
19729,90.91,2162.17,0
19740,90.91,2154.29,0
19751,90.91,2162.06,0
19763,83.33,2161.94,0
19775,83.33,2164.91,0
19786,90.91,2160.66,0
19798,83.33,2163.22,0
19809,90.91,2159.70,0
19820,90.91,2165.10,0
19831,90.91,2163.02,0
19844,76.92,2166.81,0
19855,90.91,2160.75,0
19866,90.91,2161.62,0
19877,90.91,2160.26,0
19889,83.33,2164.99,0
19900,90.91,2159.78,0
19912,83.33,2163.53,0
19923,90.91,2160.95,0
19935,83.33,2163.17,0
19946,90.91,2162.10,0
19957,90.91,2163.33,0
19969,83.33,2159.30,0
19981,83.33,2160.22,0
19992,90.91,2162.56,0
20003,90.91,2163.21,0
20015,83.33,2161.21,0
20026,90.91,2157.59,0
20037,90.91,2163.13,0
20049,90.91,2164.31,0
20061,76.92,2164.13,0
20072,90.91,2160.79,0
20083,90.91,2161.68,0
20094,90.91,2163.85,0
20106,83.33,2165.81,0
20118,90.91,2164.40,0
20129,83.33,2162.08,0
20141,83.33,2159.35,0
20152,90.91,2162.24,0
20163,90.91,2163.03,0
20174,90.91,2164.46,0
20187,83.33,2160.72,0
20198,83.33,2162.55,0
20209,90.91,2163.11,0
20220,90.91,2165.32,0
20232,83.33,2164.62,0
20243,90.91,2157.81,0
20254,90.91,2161.18,0
20267,76.92,2162.61,0
20278,90.91,2165.83,0
20289,90.91,2165.11,0
20300,90.91,2161.72,0
20312,83.33,2161.73,0
20323,90.91,2160.36,0
20335,83.33,2166.54,0
20346,90.91,2159.20,0
20358,83.33,2162.85,0
20369,90.91,2157.60,0
20380,90.91,2164.59,0
20391,90.91,2162.61,0
20404,76.92,2163.63,0
20415,90.91,2160.10,0
20426,90.91,2164.07,0
20438,83.33,2162.41,0
20449,90.91,2167.94,0
20460,90.91,2164.97,0
20472,83.33,2162.28,0
20484,83.33,2158.64,0
20495,90.91,2165.16,0
20506,90.91,2163.85,0
20517,90.91,2165.20,0
20529,83.33,2156.25,0
20541,83.33,2161.79,0
20552,90.91,2160.02,0
20563,90.91,2164.80,0
20575,83.33,2162.04,0
20586,90.91,2163.18,0
20597,90.91,2156.48,0
20610,76.92,2166.11,0
20621,90.91,2162.56,0
20632,90.91,2168.61,0
20643,90.91,2161.88,0
20655,83.33,2163.08,0
20666,90.91,2156.75,0
20678,83.33,2166.71,0
20689,90.91,2158.89,0
20701,83.33,2162.53,0
20712,90.91,2157.30,0
20723,90.91,2164.72,0
20734,90.91,2163.22,0
20747,76.92,2163.30,0
20758,90.91,2158.12,0
20769,90.91,2163.35,0
20781,83.33,2162.36,0
20792,90.91,2166.14,0
20803,90.91,2163.09,0
20815,83.33,2161.65,0
20827,83.33,2161.11,0
20838,90.91,2164.43,0
20849,90.91,2160.31,0
20860,90.91,2162.15,0
20872,83.33,2160.16,0
20884,83.33,2164.79,0
20895,90.91,2162.43,0
20907,83.33,2163.38,0
20918,90.91,2156.25,0
20929,90.91,2163.41,0
20940,90.91,2158.78,0
20953,83.33,2169.89,0
20964,83.33,2159.39,0
20975,90.91,2164.07,0
20986,90.91,2157.51,0
20998,83.33,2172.53,0
21009,90.91,2159.97,0
21021,90.91,2166.11,0
21032,83.33,2159.99,0
21044,83.33,2169.65,0
21055,90.91,2159.61,0
21066,90.91,2166.63,0
21078,83.33,2156.34,0
21089,90.91,2166.49,0
21101,83.33,2158.35,0
21112,90.91,2169.80,0
21124,83.33,2156.27,0
21135,90.91,2164.23,0
21146,90.91,2156.37,0
21157,90.91,2166.31,0
21170,76.92,2160.96,0
21181,90.91,2164.04,0
21192,90.91,2160.79,0
21203,90.91,2165.04,0
21215,83.33,2163.43,0
21226,90.91,2166.11,0
21238,83.33,2160.78,0
21250,83.33,2160.81,0
21261,90.91,2161.23,0
21272,90.91,2166.24,0
21283,90.91,2164.41,0
21295,83.33,2159.10,0
21307,83.33,2158.51,0
21318,90.91,2163.95,0
21329,90.91,2165.86,0
21341,83.33,2163.98,0
21352,90.91,2161.13,0
21363,90.91,2156.41,0
21376,76.92,2159.70,0
21387,90.91,2160.78,0
21398,90.91,2165.43,0
21409,90.91,2162.03,0
21421,83.33,2160.18,0
21432,90.91,2162.04,0
21444,83.33,2164.92,0
21455,90.91,2162.94,0
21467,83.33,2159.91,0
21478,90.91,2160.27,0
21489,90.91,2163.80,0
21500,90.91,2165.30,0
21513,76.92,2163.70,0
21524,90.91,2158.91,0
21535,90.91,2158.71,0
21547,83.33,2163.16,0
21558,90.91,2162.43,0
21569,90.91,2161.78,0
21581,83.33,2162.06,0
21593,83.33,2162.08,0
21604,90.91,2163.99,0
21615,90.91,2163.24,0
21626,90.91,2167.96,0
21638,83.33,2162.15,0
21650,90.91,2164.97,0
21661,90.91,2162.37,0
21672,90.91,2163.69,0
21684,83.33,2158.46,0
21695,90.91,2161.98,0
21706,90.91,2163.59,0
21719,83.33,2166.26,0
21730,83.33,2163.63,0
21741,90.91,2164.42,0
21752,90.91,2164.50,0
21764,83.33,2163.32,0
21775,90.91,2164.17,0
21787,90.91,2164.03,0
21798,83.33,2162.19,0
21810,83.33,2160.06,0
21821,90.91,2162.76,0
21832,90.91,2158.41,0
21843,90.91,2161.69,0
21855,83.33,2154.36,0
21867,83.33,2162.63,0
21878,90.91,2163.60,0
21890,83.33,2164.81,0
21901,90.91,2163.10,0
21912,90.91,2167.43,0
21923,90.91,2160.39,0
21936,76.92,2165.45,0
21947,90.91,2164.64,0
21958,90.91,2164.12,0
21969,90.91,2159.69,0
21981,83.33,2161.60,0
21992,90.91,2161.25,0
22004,83.33,2162.47,0
22016,83.33,2163.76,0
22027,90.91,2159.48,0
22038,90.91,2163.07,0
22049,90.91,2160.47,0
22061,83.33,2165.96,0
22073,83.33,2164.34,0
22084,90.91,2163.47,0
22095,90.91,2164.56,0
22107,83.33,2160.77,0
22118,90.91,2164.33,0
22129,90.91,2160.26,0
22141,83.33,2162.56,0
22153,83.33,2162.95,0
22164,90.91,2160.07,0
22175,90.91,2159.53,0
22187,83.33,2166.06,0
22198,90.91,2161.23,0
22210,83.33,2162.37,0
22221,90.91,2159.61,0
22233,83.33,2163.21,0
22244,90.91,2162.19,0
22255,90.91,2164.37,0
22266,90.91,2162.26,0
22279,76.92,2161.17,0
22290,90.91,2164.79,0
22301,90.91,2162.13,0
22312,90.91,2165.19,0
22324,83.33,2162.10,0
22335,90.91,2162.09,0
22347,83.33,2158.65,0
22359,83.33,2163.13,0
22370,90.91,2160.16,0
22381,90.91,2165.47,0
22392,90.91,2164.16,0
22404,83.33,2167.47,0
22416,83.33,2163.37,0
22427,90.91,2164.71,0
22438,90.91,2161.93,0
22450,83.33,2163.61,0
22461,90.91,2164.53,0
22472,90.91,2164.43,0
22484,83.33,2166.58,0
22496,83.33,2161.13,0
22507,90.91,2165.05,0
22518,90.91,2160.04,0
22530,83.33,2161.55,0
22541,90.91,2160.13,0
22553,83.33,2164.29,0
22564,90.91,2160.73,0
22576,83.33,2163.02,0
22587,90.91,2160.77,0
22598,90.91,2165.68,0
22609,90.91,2163.98,0
22622,76.92,2162.45,0
22633,90.91,2162.37,0
22644,90.91,2161.85,0
22656,83.33,2162.52,0
22667,90.91,2160.17,0
22678,90.91,2162.60,0
22690,90.91,2158.47,0
22702,83.33,2165.05,0
22713,90.91,2161.09,0
22724,90.91,2162.43,0
22735,90.91,2158.13,0
22747,83.33,2161.86,0
22759,90.91,2159.99,0
22770,83.33,2167.58,0
22781,90.91,2159.88,0
22793,83.33,2163.58,0
22804,90.91,2157.11,0
22815,90.91,2165.82,0
22828,83.33,2161.11,0
22839,83.33,2166.92,0
22850,90.91,2158.49,0
22861,90.91,2166.16,0
22873,83.33,2159.16,0
22884,90.91,2166.71,0
22895,90.91,2160.62,0
22907,83.33,2163.74,0
22919,83.33,2156.65,0
22930,90.91,2166.25,0
22941,90.91,2159.10,0
22952,90.91,2167.11,0
22964,83.33,2155.89,0
22976,83.33,2164.17,0
22987,90.91,2160.17,0
22999,83.33,2167.09,0
23010,90.91,2155.47,0
23021,90.91,2162.18,0
23032,90.91,2159.42,0
23045,76.92,2165.53,0
23056,90.91,2157.91,0
23067,90.91,2164.00,0
23078,90.91,2152.98,0
23090,83.33,2164.61,0
23101,90.91,2162.22,0
23113,83.33,2168.62,0
23124,90.91,2156.73,0
23136,83.33,2162.70,0
23147,90.91,2159.12,0
23158,90.91,2166.64,0
23170,83.33,2159.74,0
23182,83.33,2163.10,0
23193,90.91,2161.26,0
23204,90.91,2164.80,0
23216,83.33,2165.52,0
23227,90.91,2166.19,0
23238,90.91,2158.86,0
23250,83.33,2161.28,0
23262,83.33,2164.17,0
23273,90.91,2169.35,0
23284,90.91,2159.36,0
23296,83.33,2159.74,0
23307,90.91,2157.93,0
23319,83.33,2164.35,0
23330,90.91,2161.19,0
23342,83.33,2164.11,0
23353,90.91,2160.46,0
23364,90.91,2164.44,0
23375,90.91,2164.90,0
23388,76.92,2165.92,0
23399,90.91,2161.99,0
23410,90.91,2158.67,0
23421,90.91,2164.30,0
23433,83.33,2166.28,0
23444,90.91,2168.25,0
23456,83.33,2156.30,0
23468,83.33,2159.60,0
23479,90.91,2158.32,0
23490,90.91,2169.78,0
23501,90.91,2161.97,0
23513,83.33,2159.13,0
23525,83.33,2154.67,0
23536,90.91,2169.81,0
23547,90.91,2163.84,0
23559,83.33,2167.64,0
23570,90.91,2156.04,0
23581,90.91,2162.50,0
23593,90.91,2163.40,0
23605,76.92,2167.78,0
23616,90.91,2155.55,0
23627,90.91,2160.84,0
23639,83.33,2159.88,0
23650,90.91,2170.68,0
23662,90.91,2166.12,0
23673,83.33,2163.41,0
23685,83.33,2154.37,0
23696,90.91,2165.71,0
23707,90.91,2165.30,0
23718,90.91,2171.08,0
23731,83.33,2157.79,0
23742,83.33,2164.01,0
23753,90.91,2156.83,0
23764,90.91,2168.20,0
23776,83.33,2162.09,0
23787,90.91,2156.77,0
23798,90.91,2161.04,0
23811,76.92,2165.25,0
23822,90.91,2165.20,0
23833,90.91,2168.16,0
23844,90.91,2157.10,0
23856,83.33,2159.35,0
23867,90.91,2159.47,0
23879,83.33,2170.92,0
23890,90.91,2162.53,0
23902,83.33,2160.58,0
23913,90.91,2158.35,0
23924,90.91,2165.34,0
23936,83.33,2165.77,0
23948,83.33,2157.86,0
23959,90.91,2157.58,0
23970,90.91,2162.58,0
23982,83.33,2167.29,0
23993,90.91,2165.18,0
24004,90.91,2160.84,0
24016,83.33,2154.53,0
24028,83.33,2165.81,0
24039,90.91,2165.21,0
24050,90.91,2165.98,0
24061,90.91,2158.68,0
24073,83.33,2158.52,0
24085,83.33,2164.45,0
24096,90.91,2169.49,0
24108,83.33,2161.90,0
24119,90.91,2158.83,0
24130,90.91,2158.83,0
24141,90.91,2164.12,0
24154,76.92,2165.99,0
24165,90.91,2167.27,0
24176,90.91,2156.37,0
24187,90.91,2164.69,0
24199,83.33,2160.85,0
24210,90.91,2172.23,0
24222,83.33,2164.68,0
24233,90.91,2157.42,0
24245,83.33,2157.35,0
24256,90.91,2173.64,0
24267,90.91,2164.22,0
24279,83.33,2165.37,0
24291,83.33,2156.89,0
24302,90.91,2166.06,0
24313,90.91,2168.99,0
24325,83.33,2162.80,0
24336,90.91,2157.56,0
24347,90.91,2160.28,0
24359,83.33,2158.30,0
24371,83.33,2170.68,0
24382,90.91,2165.67,0
24393,90.91,2162.52,0
24404,90.91,2153.62,0
24416,83.33,2170.31,0
24428,83.33,2164.70,0
24439,90.91,2166.45,0
24451,83.33,2154.81,0
24462,90.91,2155.21,0
24473,90.91,2162.95,0
24484,90.91,2166.48,0
24497,83.33,2164.76,0
24508,83.33,2160.82,0
24519,90.91,2156.07,0
24530,90.91,2166.05,0
24542,83.33,2166.07,0
24553,90.91,2162.05,0
24565,90.91,2160.25,0
24577,76.92,2160.68,0
24588,90.91,2168.49,0
24599,90.91,2164.82,0
24610,90.91,2158.38,0
24622,83.33,2155.37,0
24634,90.91,2159.68,0
24645,83.33,2163.86,0
24656,90.91,2169.25,0
24668,83.33,2156.73,0
24679,90.91,2155.82,0
24690,90.91,2159.96,0
24702,90.91,2170.56,0
24714,76.92,2165.91,0
24725,90.91,2164.77,0
24736,90.91,2154.52,0
24748,83.33,2166.77,0
24759,90.91,2164.65,0
24770,90.91,2164.13,0
24782,83.33,2156.47,0
24794,83.33,2156.42,0
24805,90.91,2159.82,0
24816,90.91,2168.19,0
24827,90.91,2161.65,0
24839,83.33,2155.43,0
24851,83.33,2158.79,0
24862,90.91,2161.59,0
24873,90.91,2166.56,0
24885,83.33,2158.93,0
24896,90.91,2156.75,0
24907,90.91,2160.08,0
24920,76.92,2167.53,0
24931,90.91,2165.70,0
24942,90.91,2164.04,0
24953,90.91,2154.48,0
24965,83.33,2161.56,0
24976,90.91,2164.45,0
24988,83.33,2166.87,0
24999,90.91,2160.10,0
25011,83.33,2160.52,0
25022,90.91,2163.94,0
25033,90.91,2167.92,0
25044,90.91,2165.48,0
25057,76.92,2161.26,0
25068,90.91,2155.55,0
25079,90.91,2167.45,0
25091,83.33,2168.83,0
25102,90.91,2169.19,0
25113,90.91,2155.95,0
25125,83.33,2157.92,0
25137,83.33,2161.66,0
25148,90.91,2170.68,0
25159,90.91,2161.84,0
25170,90.91,2158.93,0
25182,83.33,2158.41,0
25194,83.33,2164.31,0
25205,90.91,2165.89,0
25217,83.33,2165.08,0
25228,90.91,2153.13,0
25239,90.91,2161.92,0
25250,90.91,2165.58,0
25263,76.92,2172.04,0
25274,90.91,2156.45,0
25285,90.91,2157.23,0
25296,90.91,2161.99,0
25308,83.33,2168.00,0
25319,90.91,2163.40,0
25331,83.33,2157.51,0
25342,90.91,2156.82,0
25354,83.33,2160.24,0
25365,90.91,2171.23,0
25376,90.91,2166.39,0
25388,83.33,2159.04,0
25400,90.91,2159.07,0
25411,90.91,2163.96,0
25422,90.91,2171.12,0
25434,83.33,2167.16,0
25445,90.91,2159.28,0
25456,90.91,2161.64,0
25468,90.91,2165.32,0
25480,76.92,2168.31,0
25491,90.91,2162.32,0
25502,90.91,2157.53,0
25513,90.91,2157.61,0
25525,83.33,2163.49,0
25537,90.91,2170.38,0
25548,83.33,2162.14,0
25560,83.33,2161.24,0
25571,90.91,2160.63,0
25582,90.91,2172.97,0
25593,90.91,2169.87,0
25606,83.33,2162.26,0
25617,83.33,2160.75,0
25628,90.91,2163.06,0
25639,90.91,2168.83,0
25651,83.33,2166.46,0
25662,90.91,2160.02,0
25673,90.91,2159.68,0
25686,76.92,2168.21,0
25697,90.91,2166.55,0
25708,90.91,2171.10,0
25719,90.91,2159.78,0
25731,83.33,2165.17,0
25742,90.91,2162.66,0
25754,83.33,2173.15,0
25765,90.91,2159.20,0
25777,83.33,2164.60,0
25788,90.91,2157.66,0
25799,90.91,2168.47,0
25810,90.91,2163.70,0
25823,76.92,2168.87,0
25834,90.91,2156.42,0
25845,90.91,2164.48,0
25857,83.33,2161.94,0
25868,90.91,2171.59,0
25879,90.91,2157.42,0
25891,83.33,2164.01,0
25903,83.33,2159.46,0
25914,90.91,2172.39,0
25925,90.91,2162.56,0
25936,90.91,2166.76,0
25948,83.33,2158.64,0
25960,83.33,2165.14,0
25971,90.91,2161.99,0
25982,90.91,2167.84,0
25994,83.33,2157.26,0
26005,90.91,2161.54,0
26016,90.91,2157.42,0
26029,76.92,2169.76,0
26040,90.91,2162.46,0
26051,90.91,2164.95,0
26062,90.91,2156.58,0
26074,83.33,2169.79,0
26085,90.91,2159.60,0
26097,83.33,2168.86,0
26108,90.91,2154.67,0
26120,83.33,2165.09,0
26131,90.91,2160.52,0
26142,90.91,2172.50,0
26153,90.91,2159.81,0
26166,76.92,2159.79,0
26177,90.91,2161.23,0
26188,90.91,2172.79,0
26200,83.33,2160.80,0
26211,90.91,2166.97,0
26222,90.91,2154.20,0
26234,90.91,2167.95,0
26246,83.33,2161.82,0
26257,90.91,2170.53,0
26268,90.91,2162.71,0
26279,90.91,2163.89,0
26291,83.33,2161.20,0
26303,90.91,2160.61,0
26314,83.33,2165.09,0
26326,83.33,2161.67,0
26337,90.91,2156.30,0
26348,90.91,2163.38,0
26359,90.91,2165.77,0
26372,83.33,2167.32,0
26383,83.33,2160.91,0
26394,90.91,2156.63,0
26405,90.91,2165.33,0
26417,83.33,2165.95,0
26428,90.91,2168.02,0
26439,90.91,2155.72,0
26451,83.33,2163.09,0
26463,83.33,2165.46,0
26474,90.91,2168.53,0
26485,90.91,2158.98,0
26497,83.33,2166.66,0
26508,90.91,2161.04,0
26520,83.33,2167.83,0
26531,90.91,2162.77,0
26543,83.33,2165.74,0
26554,90.91,2156.45,0
26565,90.91,2159.39,0
26576,90.91,2160.21,0
26589,76.92,2167.72,0
26600,90.91,2159.64,0
26611,90.91,2158.43,0
26622,90.91,2155.89,0
26634,83.33,2170.22,0
26645,90.91,2158.91,0
26657,83.33,2160.28,0
26669,83.33,2156.50,0
26680,90.91,2163.24,0
26691,90.91,2165.08,0
26702,90.91,2170.40,0
26714,83.33,2157.49,0
26726,83.33,2165.95,0
26737,90.91,2160.84,0
26748,90.91,2168.56,0
26760,83.33,2162.76,0
26771,90.91,2162.88,0
26782,90.91,2157.69,0
26795,76.92,2165.44,0
26806,90.91,2164.52,0
26817,90.91,2168.18,0
26828,90.91,2160.48,0
26840,83.33,2159.34,0
26851,90.91,2163.92,0
26863,83.33,2171.10,0
26874,90.91,2161.52,0
26886,83.33,2164.56,0
26897,90.91,2156.64,0
26908,90.91,2162.03,0
26919,90.91,2165.35,0
26932,76.92,2163.00,0
26943,90.91,2154.72,0
26954,90.91,2167.72,0
26966,83.33,2163.76,0
26977,90.91,2168.75,0
26988,90.91,2161.60,0
27000,83.33,2163.24,0
27012,83.33,2160.68,0
27023,90.91,2166.67,0
27034,90.91,2161.65,0
27045,90.91,2164.87,0
