,0
1,1000.00,-0.00,0
54,18.87,3976.02,0
66,83.33,3981.95,0
77,90.91,3979.45,0
89,83.33,3969.81,0
100,90.91,3969.29,0
111,90.91,3974.59,0
122,90.91,3976.12,0
135,76.92,3969.52,0
146,90.91,3971.49,0
157,90.91,3980.05,0
168,90.91,3984.19,0
180,83.33,3980.23,0
191,90.91,3974.35,0
202,90.91,3970.63,0
215,76.92,3973.34,0
226,90.91,3975.06,0
237,90.91,3975.80,0
248,90.91,3978.07,0
260,83.33,3977.24,0
271,90.91,3976.36,0
283,90.91,3977.77,0
294,83.33,3973.88,0
306,83.33,3969.82,0
317,90.91,3969.27,0
328,90.91,3977.33,0
339,90.91,3981.85,0
351,83.33,3978.74,0
363,83.33,3972.80,0
374,90.91,3973.66,0
386,83.33,3973.04,0
397,90.91,3974.14,0
408,90.91,3969.74,0
419,90.91,3973.85,0
431,83.33,3980.67,0
443,83.33,3983.41,0
454,90.91,3975.46,0
465,90.91,3970.44,0
477,83.33,3967.88,0
488,90.91,3970.50,0
499,90.91,3973.28,0
512,90.91,3974.80,0
523,76.92,3976.59,0
534,90.91,3979.68,0
545,90.91,3978.54,0
557,83.33,3974.63,0
568,90.91,3971.59,0
579,90.91,3968.76,0
591,83.33,3972.76,0
603,83.33,3978.91,0
614,90.91,3982.06,0
625,90.91,3978.77,0
636,90.91,3972.15,0
648,83.33,3972.67,0
659,90.91,3973.73,0
671,83.33,3972.27,0
683,83.33,3971.64,0
694,90.91,3977.79,0
705,90.91,3985.18,0
716,90.91,3984.01,0
728,83.33,3974.26,0
740,83.33,3971.05,0
751,90.91,3972.47,0
762,90.91,3973.58,0
774,83.33,3972.66,0
785,90.91,3974.91,0
796,90.91,3975.81,0
807,90.91,3974.59,0
820,76.92,3975.80,0
831,90.91,3975.13,0
842,90.91,3968.62,0
854,83.33,3969.06,0
865,90.91,3978.38,0
876,90.91,3984.09,0
888,90.91,3981.81,0
900,76.92,3974.30,0
911,90.91,3972.23,0
922,90.91,3974.72,0
933,90.91,3973.99,0
945,83.33,3968.85,0
956,90.91,3971.10,0
968,83.33,3978.35,0
979,90.91,3984.97,0
991,83.33,3977.69,0
1002,90.91,3970.51,0
1013,90.91,3972.59,0
1025,83.33,3978.10,0
1036,90.91,3977.39,0
1048,83.33,3974.18,0
1059,90.91,3974.84,0
1071,83.33,3978.34,0
1082,90.91,3977.97,0
1093,90.91,3976.07,0
1104,90.91,3970.26,0
1117,83.33,3971.45,0
1128,90.91,3975.46,0
1139,90.91,3980.71,0
1150,90.91,3981.18,0
1162,83.33,3975.96,0
1173,90.91,3971.74,0
1184,90.91,3974.25,0
1197,76.92,3972.86,0
1208,90.91,3969.32,0
1219,90.91,3965.37,0
1230,90.91,3973.99,0
1242,83.33,3982.30,0
1253,90.91,3980.55,0
1264,90.91,3973.38,0
1276,83.33,3972.28,0
1288,83.33,3972.58,0
1299,90.91,3974.52,0
1310,90.91,3974.44,0
1321,90.91,3975.36,0
1333,83.33,3979.73,0
1345,83.33,3980.69,0
1356,90.91,3976.88,0
1368,83.33,3969.42,0
1379,90.91,3968.14,0
1390,90.91,3972.36,0
1401,90.91,3976.87,0
1413,83.33,3981.55,0
1425,83.33,3980.47,0
1436,90.91,3978.80,0
1447,90.91,3975.95,0
1459,83.33,3975.59,0
1470,90.91,3973.52,0
1481,90.91,3969.72,0
1494,90.91,3971.84,0
1505,76.92,3980.72,0
1516,90.91,3985.40,0
1527,90.91,3976.66,0
1539,83.33,3971.93,0
1550,90.91,3973.60,0
1561,90.91,3977.19,0
1573,83.33,3972.67,0
1585,83.33,3969.94,0
1596,90.91,3973.06,0
1607,90.91,3978.71,0
1618,90.91,3977.37,0
1630,83.33,3975.63,0
1641,90.91,3973.94,0
1653,83.33,3971.39,0
1665,83.33,3972.41,0
1676,90.91,3979.30,0
1687,90.91,3981.06,0
1698,90.91,3979.48,0
1710,83.33,3976.69,0
1722,90.91,3975.11,0
1733,83.33,3971.20,0
1744,90.91,3968.74,0
1756,83.33,3970.73,0
1767,90.91,3977.08,0
1778,90.91,3983.36,0
1789,90.91,3980.62,0
1802,76.92,3972.55,0
1813,90.91,3974.08,0
1824,90.91,3976.29,0
1836,83.33,3977.14,0
1847,90.91,3972.39,0
1858,90.91,3973.49,0
1869,90.91,3978.91,0
1882,76.92,3978.89,0
1893,90.91,3973.75,0
1904,90.91,3971.01,0
1915,90.91,3968.78,0
1927,83.33,3972.62,0
1938,90.91,3973.46,0
1950,83.33,3978.07,0
1961,90.91,3979.24,0
1973,83.33,3977.99,0
1984,90.91,3976.68,0
1995,90.91,3978.12,0
2007,83.33,3970.09,0
2018,90.91,3965.91,0
2030,83.33,3971.88,0
2041,90.91,3979.61,0
2053,83.33,3983.98,0
2064,90.91,3977.97,0
2075,90.91,3971.30,0
2086,90.91,3973.30,0
2099,83.33,3972.59,0
2110,83.33,3973.99,0
2121,90.91,3974.81,0
2132,90.91,3977.98,0
2144,83.33,3980.47,0
2155,90.91,3976.37,0
2166,90.91,3969.79,0
2179,76.92,3969.69,0
2190,90.91,3971.25,0
2201,90.91,3971.40,0
2212,90.91,3976.12,0
2224,83.33,3983.75,0
2235,90.91,3981.81,0
2246,90.91,3976.21,0
2258,83.33,3974.70,0
2270,83.33,3973.59,0
2281,90.91,3971.16,0
2292,90.91,3972.58,0
2304,83.33,3975.26,0
2315,90.91,3978.38,0
2327,90.91,3979.41,0
2338,83.33,3976.17,0
2350,83.33,3975.56,0
2361,90.91,3976.47,0
2372,90.91,3975.25,0
2383,90.91,3970.06,0
2395,83.33,3973.48,0
2407,83.33,3979.62,0
2418,90.91,3983.16,0
2429,90.91,3975.58,0
2441,83.33,3971.61,0
2452,90.91,3970.53,0
2463,90.91,3971.69,0
2475,83.33,3972.11,0
2487,83.33,3978.06,0
2498,90.91,3982.13,0
2509,90.91,3980.82,0
2521,83.33,3978.91,0
2532,90.91,3975.22,0
2543,90.91,3970.01,0
2555,90.91,3967.13,0
2567,83.33,3968.08,0
2578,90.91,3975.85,0
2589,90.91,3981.81,0
2600,90.91,3980.53,0
2612,83.33,3978.08,0
2623,90.91,3975.22,0
2635,83.33,3969.04,0
2647,83.33,3969.45,0
2658,90.91,3971.67,0
2669,90.91,3979.79,0
2680,90.91,3981.96,0
2692,83.33,3977.02,0
2703,90.91,3966.85,0
2715,83.33,3972.17,0
2726,90.91,3975.05,0
2738,83.33,3972.53,0
2749,90.91,3972.12,0
2760,90.91,3979.20,0
2771,90.91,3981.66,0
2784,76.92,3980.30,0
2795,90.91,3976.54,0
2806,90.91,3970.42,0
2818,83.33,3967.84,0
2829,90.91,3970.47,0
2840,90.91,3972.93,0
2851,90.91,3976.17,0
2864,76.92,3979.54,0
2875,90.91,3978.83,0
2886,90.91,3975.49,0
2897,90.91,3974.73,0
2909,83.33,3975.61,0
2920,90.91,3973.35,0
2931,90.91,3976.41,0
2944,76.92,3981.44,0
2955,90.91,3983.07,0
2966,90.91,3972.56,0
2977,90.91,3969.02,0
2989,83.33,3970.74,0
3000,90.91,3973.09,0
3012,83.33,3971.96,0
3023,90.91,3975.05,0
3035,83.33,3980.75,0
3046,90.91,3981.55,0
3057,90.91,3975.71,0
3068,90.91,3973.89,0
3080,83.33,3973.47,0
3092,83.33,3972.07,0
3103,90.91,3969.93,0
3115,83.33,3973.21,0
3126,90.91,3977.62,0
3137,90.91,3980.47,0
3148,90.91,3976.02,0
3161,83.33,3974.67,0
3172,83.33,3972.19,0
3183,90.91,3970.93,0
3194,90.91,3973.08,0
3206,83.33,3979.48,0
3217,90.91,3983.86,0
3228,90.91,3980.07,0
3240,83.33,3973.88,0
3252,83.33,3971.78,0
3263,90.91,3968.93,0
3274,90.91,3966.78,0
3286,83.33,3970.08,0
3297,90.91,3978.52,0
3308,90.91,3984.74,0
3320,83.33,3980.67,0
3332,83.33,3974.36,0
3343,90.91,3971.26,0
3354,90.91,3970.85,0
3365,90.91,3971.71,0
3377,83.33,3974.26,0
3389,90.91,3977.15,0
3400,83.33,3979.24,0
3411,90.91,3977.99,0
3423,83.33,3974.10,0
3434,90.91,3972.84,0
3445,90.91,3971.33,0
3457,83.33,3973.17,0
3469,83.33,3974.75,0
3480,90.91,3975.31,0
3491,90.91,3977.22,0
3503,83.33,3973.80,0
3514,90.91,3974.05,0
3525,90.91,3972.39,0
3536,90.91,3971.85,0
3549,76.92,3970.85,0
3560,90.91,3976.49,0
3571,90.91,3983.95,0
3582,90.91,3982.89,0
3594,83.33,3974.11,0
3605,90.91,3973.52,0
3617,90.91,3975.23,0
3629,76.92,3972.82,0
3640,90.91,3972.88,0
3651,90.91,3975.04,0
3662,90.91,3979.51,0
3674,83.33,3979.72,0
3685,90.91,3977.64,0
3697,83.33,3976.06,0
3708,90.91,3976.27,0
3720,83.33,3974.54,0
3731,90.91,3975.04,0
3742,90.91,3979.38,0
3753,90.91,3980.13,0
3765,83.33,3977.28,0
3777,83.33,3973.81,0
3788,90.91,3972.25,0
3800,83.33,3971.98,0
3811,90.91,3972.02,0
3822,90.91,3972.21,0
3833,90.91,3978.27,0
3846,76.92,3981.48,0
3857,90.91,3980.96,0
3868,90.91,3978.00,0
3879,90.91,3974.64,0
3891,83.33,3972.57,0
3902,90.91,3970.40,0
3913,90.91,3968.07,0
3926,76.92,3971.32,0
3937,90.91,3979.77,0
3948,90.91,3980.53,0
3959,90.91,3973.29,0
3971,83.33,3973.24,0
3982,90.91,3974.62,0
3993,90.91,3976.15,0
4005,83.33,3975.38,0
4017,83.33,3975.73,0
4028,90.91,3978.16,0
4039,90.91,3978.37,0
4050,90.91,3975.50,0
4062,83.33,3968.45,0
4074,83.33,3968.45,0
4085,90.91,3972.80,0
4097,83.33,3976.20,0
4108,90.91,3981.37,0
4119,90.91,3983.39,0
4130,90.91,3979.09,0
4142,83.33,3974.36,0
4154,83.33,3974.03,0
4165,90.91,3969.32,0
4176,90.91,3968.56,0
4188,83.33,3971.66,0
4199,90.91,3977.19,0
4210,90.91,3977.42,0
4221,90.91,3971.91,0
4234,76.92,3970.14,0
4245,90.91,3977.14,0
4256,90.91,3976.67,0
4268,83.33,3973.50,0
4279,90.91,3970.38,0
4290,90.91,3976.11,0
4302,83.33,3980.04,0
4314,83.33,3978.74,0
4325,90.91,3971.41,0
4336,90.91,3966.42,0
4347,90.91,3969.10,0
4359,83.33,3972.35,0
4370,90.91,3977.14,0
4382,83.33,3976.40,0
4393,90.91,3976.15,0
4405,83.33,3977.42,0
4416,90.91,3981.58,0
4427,90.91,3973.98,0
4439,83.33,3966.88,0
4450,90.91,3965.45,0
4462,83.33,3975.26,0
4473,90.91,3985.07,0
4485,83.33,3981.51,0
4496,90.91,3973.83,0
4507,90.91,3973.26,0
4518,90.91,3977.81,0
4531,76.92,3978.33,0
4542,90.91,3973.28,0
4553,90.91,3974.72,0
4564,90.91,3979.67,0
4576,83.33,3982.31,0
4587,90.91,3976.22,0
4598,90.91,3970.94,0
4611,76.92,3966.91,0
4622,90.91,3971.05,0
4633,90.91,3973.58,0
4644,90.91,3980.07,0
4656,83.33,3980.13,0
4667,90.91,3979.83,0
4678,90.91,3979.38,0
4690,83.33,3976.95,0
4702,83.33,3971.00,0
4713,90.91,3966.85,0
4724,90.91,3970.63,0
4736,83.33,3982.19,0
4747,90.91,3983.62,0
4759,83.33,3976.44,0
4770,90.91,3973.01,0
4782,83.33,3973.79,0
4793,90.91,3975.46,0
4804,90.91,3973.48,0
4815,90.91,3972.94,0
4827,83.33,3977.12,0
4839,83.33,3983.11,0
4850,90.91,3980.29,0
4861,90.91,3970.84,0
4873,83.33,3967.86,0
4884,90.91,3970.39,0
4895,90.91,3974.56,0
4908,83.33,3978.94,0
4919,83.33,3979.31,0
4930,90.91,3981.07,0
4941,90.91,3981.97,0
4953,83.33,3977.49,0
4964,90.91,3971.14,0
4975,90.91,3967.73,0
4987,83.33,3967.79,0
4999,83.33,3977.29,0
5010,90.91,3984.15,0
5021,90.91,3979.55,0
5032,90.91,3974.17,0
5044,83.33,3974.80,0
5055,90.91,3976.54,0
5067,83.33,3974.08,0
5079,83.33,3971.92,0
5090,90.91,3975.37,0
5101,90.91,3983.52,0
5112,90.91,3985.16,0
5124,83.33,3973.36,0
5136,90.91,3967.95,0
5147,83.33,3971.37,0
5158,90.91,3974.43,0
5170,83.33,3974.88,0
5181,90.91,3975.89,0
5192,90.91,3979.29,0
5203,90.91,3984.24,0
5216,76.92,3979.83,0
5227,90.91,3974.73,0
5238,90.91,3968.94,0
5250,83.33,3966.97,0
5261,90.91,3971.97,0
5272,90.91,3977.79,0
5283,90.91,3980.59,0
5296,76.92,3976.55,0
5307,90.91,3976.25,0
5318,90.91,3977.22,0
5329,90.91,3976.00,0
5341,83.33,3973.78,0
5352,90.91,3972.22,0
5364,90.91,3975.54,0
5376,76.92,3980.73,0
5387,90.91,3981.64,0
5398,90.91,3972.04,0
5409,90.91,3968.75,0
5421,83.33,3973.58,0
5432,90.91,3973.19,0
5444,83.33,3974.13,0
5455,90.91,3979.25,0
5467,83.33,3981.57,0
5478,90.91,3980.10,0
5489,90.91,3977.16,0
5500,90.91,3971.23,0
5512,83.33,3969.21,0
5524,83.33,3970.89,0
5535,90.91,3974.47,0
5547,83.33,3978.20,0
5558,90.91,3980.06,0
5569,90.91,3974.62,0
5580,90.91,3974.14,0
5593,83.33,3975.06,0
5604,83.33,3975.18,0
5615,90.91,3972.26,0
5626,90.91,3971.70,0
5638,83.33,3976.26,0
5649,90.91,3979.81,0
5660,90.91,3975.61,0
5672,83.33,3969.88,0
5684,83.33,3970.76,0
5695,90.91,3972.86,0
5706,90.91,3975.72,0
5718,83.33,3974.86,0
5729,90.91,3979.39,0
5740,90.91,3982.07,0
5752,83.33,3977.82,0
5764,83.33,3975.41,0
5775,90.91,3971.06,0
5786,90.91,3969.58,0
5797,90.91,3971.32,0
5809,83.33,3977.48,0
5821,90.91,3980.58,0
5832,83.33,3980.87,0
5843,90.91,3978.54,0
5855,83.33,3977.08,0
5866,90.91,3976.39,0
5877,90.91,3973.86,0
5889,83.33,3969.27,0
5901,83.33,3975.23,0
5912,90.91,3981.75,0
5923,90.91,3983.98,0
5935,83.33,3975.73,0
5946,90.91,3970.39,0
5957,90.91,3970.04,0
5968,90.91,3972.78,0
5981,76.92,3972.90,0
5992,90.91,3977.78,0
6003,90.91,3982.40,0
6014,90.91,3981.32,0
6026,83.33,3978.24,0
6037,90.91,3973.47,0
6049,83.33,3969.07,0
6061,83.33,3967.60,0
6072,90.91,3970.31,0
6083,90.91,3978.15,0
6094,90.91,3978.14,0
6106,83.33,3976.27,0
6117,90.91,3975.45,0
6129,83.33,3975.84,0
6140,90.91,3974.24,0
6152,83.33,3973.25,0
6163,90.91,3971.98,0
6174,90.91,3981.17,0
6185,90.91,3982.57,0
6197,83.33,3973.64,0
6209,83.33,3969.14,0
6220,90.91,3966.07,0
6232,83.33,3970.78,0
6243,90.91,3974.56,0
6254,90.91,3976.57,0
6265,90.91,3977.19,0
6278,76.92,3979.32,0
6289,90.91,3979.96,0
6300,90.91,3978.71,0
6311,90.91,3973.39,0
6323,83.33,3969.24,0
6334,90.91,3968.71,0
6345,90.91,3974.72,0
6358,76.92,3980.53,0
6369,90.91,3982.66,0
6380,90.91,3977.12,0
6391,90.91,3974.86,0
6403,83.33,3974.58,0
6414,90.91,3974.21,0
6426,90.91,3972.61,0
6437,83.33,3976.26,0
6449,83.33,3980.07,0
6460,90.91,3981.89,0
6471,90.91,3977.82,0
6482,90.91,3972.09,0
6494,83.33,3971.31,0
6506,83.33,3973.27,0
6517,90.91,3974.37,0
6529,83.33,3978.93,0
6540,90.91,3980.61,0
6551,90.91,3978.98,0
6562,90.91,3979.07,0
6574,83.33,3979.69,0
6586,83.33,3974.92,0
6597,90.91,3971.11,0
6608,90.91,3972.28,0
6620,83.33,3979.10,0
6631,90.91,3980.22,0
6642,90.91,3977.78,0
6653,90.91,3972.93,0
6666,76.92,3974.82,0
6677,90.91,3976.83,0
6688,90.91,3974.82,0
6700,83.33,3972.71,0
6711,90.91,3978.54,0
6722,90.91,3982.50,0
6734,83.33,3981.12,0
6746,83.33,3974.26,0
6757,90.91,3970.58,0
6768,90.91,3971.49,0
6779,90.91,3974.39,0
6791,83.33,3974.35,0
6802,90.91,3977.56,0
6814,83.33,3979.30,0
6825,90.91,3979.24,0
6837,83.33,3978.57,0
6848,90.91,3974.50,0
6859,90.91,3969.53,0
6871,83.33,3972.25,0
6883,90.91,3975.85,0
6894,83.33,3979.20,0
6905,90.91,3980.67,0
6917,83.33,3977.37,0
6928,90.91,3976.48,0
6939,90.91,3977.80,0
6950,90.91,3977.34,0
6963,76.92,3973.00,0
6974,90.91,3973.49,0
6985,90.91,3977.92,0
6996,90.91,3981.42,0
7008,83.33,3975.67,0
7019,90.91,3971.19,0
7030,90.91,3969.62,0
7043,76.92,3973.63,0
7054,90.91,3973.35,0
7065,90.91,3972.59,0
7076,90.91,3978.80,0
7088,83.33,3984.49,0
7099,90.91,3980.60,0
7111,90.91,3974.56,0
7122,83.33,3970.30,0
7134,83.33,3970.59,0
7145,90.91,3972.85,0
7156,90.91,3976.64,0
7168,83.33,3977.71,0
7179,90.91,3974.86,0
7191,83.33,3974.79,0
7202,90.91,3976.28,0
7214,83.33,3973.18,0
7225,90.91,3971.86,0
7236,90.91,3969.49,0
7247,90.91,3975.39,0
7259,83.33,3981.77,0
7271,83.33,3979.48,0
7282,90.91,3972.67,0
7293,90.91,3971.42,0
7305,83.33,3973.48,0
7316,90.91,3973.52,0
7327,90.91,3970.53,0
7340,83.33,3975.80,0
7351,83.33,3981.62,0
7362,90.91,3983.73,0
7373,90.91,3977.80,0
7385,83.33,3973.05,0
7396,90.91,3970.36,0
7407,90.91,3971.31,0
7419,83.33,3975.41,0
7431,83.33,3980.33,0
7442,90.91,3977.58,0
7453,90.91,3975.31,0
7464,90.91,3973.46,0
7476,83.33,3972.12,0
7487,90.91,3971.78,0
7499,83.33,3969.27,0
7511,83.33,3974.31,0
7522,90.91,3980.81,0
7533,90.91,3980.56,0
7544,90.91,3975.77,0
7556,83.33,3972.33,0
7568,90.91,3970.78,0
7579,83.33,3974.95,0
7590,90.91,3973.97,0
7602,83.33,3974.86,0
7613,90.91,3977.38,0
7624,90.91,3982.94,0
7635,90.91,3980.80,0
7648,76.92,3977.17,0
7659,90.91,3972.74,0
7670,90.91,3972.97,0
7682,83.33,3974.29,0
7693,90.91,3978.02,0
7704,90.91,3982.34,0
7715,90.91,3978.44,0
7728,76.92,3973.14,0
7739,90.91,3972.16,0
7750,90.91,3972.30,0
7761,90.91,3971.56,0
7773,83.33,3970.68,0
7784,90.91,3978.07,0
7796,90.91,3980.13,0
7808,76.92,3978.08,0
7819,90.91,3974.22,0
7830,90.91,3973.86,0
7841,90.91,3976.34,0
7853,83.33,3974.31,0
7864,90.91,3972.69,0
7876,83.33,3973.90,0
7887,90.91,3980.20,0
7899,83.33,3981.42,0
7910,90.91,3974.39,0
7921,90.91,3970.48,0
7932,90.91,3968.76,0
7944,83.33,3971.34,0
7956,83.33,3973.49,0
7967,90.91,3977.60,0
7979,83.33,3980.26,0
7990,90.91,3977.96,0
8001,90.91,3975.04,0
8012,90.91,3974.31,0
8025,83.33,3971.67,0
8036,83.33,3971.90,0
8047,90.91,3973.96,0
8058,90.91,3978.15,0
8070,83.33,3982.52,0
8081,90.91,3978.84,0
8092,90.91,3976.42,0
8104,83.33,3974.52,0
8116,83.33,3973.75,0
8127,90.91,3973.61,0
8138,90.91,3976.21,0
8150,83.33,3980.31,0
8161,90.91,3980.59,0
8172,90.91,3979.17,0
8184,83.33,3975.60,0
8196,83.33,3975.20,0
8207,90.91,3975.28,0
8218,90.91,3973.84,0
8229,90.91,3971.84,0
8241,83.33,3976.52,0
8253,83.33,3980.37,0
8264,90.91,3977.05,0
8275,90.91,3975.15,0
8287,83.33,3972.17,0
8298,90.91,3972.96,0
8309,90.91,3971.00,0
8321,83.33,3974.73,0
8333,83.33,3981.36,0
8344,90.91,3983.55,0
8355,90.91,3978.77,0
8367,83.33,3974.65,0
8378,90.91,3973.80,0
8389,90.91,3973.71,0
8400,90.91,3971.73,0
8413,76.92,3974.62,0
8424,90.91,3981.23,0
8435,90.91,3980.60,0
8446,90.91,3976.77,0
8458,83.33,3975.23,0
8469,90.91,3975.15,0
8481,90.91,3972.82,0
8493,76.92,3967.15,0
8504,90.91,3969.84,0
8515,90.91,3977.66,0
8526,90.91,3982.03,0
8538,83.33,3977.96,0
8549,90.91,3972.98,0
8561,83.33,3972.56,0
8572,90.91,3973.60,0
8584,83.33,3973.23,0
8595,90.91,3976.83,0
8606,90.91,3981.78,0
8617,90.91,3980.27,0
8629,83.33,3976.30,0
8641,83.33,3970.85,0
8652,90.91,3969.21,0
8664,83.33,3971.20,0
8675,90.91,3975.05,0
8686,90.91,3980.47,0
8697,90.91,3979.29,0
8710,83.33,3977.55,0
8721,83.33,3973.92,0
8732,90.91,3975.69,0
8743,90.91,3973.86,0
8755,83.33,3968.33,0
8766,90.91,3972.93,0
8777,90.91,3980.79,0
8790,76.92,3980.68,0
8801,90.91,3977.86,0
8812,90.91,3974.74,0
8823,90.91,3974.89,0
8835,83.33,3975.84,0
8846,90.91,3975.63,0
8857,90.91,3972.60,0
8869,83.33,3978.97,0
8881,83.33,3982.63,0
8892,90.91,3979.94,0
8903,90.91,3975.79,0
8914,90.91,3973.06,0
8926,83.33,3968.87,0
8938,90.91,3972.08,0
8949,83.33,3978.56,0
8961,83.33,3978.91,0
8972,90.91,3977.79,0
8983,90.91,3975.98,0
8994,90.91,3974.37,0
9006,83.33,3971.49,0
9018,83.33,3969.41,0
9029,90.91,3969.45,0
9040,90.91,3975.03,0
9052,83.33,3982.73,0
9063,90.91,3982.94,0
9074,90.91,3974.73,0
9085,90.91,3969.23,0
9098,76.92,3971.12,0
9109,90.91,3975.48,0
9120,90.91,3975.22,0
9132,83.33,3979.53,0
9143,90.91,3980.21,0
9154,90.91,3980.73,0
9166,83.33,3978.43,0
9178,83.33,3975.45,0
9189,90.91,3969.95,0
9200,90.91,3968.48,0
9211,90.91,3972.35,0
9223,83.33,3978.67,0
9234,90.91,3981.50,0
9246,83.33,3981.00,0
9257,90.91,3977.71,0
9269,83.33,3976.22,0
9280,90.91,3975.02,0
9291,90.91,3973.46,0
9303,83.33,3973.46,0
9314,90.91,3979.39,0
9326,83.33,3981.54,0
9337,90.91,3977.27,0
9349,83.33,3973.91,0
9360,90.91,3972.31,0
9371,90.91,3972.98,0
9382,90.91,3973.62,0
9395,76.92,3973.48,0
9406,90.91,3977.62,0
9417,90.91,3979.67,0
9428,90.91,3978.87,0
9440,83.33,3975.30,0
9451,90.91,3972.54,0
9462,90.91,3969.97,0
9475,76.92,3970.72,0
9486,90.91,3973.67,0
9497,90.91,3975.43,0
9508,90.91,3978.99,0
9520,83.33,3978.74,0
9531,90.91,3975.78,0
9542,90.91,3975.15,0
9554,83.33,3973.79,0
9566,83.33,3971.82,0
9577,90.91,3975.12,0
9588,90.91,3981.22,0
9600,83.33,3982.81,0
9611,90.91,3977.10,0
9623,83.33,3971.79,0
9634,90.91,3971.07,0
9646,83.33,3972.67,0
9657,90.91,3969.11,0
9668,90.91,3972.99,0
9679,90.91,3979.29,0
9691,83.33,3980.52,0
9703,83.33,3977.73,0
9714,90.91,3974.68,0
9725,90.91,3972.51,0
9737,83.33,3972.14,0
9748,90.91,3972.89,0
9759,90.91,3974.65,0
9772,83.33,3979.48,0
9783,83.33,3981.55,0
9794,90.91,3976.26,0
9805,90.91,3975.94,0
9817,83.33,3975.61,0
9828,90.91,3970.82,0
9839,90.91,3970.73,0
9851,83.33,3977.56,0
9863,83.33,3979.24,0
9874,90.91,3977.91,0
9885,90.91,3976.53,0
9896,90.91,3976.44,0
9908,83.33,3974.36,0
9919,90.91,3970.60,0
9931,83.33,3973.35,0
9943,83.33,3979.54,0
9954,90.91,3981.69,0
9965,90.91,3983.37,0
9976,90.91,3978.52,0
9988,83.33,3975.75,0
10000,90.91,3973.73,0
10011,83.33,3970.39,0
10022,90.91,3971.36,0
10034,83.33,3974.80,0
10045,90.91,3979.87,0
10056,90.91,3979.62,0
10067,90.91,3973.58,0
10080,76.92,3969.75,0
10091,90.91,3969.74,0
10102,90.91,3972.82,0
10114,83.33,3973.49,0
10125,90.91,3974.51,0
10136,90.91,3977.16,0
10147,90.91,3978.11,0
10160,76.92,3975.61,0
10171,90.91,3973.94,0
10182,90.91,3972.26,0
10193,90.91,3970.50,0
10205,83.33,3974.62,0
10216,90.91,3981.75,0
10228,90.91,3980.76,0
10240,76.92,3974.24,0
10251,90.91,3973.22,0
10262,90.91,3972.51,0
10273,90.91,3970.33,0
10285,83.33,3971.23,0
10296,90.91,3971.63,0
10308,83.33,3978.78,0
10319,90.91,3983.26,0
10331,83.33,3975.80,0
10342,90.91,3973.22,0
10353,90.91,3971.55,0
10364,90.91,3973.47,0
10376,83.33,3975.30,0
10388,83.33,3977.41,0
10399,90.91,3980.29,0
10411,83.33,3981.16,0
10422,90.91,3981.28,0
10433,90.91,3977.22,0
10444,90.91,3973.55,0
10457,83.33,3971.26,0
10468,83.33,3972.66,0
10479,90.91,3977.21,0
10490,90.91,3981.35,0
10502,83.33,3978.23,0
10513,90.91,3969.92,0
10524,90.91,3971.52,0
10536,83.33,3972.85,0
10548,83.33,3971.33,0
10559,90.91,3969.86,0
10570,90.91,3975.48,0
10582,83.33,3981.11,0
10593,90.91,3980.51,0
10604,90.91,3977.65,0
10616,83.33,3973.63,0
10628,83.33,3970.31,0
10639,90.91,3971.47,0
10650,90.91,3973.28,0
10661,90.91,3977.19,0
10673,83.33,3980.90,0
10685,90.91,3979.61,0
10696,90.91,3974.49,0
10707,90.91,3972.85,0
10719,83.33,3973.59,0
10730,90.91,3973.71,0
10741,90.91,3974.67,0
10753,83.33,3979.70,0
10765,83.33,3979.17,0
10776,90.91,3976.25,0
10787,90.91,3973.39,0
10799,83.33,3974.50,0
10810,90.91,3974.31,0
10821,90.91,3968.79,0
10832,90.91,3970.25,0
10845,76.92,3978.14,0
10856,90.91,3980.79,0
10867,90.91,3981.04,0
10878,90.91,3976.88,0
10890,83.33,3975.25,0
10901,90.91,3972.85,0
10913,83.33,3970.75,0
10925,83.33,3975.42,0
10936,90.91,3978.62,0
10947,90.91,3979.70,0
10958,90.91,3979.96,0
10970,83.33,3974.26,0
10981,90.91,3969.83,0
10993,83.33,3969.68,0
11004,90.91,3971.19,0
11016,83.33,3973.68,0
11027,90.91,3977.44,0
11038,90.91,3978.16,0
11049,90.91,3974.76,0
11062,83.33,3971.90,0
11073,83.33,3970.24,0
11084,90.91,3969.06,0
11096,83.33,3971.17,0
11107,90.91,3977.34,0
11118,90.91,3980.07,0
11129,90.91,3978.71,0
11142,76.92,3974.35,0
11153,90.91,3973.85,0
11164,90.91,3973.75,0
11175,90.91,3969.95,0
11187,83.33,3968.46,0
11198,90.91,3976.90,0
11209,90.91,3983.00,0
11222,76.92,3980.24,0
11233,90.91,3974.89,0
11244,90.91,3971.85,0
11255,90.91,3972.13,0
11267,83.33,3971.76,0
11278,90.91,3971.10,0
11290,90.91,3972.58,0
11301,83.33,3979.42,0
11313,83.33,3983.19,0
11324,90.91,3978.93,0
11335,90.91,3975.47,0
11346,90.91,3969.19,0
11358,83.33,3969.12,0
11370,83.33,3974.04,0
11381,90.91,3981.78,0
11393,83.33,3983.86,0
11404,90.91,3975.26,0
11415,90.91,3973.72,0
11426,90.91,3976.01,0
11438,83.33,3976.44,0
11450,83.33,3970.75,0
11461,90.91,3970.63,0
11472,90.91,3979.82,0
11484,83.33,3982.90,0
11495,90.91,3977.79,0
11506,90.91,3969.73,0
11518,90.91,3967.11,0
11530,76.92,3973.09,0
11541,90.91,3975.97,0
11552,90.91,3974.72,0
11564,83.33,3975.53,0
11575,90.91,3980.99,0
11586,90.91,3980.56,0
11598,83.33,3978.18,0
11610,83.33,3970.59,0
11621,90.91,3967.47,0
11632,90.91,3968.96,0
11643,90.91,3974.90,0
11655,83.33,3980.44,0
11666,90.91,3976.44,0
11678,83.33,3971.95,0
11689,90.91,3975.81,0
11701,83.33,3978.85,0
11712,90.91,3974.20,0
11723,90.91,3969.46,0
11735,83.33,3973.95,0
11747,90.91,3982.18,0
11758,83.33,3982.53,0
11769,90.91,3974.57,0
11781,83.33,3969.43,0
11792,90.91,3972.06,0
11803,90.91,3976.91,0
11814,90.91,3975.10,0
11827,76.92,3976.62,0
11838,90.91,3980.07,0
11849,90.91,3978.45,0
11860,90.91,3976.84,0
11872,83.33,3972.36,0
11883,90.91,3968.05,0
11894,90.91,3965.64,0
11907,76.92,3973.71,0
11918,90.91,3979.30,0
11929,90.91,3979.82,0
11940,90.91,3975.33,0
11952,83.33,3975.30,0
11963,90.91,3977.69,0
11975,83.33,3975.37,0
11986,90.91,3970.92,0
11998,83.33,3970.86,0
12009,90.91,3979.53,0
12020,90.91,3985.97,0
12032,83.33,3980.86,0
12043,90.91,3972.78,0
12055,83.33,3972.24,0
12066,90.91,3975.57,0
12078,83.33,3975.13,0
12089,90.91,3971.56,0
12100,90.91,3976.80,0
12111,90.91,3984.48,0
12124,83.33,3982.88,0
12135,83.33,3976.72,0
12146,90.91,3967.32,0
12157,90.91,3968.01,0
12169,83.33,3970.36,0
12180,90.91,3976.12,0
12191,90.91,3981.47,0
12204,76.92,3975.81,0
12215,90.91,3973.95,0
12226,90.91,3975.22,0
12237,90.91,3973.46,0
12249,83.33,3970.81,0
12260,90.91,3969.39,0
12271,90.91,3978.08,0
12283,83.33,3987.12,0
12295,83.33,3983.22,0
12306,90.91,3973.27,0
12317,90.91,3970.29,0
12328,90.91,3974.86,0
12340,83.33,3977.87,0
12352,90.91,3976.89,0
12363,83.33,3976.38,0
12375,83.33,3978.82,0
12386,90.91,3981.23,0
12397,90.91,3978.57,0
12408,90.91,3972.17,0
12420,83.33,3967.86,0
12432,83.33,3971.09,0
12443,90.91,3976.17,0
12454,90.91,3982.04,0
12466,83.33,3978.17,0
12477,90.91,3976.11,0
12488,90.91,3977.03,0
12499,90.91,3978.71,0
12512,76.92,3974.75,0
12523,90.91,3972.48,0
12534,90.91,3971.76,0
12546,83.33,3979.07,0
12557,90.91,3982.02,0
12568,90.91,3975.72,0
12580,90.91,3970.78,0
12592,76.92,3969.88,0
12603,90.91,3974.38,0
12614,90.91,3974.55,0
12625,90.91,3972.41,0
12637,83.33,3978.92,0
12648,90.91,3985.26,0
12660,83.33,3981.59,0
12672,83.33,3974.60,0
12683,90.91,3969.10,0
12694,90.91,3968.23,0
12705,90.91,3970.72,0
12717,83.33,3975.70,0
12728,90.91,3979.45,0
12740,83.33,3978.32,0
12751,90.91,3977.94,0
12763,83.33,3976.08,0
12774,90.91,3977.23,0
12785,90.91,3972.33,0
12796,90.91,3970.70,0
12809,76.92,3977.79,0
12820,90.91,3985.78,0
12831,90.91,3981.43,0
12843,83.33,3973.14,0
12854,90.91,3970.37,0
12865,90.91,3973.54,0
12876,90.91,3974.50,0
12889,76.92,3973.06,0
12900,90.91,3975.08,0
12911,90.91,3980.36,0
12922,90.91,3987.30,0
12934,83.33,3980.55,0
12945,90.91,3972.50,0
12956,90.91,3969.48,0
12968,83.33,3971.39,0
12980,83.33,3975.61,0
12991,90.91,3975.74,0
13002,90.91,3976.93,0
13014,83.33,3977.96,0
13025,90.91,3976.68,0
13037,83.33,3974.11,0
13048,90.91,3972.35,0
13060,83.33,3967.55,0
13071,90.91,3969.43,0
13082,90.91,3980.23,0
13093,90.91,3982.84,0
13105,83.33,3975.75,0
13117,83.33,3969.73,0
13128,90.91,3972.21,0
13139,90.91,3973.32,0
13151,83.33,3972.23,0
13162,90.91,3968.80,0
13173,90.91,3975.67,0
13186,83.33,3983.00,0
13197,83.33,3985.01,0
13208,90.91,3977.80,0
13219,90.91,3970.01,0
13231,83.33,3971.07,0
13242,90.91,3975.36,0
13253,90.91,3976.72,0
13265,83.33,3976.14,0
13277,83.33,3978.17,0
13288,90.91,3976.87,0
13299,90.91,3977.78,0
13310,90.91,3976.23,0
13322,83.33,3971.39,0
13333,90.91,3969.93,0
13345,83.33,3978.03,0
13357,83.33,3982.01,0
13368,90.91,3976.62,0
13379,90.91,3971.78,0
13390,90.91,3971.16,0
13402,83.33,3971.81,0
13414,90.91,3971.98,0
13425,83.33,3968.30,0
13436,90.91,3973.96,0
13448,83.33,3982.28,0
13459,90.91,3981.98,0
13470,90.91,3977.23,0
13481,90.91,3973.43,0
13494,76.92,3973.10,0
13505,90.91,3976.75,0
13516,90.91,3975.41,0
13528,83.33,3971.77,0
13539,90.91,3974.41,0
13550,90.91,3977.55,0
13561,90.91,3980.36,0
13574,76.92,3978.80,0
13585,90.91,3975.09,0
13596,90.91,3971.78,0
13607,90.91,3971.93,0
13619,83.33,3981.08,0
13630,90.91,3981.66,0
13642,90.91,3978.46,0
13654,76.92,3974.66,0
13665,90.91,3974.22,0
13676,90.91,3978.29,0
13687,90.91,3973.96,0
13699,83.33,3972.18,0
13710,90.91,3974.86,0
13722,83.33,3981.83,0
13733,90.91,3983.18,0
13745,83.33,3974.51,0
13756,90.91,3971.78,0
13767,90.91,3972.38,0
13778,90.91,3972.38,0
13790,83.33,3972.23,0
13802,83.33,3976.86,0
13813,90.91,3978.68,0
13825,83.33,3980.60,0
13836,90.91,3977.04,0
13847,90.91,3973.24,0
13858,90.91,3974.74,0
13871,76.92,3974.62,0
13882,90.91,3973.19,0
13893,90.91,3981.11,0
13904,90.91,3983.25,0
13916,83.33,3976.71,0
13927,90.91,3973.53,0
13938,90.91,3973.01,0
13950,83.33,3968.76,0
13962,83.33,3968.77,0
13973,90.91,3973.54,0
13984,90.91,3980.08,0
13996,83.33,3982.31,0
14007,90.91,3979.62,0
14019,90.91,3980.41,0
14030,83.33,3978.96,0
14042,83.33,3974.06,0
14053,90.91,3970.96,0
14064,90.91,3973.34,0
14075,90.91,3977.01,0
14087,83.33,3979.13,0
14099,83.33,3974.61,0
14110,90.91,3972.50,0
14121,90.91,3971.46,0
14133,83.33,3972.66,0
14144,90.91,3976.81,0
14155,90.91,3981.67,0
14167,83.33,3982.38,0
14179,83.33,3977.82,0
14190,90.91,3974.13,0
14201,90.91,3973.82,0
14213,83.33,3970.48,0
14224,90.91,3970.46,0
14235,90.91,3969.99,0
14247,90.91,3975.53,0
14259,76.92,3980.48,0
14270,90.91,3980.15,0
14281,90.91,3976.20,0
14292,90.91,3972.85,0
14304,83.33,3974.57,0
14315,90.91,3974.95,0
14327,83.33,3972.40,0
14339,83.33,3973.75,0
14350,90.91,3977.63,0
14361,90.91,3978.07,0
14372,90.91,3976.65,0
14384,83.33,3973.01,0
14395,90.91,3973.82,0
14407,83.33,3974.96,0
14418,90.91,3974.18,0
14430,83.33,3980.62,0
14441,90.91,3982.60,0
14452,90.91,3980.34,0
14464,83.33,3972.97,0
14476,90.91,3968.30,0
14487,83.33,3969.78,0
14498,90.91,3970.44,0
14510,83.33,3972.45,0
14521,90.91,3980.05,0
14532,90.91,3981.53,0
14543,90.91,3977.80,0
14556,76.92,3978.01,0
14567,90.91,3976.56,0
14578,90.91,3974.50,0
14589,90.91,3971.44,0
14601,83.33,3973.24,0
14612,90.91,3978.78,0
14623,90.91,3981.07,0
14636,76.92,3977.88,0
14647,90.91,3975.38,0
14658,90.91,3974.28,0
14669,90.91,3974.35,0
14681,83.33,3972.95,0
14692,90.91,3978.33,0
14704,83.33,3982.31,0
14715,90.91,3980.12,0
14727,83.33,3977.23,0
14738,90.91,3972.33,0
14749,90.91,3971.02,0
14760,90.91,3971.63,0
14772,83.33,3971.48,0
14784,83.33,3974.27,0
14795,90.91,3980.27,0
14807,83.33,3981.17,0
14818,90.91,3977.86,0
14829,90.91,3978.42,0
14840,90.91,3973.13,0
14852,83.33,3969.58,0
14864,83.33,3970.95,0
14875,90.91,3977.49,0
14886,90.91,3980.17,0
14898,83.33,3977.98,0
14909,90.91,3973.36,0
14920,90.91,3969.68,0
14932,83.33,3971.57,0
14944,83.33,3973.12,0
14955,90.91,3970.27,0
14966,90.91,3974.20,0
14978,83.33,3979.86,0
14989,90.91,3981.77,0
15000,90.91,3975.79,0
15012,83.33,3970.47,0
15024,83.33,3968.38,0
15035,90.91,3968.92,0
15046,90.91,3970.37,0
15057,90.91,3974.53,0
15069,83.33,3978.35,0
15081,90.91,3979.59,0
15092,83.33,3978.80,0
15104,83.33,3977.80,0
15115,90.91,3973.19,0
15126,90.91,3969.30,0
15137,90.91,3973.15,0
15149,83.33,3979.61,0
15161,83.33,3979.44,0
15172,90.91,3976.15,0
15183,90.91,3972.92,0
15195,83.33,3973.65,0
15206,90.91,3972.15,0
15217,90.91,3970.15,0
15228,90.91,3973.30,0
15241,76.92,3980.04,0
15252,90.91,3983.05,0
15263,90.91,3979.35,0
15275,83.33,3974.04,0
15286,90.91,3971.90,0
15297,90.91,3972.40,0
15309,90.91,3972.01,0
15321,76.92,3974.68,0
15332,90.91,3981.39,0
15343,90.91,3983.21,0
15354,90.91,3977.30,0
15366,83.33,3975.60,0
15377,90.91,3975.18,0
15389,83.33,3973.21,0
15400,90.91,3974.65,0
15412,83.33,3981.42,0
15423,90.91,3981.97,0
15434,90.91,3979.88,0
15446,83.33,3974.99,0
15457,90.91,3972.46,0
15469,83.33,3973.98,0
15480,90.91,3974.57,0
15492,83.33,3969.73,0
15503,90.91,3974.64,0
15514,90.91,3984.36,0
15525,90.91,3985.33,0
15538,83.33,3978.29,0
15549,83.33,3972.82,0
15560,90.91,3972.27,0
15571,90.91,3971.45,0
15583,83.33,3971.70,0
15594,90.91,3972.38,0
15605,90.91,3977.36,0
15618,76.92,3979.81,0
15629,90.91,3977.80,0
15640,90.91,3976.34,0
15651,90.91,3969.92,0
15663,83.33,3969.41,0
15674,90.91,3973.74,0
15685,90.91,3978.47,0
15697,83.33,3978.41,0
15709,83.33,3971.44,0
15720,90.91,3970.67,0
15731,90.91,3974.04,0
15742,90.91,3974.22,0
15754,83.33,3971.49,0
15766,90.91,3971.34,0
15777,83.33,3980.72,0
15789,83.33,3984.89,0
15800,90.91,3980.23,0
15811,90.91,3970.80,0
15822,90.91,3969.76,0
15834,83.33,3973.01,0
15846,83.33,3971.99,0
15857,90.91,3973.93,0
15868,90.91,3975.93,0
15880,83.33,3981.25,0
15891,90.91,3980.83,0
15902,90.91,3977.52,0
15913,90.91,3974.88,0
15926,76.92,3974.97,0
15937,90.91,3977.23,0
15948,90.91,3977.89,0
15960,83.33,3978.24,0
15971,90.91,3979.40,0
15982,90.91,3976.81,0
15994,90.91,3976.07,0
16006,83.33,3973.93,0
16017,90.91,3972.61,0
16028,90.91,3971.39,0
16039,90.91,3975.72,0
16051,83.33,3983.13,0
16062,90.91,3983.53,0
16074,83.33,3976.94,0
16086,83.33,3973.03,0
16097,90.91,3971.79,0
16108,90.91,3972.55,0
16119,90.91,3973.49,0
16131,83.33,3974.75,0
16142,90.91,3979.66,0
16154,83.33,3981.56,0
16165,90.91,3981.20,0
16177,83.33,3977.43,0
16188,90.91,3971.41,0
16199,90.91,3971.40,0
16210,90.91,3974.24,0
16223,76.92,3979.40,0
16234,90.91,3978.56,0
16245,90.91,3975.37,0
16257,83.33,3974.41,0
16268,90.91,3973.33,0
16279,90.91,3972.46,0
16290,90.91,3968.88,0
16303,76.92,3970.07,0
16314,90.91,3977.10,0
16325,90.91,3983.24,0
16336,90.91,3979.65,0
16348,83.33,3975.49,0
16359,90.91,3974.21,0
16370,90.91,3974.38,0
16382,83.33,3973.64,0
16394,83.33,3971.98,0
16405,90.91,3975.07,0
16416,90.91,3980.15,0
16428,83.33,3981.06,0
16439,90.91,3978.95,0
16451,83.33,3976.49,0
16462,90.91,3975.45,0
16474,83.33,3976.38,0
16485,90.91,3979.00,0
16496,90.91,3978.30,0
16507,90.91,3977.48,0
16519,83.33,3971.63,0
16531,83.33,3969.97,0
16542,90.91,3971.31,0
16553,90.91,3970.26,0
16565,83.33,3967.97,0
16576,90.91,3973.30,0
16587,90.91,3983.78,0
16600,83.33,3984.68,0
16611,83.33,3977.10,0
16622,90.91,3972.11,0
16633,90.91,3973.52,0
16645,83.33,3973.36,0
16656,90.91,3971.92,0
16667,90.91,3974.90,0
16679,83.33,3979.17,0
16691,83.33,3983.18,0
16702,90.91,3982.41,0
16713,90.91,3978.63,0
16724,90.91,3972.98,0
16736,83.33,3972.80,0
16747,90.91,3974.96,0
16759,83.33,3976.82,0
16771,83.33,3976.95,0
16782,90.91,3978.44,0
16793,90.91,3974.79,0
16804,90.91,3974.20,0
16816,83.33,3973.51,0
16828,90.91,3972.62,0
16839,83.33,3972.96,0
16850,90.91,3977.95,0
16862,83.33,3982.02,0
16873,90.91,3979.71,0
16884,90.91,3972.95,0
16896,83.33,3973.43,0
16908,83.33,3973.85,0
16919,90.91,3974.84,0
16930,90.91,3969.34,0
16942,83.33,3974.01,0
16953,90.91,3980.18,0
16964,90.91,3982.38,0
16975,90.91,3976.83,0
16988,76.92,3972.74,0
16999,90.91,3974.87,0
17010,90.91,3973.91,0
17021,90.91,3974.77,0
17033,83.33,3978.42,0
17044,90.91,3980.70,0
17056,90.91,3978.17,0
17068,76.92,3973.36,0
17079,90.91,3974.26,0
17090,90.91,3971.31,0
17101,90.91,3972.70,0
17113,83.33,3975.86,0
17124,90.91,3982.50,0
17136,83.33,3986.13,0
17147,90.91,3979.04,0
17159,83.33,3975.37,0
17170,90.91,3975.62,0
17181,90.91,3972.80,0
17192,90.91,3968.72,0
17204,83.33,3968.95,0
17216,83.33,3974.67,0
17227,90.91,3979.91,0
17239,83.33,3976.58,0
17250,90.91,3973.08,0
17261,90.91,3972.75,0
17272,90.91,3977.04,0
17285,83.33,3982.37,0
17296,83.33,3980.95,0
17307,90.91,3981.02,0
17318,90.91,3981.47,0
17330,83.33,3979.82,0
17341,90.91,3972.60,0
17352,90.91,3970.36,0
17364,83.33,3970.25,0
17376,83.33,3973.77,0
17387,90.91,3978.76,0
17398,90.91,3981.29,0
17410,83.33,3981.48,0
17421,90.91,3979.80,0
17432,90.91,3975.62,0
17444,83.33,3974.32,0
17456,83.33,3973.83,0
17467,90.91,3969.09,0
17478,90.91,3968.20,0
17489,90.91,3976.95,0
17501,83.33,3981.42,0
17513,90.91,3975.45,0
17524,83.33,3972.87,0
17536,83.33,3971.29,0
17547,90.91,3976.47,0
17558,90.91,3976.13,0
17569,90.91,3974.53,0
17581,83.33,3977.86,0
17593,83.33,3979.83,0
17604,90.91,3979.42,0
17615,90.91,3972.68,0
17627,83.33,3966.37,0
17638,90.91,3967.96,0
17649,90.91,3971.80,0
17660,90.91,3977.91,0
17673,76.92,3978.60,0
17684,90.91,3976.65,0
17695,90.91,3976.94,0
17707,83.33,3976.90,0
17718,90.91,3972.95,0
17729,90.91,3969.72,0
17741,83.33,3970.47,0
17753,83.33,3977.37,0
17764,90.91,3981.75,0
17775,90.91,3978.63,0
17786,90.91,3975.56,0
17798,83.33,3975.22,0
17809,90.91,3976.21,0
17821,83.33,3974.22,0
17832,90.91,3972.86,0
17844,83.33,3978.28,0
17855,90.91,3981.90,0
17866,90.91,3982.47,0
17878,83.33,3978.04,0
17889,90.91,3972.19,0
17901,83.33,3970.18,0
17912,90.91,3970.50,0
17924,83.33,3973.49,0
17935,90.91,3977.62,0
17946,90.91,3978.30,0
17957,90.91,3977.50,0
17970,76.92,3976.20,0
17981,90.91,3976.29,0
17992,90.91,3972.70,0
18003,90.91,3971.03,0
18015,83.33,3975.19,0
18026,90.91,3982.78,0
18037,90.91,3982.18,0
18050,76.92,3973.93,0
18061,90.91,3973.09,0
18072,90.91,3973.48,0
18083,90.91,3975.56,0
18095,83.33,3974.07,0
18106,90.91,3971.97,0
18117,90.91,3974.71,0
18129,83.33,3980.94,0
18141,83.33,3979.03,0
18152,90.91,3973.19,0
18163,90.91,3969.95,0
18174,90.91,3971.00,0
18186,83.33,3972.59,0
18198,83.33,3976.10,0
18209,90.91,3979.66,0
18221,83.33,3980.52,0
18232,90.91,3980.09,0
18243,90.91,3976.60,0
18254,90.91,3973.42,0
18266,83.33,3971.43,0
18278,83.33,3971.12,0
18289,90.91,3975.86,0
18300,90.91,3982.62,0
18312,83.33,3978.98,0
18323,90.91,3971.26,0
18334,90.91,3973.10,0
18347,90.91,3976.54,0
18358,76.92,3970.41,0
18369,90.91,3968.47,0
18380,90.91,3976.41,0
18392,83.33,3982.73,0
18403,90.91,3984.66,0
18414,90.91,3977.96,0
18426,83.33,3973.54,0
18438,83.33,3974.43,0
18449,90.91,3978.62,0
18460,90.91,3974.14,0
18471,90.91,3975.47,0
18483,83.33,3978.19,0
18494,90.91,3978.00,0
18506,83.33,3976.42,0
18518,83.33,3975.85,0
18529,90.91,3972.04,0
18540,90.91,3969.24,0
18551,90.91,3975.03,0
18563,83.33,3981.83,0
18575,90.91,3982.77,0
18586,83.33,3976.70,0
18597,90.91,3972.88,0
18609,83.33,3975.96,0
18620,90.91,3976.31,0
18631,90.91,3971.09,0
18642,90.91,3972.00,0
18655,76.92,3982.22,0
18666,90.91,3987.41,0
18677,90.91,3979.30,0
18689,83.33,3971.39,0
18700,90.91,3970.89,0
18711,90.91,3974.01,0
18722,90.91,3970.89,0
18735,76.92,3971.71,0
18746,90.91,3975.30,0
18757,90.91,3979.64,0
18768,90.91,3977.49,0
18780,83.33,3975.30,0
18791,90.91,3971.82,0
18803,90.91,3966.39,0
18814,83.33,3967.66,0
18826,83.33,3977.09,0
18837,90.91,3981.14,0
18848,90.91,3979.63,0
18860,83.33,3974.22,0
18871,90.91,3977.14,0
18883,83.33,3977.65,0
18894,90.91,3976.11,0
18906,83.33,3971.45,0
18917,90.91,3972.89,0
18928,90.91,3981.79,0
18939,90.91,3981.37,0
18951,83.33,3975.67,0
18963,83.33,3969.35,0
18974,90.91,3969.81,0
18985,90.91,3974.16,0
18997,83.33,3977.25,0
19008,90.91,3979.01,0
19019,90.91,3982.01,0
19032,83.33,3985.04,0
19043,83.33,3979.58,0
19054,90.91,3974.37,0
19065,90.91,3971.49,0
19077,83.33,3970.95,0
19088,90.91,3971.83,0
19099,90.91,3977.05,0
19111,83.33,3978.74,0
19123,83.33,3975.25,0
19134,90.91,3972.09,0
19145,90.91,3975.58,0
19156,90.91,3973.40,0
19168,83.33,3970.45,0
19179,90.91,3970.31,0
19191,83.33,3976.74,0
19203,83.33,3982.77,0
19214,90.91,3980.10,0
19225,90.91,3973.85,0
19236,90.91,3971.20,0
19248,83.33,3968.32,0
19260,83.33,3970.19,0
19271,90.91,3970.92,0
19282,90.91,3974.93,0
19294,83.33,3980.50,0
19305,90.91,3979.43,0
19316,90.91,3976.28,0
19328,83.33,3975.77,0
19340,83.33,3972.75,0
19351,90.91,3970.13,0
19362,90.91,3975.31,0
19374,83.33,3981.05,0
19385,90.91,3981.26,0
19396,90.91,3976.95,0
19407,90.91,3975.70,0
19420,76.92,3974.49,0
19431,90.91,3971.84,0
19442,90.91,3970.54,0
19453,90.91,3973.10,0
19465,83.33,3978.44,0
19476,90.91,3980.30,0
19488,83.33,3977.06,0
19500,83.33,3971.36,0
19511,90.91,3972.67,0
19522,90.91,3974.72,0
19533,90.91,3973.05,0
19545,83.33,3976.72,0
19556,90.91,3979.78,0
19568,83.33,3980.88,0
19579,90.91,3974.09,0
19591,83.33,3977.11,0
19602,90.91,3973.12,0
19613,90.91,3969.30,0
19624,90.91,3972.15,0
19637,83.33,3976.29,0
19648,83.33,3978.36,0
19659,90.91,3978.68,0
19671,83.33,3971.95,0
19682,90.91,3970.30,0
19693,90.91,3969.01,0
19704,90.91,3972.10,0
19717,76.92,3970.87,0
19728,90.91,3974.54,0
19739,90.91,3982.23,0
19750,90.91,3978.68,0
19762,83.33,3970.64,0
19773,90.91,3968.21,0
19784,90.91,3972.67,0
19796,83.33,3976.12,0
19808,83.33,3974.32,0
19819,90.91,3978.15,0
19830,90.91,3983.92,0
19842,83.33,3981.33,0
19853,90.91,3977.23,0
19865,90.91,3975.01,0
19876,83.33,3970.29,0
19888,83.33,3968.47,0
19899,90.91,3972.70,0
19910,90.91,3977.38,0
19921,90.91,3978.35,0
19933,83.33,3974.73,0
19945,83.33,3975.33,0
19956,90.91,3975.55,0
19968,83.33,3973.52,0
19979,90.91,3972.54,0
19990,90.91,3972.83,0
20001,90.91,3975.58,0
20013,83.33,3977.37,0
20025,83.33,3976.15,0
20036,90.91,3971.83,0
20047,90.91,3971.42,0
20059,83.33,3972.54,0
20070,90.91,3972.00,0
20081,90.91,3972.35,0
20093,90.91,3980.29,0
20105,76.92,3987.84,0
20116,90.91,3982.42,0
20127,90.91,3976.88,0
20139,83.33,3972.26,0
20150,90.91,3972.42,0
20161,90.91,3971.71,0
20173,83.33,3973.66,0
20185,83.33,3975.89,0
20196,90.91,3977.52,0
20207,90.91,3978.77,0
20218,90.91,3977.71,0
20230,83.33,3977.54,0
20241,90.91,3973.29,0
20253,83.33,3969.74,0
20264,90.91,3973.51,0
20276,83.33,3977.01,0
20287,90.91,3975.54,0
20298,90.91,3975.35,0
20310,83.33,3973.83,0
20322,90.91,3975.43,0
20333,83.33,3974.89,0
20344,90.91,3976.18,0
20356,83.33,3979.29,0
20367,90.91,3979.55,0
20378,90.91,3976.72,0
20389,90.91,3973.41,0
20402,76.92,3973.85,0
20413,90.91,3971.38,0
20424,90.91,3971.37,0
20435,90.91,3972.58,0
20447,83.33,3976.74,0
20458,90.91,3980.84,0
20469,90.91,3979.10,0
20482,76.92,3975.74,0
20493,90.91,3971.75,0
20504,90.91,3972.15,0
20515,90.91,3972.72,0
20527,83.33,3971.26,0
20538,90.91,3972.57,0
20550,83.33,3979.14,0
20561,90.91,3982.99,0
20573,83.33,3977.62,0
20584,90.91,3976.04,0
20595,90.91,3975.13,0
20606,90.91,3975.95,0
20618,83.33,3978.12,0
20630,83.33,3979.25,0
20641,90.91,3981.91,0
20653,83.33,3978.64,0
20664,90.91,3972.98,0
20675,90.91,3971.22,0
20686,90.91,3969.75,0
20699,83.33,3968.87,0
20710,83.33,3973.67,0
20721,90.91,3981.67,0
20732,90.91,3982.01,0
20744,83.33,3975.58,0
20755,90.91,3973.70,0
20766,90.91,3973.94,0
20779,76.92,3972.19,0
20790,90.91,3968.37,0
20801,90.91,3970.97,0
20812,90.91,3975.01,0
20824,83.33,3976.85,0
20835,90.91,3973.78,0
20846,90.91,3971.28,0
20858,83.33,3973.15,0
20870,83.33,3976.48,0
20881,90.91,3976.68,0
20892,90.91,3979.22,0
20903,90.91,3979.73,0
20915,83.33,3977.73,0
20927,90.91,3973.57,0
20938,83.33,3974.40,0
20950,83.33,3973.07,0
20961,90.91,3972.47,0
20972,90.91,3974.80,0
20983,90.91,3977.36,0
20995,83.33,3979.20,0
21007,83.33,3980.27,0
21018,90.91,3977.53,0
21029,90.91,3975.30,0
21041,83.33,3973.62,0
21052,90.91,3973.83,0
21063,90.91,3972.42,0
21074,90.91,3976.56,0
21087,76.92,3980.63,0
21098,90.91,3979.37,0
21109,90.91,3974.68,0
21121,83.33,3972.67,0
21132,90.91,3973.13,0
21143,90.91,3975.88,0
21155,90.91,3974.94,0
21167,76.92,3976.98,0
21178,90.91,3981.01,0
21189,90.91,3983.16,0
21200,90.91,3979.62,0
21212,83.33,3973.55,0
21223,90.91,3972.82,0
21235,83.33,3971.80,0
21246,90.91,3974.23,0
21258,83.33,3978.58,0
21269,90.91,3980.48,0
21280,90.91,3977.48,0
21292,83.33,3976.71,0
21303,90.91,3976.01,0
21315,83.33,3974.91,0
21326,90.91,3969.92,0
21338,83.33,3967.88,0
21349,90.91,3976.61,0
21360,90.91,3982.62,0
21371,90.91,3978.51,0
21384,83.33,3972.94,0
21395,83.33,3973.58,0
21406,90.91,3977.75,0
21417,90.91,3975.46,0
21429,83.33,3972.79,0
21440,90.91,3980.28,0
21451,90.91,3982.14,0
21464,76.92,3980.33,0
21475,90.91,3976.18,0
21486,90.91,3972.04,0
21497,90.91,3970.74,0
21509,83.33,3970.54,0
21520,90.91,3974.18,0
21531,90.91,3978.18,0
21543,83.33,3977.82,0
21555,83.33,3974.45,0
21566,90.91,3975.43,0
21577,90.91,3974.91,0
21588,90.91,3969.62,0
21600,83.33,3967.66,0
21612,83.33,3973.44,0
21623,90.91,3979.58,0
21635,83.33,3977.91,0
21646,90.91,3972.17,0
21657,90.91,3970.90,0
21668,90.91,3974.84,0
21680,83.33,3974.35,0
21692,83.33,3973.18,0
21703,90.91,3976.90,0
21714,90.91,3979.97,0
21726,83.33,3982.20,0
21737,90.91,3974.97,0
21748,90.91,3974.16,0
21760,83.33,3973.75,0
21772,83.33,3974.68,0
21783,90.91,3970.78,0
21794,90.91,3975.74,0
21806,83.33,3981.14,0
21817,90.91,3978.71,0
21828,90.91,3977.08,0
21840,83.33,3975.82,0
21852,83.33,3975.65,0
21863,90.91,3976.38,0
21874,90.91,3973.93,0
21885,90.91,3977.70,0
21897,83.33,3980.97,0
21908,90.91,3976.09,0
21920,83.33,3974.74,0
21932,83.33,3975.05,0
21943,90.91,3972.89,0
21954,90.91,3970.41,0
21965,90.91,3970.46,0
21977,83.33,3976.32,0
21989,90.91,3984.10,0
22000,83.33,3980.94,0
22011,90.91,3974.60,0
22023,83.33,3970.50,0
22034,90.91,3967.90,0
22045,90.91,3969.05,0
22056,90.91,3970.71,0
22069,76.92,3978.84,0
22080,90.91,3980.79,0
22091,90.91,3979.29,0
22103,83.33,3977.43,0
22114,90.91,3974.79,0
22125,90.91,3970.46,0
22136,90.91,3970.26,0
22149,76.92,3974.80,0
22160,90.91,3978.64,0
22171,90.91,3979.82,0
22182,90.91,3974.25,0
22194,83.33,3971.02,0
22205,90.91,3972.53,0
22217,90.91,3970.29,0
22228,83.33,3970.36,0
22240,83.33,3975.90,0
22251,90.91,3982.12,0
22262,90.91,3980.90,0
22274,83.33,3974.32,0
22285,90.91,3972.87,0
22297,83.33,3974.87,0
22308,90.91,3975.14,0
22320,83.33,3973.19,0
22331,90.91,3975.18,0
22342,90.91,3983.42,0
22353,90.91,3983.08,0
22365,83.33,3977.08,0
22377,83.33,3974.63,0
22388,90.91,3971.94,0
22400,83.33,3973.96,0
22411,90.91,3974.82,0
22422,90.91,3975.81,0
22433,90.91,3976.66,0
22446,83.33,3974.69,0
22457,83.33,3974.26,0
22468,90.91,3975.85,0
22479,90.91,3970.29,0
22491,83.33,3968.64,0
22502,90.91,3971.70,0
22513,90.91,3978.09,0
22525,83.33,3981.61,0
22537,83.33,3978.59,0
22548,90.91,3975.72,0
22559,90.91,3974.81,0
22571,83.33,3973.34,0
22582,90.91,3972.11,0
22593,90.91,3971.13,0
22605,83.33,3977.21,0
22617,83.33,3982.30,0
22628,90.91,3980.11,0
22639,90.91,3974.13,0
22650,90.91,3972.56,0
22662,83.33,3971.30,0
22674,90.91,3970.29,0
22685,83.33,3970.25,0
22696,90.91,3976.54,0
22708,83.33,3978.04,0
22719,90.91,3977.79,0
22730,90.91,3976.59,0
22742,83.33,3975.26,0
22754,83.33,3974.83,0
22765,90.91,3972.42,0
22776,90.91,3975.42,0
22788,83.33,3981.59,0
22799,90.91,3979.06,0
22810,90.91,3976.77,0
22821,90.91,3975.55,0
22834,76.92,3970.30,0
22845,90.91,3972.46,0
22856,90.91,3972.62,0
22867,90.91,3974.05,0
22879,83.33,3978.50,0
22890,90.91,3981.16,0
22902,83.33,3978.64,0
22914,83.33,3979.68,0
22925,90.91,3977.85,0
22936,90.91,3974.05,0
22947,90.91,3969.48,0
22959,83.33,3974.72,0
22970,90.91,3980.88,0
22982,83.33,3980.76,0
22993,90.91,3972.79,0
23005,83.33,3971.09,0
23016,90.91,3973.69,0
23027,90.91,3979.06,0
23038,90.91,3976.82,0
23050,83.33,3974.26,0
23062,83.33,3978.38,0
23073,90.91,3979.62,0
23085,83.33,3976.31,0
23096,90.91,3973.81,0
23107,90.91,3971.61,0
23118,90.91,3971.47,0
23131,76.92,3973.43,0
23142,90.91,3978.33,0
23153,90.91,3980.02,0
23164,90.91,3978.94,0
23176,83.33,3978.00,0
23187,90.91,3978.18,0
23198,90.91,3977.42,0
23211,76.92,3972.40,0
23222,90.91,3969.80,0
23233,90.91,3979.67,0
23244,90.91,3984.69,0
23256,83.33,3982.43,0
23267,90.91,3977.96,0
23279,90.91,3974.20,0
23290,83.33,3977.40,0
23302,83.33,3975.42,0
23313,90.91,3972.34,0
23324,90.91,3976.39,0
23335,90.91,3982.65,0
23347,83.33,3981.68,0
23359,83.33,3976.73,0
23370,90.91,3970.56,0
23382,83.33,3969.76,0
23393,90.91,3972.77,0
23404,90.91,3976.93,0
23415,90.91,3979.73,0
23427,83.33,3980.43,0
23439,83.33,3977.97,0
23450,90.91,3978.05,0
23461,90.91,3975.57,0
23473,83.33,3971.96,0
23484,90.91,3970.48,0
23495,90.91,3975.34,0
23507,90.91,3984.41,0
23519,76.92,3982.05,0
23530,90.91,3974.80,0
23541,90.91,3975.31,0
23553,83.33,3974.76,0
23564,90.91,3976.24,0
23575,90.91,3974.11,0
23587,83.33,3975.26,0
23599,83.33,3978.08,0
23610,90.91,3981.95,0
23621,90.91,3981.61,0
23632,90.91,3973.48,0
23644,83.33,3967.79,0
23655,90.91,3971.23,0
23667,83.33,3973.43,0
23678,90.91,3979.21,0
23690,83.33,3979.75,0
23701,90.91,3981.34,0
23712,90.91,3979.87,0
23724,83.33,3979.18,0
23736,90.91,3974.57,0
23747,83.33,3970.84,0
23758,90.91,3973.19,0
23770,83.33,3977.35,0
23781,90.91,3979.13,0
23792,90.91,3977.31,0
23803,90.91,3971.16,0
23816,76.92,3973.59,0
23827,90.91,3977.22,0
23838,90.91,3976.50,0
23849,90.91,3973.65,0
23861,83.33,3972.71,0
23872,90.91,3982.08,0
23883,90.91,3985.13,0
23896,76.92,3975.46,0
23907,90.91,3969.81,0
23918,90.91,3971.42,0
23929,90.91,3976.65,0
23941,83.33,3979.12,0
23952,90.91,3980.97,0
23964,90.91,3980.29,0
23975,83.33,3979.02,0
23987,83.33,3977.15,0
23998,90.91,3975.86,0
24009,90.91,3972.22,0
24020,90.91,3972.27,0
24032,83.33,3974.48,0
24044,83.33,3981.38,0
24055,90.91,3983.30,0
24067,83.33,3976.07,0
24078,90.91,3975.22,0
24089,90.91,3978.32,0
24100,90.91,3977.80,0
24112,83.33,3972.36,0
24124,83.33,3975.20,0
24135,90.91,3979.83,0
24146,90.91,3988.00,0
24158,83.33,3982.13,0
24169,90.91,3973.01,0
24180,90.91,3971.08,0
24193,83.33,3975.02,0
24204,83.33,3975.18,0
24215,90.91,3979.37,0
24226,90.91,3981.74,0
24238,83.33,3982.54,0
24249,90.91,3979.06,0
24260,90.91,3975.75,0
24272,83.33,3976.07,0
24284,83.33,3973.51,0
24295,90.91,3970.99,0
24306,90.91,3978.33,0
24317,90.91,3986.28,0
24329,83.33,3981.48,0
24340,90.91,3975.67,0
24352,83.33,3977.59,0
24364,83.33,3978.65,0
24375,90.91,3976.50,0
24386,90.91,3973.41,0
24397,90.91,3976.62,0
24409,83.33,3983.12,0
24421,90.91,3985.89,0
24432,83.33,3979.67,0
24443,90.91,3972.72,0
24455,83.33,3974.17,0
24466,90.91,3975.11,0
24477,90.91,3976.68,0
24488,90.91,3978.61,0
24501,76.92,3979.70,0
24512,90.91,3979.13,0
24523,90.91,3978.41,0
24535,83.33,3975.30,0
24546,90.91,3972.68,0
24557,90.91,3971.36,0
24568,90.91,3973.96,0
24581,76.92,3980.82,0
24592,90.91,3984.00,0
24603,90.91,3977.66,0
24614,90.91,3975.68,0
24626,83.33,3975.94,0
24637,90.91,3975.68,0
24649,90.91,3973.32,0
24660,83.33,3971.99,0
24672,83.33,3977.17,0
24683,90.91,3983.72,0
24694,90.91,3982.39,0
24706,83.33,3976.35,0
24717,90.91,3976.04,0
24729,83.33,3974.72,0
24740,90.91,3972.89,0
24752,83.33,3976.01,0
24763,90.91,3975.97,0
24774,90.91,3978.45,0
24785,90.91,3977.53,0
24797,83.33,3974.28,0
24809,83.33,3972.38,0
24820,90.91,3970.44,0
24832,83.33,3970.16,0
24843,90.91,3974.79,0
24854,90.91,3979.52,0
24865,90.91,3980.83,0
24878,83.33,3977.32,0
24889,83.33,3978.11,0
24900,90.91,3976.69,0
24911,90.91,3973.21,0
24923,83.33,3971.41,0
24934,90.91,3978.83,0
24945,90.91,3987.03,0
24957,83.33,3983.40,0
24969,83.33,3977.60,0
24980,90.91,3975.35,0
24991,90.91,3975.28,0
25003,83.33,3974.48,0
25014,90.91,3970.95,0
25025,90.91,3972.39,0
25037,83.33,3979.93,0
25049,83.33,3983.32,0
25060,90.91,3978.96,0
25071,90.91,3974.51,0
25082,90.91,3970.38,0
