66,15.15,693.69,0
77,90.91,616.79,0
89,83.33,529.72,0
100,90.91,535.30,0
111,90.91,637.60,0
123,83.33,699.46,0
135,83.33,642.59,0
146,90.91,548.56,0
157,90.91,518.26,0
168,90.91,600.14,0
180,83.33,691.95,0
192,83.33,669.96,0
203,90.91,571.43,0
215,83.33,512.88,0
226,90.91,570.28,0
237,90.91,676.23,0
248,90.91,694.70,0
261,76.92,607.45,0
272,90.91,518.21,0
283,90.91,535.30,0
294,90.91,646.51,0
306,83.33,705.39,0
317,90.91,638.71,0
329,83.33,539.61,0
340,90.91,513.15,0
352,83.33,605.28,0
363,90.91,699.90,0
374,90.91,671.10,0
386,83.33,568.58,0
398,83.33,510.70,0
409,90.91,569.29,0
420,90.91,682.98,0
432,83.33,698.86,0
443,90.91,606.22,0
455,90.91,515.42,0
466,83.33,535.90,0
478,83.33,650.12,0
489,90.91,705.19,0
500,90.91,637.57,0
512,83.33,534.34,0
524,90.91,511.98,0
535,83.33,609.59,0
546,90.91,706.59,0
558,83.33,672.54,0
569,90.91,567.52,0
580,90.91,512.73,0
592,90.91,574.04,0
604,76.92,680.85,0
615,90.91,687.31,0
626,90.91,595.57,0
637,90.91,513.05,0
649,83.33,542.69,0
661,83.33,657.68,0
672,90.91,702.14,0
684,83.33,629.67,0
695,90.91,532.71,0
706,90.91,521.07,0
717,90.91,620.24,0
730,76.92,704.17,0
741,90.91,659.08,0
752,90.91,557.88,0
763,90.91,513.34,0
775,83.33,581.50,0
786,90.91,687.06,0
798,83.33,685.60,0
809,90.91,587.71,0
821,83.33,509.14,0
832,90.91,550.39,0
843,90.91,666.17,0
855,83.33,703.71,0
867,83.33,621.05,0
878,90.91,529.54,0
889,90.91,526.21,0
901,83.33,629.66,0
912,90.91,709.47,0
923,90.91,655.91,0
935,83.33,547.74,0
947,83.33,513.27,0
958,90.91,591.77,0
969,90.91,690.57,0
980,90.91,677.50,0
992,83.33,578.94,0
1004,83.33,507.01,0
1015,90.91,553.15,0
1027,83.33,671.66,0
1038,90.91,700.24,0
1049,90.91,612.15,0
1060,90.91,519.49,0
1073,76.92,528.28,0
1084,90.91,636.65,0
1095,90.91,708.42,0
1106,90.91,652.86,0
1118,83.33,543.13,0
1129,90.91,508.84,0
1141,83.33,598.06,0
1153,83.33,699.19,0
1164,90.91,678.77,0
1175,90.91,575.69,0
1186,90.91,509.02,0
1199,83.33,561.78,0
1210,83.33,676.98,0
1221,90.91,700.52,0
1232,90.91,608.36,0
1244,83.33,517.66,0
1255,90.91,532.83,0
1267,90.91,643.05,0
1278,83.33,706.18,0
1290,83.33,643.68,0
1301,90.91,537.91,0
1312,90.91,511.00,0
1324,83.33,606.96,0
1336,83.33,703.62,0
1347,90.91,675.07,0
1358,90.91,570.77,0
1370,83.33,508.51,0
1381,90.91,569.19,0
1392,90.91,681.03,0
1404,83.33,693.22,0
1416,83.33,602.34,0
1427,90.91,514.81,0
1438,90.91,533.09,0
1449,90.91,649.11,0
1461,83.33,706.14,0
1473,83.33,637.68,0
1484,90.91,534.66,0
1496,83.33,515.75,0
1507,90.91,611.06,0
1518,90.91,703.37,0
1529,90.91,672.08,0
1542,76.92,564.46,0
1553,90.91,505.32,0
1564,90.91,574.10,0
1575,90.91,687.93,0
1587,83.33,695.19,0
1598,90.91,594.58,0
1610,83.33,511.53,0
1622,83.33,538.31,0
1633,90.91,651.72,0
1644,90.91,705.46,0
1655,90.91,635.61,0
1667,83.33,534.41,0
1679,83.33,517.59,0
1690,90.91,617.88,0
1701,90.91,705.49,0
1713,83.33,666.95,0
1724,90.91,556.42,0
1735,90.91,503.82,0
1747,83.33,577.15,0
1759,83.33,686.14,0
1770,90.91,686.83,0
1781,90.91,591.94,0
1793,83.33,513.00,0
1804,90.91,547.29,0
1816,83.33,661.38,0
1827,90.91,702.68,0
1839,83.33,623.99,0
1850,90.91,529.81,0
1861,90.91,528.93,0
1873,90.91,630.33,0
1885,76.92,701.86,0
1896,90.91,652.09,0
1907,90.91,549.98,0
1918,90.91,508.33,0
1930,83.33,587.38,0
1942,90.91,694.17,0
1953,83.33,681.09,0
1965,83.33,579.43,0
1976,90.91,512.63,0
1987,90.91,560.50,0
1998,90.91,670.29,0
2011,83.33,698.41,0
2022,83.33,616.91,0
2033,90.91,525.59,0
2044,90.91,530.81,0
2056,83.33,636.79,0
2067,90.91,700.59,0
2079,83.33,643.04,0
2091,83.33,545.12,0
2102,90.91,516.37,0
2113,90.91,598.58,0
2124,90.91,694.68,0
2136,83.33,675.47,0
2148,83.33,571.79,0
2159,90.91,510.18,0
2170,90.91,569.11,0
2182,83.33,679.80,0
2193,90.91,694.93,0
2204,90.91,606.48,0
2216,83.33,520.89,0
2228,83.33,536.36,0
2239,90.91,645.48,0
2250,90.91,702.94,0
2262,83.33,633.86,0
2273,90.91,536.37,0
2285,83.33,524.30,0
2296,90.91,617.84,0
2308,83.33,701.09,0
2319,90.91,660.06,0
2330,90.91,558.16,0
2341,90.91,510.75,0
2354,76.92,578.67,0
2365,90.91,687.17,0
2376,90.91,688.70,0
2387,90.91,589.41,0
2399,83.33,515.98,0
2410,90.91,548.81,0
2422,83.33,660.16,0
2434,83.33,707.81,0
2445,90.91,630.38,0
2456,90.91,532.13,0
2467,90.91,521.13,0
2479,83.33,621.69,0
2491,83.33,707.67,0
2502,90.91,663.82,0
2513,90.91,552.64,0
2525,83.33,505.09,0
2536,90.91,582.59,0
2547,90.91,692.67,0
2560,76.92,687.36,0
2571,90.91,584.32,0
2582,90.91,507.04,0
2593,90.91,545.65,0
2605,83.33,665.28,0
2617,90.91,709.05,0
2628,83.33,624.02,0
2639,90.91,521.29,0
2651,83.33,521.56,0
2662,90.91,632.33,0
2673,90.91,707.76,0
2685,90.91,659.02,0
2697,76.92,551.14,0
2708,90.91,501.09,0
2719,90.91,581.48,0
2731,83.33,695.33,0
2742,90.91,691.06,0
2754,90.91,583.67,0
2765,90.91,507.29,0
2777,83.33,549.03,0
2788,90.91,668.44,0
2799,90.91,710.00,0
2810,90.91,625.81,0
2823,76.92,522.74,0
2834,90.91,516.98,0
2845,90.91,626.22,0
2856,90.91,709.07,0
2868,83.33,655.76,0
2879,90.91,547.75,0
2891,83.33,504.46,0
2903,83.33,585.78,0
2914,90.91,695.97,0
2925,90.91,688.10,0
2936,90.91,582.25,0
2948,83.33,508.97,0
2960,83.33,553.81,0
2971,90.91,664.80,0
2982,90.91,698.84,0
2994,83.33,618.97,0
3005,90.91,522.77,0
3016,90.91,527.71,0
3028,83.33,632.77,0
3040,83.33,700.95,0
3051,90.91,647.95,0
3062,90.91,549.49,0
3074,83.33,517.00,0
3085,90.91,599.33,0
3097,83.33,695.79,0
3108,90.91,675.54,0
3120,83.33,575.63,0
3131,90.91,513.76,0
3142,90.91,568.98,0
3153,90.91,673.98,0
3166,76.92,685.90,0
3177,90.91,602.43,0
3188,90.91,523.68,0
3200,83.33,540.43,0
3211,90.91,647.94,0
3222,90.91,701.52,0
3234,83.33,633.18,0
3246,83.33,534.43,0
3257,90.91,521.19,0
3268,90.91,616.86,0
3279,90.91,699.93,0
3291,83.33,664.19,0
3303,83.33,561.29,0
3314,90.91,511.61,0
3325,90.91,581.62,0
3337,83.33,684.93,0
3348,90.91,682.45,0
3360,90.91,590.19,0
3372,76.92,516.97,0
3383,90.91,549.07,0
3394,90.91,661.60,0
3405,90.91,705.81,0
3417,83.33,625.06,0
3429,90.91,527.54,0
3440,83.33,523.83,0
3451,90.91,627.57,0
3463,83.33,703.65,0
3474,90.91,657.58,0
3485,90.91,547.72,0
3497,83.33,504.12,0
3509,83.33,583.64,0
3520,90.91,696.24,0
3531,90.91,685.10,0
3543,83.33,583.95,0
3554,90.91,511.84,0
3566,83.33,554.34,0
3577,90.91,668.46,0
3589,83.33,709.08,0
3600,90.91,622.02,0
3611,90.91,520.72,0
3622,90.91,523.10,0
3635,76.92,634.05,0
3646,90.91,703.67,0
3657,90.91,647.65,0
3668,90.91,544.82,0
3680,83.33,511.48,0
3691,90.91,596.42,0
3703,83.33,699.78,0
3715,83.33,681.89,0
3726,90.91,576.92,0
3737,90.91,511.08,0
3748,90.91,560.25,0
3760,83.33,671.70,0
3772,83.33,697.39,0
3783,90.91,610.73,0
3794,90.91,516.73,0
3806,83.33,528.31,0
3817,90.91,641.19,0
3828,90.91,705.45,0
3841,76.92,644.81,0
3852,90.91,541.71,0
3863,90.91,514.78,0
3874,90.91,602.62,0
3886,83.33,703.11,0
3897,90.91,677.37,0
3909,83.33,567.93,0
3920,90.91,507.77,0
3932,83.33,569.86,0
3943,90.91,680.84,0
3954,90.91,691.72,0
3965,90.91,598.58,0
3978,76.92,512.09,0
3989,90.91,528.73,0
4000,90.91,649.77,0
4012,83.33,709.03,0
4023,90.91,635.27,0
4034,90.91,533.26,0
4046,83.33,512.80,0
4058,83.33,610.67,0
4069,90.91,704.51,0
4080,90.91,670.18,0
4091,90.91,559.32,0
4103,83.33,505.65,0
4115,83.33,574.99,0
4126,90.91,685.60,0
4137,90.91,694.09,0
4149,83.33,596.02,0
4160,90.91,512.47,0
4172,90.91,541.60,0
4184,76.92,657.11,0
4195,90.91,702.83,0
4206,90.91,626.23,0
4217,90.91,531.37,0
4229,83.33,522.95,0
4241,90.91,620.05,0
4252,83.33,701.60,0
4263,90.91,666.53,0
4275,83.33,558.38,0
4286,90.91,511.56,0
4297,90.91,583.61,0
4310,76.92,682.47,0
4321,90.91,680.59,0
4332,90.91,591.17,0
4343,90.91,517.89,0
4355,83.33,553.28,0
4366,90.91,661.58,0
4378,83.33,697.78,0
4389,90.91,616.44,0
4401,83.33,528.05,0
4412,90.91,532.58,0
4423,90.91,628.43,0
4434,90.91,694.10,0
4447,76.92,645.60,0
4458,90.91,551.89,0
4469,90.91,525.36,0
4481,83.33,608.46,0
4492,90.91,690.74,0
4503,90.91,665.83,0
4515,83.33,572.87,0
4527,83.33,518.99,0
4538,90.91,575.44,0
4549,90.91,677.99,0
4560,90.91,685.37,0
4572,83.33,591.63,0
4584,83.33,520.54,0
4595,90.91,549.71,0
4606,90.91,658.13,0
4618,83.33,702.36,0
4629,90.91,624.86,0
4640,90.91,523.86,0
4653,76.92,521.14,0
4664,90.91,628.31,0
4675,90.91,705.54,0
4686,90.91,658.52,0
4698,83.33,554.53,0
4709,90.91,506.85,0
4721,83.33,582.07,0
4732,90.91,695.64,0
4744,83.33,688.79,0
4755,90.91,583.11,0
4766,90.91,504.92,0
4777,90.91,546.05,0
4790,76.92,670.45,0
4801,90.91,714.69,0
4812,90.91,626.54,0
4824,83.33,520.76,0
4835,90.91,521.00,0
4846,90.91,632.56,0
4858,83.33,713.91,0
4870,83.33,661.41,0
4881,90.91,548.65,0
4892,90.91,500.11,0
4903,90.91,585.99,0
4915,83.33,702.53,0
4927,83.33,690.17,0
4938,90.91,581.95,0
4950,83.33,503.39,0
4961,90.91,538.74,0
4972,90.91,665.64,0
4984,90.91,715.85,0
4996,76.92,626.63,0
5007,90.91,517.42,0
5018,90.91,514.99,0
5029,90.91,630.65,0
5041,83.33,711.74,0
5053,90.91,661.17,0
5064,83.33,550.11,0
5075,90.91,497.55,0
5087,83.33,579.08,0
5098,90.91,697.52,0
5109,90.91,692.17,0
5122,83.33,587.05,0
5133,90.91,506.78,0
5144,90.91,543.02,0
5155,90.91,664.84,0
5167,83.33,708.17,0
5178,90.91,626.53,0
5190,83.33,523.71,0
5201,90.91,522.93,0
5213,83.33,628.10,0
5224,90.91,704.14,0
5235,90.91,657.60,0
5246,90.91,554.29,0
5259,76.92,513.10,0
5270,90.91,591.78,0
5281,90.91,691.43,0
5293,83.33,674.66,0
5304,90.91,578.74,0
5315,90.91,517.62,0
5327,83.33,563.14,0
5339,83.33,667.70,0
5350,90.91,692.94,0
5361,90.91,608.44,0
5372,90.91,522.51,0
5384,83.33,539.07,0
5396,83.33,643.00,0
5407,90.91,698.91,0
5419,83.33,636.22,0
5430,90.91,541.44,0
5441,90.91,520.43,0
5452,90.91,609.41,0
5465,76.92,696.27,0
5476,90.91,662.91,0
5487,90.91,566.03,0
5498,90.91,519.66,0
5510,83.33,581.30,0
5521,90.91,680.65,0
5533,83.33,682.81,0
5544,90.91,596.51,0
5556,83.33,518.78,0
5567,90.91,546.16,0
5578,90.91,657.35,0
5590,83.33,696.76,0
5602,83.33,621.16,0
5613,90.91,531.75,0
5624,90.91,526.29,0
5636,83.33,628.81,0
5647,90.91,704.06,0
5658,90.91,653.38,0
5670,83.33,551.39,0
5682,83.33,513.13,0
5693,90.91,593.97,0
5704,90.91,692.17,0
5715,90.91,677.69,0
5727,83.33,582.90,0
5739,83.33,513.77,0
5750,90.91,560.62,0
5762,83.33,668.99,0
5773,90.91,697.67,0
5784,90.91,616.88,0
5795,90.91,526.25,0
5808,76.92,531.85,0
5819,90.91,639.29,0
5830,90.91,711.39,0
5841,90.91,648.69,0
5853,83.33,540.54,0
5865,90.91,511.12,0
5876,83.33,598.52,0
5888,83.33,700.54,0
5899,90.91,680.98,0
5910,90.91,575.30,0
5921,90.91,502.71,0
5934,83.33,552.42,0
5945,83.33,675.60,0
5956,90.91,702.82,0
5967,90.91,608.02,0
5979,83.33,514.76,0
5990,90.91,523.68,0
6002,90.91,638.27,0
6013,83.33,715.23,0
6025,83.33,653.51,0
6036,90.91,537.04,0
6047,90.91,499.94,0
6059,83.33,598.00,0
6071,83.33,703.45,0
6082,90.91,680.88,0
6093,90.91,571.18,0
6105,83.33,501.13,0
6116,90.91,551.25,0
6127,90.91,677.88,0
6139,83.33,706.90,0
6151,83.33,612.27,0
6162,90.91,515.52,0
6173,90.91,525.83,0
6184,90.91,638.11,0
6196,83.33,706.31,0
6208,83.33,647.35,0
6219,90.91,538.09,0
6231,83.33,507.29,0
6242,90.91,602.84,0
6253,90.91,698.40,0
6264,90.91,674.56,0
6277,76.92,571.54,0
6288,90.91,511.09,0
6299,90.91,565.72,0
6310,90.91,676.80,0
6322,83.33,696.98,0
6333,90.91,602.47,0
6345,83.33,514.55,0
6356,90.91,539.24,0
6368,83.33,650.15,0
6379,90.91,698.63,0
6390,90.91,630.13,0
6402,83.33,535.05,0
6414,83.33,524.04,0
6425,90.91,621.61,0
6436,90.91,699.36,0
6448,83.33,657.81,0
6459,90.91,554.08,0
6470,90.91,512.27,0
6482,83.33,585.09,0
6494,83.33,685.50,0
6505,90.91,679.16,0
6516,90.91,584.44,0
6528,83.33,512.83,0
6539,90.91,550.20,0
6551,83.33,664.26,0
6562,90.91,699.19,0
6574,83.33,621.19,0
6585,90.91,527.88,0
6596,90.91,526.98,0
6607,90.91,632.83,0
6620,76.92,708.64,0
6631,90.91,652.79,0
6642,90.91,547.50,0
6653,90.91,509.92,0
6665,83.33,592.41,0
6676,90.91,689.89,0
6688,83.33,679.10,0
6700,83.33,579.34,0
6711,90.91,507.24,0
6722,90.91,557.25,0
6733,90.91,676.09,0
6746,83.33,700.48,0
6757,83.33,611.30,0
6768,90.91,522.86,0
6779,90.91,528.25,0
6791,83.33,638.66,0
6802,90.91,710.51,0
6814,90.91,648.28,0
6825,83.33,538.75,0
6837,83.33,507.18,0
6848,90.91,602.12,0
6859,90.91,702.68,0
6871,83.33,679.04,0
6883,83.33,575.23,0
6894,90.91,504.94,0
6905,90.91,558.77,0
6917,83.33,677.48,0
6928,90.91,700.46,0
6939,90.91,609.98,0
6951,83.33,519.44,0
6963,83.33,527.58,0
6974,90.91,642.81,0
6985,90.91,709.12,0
6996,90.91,643.60,0
7008,83.33,541.25,0
7020,83.33,513.55,0
7031,90.91,600.25,0
7043,83.33,698.22,0
7054,90.91,679.80,0
7065,90.91,578.33,0
7076,90.91,510.22,0
7089,76.92,564.61,0
7100,90.91,677.87,0
7111,90.91,693.17,0
7122,90.91,606.47,0
7134,83.33,523.25,0
7145,90.91,534.30,0
7157,83.33,641.59,0
7169,83.33,700.17,0
7180,90.91,638.22,0
7191,90.91,538.18,0
7202,90.91,515.74,0
7214,83.33,606.95,0
7226,83.33,699.38,0
7237,90.91,670.35,0
7248,90.91,568.69,0
7260,83.33,512.46,0
7271,90.91,572.23,0
7282,90.91,680.55,0
7294,83.33,691.21,0
7306,83.33,597.00,0
7317,90.91,514.13,0
7328,90.91,538.50,0
7340,83.33,653.57,0
7351,90.91,703.33,0
7363,83.33,631.03,0
7374,90.91,533.65,0
7386,83.33,521.13,0
7397,90.91,618.02,0
7408,90.91,701.66,0
7420,90.91,663.62,0
7432,76.92,560.03,0
7443,90.91,508.91,0
7454,90.91,577.66,0
7465,90.91,688.78,0
7477,83.33,693.97,0
7489,90.91,598.25,0
7500,83.33,509.55,0
7512,83.33,537.48,0
7523,90.91,657.38,0
7534,90.91,707.69,0
7545,90.91,631.02,0
7558,83.33,531.25,0
7569,83.33,520.24,0
7580,90.91,621.96,0
7591,90.91,710.03,0
7603,83.33,666.27,0
7614,90.91,556.28,0
7626,83.33,505.18,0
7638,83.33,579.49,0
7649,90.91,690.44,0
7660,90.91,691.17,0
7671,90.91,591.15,0
7683,83.33,513.30,0
7695,83.33,547.88,0
7706,90.91,663.86,0
7717,90.91,705.46,0
7729,83.33,624.73,0
7740,90.91,525.74,0
7751,90.91,524.34,0
7763,83.33,626.11,0
7775,83.33,704.27,0
7786,90.91,657.16,0
7797,90.91,550.96,0
7809,83.33,512.92,0
7820,90.91,590.90,0
7832,83.33,691.32,0
7843,90.91,680.87,0
7855,83.33,582.42,0
7866,90.91,515.03,0
7877,90.91,556.85,0
7888,90.91,669.67,0
7901,76.92,697.33,0
7912,90.91,608.87,0
7923,90.91,522.08,0
7934,90.91,529.26,0
7946,83.33,631.79,0
7957,90.91,702.06,0
7969,83.33,646.29,0
7981,83.33,543.50,0
7992,90.91,512.12,0
8003,90.91,602.52,0
8014,90.91,699.81,0
8026,83.33,677.43,0
8038,83.33,576.83,0
8049,90.91,511.80,0
8060,90.91,562.87,0
8072,83.33,677.93,0
8083,90.91,700.21,0
8094,90.91,607.69,0
8107,76.92,513.63,0
8118,90.91,526.08,0
8129,90.91,637.16,0
8140,90.91,706.94,0
8152,83.33,650.33,0
8164,90.91,544.50,0
8175,83.33,508.75,0
8186,90.91,600.02,0
8198,83.33,702.44,0
8209,90.91,682.42,0
8220,90.91,574.36,0
8232,90.91,504.89,0
8244,76.92,561.17,0
8255,90.91,677.20,0
8266,90.91,697.37,0
8278,83.33,608.37,0
8289,90.91,513.94,0
8301,83.33,530.57,0
8312,90.91,643.09,0
8324,83.33,704.91,0
8335,90.91,641.45,0
8346,90.91,539.94,0
8357,90.91,512.46,0
8370,76.92,607.15,0
8381,90.91,701.48,0
8392,90.91,671.52,0
8403,90.91,567.64,0
8415,83.33,507.97,0
8426,90.91,568.37,0
8438,83.33,681.27,0
8450,83.33,692.33,0
8461,90.91,598.86,0
8472,90.91,515.19,0
8483,90.91,536.83,0
8495,83.33,651.30,0
8507,83.33,705.94,0
8518,90.91,638.83,0
8529,90.91,538.05,0
8541,83.33,515.68,0
8552,90.91,610.90,0
8563,90.91,707.27,0
8576,76.92,671.49,0
8587,90.91,561.29,0
8598,90.91,501.60,0
8609,90.91,566.44,0
8621,83.33,681.78,0
8632,90.91,698.91,0
8644,83.33,603.54,0
8655,90.91,514.83,0
8667,83.33,535.41,0
8678,90.91,652.14,0
8689,90.91,707.33,0
8700,90.91,641.59,0
8713,76.92,538.51,0
8724,90.91,513.81,0
8735,90.91,610.35,0
8747,83.33,705.58,0
8758,90.91,668.52,0
8769,90.91,564.82,0
8781,83.33,511.97,0
8793,83.33,572.51,0
8804,90.91,686.36,0
8815,90.91,693.81,0
8826,90.91,598.99,0
8838,83.33,517.98,0
8850,83.33,541.77,0
8861,90.91,652.83,0
8872,90.91,700.39,0
8884,83.33,628.29,0
8895,90.91,531.46,0
8907,90.91,519.19,0
8919,76.92,614.18,0
8930,90.91,696.58,0
8941,90.91,657.08,0
8952,90.91,558.82,0
8964,83.33,511.72,0
8976,90.91,581.81,0
8987,83.33,685.61,0
8998,90.91,685.79,0
9010,83.33,591.41,0
9021,90.91,514.04,0
9032,90.91,547.88,0
9044,83.33,661.00,0
9056,83.33,700.21,0
9067,90.91,622.39,0
9078,90.91,527.91,0
9090,83.33,524.19,0
9101,90.91,627.47,0
9113,83.33,705.20,0
9124,90.91,657.50,0
9136,83.33,552.78,0
9147,90.91,511.02,0
9158,90.91,591.36,0
9169,90.91,695.03,0
9182,76.92,684.26,0
9193,90.91,581.51,0
9204,90.91,506.91,0
9216,83.33,549.49,0
9227,90.91,666.00,0
9238,90.91,703.06,0
9250,83.33,617.95,0
9262,83.33,518.53,0
9273,90.91,521.42,0
9284,90.91,629.85,0
9295,90.91,706.07,0
9307,83.33,657.19,0
9319,83.33,551.16,0
9330,90.91,510.07,0
9341,90.91,591.07,0
9353,83.33,696.23,0
9364,90.91,686.08,0
9375,90.91,583.71,0
9388,76.92,511.26,0
9399,90.91,551.92,0
9410,90.91,670.27,0
9421,90.91,700.16,0
9433,83.33,614.88,0
9444,90.91,521.77,0
9456,83.33,524.34,0
9467,90.91,636.79,0
9479,83.33,710.64,0
9490,90.91,652.64,0
9501,90.91,544.49,0
9512,90.91,508.31,0
9525,76.92,596.16,0
9536,90.91,695.14,0
9547,90.91,674.57,0
9559,83.33,577.80,0
9570,90.91,512.77,0
9582,90.91,564.48,0
9593,83.33,674.69,0
9605,83.33,696.20,0
9616,90.91,610.90,0
9627,90.91,521.35,0
9638,90.91,532.76,0
9651,83.33,640.24,0
9662,83.33,704.22,0
9673,90.91,643.80,0
9684,90.91,540.08,0
9696,83.33,511.14,0
9707,90.91,605.05,0
9719,90.91,697.29,0
9731,83.33,673.25,0
9742,90.91,573.95,0
9753,90.91,508.43,0
9764,90.91,564.87,0
9776,83.33,680.39,0
9788,83.33,696.59,0
9799,90.91,602.34,0
9810,90.91,521.78,0
9822,83.33,544.82,0
9833,90.91,649.02,0
9844,90.91,706.07,0
9857,76.92,636.35,0
9868,90.91,534.22,0
9879,90.91,515.57,0
9890,90.91,613.74,0
9902,83.33,701.37,0
9913,90.91,667.75,0
9925,83.33,565.35,0
9936,90.91,507.94,0
9948,83.33,569.53,0
9959,90.91,685.28,0
9970,90.91,695.68,0
9981,90.91,597.48,0
9994,76.92,514.14,0
10005,90.91,540.51,0
10016,90.91,652.59,0
10028,83.33,704.70,0
10039,90.91,635.41,0
10050,90.91,529.16,0
10062,83.33,514.38,0
10074,83.33,621.42,0
10085,90.91,708.84,0
10096,90.91,666.59,0
10107,90.91,557.07,0
10119,83.33,503.03,0
10131,83.33,577.09,0
10142,90.91,692.17,0
10153,90.91,694.82,0
10165,83.33,592.74,0
10176,90.91,508.60,0
10187,90.91,540.00,0
10200,76.92,655.36,0
10211,90.91,705.45,0
10222,90.91,628.84,0
10233,90.91,527.00,0
10245,83.33,515.45,0
10256,90.91,621.46,0
10268,83.33,710.16,0
10279,90.91,666.25,0
10291,83.33,557.20,0
10302,90.91,508.01,0
10313,90.91,580.04,0
10324,90.91,690.06,0
10337,76.92,693.42,0
10348,90.91,591.54,0
10359,90.91,508.66,0
10371,83.33,542.83,0
10382,90.91,659.81,0
10393,90.91,704.42,0
10405,83.33,629.78,0
10417,83.33,530.22,0
10428,90.91,516.26,0
10439,90.91,622.76,0
10450,90.91,708.07,0
10463,83.33,658.49,0
10474,83.33,553.73,0
10485,90.91,510.01,0
10497,83.33,583.07,0
10508,90.91,688.48,0
10519,90.91,688.92,0
10531,90.91,590.44,0
10543,76.92,513.12,0
10554,90.91,552.71,0
10565,90.91,663.36,0
10576,90.91,697.04,0
10588,83.33,623.18,0
10600,90.91,531.76,0
10611,83.33,529.81,0
10622,90.91,630.41,0
10634,83.33,702.79,0
10645,90.91,647.47,0
10656,90.91,547.50,0
10669,76.92,518.23,0
10680,90.91,599.48,0
10691,90.91,690.34,0
10702,90.91,676.04,0
10714,83.33,578.29,0
10725,90.91,511.91,0
10737,83.33,566.02,0
10748,90.91,675.92,0
10760,83.33,691.00,0
10771,90.91,608.82,0
10782,90.91,526.48,0
10793,90.91,537.87,0
10806,76.92,641.03,0
10817,90.91,704.05,0
10828,90.91,637.83,0
10840,83.33,537.02,0
10851,90.91,516.45,0
10862,90.91,606.53,0
10874,83.33,698.67,0
10886,83.33,672.56,0
10897,90.91,570.65,0
10908,90.91,506.82,0
10919,90.91,568.18,0
10931,83.33,682.55,0
10943,83.33,692.96,0
10954,90.91,599.66,0
10966,83.33,515.01,0
10977,90.91,533.51,0
10988,90.91,648.35,0
10999,90.91,707.89,0
11012,76.92,640.69,0
11023,90.91,533.71,0
11034,90.91,510.47,0
11045,90.91,608.97,0
11057,83.33,702.13,0
11068,90.91,675.35,0
11080,83.33,567.67,0
11091,90.91,505.00,0
11103,83.33,569.70,0
11114,90.91,683.04,0
11125,90.91,699.46,0
11137,83.33,605.70,0
11149,83.33,514.88,0
11160,90.91,531.49,0
11171,90.91,646.52,0
11183,83.33,710.29,0
11194,90.91,638.53,0
11206,90.91,532.89,0
11217,83.33,511.59,0
11229,83.33,606.52,0
11240,90.91,698.59,0
11251,90.91,669.59,0
11262,90.91,563.78,0
11275,83.33,507.40,0
11286,83.33,572.03,0
11297,90.91,684.21,0
11309,83.33,696.11,0
11320,90.91,604.35,0
11331,90.91,518.83,0
11343,90.91,538.44,0
11355,76.92,649.75,0
11366,90.91,704.74,0
11377,90.91,639.75,0
11388,90.91,538.47,0
11400,83.33,516.17,0
11412,83.33,608.99,0
11423,90.91,700.23,0
11435,83.33,669.22,0
11446,90.91,563.82,0
11457,90.91,510.75,0
11468,90.91,578.99,0
11481,76.92,683.55,0
11492,90.91,687.08,0
11503,90.91,594.33,0
11514,90.91,516.86,0
11526,83.33,545.56,0
11537,90.91,656.77,0
11549,83.33,698.86,0
11560,90.91,623.61,0
11572,83.33,531.60,0
11583,90.91,527.35,0
11594,90.91,624.12,0
11606,83.33,701.99,0
11618,83.33,656.02,0
11629,90.91,552.37,0
11640,90.91,513.61,0
11652,83.33,589.55,0
11663,90.91,689.71,0
11674,90.91,680.03,0
11686,83.33,585.43,0
11698,83.33,514.63,0
11709,90.91,553.55,0
11720,90.91,668.44,0
11731,90.91,701.52,0
11743,83.33,616.26,0
11755,83.33,523.93,0
11766,90.91,526.48,0
11778,83.33,630.96,0
11789,90.91,705.91,0
11800,90.91,656.72,0
11811,90.91,551.18,0
11824,76.92,507.58,0
11835,90.91,591.44,0
11846,90.91,696.80,0
11857,90.91,682.35,0
11869,83.33,583.82,0
11880,90.91,509.77,0
11892,83.33,551.41,0
11904,83.33,668.14,0
11915,90.91,703.65,0
11926,90.91,618.35,0
11937,90.91,518.36,0
11949,83.33,523.62,0
11961,83.33,633.03,0
11972,90.91,706.63,0
11983,90.91,655.28,0
11995,83.33,548.61,0
12006,90.91,508.83,0
12017,90.91,593.14,0
12029,83.33,695.03,0
12041,83.33,679.84,0
12052,90.91,579.39,0
12063,90.91,507.29,0
12075,83.33,550.83,0
12087,90.91,672.17,0
12098,83.33,703.22,0
12109,90.91,612.73,0
12121,83.33,521.59,0
12132,90.91,528.23,0
12143,90.91,635.93,0
12155,90.91,705.98,0
12167,76.92,648.48,0
12178,90.91,542.22,0
12189,90.91,512.49,0
12200,90.91,599.82,0
12212,83.33,695.78,0
12224,83.33,677.80,0
12235,90.91,576.33,0
12247,83.33,507.00,0
12258,90.91,558.60,0
12269,90.91,676.54,0
12280,90.91,700.39,0
12293,76.92,606.29,0
12304,90.91,516.03,0
12315,90.91,529.45,0
12326,90.91,638.16,0
12338,83.33,704.04,0
12349,90.91,647.05,0
12361,83.33,540.66,0
12372,90.91,509.73,0
12384,83.33,602.87,0
12395,90.91,699.20,0
12406,90.91,675.78,0
12418,83.33,574.70,0
12430,83.33,508.83,0
12441,90.91,563.53,0
12452,90.91,676.60,0
12464,83.33,697.36,0
12475,90.91,607.38,0
12486,90.91,517.64,0
12498,83.33,532.57,0
12510,83.33,645.55,0
12521,90.91,707.19,0
12532,90.91,639.50,0
12544,83.33,538.77,0
12555,90.91,518.17,0
12567,83.33,607.60,0
12578,90.91,697.73,0
12590,83.33,669.45,0
12601,90.91,567.54,0
12612,90.91,509.89,0
12623,90.91,573.73,0
12636,76.92,682.97,0
12647,90.91,689.08,0
12658,90.91,598.13,0
12669,90.91,519.56,0
12681,83.33,544.01,0
12692,90.91,653.45,0
12704,83.33,704.90,0
12716,83.33,633.66,0
12727,90.91,534.36,0
12738,90.91,519.86,0
12749,90.91,622.05,0
12761,83.33,702.10,0
12773,83.33,661.06,0
12784,90.91,562.58,0
12795,90.91,509.44,0
12807,83.33,577.57,0
12818,90.91,687.23,0
12830,90.91,687.87,0
12841,83.33,585.97,0
12853,83.33,508.65,0
12864,90.91,547.36,0
12875,90.91,660.86,0
12887,83.33,706.44,0
12899,90.91,627.28,0
12910,83.33,525.22,0
12921,90.91,517.98,0
12933,83.33,622.91,0
12944,90.91,710.84,0
12955,90.91,666.60,0
12967,90.91,550.43,0
12979,76.92,498.86,0
12990,90.91,579.14,0
13001,90.91,695.66,0
13012,90.91,691.67,0
13024,83.33,589.01,0
13036,83.33,506.50,0
13047,90.91,540.38,0
13059,83.33,664.96,0
13070,90.91,714.12,0
13081,90.91,629.90,0
13092,90.91,520.49,0
13105,76.92,511.58,0
13116,90.91,619.85,0
13127,90.91,708.07,0
13138,90.91,668.33,0
13150,83.33,559.96,0
13161,90.91,500.49,0
13173,83.33,575.23,0
13185,83.33,691.13,0
13196,90.91,688.08,0
13207,90.91,588.13,0
13218,90.91,507.95,0
13230,83.33,543.65,0
13242,83.33,657.55,0
13253,90.91,705.09,0
13264,90.91,627.64,0
13276,83.33,526.14,0
13287,90.91,521.62,0
13298,90.91,627.78,0
13310,83.33,706.29,0
13322,83.33,659.99,0
13333,90.91,555.46,0
13344,90.91,508.11,0
13356,83.33,586.47,0
13367,90.91,693.03,0
13379,83.33,682.10,0
13390,90.91,583.00,0
13402,83.33,510.68,0
13413,90.91,550.86,0
13424,90.91,662.53,0
13435,90.91,699.87,0
13448,76.92,617.86,0
13459,90.91,523.44,0
13470,90.91,527.80,0
13481,90.91,632.05,0
13493,83.33,699.47,0
13504,90.91,649.04,0
13516,83.33,550.18,0
13528,83.33,509.47,0
13539,90.91,591.45,0
13550,90.91,696.81,0
13561,90.91,679.12,0
13573,83.33,576.14,0
13585,83.33,515.09,0
13596,90.91,563.44,0
13607,90.91,670.41,0
13619,83.33,697.46,0
13630,90.91,616.13,0
13641,90.91,524.09,0
13654,76.92,532.99,0
13665,90.91,641.10,0
13676,90.91,700.24,0
13687,90.91,642.15,0
13699,83.33,545.57,0
13711,90.91,518.71,0
13722,83.33,607.33,0
13733,90.91,700.14,0
13745,83.33,677.28,0
13756,90.91,574.30,0
13767,90.91,509.76,0
13779,90.91,567.16,0
13791,76.92,680.25,0
13802,90.91,696.08,0
13813,90.91,605.58,0
13825,83.33,518.20,0
13836,90.91,532.78,0
13848,83.33,644.36,0
13859,90.91,707.25,0
13871,83.33,639.19,0
13882,90.91,532.72,0
13893,90.91,510.58,0
13904,90.91,604.93,0
13917,76.92,703.31,0
13928,90.91,677.84,0
13939,90.91,567.54,0
13950,90.91,504.77,0
13962,83.33,563.20,0
13973,90.91,680.29,0
13985,83.33,700.49,0
13997,83.33,604.86,0
14008,90.91,512.99,0
14019,90.91,530.73,0
14030,90.91,645.50,0
14042,83.33,709.55,0
14054,83.33,645.13,0
14065,90.91,541.24,0
14076,90.91,511.31,0
14088,83.33,603.87,0
14099,90.91,702.06,0
14110,90.91,674.95,0
14123,76.92,570.28,0
14134,90.91,504.30,0
14145,90.91,563.61,0
14156,90.91,677.37,0
14168,83.33,693.92,0
14179,90.91,604.52,0
14191,83.33,515.57,0
14202,90.91,534.09,0
14214,83.33,649.47,0
14225,90.91,710.84,0
14236,90.91,641.97,0
14247,90.91,534.59,0
14260,76.92,515.32,0
14271,90.91,609.06,0
14282,90.91,697.38,0
14294,83.33,671.40,0
14305,90.91,566.05,0
14316,90.91,504.73,0
14328,83.33,569.69,0
14340,83.33,684.48,0
14351,90.91,696.61,0
14362,90.91,599.92,0
14373,90.91,516.25,0
14385,83.33,541.74,0
14397,83.33,652.47,0
14408,90.91,704.95,0
14419,90.91,636.49,0
14431,83.33,534.28,0
14442,90.91,520.91,0
14454,90.91,619.77,0
14466,76.92,700.85,0
14477,90.91,660.42,0
14488,90.91,560.06,0
14499,90.91,512.95,0
14511,83.33,578.85,0
14523,90.91,684.61,0
14534,83.33,683.00,0
14545,90.91,593.63,0
14557,83.33,520.08,0
14568,90.91,550.19,0
14579,90.91,660.97,0
14592,76.92,701.14,0
14603,90.91,622.19,0
14614,90.91,528.37,0
14625,90.91,532.61,0
14637,83.33,630.51,0
14648,90.91,698.83,0
14660,83.33,656.01,0
14671,90.91,558.97,0
14683,83.33,512.92,0
14694,90.91,589.85,0
14705,90.91,693.14,0
14716,90.91,681.05,0
14729,76.92,584.25,0
14740,90.91,515.59,0
14751,90.91,554.24,0
14763,83.33,664.03,0
14774,90.91,699.20,0
14785,90.91,616.14,0
14797,83.33,522.50,0
14809,83.33,525.67,0
14820,90.91,634.98,0
14831,90.91,702.61,0
14842,90.91,647.29,0
14854,83.33,547.00,0
14866,83.33,509.02,0
14877,90.91,593.32,0
14888,90.91,700.68,0
14900,83.33,680.66,0
14911,90.91,576.38,0
14922,90.91,509.31,0
14935,76.92,549.53,0
14946,90.91,666.84,0
14957,90.91,707.77,0
14968,90.91,618.67,0
14980,83.33,515.52,0
14991,90.91,518.17,0
15003,83.33,635.84,0
15014,90.91,712.43,0
15026,83.33,657.02,0
15037,90.91,545.74,0
15048,90.91,500.18,0
15059,90.91,586.23,0
15072,76.92,700.51,0
15083,90.91,689.21,0
15094,90.91,582.01,0
15106,83.33,509.17,0
15117,90.91,547.87,0
15129,90.91,661.59,0
15140,83.33,705.57,0
15152,83.33,622.70,0
15163,90.91,516.89,0
15174,90.91,516.84,0
15185,90.91,630.10,0
15198,83.33,710.76,0
15209,83.33,658.84,0
15220,90.91,550.33,0
15232,83.33,505.68,0
15243,90.91,584.47,0
15254,90.91,695.02,0
15266,90.91,690.74,0
15278,76.92,586.61,0
15289,90.91,509.92,0
15300,90.91,550.56,0
15311,90.91,663.63,0
15323,83.33,701.74,0
15335,83.33,622.39,0
15346,90.91,523.97,0
15357,90.91,524.33,0
15369,83.33,627.92,0
15380,90.91,699.38,0
15391,90.91,651.33,0
15404,76.92,552.77,0
15415,90.91,516.50,0
15426,90.91,593.31,0
15437,90.91,688.30,0
15449,83.33,676.59,0
15460,90.91,581.46,0
15472,83.33,517.95,0
15483,90.91,564.55,0
15495,83.33,668.60,0
15506,90.91,691.50,0
15517,90.91,614.84,0
15528,90.91,530.46,0
15541,76.92,539.43,0
15552,90.91,641.43,0
15563,90.91,700.91,0
15575,83.33,639.17,0
15586,90.91,544.04,0
15597,90.91,524.34,0
15609,83.33,611.11,0
15621,83.33,694.77,0
15632,90.91,664.33,0
15643,90.91,563.41,0
15654,90.91,514.35,0
15666,83.33,579.73,0
15678,83.33,683.52,0
15689,90.91,688.72,0
15700,90.91,595.92,0
15712,83.33,518.28,0
15723,90.91,544.72,0
15734,90.91,655.69,0
15747,76.92,707.41,0
15758,90.91,633.50,0
15769,90.91,531.86,0
15780,90.91,516.37,0
15792,83.33,615.63,0
15803,90.91,706.01,0
15815,83.33,667.76,0
15826,90.91,560.49,0
15838,83.33,500.48,0
15849,90.91,569.45,0
15860,90.91,691.80,0
15872,83.33,702.16,0
15884,83.33,597.88,0
15895,90.91,510.92,0
15906,90.91,534.27,0
15918,83.33,652.82,0
15929,90.91,712.88,0
15941,90.91,640.22,0
15952,83.33,534.26,0
15964,83.33,508.52,0
15975,90.91,606.43,0
15986,90.91,705.92,0
15997,90.91,678.37,0
16010,83.33,565.64,0
16021,83.33,498.95,0
16032,90.91,561.41,0
16044,83.33,683.13,0
16055,90.91,702.71,0
16066,90.91,605.19,0
16078,90.91,510.46,0
16090,76.92,531.69,0
16101,90.91,647.72,0
16112,90.91,710.38,0
16123,90.91,642.45,0
16135,83.33,532.94,0
16147,90.91,507.37,0
16158,90.91,604.51,0
16169,90.91,705.50,0
16181,83.33,673.34,0
16192,90.91,564.58,0
16203,90.91,505.55,0
16216,76.92,563.92,0
16227,90.91,676.63,0
16238,90.91,694.32,0
16249,90.91,602.93,0
16261,83.33,515.54,0
16272,90.91,537.03,0
16284,83.33,649.01,0
16295,90.91,701.73,0
16307,83.33,635.48,0
16318,90.91,535.92,0
16329,90.91,517.03,0
16340,90.91,615.94,0
16353,76.92,705.54,0
16364,90.91,666.83,0
16375,90.91,561.32,0
16387,83.33,510.46,0
16398,90.91,574.97,0
16409,90.91,680.95,0
16421,83.33,689.72,0
16433,83.33,595.25,0
16444,90.91,512.28,0
16455,90.91,547.18,0
16466,90.91,662.11,0
16478,83.33,698.43,0
16490,83.33,625.19,0
16501,90.91,537.50,0
16513,83.33,525.53,0
16524,90.91,622.50,0
16535,90.91,705.99,0
16546,90.91,660.80,0
16559,76.92,552.86,0
16570,90.91,513.58,0
16581,90.91,588.72,0
16592,90.91,684.27,0
16604,83.33,679.63,0
16615,90.91,585.09,0
16627,83.33,511.88,0
16638,90.91,555.10,0
16650,83.33,669.37,0
16661,90.91,695.12,0
16672,90.91,612.18,0
16684,83.33,527.28,0
16696,83.33,533.95,0
16707,90.91,634.06,0
16718,90.91,703.80,0
16730,83.33,649.93,0
16741,90.91,543.63,0
16752,90.91,512.52,0
16764,83.33,597.93,0
16776,83.33,696.21,0
16787,90.91,679.26,0
16798,90.91,577.83,0
16809,90.91,506.98,0
16821,83.33,558.54,0
16833,83.33,678.79,0
16844,90.91,701.58,0
16856,83.33,609.73,0
16867,90.91,516.89,0
16878,90.91,526.39,0
16889,90.91,637.80,0
16902,76.92,710.35,0
16913,90.91,650.38,0
16924,90.91,537.06,0
16935,90.91,503.18,0
16947,83.33,599.16,0
16958,90.91,702.19,0
16970,83.33,680.46,0
16982,83.33,572.42,0
16993,90.91,501.26,0
17004,90.91,553.79,0
17015,90.91,676.51,0
17028,83.33,707.07,0
17039,83.33,611.85,0
17050,90.91,514.81,0
17061,90.91,525.22,0
17073,83.33,638.63,0
17084,90.91,714.49,0
17096,90.91,652.28,0
17107,83.33,541.07,0
17119,83.33,505.74,0
17130,90.91,593.47,0
17141,90.91,704.18,0
17153,83.33,689.90,0
17165,90.91,576.48,0
17176,83.33,502.53,0
17187,90.91,555.94,0
17199,83.33,677.49,0
17210,90.91,703.84,0
17221,90.91,613.91,0
17233,83.33,519.48,0
17245,83.33,524.22,0
17256,90.91,639.46,0
17267,90.91,709.65,0
17278,90.91,648.42,0
17290,83.33,543.05,0
17302,83.33,511.40,0
17313,90.91,599.44,0
17325,83.33,697.18,0
17336,90.91,677.51,0
17347,90.91,576.11,0
17358,90.91,506.63,0
17371,76.92,563.23,0
17382,90.91,677.37,0
17393,90.91,691.66,0
17404,90.91,604.34,0
17416,83.33,522.44,0
17427,90.91,538.28,0
17439,83.33,643.93,0
17451,83.33,702.99,0
17462,90.91,641.45,0
17473,90.91,543.05,0
17484,90.91,522.41,0
17496,83.33,611.08,0
17508,83.33,698.00,0
17519,90.91,667.18,0
17530,90.91,566.96,0
17542,83.33,512.75,0
17553,90.91,576.49,0
17564,90.91,680.79,0
17576,83.33,686.91,0
17588,83.33,598.43,0
17599,90.91,519.59,0
17610,90.91,544.48,0
17622,83.33,655.45,0
17633,90.91,704.72,0
17645,83.33,629.07,0
17656,90.91,531.42,0
17668,83.33,523.50,0
17679,90.91,621.45,0
17690,90.91,703.00,0
17701,90.91,660.63,0
17714,76.92,559.68,0
17725,90.91,511.97,0
17736,90.91,580.30,0
17747,90.91,688.04,0
17759,83.33,685.09,0
17770,90.91,588.41,0
17782,83.33,512.80,0
17794,83.33,545.23,0
17805,90.91,663.80,0
17816,90.91,707.75,0
17827,90.91,627.14,0
17839,83.33,525.92,0
17851,83.33,518.73,0
17862,90.91,625.45,0
17873,90.91,706.82,0
17885,83.33,659.62,0
17896,90.91,548.87,0
17907,90.91,501.47,0
17920,76.92,583.35,0
17931,90.91,693.30,0
17942,90.91,687.69,0
17953,90.91,585.35,0
17965,83.33,502.20,0
17976,90.91,542.40,0
17988,83.33,668.30,0
17999,90.91,713.86,0
18011,83.33,626.36,0
18022,90.91,518.79,0
18033,90.91,512.93,0
18045,90.91,625.73,0
18057,76.92,715.93,0
18068,90.91,664.21,0
18079,90.91,546.47,0
18091,83.33,501.04,0
18102,90.91,581.40,0
18114,90.91,693.59,0
18125,83.33,690.44,0
18137,83.33,587.82,0
18148,90.91,504.95,0
18159,90.91,543.13,0
18170,90.91,660.48,0
18183,83.33,707.39,0
18194,90.91,629.79,0
18205,90.91,527.29,0
18216,90.91,515.07,0
18228,83.33,617.12,0
18239,90.91,702.58,0
18251,83.33,659.98,0
18263,83.33,558.53,0
18274,90.91,513.88,0
18285,90.91,584.58,0
18296,90.91,687.68,0
18308,83.33,684.43,0
18320,83.33,587.71,0
18331,90.91,511.68,0
18342,90.91,554.84,0
18354,83.33,662.05,0
18365,90.91,692.17,0
18376,90.91,618.92,0
18388,83.33,527.86,0
18400,83.33,529.05,0
18411,90.91,633.66,0
18422,90.91,698.44,0
18434,83.33,641.71,0
18445,90.91,546.60,0
18457,83.33,522.37,0
18468,90.91,604.62,0
18480,83.33,695.61,0
18491,90.91,674.33,0
18502,90.91,575.49,0
18513,90.91,515.75,0
18526,76.92,571.80,0
18537,90.91,676.19,0
18548,90.91,690.43,0
18560,83.33,602.54,0
18571,90.91,518.12,0
18582,90.91,538.22,0
18594,83.33,649.27,0
18606,83.33,705.52,0
18617,90.91,637.83,0
18628,90.91,538.37,0
18639,90.91,514.55,0
18651,83.33,604.74,0
18663,83.33,702.71,0
18674,90.91,674.39,0
18685,90.91,565.49,0
18697,83.33,503.36,0
18708,90.91,565.90,0
18719,90.91,680.71,0
18732,76.92,697.91,0
18743,90.91,604.20,0
18754,90.91,512.52,0
18765,90.91,531.04,0
18777,83.33,648.46,0
18788,90.91,711.65,0
18800,83.33,643.02,0
18811,90.91,537.17,0
18823,83.33,511.95,0
18834,90.91,606.74,0
18845,90.91,704.36,0
18856,90.91,679.24,0
18869,76.92,570.72,0
18880,90.91,503.95,0
18891,90.91,565.96,0
18903,83.33,680.78,0
18914,90.91,699.76,0
18926,90.91,606.08,0
18937,83.33,513.37,0
18949,83.33,535.58,0
18960,90.91,651.40,0
18971,90.91,709.22,0
18982,90.91,642.48,0
18995,83.33,538.38,0
19006,83.33,513.53,0
19017,90.91,606.86,0
19028,90.91,699.60,0
19040,83.33,670.18,0
19051,90.91,563.94,0
19063,83.33,508.06,0
19075,83.33,572.65,0
19086,90.91,683.09,0
19097,90.91,692.33,0
19108,90.91,601.06,0
19120,83.33,515.39,0
19132,83.33,538.92,0
19143,90.91,653.54,0
19154,90.91,702.20,0
19166,83.33,630.74,0
19177,90.91,535.50,0
19188,90.91,520.63,0
19201,76.92,616.07,0
19212,90.91,698.17,0
19223,90.91,660.19,0
19234,90.91,558.25,0
19246,83.33,512.72,0
19257,90.91,586.97,0
19269,83.33,687.02,0
19280,90.91,685.29,0
19292,83.33,592.69,0
19303,90.91,514.80,0
19314,90.91,547.68,0
19325,90.91,656.83,0
19338,76.92,698.99,0
19349,90.91,624.35,0
19360,90.91,527.85,0
19372,83.33,521.93,0
19383,90.91,625.28,0
19394,90.91,707.16,0
19406,83.33,659.16,0
19418,83.33,551.77,0
19429,90.91,507.97,0
19440,90.91,585.98,0
19451,90.91,691.01,0
19463,83.33,684.31,0
19475,83.33,586.42,0
19486,90.91,511.78,0
19497,90.91,550.83,0
19509,83.33,668.75,0
19520,90.91,701.88,0
19531,90.91,614.99,0
19544,76.92,524.85,0
19555,90.91,523.31,0
19566,90.91,629.37,0
19577,90.91,708.07,0
19589,83.33,655.01,0
19600,90.91,547.97,0
19612,83.33,508.54,0
19623,90.91,589.88,0
19635,83.33,694.93,0
19646,90.91,681.22,0
19657,90.91,581.68,0
19670,90.91,508.50,0
19681,76.92,550.73,0
19692,90.91,667.12,0
19703,90.91,698.97,0
19715,83.33,614.62,0
19726,90.91,523.30,0
19738,90.91,527.21,0
19749,83.33,632.59,0
19761,83.33,705.95,0
19772,90.91,649.26,0
19783,90.91,546.30,0
19794,90.91,510.99,0
19807,83.33,592.82,0
19818,83.33,694.82,0
19829,90.91,680.75,0
19841,83.33,576.14,0
19852,90.91,503.55,0
19863,90.91,556.14,0
19875,83.33,673.86,0
19887,83.33,700.62,0
19898,90.91,616.65,0
19909,90.91,520.49,0
19920,90.91,524.12,0
19932,83.33,635.87,0
19944,83.33,710.23,0
19955,90.91,651.14,0
19966,90.91,544.95,0
19978,83.33,510.25,0
19989,90.91,595.49,0
20000,90.91,697.34,0
20013,76.92,680.84,0
20024,90.91,575.64,0
20035,90.91,507.97,0
20046,90.91,559.28,0
20058,83.33,675.23,0
20069,90.91,699.62,0
20081,83.33,611.69,0
20092,90.91,522.42,0
20104,83.33,530.71,0
20115,90.91,637.72,0
20126,90.91,703.49,0
20137,90.91,648.44,0
20150,76.92,549.33,0
20161,90.91,514.58,0
20172,90.91,598.49,0
20184,83.33,690.82,0
20195,90.91,672.95,0
20206,90.91,575.35,0
20218,83.33,515.58,0
20230,83.33,569.67,0
20241,90.91,673.08,0
20252,90.91,690.15,0
20263,90.91,606.50,0
20275,83.33,520.90,0
20287,83.33,535.87,0
20298,90.91,644.48,0
20310,83.33,697.40,0
20321,90.91,636.12,0
20332,90.91,543.92,0
20343,90.91,523.98,0
20356,76.92,607.24,0
20367,90.91,693.98,0
20378,90.91,670.13,0
20389,90.91,562.82,0
20401,83.33,510.01,0
20412,90.91,579.50,0
20424,83.33,686.36,0
20435,90.91,689.35,0
20447,83.33,596.65,0
20458,90.91,515.61,0
20469,90.91,537.52,0
20481,83.33,651.79,0
20493,83.33,705.19,0
20504,90.91,629.91,0
20515,90.91,531.86,0
20527,83.33,520.78,0
20538,90.91,614.22,0
20550,90.91,703.40,0
20561,83.33,671.72,0
20573,83.33,562.51,0
20584,90.91,503.40,0
20595,90.91,572.91,0
20606,90.91,690.49,0
20619,83.33,694.07,0
20630,83.33,598.59,0
20641,90.91,513.29,0
20653,83.33,538.76,0
20664,90.91,656.05,0
20675,90.91,705.98,0
20687,90.91,631.21,0
20699,76.92,532.13,0
20710,90.91,518.09,0
20721,90.91,615.34,0
20732,90.91,703.84,0
20744,83.33,669.70,0
20756,83.33,560.01,0
20767,90.91,507.13,0
20779,83.33,578.70,0
20790,90.91,686.73,0
20801,90.91,686.85,0
20812,90.91,591.06,0
20825,76.92,512.10,0
20836,90.91,543.07,0
20847,90.91,660.66,0
20858,90.91,703.78,0
20870,83.33,627.45,0
20881,90.91,532.44,0
20893,83.33,526.48,0
20904,90.91,621.47,0
20916,83.33,700.48,0
20927,90.91,662.11,0
20938,90.91,554.91,0
20950,83.33,508.67,0
20962,83.33,584.07,0
20973,90.91,687.62,0
20984,90.91,682.78,0
20996,83.33,589.20,0
21007,90.91,516.60,0
21018,90.91,551.04,0
21030,83.33,665.69,0
21042,83.33,701.30,0
21053,90.91,617.83,0
21064,90.91,529.68,0
21075,90.91,531.59,0
21087,83.33,629.79,0
21099,83.33,701.33,0
21110,90.91,652.79,0
21122,83.33,549.78,0
21133,90.91,510.24,0
21144,90.91,593.82,0
21155,90.91,691.68,0
21168,76.92,677.61,0
21179,90.91,581.39,0
21190,90.91,512.93,0
21201,90.91,555.50,0
21213,83.33,669.08,0
21224,90.91,700.25,0
21236,83.33,613.85,0
21248,83.33,520.65,0
21259,90.91,526.94,0
21270,90.91,634.44,0
21281,90.91,703.19,0
21293,83.33,652.99,0
21305,83.33,549.72,0
21316,90.91,509.49,0
21327,90.91,594.65,0
21339,83.33,697.36,0
21350,90.91,682.84,0
21361,90.91,579.43,0
21373,83.33,510.13,0
21385,83.33,555.88,0
21396,90.91,670.20,0
21407,90.91,701.20,0
21419,83.33,613.58,0
21431,90.91,519.83,0
21442,83.33,525.09,0
21453,90.91,636.43,0
21465,83.33,706.93,0
21476,90.91,652.17,0
21487,90.91,548.24,0
21499,90.91,511.62,0
21511,76.92,595.52,0
21522,90.91,696.19,0
21533,90.91,678.38,0
21544,90.91,576.93,0
21556,83.33,504.54,0
21568,90.91,552.69,0
21579,83.33,674.19,0
21591,83.33,704.15,0
21602,90.91,614.28,0
21613,90.91,519.15,0
21624,90.91,528.63,0
21637,83.33,640.03,0
21648,83.33,710.31,0
21659,90.91,651.16,0
21670,90.91,542.16,0
21682,83.33,506.57,0
21693,90.91,597.66,0
21705,83.33,700.13,0
21716,90.91,678.98,0
21728,83.33,573.83,0
21739,90.91,504.25,0
21750,90.91,555.44,0
21762,83.33,674.15,0
21774,83.33,705.76,0
21785,90.91,614.39,0
21796,90.91,517.44,0
21808,83.33,523.75,0
21819,90.91,639.14,0
21830,90.91,713.27,0
21842,83.33,652.75,0
21854,83.33,539.32,0
21865,90.91,501.54,0
21876,90.91,592.23,0
21888,83.33,698.34,0
21899,90.91,680.46,0
21911,83.33,572.54,0
21922,90.91,504.58,0
21934,83.33,556.63,0
21945,90.91,674.34,0
21956,90.91,703.15,0
21967,90.91,613.99,0
21980,76.92,518.80,0
21991,90.91,527.60,0
22002,90.91,637.79,0
22013,90.91,702.17,0
22025,83.33,644.16,0
22036,90.91,539.71,0
22048,83.33,511.70,0
22060,83.33,601.84,0
22071,90.91,695.54,0
22082,90.91,676.21,0
22093,90.91,574.83,0
22105,83.33,511.06,0
22117,83.33,563.66,0
22128,90.91,673.47,0
22139,90.91,692.85,0
22151,83.33,601.52,0
22162,90.91,514.61,0
22173,90.91,536.47,0
22185,83.33,643.47,0
22197,83.33,701.35,0
22208,90.91,639.48,0
22219,90.91,537.73,0
22231,83.33,514.67,0
22242,90.91,611.04,0
22254,83.33,700.16,0
22265,90.91,669.90,0
22277,83.33,567.78,0
22288,90.91,510.46,0
22299,90.91,569.91,0
22310,90.91,682.85,0
22323,76.92,696.34,0
22334,90.91,602.59,0
22345,90.91,513.81,0
22356,90.91,534.58,0
22368,83.33,651.37,0
22379,90.91,708.73,0
22391,83.33,637.69,0
22403,83.33,534.16,0
22414,90.91,509.73,0
22425,90.91,612.06,0
22436,90.91,703.98,0
22448,83.33,670.63,0
22460,83.33,564.47,0
22471,90.91,505.21,0
22482,90.91,569.49,0
22494,83.33,686.04,0
22505,90.91,697.81,0
22517,90.91,601.55,0
22529,76.92,513.81,0
22540,90.91,536.86,0
22551,90.91,652.89,0
22562,90.91,708.85,0
22574,83.33,635.90,0
22586,90.91,529.26,0
22597,83.33,512.77,0
22608,90.91,610.44,0
22620,83.33,698.44,0
22631,90.91,668.31,0
22642,90.91,565.55,0
22654,90.91,504.62,0
22666,76.92,572.40,0
22677,90.91,686.90,0
22688,90.91,696.69,0
22700,83.33,599.95,0
22711,90.91,514.44,0
22723,83.33,536.74,0
22734,90.91,650.95,0
22746,83.33,707.27,0
22757,90.91,634.45,0
22768,90.91,529.19,0
22779,90.91,514.32,0
22792,76.92,612.66,0
22803,90.91,704.20,0
22814,90.91,667.07,0
22825,90.91,561.04,0
22837,83.33,507.29,0
22848,90.91,576.23,0
22860,83.33,688.55,0
22872,83.33,694.16,0
22883,90.91,600.23,0
22894,90.91,515.10,0
22905,90.91,539.66,0
22917,83.33,653.18,0
22929,83.33,706.72,0
22940,90.91,634.20,0
22951,90.91,530.20,0
22963,83.33,515.99,0
22974,90.91,616.59,0
22985,90.91,704.76,0
22998,76.92,671.29,0
23009,90.91,563.85,0
23020,90.91,507.04,0
23031,90.91,577.35,0
23043,83.33,688.56,0
23054,90.91,689.96,0
23066,83.33,594.99,0
23077,90.91,510.74,0
23089,83.33,536.07,0
23100,90.91,654.22,0
23111,90.91,704.84,0
23122,90.91,631.83,0
23135,76.92,529.66,0
23146,90.91,514.51,0
23157,90.91,617.14,0
23169,83.33,707.11,0
23180,90.91,669.82,0
23191,90.91,560.10,0
23203,83.33,505.98,0
23215,83.33,574.54,0
23226,90.91,685.85,0
23237,90.91,690.97,0
23248,90.91,591.92,0
23261,83.33,508.90,0
23272,83.33,537.45,0
23283,90.91,658.15,0
23294,90.91,710.40,0
23306,83.33,633.43,0
23317,90.91,525.84,0
23329,90.91,514.31,0
23341,76.92,618.11,0
23352,90.91,706.40,0
23363,90.91,667.23,0
23374,90.91,559.49,0
23386,83.33,505.05,0
23398,83.33,577.84,0
23409,90.91,690.80,0
23420,90.91,693.19,0
23432,83.33,593.24,0
23443,90.91,509.34,0
23454,90.91,537.98,0
23467,76.92,656.24,0
23478,90.91,706.49,0
23489,90.91,630.99,0
23500,90.91,528.67,0
23512,83.33,518.14,0
23523,90.91,618.87,0
23535,83.33,705.94,0
23546,90.91,666.06,0
23558,83.33,557.31,0
23569,90.91,506.04,0
23580,90.91,576.68,0
23591,90.91,686.21,0
23604,76.92,689.93,0
23615,90.91,592.84,0
23626,90.91,514.00,0
23638,83.33,544.15,0
23649,90.91,655.60,0
23660,90.91,704.39,0
23672,83.33,629.56,0
23684,83.33,530.66,0
23695,90.91,521.38,0
23706,90.91,619.56,0
23717,90.91,701.54,0
23729,83.33,658.12,0
23741,83.33,555.06,0
23752,90.91,508.25,0
23763,90.91,579.44,0
23775,83.33,687.81,0
23786,90.91,685.62,0
23797,90.91,588.61,0
23810,76.92,513.00,0
23821,90.91,548.92,0
23832,90.91,661.12,0
23843,90.91,703.01,0
23855,83.33,624.02,0
23866,90.91,527.89,0
23878,83.33,522.39,0
23889,90.91,624.04,0
23901,83.33,704.12,0
23912,90.91,659.54,0
23923,90.91,554.42,0
23934,90.91,511.54,0
23947,76.92,585.63,0
23958,90.91,685.74,0
23969,90.91,683.98,0
23981,83.33,586.50,0
23992,90.91,509.63,0
24003,90.91,552.06,0
24015,83.33,663.16,0
24027,83.33,699.68,0
24038,90.91,622.39,0
24049,90.91,526.42,0
24060,90.91,522.60,0
24073,83.33,630.12,0
24084,83.33,708.89,0
24095,90.91,655.24,0
24107,83.33,549.60,0
24118,90.91,513.21,0
24129,90.91,588.49,0
24141,90.91,691.50,0
24153,76.92,685.21,0
24164,90.91,581.61,0
24175,90.91,508.20,0
24186,90.91,553.52,0
24198,83.33,668.70,0
24210,83.33,702.90,0
24221,90.91,621.04,0
24232,90.91,520.50,0
24244,83.33,523.86,0
24255,90.91,633.75,0
24266,90.91,706.93,0
24279,76.92,652.80,0
24290,90.91,544.38,0
24301,90.91,505.28,0
24312,90.91,587.73,0
24324,83.33,697.03,0
24335,90.91,691.02,0
24347,83.33,583.98,0
24358,90.91,502.89,0
24370,83.33,550.17,0
24381,90.91,670.44,0
24392,90.91,706.88,0
24403,90.91,623.58,0
24416,76.92,517.12,0
24427,90.91,514.93,0
24438,90.91,630.70,0
24450,83.33,709.68,0
24461,90.91,654.71,0
24472,90.91,548.17,0
24484,83.33,506.48,0
24496,83.33,582.08,0
24507,90.91,693.08,0
24518,90.91,694.66,0
24529,90.91,589.49,0
24541,83.33,507.05,0
24553,83.33,550.01,0
24564,90.91,667.05,0
24576,83.33,707.17,0
24587,90.91,626.60,0
24598,90.91,523.52,0
24609,90.91,519.56,0
24622,76.92,627.70,0
24633,90.91,711.82,0
24644,90.91,656.95,0
24655,90.91,548.77,0
24667,83.33,507.63,0
24678,90.91,586.78,0
24690,83.33,692.46,0
24701,90.91,687.36,0
24713,83.33,584.27,0
24724,90.91,505.74,0
24735,90.91,552.13,0
24747,83.33,670.44,0
24759,83.33,703.68,0
24770,90.91,618.43,0
24781,90.91,523.06,0
24793,83.33,522.67,0
24804,90.91,631.37,0
24816,90.91,707.04,0
24827,83.33,651.58,0
24839,83.33,544.23,0
24850,90.91,510.89,0
24861,90.91,591.40,0
24872,90.91,689.92,0
24885,83.33,680.58,0
24896,90.91,579.94,0
24907,90.91,511.25,0
24919,83.33,560.32,0
24930,90.91,671.25,0
24941,90.91,696.28,0
24953,83.33,610.89,0
24965,83.33,524.31,0
24976,90.91,530.35,0
24987,90.91,633.52,0
24998,90.91,703.87,0
25010,83.33,648.93,0
25022,83.33,545.48,0
25033,90.91,514.75,0
25044,90.91,598.53,0
25056,83.33,691.65,0
25067,90.91,676.69,0
25078,90.91,580.18,0
25091,76.92,511.36,0
25102,90.91,561.79,0
25113,90.91,673.21,0
25124,90.91,693.81,0
25136,83.33,608.36,0
25147,90.91,523.36,0
25159,83.33,535.52,0
25170,90.91,639.03,0
25182,83.33,699.54,0
25193,90.91,641.44,0
25204,90.91,541.03,0
25216,83.33,513.44,0
25228,83.33,603.89,0
25239,90.91,700.57,0
25250,90.91,677.50,0
25262,83.33,570.69,0
25273,90.91,507.78,0
25284,90.91,567.24,0
25296,83.33,678.46,0
25308,83.33,695.06,0
25319,90.91,606.29,0
25330,90.91,519.44,0
25341,90.91,531.96,0
25353,83.33,642.26,0
25365,83.33,706.14,0
25376,90.91,646.39,0
25388,83.33,540.25,0
25399,90.91,514.57,0
25410,90.91,604.04,0
25421,90.91,701.00,0
25434,76.92,679.29,0
25445,90.91,576.10,0
25456,90.91,508.24,0
25467,90.91,565.83,0
25479,83.33,680.97,0
25490,90.91,698.19,0
25502,83.33,607.04,0
25513,90.91,518.24,0
25525,83.33,530.94,0
25536,90.91,644.96,0
25547,90.91,707.81,0
25560,83.33,642.51,0
25571,83.33,541.30,0
25582,90.91,515.59,0
25593,90.91,605.32,0
25605,83.33,697.20,0
25616,90.91,673.52,0
25628,90.91,571.93,0
25639,83.33,507.31,0
25651,83.33,565.71,0
25662,90.91,676.80,0
25673,90.91,694.04,0
25684,90.91,607.91,0
25697,83.33,521.83,0
25708,83.33,536.56,0
25719,90.91,644.96,0
25731,83.33,700.99,0
25742,90.91,640.12,0
25753,90.91,543.91,0
25765,90.91,522.75,0
25777,76.92,609.50,0
25788,90.91,691.77,0
25799,90.91,664.07,0
25810,90.91,567.08,0
25822,83.33,512.16,0
25834,83.33,575.52,0
25845,90.91,680.98,0
25857,83.33,688.52,0
25868,90.91,595.73,0
25879,90.91,520.26,0
25890,90.91,545.62,0
25903,76.92,652.28,0
25914,90.91,696.70,0
25925,90.91,627.02,0
25936,90.91,533.66,0
25948,83.33,521.19,0
25959,90.91,616.62,0
25971,83.33,695.81,0
25982,90.91,653.98,0
25994,83.33,556.89,0
26005,90.91,512.41,0
26016,90.91,582.10,0
26028,83.33,686.64,0
26040,83.33,682.15,0
26051,90.91,587.91,0
26062,90.91,512.63,0
26074,83.33,551.20,0
26085,90.91,663.58,0
26096,90.91,701.79,0
26108,83.33,620.97,0
26120,83.33,523.53,0
26131,90.91,518.12,0
26142,90.91,627.00,0
26153,90.91,709.39,0
26165,83.33,656.94,0
26177,83.33,551.09,0
26188,90.91,507.46,0
26200,83.33,587.59,0
26211,90.91,695.23,0
26222,90.91,690.92,0
26233,90.91,585.12,0
26246,76.92,504.46,0
26257,90.91,545.50,0
26268,90.91,666.29,0
26279,90.91,702.42,0
26291,83.33,624.13,0
26302,90.91,526.27,0
26314,83.33,515.61,0
26326,83.33,624.70,0
26337,90.91,712.18,0
26348,90.91,661.00,0
26359,90.91,548.80,0
26371,83.33,507.81,0
26383,83.33,587.35,0
26394,90.91,692.63,0
26405,90.91,687.49,0
26417,83.33,583.21,0
26428,90.91,506.69,0
26440,90.91,548.35,0
26451,83.33,666.08,0
26463,83.33,705.30,0
26474,90.91,621.49,0
26485,90.91,525.80,0
26497,83.33,526.52,0
26509,90.91,631.30,0
26520,83.33,709.71,0
26531,90.91,658.59,0
26543,83.33,554.64,0
26554,90.91,512.09,0
26565,90.91,588.68,0
26577,83.33,693.44,0
26589,83.33,683.46,0
26600,90.91,579.51,0
26611,90.91,504.83,0
26622,90.91,550.33,0
26634,83.33,667.01,0
26646,83.33,701.76,0
26657,90.91,617.93,0
26669,83.33,521.49,0
26680,90.91,521.40,0
26691,90.91,632.56,0
26702,90.91,710.33,0
26715,76.92,654.76,0
26726,90.91,545.50,0
26737,90.91,508.10,0
26748,90.91,586.86,0
26760,83.33,691.43,0
26771,90.91,684.56,0
26783,83.33,584.93,0
26795,83.33,510.86,0
26806,90.91,550.88,0
26817,90.91,665.37,0
26828,90.91,700.88,0
26840,83.33,616.57,0
26852,83.33,521.02,0
26863,90.91,525.87,0
26874,90.91,634.50,0
26886,83.33,704.00,0
26897,90.91,646.20,0
26908,90.91,544.53,0
26920,83.33,510.23,0
26932,83.33,594.65,0
26943,90.91,695.98,0
26954,90.91,680.06,0
26966,83.33,580.45,0
26977,90.91,509.42,0
26989,83.33,558.13,0
27000,90.91,673.11,0
27012,83.33,697.57,0
27023,90.91,614.54,0
27034,90.91,521.30,0
27045,90.91,527.90,0
27058,76.92,639.10,0
27069,90.91,704.60,0
27080,90.91,645.14,0
27091,90.91,543.38,0
27103,83.33,514.90,0
27114,90.91,604.19,0
27126,83.33,694.72,0
27138,83.33,672.12,0
27149,90.91,572.72,0
27160,90.91,516.01,0
27171,90.91,569.19,0
27184,83.33,675.97,0
27195,83.33,696.20,0
27206,90.91,605.64,0
27217,90.91,517.75,0
27229,83.33,535.59,0
27240,90.91,645.17,0
27252,90.91,702.29,0
27264,76.92,635.65,0
27275,90.91,537.88,0
27286,90.91,519.93,0
27297,90.91,615.81,0
27309,83.33,702.54,0
27321,83.33,664.59,0
27332,90.91,562.47,0
27343,90.91,511.77,0
27355,83.33,577.27,0
27366,90.91,687.62,0
27377,90.91,694.10,0
27389,83.33,595.91,0
27401,83.33,514.15,0
27412,90.91,542.85,0
27423,90.91,657.36,0
27435,83.33,705.29,0
27446,90.91,635.98,0
27458,83.33,535.06,0
27469,90.91,517.14,0
27481,83.33,618.06,0
27492,90.91,704.17,0
27503,90.91,663.64,0
27514,90.91,558.95,0
27527,76.92,505.40,0
27538,90.91,574.46,0
27549,90.91,687.93,0
27560,90.91,695.87,0
27572,83.33,595.49,0
27583,90.91,505.98,0
27595,83.33,537.98,0
27607,83.33,659.16,0
27618,90.91,710.10,0
27629,90.91,634.23,0
27640,90.91,528.15,0
27652,83.33,509.05,0
27664,83.33,614.64,0
27675,90.91,709.32,0
27686,90.91,669.43,0
27698,83.33,557.86,0
27709,90.91,500.94,0
27720,90.91,571.75,0
27732,83.33,687.94,0
27744,83.33,700.76,0
27755,90.91,600.89,0
27766,90.91,507.49,0
27778,83.33,534.15,0
27789,90.91,652.98,0
27801,83.33,709.28,0
27812,90.91,638.57,0
27824,83.33,534.48,0
27835,90.91,511.65,0
27846,90.91,609.99,0
27858,90.91,703.42,0
27870,76.92,668.64,0
27881,90.91,561.84,0
27892,90.91,503.63,0
27904,83.33,572.64,0
27915,90.91,687.26,0
27927,90.91,695.13,0
27938,83.33,596.25,0
27950,83.33,512.28,0
27961,90.91,542.04,0
27972,90.91,655.88,0
27983,90.91,705.83,0
27996,83.33,635.04,0
28007,83.33,532.16,0
28018,90.91,515.76,0
28029,90.91,617.47,0
28041,83.33,704.38,0
28052,90.91,666.55,0
28064,90.91,560.79,0
28076,83.33,509.10,0
28087,90.91,576.38,0
28098,90.91,683.57,0
28109,90.91,687.64,0
28121,83.33,591.64,0
28133,83.33,511.50,0
28144,90.91,543.00,0
28155,90.91,656.62,0
28167,83.33,701.39,0
28178,90.91,627.53,0
28189,90.91,527.01,0
28201,83.33,517.45,0
28213,83.33,619.77,0
28224,90.91,701.83,0
28235,90.91,660.95,0
28247,83.33,552.95,0
28258,90.91,504.39,0
28270,83.33,579.43,0
28281,90.91,690.25,0
28293,83.33,688.35,0
28304,90.91,590.22,0
28315,90.91,512.13,0
28326,90.91,546.07,0
28339,76.92,661.65,0
28350,90.91,707.18,0
28361,90.91,628.51,0
28372,90.91,527.83,0
28384,83.33,520.41,0
28395,90.91,627.78,0
28407,83.33,707.16,0
28419,83.33,661.67,0
28430,90.91,559.04,0
28441,90.91,510.66,0
28452,90.91,585.47,0
28464,83.33,694.93,0
28476,83.33,687.97,0
28487,90.91,585.44,0
28498,90.91,510.98,0
28510,83.33,551.35,0
28521,90.91,664.19,0
28532,90.91,700.36,0
28545,76.92,620.47,0
28556,90.91,525.28,0
28567,90.91,525.85,0
28578,90.91,631.17,0
28590,83.33,706.06,0
28601,90.91,653.65,0
28613,83.33,553.48,0
28624,90.91,514.94,0
28636,83.33,592.24,0
28647,90.91,691.12,0
28658,90.91,680.71,0
28669,90.91,579.73,0
28682,76.92,511.31,0
28693,90.91,558.90,0
28704,90.91,669.96,0
28716,83.33,698.62,0
28727,90.91,617.62,0
28738,90.91,525.73,0
28750,83.33,528.04,0
28762,83.33,634.10,0
28773,90.91,702.38,0
28784,90.91,648.75,0
28795,90.91,547.73,0
28807,83.33,511.68,0
28819,83.33,594.20,0
28830,90.91,697.79,0
28841,90.91,680.84,0
28853,83.33,576.10,0
28864,90.91,507.80,0
28876,90.91,554.22,0
28888,76.92,668.61,0
28899,90.91,700.57,0
28910,90.91,617.21,0
28921,90.91,521.31,0
28933,83.33,525.80,0
28945,90.91,636.55,0
28956,83.33,710.69,0
28967,90.91,653.18,0
28979,83.33,544.91,0
28990,90.91,506.37,0
29001,90.91,592.59,0
29014,90.91,701.01,0
29025,90.91,686.99,0
29036,90.91,576.21,0
29047,90.91,501.10,0
29059,83.33,550.24,0
29070,90.91,673.25,0
29082,83.33,707.15,0
29093,90.91,616.62,0
29105,83.33,516.83,0
29116,90.91,518.83,0
29127,90.91,635.16,0
29138,90.91,711.34,0
29151,76.92,653.63,0
29162,90.91,541.61,0
29173,90.91,499.66,0
29185,83.33,587.50,0
29196,90.91,700.92,0
29207,90.91,692.37,0
29219,83.33,579.81,0
29231,83.33,501.65,0
29242,90.91,548.69,0
29253,90.91,671.21,0
29264,90.91,707.55,0
29276,83.33,621.30,0
29288,83.33,519.77,0
29299,90.91,515.89,0
29310,90.91,630.04,0
29322,83.33,711.18,0
29333,90.91,657.04,0
29344,90.91,546.73,0
29357,76.92,504.83,0
29368,90.91,586.84,0
29379,90.91,693.94,0
29390,90.91,685.89,0
29402,83.33,584.09,0
29413,90.91,506.50,0
29425,83.33,551.99,0
29436,90.91,667.74,0
29448,83.33,701.81,0
29459,90.91,618.99,0
29470,90.91,525.83,0
29481,90.91,526.78,0
29494,76.92,631.47,0
29505,90.91,703.35,0
29516,90.91,652.98,0
29528,83.33,552.05,0
29539,90.91,514.59,0
29550,90.91,595.41,0
29562,83.33,691.86,0
29574,83.33,677.00,0
29585,90.91,581.19,0
29596,90.91,514.76,0
29607,90.91,564.74,0
29619,83.33,670.02,0
29631,83.33,693.53,0
29642,90.91,609.24,0
29654,83.33,525.56,0
29665,90.91,536.09,0
29676,90.91,640.75,0
29688,90.91,703.99,0
29700,76.92,644.30,0
29711,90.91,544.51,0
29722,90.91,519.63,0
29733,90.91,603.74,0
29745,83.33,694.00,0
29757,90.91,673.39,0
29768,83.33,573.94,0
29779,90.91,510.95,0
29791,83.33,566.70,0
29802,90.91,677.79,0
29813,90.91,694.78,0
29826,83.33,606.24,0
29837,83.33,521.00,0
29848,90.91,532.32,0
29859,90.91,641.47,0
29871,83.33,708.69,0
29882,90.91,643.54,0
29894,83.33,539.32,0
29905,90.91,515.66,0
29917,83.33,604.62,0
29928,90.91,695.06,0
29939,90.91,674.28,0
29950,90.91,569.92,0
29963,76.92,503.35,0
29974,90.91,560.28,0
29985,90.91,678.00,0
29997,83.33,696.98,0
30008,90.91,606.58,0
30019,90.91,517.63,0
30031,83.33,531.17,0
30043,83.33,643.71,0
30054,90.91,709.72,0
30065,90.91,645.37,0
30076,90.91,540.07,0
30088,83.33,509.99,0
30100,83.33,601.98,0
30111,90.91,703.35,0
30123,83.33,685.20,0
30134,90.91,575.04,0
30145,90.91,501.90,0
30156,90.91,558.10,0
30169,76.92,677.76,0
30180,90.91,700.43,0
30191,90.91,608.49,0
30202,90.91,515.33,0
30214,83.33,526.82,0
30225,90.91,644.34,0
30237,83.33,713.49,0
30248,90.91,647.52,0
30260,83.33,539.53,0
30271,90.91,512.21,0
30282,90.91,601.79,0
30294,83.33,701.11,0
30306,83.33,678.58,0
30317,90.91,571.93,0
30328,90.91,506.48,0
30340,83.33,561.74,0
30351,90.91,674.92,0
30362,90.91,698.60,0
30374,83.33,607.15,0
30386,83.33,514.72,0
30397,90.91,528.95,0
30408,90.91,641.45,0
30419,90.91,709.80,0
30431,83.33,648.55,0
30443,83.33,537.94,0
30454,90.91,505.75,0
30466,83.33,600.77,0
30477,90.91,701.58,0
30488,90.91,680.84,0
30499,90.91,571.71,0
30512,76.92,498.93,0
30523,90.91,554.94,0
30534,90.91,677.57,0
30545,90.91,702.95,0
30557,83.33,612.50,0
30569,90.91,515.39,0
30580,83.33,520.54,0
30592,83.33,635.23,0
30603,90.91,711.18,0
30614,90.91,654.22,0
30625,90.91,543.21,0
30638,83.33,505.91,0
30649,83.33,596.53,0
30660,90.91,700.19,0
30671,90.91,684.06,0
30683,83.33,579.98,0
30694,90.91,504.87,0
30706,90.91,558.25,0
30717,83.33,676.28,0
30729,83.33,700.59,0
30740,90.91,614.05,0
30751,90.91,521.94,0
30763,83.33,527.23,0
30775,90.91,635.84,0
30786,90.91,706.96,0
30797,90.91,649.80,0
30809,83.33,542.18,0
30820,90.91,515.21,0
30831,90.91,603.29,0
30843,83.33,698.53,0
30855,83.33,678.95,0
30866,90.91,576.64,0
30877,90.91,509.92,0
30888,90.91,568.36,0
30900,83.33,680.79,0
30912,83.33,688.75,0
30923,90.91,602.49,0
30935,83.33,521.70,0
30946,90.91,535.75,0
30957,90.91,643.22,0
30968,90.91,701.80,0
30981,76.92,638.62,0
30992,90.91,542.72,0
31003,90.91,521.95,0
31014,90.91,608.30,0
31026,83.33,695.25,0
31037,90.91,669.06,0
31049,83.33,568.27,0
31060,90.91,506.03,0
31072,83.33,567.54,0
31083,90.91,680.76,0
31094,90.91,692.26,0
31106,83.33,599.42,0
31118,83.33,519.53,0
31129,90.91,537.15,0
31140,90.91,643.97,0
31152,83.33,704.82,0
31163,90.91,637.97,0
31174,90.91,535.85,0
31186,83.33,519.68,0
31198,83.33,616.64,0
31209,90.91,698.91,0
31220,90.91,664.58,0
31232,83.33,564.05,0
31243,90.91,509.02,0
31255,83.33,571.61,0
31266,90.91,682.35,0
31278,83.33,689.96,0
31289,90.91,594.16,0
31300,90.91,515.79,0
31311,90.91,543.13,0
31324,76.92,654.37,0
31335,90.91,708.81,0
31346,90.91,639.10,0
31357,90.91,530.19,0
31369,83.33,511.03,0
31380,90.91,614.14,0
31392,83.33,705.40,0
31404,83.33,668.25,0
31415,90.91,562.00,0
31426,90.91,500.56,0
31437,90.91,567.87,0
31450,83.33,687.32,0
31461,83.33,699.44,0
31472,90.91,597.35,0
31483,90.91,508.19,0
31495,83.33,534.12,0
31506,90.91,649.81,0
31518,90.91,709.95,0
31529,83.33,642.63,0
31541,83.33,531.03,0
31552,90.91,503.70,0
31563,90.91,605.89,0
31575,83.33,706.89,0
31587,83.33,675.73,0
31598,90.91,562.33,0
31609,90.91,499.25,0
31621,83.33,562.43,0
31632,90.91,679.26,0
31643,90.91,702.29,0
31655,83.33,610.03,0
31667,83.33,514.11,0
31678,90.91,531.73,0
31689,90.91,643.53,0
31700,90.91,704.46,0
31712,83.33,643.89,0
31724,83.33,538.49,0
31735,90.91,511.18,0
31747,83.33,606.70,0
31758,90.91,702.62,0
31769,90.91,669.96,0
31780,90.91,568.62,0
31793,76.92,514.48,0
31804,90.91,570.04,0
31815,90.91,677.29,0
31826,90.91,694.23,0
31838,83.33,605.06,0
31849,90.91,517.16,0
31861,83.33,537.34,0
31873,83.33,646.76,0
31884,90.91,700.46,0
31895,90.91,638.04,0
31906,90.91,541.13,0
31918,83.33,522.18,0
31930,83.33,613.25,0
31941,90.91,697.55,0
31952,90.91,662.73,0
31964,83.33,563.32,0
31975,90.91,512.24,0
31986,90.91,574.06,0
31998,83.33,679.75,0
32010,83.33,689.79,0
32021,90.91,596.32,0
32032,90.91,516.62,0
32044,83.33,545.30,0
32055,90.91,651.47,0
32067,83.33,700.87,0
32078,90.91,632.38,0
32090,83.33,533.07,0
32101,90.91,516.90,0
32112,90.91,617.23,0
32123,90.91,704.95,0
32136,76.92,665.02,0
32147,90.91,560.77,0
32158,90.91,509.82,0
32169,90.91,578.58,0
32181,83.33,688.56,0
32192,90.91,690.32,0
32204,83.33,591.12,0
32216,83.33,507.97,0
32227,90.91,543.21,0
32238,90.91,661.27,0
32249,90.91,704.34,0
32262,83.33,628.22,0
32273,83.33,529.00,0
32284,90.91,517.22,0
32295,90.91,619.72,0
32307,83.33,705.34,0
32318,90.91,664.65,0
32330,90.91,555.33,0
32342,76.92,500.89,0
32353,90.91,573.55,0
32364,90.91,686.97,0
32375,90.91,692.64,0
32387,83.33,595.08,0
32399,83.33,510.24,0
32410,90.91,539.28,0
32421,90.91,657.32,0
32433,83.33,708.98,0
32444,90.91,633.78,0
32455,90.91,529.81,0
32467,83.33,516.57,0
32479,83.33,615.10,0
32490,90.91,704.19,0
32501,90.91,666.06,0
32513,83.33,559.54,0
32524,90.91,504.84,0
32536,83.33,576.32,0
32547,90.91,685.02,0
32559,83.33,688.82,0
32570,90.91,594.60,0
32581,90.91,512.81,0
32592,90.91,541.46,0
32605,76.92,657.97,0
32616,90.91,709.30,0
32627,90.91,632.54,0
32638,90.91,529.46,0
32650,83.33,517.63,0
32661,90.91,616.51,0
32673,83.33,703.23,0
32685,83.33,665.27,0
32696,90.91,559.29,0
32707,90.91,506.25,0
32718,90.91,579.12,0
32730,83.33,690.09,0
32742,83.33,690.87,0
32753,90.91,595.32,0
32764,90.91,516.74,0
32776,83.33,545.35,0
32787,90.91,657.13,0
32798,90.91,704.14,0
32811,76.92,630.19,0
32822,90.91,530.58,0
32833,90.91,518.19,0
32844,90.91,618.42,0
32856,83.33,700.06,0
32867,90.91,662.17,0
32879,83.33,559.79,0
32890,90.91,512.39,0
32902,83.33,583.75,0
32913,90.91,685.08,0
32924,90.91,682.66,0
32935,90.91,589.18,0
32948,76.92,518.32,0
32959,90.91,558.16,0
32970,90.91,663.21,0
32982,83.33,694.28,0
32993,90.91,618.22,0
33005,90.91,527.71,0
33016,83.33,531.43,0
33028,83.33,632.74,0
33039,90.91,699.35,0
33050,90.91,647.60,0
33061,90.91,546.66,0
33074,83.33,514.94,0
33085,83.33,596.55,0
33096,90.91,693.83,0
33107,90.91,679.24,0
33119,83.33,581.50,0
33130,90.91,513.00,0
33142,83.33,558.47,0
33154,83.33,671.67,0
33165,90.91,698.59,0
33176,90.91,611.41,0
33187,90.91,516.42,0
33199,83.33,526.62,0
33211,83.33,640.41,0
33222,90.91,706.55,0
33233,90.91,648.38,0
33245,83.33,545.46,0
33256,90.91,508.80,0
33267,90.91,595.05,0
33280,76.92,701.25,0
33291,90.91,686.15,0
33302,90.91,576.66,0
33313,90.91,501.98,0
33325,83.33,553.23,0
33336,90.91,671.40,0
33348,83.33,700.47,0
33359,90.91,613.33,0
33371,83.33,517.66,0
33382,90.91,519.06,0
33393,90.91,635.17,0
33404,90.91,715.14,0
33417,76.92,650.69,0
33428,90.91,539.50,0
33439,90.91,509.50,0
33451,83.33,594.29,0
33462,90.91,695.68,0
33473,90.91,683.59,0
33485,83.33,577.48,0
33497,83.33,503.15,0
33508,90.91,551.40,0
33519,90.91,673.26,0
33530,90.91,702.77,0
33542,83.33,613.75,0
33554,83.33,520.04,0
33565,90.91,525.76,0
33576,90.91,635.85,0
33588,83.33,709.23,0
33599,90.91,652.26,0
33610,90.91,545.30,0
33623,76.92,508.98,0
33634,90.91,597.29,0
33645,90.91,696.14,0
33656,90.91,678.02,0
33668,83.33,575.62,0
33679,90.91,506.84,0
33691,83.33,556.38,0
33702,90.91,673.94,0
33714,83.33,699.96,0
33725,90.91,614.10,0
33736,90.91,520.64,0
33748,90.91,528.13,0
33760,76.92,639.33,0
33771,90.91,709.92,0
33782,90.91,648.58,0
33794,83.33,539.28,0
33805,90.91,508.25,0
33817,90.91,599.36,0
33828,83.33,696.71,0
33840,83.33,677.53,0
33851,90.91,575.99,0
33862,90.91,506.87,0
33873,90.91,565.06,0
33886,83.33,679.35,0
33897,83.33,695.66,0
33908,90.91,605.48,0
33920,83.33,523.38,0
33931,90.91,538.76,0
33942,90.91,645.20,0
33954,83.33,705.28,0
33966,83.33,637.41,0
33977,90.91,535.61,0
33988,90.91,517.81,0
33999,90.91,615.17,0
34011,83.33,697.28,0
34023,83.33,662.46,0
34034,90.91,570.42,0
34045,90.91,515.79,0
34057,83.33,578.25,0
34068,90.91,688.58,0
34079,90.91,687.31,0
34092,76.92,593.21,0
34103,90.91,520.55,0
34114,90.91,545.10,0
34125,90.91,655.63,0
34137,83.33,698.29,0
34148,90.91,624.92,0
34160,83.33,530.76,0
34171,90.91,521.40,0
34183,83.33,620.62,0
34194,90.91,704.43,0
34205,90.91,663.44,0
34216,90.91,559.03,0
34229,76.92,512.64,0
34240,90.91,581.40,0
34251,90.91,686.13,0
34263,83.33,691.00,0
34274,90.91,588.87,0
34285,90.91,509.07,0
34297,83.33,544.36,0
34309,83.33,660.52,0
34320,90.91,705.23,0
34331,90.91,626.63,0
34342,90.91,526.30,0
34354,83.33,519.19,0
34366,83.33,623.97,0
34377,90.91,709.91,0
34388,90.91,665.17,0
34400,83.33,553.53,0
34411,90.91,504.14,0
34422,90.91,576.71,0
34435,76.92,689.24,0
34446,90.91,692.21,0
34457,90.91,589.69,0
34468,90.91,504.88,0
34480,83.33,540.20,0
34491,90.91,659.70,0
34503,83.33,708.49,0
34514,90.91,629.68,0
34526,83.33,527.36,0
34537,90.91,516.12,0
34548,90.91,619.04,0
34561,83.33,704.88,0
34572,83.33,666.64,0
34583,90.91,557.57,0
34594,90.91,502.13,0
34606,83.33,575.75,0
34617,90.91,690.10,0
34629,90.91,693.10,0
34640,83.33,590.99,0
34652,83.33,509.42,0
34663,90.91,544.90,0
34674,90.91,662.12,0
34685,90.91,707.32,0
34698,76.92,631.57,0
34709,90.91,530.34,0
34720,90.91,520.11,0
34732,83.33,623.72,0
34743,90.91,701.81,0
34754,90.91,653.12,0
34766,83.33,550.85,0
34778,83.33,511.00,0
34789,90.91,585.15,0
34800,90.91,685.75,0
34811,90.91,683.78,0
34823,83.33,588.28,0
34835,83.33,513.44,0
34846,90.91,556.76,0
34857,90.91,669.74,0
34869,83.33,701.75,0
34880,90.91,619.46,0
34891,90.91,526.14,0
34904,76.92,530.49,0
34915,90.91,633.28,0
34926,90.91,703.31,0
34937,90.91,649.52,0
34949,83.33,550.05,0
34960,90.91,513.29,0
34972,83.33,592.37,0
34983,90.91,695.78,0
34995,83.33,685.21,0
35006,90.91,582.90,0
35017,90.91,510.55,0
35028,90.91,556.98,0
35041,76.92,669.56,0
35052,90.91,696.86,0
35063,90.91,614.08,0
35075,83.33,523.18,0
35086,90.91,524.64,0
35097,90.91,634.34,0
35109,83.33,704.26,0
35121,83.33,647.42,0
35132,90.91,547.05,0
35143,90.91,511.44,0
35154,90.91,592.85,0
35166,83.33,695.80,0
35178,83.33,683.47,0
35189,90.91,579.62,0
35201,83.33,505.41,0
35212,90.91,554.73,0
35223,90.91,670.13,0
35234,90.91,697.71,0
35247,76.92,613.75,0
35258,90.91,517.25,0
35269,90.91,521.93,0
35280,90.91,636.27,0
35292,83.33,713.42,0
35303,90.91,651.83,0
35315,83.33,545.23,0
35326,90.91,511.45,0
35338,83.33,594.77,0
35349,90.91,696.61,0
35360,90.91,683.05,0
35373,83.33,574.83,0
35384,83.33,503.23,0
35395,90.91,553.77,0
35406,90.91,669.47,0
35418,83.33,700.56,0
35429,90.91,615.82,0
35441,90.91,520.46,0
35452,83.33,526.55,0
35464,83.33,636.75,0
35475,90.91,707.47,0
35486,90.91,650.67,0
35497,90.91,544.32,0
35510,83.33,508.49,0
35521,83.33,593.44,0
35532,90.91,697.08,0
35544,83.33,679.84,0
35555,90.91,575.88,0
35566,90.91,507.26,0
35578,83.33,560.00,0
35590,83.33,671.40,0
35601,90.91,697.30,0
35612,90.91,616.67,0
35623,90.91,522.10,0
35635,83.33,529.72,0
35647,83.33,641.62,0
35658,90.91,705.14,0
35670,83.33,642.26,0
35681,90.91,545.37,0
35692,90.91,515.45,0
35703,90.91,598.12,0
35716,76.92,694.06,0
35727,90.91,676.17,0
35738,90.91,572.96,0
35749,90.91,511.11,0
35761,83.33,573.06,0
35772,90.91,682.09,0
35784,83.33,694.03,0
35795,90.91,606.02,0
35807,83.33,523.19,0
35818,90.91,541.53,0
35829,90.91,649.26,0
35841,83.33,699.41,0
35853,83.33,630.66,0
35864,90.91,538.10,0
35875,90.91,523.70,0
35887,83.33,613.28,0
35898,90.91,698.94,0
35909,90.91,663.74,0
35921,83.33,561.36,0
35933,83.33,515.86,0
35944,90.91,583.83,0
35955,90.91,685.72,0
35966,90.91,687.86,0
35978,83.33,595.88,0
35990,83.33,515.98,0
36001,90.91,545.06,0
36013,83.33,659.36,0
36024,90.91,700.94,0
36035,90.91,623.00,0
36046,90.91,527.80,0
36059,76.92,519.66,0
36070,90.91,621.76,0
36081,90.91,707.52,0
36092,90.91,668.94,0
36104,83.33,557.47,0
36115,90.91,502.23,0
36127,83.33,580.52,0
36139,83.33,695.49,0
36150,90.91,696.56,0
36161,90.91,594.24,0
36172,90.91,507.29,0
36184,83.33,535.97,0
36196,83.33,658.03,0
36207,90.91,713.71,0
36218,90.91,635.84,0
36230,83.33,526.61,0
36241,90.91,511.68,0
36252,90.91,615.14,0
36264,83.33,709.85,0
36276,83.33,674.55,0
36287,90.91,560.06,0
36298,90.91,501.24,0
36310,83.33,571.76,0
36322,90.91,690.22,0
36333,83.33,698.40,0
36344,90.91,594.41,0
36356,83.33,505.72,0
36367,90.91,533.27,0
36378,90.91,656.18,0
36390,90.91,713.01,0
36402,76.92,639.79,0
36413,90.91,531.88,0
36424,90.91,510.40,0
36435,90.91,615.29,0
36447,83.33,708.34,0
36459,83.33,669.19,0
36470,90.91,559.91,0
36482,83.33,503.17,0
36493,90.91,573.57,0
36504,90.91,683.33,0
36515,90.91,690.80,0
36528,76.92,595.79,0
36539,90.91,508.36,0
36550,90.91,536.45,0
36561,90.91,655.40,0
36573,83.33,708.43,0
36584,90.91,637.62,0
36596,83.33,533.38,0
36608,83.33,519.54,0
36619,90.91,621.04,0
36630,90.91,703.81,0
36641,90.91,658.81,0
36653,83.33,552.91,0
36665,83.33,503.79,0
36676,90.91,578.25,0
36687,90.91,686.16,0
36699,83.33,686.61,0
36710,90.91,591.36,0
36721,90.91,514.19,0
36733,83.33,543.30,0
36745,83.33,656.24,0
36756,90.91,704.23,0
36767,90.91,628.57,0
36779,83.33,530.15,0
36790,90.91,519.09,0
36802,83.33,618.13,0
36813,90.91,701.55,0
36825,83.33,658.16,0
36836,90.91,553.54,0
36847,90.91,506.00,0
36858,90.91,578.65,0
36871,76.92,687.92,0
36882,90.91,688.13,0
36893,90.91,586.74,0
36904,90.91,511.14,0
36916,83.33,547.76,0
36927,90.91,659.87,0
36939,83.33,701.41,0
36951,83.33,626.13,0
36962,90.91,530.15,0
36973,90.91,519.65,0
36984,90.91,620.04,0
36996,83.33,699.13,0
37008,83.33,654.13,0
37019,90.91,554.38,0
37030,90.91,513.27,0
37042,83.33,587.22,0
37053,90.91,688.83,0
37064,90.91,684.80,0
37076,83.33,585.42,0
37088,83.33,512.81,0
37099,90.91,560.79,0
37110,90.91,667.39,0
37122,83.33,691.77,0
37133,90.91,617.86,0
37145,83.33,527.35,0
37156,90.91,528.30,0
37168,83.33,630.83,0
37179,90.91,701.42,0
37190,90.91,646.17,0
37201,90.91,545.68,0
37214,76.92,520.20,0
37225,90.91,601.73,0
37236,90.91,696.50,0
37248,83.33,682.58,0
37259,90.91,575.93,0
37271,90.91,508.02,0
37282,83.33,566.46,0
37294,83.33,677.30,0
37305,90.91,693.83,0
37316,90.91,605.42,0
37327,90.91,520.26,0
37340,83.33,532.26,0
37351,83.33,646.25,0
37362,90.91,708.99,0
37373,90.91,641.10,0
37385,83.33,540.11,0
37396,90.91,517.63,0
37408,90.91,603.44,0
37420,76.92,695.86,0
37431,90.91,674.08,0
37442,90.91,571.00,0
37453,90.91,505.17,0
37465,83.33,563.71,0
37477,83.33,680.70,0
37488,90.91,697.61,0
37499,90.91,608.29,0
37511,83.33,518.26,0
37522,90.91,532.14,0
37533,90.91,649.11,0
37545,83.33,713.60,0
37557,83.33,643.23,0
37568,90.91,533.14,0
37579,90.91,509.24,0
37591,83.33,603.41,0
37602,90.91,702.43,0
37614,83.33,676.58,0
37625,90.91,568.24,0
37637,83.33,504.92,0
37648,90.91,567.53,0
37659,90.91,682.27,0
37670,90.91,698.12,0
37683,76.92,608.12,0
37694,90.91,518.28,0
37705,90.91,527.50,0
37716,90.91,643.73,0
37728,83.33,708.16,0
37739,90.91,639.02,0
37751,83.33,537.24,0
37763,83.33,510.58,0
37774,90.91,599.53,0
37785,90.91,699.95,0
37796,90.91,677.49,0
37808,83.33,569.28,0
37820,83.33,503.89,0
37831,90.91,564.81,0
37842,90.91,679.89,0
37854,83.33,694.80,0
37865,90.91,605.04,0
37876,90.91,515.14,0
37889,76.92,530.69,0
37900,90.91,643.65,0
37911,90.91,705.43,0
37922,90.91,639.64,0
37934,83.33,535.83,0
37945,90.91,515.01,0
37957,83.33,608.32,0
37968,90.91,701.75,0
37980,83.33,675.56,0
37991,90.91,570.60,0
38002,90.91,509.76,0
38014,90.91,571.13,0
38026,76.92,681.92,0
38037,90.91,694.03,0
38048,90.91,600.01,0
38060,83.33,516.49,0
38071,90.91,540.64,0
38083,90.91,651.76,0
38094,83.33,700.52,0
38106,83.33,630.54,0
38117,90.91,533.57,0
38128,90.91,519.99,0
38139,90.91,616.72,0
38152,83.33,702.35,0
38163,90.91,665.95,0
38174,90.91,560.51,0
38185,90.91,510.82,0
38197,83.33,580.57,0
38208,90.91,690.39,0
38220,83.33,691.48,0
38232,83.33,591.02,0
38243,90.91,509.51,0
38254,90.91,543.83,0
38265,90.91,662.99,0
38277,83.33,708.07,0
38289,83.33,630.27,0
38300,90.91,526.87,0
38311,90.91,517.66,0
38323,83.33,623.64,0
38334,90.91,704.98,0
38345,90.91,661.65,0
38358,76.92,560.52,0
38369,90.91,508.27,0
38380,90.91,574.36,0
38391,90.91,688.18,0
38403,83.33,694.08,0
38414,90.91,590.88,0
38426,83.33,506.41,0
38437,90.91,540.82,0
38449,83.33,657.63,0
38460,90.91,705.35,0
38471,90.91,631.64,0
38482,90.91,529.25,0
38495,76.92,518.28,0
38506,90.91,621.27,0
38517,90.91,704.65,0
38529,83.33,662.25,0
38540,90.91,557.30,0
38551,90.91,506.09,0
38563,83.33,578.74,0
38575,83.33,691.72,0
38586,90.91,694.50,0
38597,90.91,595.09,0
38608,90.91,513.74,0
38620,83.33,542.91,0
38632,83.33,657.57,0
38643,90.91,705.59,0
38654,90.91,626.21,0
38666,83.33,527.52,0
38677,90.91,521.98,0
38688,90.91,625.35,0
38701,76.92,705.66,0
38712,90.91,661.41,0
38723,90.91,556.28,0
38734,90.91,508.77,0
38746,83.33,585.21,0
38758,90.91,692.66,0
38769,83.33,685.86,0
38780,90.91,587.64,0
38792,83.33,511.60,0
38803,90.91,547.65,0
38814,90.91,660.43,0
38827,90.91,702.57,0
38838,76.92,623.88,0
38849,90.91,526.02,0
38860,90.91,522.77,0
38872,83.33,626.67,0
38883,90.91,702.71,0
38895,83.33,658.27,0
38906,90.91,549.17,0
38918,83.33,509.64,0
38929,90.91,591.06,0
38940,90.91,692.80,0
38951,90.91,683.95,0
38964,76.92,583.59,0
38975,90.91,510.27,0
38986,90.91,551.54,0
38998,83.33,663.97,0
39009,90.91,699.24,0
39020,90.91,618.87,0
39032,83.33,522.58,0
39044,83.33,522.71,0
39055,90.91,630.19,0
39066,90.91,705.51,0
39077,90.91,659.69,0
39089,83.33,550.15,0
39101,83.33,503.98,0
39112,90.91,590.10,0
39123,90.91,698.78,0
39135,83.33,686.34,0
39146,90.91,584.46,0
39157,90.91,510.49,0
39170,76.92,552.17,0
39181,90.91,663.93,0
39192,90.91,700.08,0
39203,90.91,617.72,0
39215,83.33,521.98,0
39226,90.91,523.76,0
39238,83.33,630.77,0
39249,90.91,705.74,0
39261,83.33,654.29,0
39272,90.91,550.01,0
39283,90.91,510.26,0
39294,90.91,593.75,0
39307,76.92,696.62,0
39318,90.91,681.96,0
39329,90.91,583.18,0
39341,83.33,510.03,0
39352,90.91,555.50,0
39363,90.91,671.09,0
39375,83.33,700.99,0
39387,83.33,617.07,0
39398,90.91,524.80,0
39409,90.91,528.69,0
39420,90.91,634.22,0
39432,83.33,705.01,0
39444,83.33,651.67,0
39455,90.91,549.99,0
39467,83.33,512.27,0
39478,90.91,590.80,0
39489,90.91,692.69,0
39501,90.91,680.97,0
39513,76.92,578.22,0
39524,90.91,510.27,0
39535,90.91,557.05,0
39546,90.91,670.49,0
39558,83.33,702.13,0
39570,90.91,619.60,0
39581,83.33,525.55,0
39592,90.91,527.53,0
39604,83.33,637.10,0
39615,90.91,713.01,0
39626,90.91,655.75,0
39639,76.92,548.57,0
39650,90.91,506.90,0
39661,90.91,592.99,0
39672,90.91,696.33,0
39684,83.33,680.90,0
39695,90.91,574.52,0
39707,83.33,501.76,0
39718,90.91,551.02,0
39730,83.33,671.25,0
39741,90.91,704.26,0
39752,90.91,620.08,0
39763,90.91,524.26,0
39776,76.92,526.16,0
39787,90.91,633.89,0
39798,90.91,710.88,0
39810,83.33,662.61,0
39821,90.91,548.76,0
39832,90.91,505.12,0
39844,83.33,588.05,0
39856,83.33,694.12,0
39867,90.91,686.73,0
39878,90.91,583.99,0
39889,90.91,507.57,0
39901,83.33,551.61,0
39913,83.33,669.49,0
39924,90.91,705.38,0
39936,83.33,622.09,0
39947,90.91,526.66,0
39958,90.91,527.68,0
39969,90.91,627.91,0
39982,76.92,701.22,0
39993,90.91,651.22,0
40004,90.91,545.54,0
40015,90.91,511.03,0
40027,83.33,591.15,0
40038,90.91,690.26,0
40050,83.33,679.88,0
40061,90.91,581.93,0
40073,83.33,511.78,0
40084,90.91,559.59,0
40095,90.91,672.60,0
40107,83.33,698.66,0
40119,83.33,613.73,0
40130,90.91,523.38,0
40141,90.91,530.65,0
40153,83.33,633.82,0
40164,90.91,702.60,0
40175,90.91,647.97,0
40187,83.33,540.71,0
40199,83.33,507.43,0
40210,90.91,598.66,0
40221,90.91,697.35,0
40232,90.91,680.28,0
40245,83.33,580.02,0
40256,83.33,507.49,0
40267,90.91,559.32,0
40279,83.33,678.46,0
40290,90.91,705.58,0
40301,90.91,612.35,0
40313,90.91,515.75,0
40325,76.92,526.80,0
40336,90.91,637.28,0
40347,90.91,704.93,0
40358,90.91,650.22,0
40370,83.33,543.00,0
40382,90.91,509.64,0
40393,83.33,599.25,0
40404,90.91,699.80,0
40416,83.33,684.27,0
40427,90.91,578.83,0
40438,90.91,507.28,0
40451,83.33,558.68,0
40462,83.33,677.13,0
40473,90.91,702.97,0
40484,90.91,612.26,0
40496,83.33,519.18,0
40507,90.91,525.82,0
40519,83.33,638.94,0
40530,90.91,711.42,0
40542,83.33,650.17,0
40553,90.91,544.44,0
40564,90.91,510.36,0
40576,83.33,599.24,0
40588,83.33,703.15,0
40599,90.91,683.84,0
40610,90.91,576.76,0
40622,83.33,509.20,0
40633,90.91,562.51,0
40644,90.91,674.72,0
40656,83.33,699.99,0
40668,83.33,614.37,0
40679,90.91,521.26,0
40690,90.91,528.02,0
40701,90.91,638.50,0
40713,83.33,710.74,0
40725,83.33,651.83,0
40736,90.91,542.82,0
40748,83.33,508.60,0
40759,90.91,598.79,0
