66,15.15,-195.36,0
77,90.91,-194.90,0
89,83.33,-195.96,0
100,90.91,-197.12,0
111,90.91,-198.16,0
123,83.33,-198.55,0
135,83.33,-197.74,0
146,90.91,-197.06,0
157,90.91,-196.67,0
168,90.91,-196.75,0
181,83.33,-198.03,0
192,83.33,-199.12,0
203,90.91,-198.67,0
215,83.33,-197.27,0
226,90.91,-196.65,0
237,90.91,-195.47,0
249,83.33,-195.60,0
261,83.33,-196.73,0
272,90.91,-199.53,0
283,90.91,-199.88,0
294,90.91,-199.43,0
306,83.33,-198.65,0
318,83.33,-197.47,0
329,90.91,-196.63,0
340,90.91,-196.73,0
352,83.33,-197.25,0
363,90.91,-198.33,0
374,90.91,-197.92,0
387,76.92,-197.22,0
398,90.91,-196.99,0
409,90.91,-196.67,0
420,90.91,-196.08,0
432,83.33,-197.28,0
444,83.33,-199.07,0
455,90.91,-200.39,0
466,90.91,-199.34,0
478,83.33,-197.81,0
489,90.91,-196.29,0
500,90.91,-195.29,0
513,76.92,-195.27,0
524,90.91,-196.57,0
535,90.91,-198.10,0
546,90.91,-198.74,0
558,83.33,-198.35,0
569,90.91,-197.22,0
581,83.33,-195.80,0
592,90.91,-195.69,0
604,83.33,-196.72,0
615,90.91,-198.64,0
626,90.91,-199.21,0
638,90.91,-198.62,0
650,76.92,-197.36,0
661,90.91,-196.36,0
672,90.91,-195.84,0
684,83.33,-196.21,0
695,90.91,-198.13,0
707,83.33,-200.16,0
718,90.91,-199.51,0
730,83.33,-198.37,0
741,90.91,-197.50,0
752,90.91,-196.58,0
763,90.91,-195.47,0
776,76.92,-195.95,0
787,90.91,-197.56,0
798,90.91,-198.53,0
809,90.91,-198.41,0
821,83.33,-198.51,0
832,90.91,-197.20,0
844,83.33,-196.74,0
856,83.33,-196.52,0
867,90.91,-197.21,0
878,90.91,-198.70,0
889,90.91,-198.30,0
902,83.33,-197.56,0
913,83.33,-197.12,0
924,90.91,-196.27,0
935,90.91,-195.30,0
947,83.33,-195.90,0
958,90.91,-198.24,0
970,83.33,-199.16,0
982,83.33,-198.46,0
993,90.91,-198.01,0
1004,90.91,-196.16,0
1015,90.91,-195.02,0
1027,83.33,-195.44,0
1039,83.33,-196.99,0
1050,90.91,-199.10,0
1061,90.91,-199.01,0
1073,83.33,-198.24,0
1084,90.91,-198.37,0
1095,90.91,-196.97,0
1107,83.33,-196.19,0
1119,83.33,-196.99,0
1130,90.91,-198.21,0
1141,90.91,-198.95,0
1153,83.33,-199.09,0
1165,83.33,-198.47,0
1176,90.91,-196.97,0
1187,90.91,-195.86,0
1199,83.33,-195.50,0
1210,90.91,-196.76,0
1221,90.91,-198.06,0
1233,83.33,-198.52,0
1245,83.33,-198.50,0
1256,90.91,-197.96,0
1267,90.91,-197.02,0
1278,90.91,-196.16,0
1290,83.33,-196.50,0
1302,83.33,-198.09,0
1313,90.91,-198.88,0
1325,83.33,-198.52,0
1336,90.91,-197.54,0
1347,90.91,-196.69,0
1358,90.91,-196.55,0
1371,76.92,-195.98,0
1382,90.91,-197.94,0
1393,90.91,-200.02,0
1404,90.91,-200.05,0
1416,83.33,-198.83,0
1428,83.33,-197.46,0
1439,90.91,-196.65,0
1451,83.33,-196.45,0
1462,90.91,-196.68,0
1473,90.91,-198.35,0
1484,90.91,-199.18,0
1497,76.92,-198.38,0
1508,90.91,-198.00,0
1519,90.91,-197.38,0
1530,90.91,-196.41,0
1542,83.33,-196.17,0
1553,90.91,-196.79,0
1565,83.33,-198.98,0
1576,90.91,-198.68,0
1588,83.33,-198.11,0
1599,90.91,-197.41,0
1610,90.91,-196.98,0
1623,83.33,-196.62,0
1634,83.33,-196.52,0
1645,90.91,-198.12,0
1656,90.91,-198.95,0
1668,83.33,-198.71,0
1679,90.91,-198.10,0
1691,83.33,-196.39,0
1702,90.91,-195.76,0
1714,83.33,-195.91,0
1725,90.91,-196.84,0
1736,90.91,-198.16,0
1747,90.91,-198.34,0
1760,76.92,-197.94,0
1771,90.91,-197.26,0
1782,90.91,-196.42,0
1794,83.33,-196.16,0
1805,90.91,-196.61,0
1816,90.91,-198.27,0
1828,83.33,-199.26,0
1840,83.33,-199.08,0
1851,90.91,-198.16,0
1862,90.91,-196.78,0
1873,90.91,-196.01,0
1886,83.33,-195.77,0
1897,83.33,-196.60,0
1908,90.91,-198.49,0
1920,83.33,-198.79,0
1931,90.91,-198.44,0
1942,90.91,-197.46,0
1954,83.33,-196.73,0
1966,83.33,-196.11,0
1977,90.91,-197.11,0
1988,90.91,-198.20,0
1999,90.91,-198.96,0
2011,83.33,-198.55,0
2023,83.33,-198.24,0
2034,90.91,-197.12,0
2045,90.91,-195.76,0
2057,83.33,-195.13,0
2068,90.91,-196.88,0
2079,90.91,-198.76,0
2092,76.92,-198.91,0
2103,90.91,-198.73,0
2114,90.91,-198.25,0
2125,90.91,-196.72,0
2137,83.33,-195.65,0
2149,90.91,-195.71,0
2160,83.33,-197.50,0
2171,90.91,-199.19,0
2183,83.33,-198.88,0
2194,90.91,-199.19,0
2205,90.91,-197.49,0
2217,83.33,-196.32,0
2229,83.33,-195.93,0
2240,90.91,-197.30,0
2251,90.91,-198.89,0
2263,83.33,-198.75,0
2274,90.91,-198.48,0
2286,83.33,-197.82,0
2297,90.91,-196.08,0
2309,83.33,-195.28,0
2320,90.91,-195.88,0
2331,90.91,-197.77,0
2342,90.91,-199.06,0
2355,76.92,-198.40,0
2366,90.91,-198.53,0
2377,90.91,-197.53,0
2388,90.91,-195.61,0
2400,83.33,-195.23,0
2412,90.91,-197.04,0
2423,83.33,-198.93,0
2435,83.33,-198.97,0
2446,90.91,-197.99,0
2457,90.91,-197.10,0
2468,90.91,-196.40,0
2481,76.92,-195.98,0
2492,90.91,-196.00,0
2503,90.91,-197.39,0
2514,90.91,-199.10,0
2526,83.33,-199.77,0
2537,90.91,-198.91,0
2549,83.33,-197.38,0
2561,83.33,-196.24,0
2572,90.91,-196.17,0
2583,90.91,-196.60,0
2594,90.91,-198.60,0
2606,83.33,-200.10,0
2618,83.33,-199.56,0
2629,90.91,-198.15,0
2640,90.91,-197.07,0
2652,83.33,-195.71,0
2663,90.91,-196.15,0
2675,90.91,-197.74,0
2686,83.33,-199.54,0
2698,83.33,-199.25,0
2709,90.91,-198.28,0
2720,90.91,-197.57,0
2732,83.33,-196.59,0
2744,83.33,-195.88,0
2755,90.91,-197.25,0
2766,90.91,-198.64,0
2778,83.33,-198.75,0
2789,90.91,-198.77,0
2800,90.91,-197.99,0
2812,83.33,-197.16,0
2824,83.33,-195.92,0
2835,90.91,-195.61,0
2846,90.91,-197.32,0
2857,90.91,-198.73,0
2869,83.33,-198.31,0
2881,83.33,-199.01,0
2892,90.91,-198.19,0
2904,83.33,-196.43,0
2915,90.91,-196.21,0
2926,90.91,-196.68,0
2938,90.91,-198.11,0
2950,76.92,-198.85,0
2961,90.91,-199.16,0
2972,90.91,-198.51,0
2983,90.91,-197.60,0
2995,83.33,-196.74,0
3007,83.33,-195.73,0
3018,90.91,-196.95,0
3030,83.33,-198.92,0
3041,90.91,-199.09,0
3052,90.91,-198.63,0
3063,90.91,-197.49,0
3076,76.92,-196.56,0
3087,90.91,-195.81,0
3098,90.91,-196.78,0
3109,90.91,-198.32,0
3121,83.33,-199.69,0
3132,90.91,-199.56,0
3144,83.33,-199.01,0
3155,90.91,-197.19,0
3167,83.33,-196.09,0
3178,90.91,-196.03,0
3189,90.91,-198.15,0
3202,83.33,-199.47,0
3213,83.33,-199.83,0
3224,90.91,-198.84,0
3235,90.91,-197.89,0
3247,83.33,-196.70,0
3258,90.91,-196.23,0
3270,83.33,-196.82,0
3281,90.91,-198.03,0
3293,83.33,-199.07,0
3304,90.91,-198.89,0
3315,90.91,-198.50,0
3326,90.91,-196.79,0
3339,76.92,-196.41,0
3350,90.91,-195.87,0
3361,90.91,-197.78,0
3373,83.33,-198.56,0
3384,90.91,-199.58,0
3395,90.91,-198.07,0
3407,83.33,-198.57,0
3419,83.33,-196.37,0
3430,90.91,-195.59,0
3441,90.91,-196.63,0
3452,90.91,-197.87,0
3465,83.33,-199.65,0
3476,83.33,-198.39,0
3487,90.91,-198.03,0
3499,83.33,-196.86,0
3510,90.91,-195.95,0
3521,90.91,-196.13,0
3533,83.33,-196.41,0
3545,83.33,-198.98,0
3556,90.91,-199.99,0
3567,90.91,-199.51,0
3578,90.91,-198.18,0
3590,83.33,-196.29,0
3602,83.33,-196.38,0
3613,90.91,-196.78,0
3624,90.91,-198.44,0
3636,83.33,-199.18,0
3647,90.91,-198.27,0
3658,90.91,-198.02,0
3671,76.92,-196.61,0
3682,90.91,-195.61,0
3693,90.91,-196.32,0
3704,90.91,-197.31,0
3716,83.33,-199.90,0
3728,90.91,-199.54,0
3739,83.33,-199.02,0
3750,90.91,-197.50,0
3762,83.33,-196.13,0
3773,90.91,-195.68,0
3784,90.91,-195.88,0
3796,83.33,-198.28,0
3808,83.33,-199.23,0
3819,90.91,-199.47,0
3830,90.91,-198.70,0
3842,83.33,-196.97,0
3853,90.91,-196.27,0
3865,83.33,-196.23,0
3876,90.91,-198.01,0
3888,83.33,-199.27,0
3899,90.91,-198.84,0
3910,90.91,-198.55,0
3921,90.91,-198.00,0
3934,76.92,-196.52,0
3945,90.91,-195.73,0
3956,90.91,-195.65,0
3968,83.33,-197.86,0
3979,90.91,-198.66,0
3991,83.33,-198.70,0
4002,90.91,-198.38,0
4014,83.33,-197.19,0
4025,90.91,-196.11,0
4036,90.91,-195.38,0
4047,90.91,-196.16,0
4060,76.92,-198.09,0
4071,90.91,-198.74,0
4082,90.91,-198.82,0
4093,90.91,-198.26,0
4105,83.33,-197.00,0
4116,90.91,-196.00,0
4128,83.33,-196.27,0
4140,83.33,-198.18,0
4151,90.91,-199.16,0
4162,90.91,-198.38,0
4173,90.91,-198.27,0
4186,83.33,-197.36,0
4197,83.33,-196.39,0
4208,90.91,-195.76,0
4219,90.91,-196.76,0
4231,83.33,-198.35,0
4242,90.91,-199.27,0
4254,83.33,-199.14,0
4265,90.91,-198.03,0
4277,83.33,-197.01,0
4288,90.91,-196.65,0
4299,90.91,-196.64,0
4311,83.33,-198.35,0
4323,83.33,-199.30,0
4334,90.91,-199.16,0
4345,90.91,-198.50,0
4357,83.33,-196.98,0
4368,90.91,-196.39,0
4379,90.91,-196.65,0
4391,83.33,-197.82,0
4403,83.33,-198.68,0
4414,90.91,-199.17,0
4425,90.91,-198.61,0
4436,90.91,-197.66,0
4449,83.33,-197.23,0
4460,83.33,-195.97,0
4471,90.91,-196.22,0
4483,83.33,-197.01,0
4494,90.91,-198.63,0
4505,90.91,-199.33,0
4517,83.33,-198.81,0
4529,83.33,-197.61,0
4540,90.91,-196.66,0
4551,90.91,-196.43,0
4562,90.91,-197.11,0
4574,83.33,-198.12,0
4586,83.33,-199.69,0
4597,90.91,-198.33,0
4609,83.33,-197.42,0
4620,90.91,-196.45,0
4631,90.91,-195.71,0
4642,90.91,-195.97,0
4655,76.92,-197.25,0
4666,90.91,-198.52,0
4677,90.91,-198.97,0
4688,90.91,-198.90,0
4700,83.33,-198.37,0
4712,90.91,-197.22,0
4723,83.33,-196.73,0
4734,90.91,-196.89,0
4746,83.33,-198.57,0
4757,90.91,-198.96,0
4768,90.91,-198.47,0
4781,76.92,-197.51,0
4792,90.91,-196.59,0
4803,90.91,-195.35,0
4814,90.91,-195.61,0
4826,83.33,-197.72,0
4837,90.91,-199.08,0
4849,83.33,-199.12,0
4860,90.91,-198.43,0
4872,83.33,-197.55,0
4883,90.91,-196.23,0
4894,90.91,-195.70,0
4905,90.91,-196.72,0
4918,76.92,-197.86,0
4929,90.91,-198.91,0
4940,90.91,-198.91,0
4952,83.33,-198.73,0
4963,90.91,-197.25,0
4975,90.91,-196.16,0
4986,83.33,-195.95,0
4998,83.33,-197.32,0
5009,90.91,-198.98,0
5020,90.91,-199.51,0
5031,90.91,-198.64,0
5044,76.92,-197.45,0
5055,90.91,-196.30,0
5066,90.91,-196.15,0
5078,83.33,-196.45,0
5089,90.91,-197.98,0
5100,90.91,-199.01,0
5112,83.33,-199.47,0
5124,83.33,-198.48,0
5135,90.91,-197.48,0
5146,90.91,-196.85,0
5157,90.91,-196.08,0
5169,83.33,-197.55,0
5181,83.33,-198.43,0
5192,90.91,-198.46,0
5203,90.91,-198.91,0
5215,83.33,-197.99,0
5226,90.91,-196.88,0
5238,83.33,-195.88,0
5250,83.33,-196.61,0
5261,90.91,-198.51,0
5272,90.91,-199.46,0
5283,90.91,-199.45,0
5295,83.33,-199.25,0
5307,83.33,-196.91,0
5318,90.91,-195.87,0
5329,90.91,-196.12,0
5341,83.33,-196.53,0
5352,90.91,-197.60,0
5363,90.91,-198.42,0
5376,76.92,-198.96,0
5387,90.91,-198.25,0
5398,90.91,-197.40,0
5409,90.91,-196.71,0
5421,83.33,-197.03,0
5432,90.91,-198.26,0
5444,83.33,-199.49,0
5455,90.91,-198.72,0
5467,83.33,-198.22,0
5478,90.91,-197.94,0
5489,90.91,-196.79,0
5501,83.33,-195.40,0
5513,83.33,-196.36,0
5524,90.91,-198.66,0
5535,90.91,-199.31,0
5547,83.33,-199.17,0
5558,90.91,-198.12,0
5570,83.33,-197.05,0
5581,90.91,-196.24,0
5593,83.33,-195.65,0
5604,90.91,-196.82,0
5615,90.91,-198.01,0
5626,90.91,-198.87,0
5639,76.92,-198.64,0
5650,90.91,-196.89,0
5661,90.91,-196.07,0
5672,90.91,-195.52,0
5684,83.33,-196.67,0
5695,90.91,-198.58,0
5707,83.33,-199.51,0
5719,83.33,-199.35,0
5730,90.91,-198.49,0
5741,90.91,-197.47,0
5752,90.91,-196.49,0
5765,83.33,-196.19,0
5776,90.91,-197.25,0
5787,90.91,-198.19,0
5798,90.91,-198.57,0
5810,83.33,-197.92,0
5821,90.91,-197.19,0
5833,83.33,-196.21,0
5844,90.91,-195.96,0
5856,83.33,-197.16,0
5867,90.91,-198.66,0
5878,90.91,-199.20,0
5890,83.33,-199.75,0
5902,83.33,-198.72,0
5913,90.91,-196.90,0
5924,90.91,-194.96,0
5936,83.33,-195.32,0
5947,90.91,-197.19,0
5958,90.91,-198.65,0
5970,83.33,-199.31,0
5982,83.33,-198.92,0
5993,90.91,-197.47,0
6004,90.91,-196.94,0
6016,83.33,-196.06,0
6028,83.33,-196.69,0
6039,90.91,-197.79,0
6050,90.91,-198.60,0
6062,83.33,-198.78,0
6073,90.91,-197.98,0
6084,90.91,-197.20,0
6096,83.33,-196.00,0
6108,83.33,-196.11,0
6119,90.91,-197.22,0
6130,90.91,-199.42,0
6141,90.91,-199.70,0
6153,83.33,-199.22,0
6165,83.33,-198.40,0
6176,90.91,-196.81,0
6188,83.33,-195.07,0
6199,90.91,-195.82,0
6210,90.91,-197.49,0
6222,90.91,-198.68,0
6234,76.92,-198.70,0
6245,90.91,-197.98,0
6256,90.91,-197.34,0
6267,90.91,-196.95,0
6279,83.33,-196.33,0
6291,83.33,-197.18,0
6302,90.91,-199.04,0
6313,90.91,-199.00,0
6325,83.33,-198.26,0
6336,90.91,-197.38,0
6347,90.91,-196.09,0
6360,76.92,-195.70,0
6371,90.91,-196.41,0
6382,90.91,-197.80,0
6393,90.91,-199.43,0
6405,83.33,-199.24,0
6416,90.91,-198.84,0
6428,83.33,-197.81,0
6439,90.91,-196.30,0
6451,83.33,-195.28,0
6462,90.91,-196.35,0
6473,90.91,-198.14,0
6486,90.91,-198.54,0
6497,76.92,-197.67,0
6508,90.91,-197.60,0
6519,90.91,-196.81,0
6531,83.33,-195.90,0
6542,90.91,-196.32,0
6554,83.33,-198.18,0
6565,90.91,-198.73,0
6577,83.33,-199.16,0
6588,90.91,-198.38,0
6599,90.91,-197.35,0
6610,90.91,-196.03,0
6623,76.92,-195.41,0
6634,90.91,-196.31,0
6645,90.91,-197.59,0
6657,83.33,-198.22,0
6668,90.91,-198.29,0
6679,90.91,-197.95,0
6691,83.33,-197.64,0
6703,83.33,-196.65,0
6714,90.91,-196.63,0
6725,90.91,-197.78,0
6736,90.91,-198.95,0
6749,83.33,-199.15,0
6760,83.33,-198.57,0
6771,90.91,-197.47,0
6782,90.91,-196.00,0
6794,83.33,-195.40,0
6805,90.91,-196.39,0
6817,83.33,-198.73,0
6829,83.33,-199.73,0
6840,90.91,-199.03,0
6851,90.91,-197.87,0
6862,90.91,-196.89,0
6874,83.33,-195.89,0
6886,83.33,-196.65,0
6897,90.91,-197.81,0
6908,90.91,-199.14,0
6920,83.33,-199.13,0
6931,90.91,-198.75,0
6942,90.91,-197.42,0
6955,76.92,-195.99,0
6966,90.91,-196.00,0
6977,90.91,-197.12,0
6988,90.91,-198.40,0
7000,83.33,-199.41,0
7012,83.33,-199.71,0
7023,90.91,-198.77,0
7034,90.91,-197.22,0
7046,83.33,-195.82,0
7057,90.91,-195.37,0
7068,90.91,-196.36,0
7080,83.33,-197.94,0
7092,83.33,-198.64,0
7103,90.91,-198.63,0
7114,90.91,-197.76,0
7126,83.33,-197.12,0
7137,90.91,-196.34,0
7149,83.33,-196.70,0
7160,90.91,-198.67,0
7172,83.33,-199.72,0
7183,90.91,-198.58,0
7194,90.91,-197.86,0
7205,90.91,-196.89,0
7218,76.92,-196.19,0
7229,90.91,-195.58,0
7240,90.91,-197.26,0
7251,90.91,-199.14,0
7263,83.33,-199.50,0
7275,83.33,-198.89,0
7286,90.91,-198.11,0
7298,83.33,-196.88,0
7309,90.91,-196.10,0
7320,90.91,-196.37,0
7331,90.91,-198.23,0
7344,76.92,-199.63,0
7355,90.91,-199.08,0
7366,90.91,-198.22,0
7377,90.91,-197.19,0
7389,83.33,-196.27,0
7400,90.91,-196.07,0
7412,83.33,-196.42,0
7424,83.33,-198.16,0
7435,90.91,-199.23,0
7446,90.91,-198.42,0
7457,90.91,-197.94,0
7470,83.33,-196.88,0
7481,83.33,-195.95,0
7492,90.91,-196.76,0
7503,90.91,-198.03,0
7515,83.33,-198.95,0
7526,90.91,-198.68,0
7538,83.33,-198.57,0
7549,90.91,-197.66,0
7561,83.33,-196.60,0
7572,90.91,-196.19,0
7583,90.91,-197.22,0
7595,83.33,-198.83,0
7607,83.33,-199.39,0
7618,90.91,-198.30,0
7629,90.91,-197.23,0
7641,83.33,-196.68,0
7652,90.91,-195.18,0
7663,90.91,-196.13,0
7675,83.33,-197.26,0
7687,83.33,-198.97,0
7698,90.91,-199.52,0
7709,90.91,-199.08,0
7720,90.91,-197.84,0
7733,83.33,-196.13,0
7744,83.33,-196.12,0
7755,90.91,-196.11,0
7767,83.33,-197.55,0
7778,90.91,-198.08,0
7789,90.91,-198.39,0
7801,83.33,-197.67,0
7813,83.33,-196.89,0
7824,90.91,-196.45,0
7835,90.91,-197.00,0
7846,90.91,-197.94,0
7858,83.33,-198.77,0
7870,83.33,-199.04,0
7881,90.91,-198.52,0
7892,90.91,-197.57,0
7904,83.33,-197.22,0
7915,90.91,-196.32,0
7926,90.91,-196.57,0
7939,76.92,-198.47,0
7950,90.91,-199.25,0
7961,90.91,-199.79,0
7972,90.91,-199.08,0
7984,83.33,-197.95,0
7996,90.91,-196.27,0
8007,83.33,-196.31,0
8018,90.91,-197.65,0
8030,83.33,-198.69,0
8041,90.91,-198.70,0
8052,90.91,-198.27,0
8065,76.92,-197.89,0
8076,90.91,-196.34,0
8087,90.91,-195.37,0
8098,90.91,-196.74,0
8110,83.33,-199.42,0
8121,90.91,-200.03,0
8133,83.33,-199.49,0
8144,90.91,-198.41,0
8156,83.33,-197.06,0
8167,90.91,-196.12,0
8178,90.91,-196.36,0
8189,90.91,-196.89,0
8202,76.92,-198.15,0
8213,90.91,-198.32,0
8224,90.91,-198.62,0
8236,83.33,-198.13,0
8247,90.91,-197.32,0
8259,83.33,-196.90,0
8270,90.91,-197.06,0
8282,83.33,-198.41,0
8293,90.91,-199.14,0
8304,90.91,-199.06,0
8315,90.91,-198.06,0
8328,76.92,-196.65,0
8339,90.91,-195.37,0
8350,90.91,-195.16,0
8361,90.91,-196.67,0
8373,83.33,-198.67,0
8384,90.91,-199.33,0
8396,83.33,-199.69,0
8408,83.33,-198.96,0
8419,90.91,-198.15,0
8430,90.91,-197.60,0
8441,90.91,-197.30,0
8453,83.33,-197.90,0
8465,83.33,-198.17,0
8476,90.91,-197.24,0
8487,90.91,-197.03,0
8499,83.33,-196.23,0
8510,90.91,-195.66,0
8522,83.33,-196.12,0
8534,83.33,-197.63,0
8545,90.91,-199.59,0
8556,90.91,-200.26,0
8567,90.91,-199.97,0
8579,83.33,-198.93,0
8591,83.33,-196.84,0
8602,90.91,-195.63,0
8613,90.91,-195.19,0
8625,83.33,-196.66,0
8636,90.91,-198.42,0
8647,90.91,-198.53,0
8659,83.33,-199.05,0
8671,83.33,-198.50,0
8682,90.91,-197.72,0
8693,90.91,-197.01,0
8705,83.33,-197.84,0
8717,90.91,-199.09,0
8728,83.33,-198.52,0
8739,90.91,-198.02,0
8751,83.33,-196.86,0
8762,90.91,-195.77,0
8773,90.91,-195.60,0
8785,83.33,-195.96,0
8797,83.33,-197.75,0
8808,90.91,-199.89,0
8819,90.91,-200.25,0
8830,90.91,-199.79,0
8842,83.33,-198.53,0
8854,83.33,-196.81,0
8865,90.91,-195.57,0
8877,83.33,-195.59,0
8888,90.91,-197.37,0
8899,90.91,-198.27,0
8910,90.91,-198.12,0
8923,76.92,-198.20,0
8934,90.91,-196.92,0
8945,90.91,-196.73,0
8956,90.91,-197.25,0
8968,83.33,-198.61,0
8980,90.91,-200.08,0
8991,83.33,-200.00,0
9003,83.33,-199.36,0
9014,90.91,-197.04,0
9025,90.91,-195.68,0
9036,90.91,-194.87,0
9049,76.92,-195.20,0
9060,90.91,-197.19,0
9071,90.91,-198.77,0
9082,90.91,-198.74,0
9094,83.33,-198.71,0
9105,90.91,-197.85,0
9117,83.33,-197.53,0
9128,90.91,-197.00,0
9140,83.33,-197.81,0
9151,90.91,-198.96,0
9162,90.91,-198.11,0
9174,83.33,-197.35,0
9186,83.33,-196.50,0
9197,90.91,-195.37,0
9208,90.91,-195.83,0
9220,83.33,-196.92,0
9231,90.91,-198.82,0
9243,90.91,-200.20,0
9254,83.33,-200.08,0
9266,83.33,-198.93,0
9277,90.91,-197.38,0
9288,90.91,-195.76,0
9299,90.91,-195.30,0
9312,76.92,-195.96,0
9323,90.91,-197.26,0
9334,90.91,-197.82,0
9346,83.33,-198.30,0
9357,90.91,-197.51,0
9368,90.91,-197.07,0
9380,83.33,-196.84,0
9392,83.33,-197.86,0
9403,90.91,-198.64,0
9414,90.91,-198.87,0
9425,90.91,-198.75,0
9437,83.33,-197.95,0
9449,83.33,-195.89,0
9460,90.91,-194.29,0
9472,83.33,-194.23,0
9483,90.91,-196.10,0
9494,90.91,-197.91,0
9506,90.91,-198.60,0
9518,76.92,-198.53,0
9529,90.91,-197.86,0
9540,90.91,-196.28,0
9551,90.91,-195.87,0
9563,83.33,-196.69,0
9575,83.33,-197.51,0
9586,90.91,-198.51,0
9597,90.91,-198.61,0
9609,83.33,-197.45,0
9620,90.91,-196.32,0
9631,90.91,-195.24,0
9644,76.92,-195.07,0
9655,90.91,-196.44,0
9666,90.91,-199.26,0
9677,90.91,-199.67,0
9689,83.33,-199.54,0
9700,90.91,-198.28,0
9712,83.33,-196.88,0
9723,90.91,-195.63,0
9735,83.33,-195.87,0
9746,90.91,-197.38,0
9757,90.91,-198.76,0
9769,90.91,-198.53,0
9781,76.92,-197.59,0
9792,90.91,-197.31,0
9803,90.91,-197.20,0
9815,83.33,-197.22,0
9826,90.91,-197.99,0
9838,83.33,-199.48,0
9849,90.91,-199.17,0
9861,83.33,-198.36,0
9872,90.91,-197.09,0
9883,90.91,-196.62,0
9894,90.91,-195.94,0
9907,76.92,-195.78,0
9918,90.91,-197.32,0
9929,90.91,-199.33,0
9940,90.91,-199.20,0
9952,83.33,-198.98,0
9963,90.91,-198.02,0
9975,83.33,-197.06,0
9987,83.33,-196.24,0
9998,90.91,-196.61,0
10009,90.91,-198.17,0
10020,90.91,-198.82,0
10033,76.92,-198.18,0
10044,90.91,-196.95,0
10055,90.91,-196.19,0
10066,90.91,-196.27,0
10078,83.33,-196.79,0
10089,90.91,-197.98,0
10101,83.33,-199.19,0
10113,83.33,-199.19,0
10124,90.91,-198.62,0
10135,90.91,-197.39,0
10146,90.91,-196.24,0
10158,83.33,-195.83,0
10170,83.33,-195.97,0
10181,90.91,-197.40,0
10192,90.91,-198.33,0
10204,83.33,-199.06,0
10215,90.91,-198.91,0
10227,90.91,-198.14,0
10238,83.33,-196.74,0
10250,83.33,-196.89,0
10261,90.91,-198.45,0
10272,90.91,-198.71,0
10284,83.33,-198.46,0
10296,83.33,-197.68,0
10307,90.91,-196.83,0
10318,90.91,-195.91,0
10330,83.33,-195.22,0
10341,90.91,-195.91,0
10352,90.91,-198.55,0
10364,83.33,-199.71,0
10376,83.33,-199.79,0
10387,90.91,-199.23,0
10398,90.91,-197.65,0
10409,90.91,-196.21,0
10421,83.33,-196.10,0
10433,83.33,-196.83,0
10444,90.91,-197.89,0
10456,83.33,-198.12,0
10467,90.91,-197.47,0
10478,90.91,-196.81,0
10490,90.91,-196.33,0
10502,76.92,-196.01,0
10513,90.91,-197.18,0
10524,90.91,-198.88,0
10535,90.91,-199.54,0
10547,83.33,-199.21,0
10559,83.33,-198.29,0
10570,90.91,-196.54,0
10582,83.33,-195.31,0
10593,90.91,-194.86,0
10604,90.91,-196.17,0
10615,90.91,-198.45,0
10628,76.92,-198.92,0
10639,90.91,-198.74,0
10650,90.91,-198.49,0
10661,90.91,-197.63,0
10673,83.33,-196.49,0
10684,90.91,-196.50,0
10696,83.33,-198.28,0
10707,90.91,-199.25,0
10719,83.33,-198.27,0
10730,90.91,-197.50,0
10741,90.91,-196.29,0
10754,83.33,-196.25,0
10765,83.33,-196.47,0
10776,90.91,-197.08,0
10787,90.91,-199.39,0
10799,83.33,-200.23,0
10810,90.91,-200.17,0
10822,83.33,-198.96,0
10833,90.91,-197.37,0
10845,83.33,-195.82,0
10856,90.91,-195.53,0
10867,90.91,-196.50,0
10878,90.91,-197.85,0
10891,76.92,-197.96,0
10902,90.91,-197.98,0
10913,90.91,-197.30,0
10925,83.33,-196.81,0
10936,90.91,-197.23,0
10947,90.91,-198.54,0
10959,83.33,-199.65,0
10971,83.33,-199.78,0
10982,90.91,-199.00,0
10993,90.91,-197.71,0
11004,90.91,-196.17,0
11017,83.33,-194.75,0
11028,83.33,-194.83,0
11039,90.91,-196.83,0
11051,83.33,-198.53,0
11062,90.91,-198.73,0
11073,90.91,-199.00,0
11085,83.33,-198.99,0
11097,83.33,-197.88,0
11108,90.91,-197.42,0
11119,90.91,-197.90,0
11130,90.91,-198.25,0
11142,83.33,-198.06,0
11154,83.33,-197.59,0
11165,90.91,-196.51,0
11176,90.91,-194.87,0
11188,83.33,-194.85,0
11199,90.91,-195.78,0
11210,90.91,-198.04,0
11223,76.92,-200.01,0
11234,90.91,-200.82,0
11245,90.91,-200.75,0
11256,90.91,-199.32,0
11268,83.33,-197.11,0
11280,90.91,-195.44,0
11291,83.33,-195.24,0
11302,90.91,-196.91,0
11314,83.33,-198.01,0
11325,90.91,-197.84,0
11336,90.91,-197.88,0
11348,83.33,-197.68,0
11360,83.33,-197.09,0
11371,90.91,-197.17,0
11382,90.91,-198.81,0
11394,83.33,-200.60,0
11405,90.91,-199.54,0
11417,83.33,-198.46,0
11428,90.91,-196.41,0
11440,83.33,-194.76,0
11451,90.91,-194.14,0
11462,90.91,-196.10,0
11473,90.91,-198.15,0
11486,76.92,-199.96,0
11497,90.91,-199.93,0
11508,90.91,-200.14,0
11520,83.33,-199.66,0
11531,90.91,-197.72,0
11543,83.33,-196.74,0
11554,90.91,-196.92,0
11566,83.33,-197.87,0
11577,90.91,-197.80,0
11588,90.91,-197.31,0
11599,90.91,-196.92,0
11612,76.92,-195.88,0
11623,90.91,-196.14,0
11634,90.91,-197.57,0
11645,90.91,-200.23,0
11657,83.33,-201.13,0
11668,90.91,-200.76,0
11680,83.33,-198.99,0
11692,83.33,-197.76,0
11703,90.91,-195.52,0
11714,90.91,-194.89,0
11725,90.91,-196.26,0
11737,83.33,-198.13,0
11749,83.33,-198.54,0
11760,90.91,-198.54,0
11771,90.91,-198.40,0
11783,83.33,-198.12,0
11794,90.91,-196.76,0
11806,90.91,-197.47,0
11817,83.33,-198.28,0
11829,83.33,-199.25,0
11840,90.91,-198.71,0
11851,90.91,-197.36,0
11863,83.33,-195.99,0
11875,83.33,-194.74,0
11886,90.91,-195.00,0
11897,90.91,-196.49,0
11909,83.33,-199.67,0
11920,90.91,-200.52,0
11931,90.91,-199.46,0
11943,83.33,-198.04,0
11955,83.33,-197.39,0
11966,90.91,-196.59,0
11977,90.91,-196.43,0
11988,90.91,-197.27,0
12000,83.33,-197.46,0
12012,83.33,-197.55,0
12023,90.91,-197.63,0
12035,83.33,-196.88,0
12046,90.91,-196.63,0
12057,90.91,-196.63,0
12069,83.33,-197.97,0
12081,83.33,-199.35,0
12092,90.91,-199.11,0
12103,90.91,-198.86,0
12114,90.91,-198.07,0
12126,83.33,-196.73,0
12138,83.33,-195.11,0
12149,90.91,-195.00,0
12161,83.33,-196.51,0
12172,90.91,-197.96,0
12183,90.91,-198.98,0
12194,90.91,-199.09,0
12207,76.92,-198.70,0
12218,90.91,-196.82,0
12229,90.91,-196.59,0
12240,90.91,-197.52,0
12252,83.33,-198.74,0
12264,90.91,-199.02,0
12275,83.33,-198.84,0
12286,90.91,-197.20,0
12298,83.33,-196.08,0
12309,90.91,-195.38,0
12320,90.91,-196.09,0
12333,76.92,-197.74,0
12344,90.91,-199.65,0
12355,90.91,-200.26,0
12366,90.91,-200.04,0
12378,83.33,-198.09,0
12389,90.91,-196.92,0
12401,83.33,-195.71,0
12412,90.91,-195.95,0
12424,83.33,-196.71,0
12435,90.91,-197.79,0
12446,90.91,-198.27,0
12457,90.91,-197.95,0
12470,76.92,-196.53,0
12481,90.91,-195.95,0
12492,90.91,-196.52,0
12504,83.33,-198.51,0
12515,90.91,-199.91,0
12527,90.91,-199.78,0
12538,83.33,-199.52,0
12550,83.33,-198.00,0
12561,90.91,-197.00,0
12572,90.91,-195.72,0
12583,90.91,-195.51,0
12596,76.92,-197.48,0
12607,90.91,-198.77,0
12618,90.91,-199.54,0
12630,83.33,-199.43,0
12641,90.91,-198.28,0
12652,90.91,-197.04,0
12664,83.33,-196.27,0
12676,83.33,-197.22,0
12687,90.91,-198.45,0
12698,90.91,-198.92,0
12709,90.91,-198.19,0
12721,83.33,-196.79,0
12733,83.33,-195.92,0
12744,90.91,-195.79,0
12755,90.91,-196.72,0
12767,83.33,-198.76,0
12778,90.91,-200.08,0
12790,90.91,-199.86,0
12802,76.92,-199.20,0
12813,90.91,-197.51,0
12824,90.91,-195.76,0
12835,90.91,-195.03,0
12847,83.33,-195.81,0
12859,83.33,-197.43,0
12870,90.91,-198.16,0
12881,90.91,-198.12,0
12893,83.33,-197.99,0
12904,90.91,-197.52,0
12915,90.91,-196.24,0
12928,76.92,-196.92,0
12939,90.91,-198.77,0
12950,90.91,-199.11,0
12961,90.91,-198.90,0
12973,83.33,-197.72,0
12984,90.91,-197.05,0
12996,83.33,-195.36,0
13007,90.91,-195.02,0
13019,83.33,-196.57,0
13030,90.91,-198.97,0
13041,90.91,-199.88,0
13053,90.91,-199.19,0
13065,76.92,-198.86,0
13076,90.91,-197.33,0
13087,90.91,-195.97,0
13099,83.33,-196.58,0
13110,90.91,-198.22,0
13122,83.33,-198.35,0
13133,90.91,-197.63,0
13145,83.33,-197.40,0
13156,90.91,-196.81,0
13167,90.91,-196.40,0
13178,90.91,-196.41,0
13191,76.92,-197.62,0
13202,90.91,-199.66,0
13213,90.91,-200.00,0
13224,90.91,-199.93,0
13236,83.33,-198.42,0
13247,90.91,-196.79,0
13259,83.33,-195.30,0
13271,83.33,-195.33,0
13282,90.91,-196.85,0
13293,90.91,-197.88,0
13304,90.91,-197.95,0
13317,83.33,-198.30,0
13328,83.33,-197.47,0
13339,90.91,-197.21,0
13350,90.91,-196.74,0
13362,83.33,-197.31,0
13373,90.91,-198.85,0
13385,83.33,-199.23,0
13396,90.91,-198.36,0
13408,83.33,-197.61,0
13419,90.91,-196.34,0
13430,90.91,-195.30,0
13442,83.33,-195.55,0
13454,83.33,-197.16,0
13465,90.91,-198.41,0
13476,90.91,-199.51,0
13488,83.33,-199.78,0
13499,90.91,-198.89,0
13510,90.91,-197.67,0
13522,83.33,-196.58,0
13534,83.33,-196.77,0
13545,90.91,-198.35,0
13556,90.91,-199.13,0
13568,83.33,-198.46,0
13580,90.91,-197.46,0
13591,83.33,-196.50,0
13602,90.91,-195.67,0
13614,83.33,-195.83,0
13625,90.91,-197.51,0
13636,90.91,-199.74,0
13648,83.33,-199.81,0
13660,83.33,-200.03,0
13671,90.91,-198.50,0
13682,90.91,-196.88,0
13693,90.91,-196.01,0
13705,83.33,-196.23,0
13717,83.33,-197.28,0
13728,90.91,-198.44,0
13740,83.33,-198.01,0
13751,90.91,-197.97,0
13762,90.91,-197.08,0
13773,90.91,-197.01,0
13786,76.92,-197.10,0
13797,90.91,-198.37,0
13808,90.91,-199.54,0
13819,90.91,-199.24,0
13831,83.33,-198.40,0
13842,90.91,-196.86,0
13854,83.33,-195.93,0
13865,90.91,-195.45,0
13877,83.33,-195.53,0
13888,90.91,-197.35,0
13899,90.91,-198.75,0
13912,76.92,-198.77,0
13923,90.91,-198.91,0
13934,90.91,-197.87,0
13945,90.91,-197.09,0
13957,83.33,-196.32,0
13968,90.91,-197.10,0
13980,83.33,-198.15,0
13991,90.91,-197.90,0
14003,83.33,-198.24,0
14014,90.91,-197.69,0
14025,90.91,-196.65,0
14036,90.91,-196.00,0
14049,76.92,-196.81,0
14060,90.91,-197.92,0
14071,90.91,-199.96,0
14083,83.33,-199.77,0
14094,90.91,-198.52,0
14106,90.91,-197.16,0
14117,83.33,-195.96,0
14129,83.33,-195.69,0
14140,90.91,-195.98,0
14151,90.91,-197.53,0
14162,90.91,-198.40,0
14175,76.92,-199.06,0
14186,90.91,-198.34,0
14197,90.91,-197.46,0
14209,83.33,-196.77,0
14220,90.91,-197.14,0
14231,90.91,-198.37,0
14243,83.33,-199.46,0
14255,83.33,-199.11,0
14266,90.91,-198.18,0
14277,90.91,-196.59,0
14288,90.91,-195.38,0
14300,83.33,-195.04,0
14312,83.33,-196.11,0
14323,90.91,-198.65,0
14334,90.91,-199.63,0
14346,83.33,-199.82,0
14357,90.91,-198.34,0
14369,90.91,-196.96,0
14381,76.92,-196.01,0
14392,90.91,-196.29,0
14403,90.91,-197.02,0
14414,90.91,-198.90,0
14426,83.33,-198.90,0
14438,83.33,-198.10,0
14449,90.91,-197.19,0
14460,90.91,-196.12,0
14472,83.33,-196.07,0
14483,90.91,-196.83,0
14494,90.91,-198.34,0
14507,76.92,-199.07,0
14518,90.91,-199.10,0
14529,90.91,-197.94,0
14540,90.91,-196.91,0
14552,83.33,-196.31,0
14563,90.91,-196.56,0
14575,83.33,-196.96,0
14586,90.91,-198.56,0
14598,83.33,-198.71,0
14609,90.91,-198.60,0
14620,90.91,-197.79,0
14632,90.91,-196.56,0
14644,76.92,-196.04,0
14655,90.91,-196.73,0
14666,90.91,-198.22,0
14678,83.33,-198.52,0
14689,90.91,-198.78,0
14701,83.33,-197.73,0
14712,90.91,-196.92,0
14724,83.33,-196.42,0
14735,90.91,-196.32,0
14746,90.91,-197.10,0
14757,90.91,-199.18,0
14770,76.92,-199.05,0
14781,90.91,-198.81,0
14792,90.91,-197.81,0
14803,90.91,-196.64,0
14815,83.33,-195.56,0
14826,90.91,-196.32,0
14838,83.33,-197.96,0
14850,83.33,-199.27,0
14861,90.91,-198.89,0
14872,90.91,-197.94,0
14883,90.91,-197.04,0
14896,83.33,-195.86,0
14907,83.33,-195.91,0
14918,90.91,-197.15,0
14929,90.91,-198.78,0
14941,83.33,-199.19,0
14952,90.91,-198.15,0
14964,83.33,-197.39,0
14976,83.33,-196.29,0
14987,90.91,-195.48,0
14998,90.91,-195.54,0
15009,90.91,-197.29,0
15021,83.33,-198.98,0
15033,83.33,-199.06,0
15044,90.91,-198.29,0
15055,90.91,-197.79,0
15067,83.33,-196.80,0
15078,90.91,-196.12,0
15089,90.91,-197.00,0
15101,83.33,-198.32,0
15113,83.33,-198.19,0
15124,90.91,-198.28,0
15135,90.91,-197.58,0
15147,83.33,-195.55,0
15159,90.91,-195.31,0
15170,83.33,-196.26,0
15181,90.91,-198.02,0
15193,83.33,-199.34,0
15204,90.91,-198.94,0
15215,90.91,-197.69,0
15227,83.33,-196.63,0
15239,83.33,-195.90,0
15250,90.91,-195.84,0
15261,90.91,-197.24,0
15272,90.91,-198.22,0
15284,83.33,-198.74,0
15296,83.33,-198.08,0
15307,90.91,-197.81,0
15319,83.33,-196.51,0
15330,90.91,-196.75,0
15341,90.91,-197.00,0
15352,90.91,-198.82,0
15365,76.92,-199.33,0
15376,90.91,-198.64,0
15387,90.91,-197.79,0
15398,90.91,-196.36,0
15410,83.33,-195.29,0
15422,90.91,-195.29,0
15433,83.33,-196.96,0
15444,90.91,-199.42,0
15456,83.33,-200.05,0
15467,90.91,-199.54,0
15478,90.91,-198.64,0
15491,76.92,-197.27,0
15502,90.91,-195.92,0
15513,90.91,-196.25,0
15524,90.91,-197.55,0
15536,83.33,-198.84,0
15547,90.91,-198.77,0
15559,83.33,-198.48,0
15570,90.91,-197.44,0
15582,83.33,-195.97,0
15593,90.91,-196.55,0
15604,90.91,-197.17,0
15616,83.33,-199.11,0
15628,83.33,-199.32,0
15639,90.91,-198.82,0
15650,90.91,-197.77,0
15662,83.33,-196.37,0
15673,90.91,-195.41,0
15685,90.91,-195.99,0
15696,90.91,-198.27,0
15708,83.33,-199.39,0
15719,90.91,-199.43,0
15730,90.91,-198.97,0
15741,90.91,-198.15,0
15754,76.92,-196.72,0
15765,90.91,-196.88,0
15776,90.91,-197.36,0
15788,83.33,-199.06,0
15799,90.91,-199.86,0
15810,90.91,-199.18,0
15822,83.33,-198.11,0
15834,83.33,-196.30,0
15845,90.91,-195.78,0
15856,90.91,-196.09,0
15867,90.91,-197.37,0
15879,83.33,-199.37,0
15891,83.33,-199.66,0
15902,90.91,-199.43,0
15913,90.91,-197.76,0
15925,83.33,-196.98,0
15936,90.91,-196.03,0
15948,83.33,-196.51,0
15960,83.33,-198.18,0
15971,90.91,-198.64,0
15982,90.91,-198.32,0
15993,90.91,-197.57,0
16005,83.33,-197.01,0
16017,83.33,-196.67,0
16028,90.91,-196.52,0
16039,90.91,-197.73,0
16051,83.33,-199.34,0
16062,90.91,-199.95,0
16073,90.91,-198.81,0
16086,76.92,-197.51,0
16097,90.91,-196.65,0
16108,90.91,-195.77,0
16119,90.91,-196.54,0
16131,83.33,-198.40,0
16142,90.91,-198.74,0
16154,83.33,-198.32,0
16165,90.91,-198.24,0
16177,83.33,-197.63,0
16188,90.91,-196.46,0
16199,90.91,-196.63,0
16211,83.33,-197.34,0
16223,83.33,-198.69,0
16234,90.91,-199.06,0
16245,90.91,-198.49,0
16257,83.33,-197.06,0
16268,90.91,-196.43,0
16280,83.33,-195.77,0
16291,90.91,-196.86,0
16303,83.33,-198.36,0
16314,90.91,-198.82,0
16325,90.91,-199.67,0
16336,90.91,-198.71,0
16349,76.92,-196.86,0
16360,90.91,-196.05,0
16371,90.91,-195.61,0
16382,90.91,-197.66,0
16394,83.33,-198.92,0
16406,90.91,-199.00,0
16417,83.33,-198.41,0
16429,83.33,-197.70,0
16440,90.91,-196.68,0
16451,90.91,-196.29,0
16462,90.91,-196.76,0
16475,76.92,-198.31,0
16486,90.91,-198.15,0
16497,90.91,-198.74,0
16508,90.91,-198.42,0
16520,83.33,-196.43,0
16531,90.91,-195.72,0
16543,83.33,-195.64,0
16555,83.33,-196.74,0
16566,90.91,-198.24,0
16577,90.91,-199.13,0
16588,90.91,-198.49,0
16600,83.33,-197.14,0
16612,83.33,-196.77,0
16623,90.91,-196.45,0
16634,90.91,-196.45,0
16646,83.33,-198.20,0
16657,90.91,-199.68,0
16669,90.91,-198.73,0
16680,83.33,-197.64,0
16692,83.33,-196.39,0
16703,90.91,-195.83,0
16714,90.91,-195.86,0
16726,83.33,-197.54,0
16738,83.33,-199.05,0
16749,90.91,-199.01,0
16760,90.91,-198.71,0
16772,83.33,-197.80,0
16783,90.91,-196.94,0
16794,90.91,-195.93,0
16806,83.33,-196.14,0
16818,83.33,-198.08,0
16829,90.91,-198.92,0
16840,90.91,-199.00,0
16851,90.91,-198.04,0
16863,83.33,-196.62,0
16875,83.33,-196.07,0
16886,90.91,-196.98,0
16898,83.33,-197.93,0
16909,90.91,-199.37,0
16920,90.91,-199.73,0
16932,83.33,-199.19,0
16944,83.33,-198.01,0
16955,90.91,-197.07,0
16966,90.91,-195.88,0
16977,90.91,-196.05,0
16989,83.33,-197.65,0
17001,83.33,-199.35,0
17012,90.91,-199.02,0
17024,83.33,-198.62,0
17035,90.91,-197.25,0
17046,90.91,-196.00,0
17057,90.91,-196.05,0
17070,76.92,-196.93,0
17081,90.91,-198.75,0
17092,90.91,-199.16,0
17103,90.91,-198.40,0
17115,83.33,-197.53,0
17127,90.91,-196.56,0
17138,83.33,-195.10,0
17149,90.91,-195.96,0
17161,83.33,-197.77,0
17172,90.91,-199.01,0
17183,90.91,-199.35,0
17196,76.92,-198.53,0
17207,90.91,-197.07,0
17218,90.91,-196.02,0
17229,90.91,-195.94,0
17241,83.33,-196.60,0
17252,90.91,-198.29,0
17264,83.33,-198.42,0
17275,90.91,-198.07,0
17287,83.33,-197.60,0
17298,90.91,-197.03,0
17309,90.91,-195.85,0
17320,90.91,-196.30,0
17333,76.92,-197.38,0
17344,90.91,-198.49,0
17355,90.91,-198.62,0
17367,83.33,-198.52,0
17378,90.91,-197.55,0
17390,90.91,-196.64,0
17401,83.33,-196.13,0
17413,83.33,-196.12,0
17424,90.91,-198.04,0
17435,90.91,-198.25,0
17446,90.91,-197.82,0
17459,76.92,-197.58,0
17470,90.91,-196.31,0
17481,90.91,-195.29,0
17492,90.91,-195.89,0
17504,83.33,-197.85,0
17515,90.91,-199.58,0
17527,83.33,-199.38,0
17539,83.33,-198.88,0
17550,90.91,-197.16,0
17561,90.91,-196.29,0
17572,90.91,-196.21,0
17584,83.33,-197.18,0
17596,83.33,-198.64,0
17607,90.91,-199.46,0
17618,90.91,-198.97,0
17630,83.33,-198.90,0
17641,90.91,-197.34,0
17653,90.91,-195.89,0
17665,76.92,-196.27,0
17676,90.91,-197.72,0
17687,90.91,-199.04,0
17698,90.91,-198.02,0
17710,83.33,-197.92,0
17722,83.33,-197.29,0
17733,90.91,-196.02,0
17744,90.91,-195.82,0
17756,83.33,-196.70,0
17767,90.91,-198.88,0
17778,90.91,-199.48,0
17790,83.33,-198.94,0
17802,83.33,-197.96,0
17813,90.91,-196.51,0
17824,90.91,-195.84,0
17836,83.33,-195.86,0
17847,90.91,-197.12,0
17859,83.33,-198.48,0
17870,90.91,-198.45,0
17882,83.33,-198.51,0
17893,90.91,-197.54,0
17904,90.91,-196.94,0
17916,90.91,-196.90,0
17928,76.92,-197.97,0
17939,90.91,-198.70,0
17950,90.91,-199.15,0
17961,90.91,-198.59,0
17973,83.33,-197.11,0
17985,83.33,-195.89,0
17996,90.91,-195.28,0
18008,83.33,-196.08,0
18019,90.91,-197.24,0
18030,90.91,-198.51,0
18041,90.91,-198.49,0
18054,76.92,-198.85,0
18065,90.91,-197.30,0
18076,90.91,-196.60,0
18087,90.91,-196.22,0
18099,83.33,-197.00,0
18110,90.91,-198.09,0
18122,83.33,-198.78,0
18134,83.33,-198.15,0
18145,90.91,-197.11,0
18156,90.91,-196.24,0
18167,90.91,-195.68,0
18180,76.92,-196.55,0
18191,90.91,-198.24,0
18202,90.91,-200.20,0
18213,90.91,-199.56,0
18225,83.33,-198.58,0
18236,90.91,-197.73,0
18248,83.33,-196.16,0
18259,90.91,-194.65,0
18271,83.33,-195.75,0
18282,90.91,-197.82,0
18293,90.91,-198.80,0
18305,83.33,-199.10,0
18317,83.33,-198.59,0
18328,90.91,-197.37,0
18339,90.91,-196.73,0
18351,83.33,-196.23,0
18362,90.91,-197.81,0
18374,90.91,-199.84,0
18385,83.33,-199.07,0
18397,83.33,-197.89,0
18408,90.91,-196.96,0
18419,90.91,-196.23,0
18430,90.91,-195.60,0
18443,76.92,-196.22,0
18454,90.91,-198.75,0
18465,90.91,-199.45,0
18477,83.33,-199.45,0
18488,90.91,-199.01,0
18499,90.91,-197.23,0
18511,83.33,-196.22,0
18523,83.33,-195.90,0
18534,90.91,-197.19,0
18545,90.91,-198.46,0
18556,90.91,-198.55,0
18568,83.33,-197.64,0
18580,83.33,-196.44,0
18591,90.91,-196.55,0
18603,83.33,-196.44,0
18614,90.91,-197.39,0
18625,90.91,-199.24,0
18637,90.91,-199.64,0
18649,76.92,-199.31,0
18660,90.91,-198.23,0
18671,90.91,-196.98,0
18682,90.91,-195.65,0
18694,83.33,-195.51,0
18706,83.33,-196.60,0
18717,90.91,-198.03,0
18728,90.91,-198.19,0
18740,83.33,-198.58,0
18751,90.91,-197.96,0
18762,90.91,-197.30,0
18775,76.92,-196.78,0
18786,90.91,-197.02,0
18797,90.91,-198.05,0
18808,90.91,-198.33,0
18820,83.33,-198.61,0
18831,90.91,-198.33,0
18843,83.33,-197.32,0
18854,90.91,-195.92,0
18866,83.33,-196.24,0
18877,90.91,-197.63,0
18888,90.91,-198.85,0
18900,90.91,-199.58,0
18912,76.92,-199.35,0
18923,90.91,-198.00,0
18934,90.91,-197.13,0
18946,83.33,-196.43,0
18957,90.91,-196.64,0
18969,83.33,-198.16,0
18980,90.91,-198.97,0
18992,83.33,-198.95,0
19003,90.91,-197.99,0
19014,90.91,-197.14,0
19025,90.91,-195.83,0
19038,76.92,-196.45,0
19049,90.91,-197.42,0
19060,90.91,-198.76,0
19072,83.33,-199.19,0
19083,90.91,-198.94,0
19094,90.91,-198.28,0
19106,83.33,-196.91,0
19118,83.33,-195.95,0
19129,90.91,-196.53,0
19140,90.91,-198.42,0
19151,90.91,-199.15,0
19164,76.92,-198.91,0
19175,90.91,-198.62,0
19186,90.91,-197.10,0
19197,90.91,-195.92,0
19209,83.33,-195.67,0
19220,90.91,-196.76,0
19232,83.33,-198.40,0
19244,83.33,-199.07,0
19255,90.91,-198.26,0
19266,90.91,-197.82,0
19277,90.91,-197.11,0
19289,83.33,-196.23,0
19301,83.33,-196.62,0
19312,90.91,-198.30,0
19323,90.91,-198.91,0
19335,83.33,-198.59,0
19346,90.91,-198.65,0
19358,90.91,-197.38,0
19369,83.33,-196.16,0
19381,83.33,-196.02,0
19392,90.91,-197.14,0
19403,90.91,-199.20,0
19415,83.33,-199.38,0
19427,83.33,-198.98,0
19438,90.91,-198.51,0
19449,90.91,-197.63,0
19461,83.33,-196.07,0
19472,90.91,-196.77,0
19483,90.91,-197.69,0
19495,83.33,-198.78,0
19507,83.33,-198.43,0
19518,90.91,-197.81,0
19529,90.91,-197.17,0
19540,90.91,-196.16,0
19552,83.33,-196.13,0
19564,83.33,-197.52,0
19575,90.91,-198.66,0
19587,83.33,-198.77,0
19598,90.91,-198.91,0
19609,90.91,-198.30,0
19621,90.91,-196.66,0
19633,76.92,-195.28,0
19644,90.91,-195.70,0
19655,90.91,-197.29,0
19666,90.91,-198.86,0
19678,83.33,-199.17,0
19690,83.33,-198.87,0
19701,90.91,-197.52,0
19713,83.33,-196.82,0
19724,90.91,-196.23,0
19735,90.91,-197.07,0
19746,90.91,-199.02,0
19759,76.92,-198.98,0
19770,90.91,-198.41,0
19781,90.91,-197.14,0
19792,90.91,-196.09,0
19804,83.33,-195.75,0
19816,90.91,-195.94,0
19827,83.33,-197.72,0
19838,90.91,-199.32,0
19850,83.33,-199.61,0
19861,90.91,-199.01,0
19872,90.91,-196.95,0
19885,76.92,-195.90,0
19896,90.91,-195.53,0
19907,90.91,-196.35,0
19918,90.91,-197.79,0
19930,83.33,-198.50,0
19941,90.91,-198.39,0
19953,83.33,-197.64,0
19964,90.91,-196.75,0
19976,83.33,-195.88,0
19987,90.91,-196.52,0
19998,90.91,-197.80,0
20009,90.91,-199.90,0
20022,76.92,-199.68,0
20033,90.91,-198.42,0
20044,90.91,-197.05,0
20056,83.33,-195.95,0
20067,90.91,-195.27,0
20079,90.91,-195.90,0
20090,83.33,-197.57,0
20102,83.33,-198.92,0
20113,90.91,-199.41,0
20124,90.91,-198.53,0
20135,90.91,-197.78,0
20148,76.92,-197.23,0
20159,90.91,-196.89,0
20170,90.91,-197.72,0
20182,83.33,-198.34,0
20193,90.91,-198.10,0
20204,90.91,-198.20,0
20216,83.33,-197.35,0
20228,83.33,-196.26,0
20239,90.91,-195.79,0
20250,90.91,-196.44,0
20261,90.91,-198.88,0
20273,83.33,-199.66,0
20285,83.33,-199.45,0
20296,90.91,-198.08,0
20307,90.91,-196.98,0
20319,83.33,-195.36,0
20330,90.91,-195.38,0
20342,90.91,-197.24,0
20354,76.92,-198.69,0
20365,90.91,-198.64,0
20376,90.91,-197.57,0
20387,90.91,-197.58,0
20399,83.33,-197.09,0
20411,83.33,-196.75,0
20422,90.91,-197.65,0
20433,90.91,-198.89,0
20445,83.33,-199.12,0
20456,90.91,-198.70,0
20467,90.91,-197.54,0
20480,76.92,-196.21,0
20491,90.91,-195.37,0
20502,90.91,-195.74,0
20513,90.91,-196.95,0
20525,83.33,-198.87,0
20536,90.91,-198.58,0
20548,83.33,-199.10,0
20559,90.91,-198.46,0
20571,83.33,-197.70,0
20582,90.91,-196.44,0
20593,90.91,-196.56,0
20605,90.91,-197.94,0
20617,76.92,-198.98,0
20628,90.91,-198.58,0
20639,90.91,-197.31,0
20651,83.33,-196.27,0
20662,90.91,-196.04,0
20674,83.33,-196.74,0
20685,90.91,-198.02,0
20697,83.33,-199.72,0
20708,90.91,-199.60,0
20719,90.91,-198.88,0
20730,90.91,-197.41,0
20743,76.92,-195.64,0
20754,90.91,-195.06,0
20765,90.91,-195.87,0
20776,90.91,-197.36,0
20788,83.33,-198.64,0
20799,90.91,-198.93,0
20811,83.33,-198.38,0
20823,83.33,-198.16,0
20834,90.91,-196.92,0
20845,90.91,-197.35,0
20856,90.91,-197.91,0
20869,83.33,-199.01,0
20880,83.33,-199.01,0
20891,90.91,-198.33,0
20902,90.91,-196.56,0
20914,83.33,-195.76,0
20925,90.91,-195.26,0
20937,83.33,-196.17,0
20948,90.91,-197.51,0
20960,83.33,-199.21,0
20971,90.91,-199.60,0
20982,90.91,-199.30,0
20994,83.33,-197.78,0
21006,83.33,-196.20,0
21017,90.91,-195.75,0
21028,90.91,-196.76,0
21040,83.33,-197.63,0
21051,90.91,-198.19,0
21062,90.91,-198.07,0
21074,83.33,-197.55,0
21086,83.33,-196.98,0
21097,90.91,-196.04,0
21108,90.91,-196.82,0
21120,83.33,-198.04,0
21132,90.91,-199.14,0
21143,83.33,-199.01,0
21154,90.91,-197.76,0
21166,83.33,-196.40,0
21177,90.91,-195.76,0
21188,90.91,-195.25,0
21200,83.33,-196.22,0
21212,83.33,-198.40,0
21223,90.91,-199.21,0
21234,90.91,-199.64,0
21245,90.91,-198.37,0
21257,83.33,-197.00,0
21269,83.33,-196.33,0
21280,90.91,-196.11,0
21292,83.33,-197.27,0
21303,90.91,-198.62,0
21314,90.91,-198.40,0
21325,90.91,-197.57,0
21338,76.92,-196.68,0
21349,90.91,-196.05,0
21360,90.91,-196.36,0
21371,90.91,-197.65,0
21383,83.33,-199.59,0
21395,83.33,-199.65,0
21406,90.91,-198.93,0
21417,90.91,-197.47,0
21429,83.33,-196.58,0
21440,90.91,-196.04,0
21451,90.91,-195.97,0
21464,76.92,-197.44,0
21475,90.91,-198.75,0
21486,90.91,-198.57,0
21497,90.91,-197.95,0
21509,83.33,-197.30,0
21520,90.91,-196.53,0
21532,83.33,-196.02,0
21543,90.91,-196.86,0
21555,83.33,-199.31,0
21566,90.91,-199.73,0
21577,90.91,-198.83,0
21590,90.91,-197.91,0
21601,76.92,-196.35,0
21612,90.91,-195.54,0
21623,90.91,-196.30,0
21635,83.33,-197.43,0
21646,90.91,-198.91,0
21658,83.33,-199.03,0
21669,90.91,-198.42,0
21681,83.33,-197.59,0
21692,90.91,-196.81,0
21703,90.91,-196.58,0
21714,90.91,-196.99,0
21727,76.92,-198.53,0
21738,90.91,-198.88,0
21749,90.91,-197.89,0
21761,83.33,-196.92,0
21772,90.91,-195.89,0
21783,90.91,-195.72,0
21795,83.33,-196.26,0
21807,83.33,-197.77,0
21818,90.91,-199.45,0
21829,90.91,-199.49,0
21840,90.91,-199.36,0
21853,83.33,-198.06,0
21864,83.33,-196.09,0
21875,90.91,-195.59,0
21886,90.91,-195.60,0
21898,83.33,-197.59,0
21909,90.91,-198.51,0
21921,83.33,-198.65,0
21933,83.33,-198.71,0
21944,90.91,-197.56,0
21955,90.91,-196.69,0
21966,90.91,-196.75,0
21978,83.33,-197.81,0
21990,83.33,-199.27,0
22001,90.91,-198.96,0
22012,90.91,-198.53,0
22024,83.33,-197.23,0
22035,90.91,-195.83,0
22046,90.91,-195.02,0
22059,76.92,-196.21,0
22070,90.91,-198.77,0
22081,90.91,-199.45,0
22092,90.91,-199.27,0
22104,83.33,-199.04,0
22116,90.91,-197.51,0
22127,83.33,-196.37,0
22138,90.91,-196.19,0
22150,83.33,-197.84,0
22161,90.91,-199.11,0
22172,90.91,-198.35,0
22184,83.33,-197.96,0
22196,83.33,-197.33,0
22207,90.91,-195.72,0
22218,90.91,-195.91,0
22230,83.33,-196.94,0
22241,90.91,-198.39,0
22253,83.33,-198.87,0
22264,90.91,-198.69,0
22276,83.33,-198.48,0
22287,90.91,-197.30,0
22298,90.91,-196.47,0
22309,90.91,-196.39,0
22322,76.92,-196.89,0
22333,90.91,-197.83,0
22344,90.91,-198.27,0
22355,90.91,-198.10,0
22367,83.33,-196.93,0
22379,90.91,-196.32,0
22390,83.33,-196.63,0
22402,83.33,-196.72,0
22413,90.91,-198.17,0
22424,90.91,-199.01,0
22435,90.91,-198.74,0
22448,76.92,-198.26,0
22459,90.91,-196.67,0
22470,90.91,-195.12,0
22481,90.91,-195.14,0
22493,83.33,-197.41,0
22504,90.91,-198.87,0
22516,83.33,-199.06,0
22528,83.33,-199.22,0
22539,90.91,-198.18,0
22550,90.91,-196.79,0
22561,90.91,-196.40,0
22573,83.33,-197.13,0
22585,83.33,-198.21,0
22596,90.91,-198.54,0
22607,90.91,-198.11,0
22619,83.33,-197.77,0
22630,90.91,-196.36,0
22642,90.91,-195.68,0
22653,83.33,-195.65,0
22665,83.33,-197.51,0
22676,90.91,-199.03,0
22687,90.91,-199.24,0
22699,83.33,-199.02,0
22711,83.33,-198.33,0
22722,90.91,-197.07,0
22733,90.91,-195.72,0
22745,83.33,-196.36,0
22756,90.91,-197.54,0
22767,90.91,-198.42,0
22779,83.33,-198.67,0
22791,83.33,-197.97,0
22802,90.91,-197.08,0
22813,90.91,-195.72,0
22824,90.91,-196.25,0
22836,83.33,-197.53,0
22848,83.33,-199.97,0
22859,90.91,-199.61,0
22871,83.33,-198.77,0
22882,90.91,-197.33,0
22893,90.91,-195.87,0
22905,90.91,-195.41,0
22917,83.33,-195.52,0
22928,90.91,-197.21,0
22939,90.91,-198.88,0
22950,90.91,-199.08,0
22962,83.33,-198.69,0
22974,83.33,-197.80,0
22985,90.91,-197.06,0
22996,90.91,-197.32,0
23008,83.33,-197.71,0
23019,90.91,-198.95,0
23030,90.91,-198.95,0
23043,76.92,-198.38,0
23054,90.91,-197.13,0
23065,90.91,-195.83,0
23076,90.91,-195.63,0
23088,83.33,-196.39,0
23099,90.91,-198.06,0
23111,83.33,-200.16,0
23122,90.91,-199.93,0
23134,83.33,-199.41,0
23145,90.91,-197.86,0
23156,90.91,-196.91,0
23169,83.33,-196.12,0
23180,90.91,-195.68,0
23191,90.91,-197.59,0
23202,90.91,-198.40,0
23214,83.33,-198.06,0
23225,90.91,-197.15,0
23237,83.33,-196.73,0
23248,90.91,-196.73,0
23260,83.33,-197.53,0
23271,90.91,-198.94,0
23282,90.91,-200.31,0
23293,90.91,-200.35,0
23306,76.92,-199.05,0
23317,90.91,-197.29,0
23328,90.91,-195.61,0
23340,83.33,-194.90,0
23351,90.91,-196.01,0
23363,90.91,-198.09,0
23374,83.33,-199.03,0
23386,83.33,-199.19,0
23397,90.91,-198.93,0
23408,90.91,-197.72,0
23419,90.91,-196.18,0
23432,76.92,-196.06,0
23443,90.91,-197.37,0
23454,90.91,-198.96,0
23465,90.91,-197.74,0
23477,83.33,-197.75,0
23488,90.91,-197.09,0
23500,83.33,-195.93,0
23512,83.33,-195.82,0
23523,90.91,-197.19,0
23534,90.91,-198.89,0
23545,90.91,-199.52,0
23557,83.33,-199.53,0
23569,83.33,-198.66,0
23580,90.91,-197.23,0
23591,90.91,-195.73,0
23603,83.33,-195.11,0
23614,90.91,-196.55,0
23626,90.91,-197.82,0
23638,76.92,-198.59,0
23649,90.91,-198.95,0
23660,90.91,-198.12,0
23671,90.91,-197.26,0
23683,83.33,-197.05,0
23695,83.33,-197.83,0
23706,90.91,-199.64,0
23717,90.91,-199.91,0
23729,83.33,-198.84,0
23740,90.91,-197.66,0
23751,90.91,-196.47,0
23763,83.33,-195.80,0
23775,83.33,-195.76,0
23786,90.91,-197.09,0
23797,90.91,-198.91,0
23809,83.33,-199.81,0
23820,90.91,-199.30,0
23832,83.33,-198.34,0
23843,90.91,-197.07,0
23855,83.33,-196.44,0
23866,90.91,-196.73,0
23877,90.91,-198.04,0
23889,90.91,-198.55,0
23901,76.92,-198.11,0
23912,90.91,-197.60,0
23923,90.91,-196.69,0
23934,90.91,-196.27,0
23946,83.33,-196.24,0
23958,83.33,-197.73,0
23969,90.91,-199.72,0
23981,83.33,-200.00,0
23992,90.91,-199.59,0
24003,90.91,-198.51,0
24014,90.91,-196.05,0
24027,76.92,-195.15,0
24038,90.91,-195.41,0
24049,90.91,-197.35,0
24060,90.91,-199.24,0
24072,83.33,-199.20,0
24083,90.91,-198.36,0
24095,83.33,-197.40,0
24107,83.33,-196.32,0
24118,90.91,-196.85,0
24129,90.91,-197.50,0
24140,90.91,-199.10,0
24153,83.33,-198.91,0
24164,90.91,-198.40,0
24175,90.91,-196.41,0
24186,90.91,-195.12,0
24198,83.33,-195.29,0
24209,90.91,-196.44,0
24221,83.33,-198.34,0
24232,90.91,-199.78,0
24244,83.33,-199.38,0
24255,90.91,-198.66,0
24266,90.91,-197.80,0
24278,83.33,-196.00,0
24290,83.33,-194.97,0
24301,90.91,-195.81,0
24312,90.91,-198.30,0
24324,83.33,-199.00,0
24335,90.91,-198.80,0
24347,90.91,-197.96,0
24358,83.33,-196.68,0
24370,83.33,-195.91,0
24381,90.91,-196.29,0
24392,90.91,-198.28,0
24403,90.91,-199.46,0
24416,76.92,-199.85,0
24427,90.91,-198.34,0
24438,90.91,-197.26,0
24450,83.33,-195.80,0
24461,90.91,-195.42,0
24472,90.91,-196.18,0
24484,83.33,-198.22,0
24496,83.33,-198.82,0
24507,90.91,-198.74,0
24518,90.91,-198.37,0
24529,90.91,-197.30,0
24541,83.33,-196.29,0
24553,83.33,-196.29,0
24564,90.91,-197.31,0
24576,83.33,-198.42,0
24587,90.91,-198.26,0
24598,90.91,-197.31,0
24610,90.91,-196.58,0
24622,76.92,-196.33,0
24633,90.91,-196.03,0
24644,90.91,-196.95,0
24655,90.91,-198.93,0
24667,83.33,-199.79,0
24679,83.33,-199.88,0
24690,90.91,-198.66,0
24701,90.91,-197.16,0
24713,83.33,-195.36,0
24724,90.91,-195.33,0
24735,90.91,-196.90,0
24748,76.92,-198.66,0
24759,90.91,-198.76,0
24770,90.91,-198.51,0
24781,90.91,-197.71,0
24793,83.33,-197.50,0
24804,90.91,-197.31,0
24816,83.33,-197.95,0
24827,90.91,-199.06,0
24839,83.33,-199.14,0
24850,90.91,-198.11,0
24861,90.91,-197.03,0
24873,90.91,-196.14,0
24885,76.92,-194.96,0
24896,90.91,-195.85,0
24907,90.91,-197.06,0
24919,83.33,-198.87,0
24930,90.91,-198.69,0
24942,83.33,-199.07,0
24953,90.91,-198.10,0
24965,83.33,-196.66,0
24976,90.91,-196.31,0
24987,90.91,-196.15,0
24998,90.91,-197.49,0
25011,76.92,-198.41,0
25022,90.91,-198.39,0
25033,90.91,-198.10,0
25044,90.91,-196.86,0
25056,83.33,-195.94,0
25067,90.91,-196.47,0
25079,83.33,-198.03,0
25091,83.33,-199.39,0
25102,90.91,-199.78,0
25113,90.91,-198.86,0
25124,90.91,-197.32,0
25137,83.33,-195.94,0
25148,83.33,-194.99,0
25159,90.91,-195.70,0
25170,90.91,-197.34,0
25182,83.33,-198.67,0
25193,90.91,-198.29,0
25205,83.33,-198.46,0
25217,83.33,-198.00,0
25228,90.91,-197.72,0
25239,90.91,-197.15,0
25250,90.91,-197.82,0
25262,83.33,-198.73,0
25274,83.33,-198.63,0
25285,90.91,-198.40,0
25296,90.91,-196.99,0
25308,83.33,-196.08,0
25319,90.91,-195.15,0
25330,90.91,-195.84,0
25342,83.33,-197.83,0
25354,83.33,-199.28,0
25365,90.91,-199.80,0
25376,90.91,-198.96,0
25388,83.33,-197.24,0
25400,90.91,-196.09,0
25411,83.33,-196.07,0
25422,90.91,-197.04,0
25434,83.33,-198.15,0
25445,90.91,-198.21,0
25456,90.91,-198.16,0
25468,83.33,-197.37,0
25480,83.33,-196.49,0
25491,90.91,-196.25,0
25502,90.91,-196.43,0
25513,90.91,-197.71,0
25525,83.33,-198.95,0
25537,83.33,-198.93,0
25548,90.91,-198.89,0
25560,83.33,-197.41,0
25571,90.91,-195.82,0
25582,90.91,-196.03,0
25593,90.91,-196.89,0
25606,76.92,-198.49,0
25617,90.91,-198.57,0
25628,90.91,-198.88,0
25639,90.91,-198.25,0
25651,83.33,-196.49,0
25663,83.33,-196.39,0
25674,90.91,-196.84,0
25686,83.33,-197.61,0
25697,90.91,-198.38,0
25708,90.91,-197.94,0
25719,90.91,-197.14,0
25732,76.92,-196.20,0
25743,90.91,-196.07,0
25754,90.91,-195.98,0
25765,90.91,-196.67,0
25777,83.33,-199.10,0
25788,90.91,-199.51,0
25800,83.33,-199.33,0
25811,90.91,-198.92,0
25823,83.33,-197.79,0
25834,90.91,-196.10,0
25845,90.91,-196.22,0
25858,83.33,-197.56,0
25869,83.33,-198.61,0
25880,90.91,-198.18,0
25891,90.91,-198.33,0
25903,83.33,-197.16,0
25914,90.91,-196.69,0
25926,83.33,-197.18,0
25937,90.91,-197.94,0
25949,83.33,-199.11,0
25960,90.91,-199.73,0
25971,90.91,-199.36,0
25982,90.91,-198.60,0
25995,76.92,-196.64,0
26006,90.91,-195.06,0
26017,90.91,-195.87,0
26029,83.33,-196.67,0
26040,90.91,-198.62,0
26051,90.91,-198.82,0
26063,83.33,-198.16,0
26075,83.33,-198.03,0
26086,90.91,-196.64,0
26097,90.91,-196.10,0
26108,90.91,-197.01,0
26121,83.33,-198.59,0
26132,83.33,-198.88,0
26143,90.91,-198.37,0
26155,83.33,-197.34,0
26166,90.91,-195.63,0
26177,90.91,-195.33,0
26189,83.33,-195.70,0
26201,83.33,-197.18,0
26212,90.91,-199.48,0
26223,90.91,-199.75,0
26234,90.91,-199.58,0
26246,83.33,-198.18,0
26258,83.33,-197.23,0
26269,90.91,-196.20,0
26280,90.91,-196.31,0
26292,83.33,-197.88,0
26303,90.91,-197.95,0
26314,90.91,-197.99,0
26327,76.92,-197.86,0
26338,90.91,-197.51,0
26349,90.91,-196.36,0
26360,90.91,-196.67,0
26372,83.33,-197.62,0
26384,90.91,-199.33,0
26395,83.33,-198.88,0
26406,90.91,-198.67,0
26418,83.33,-196.84,0
26429,90.91,-195.52,0
26440,90.91,-195.15,0
26452,83.33,-195.76,0
26464,83.33,-197.17,0
26475,90.91,-198.49,0
26486,90.91,-198.49,0
26498,83.33,-198.23,0
26509,90.91,-198.36,0
26521,83.33,-197.27,0
26532,90.91,-196.81,0
26544,83.33,-197.48,0
26555,90.91,-198.84,0
26566,90.91,-198.72,0
26577,90.91,-198.39,0
26590,76.92,-196.93,0
26601,90.91,-195.96,0
26612,90.91,-195.31,0
26624,83.33,-195.31,0
26635,90.91,-197.24,0
26647,90.91,-199.14,0
26658,83.33,-199.84,0
26670,83.33,-198.84,0
26681,90.91,-198.30,0
26692,90.91,-196.70,0
26703,90.91,-196.42,0
26716,76.92,-196.24,0
26727,90.91,-197.79,0
26738,90.91,-198.36,0
26749,90.91,-198.07,0
26761,83.33,-197.45,0
26772,90.91,-196.33,0
26784,83.33,-196.17,0
26796,83.33,-197.08,0
26807,90.91,-198.60,0
26818,90.91,-199.46,0
26829,90.91,-199.30,0
26841,83.33,-198.78,0
26853,83.33,-197.42,0
26864,90.91,-196.45,0
26875,90.91,-195.72,0
26887,83.33,-196.44,0
26898,90.91,-198.27,0
26910,90.91,-198.55,0
26921,83.33,-198.71,0
26933,83.33,-198.27,0
26944,90.91,-197.70,0
26955,90.91,-196.69,0
26967,83.33,-196.53,0
26979,83.33,-197.27,0
26990,90.91,-198.83,0
27001,90.91,-198.76,0
27013,83.33,-198.02,0
27024,90.91,-197.10,0
27035,90.91,-195.90,0
27047,83.33,-195.69,0
27059,83.33,-196.80,0
27070,90.91,-198.48,0
27081,90.91,-199.30,0
27092,90.91,-199.79,0
27104,83.33,-198.56,0
27116,83.33,-196.87,0
27127,90.91,-195.68,0
27139,83.33,-195.78,0
27150,90.91,-197.73,0
27161,90.91,-198.76,0
27173,90.91,-198.64,0
27185,76.92,-198.62,0
27196,90.91,-197.58,0
27207,90.91,-196.50,0
27218,90.91,-196.15,0
27230,83.33,-196.83,0
27242,83.33,-198.94,0
27253,90.91,-199.32,0
27265,83.33,-199.33,0
27276,90.91,-198.21,0
27287,90.91,-196.91,0
27298,90.91,-196.13,0
27311,76.92,-195.87,0
27322,90.91,-196.87,0
27333,90.91,-197.92,0
27344,90.91,-199.09,0
27356,83.33,-199.09,0
27367,90.91,-198.05,0
27379,83.33,-196.82,0
27390,90.91,-196.57,0
27402,83.33,-197.25,0
27413,90.91,-199.07,0
27424,90.91,-200.07,0
27437,83.33,-199.09,0
27448,83.33,-197.87,0
27459,90.91,-196.92,0
27470,90.91,-196.05,0
27482,83.33,-195.67,0
27493,90.91,-196.54,0
27505,83.33,-198.79,0
27516,90.91,-199.71,0
27528,83.33,-199.68,0
27539,90.91,-198.49,0
27550,90.91,-197.04,0
27561,90.91,-196.37,0
27574,76.92,-196.53,0
27585,90.91,-197.54,0
27596,90.91,-198.52,0
27608,83.33,-198.65,0
27619,90.91,-198.36,0
27630,90.91,-197.52,0
27642,83.33,-197.06,0
27654,83.33,-197.03,0
27665,90.91,-197.61,0
27676,90.91,-199.13,0
27687,90.91,-199.02,0
27700,83.33,-198.44,0
27711,83.33,-198.34,0
27722,90.91,-196.59,0
27734,83.33,-195.99,0
27745,90.91,-196.78,0
27756,90.91,-198.01,0
27768,83.33,-198.75,0
27780,83.33,-199.06,0
27791,90.91,-198.49,0
27802,90.91,-197.48,0
27813,90.91,-196.56,0
27825,83.33,-196.06,0
27837,83.33,-196.82,0
27848,90.91,-198.08,0
27859,90.91,-198.70,0
27871,83.33,-198.77,0
27882,90.91,-197.46,0
27893,90.91,-196.41,0
27906,76.92,-195.84,0
27917,90.91,-196.18,0
27928,90.91,-198.41,0
27939,90.91,-199.20,0
27951,83.33,-199.48,0
27963,83.33,-198.71,0
27974,90.91,-197.58,0
27985,90.91,-196.04,0
27997,83.33,-195.57,0
28008,90.91,-196.68,0
28019,90.91,-198.11,0
28032,76.92,-198.64,0
28043,90.91,-198.70,0
28054,90.91,-198.39,0
28065,90.91,-197.39,0
28077,83.33,-196.22,0
28088,90.91,-196.37,0
28100,83.33,-197.73,0
28111,90.91,-198.87,0
28123,83.33,-198.97,0
28134,90.91,-198.72,0
28145,90.91,-196.92,0
28156,90.91,-195.66,0
28169,76.92,-195.38,0
28180,90.91,-196.61,0
28191,90.91,-198.74,0
28203,83.33,-199.08,0
28214,90.91,-198.41,0
28226,90.91,-197.84,0
28237,83.33,-197.49,0
28249,83.33,-196.12,0
28260,90.91,-195.91,0
28271,90.91,-197.13,0
28282,90.91,-198.49,0
28295,76.92,-198.19,0
28306,90.91,-197.80,0
28317,90.91,-196.67,0
28328,90.91,-195.95,0
28340,83.33,-195.92,0
28351,90.91,-196.52,0
28363,83.33,-198.64,0
28375,83.33,-199.12,0
28386,90.91,-198.98,0
28397,90.91,-197.65,0
28408,90.91,-196.49,0
28420,83.33,-195.93,0
28432,83.33,-195.70,0
28443,90.91,-196.91,0
28454,90.91,-199.11,0
28466,83.33,-198.90,0
28477,90.91,-198.69,0
28489,90.91,-197.74,0
28500,83.33,-196.51,0
28512,83.33,-196.14,0
28523,90.91,-196.91,0
28534,90.91,-198.10,0
28546,83.33,-198.73,0
28558,83.33,-198.89,0
28569,90.91,-198.24,0
28580,90.91,-196.97,0
28592,83.33,-195.35,0
28603,90.91,-194.99,0
28614,90.91,-196.42,0
28626,83.33,-198.40,0
28638,83.33,-199.21,0
28649,90.91,-199.21,0
28660,90.91,-198.55,0
28672,83.33,-196.86,0
28683,90.91,-196.06,0
28695,83.33,-196.76,0
28706,90.91,-197.97,0
28718,83.33,-198.12,0
28729,90.91,-198.44,0
28740,90.91,-197.69,0
28752,90.91,-197.14,0
28764,76.92,-196.39,0
28775,90.91,-196.73,0
28786,90.91,-197.98,0
28797,90.91,-199.43,0
28809,83.33,-199.20,0
28821,83.33,-199.17,0
28832,90.91,-198.49,0
28844,83.33,-196.64,0
28855,90.91,-196.34,0
28866,90.91,-196.45,0
28877,90.91,-196.96,0
28890,76.92,-198.62,0
28901,90.91,-199.60,0
28912,90.91,-198.90,0
28923,90.91,-197.72,0
28935,83.33,-197.16,0
28946,90.91,-196.73,0
28958,83.33,-197.58,0
28969,90.91,-199.36,0
28981,83.33,-199.16,0
28992,90.91,-198.61,0
29003,90.91,-197.51,0
29016,76.92,-196.10,0
29027,90.91,-196.06,0
29038,90.91,-196.19,0
29049,90.91,-197.24,0
29061,83.33,-198.49,0
29072,90.91,-199.24,0
29084,83.33,-199.24,0
29095,90.91,-198.48,0
29107,83.33,-197.47,0
29118,90.91,-196.79,0
29129,90.91,-196.89,0
29140,90.91,-198.40,0
29153,76.92,-198.74,0
29164,90.91,-198.46,0
29175,90.91,-197.27,0
29187,83.33,-196.68,0
29198,90.91,-196.12,0
29209,90.91,-196.60,0
29221,83.33,-197.65,0
29233,83.33,-198.86,0
29244,90.91,-199.35,0
29255,90.91,-199.68,0
29266,90.91,-198.10,0
29279,76.92,-196.51,0
29290,90.91,-195.56,0
29301,90.91,-196.23,0
29313,83.33,-197.68,0
29324,90.91,-198.52,0
29335,90.91,-198.50,0
29347,83.33,-198.18,0
29359,83.33,-197.11,0
29370,90.91,-196.17,0
29381,90.91,-196.11,0
29392,90.91,-197.38,0
29404,83.33,-199.05,0
29416,83.33,-199.32,0
29427,90.91,-198.53,0
29438,90.91,-196.52,0
29450,83.33,-195.35,0
29461,90.91,-195.15,0
29473,90.91,-196.56,0
29485,76.92,-198.54,0
29496,90.91,-199.34,0
29507,90.91,-199.12,0
29518,90.91,-198.87,0
29530,83.33,-197.58,0
29542,83.33,-196.61,0
29553,90.91,-196.16,0
29564,90.91,-197.22,0
29576,83.33,-198.19,0
29587,90.91,-198.08,0
29598,90.91,-198.08,0
29611,76.92,-197.95,0
29622,90.91,-196.92,0
29633,90.91,-196.46,0
29644,90.91,-197.27,0
29656,83.33,-199.14,0
29667,90.91,-199.92,0
29679,83.33,-200.17,0
29690,90.91,-198.77,0
29702,83.33,-197.27,0
29713,90.91,-195.77,0
29724,90.91,-195.02,0
29736,90.91,-196.13,0
29748,76.92,-197.87,0
29759,90.91,-198.99,0
29770,90.91,-199.16,0
29782,83.33,-198.61,0
29793,90.91,-197.77,0
29805,83.33,-196.63,0
29816,90.91,-196.31,0
29828,83.33,-198.06,0
29839,90.91,-199.28,0
29850,90.91,-199.45,0
29861,90.91,-198.69,0
29874,76.92,-196.40,0
29885,90.91,-195.60,0
29896,90.91,-195.82,0
29907,90.91,-197.33,0
29919,83.33,-199.47,0
29930,90.91,-199.31,0
29942,83.33,-199.04,0
29954,83.33,-198.13,0
29965,90.91,-197.32,0
29976,90.91,-196.14,0
29987,90.91,-195.91,0
30000,76.92,-197.25,0
30011,90.91,-198.14,0
30022,90.91,-198.27,0
30033,90.91,-198.69,0
30045,83.33,-197.66,0
30056,90.91,-196.22,0
30068,83.33,-196.63,0
30080,83.33,-197.07,0
30091,90.91,-198.67,0
30102,90.91,-198.97,0
30113,90.91,-198.96,0
30125,83.33,-197.25,0
30137,83.33,-195.88,0
30148,90.91,-195.28,0
30159,90.91,-196.30,0
30171,83.33,-198.05,0
30182,90.91,-198.72,0
30194,90.91,-198.76,0
30205,83.33,-198.51,0
30217,83.33,-197.60,0
30228,90.91,-196.73,0
30239,90.91,-195.96,0
30251,83.33,-197.47,0
30263,83.33,-198.25,0
30274,90.91,-198.58,0
30285,90.91,-198.58,0
30297,83.33,-197.49,0
30308,90.91,-196.52,0
30319,90.91,-195.36,0
30331,83.33,-196.04,0
30343,83.33,-197.45,0
30354,90.91,-198.70,0
30365,90.91,-199.17,0
30376,90.91,-199.61,0
30388,83.33,-199.11,0
30400,83.33,-197.14,0
30411,90.91,-195.95,0
30423,83.33,-196.60,0
30434,90.91,-198.31,0
30445,90.91,-198.66,0
30457,90.91,-199.00,0
30469,76.92,-199.03,0
30480,90.91,-198.21,0
30491,90.91,-196.17,0
30502,90.91,-195.85,0
30514,83.33,-197.28,0
30526,83.33,-199.17,0
30537,90.91,-199.85,0
30548,90.91,-199.14,0
30560,83.33,-197.54,0
30571,90.91,-196.88,0
30582,90.91,-196.12,0
30595,76.92,-196.95,0
30606,90.91,-198.58,0
30617,90.91,-199.20,0
30628,90.91,-198.57,0
30640,83.33,-197.73,0
30651,90.91,-197.01,0
30663,83.33,-195.52,0
30674,90.91,-195.73,0
30686,83.33,-196.69,0
30697,90.91,-199.17,0
30708,90.91,-199.10,0
30721,83.33,-198.86,0
30732,83.33,-197.60,0
30743,90.91,-197.01,0
30754,90.91,-196.23,0
30766,83.33,-196.51,0
30777,90.91,-198.45,0
30789,83.33,-199.59,0
30800,90.91,-198.68,0
30812,83.33,-197.72,0
30823,90.91,-197.58,0
30834,90.91,-196.39,0
30845,90.91,-195.76,0
30858,76.92,-197.19,0
30869,90.91,-198.82,0
30880,90.91,-199.04,0
30892,83.33,-198.47,0
30903,90.91,-197.75,0
30915,90.91,-196.32,0
30926,83.33,-195.85,0
30938,83.33,-196.55,0
30949,90.91,-198.04,0
30960,90.91,-198.90,0
30971,90.91,-198.98,0
30984,76.92,-198.64,0
30995,90.91,-197.25,0
31006,90.91,-196.00,0
31017,90.91,-195.74,0
31029,83.33,-197.09,0
31040,90.91,-198.68,0
31052,83.33,-199.81,0
31064,83.33,-199.54,0
31075,90.91,-197.99,0
31086,90.91,-196.36,0
31097,90.91,-195.73,0
31109,83.33,-196.28,0
31121,83.33,-197.52,0
31132,90.91,-198.60,0
31143,90.91,-198.83,0
31155,83.33,-198.38,0
31166,90.91,-196.62,0
31178,90.91,-196.15,0
31190,76.92,-195.73,0
31201,90.91,-196.75,0
31212,90.91,-198.77,0
31223,90.91,-199.16,0
31235,83.33,-198.96,0
31247,83.33,-197.91,0
31258,90.91,-196.96,0
31269,90.91,-195.76,0
31281,83.33,-195.57,0
31292,90.91,-197.03,0
31303,90.91,-198.82,0
31315,83.33,-198.64,0
31327,83.33,-198.40,0
31338,90.91,-197.39,0
31349,90.91,-196.56,0
31361,83.33,-195.87,0
31372,90.91,-196.90,0
31384,83.33,-198.52,0
31395,90.91,-199.27,0
31407,83.33,-198.78,0
31418,90.91,-198.00,0
31429,90.91,-196.82,0
31441,90.91,-196.68,0
31453,83.33,-196.28,0
31464,90.91,-197.31,0
31475,90.91,-198.99,0
31486,90.91,-198.99,0
31498,83.33,-199.16,0
31510,83.33,-198.18,0
31521,90.91,-196.79,0
31533,83.33,-196.60,0
31544,90.91,-196.72,0
31555,90.91,-197.66,0
31566,90.91,-198.51,0
31579,76.92,-198.87,0
31590,90.91,-197.65,0
31601,90.91,-196.62,0
31612,90.91,-196.00,0
31624,83.33,-196.36,0
31636,90.91,-197.24,0
31647,83.33,-198.76,0
31659,83.33,-199.70,0
31670,90.91,-199.21,0
31681,90.91,-197.68,0
31692,90.91,-196.16,0
31705,76.92,-195.11,0
31716,90.91,-195.80,0
31727,90.91,-197.90,0
31738,90.91,-199.24,0
31750,83.33,-198.71,0
31761,90.91,-198.33,0
31773,83.33,-197.69,0
31784,90.91,-196.09,0
31796,83.33,-195.96,0
31807,90.91,-196.87,0
31818,90.91,-199.07,0
31830,83.33,-199.06,0
31842,83.33,-198.81,0
31853,90.91,-197.84,0
31864,90.91,-196.27,0
31876,83.33,-194.81,0
31887,90.91,-195.69,0
31899,90.91,-197.92,0
31910,83.33,-198.95,0
31922,83.33,-199.11,0
31933,90.91,-198.70,0
31944,90.91,-197.70,0
31955,90.91,-196.44,0
31968,76.92,-196.26,0
31979,90.91,-197.03,0
31990,90.91,-198.41,0
32002,83.33,-197.75,0
32013,90.91,-198.01,0
32024,90.91,-196.85,0
32036,83.33,-196.05,0
32048,83.33,-195.23,0
32059,90.91,-196.11,0
32070,90.91,-197.89,0
32081,90.91,-199.71,0
32093,83.33,-199.63,0
32105,83.33,-199.01,0
32116,90.91,-197.97,0
32128,83.33,-196.27,0
32139,90.91,-194.92,0
32150,90.91,-195.44,0
32162,83.33,-197.27,0
32174,83.33,-197.72,0
32185,90.91,-198.89,0
32196,90.91,-198.42,0
32207,90.91,-197.43,0
32219,83.33,-196.39,0
32231,83.33,-196.79,0
32242,90.91,-198.36,0
32253,90.91,-199.60,0
32265,83.33,-199.42,0
32276,90.91,-198.58,0
32287,90.91,-197.25,0
32300,76.92,-195.29,0
32311,90.91,-195.11,0
32322,90.91,-196.89,0
32333,90.91,-199.09,0
32345,83.33,-199.98,0
32357,90.91,-199.85,0
32368,83.33,-199.19,0
32379,90.91,-198.16,0
32391,83.33,-197.08,0
32402,90.91,-196.43,0
32413,90.91,-197.74,0
32425,83.33,-199.06,0
32437,83.33,-198.21,0
32448,90.91,-197.61,0
32459,90.91,-196.74,0
32471,83.33,-196.44,0
32482,90.91,-196.44,0
32494,83.33,-197.08,0
32505,90.91,-199.17,0
32517,83.33,-199.87,0
32528,90.91,-199.70,0
32539,90.91,-199.09,0
32550,90.91,-196.93,0
32563,76.92,-195.08,0
32574,90.91,-195.08,0
32585,90.91,-196.54,0
32596,90.91,-198.48,0
32608,83.33,-198.73,0
32620,90.91,-199.04,0
32631,83.33,-197.85,0
32643,83.33,-196.61,0
32654,90.91,-196.94,0
32665,90.91,-198.12,0
32676,90.91,-200.33,0
32689,76.92,-200.49,0
32700,90.91,-199.23,0
32711,90.91,-197.90,0
32722,90.91,-196.79,0
32734,83.33,-195.23,0
32745,90.91,-195.38,0
32757,83.33,-196.97,0
32769,83.33,-199.17,0
32780,90.91,-199.62,0
32791,90.91,-199.36,0
32802,90.91,-198.56,0
32815,83.33,-196.88,0
32826,83.33,-196.36,0
32837,90.91,-196.42,0
32848,90.91,-197.34,0
32860,83.33,-197.84,0
32871,90.91,-198.38,0
32883,83.33,-197.26,0
32894,90.91,-196.32,0
32906,83.33,-195.62,0
32917,90.91,-196.27,0
32928,90.91,-197.72,0
32940,83.33,-198.92,0
32952,83.33,-199.29,0
32963,90.91,-199.29,0
32974,90.91,-198.14,0
32986,83.33,-196.43,0
32997,90.91,-195.61,0
33008,90.91,-196.17,0
33020,83.33,-197.53,0
33032,83.33,-198.97,0
33043,90.91,-199.11,0
33054,90.91,-199.13,0
33065,90.91,-197.90,0
33078,83.33,-196.68,0
33089,83.33,-196.65,0
33100,90.91,-198.17,0
33112,83.33,-198.62,0
33123,90.91,-198.90,0
33134,90.91,-198.96,0
33146,83.33,-197.34,0
33158,83.33,-196.43,0
33169,90.91,-195.47,0
33180,90.91,-195.67,0
33191,90.91,-197.72,0
33203,83.33,-199.30,0
33215,83.33,-199.33,0
33226,90.91,-199.34,0
33238,83.33,-198.02,0
33249,90.91,-197.03,0
33260,90.91,-195.64,0
33271,90.91,-196.38,0
33284,76.92,-197.79,0
33295,90.91,-198.20,0
33306,90.91,-198.20,0
33317,90.91,-197.12,0
33329,83.33,-196.11,0
33341,90.91,-195.51,0
33352,83.33,-196.48,0
33363,90.91,-198.30,0
33375,83.33,-199.41,0
33386,90.91,-199.12,0
33397,90.91,-198.95,0
33410,76.92,-197.49,0
33421,90.91,-195.50,0
33432,90.91,-194.69,0
33443,90.91,-195.69,0
33455,83.33,-197.37,0
33466,90.91,-198.77,0
33478,83.33,-198.88,0
33489,90.91,-198.43,0
33501,83.33,-197.68,0
33512,90.91,-197.05,0
33523,90.91,-197.67,0
33534,90.91,-197.71,0
33547,76.92,-198.63,0
33558,90.91,-198.29,0
33569,90.91,-197.78,0
33581,83.33,-197.14,0
33592,90.91,-195.83,0
33604,90.91,-196.05,0
33615,83.33,-197.08,0
33627,83.33,-198.65,0
33638,90.91,-198.86,0
33649,90.91,-198.89,0
33660,90.91,-198.21,0
33673,76.92,-196.34,0
33684,90.91,-195.71,0
33695,90.91,-195.59,0
33707,83.33,-196.75,0
33718,90.91,-198.45,0
33729,90.91,-198.80,0
33741,83.33,-198.49,0
33753,83.33,-197.50,0
33764,90.91,-196.46,0
33775,90.91,-196.81,0
33786,90.91,-197.08,0
33798,83.33,-199.07,0
33810,83.33,-198.99,0
33821,90.91,-198.59,0
33832,90.91,-197.55,0
33844,83.33,-196.80,0
33855,90.91,-195.76,0
33867,83.33,-195.46,0
33879,83.33,-197.09,0
33890,90.91,-198.81,0
33901,90.91,-199.09,0
33912,90.91,-198.99,0
33924,83.33,-198.27,0
33936,83.33,-196.55,0
33947,90.91,-195.89,0
33958,90.91,-197.33,0
33970,83.33,-198.30,0
33981,90.91,-197.82,0
33992,90.91,-197.34,0
34004,83.33,-196.75,0
34016,83.33,-196.34,0
34027,90.91,-196.13,0
34038,90.91,-196.49,0
34050,83.33,-198.12,0
34062,90.91,-200.53,0
34073,83.33,-200.27,0
34084,90.91,-199.36,0
34096,83.33,-197.81,0
34107,90.91,-195.42,0
34118,90.91,-195.22,0
34130,83.33,-195.65,0
34142,83.33,-196.65,0
34153,90.91,-197.62,0
34164,90.91,-198.07,0
34176,83.33,-198.31,0
34187,90.91,-197.44,0
34199,83.33,-196.57,0
34210,90.91,-196.54,0
34222,83.33,-197.76,0
34233,90.91,-198.43,0
34244,90.91,-198.12,0
34255,90.91,-197.42,0
34268,76.92,-196.58,0
34279,90.91,-195.82,0
34290,90.91,-194.84,0
34301,90.91,-195.25,0
34313,83.33,-197.55,0
34325,90.91,-199.92,0
34336,83.33,-199.85,0
34348,83.33,-199.25,0
34359,90.91,-198.11,0
34370,90.91,-196.64,0
34381,90.91,-196.03,0
34394,76.92,-196.17,0
34405,90.91,-197.55,0
34416,90.91,-197.58,0
34427,90.91,-197.73,0
34439,83.33,-197.28,0
34450,90.91,-196.79,0
34462,83.33,-196.47,0
34473,90.91,-197.65,0
34485,83.33,-199.16,0
34496,90.91,-199.60,0
34507,90.91,-198.80,0
34519,83.33,-198.40,0
34531,83.33,-196.81,0
34542,90.91,-195.65,0
34553,90.91,-195.09,0
34565,83.33,-195.68,0
34576,90.91,-197.70,0
34588,90.91,-199.13,0
34599,83.33,-199.36,0
34611,83.33,-198.37,0
34622,90.91,-197.71,0
34633,90.91,-197.26,0
34644,90.91,-196.89,0
34657,76.92,-197.39,0
34668,90.91,-198.21,0
34679,90.91,-198.04,0
34691,83.33,-197.82,0
34702,90.91,-196.51,0
34713,90.91,-195.36,0
34725,83.33,-195.40,0
34737,83.33,-197.04,0
34748,90.91,-198.45,0
34759,90.91,-198.69,0
34770,90.91,-199.23,0
34782,83.33,-198.82,0
34794,83.33,-197.30,0
34805,90.91,-195.73,0
34817,83.33,-195.69,0
34828,90.91,-196.32,0
34839,90.91,-197.77,0
34851,90.91,-198.08,0
34863,76.92,-198.02,0
34874,90.91,-197.10,0
34885,90.91,-196.15,0
34896,90.91,-196.09,0
34908,83.33,-197.31,0
34920,83.33,-199.34,0
34931,90.91,-199.98,0
34942,90.91,-199.15,0
34954,83.33,-198.13,0
34965,90.91,-196.40,0
34976,90.91,-194.81,0
34989,76.92,-194.18,0
35000,90.91,-195.78,0
35011,90.91,-198.34,0
35022,90.91,-198.99,0
35034,83.33,-198.89,0
35045,90.91,-198.65,0
35057,83.33,-197.72,0
35068,90.91,-196.77,0
35080,83.33,-196.55,0
35091,90.91,-197.98,0
35102,90.91,-198.48,0
35115,90.91,-197.98,0
35126,76.92,-196.94,0
35137,90.91,-196.12,0
35148,90.91,-194.83,0
35160,83.33,-195.71,0
35171,90.91,-197.06,0
35183,83.33,-199.29,0
35194,90.91,-200.50,0
35206,83.33,-199.82,0
35217,90.91,-198.11,0
35228,90.91,-197.08,0
35239,90.91,-196.23,0
35252,76.92,-196.05,0
35263,90.91,-197.66,0
35274,90.91,-198.33,0
35286,83.33,-198.66,0
35297,90.91,-198.50,0
35308,90.91,-197.37,0
35320,83.33,-197.19,0
35332,83.33,-197.27,0
35343,90.91,-198.50,0
35354,90.91,-199.85,0
35365,90.91,-199.90,0
35378,76.92,-199.02,0
35389,90.91,-197.20,0
35400,90.91,-195.87,0
35411,90.91,-195.00,0
35423,83.33,-195.04,0
35434,90.91,-196.96,0
35446,83.33,-199.02,0
35458,83.33,-199.59,0
35469,90.91,-199.46,0
35480,90.91,-198.07,0
35491,90.91,-196.62,0
35503,83.33,-196.30,0
35515,83.33,-196.76,0
35526,90.91,-197.68,0
35537,90.91,-197.71,0
35549,83.33,-197.07,0
35560,90.91,-196.13,0
35572,90.91,-195.67,0
35584,76.92,-195.55,0
35595,90.91,-196.66,0
35606,90.91,-198.69,0
35617,90.91,-199.79,0
35629,83.33,-199.95,0
35641,83.33,-199.51,0
35652,90.91,-197.79,0
35663,90.91,-195.50,0
35675,83.33,-194.80,0
35686,90.91,-196.10,0
35697,90.91,-197.39,0
35709,83.33,-198.02,0
35721,83.33,-198.74,0
35732,90.91,-198.20,0
35743,90.91,-197.00,0
35755,83.33,-196.21,0
35766,90.91,-196.99,0
35778,83.33,-198.75,0
35789,90.91,-199.47,0
35801,83.33,-199.20,0
35812,90.91,-198.43,0
35823,90.91,-196.62,0
35835,90.91,-194.82,0
35847,76.92,-194.65,0
35858,90.91,-196.47,0
35869,90.91,-198.59,0
35880,90.91,-199.47,0
35892,83.33,-200.35,0
35904,83.33,-199.50,0
35915,90.91,-198.12,0
35927,83.33,-196.49,0
35938,90.91,-196.22,0
35949,90.91,-197.15,0
35960,90.91,-198.42,0
35973,76.92,-198.11,0
35984,90.91,-197.24,0
35995,90.91,-196.81,0
36006,90.91,-195.92,0
36018,83.33,-195.54,0
36029,90.91,-197.21,0
36041,83.33,-199.62,0
36052,90.91,-199.89,0
36064,83.33,-199.40,0
36075,90.91,-198.00,0
36086,90.91,-197.20,0
36099,83.33,-195.56,0
36110,83.33,-194.79,0
36121,90.91,-196.81,0
36132,90.91,-198.50,0
36144,83.33,-198.78,0
36155,90.91,-198.88,0
36167,83.33,-198.20,0
36178,90.91,-197.75,0
36190,83.33,-197.57,0
36201,90.91,-197.72,0
36212,90.91,-198.72,0
36224,83.33,-199.18,0
36236,83.33,-198.30,0
36247,90.91,-196.40,0
36258,90.91,-195.87,0
36270,83.33,-194.69,0
36281,90.91,-195.47,0
36292,90.91,-197.31,0
36304,83.33,-198.88,0
36316,83.33,-199.48,0
36327,90.91,-199.55,0
36338,90.91,-198.47,0
36349,90.91,-196.97,0
36362,83.33,-196.25,0
36373,90.91,-196.66,0
36384,90.91,-197.40,0
36396,83.33,-197.95,0
36407,90.91,-198.32,0
36418,90.91,-197.78,0
36430,83.33,-196.42,0
36442,83.33,-196.06,0
36453,90.91,-196.46,0
36464,90.91,-197.83,0
36475,90.91,-199.84,0
36487,83.33,-199.90,0
36499,83.33,-199.76,0
36510,90.91,-198.11,0
36521,90.91,-196.34,0
36533,83.33,-195.09,0
36544,90.91,-195.56,0
36555,90.91,-197.00,0
36568,76.92,-198.14,0
36579,90.91,-198.82,0
36590,90.91,-198.66,0
36601,90.91,-198.01,0
36613,83.33,-197.58,0
36625,83.33,-197.61,0
36636,90.91,-198.05,0
36647,90.91,-199.06,0
36659,83.33,-198.36,0
36670,90.91,-197.72,0
36681,90.91,-196.36,0
36694,76.92,-195.66,0
36705,90.91,-194.62,0
36716,90.91,-195.63,0
36727,90.91,-197.78,0
36739,83.33,-199.53,0
36750,90.91,-200.26,0
36762,83.33,-199.92,0
36773,90.91,-198.35,0
36785,83.33,-196.83,0
36796,90.91,-195.79,0
36807,90.91,-196.50,0
36819,90.91,-197.94,0
36831,76.92,-197.89,0
36842,90.91,-197.68,0
36853,90.91,-197.32,0
36865,83.33,-196.46,0
36876,90.91,-195.97,0
36888,83.33,-196.44,0
36899,90.91,-198.58,0
36911,83.33,-199.79,0
36922,90.91,-199.64,0
36933,90.91,-198.71,0
36944,90.91,-196.95,0
36957,76.92,-195.59,0
36968,90.91,-195.02,0
36979,90.91,-195.80,0
36990,90.91,-197.57,0
37002,83.33,-198.97,0
37013,90.91,-199.50,0
37025,83.33,-198.90,0
37037,83.33,-198.02,0
37048,90.91,-197.06,0
37059,90.91,-197.49,0
37070,90.91,-198.00,0
37083,83.33,-198.58,0
37094,83.33,-198.46,0
37105,90.91,-197.59,0
37116,90.91,-196.36,0
37128,83.33,-195.82,0
37139,90.91,-195.62,0
37151,83.33,-196.55,0
37163,83.33,-198.49,0
37174,90.91,-200.14,0
37185,90.91,-200.05,0
37196,90.91,-198.51,0
37208,83.33,-196.85,0
37220,83.33,-196.08,0
37231,90.91,-196.17,0
37242,90.91,-197.14,0
37254,83.33,-198.19,0
37265,90.91,-198.15,0
37276,90.91,-197.91,0
37288,83.33,-197.46,0
37300,83.33,-196.90,0
37311,90.91,-196.91,0
37322,90.91,-198.24,0
37334,83.33,-199.92,0
37346,83.33,-199.69,0
37357,90.91,-199.13,0
37368,90.91,-197.66,0
37380,83.33,-195.92,0
37391,90.91,-194.89,0
37402,90.91,-195.14,0
37414,83.33,-196.93,0
37426,83.33,-198.08,0
37437,90.91,-198.88,0
37448,90.91,-199.36,0
37459,90.91,-198.08,0
37471,83.33,-196.80,0
37483,83.33,-196.21,0
37494,90.91,-196.55,0
37506,83.33,-197.83,0
37517,90.91,-198.87,0
37528,90.91,-198.68,0
37540,90.91,-197.36,0
37552,76.92,-196.24,0
37563,90.91,-195.45,0
37574,90.91,-196.23,0
37585,90.91,-198.08,0
37597,83.33,-199.80,0
37609,83.33,-199.36,0
37620,90.91,-198.41,0
37632,83.33,-197.15,0
37643,90.91,-196.65,0
37654,90.91,-195.56,0
37665,90.91,-196.09,0
37678,76.92,-197.85,0
37689,90.91,-198.42,0
37700,90.91,-198.50,0
37711,90.91,-198.44,0
37723,83.33,-197.41,0
37734,90.91,-196.36,0
37746,83.33,-196.68,0
37757,90.91,-197.91,0
37769,83.33,-199.01,0
37780,90.91,-198.99,0
37791,90.91,-198.50,0
37804,83.33,-196.99,0
37815,90.91,-195.58,0
37826,90.91,-195.22,0
37837,90.91,-195.64,0
37849,83.33,-197.67,0
37860,90.91,-199.31,0
37872,83.33,-198.92,0
37883,90.91,-198.55,0
37895,83.33,-198.20,0
37906,90.91,-196.82,0
37917,90.91,-196.62,0
37928,90.91,-198.20,0
37941,76.92,-198.83,0
37952,90.91,-198.12,0
37963,90.91,-198.06,0
37975,83.33,-197.41,0
37986,90.91,-196.20,0
37998,90.91,-195.80,0
38009,83.33,-196.41,0
38021,83.33,-198.58,0
38032,90.91,-199.75,0
38043,90.91,-200.17,0
38054,90.91,-199.17,0
38067,76.92,-197.53,0
38078,90.91,-196.06,0
38089,90.91,-195.85,0
38100,90.91,-196.42,0
38112,83.33,-197.66,0
38123,90.91,-198.55,0
38135,83.33,-198.61,0
38147,83.33,-197.75,0
38158,90.91,-197.02,0
38169,90.91,-196.40,0
38180,90.91,-197.03,0
38192,83.33,-198.54,0
38204,83.33,-198.35,0
38215,90.91,-198.70,0
38226,90.91,-197.55,0
38238,83.33,-196.42,0
38249,90.91,-195.26,0
38261,90.91,-195.35,0
38273,76.92,-196.19,0
38284,90.91,-198.48,0
38295,90.91,-198.55,0
38306,90.91,-198.61,0
38318,83.33,-198.32,0
38330,83.33,-197.21,0
38341,90.91,-195.87,0
38352,90.91,-195.93,0
38364,83.33,-197.78,0
38375,90.91,-198.60,0
38386,90.91,-198.02,0
38398,83.33,-197.69,0
38410,83.33,-197.58,0
38421,90.91,-196.38,0
38432,90.91,-196.73,0
38444,83.33,-197.83,0
38455,90.91,-199.17,0
38467,83.33,-199.68,0
38478,90.91,-199.36,0
38490,83.33,-198.24,0
38501,90.91,-196.29,0
38512,90.91,-195.08,0
38524,83.33,-195.24,0
38536,83.33,-196.83,0
38547,90.91,-198.75,0
38558,90.91,-198.72,0
38569,90.91,-198.87,0
38581,83.33,-198.61,0
38593,83.33,-197.13,0
38604,90.91,-196.46,0
38616,83.33,-197.51,0
38627,90.91,-199.18,0
38638,90.91,-199.71,0
38649,90.91,-198.11,0
38662,76.92,-196.72,0
38673,90.91,-196.07,0
38684,90.91,-195.93,0
38695,90.91,-196.31,0
38707,83.33,-197.49,0
38719,90.91,-199.40,0
38730,83.33,-199.36,0
38742,83.33,-199.17,0
38753,90.91,-198.21,0
38764,90.91,-196.70,0
38775,90.91,-195.77,0
38788,76.92,-196.81,0
38799,90.91,-198.52,0
38810,90.91,-199.31,0
38821,90.91,-198.42,0
38833,83.33,-197.63,0
38844,90.91,-196.89,0
38856,83.33,-196.30,0
38867,90.91,-196.36,0
38879,83.33,-198.10,0
38890,90.91,-200.31,0
38901,90.91,-200.02,0
38913,83.33,-199.12,0
38925,83.33,-197.40,0
38936,90.91,-196.23,0
38947,90.91,-195.74,0
38959,83.33,-195.54,0
38970,90.91,-197.67,0
38982,90.91,-198.39,0
38993,83.33,-198.64,0
39005,83.33,-198.39,0
39016,90.91,-197.54,0
39027,90.91,-196.25,0
39038,90.91,-197.03,0
39051,76.92,-198.13,0
39062,90.91,-199.00,0
39073,90.91,-198.77,0
39085,83.33,-198.42,0
39096,90.91,-197.51,0
39107,90.91,-196.10,0
39119,83.33,-194.98,0
39131,83.33,-196.26,0
39142,90.91,-198.36,0
39153,90.91,-199.41,0
39164,90.91,-199.20,0
39176,83.33,-198.48,0
39188,83.33,-196.91,0
39199,90.91,-195.26,0
39211,83.33,-195.12,0
39222,90.91,-196.09,0
39233,90.91,-197.97,0
39245,90.91,-198.23,0
39257,76.92,-198.04,0
39268,90.91,-196.93,0
39279,90.91,-195.78,0
39290,90.91,-195.88,0
39302,83.33,-197.14,0
39314,83.33,-198.62,0
39325,90.91,-199.25,0
39336,90.91,-199.07,0
39348,83.33,-197.94,0
39359,90.91,-196.72,0
39370,90.91,-195.62,0
39383,76.92,-195.99,0
39394,90.91,-196.39,0
39405,90.91,-197.95,0
39416,90.91,-198.71,0
39428,83.33,-198.66,0
39439,90.91,-198.47,0
39451,83.33,-197.63,0
39462,90.91,-196.90,0
39474,83.33,-196.92,0
39485,90.91,-197.89,0
39496,90.91,-198.35,0
39508,83.33,-197.77,0
39520,83.33,-197.16,0
39531,90.91,-196.45,0
39542,90.91,-195.73,0
39554,83.33,-195.57,0
39565,90.91,-196.80,0
39577,83.33,-199.18,0
39588,90.91,-199.71,0
39600,83.33,-199.31,0
39611,90.91,-198.35,0
39622,90.91,-196.99,0
39633,90.91,-195.92,0
39646,76.92,-196.43,0
39657,90.91,-197.79,0
39668,90.91,-198.52,0
39680,83.33,-198.19,0
39691,90.91,-197.32,0
39703,90.91,-196.82,0
39714,83.33,-196.22,0
39726,83.33,-196.30,0
39737,90.91,-197.28,0
39748,90.91,-198.92,0
39759,90.91,-199.27,0
39772,76.92,-199.54,0
39783,90.91,-198.16,0
39794,90.91,-196.87,0
39805,90.91,-195.88,0
39817,83.33,-195.79,0
39828,90.91,-197.09,0
39840,83.33,-198.56,0
39852,83.33,-198.93,0
39863,90.91,-198.38,0
39874,90.91,-197.98,0
39885,90.91,-196.94,0
39897,83.33,-196.99,0
39909,83.33,-197.56,0
39920,90.91,-198.97,0
39931,90.91,-198.92,0
39943,83.33,-198.40,0
39954,90.91,-197.54,0
39966,90.91,-196.63,0
39977,83.33,-196.19,0
39989,83.33,-196.06,0
40000,90.91,-197.80,0
40011,90.91,-199.64,0
40023,83.33,-199.86,0
40035,83.33,-199.44,0
40046,90.91,-198.31,0
40057,90.91,-197.19,0
40069,83.33,-196.04,0
40080,90.91,-196.22,0
40091,90.91,-197.23,0
40103,83.33,-197.45,0
40115,83.33,-197.86,0
40126,90.91,-197.95,0
40137,90.91,-197.13,0
40148,90.91,-196.41,0
40160,83.33,-196.59,0
40172,83.33,-198.25,0
40183,90.91,-199.03,0
40195,83.33,-199.08,0
40206,90.91,-198.34,0
40217,90.91,-197.00,0
40229,90.91,-196.03,0
40241,76.92,-195.45,0
40252,90.91,-196.12,0
40263,90.91,-197.77,0
40274,90.91,-199.40,0
40286,83.33,-199.16,0
40298,83.33,-198.55,0
40309,90.91,-198.08,0
40321,83.33,-196.71,0
40332,90.91,-196.46,0
40343,90.91,-197.38,0
40354,90.91,-198.82,0
40367,76.92,-198.83,0
40378,90.91,-197.71,0
40389,90.91,-196.83,0
40400,90.91,-195.49,0
40412,83.33,-195.62,0
40423,90.91,-196.96,0
40435,83.33,-198.85,0
40446,90.91,-199.81,0
40458,83.33,-199.47,0
40469,90.91,-198.93,0
40480,90.91,-197.51,0
40493,76.92,-196.19,0
40504,90.91,-195.62,0
40515,90.91,-196.54,0
40526,90.91,-198.27,0
40538,83.33,-198.84,0
40549,90.91,-198.03,0
40561,83.33,-197.93,0
40572,90.91,-196.84,0
40584,83.33,-197.05,0
40595,90.91,-197.25,0
40606,90.91,-198.68,0
40617,90.91,-199.04,0
40630,76.92,-198.42,0
40641,90.91,-197.35,0
40652,90.91,-195.83,0
40664,83.33,-195.20,0
40675,90.91,-195.48,0
40687,90.91,-196.94,0
40698,83.33,-198.63,0
40710,83.33,-199.54,0
40721,90.91,-199.58,0
40732,90.91,-198.48,0
40743,90.91,-197.23,0
40756,76.92,-196.43,0
40767,90.91,-196.30,0
40778,90.91,-197.92,0
40790,83.33,-198.17,0
40801,90.91,-197.64,0
40812,90.91,-197.27,0
40824,83.33,-196.68,0
40836,83.33,-195.92,0
40847,90.91,-195.96,0
40858,90.91,-196.92,0
40869,90.91,-199.41,0
40881,83.33,-200.20,0
40893,83.33,-199.37,0
40904,90.91,-197.52,0
40915,90.91,-195.85,0
40927,83.33,-194.52,0
40938,90.91,-194.97,0
40950,83.33,-196.79,0
40962,83.33,-198.34,0
40973,90.91,-198.49,0
40984,90.91,-198.26,0
40995,90.91,-197.65,0
41007,83.33,-197.19,0
41019,83.33,-196.83,0
41030,90.91,-197.23,0
41041,90.91,-199.13,0
41053,83.33,-199.10,0
41064,90.91,-198.54,0
41075,90.91,-197.37,0
41088,76.92,-195.84,0
41099,90.91,-195.33,0
41110,90.91,-195.23,0
41121,90.91,-197.05,0
41133,83.33,-199.02,0
41145,90.91,-200.01,0
41156,83.33,-199.35,0
41167,90.91,-197.45,0
41179,83.33,-196.59,0
41190,90.91,-196.66,0
41201,90.91,-196.75,0
41213,83.33,-197.91,0
41225,83.33,-198.40,0
41236,90.91,-197.54,0
41247,90.91,-196.94,0
41259,83.33,-196.30,0
41270,90.91,-195.94,0
41282,83.33,-196.46,0
41293,90.91,-197.74,0
41305,83.33,-199.45,0
41316,90.91,-199.75,0
41327,90.91,-199.72,0
41338,90.91,-198.38,0
41351,76.92,-196.66,0
41362,90.91,-195.81,0
41373,90.91,-196.57,0
41384,90.91,-197.65,0
41396,83.33,-198.63,0
41408,90.91,-198.70,0
41419,83.33,-198.25,0
41431,83.33,-197.12,0
41442,90.91,-196.83,0
41453,90.91,-197.26,0
41464,90.91,-198.81,0
41477,76.92,-198.92,0
41488,90.91,-198.49,0
41499,90.91,-198.22,0
41510,90.91,-197.16,0
41522,83.33,-195.80,0
41533,90.91,-195.88,0
41545,83.33,-196.88,0
41556,90.91,-198.63,0
41568,83.33,-199.18,0
41579,90.91,-199.23,0
41590,90.91,-199.12,0
41602,83.33,-198.31,0
41614,83.33,-197.09,0
41625,90.91,-196.46,0
41636,90.91,-197.14,0
41648,83.33,-198.35,0
41659,90.91,-198.51,0
41671,90.91,-198.16,0
41682,83.33,-197.46,0
41694,83.33,-196.37,0
41705,90.91,-196.45,0
41716,90.91,-197.14,0
41728,83.33,-199.33,0
41740,83.33,-200.11,0
41751,90.91,-199.92,0
41762,90.91,-198.12,0
41774,83.33,-196.66,0
41785,90.91,-194.92,0
41796,90.91,-194.81,0
41808,83.33,-196.63,0
41820,83.33,-198.76,0
41831,90.91,-198.58,0
41842,90.91,-198.82,0
41853,90.91,-197.55,0
41865,83.33,-196.72,0
41877,83.33,-196.68,0
41888,90.91,-197.13,0
41900,83.33,-198.46,0
41911,90.91,-199.32,0
41922,90.91,-198.59,0
41934,83.33,-197.62,0
41946,83.33,-196.86,0
41957,90.91,-195.67,0
41968,90.91,-195.99,0
41979,90.91,-197.96,0
41991,83.33,-199.76,0
42003,83.33,-199.61,0
42014,90.91,-199.13,0
42025,90.91,-197.99,0
42037,83.33,-196.71,0
42048,90.91,-195.98,0
42059,90.91,-196.24,0
42072,76.92,-197.47,0
42083,90.91,-198.50,0
42094,90.91,-198.18,0
42105,90.91,-197.83,0
42117,83.33,-197.47,0
42128,90.91,-196.48,0
42140,83.33,-196.62,0
42151,90.91,-197.72,0
42163,83.33,-199.45,0
42174,90.91,-199.23,0
42185,90.91,-198.61,0
42198,76.92,-197.43,0
42209,90.91,-196.55,0
42220,90.91,-195.29,0
42231,90.91,-195.37,0
42243,83.33,-196.94,0
42254,90.91,-198.15,0
42266,83.33,-198.55,0
42277,90.91,-198.20,0
42289,83.33,-197.14,0
42300,90.91,-196.39,0
42311,90.91,-196.92,0
42322,90.91,-197.42,0
42335,76.92,-198.28,0
42346,90.91,-198.47,0
42357,90.91,-198.06,0
42369,83.33,-196.73,0
42380,90.91,-195.80,0
42392,90.91,-195.19,0
42403,83.33,-196.15,0
42415,83.33,-197.58,0
42426,90.91,-198.82,0
42437,90.91,-199.79,0
42448,90.91,-199.22,0
42461,76.92,-198.00,0
42472,90.91,-196.47,0
42483,90.91,-195.74,0
42494,90.91,-196.83,0
42506,83.33,-198.30,0
42517,90.91,-198.93,0
42529,83.33,-198.45,0
42541,83.33,-197.71,0
42552,90.91,-197.25,0
42563,90.91,-196.48,0
42574,90.91,-196.84,0
42586,83.33,-197.88,0
42598,83.33,-198.77,0
42609,90.91,-198.82,0
42620,90.91,-198.39,0
42632,83.33,-196.56,0
42643,90.91,-195.94,0
42655,90.91,-195.91,0
42667,76.92,-197.49,0
42678,90.91,-198.54,0
42689,90.91,-198.87,0
42700,90.91,-199.00,0
42712,83.33,-198.25,0
42724,83.33,-196.79,0
42735,90.91,-195.65,0
42746,90.91,-195.54,0
42758,83.33,-196.93,0
42769,90.91,-198.14,0
42780,90.91,-198.83,0
42792,83.33,-198.40,0
42804,83.33,-197.03,0
42815,90.91,-196.60,0
42826,90.91,-196.64,0
42838,83.33,-197.45,0
42849,90.91,-199.08,0
42861,83.33,-199.23,0
42872,90.91,-198.66,0
42884,83.33,-197.64,0
42895,90.91,-196.04,0
42906,90.91,-195.10,0
42918,90.91,-195.65,0
42930,76.92,-197.07,0
42941,90.91,-198.85,0
42952,90.91,-199.28,0
42963,90.91,-198.91,0
42975,83.33,-198.30,0
42987,83.33,-197.13,0
42998,90.91,-196.90,0
43010,83.33,-197.22,0
43021,90.91,-198.61,0
43032,90.91,-198.78,0
43043,90.91,-198.49,0
43056,76.92,-197.50,0
43067,90.91,-196.04,0
43078,90.91,-195.21,0
43089,90.91,-195.57,0
43101,83.33,-196.86,0
43112,90.91,-199.21,0
43124,83.33,-199.44,0
43136,83.33,-199.18,0
43147,90.91,-197.41,0
43158,90.91,-196.13,0
43169,90.91,-194.92,0
43182,76.92,-195.85,0
43193,90.91,-197.93,0
43204,90.91,-198.72,0
43215,90.91,-198.89,0
