66,15.15,597.40,0
77,90.91,597.82,0
89,83.33,599.66,0
100,90.91,600.35,0
111,90.91,599.90,0
123,83.33,599.04,0
135,83.33,599.17,0
146,90.91,596.72,0
157,90.91,598.00,0
168,90.91,599.53,0
180,83.33,595.88,0
192,83.33,599.76,0
203,90.91,598.80,0
215,83.33,600.98,0
226,90.91,601.32,0
237,90.91,600.27,0
249,90.91,598.35,0
261,76.92,599.55,0
272,90.91,597.82,0
283,90.91,600.81,0
294,90.91,600.48,0
306,83.33,596.70,0
318,83.33,599.02,0
329,90.91,597.70,0
340,90.91,597.91,0
352,83.33,601.11,0
363,90.91,600.04,0
374,90.91,597.49,0
387,76.92,595.23,0
398,90.91,597.06,0
409,90.91,598.04,0
420,90.91,599.44,0
432,83.33,599.69,0
443,90.91,597.49,0
455,83.33,595.06,0
466,90.91,595.86,0
478,83.33,597.27,0
489,90.91,597.37,0
500,90.91,596.75,0
512,83.33,596.17,0
524,83.33,598.31,0
535,90.91,598.86,0
546,90.91,598.30,0
558,83.33,597.85,0
569,90.91,597.13,0
581,90.91,595.97,0
592,83.33,597.44,0
604,83.33,599.00,0
615,90.91,601.97,0
626,90.91,599.25,0
637,90.91,595.21,0
650,76.92,597.60,0
661,90.91,597.87,0
672,90.91,599.14,0
684,83.33,597.07,0
695,90.91,594.37,0
706,90.91,594.93,0
718,83.33,596.72,0
730,83.33,602.24,0
741,90.91,598.59,0
752,90.91,597.70,0
763,90.91,596.35,0
775,83.33,596.91,0
787,83.33,599.73,0
798,90.91,599.66,0
809,90.91,602.53,0
821,83.33,597.67,0
832,90.91,598.76,0
843,90.91,600.92,0
856,76.92,598.63,0
867,90.91,600.51,0
878,90.91,594.32,0
889,90.91,596.63,0
901,83.33,600.41,0
913,90.91,602.34,0
924,83.33,603.82,0
935,90.91,601.18,0
947,83.33,596.41,0
958,90.91,598.44,0
969,90.91,601.92,0
982,76.92,601.45,0
993,90.91,596.34,0
1004,90.91,595.60,0
1015,90.91,595.78,0
1027,83.33,597.10,0
1038,90.91,604.33,0
1050,83.33,602.68,0
1061,90.91,600.25,0
1073,83.33,596.55,0
1084,90.91,597.31,0
1095,90.91,599.34,0
1106,90.91,597.02,0
1119,76.92,597.53,0
1130,90.91,597.16,0
1141,90.91,599.20,0
1153,83.33,597.39,0
1164,90.91,597.72,0
1175,90.91,598.31,0
1187,83.33,596.73,0
1199,83.33,599.34,0
1210,90.91,598.03,0
1221,90.91,595.78,0
1232,90.91,599.26,0
1245,83.33,598.76,0
1256,83.33,597.20,0
1267,90.91,599.20,0
1278,90.91,598.06,0
1290,83.33,599.70,0
1301,90.91,598.02,0
1313,83.33,597.25,0
1325,83.33,599.56,0
1336,90.91,598.24,0
1347,90.91,600.32,0
1358,90.91,597.93,0
1370,83.33,595.20,0
1382,83.33,596.43,0
1393,90.91,599.32,0
1404,90.91,600.93,0
1416,83.33,599.65,0
1427,90.91,600.52,0
1438,90.91,599.71,0
1451,76.92,604.46,0
1462,90.91,599.19,0
1473,90.91,598.95,0
1484,90.91,599.12,0
1496,83.33,595.67,0
1507,90.91,598.89,0
1519,83.33,597.67,0
1530,90.91,599.79,0
1542,83.33,600.91,0
1553,90.91,597.20,0
1564,90.91,600.36,0
1576,90.91,599.34,0
1588,76.92,596.32,0
1599,90.91,597.57,0
1610,90.91,596.92,0
1622,83.33,595.53,0
1633,90.91,596.95,0
1645,83.33,598.41,0
1656,90.91,600.75,0
1668,83.33,600.94,0
1679,90.91,597.04,0
1690,90.91,595.48,0
1701,90.91,599.98,0
1714,76.92,599.18,0
1725,90.91,598.14,0
1736,90.91,598.04,0
1747,90.91,595.50,0
1759,83.33,599.37,0
1770,90.91,597.84,0
1782,83.33,598.62,0
1794,83.33,601.76,0
1805,90.91,599.15,0
1816,90.91,598.38,0
1827,90.91,597.95,0
1839,83.33,601.40,0
1851,83.33,603.45,0
1862,90.91,599.08,0
1873,90.91,602.37,0
1885,83.33,601.06,0
1896,90.91,596.46,0
1908,90.91,598.10,0
1920,76.92,598.61,0
1931,90.91,598.22,0
1942,90.91,596.66,0
1953,90.91,600.42,0
1965,83.33,602.12,0
1977,83.33,600.96,0
1988,90.91,602.83,0
1999,90.91,598.59,0
2011,83.33,594.97,0
2022,90.91,598.31,0
2033,90.91,601.96,0
2045,83.33,601.03,0
2057,83.33,597.93,0
2068,90.91,598.72,0
2079,90.91,595.76,0
2091,83.33,597.78,0
2102,90.91,601.52,0
2114,83.33,597.91,0
2125,90.91,599.19,0
2137,83.33,598.20,0
2148,90.91,601.84,0
2159,90.91,604.72,0
2170,90.91,600.72,0
2183,76.92,602.88,0
2194,90.91,598.80,0
2205,90.91,597.28,0
2216,90.91,599.15,0
2228,83.33,599.05,0
2240,90.91,596.79,0
2251,83.33,597.96,0
2263,83.33,599.95,0
2274,90.91,600.61,0
2285,90.91,602.95,0
2296,90.91,600.33,0
2309,83.33,596.62,0
2320,90.91,597.72,0
2331,90.91,597.88,0
2342,90.91,600.12,0
2354,83.33,599.90,0
2365,90.91,597.40,0
2377,83.33,597.97,0
2388,90.91,595.83,0
2400,83.33,596.42,0
2411,90.91,599.03,0
2422,90.91,597.14,0
2434,83.33,594.34,0
2446,83.33,594.06,0
2457,90.91,597.49,0
2468,90.91,601.60,0
2480,83.33,599.09,0
2491,90.91,599.22,0
2502,90.91,595.98,0
2514,83.33,597.80,0
2526,83.33,598.54,0
2537,90.91,599.64,0
2548,90.91,598.67,0
2560,83.33,598.16,0
2572,90.91,598.59,0
2583,83.33,599.12,0
2594,90.91,602.69,0
2606,83.33,602.13,0
2617,90.91,599.10,0
2628,90.91,594.68,0
2640,83.33,594.48,0
2652,83.33,596.17,0
2663,90.91,601.31,0
2674,90.91,600.89,0
2685,90.91,598.86,0
2697,83.33,597.22,0
2709,83.33,598.99,0
2720,90.91,598.24,0
2732,83.33,599.09,0
2743,90.91,599.56,0
2754,90.91,596.75,0
2765,90.91,597.54,0
2778,76.92,597.51,0
2789,90.91,596.33,0
2800,90.91,597.80,0
2811,90.91,600.60,0
2823,83.33,600.95,0
2834,90.91,598.04,0
2846,83.33,599.52,0
2857,90.91,596.72,0
2869,83.33,596.63,0
2880,90.91,595.99,0
2891,90.91,597.34,0
2904,83.33,601.40,0
2915,83.33,602.31,0
2926,90.91,600.10,0
2937,90.91,598.22,0
2949,83.33,596.58,0
2960,90.91,597.94,0
2972,83.33,598.01,0
2983,90.91,596.20,0
2995,83.33,598.45,0
3006,90.91,600.83,0
3017,90.91,597.90,0
3028,90.91,600.48,0
3041,76.92,598.88,0
3052,90.91,597.61,0
3063,90.91,598.62,0
3075,83.33,598.21,0
3086,90.91,597.20,0
3097,90.91,597.40,0
3109,83.33,600.16,0
3121,83.33,600.70,0
3132,90.91,596.62,0
3143,90.91,598.90,0
3154,90.91,596.71,0
3166,83.33,597.51,0
3178,83.33,598.36,0
3189,90.91,601.03,0
3201,83.33,601.74,0
3212,90.91,597.01,0
3223,90.91,599.65,0
3235,90.91,600.88,0
3247,76.92,596.61,0
3258,90.91,599.29,0
3269,90.91,598.35,0
3280,90.91,596.45,0
3292,83.33,596.56,0
3304,83.33,601.66,0
3315,90.91,601.57,0
3326,90.91,598.62,0
3338,83.33,601.53,0
3349,90.91,598.71,0
3360,90.91,598.38,0
3373,76.92,597.95,0
3384,90.91,597.29,0
3395,90.91,596.63,0
3406,90.91,597.77,0
3418,83.33,598.65,0
3429,90.91,598.34,0
3441,83.33,599.40,0
3452,90.91,596.16,0
3464,83.33,598.00,0
3475,90.91,598.20,0
3486,90.91,596.82,0
3497,90.91,602.33,0
3510,76.92,601.58,0
3521,90.91,600.06,0
3532,90.91,599.78,0
3544,83.33,601.13,0
3555,90.91,599.27,0
3567,90.91,595.21,0
3578,83.33,596.32,0
3590,83.33,597.88,0
3601,90.91,599.43,0
3612,90.91,600.43,0
3623,90.91,597.64,0
3636,76.92,597.34,0
3647,90.91,601.32,0
3658,90.91,598.60,0
3670,83.33,597.38,0
3681,90.91,593.40,0
3692,90.91,593.87,0
3704,83.33,597.56,0
3716,83.33,597.29,0
3727,90.91,599.83,0
3738,90.91,598.67,0
3749,90.91,598.02,0
3761,83.33,596.92,0
3773,83.33,596.67,0
3784,90.91,597.65,0
3795,90.91,597.60,0
3807,83.33,598.47,0
3818,90.91,598.18,0
3829,90.91,600.62,0
3842,76.92,600.25,0
3853,90.91,598.57,0
3864,90.91,596.66,0
3875,90.91,597.23,0
3887,83.33,597.57,0
3899,90.91,597.41,0
3910,83.33,600.13,0
3921,90.91,600.60,0
3933,83.33,598.29,0
3944,90.91,599.20,0
3955,90.91,598.12,0
3968,76.92,597.92,0
3979,90.91,600.69,0
3990,90.91,599.38,0
4001,90.91,598.06,0
4013,83.33,595.76,0
4024,90.91,596.91,0
4036,83.33,602.48,0
4047,90.91,599.74,0
4059,83.33,598.49,0
4070,90.91,598.58,0
4081,90.91,594.55,0
4092,90.91,597.26,0
4105,76.92,598.06,0
4116,90.91,595.55,0
4127,90.91,599.95,0
4139,83.33,601.76,0
4150,90.91,597.76,0
4161,90.91,601.03,0
4173,83.33,601.22,0
4185,83.33,597.78,0
4196,90.91,595.46,0
4207,90.91,597.71,0
4218,90.91,601.24,0
4231,83.33,599.09,0
4242,83.33,597.67,0
4253,90.91,599.06,0
4264,90.91,596.78,0
4276,83.33,598.85,0
4287,90.91,600.62,0
4299,83.33,595.32,0
4311,83.33,595.69,0
4322,90.91,598.49,0
4333,90.91,599.12,0
4344,90.91,601.26,0
4356,83.33,598.44,0
4368,83.33,599.37,0
4379,90.91,598.61,0
4390,90.91,598.60,0
4402,83.33,598.47,0
4413,90.91,594.89,0
4424,90.91,596.79,0
4436,83.33,599.37,0
4448,83.33,600.40,0
4459,90.91,599.57,0
4470,90.91,601.93,0
4482,83.33,600.08,0
4493,90.91,595.95,0
4505,83.33,599.16,0
4516,90.91,598.53,0
4528,83.33,599.16,0
4539,90.91,600.15,0
4550,90.91,597.94,0
4562,90.91,596.29,0
4574,76.92,596.32,0
4585,90.91,598.23,0
4596,90.91,598.68,0
4608,83.33,594.61,0
4619,90.91,598.04,0
4631,83.33,599.82,0
4642,90.91,598.73,0
4654,83.33,601.94,0
4665,90.91,597.80,0
4676,90.91,595.94,0
4687,90.91,598.07,0
4700,76.92,600.46,0
4711,90.91,600.29,0
4722,90.91,596.55,0
4733,90.91,596.15,0
4745,83.33,600.22,0
4756,90.91,599.23,0
4768,83.33,596.75,0
4780,83.33,599.71,0
4791,90.91,596.45,0
4802,90.91,596.99,0
4813,90.91,599.88,0
4825,83.33,597.73,0
4837,83.33,599.60,0
4848,90.91,601.23,0
4859,90.91,597.93,0
4871,83.33,597.99,0
4882,90.91,596.40,0
4894,90.91,598.03,0
4905,83.33,600.10,0
4917,83.33,594.63,0
4928,90.91,597.39,0
4939,90.91,597.46,0
4951,83.33,595.06,0
4963,83.33,601.66,0
4974,90.91,599.88,0
4985,90.91,597.64,0
4997,83.33,597.40,0
5008,90.91,598.61,0
5019,90.91,599.05,0
5031,83.33,596.24,0
5043,83.33,595.31,0
5054,90.91,599.04,0
5065,90.91,601.70,0
5076,90.91,600.28,0
5088,83.33,604.08,0
5100,83.33,602.57,0
5111,90.91,597.34,0
5123,83.33,598.96,0
5134,90.91,596.28,0
5145,90.91,597.87,0
5156,90.91,598.20,0
5169,76.92,596.73,0
5180,90.91,597.10,0
5191,90.91,596.59,0
5202,90.91,596.91,0
5214,83.33,596.26,0
5226,90.91,595.38,0
5237,83.33,597.96,0
5249,83.33,598.09,0
5260,90.91,600.15,0
5271,90.91,602.10,0
5282,90.91,599.95,0
5295,76.92,601.06,0
5306,90.91,600.64,0
5317,90.91,599.50,0
5328,90.91,600.72,0
5340,83.33,598.44,0
5351,90.91,598.95,0
5363,83.33,599.24,0
5374,90.91,601.63,0
5386,83.33,603.46,0
5397,90.91,601.17,0
5408,90.91,600.54,0
5420,83.33,599.46,0
5432,83.33,598.16,0
5443,90.91,595.24,0
5454,90.91,594.04,0
5466,83.33,595.33,0
5477,90.91,597.36,0
5488,90.91,599.66,0
5500,83.33,598.74,0
5512,83.33,598.74,0
5523,90.91,596.70,0
5534,90.91,594.84,0
5545,90.91,598.09,0
5558,83.33,597.99,0
5569,83.33,600.67,0
5580,90.91,599.98,0
5592,83.33,600.07,0
5603,90.91,600.41,0
5614,90.91,597.15,0
5626,90.91,597.36,0
5638,76.92,598.36,0
5649,90.91,595.69,0
5660,90.91,601.35,0
5671,90.91,599.41,0
5683,83.33,600.02,0
5695,83.33,599.33,0
5706,90.91,598.77,0
5718,83.33,601.17,0
5729,90.91,597.09,0
5740,90.91,595.63,0
5751,90.91,598.60,0
5764,76.92,598.16,0
5775,90.91,598.96,0
5786,90.91,601.21,0
5797,90.91,601.13,0
5809,83.33,598.49,0
5820,90.91,598.14,0
5832,83.33,597.00,0
5843,90.91,599.45,0
5855,83.33,597.87,0
5866,90.91,597.04,0
5877,90.91,596.65,0
5889,83.33,597.21,0
5901,83.33,599.53,0
5912,90.91,599.86,0
5923,90.91,595.89,0
5935,83.33,594.00,0
5946,90.91,593.10,0
5958,90.91,594.04,0
5969,83.33,598.83,0
5981,83.33,599.26,0
5992,90.91,599.85,0
6003,90.91,598.51,0
6014,90.91,597.20,0
6027,76.92,600.36,0
6038,90.91,598.36,0
6049,90.91,598.58,0
6061,83.33,600.01,0
6072,90.91,600.62,0
6083,90.91,598.43,0
6095,83.33,603.92,0
6107,83.33,602.09,0
6118,90.91,596.70,0
6129,90.91,600.26,0
6140,90.91,599.67,0
6152,83.33,600.59,0
6164,83.33,601.54,0
6175,90.91,597.04,0
6187,83.33,598.25,0
6198,90.91,597.65,0
6209,90.91,598.19,0
6220,90.91,602.23,0
6233,76.92,599.97,0
6244,90.91,601.36,0
6255,90.91,603.28,0
6266,90.91,595.13,0
6278,83.33,597.48,0
6290,90.91,598.58,0
6301,83.33,598.73,0
6312,90.91,599.18,0
6324,83.33,598.02,0
6335,90.91,597.49,0
6346,90.91,595.73,0
6359,76.92,594.96,0
6370,90.91,594.81,0
6381,90.91,597.45,0
6392,90.91,595.51,0
6404,83.33,601.47,0
6415,90.91,602.24,0
6427,83.33,599.75,0
6438,90.91,600.90,0
6450,83.33,597.50,0
6461,90.91,597.99,0
6472,90.91,599.41,0
6483,90.91,597.74,0
6496,76.92,599.00,0
6507,90.91,597.58,0
6518,90.91,599.55,0
6530,83.33,601.24,0
6541,90.91,600.80,0
6552,90.91,600.76,0
6564,83.33,599.11,0
6576,83.33,595.88,0
6587,90.91,595.34,0
6598,90.91,597.44,0
6609,90.91,600.82,0
6622,83.33,599.26,0
6633,83.33,595.79,0
6644,90.91,597.80,0
6656,83.33,597.33,0
6667,90.91,600.58,0
6678,90.91,596.62,0
6690,83.33,595.36,0
6702,83.33,600.34,0
6713,90.91,601.60,0
6724,90.91,603.14,0
6735,90.91,601.26,0
6747,83.33,602.01,0
6759,83.33,597.92,0
6770,90.91,595.91,0
6781,90.91,598.66,0
6793,83.33,597.99,0
6804,90.91,598.75,0
6815,90.91,600.21,0
6828,76.92,600.06,0
6839,90.91,596.96,0
6850,90.91,596.76,0
6861,90.91,598.68,0
6873,83.33,597.13,0
6884,90.91,598.92,0
6896,83.33,598.64,0
6907,90.91,600.43,0
6919,83.33,601.64,0
6930,90.91,599.81,0
6941,90.91,599.36,0
6952,90.91,598.11,0
6965,76.92,593.70,0
6976,90.91,597.34,0
6987,90.91,599.17,0
6999,83.33,596.47,0
7010,90.91,599.91,0
7022,90.91,600.41,0
7033,83.33,596.13,0
7045,83.33,599.34,0
7056,90.91,602.15,0
7067,90.91,599.37,0
7078,90.91,599.25,0
7091,76.92,597.71,0
7102,90.91,597.49,0
7113,90.91,598.29,0
7124,90.91,596.80,0
7136,83.33,598.67,0
7147,90.91,599.58,0
7159,83.33,600.91,0
7171,83.33,600.13,0
7182,90.91,596.74,0
7193,90.91,595.68,0
7204,90.91,598.48,0
7216,83.33,598.67,0
7228,83.33,598.96,0
7239,90.91,600.14,0
7250,90.91,596.57,0
7262,83.33,594.77,0
7273,90.91,598.90,0
7284,90.91,601.75,0
7297,76.92,598.90,0
7308,90.91,598.70,0
7319,90.91,600.85,0
7330,90.91,598.14,0
7342,83.33,597.34,0
7354,90.91,599.35,0
7365,83.33,599.91,0
7376,90.91,598.14,0
7388,83.33,601.98,0
7399,90.91,598.58,0
7410,90.91,598.40,0
7422,90.91,601.38,0
7434,83.33,597.56,0
7445,90.91,599.39,0
7456,90.91,602.76,0
7468,83.33,602.19,0
7479,90.91,599.00,0
7491,83.33,596.91,0
7502,90.91,597.98,0
7514,83.33,597.44,0
7525,90.91,598.40,0
7536,90.91,597.84,0
7547,90.91,598.26,0
7560,76.92,594.44,0
7571,90.91,598.64,0
7582,90.91,602.63,0
7593,90.91,595.17,0
7605,83.33,598.71,0
7616,90.91,601.31,0
7628,83.33,599.49,0
7640,83.33,598.48,0
7651,90.91,600.77,0
7662,90.91,600.85,0
7673,90.91,596.05,0
7685,83.33,598.71,0
7697,83.33,598.91,0
7708,90.91,592.85,0
7719,90.91,596.19,0
7731,83.33,599.47,0
7742,90.91,598.51,0
7754,90.91,598.99,0
7766,76.92,600.06,0
7777,90.91,599.76,0
7788,90.91,595.65,0
7799,90.91,594.84,0
7811,83.33,598.06,0
7823,83.33,597.59,0
7834,90.91,597.25,0
7845,90.91,597.08,0
7857,83.33,597.97,0
7868,90.91,598.53,0
7879,90.91,599.47,0
7891,83.33,597.80,0
7903,83.33,597.40,0
7914,90.91,599.11,0
7925,90.91,597.44,0
7937,83.33,597.46,0
7948,90.91,599.86,0
7960,83.33,601.21,0
7971,90.91,598.50,0
7983,83.33,598.13,0
7994,90.91,599.57,0
8005,90.91,597.29,0
8016,90.91,597.01,0
8029,76.92,599.17,0
8040,90.91,598.61,0
8051,90.91,599.79,0
8062,90.91,601.85,0
8074,83.33,598.02,0
8086,90.91,599.66,0
8097,83.33,599.76,0
8109,83.33,596.56,0
8120,90.91,595.22,0
8131,90.91,597.77,0
8142,90.91,598.27,0
8155,76.92,594.84,0
8166,90.91,600.15,0
8177,90.91,602.00,0
8188,90.91,599.72,0
8200,83.33,599.83,0
8211,90.91,599.47,0
8223,83.33,600.46,0
8235,83.33,598.62,0
8246,90.91,599.59,0
8257,90.91,599.72,0
8268,90.91,598.29,0
8280,83.33,601.85,0
8292,83.33,601.07,0
8303,90.91,596.39,0
8314,90.91,598.33,0
8326,83.33,601.00,0
8337,90.91,598.16,0
8349,90.91,596.45,0
8360,83.33,596.82,0
8372,83.33,598.58,0
8383,90.91,599.63,0
8394,90.91,601.73,0
8406,83.33,599.62,0
8418,90.91,596.97,0
8429,83.33,596.37,0
8440,90.91,596.27,0
8452,83.33,597.77,0
8463,90.91,598.22,0
8474,90.91,598.12,0
8486,83.33,596.21,0
8498,83.33,596.69,0
8509,90.91,596.12,0
8520,90.91,596.56,0
8531,90.91,599.28,0
8543,83.33,598.58,0
8555,83.33,599.42,0
8566,90.91,596.41,0
8578,83.33,596.12,0
8589,90.91,600.99,0
8600,90.91,600.92,0
8611,90.91,599.12,0
8624,76.92,597.02,0
8635,90.91,596.33,0
8646,90.91,600.12,0
8657,90.91,600.01,0
8669,83.33,599.80,0
8681,90.91,600.03,0
8692,83.33,598.87,0
8704,83.33,597.12,0
8715,90.91,598.05,0
8726,90.91,596.86,0
8737,90.91,598.86,0
8750,76.92,598.42,0
8761,90.91,598.92,0
8772,90.91,599.72,0
8783,90.91,600.14,0
8795,83.33,598.68,0
8806,90.91,597.11,0
8818,83.33,598.64,0
8829,90.91,597.03,0
8841,83.33,595.53,0
8852,90.91,599.12,0
8863,90.91,597.72,0
8875,83.33,596.76,0
8887,83.33,601.45,0
8898,90.91,599.13,0
8909,90.91,595.13,0
8921,83.33,596.49,0
8932,90.91,596.27,0
8943,90.91,599.30,0
8955,83.33,598.82,0
8967,83.33,600.32,0
8978,90.91,601.22,0
8989,90.91,596.29,0
9000,90.91,598.21,0
9012,83.33,598.12,0
9024,83.33,597.49,0
9035,90.91,595.88,0
9047,83.33,597.74,0
9058,90.91,596.88,0
9069,90.91,598.47,0
9081,90.91,599.64,0
9093,76.92,598.66,0
9104,90.91,601.09,0
9115,90.91,599.32,0
9126,90.91,598.06,0
9138,83.33,601.08,0
9150,83.33,599.59,0
9161,90.91,595.16,0
9172,90.91,593.07,0
9184,83.33,596.54,0
9195,90.91,600.43,0
9206,90.91,601.67,0
9219,76.92,599.39,0
9230,90.91,598.35,0
9241,90.91,597.90,0
9252,90.91,596.33,0
9264,83.33,594.32,0
9275,90.91,596.78,0
9287,83.33,599.29,0
9298,90.91,597.16,0
9310,83.33,597.88,0
9321,90.91,596.45,0
9332,90.91,598.28,0
9344,83.33,597.26,0
9356,83.33,596.59,0
9367,90.91,597.06,0
9378,90.91,598.76,0
9390,83.33,602.84,0
9401,90.91,602.21,0
9413,90.91,600.16,0
9424,83.33,597.50,0
9436,83.33,596.39,0
9447,90.91,597.64,0
9458,90.91,595.77,0
9469,90.91,593.81,0
9482,76.92,596.36,0
9493,90.91,598.97,0
9504,90.91,598.46,0
9516,83.33,601.56,0
9527,90.91,603.09,0
9538,90.91,600.14,0
9550,83.33,599.62,0
9562,83.33,598.92,0
9573,90.91,598.94,0
9584,90.91,599.88,0
9595,90.91,598.49,0
9607,83.33,597.56,0
9619,83.33,599.83,0
9630,90.91,600.90,0
9641,90.91,602.40,0
9653,83.33,599.86,0
9664,90.91,599.20,0
9675,90.91,598.80,0
9688,76.92,597.11,0
9699,90.91,601.82,0
9710,90.91,600.36,0
9721,90.91,599.47,0
9733,83.33,597.25,0
9745,90.91,598.89,0
9756,83.33,598.95,0
9767,90.91,597.67,0
9779,83.33,598.09,0
9790,90.91,597.34,0
9801,90.91,601.60,0
9814,76.92,601.15,0
9825,90.91,603.22,0
9836,90.91,601.78,0
9847,90.91,597.38,0
9859,83.33,598.35,0
9870,90.91,595.31,0
9882,83.33,595.89,0
9893,90.91,597.73,0
9905,83.33,596.03,0
9916,90.91,597.85,0
9927,90.91,599.36,0
9938,90.91,595.90,0
9951,76.92,598.14,0
9962,90.91,597.87,0
9973,90.91,593.52,0
9985,83.33,594.47,0
9996,90.91,595.53,0
10007,90.91,595.24,0
10019,83.33,597.33,0
10031,83.33,595.97,0
10042,90.91,594.39,0
10053,90.91,597.63,0
10064,90.91,596.43,0
10077,83.33,596.43,0
10088,83.33,595.13,0
10099,90.91,595.37,0
10110,90.91,597.84,0
10122,83.33,599.13,0
10133,90.91,600.34,0
10145,83.33,600.27,0
10157,83.33,602.12,0
10168,90.91,601.09,0
10179,90.91,598.10,0
10190,90.91,598.32,0
10202,83.33,597.85,0
10214,83.33,600.83,0
10225,90.91,597.81,0
10236,90.91,601.66,0
10248,83.33,601.74,0
10259,90.91,601.02,0
10270,90.91,597.29,0
10283,76.92,593.17,0
10294,90.91,599.25,0
10305,90.91,600.99,0
10316,90.91,600.64,0
10328,83.33,601.22,0
10339,90.91,598.86,0
10351,83.33,597.92,0
10362,90.91,597.45,0
10374,83.33,596.03,0
10385,90.91,596.75,0
10396,90.91,595.55,0
10408,90.91,595.00,0
10420,76.92,600.83,0
10431,90.91,598.25,0
10442,90.91,597.96,0
10454,83.33,599.05,0
10465,90.91,593.34,0
10477,83.33,595.90,0
10488,90.91,600.65,0
10500,83.33,598.70,0
10511,90.91,596.16,0
10522,90.91,594.26,0
10533,90.91,600.27,0
10546,76.92,605.83,0
10557,90.91,601.43,0
10568,90.91,599.64,0
10579,90.91,597.36,0
10591,83.33,596.77,0
10602,90.91,600.60,0
10614,83.33,603.77,0
10626,83.33,601.65,0
10637,90.91,599.70,0
10648,90.91,599.21,0
10659,90.91,601.24,0
10671,83.33,599.38,0
10683,83.33,597.20,0
10694,90.91,600.49,0
10705,90.91,598.04,0
10717,83.33,594.70,0
10728,90.91,601.04,0
10740,90.91,599.83,0
10752,76.92,599.44,0
10763,90.91,598.19,0
10774,90.91,595.64,0
10785,90.91,597.43,0
10797,83.33,597.35,0
10809,83.33,598.91,0
10820,90.91,596.98,0
10831,90.91,596.19,0
10843,83.33,599.02,0
10854,90.91,599.89,0
10865,90.91,598.64,0
10877,83.33,600.89,0
10889,83.33,598.75,0
10900,90.91,595.91,0
10911,90.91,597.92,0
10923,83.33,597.89,0
10934,90.91,598.83,0
10946,83.33,598.14,0
10957,90.91,597.88,0
10969,83.33,600.10,0
10980,90.91,600.05,0
10991,90.91,598.70,0
11002,90.91,598.02,0
11015,76.92,595.67,0
11026,90.91,594.23,0
11037,90.91,597.74,0
11048,90.91,600.08,0
11060,83.33,603.08,0
11072,90.91,599.79,0
11083,83.33,593.77,0
11095,83.33,594.70,0
11106,90.91,595.77,0
11117,90.91,600.14,0
11128,90.91,601.84,0
11141,76.92,597.84,0
11152,90.91,596.27,0
11163,90.91,600.77,0
11174,90.91,601.80,0
11186,83.33,600.49,0
11197,90.91,597.90,0
11209,83.33,596.35,0
11220,90.91,598.25,0
11232,83.33,597.54,0
11243,90.91,599.41,0
11254,90.91,601.19,0
11266,83.33,597.29,0
11278,83.33,600.05,0
11289,90.91,599.95,0
11300,90.91,597.28,0
11312,83.33,599.06,0
11323,90.91,598.27,0
11334,90.91,595.38,0
11346,83.33,597.29,0
11358,83.33,596.88,0
11369,90.91,597.08,0
11380,90.91,596.67,0
11392,83.33,594.34,0
11404,90.91,598.53,0
11415,83.33,597.77,0
11426,90.91,598.16,0
11438,83.33,599.97,0
11449,90.91,597.30,0
11460,90.91,595.97,0
11472,83.33,599.81,0
11484,83.33,600.57,0
11495,90.91,601.82,0
11506,90.91,601.28,0
11517,90.91,601.02,0
11529,83.33,600.21,0
11541,83.33,598.66,0
11552,90.91,600.66,0
11564,83.33,599.03,0
11575,90.91,596.96,0
11586,90.91,597.92,0
11597,90.91,602.61,0
11610,76.92,601.94,0
11621,90.91,598.86,0
11632,90.91,598.21,0
11643,90.91,595.79,0
11655,83.33,601.76,0
11666,90.91,600.80,0
11678,83.33,600.16,0
11689,90.91,601.55,0
11701,83.33,596.58,0
11712,90.91,598.04,0
11723,90.91,597.99,0
11736,83.33,595.95,0
11747,83.33,596.58,0
11758,90.91,596.02,0
11769,90.91,597.25,0
11781,83.33,598.02,0
11792,90.91,597.52,0
11804,83.33,601.12,0
11815,90.91,600.45,0
11827,83.33,596.51,0
11838,90.91,596.43,0
11849,90.91,597.28,0
11860,90.91,595.94,0
11873,76.92,599.28,0
11884,90.91,596.07,0
11895,90.91,597.23,0
11907,83.33,602.78,0
11918,90.91,600.20,0
11929,90.91,599.82,0
11941,83.33,599.23,0
11953,83.33,597.14,0
11964,90.91,598.58,0
11975,90.91,599.82,0
11986,90.91,601.45,0
11999,83.33,601.28,0
12010,83.33,598.05,0
12021,90.91,598.61,0
12033,83.33,595.14,0
12044,90.91,595.47,0
12055,90.91,600.35,0
12067,83.33,598.03,0
12079,83.33,598.51,0
12090,90.91,599.59,0
12101,90.91,599.08,0
12112,90.91,599.81,0
12124,83.33,600.21,0
12136,83.33,597.24,0
12147,90.91,597.19,0
12158,90.91,597.06,0
12170,83.33,598.78,0
12181,90.91,598.77,0
12192,90.91,597.05,0
12205,76.92,597.55,0
12216,90.91,595.94,0
12227,90.91,597.25,0
12238,90.91,596.48,0
12250,83.33,592.60,0
12261,90.91,591.76,0
12273,83.33,594.82,0
12284,90.91,597.07,0
12296,83.33,596.82,0
12307,90.91,596.56,0
12318,90.91,596.77,0
12331,90.91,597.69,0
12342,76.92,600.90,0
12353,90.91,601.31,0
12364,90.91,597.01,0
12376,83.33,595.83,0
12387,90.91,598.81,0
12399,83.33,597.64,0
12410,90.91,596.85,0
12422,83.33,596.98,0
12433,90.91,597.69,0
12444,90.91,596.30,0
12455,90.91,596.08,0
12468,76.92,598.18,0
12479,90.91,599.04,0
12490,90.91,598.47,0
12502,83.33,597.47,0
12513,90.91,598.03,0
12524,90.91,602.31,0
12536,83.33,600.17,0
12548,83.33,598.29,0
12559,90.91,599.77,0
12570,90.91,596.33,0
12581,90.91,595.61,0
12593,83.33,596.53,0
12605,83.33,594.57,0
12616,90.91,599.39,0
12627,90.91,600.18,0
12639,83.33,595.00,0
12650,90.91,597.61,0
12662,90.91,598.64,0
12674,76.92,597.46,0
12685,90.91,599.16,0
12696,90.91,598.81,0
12707,90.91,598.81,0
12719,83.33,601.06,0
12731,83.33,599.56,0
12742,90.91,601.56,0
12753,90.91,598.55,0
12765,83.33,596.93,0
12776,90.91,598.64,0
12787,90.91,596.83,0
12800,76.92,599.92,0
12811,90.91,597.58,0
12822,90.91,595.88,0
12833,90.91,597.46,0
12845,83.33,596.79,0
12856,90.91,596.86,0
12868,83.33,598.96,0
12879,90.91,597.84,0
12891,83.33,595.02,0
12902,90.91,596.85,0
12913,90.91,600.94,0
12924,90.91,598.28,0
12937,76.92,596.10,0
12948,90.91,598.55,0
12959,90.91,600.09,0
12971,83.33,594.61,0
12982,90.91,596.66,0
12994,90.91,599.25,0
13005,83.33,597.37,0
13017,83.33,600.84,0
13028,90.91,601.98,0
13039,90.91,596.30,0
13050,90.91,597.12,0
13063,76.92,597.62,0
13074,90.91,596.62,0
13085,90.91,596.41,0
13096,90.91,600.15,0
13108,83.33,602.05,0
13119,90.91,597.77,0
13131,83.33,599.94,0
13143,83.33,598.38,0
13154,90.91,596.89,0
13165,90.91,598.83,0
13176,90.91,598.30,0
13188,83.33,596.34,0
13200,83.33,595.84,0
13211,90.91,597.73,0
13222,90.91,600.14,0
13234,83.33,601.20,0
13245,90.91,597.55,0
13256,90.91,597.53,0
13268,83.33,594.68,0
13280,83.33,596.44,0
13291,90.91,599.82,0
13302,90.91,597.43,0
13314,83.33,596.66,0
13325,90.91,595.90,0
13337,83.33,597.85,0
13348,90.91,601.31,0
13360,83.33,600.01,0
13371,90.91,598.31,0
13382,90.91,596.43,0
13394,90.91,591.59,0
13406,76.92,594.86,0
13417,90.91,599.77,0
13428,90.91,596.09,0
13440,83.33,596.80,0
13451,90.91,594.52,0
13463,83.33,597.96,0
13474,90.91,600.26,0
13486,83.33,597.98,0
13497,90.91,595.11,0
13508,90.91,593.58,0
13519,90.91,595.32,0
13532,76.92,599.07,0
13543,90.91,605.32,0
13554,90.91,602.67,0
13565,90.91,596.61,0
13577,83.33,595.38,0
13588,90.91,597.89,0
13600,83.33,599.86,0
13612,83.33,600.66,0
13623,90.91,597.31,0
13634,90.91,595.10,0
13645,90.91,598.54,0
13657,83.33,600.83,0
13669,83.33,601.12,0
13680,90.91,598.83,0
13691,90.91,595.57,0
13703,83.33,594.97,0
13714,90.91,597.19,0
13726,90.91,598.73,0
13737,83.33,597.43,0
13749,83.33,599.31,0
13760,90.91,600.26,0
13771,90.91,599.25,0
13783,83.33,596.43,0
13795,83.33,598.62,0
13806,90.91,596.16,0
13817,90.91,592.25,0
13829,83.33,594.97,0
13840,90.91,597.36,0
13851,90.91,600.42,0
13863,83.33,599.80,0
13875,83.33,597.56,0
13886,90.91,597.47,0
13897,90.91,595.43,0
13908,90.91,598.10,0
13920,83.33,600.54,0
13932,83.33,600.41,0
13943,90.91,596.88,0
13955,83.33,600.16,0
13966,90.91,599.01,0
13977,90.91,602.01,0
13988,90.91,603.91,0
14001,76.92,596.28,0
14012,90.91,595.94,0
14023,90.91,597.86,0
14034,90.91,600.07,0
14046,83.33,601.54,0
14058,90.91,600.44,0
14069,83.33,600.58,0
14081,83.33,598.56,0
14092,90.91,598.92,0
14103,90.91,600.26,0
14114,90.91,598.53,0
14127,76.92,595.39,0
14138,90.91,595.51,0
14149,90.91,598.83,0
14160,90.91,602.47,0
14172,83.33,599.54,0
14183,90.91,598.55,0
14195,83.33,597.36,0
14206,90.91,595.50,0
14218,83.33,599.07,0
14229,90.91,601.35,0
14240,90.91,599.18,0
14252,83.33,595.37,0
14264,83.33,598.19,0
14275,90.91,597.44,0
14286,90.91,596.49,0
14298,83.33,598.41,0
14309,90.91,596.15,0
14320,90.91,596.17,0
14332,83.33,597.94,0
14344,83.33,599.37,0
14355,90.91,600.00,0
14366,90.91,600.17,0
14377,90.91,597.45,0
14389,83.33,597.81,0
14401,83.33,596.32,0
14412,90.91,596.78,0
14424,83.33,598.21,0
14435,90.91,596.21,0
14446,90.91,596.33,0
14458,90.91,595.23,0
14470,76.92,598.31,0
14481,90.91,601.53,0
14492,90.91,596.19,0
14503,90.91,597.62,0
14515,83.33,598.17,0
14527,83.33,597.73,0
14538,90.91,598.53,0
14550,83.33,599.41,0
14561,90.91,598.33,0
14572,90.91,596.44,0
14583,90.91,597.65,0
14596,76.92,598.55,0
14607,90.91,600.14,0
14618,90.91,597.16,0
14629,90.91,590.85,0
14641,83.33,594.93,0
14652,90.91,599.22,0
14664,83.33,601.90,0
14675,90.91,604.74,0
14687,83.33,598.37,0
14698,90.91,597.00,0
14709,90.91,597.42,0
14721,83.33,601.31,0
14733,83.33,601.56,0
14744,90.91,595.28,0
14755,90.91,597.58,0
14767,83.33,596.72,0
14778,90.91,598.82,0
14790,90.91,604.49,0
14801,83.33,603.42,0
14813,83.33,600.85,0
14824,90.91,596.34,0
14835,90.91,597.47,0
14846,90.91,598.61,0
14859,76.92,597.81,0
14870,90.91,601.48,0
14881,90.91,601.96,0
14893,83.33,597.11,0
14904,90.91,596.89,0
14915,90.91,600.90,0
14927,83.33,597.34,0
14939,83.33,595.28,0
14950,90.91,598.99,0
14961,90.91,598.29,0
14972,90.91,599.78,0
14984,83.33,599.79,0
14996,83.33,598.06,0
15007,90.91,598.41,0
15019,83.33,600.07,0
15030,90.91,598.03,0
15041,90.91,598.27,0
15052,90.91,598.67,0
15065,76.92,598.41,0
15076,90.91,595.21,0
15087,90.91,597.57,0
15098,90.91,599.71,0
15110,83.33,602.31,0
15121,90.91,603.03,0
15133,83.33,596.68,0
15144,90.91,598.82,0
15156,83.33,598.81,0
15167,90.91,598.55,0
15178,90.91,600.56,0
15191,83.33,599.89,0
15202,83.33,598.17,0
15213,90.91,596.84,0
15224,90.91,599.27,0
15236,83.33,598.89,0
15247,90.91,596.24,0
15259,83.33,597.82,0
15270,90.91,596.14,0
15282,83.33,596.30,0
15293,90.91,600.78,0
15304,90.91,602.51,0
15315,90.91,598.55,0
15328,76.92,596.28,0
15339,90.91,597.02,0
15350,90.91,596.24,0
15362,83.33,596.28,0
15373,90.91,599.41,0
15384,90.91,595.46,0
15396,83.33,596.74,0
15408,83.33,599.05,0
15419,90.91,600.67,0
15430,90.91,600.87,0
15441,90.91,597.78,0
15453,83.33,597.31,0
15465,83.33,593.60,0
15476,90.91,595.38,0
15488,83.33,600.16,0
15499,90.91,598.81,0
15510,90.91,598.83,0
15522,90.91,597.14,0
15534,76.92,598.02,0
15545,90.91,597.35,0
15556,90.91,600.23,0
15567,90.91,598.52,0
15579,83.33,598.39,0
15591,83.33,599.86,0
15602,90.91,600.92,0
15613,90.91,600.77,0
15625,83.33,598.14,0
15636,90.91,599.19,0
15647,90.91,595.97,0
15660,76.92,598.53,0
15671,90.91,599.00,0
15682,90.91,598.64,0
15693,90.91,598.03,0
15705,83.33,598.88,0
15716,90.91,601.07,0
15728,83.33,599.40,0
15739,90.91,600.97,0
15751,83.33,600.17,0
15762,90.91,596.38,0
15773,90.91,597.98,0
15784,90.91,596.52,0
15797,76.92,597.53,0
15808,90.91,597.84,0
15819,90.91,598.64,0
15831,83.33,597.52,0
15842,90.91,596.47,0
15853,90.91,599.15,0
15865,83.33,599.95,0
15877,83.33,595.54,0
15888,90.91,595.77,0
15899,90.91,597.54,0
15910,90.91,597.52,0
15923,83.33,598.80,0
15934,83.33,598.19,0
15945,90.91,596.69,0
15956,90.91,595.61,0
15968,83.33,595.72,0
15979,90.91,598.83,0
15991,83.33,599.24,0
16003,83.33,599.81,0
16014,90.91,599.80,0
16025,90.91,599.80,0
16036,90.91,599.14,0
16048,83.33,598.43,0
16060,83.33,597.86,0
16071,90.91,596.51,0
16082,90.91,594.53,0
16094,83.33,596.54,0
16105,90.91,600.70,0
16116,90.91,600.64,0
16129,76.92,599.98,0
16140,90.91,597.20,0
16151,90.91,600.59,0
16162,90.91,602.54,0
16174,83.33,600.95,0
16185,90.91,598.69,0
16197,83.33,594.92,0
16208,90.91,596.02,0
16220,83.33,597.39,0
16231,90.91,601.35,0
16242,90.91,597.67,0
16253,90.91,594.83,0
16266,76.92,596.16,0
16277,90.91,595.71,0
16288,90.91,598.33,0
16300,83.33,601.43,0
16311,90.91,600.11,0
16323,90.91,598.44,0
16334,83.33,599.03,0
16346,83.33,601.71,0
16357,90.91,601.19,0
16368,90.91,595.86,0
16379,90.91,596.81,0
16392,76.92,594.78,0
16403,90.91,597.60,0
16414,90.91,601.66,0
16425,90.91,602.64,0
16437,83.33,600.00,0
16448,90.91,598.03,0
16460,83.33,597.23,0
16472,83.33,596.46,0
16483,90.91,595.76,0
16494,90.91,598.34,0
16505,90.91,599.09,0
16517,83.33,599.35,0
16529,83.33,600.89,0
16540,90.91,602.88,0
16551,90.91,601.36,0
16563,83.33,600.21,0
16574,90.91,596.11,0
16585,90.91,595.90,0
16598,76.92,600.27,0
16609,90.91,604.34,0
16620,90.91,605.51,0
16631,90.91,598.44,0
16643,83.33,598.10,0
16655,90.91,600.45,0
16666,83.33,600.69,0
16677,90.91,598.71,0
16689,83.33,598.63,0
16700,90.91,593.45,0
16711,90.91,596.91,0
16723,83.33,604.26,0
16735,83.33,601.84,0
16746,90.91,601.19,0
16757,90.91,596.60,0
16769,83.33,596.46,0
16780,90.91,595.71,0
16792,83.33,599.61,0
16803,90.91,600.10,0
16815,83.33,593.53,0
16826,90.91,594.84,0
16837,90.91,597.41,0
16848,90.91,597.65,0
16861,76.92,598.82,0
16872,90.91,598.21,0
16883,90.91,597.28,0
16894,90.91,595.11,0
16906,83.33,597.42,0
16917,90.91,598.98,0
16929,83.33,598.54,0
16941,83.33,598.20,0
16952,90.91,599.52,0
16963,90.91,601.49,0
16974,90.91,598.88,0
16986,83.33,599.64,0
16998,83.33,600.05,0
17009,90.91,597.50,0
17020,90.91,601.15,0
17032,83.33,599.54,0
17043,90.91,597.93,0
17055,90.91,602.14,0
17067,76.92,597.20,0
17078,90.91,599.29,0
17089,90.91,600.45,0
17100,90.91,601.00,0
17112,83.33,600.50,0
17124,83.33,594.05,0
17135,90.91,595.55,0
17146,90.91,597.09,0
17158,83.33,597.65,0
17169,90.91,597.88,0
17180,90.91,598.84,0
17192,83.33,596.73,0
17204,83.33,595.50,0
17215,90.91,595.61,0
17226,90.91,600.11,0
17238,83.33,600.80,0
17249,90.91,598.71,0
17261,83.33,599.51,0
17272,90.91,597.81,0
17284,83.33,599.77,0
17295,90.91,597.08,0
17306,90.91,596.73,0
17317,90.91,596.67,0
17330,76.92,598.45,0
17341,90.91,601.84,0
17352,90.91,600.97,0
17363,90.91,601.47,0
17375,83.33,597.91,0
17386,90.91,598.60,0
17398,83.33,600.06,0
17410,83.33,598.85,0
17421,90.91,599.52,0
17432,90.91,596.27,0
17443,90.91,596.70,0
17456,83.33,598.68,0
17467,83.33,601.18,0
17478,90.91,601.68,0
17489,90.91,600.59,0
17501,83.33,597.87,0
17512,90.91,598.25,0
17524,83.33,601.11,0
17536,83.33,601.62,0
17547,90.91,599.32,0
17558,90.91,598.54,0
17569,90.91,595.68,0
17581,83.33,596.22,0
17593,83.33,600.99,0
17604,90.91,601.63,0
17615,90.91,598.11,0
17627,83.33,595.50,0
17638,90.91,596.66,0
17649,90.91,599.77,0
17661,83.33,601.75,0
17673,83.33,602.11,0
17684,90.91,598.92,0
17695,90.91,597.33,0
17707,83.33,596.99,0
17718,90.91,597.78,0
17730,83.33,597.41,0
17741,90.91,597.65,0
17753,83.33,596.39,0
17764,90.91,596.60,0
17775,90.91,597.62,0
17787,90.91,600.64,0
17799,76.92,601.94,0
17810,90.91,596.06,0
17821,90.91,593.44,0
17832,90.91,597.20,0
17844,83.33,598.27,0
17856,90.91,597.67,0
17867,83.33,598.16,0
17879,83.33,598.34,0
17890,90.91,596.15,0
17901,90.91,599.03,0
17912,90.91,599.61,0
17925,76.92,600.15,0
17936,90.91,599.94,0
17947,90.91,599.10,0
17958,90.91,601.73,0
17970,83.33,601.47,0
17981,90.91,602.87,0
17993,83.33,597.00,0
18004,90.91,595.19,0
18016,83.33,597.99,0
18027,90.91,596.15,0
18038,90.91,596.63,0
18050,83.33,597.43,0
18062,83.33,595.22,0
18073,90.91,598.41,0
18084,90.91,598.80,0
18096,83.33,601.64,0
18107,90.91,600.57,0
18118,90.91,597.01,0
18130,83.33,595.58,0
18142,83.33,595.89,0
18153,90.91,597.55,0
18164,90.91,598.28,0
18176,83.33,597.13,0
18188,90.91,596.30,0
18199,83.33,597.80,0
18210,90.91,599.59,0
18222,83.33,598.48,0
18233,90.91,599.42,0
18244,90.91,597.86,0
18256,83.33,597.10,0
18268,83.33,598.14,0
18279,90.91,599.74,0
18290,90.91,602.16,0
18301,90.91,596.49,0
18313,83.33,597.08,0
18325,83.33,598.85,0
18336,90.91,598.11,0
18348,83.33,598.95,0
18359,90.91,598.19,0
18370,90.91,598.85,0
18381,90.91,599.31,0
18394,76.92,599.76,0
18405,90.91,602.07,0
18416,90.91,600.49,0
18427,90.91,596.52,0
18439,83.33,598.50,0
18450,90.91,595.63,0
18462,83.33,597.14,0
18473,90.91,598.98,0
18485,83.33,596.91,0
18496,90.91,595.68,0
18507,90.91,597.97,0
18520,83.33,599.55,0
18531,83.33,595.47,0
18542,90.91,594.08,0
18553,90.91,594.40,0
18565,83.33,594.47,0
18576,90.91,599.13,0
18588,83.33,597.33,0
18599,90.91,598.77,0
18611,83.33,594.92,0
18622,90.91,595.16,0
18633,90.91,597.94,0
18644,90.91,598.15,0
18657,76.92,601.16,0
18668,90.91,598.94,0
18679,90.91,599.39,0
18691,83.33,597.89,0
18702,90.91,599.42,0
18713,90.91,601.18,0
18725,83.33,599.77,0
18737,83.33,596.00,0
18748,90.91,596.93,0
18759,90.91,597.37,0
18770,90.91,597.88,0
18782,83.33,599.31,0
18794,83.33,601.62,0
18805,90.91,597.61,0
18817,83.33,597.97,0
18828,90.91,600.09,0
18839,90.91,601.23,0
18851,90.91,598.44,0
18863,76.92,594.10,0
18874,90.91,594.83,0
18885,90.91,596.18,0
18896,90.91,599.51,0
18908,83.33,601.24,0
18920,90.91,596.62,0
18931,83.33,598.13,0
18942,90.91,598.83,0
18954,83.33,601.90,0
18965,90.91,603.75,0
18976,90.91,598.05,0
18989,76.92,598.59,0
19000,90.91,596.87,0
19011,90.91,596.81,0
19022,90.91,598.30,0
19034,83.33,596.70,0
19045,90.91,596.81,0
19057,83.33,596.31,0
19068,90.91,595.79,0
19080,83.33,598.29,0
19091,90.91,598.13,0
19102,90.91,597.95,0
19113,90.91,599.07,0
19126,76.92,598.70,0
19137,90.91,601.85,0
19148,90.91,602.51,0
19160,83.33,596.72,0
19171,90.91,593.79,0
19183,90.91,597.10,0
19194,83.33,598.89,0
19206,83.33,596.31,0
19217,90.91,598.71,0
19228,90.91,596.09,0
19239,90.91,596.45,0
19252,76.92,598.04,0
19263,90.91,599.91,0
19274,90.91,600.27,0
19286,83.33,596.21,0
19297,90.91,599.95,0
19308,90.91,599.02,0
19320,83.33,597.04,0
19332,83.33,597.43,0
19343,90.91,597.33,0
19354,90.91,597.26,0
19365,90.91,596.48,0
19377,83.33,595.98,0
19389,83.33,599.01,0
19400,90.91,600.82,0
19411,90.91,598.90,0
19423,83.33,602.23,0
19434,90.91,600.22,0
19445,90.91,601.72,0
19458,76.92,600.60,0
19469,90.91,597.19,0
19480,90.91,595.45,0
19491,90.91,595.95,0
19503,83.33,598.26,0
19515,90.91,599.46,0
19526,83.33,598.54,0
19537,90.91,600.39,0
19549,83.33,597.36,0
19560,90.91,595.11,0
19571,90.91,598.77,0
19584,76.92,600.73,0
19595,90.91,597.31,0
19606,90.91,598.77,0
19617,90.91,598.42,0
19629,83.33,599.31,0
19640,90.91,598.69,0
19652,83.33,598.71,0
19663,90.91,597.93,0
19675,83.33,597.97,0
19686,90.91,597.17,0
19697,90.91,595.49,0
19708,90.91,597.72,0
19721,76.92,597.74,0
19732,90.91,600.99,0
19743,90.91,600.33,0
19755,83.33,598.33,0
19766,90.91,601.26,0
19777,90.91,598.23,0
19789,83.33,595.92,0
19801,83.33,594.01,0
19812,90.91,596.18,0
19823,90.91,601.64,0
19834,90.91,600.70,0
19847,83.33,600.57,0
19858,83.33,600.98,0
19869,90.91,597.43,0
19880,90.91,601.03,0
19892,83.33,601.26,0
19903,90.91,599.20,0
19915,83.33,600.00,0
19927,83.33,596.78,0
19938,90.91,597.92,0
19949,90.91,600.76,0
19960,90.91,600.11,0
19972,83.33,599.28,0
19984,83.33,599.00,0
19995,90.91,595.99,0
20006,90.91,599.26,0
20018,83.33,600.74,0
20029,90.91,600.54,0
20040,90.91,602.87,0
20052,83.33,597.25,0
20064,83.33,598.24,0
20075,90.91,598.61,0
20086,90.91,597.13,0
20098,83.33,601.86,0
20109,90.91,599.25,0
20121,83.33,598.16,0
20132,90.91,600.08,0
20144,83.33,597.93,0
20155,90.91,603.26,0
20166,90.91,601.11,0
20178,90.91,599.00,0
20190,76.92,598.32,0
20201,90.91,597.59,0
20212,90.91,599.04,0
20224,83.33,599.37,0
20235,90.91,598.58,0
20247,90.91,598.46,0
20258,90.91,596.26,0
20270,83.33,596.69,0
20281,90.91,600.03,0
20292,90.91,598.49,0
20303,90.91,598.09,0
20316,76.92,597.67,0
20327,90.91,597.30,0
20338,90.91,599.06,0
20349,90.91,601.37,0
20361,83.33,600.30,0
20372,90.91,599.84,0
20384,83.33,597.62,0
20396,83.33,598.67,0
20407,90.91,601.33,0
20418,90.91,600.46,0
20429,90.91,600.42,0
20441,83.33,600.93,0
20453,83.33,600.93,0
20464,90.91,599.98,0
20475,90.91,600.76,0
20487,83.33,599.85,0
20498,90.91,595.42,0
20509,90.91,594.80,0
20521,83.33,596.46,0
20533,83.33,600.60,0
20544,90.91,600.00,0
20555,90.91,599.47,0
20567,83.33,599.79,0
20579,90.91,597.59,0
20590,90.91,599.39,0
20601,90.91,600.79,0
20613,83.33,600.81,0
20624,90.91,598.07,0
20635,90.91,595.37,0
20647,83.33,597.23,0
20659,83.33,600.10,0
20670,90.91,600.28,0
20681,90.91,599.61,0
20692,90.91,596.57,0
20704,83.33,595.94,0
20716,83.33,599.67,0
20727,90.91,600.89,0
20739,83.33,600.19,0
20750,90.91,598.67,0
20761,90.91,599.13,0
20772,90.91,600.03,0
20785,76.92,601.56,0
20796,90.91,600.35,0
20807,90.91,599.69,0
20818,90.91,598.91,0
20830,83.33,596.89,0
20842,90.91,601.15,0
20853,83.33,601.71,0
20865,83.33,596.89,0
20876,90.91,598.66,0
20887,90.91,600.17,0
20898,90.91,599.97,0
20911,76.92,597.83,0
20922,90.91,598.05,0
20933,90.91,597.31,0
20944,90.91,598.13,0
20956,83.33,599.64,0
20967,90.91,600.71,0
20979,83.33,597.39,0
20990,90.91,597.80,0
21002,83.33,600.58,0
21013,90.91,598.20,0
21024,90.91,601.12,0
21036,83.33,598.54,0
21048,83.33,596.82,0
21059,90.91,595.85,0
21070,90.91,596.62,0
21082,83.33,599.15,0
21093,90.91,597.12,0
21104,90.91,597.71,0
21116,83.33,599.32,0
21128,83.33,596.65,0
21139,90.91,594.35,0
21150,90.91,599.30,0
21161,90.91,599.39,0
21174,83.33,597.53,0
21185,83.33,599.62,0
21196,90.91,597.77,0
21208,83.33,600.62,0
21219,90.91,599.49,0
21230,90.91,595.81,0
21242,83.33,597.85,0
21254,83.33,596.37,0
21265,90.91,597.47,0
21276,90.91,597.88,0
21287,90.91,594.48,0
21299,83.33,596.88,0
21311,83.33,601.68,0
21322,90.91,595.07,0
21334,83.33,597.62,0
21345,90.91,599.73,0
21356,90.91,596.69,0
21367,90.91,598.97,0
21380,76.92,599.23,0
21391,90.91,597.34,0
21402,90.91,598.97,0
21413,90.91,597.62,0
21425,83.33,597.13,0
21436,90.91,595.25,0
21448,83.33,592.94,0
21459,90.91,598.34,0
21471,83.33,597.98,0
21482,90.91,596.28,0
21493,90.91,598.93,0
21506,83.33,597.53,0
21517,83.33,601.24,0
21528,90.91,604.97,0
21539,90.91,601.16,0
21551,83.33,599.40,0
21562,90.91,597.29,0
21574,83.33,596.30,0
21585,90.91,603.07,0
21597,83.33,602.36,0
21608,90.91,596.84,0
21619,90.91,598.25,0
21630,90.91,597.45,0
21643,76.92,600.56,0
21654,90.91,599.38,0
21665,90.91,598.16,0
21677,83.33,598.42,0
21688,90.91,597.53,0
21699,90.91,599.59,0
21711,83.33,600.30,0
21723,83.33,598.93,0
21734,90.91,595.18,0
21745,90.91,594.17,0
21756,90.91,595.06,0
21768,83.33,601.03,0
21780,83.33,601.38,0
21791,90.91,595.92,0
21803,83.33,599.81,0
21814,90.91,598.96,0
21825,90.91,598.18,0
21837,90.91,600.25,0
21849,76.92,598.22,0
21860,90.91,596.06,0
21871,90.91,596.28,0
21882,90.91,596.70,0
21894,83.33,599.48,0
21906,83.33,601.62,0
21917,90.91,598.11,0
21928,90.91,596.42,0
21940,83.33,597.29,0
21951,90.91,600.42,0
21962,90.91,600.91,0
21975,76.92,598.67,0
21986,90.91,599.45,0
21997,90.91,598.01,0
22008,90.91,598.74,0
22020,83.33,600.98,0
22031,90.91,602.37,0
22043,83.33,597.93,0
22054,90.91,596.18,0
22066,83.33,597.91,0
22077,90.91,599.43,0
22088,90.91,601.43,0
22099,90.91,599.32,0
22112,76.92,600.35,0
22123,90.91,599.69,0
22134,90.91,600.03,0
22146,83.33,600.77,0
22157,90.91,595.27,0
22169,90.91,595.99,0
22180,83.33,597.33,0
22192,83.33,596.51,0
22203,90.91,603.47,0
22214,90.91,599.92,0
22225,90.91,596.82,0
22238,76.92,598.47,0
22249,90.91,597.27,0
22260,90.91,600.98,0
22272,83.33,600.40,0
22283,90.91,595.99,0
22294,90.91,595.80,0
22306,83.33,595.96,0
22318,83.33,601.31,0
22329,90.91,598.84,0
22340,90.91,597.51,0
22351,90.91,597.50,0
22363,83.33,595.48,0
22375,83.33,599.75,0
22386,90.91,600.78,0
22397,90.91,602.73,0
22409,83.33,598.71,0
22420,90.91,598.86,0
22431,90.91,600.68,0
22444,76.92,601.65,0
22455,90.91,600.39,0
22466,90.91,599.25,0
22477,90.91,597.12,0
22489,83.33,596.01,0
22501,90.91,600.71,0
22512,83.33,600.59,0
22523,90.91,598.34,0
22535,83.33,597.23,0
22546,90.91,597.66,0
22557,90.91,599.86,0
22569,83.33,602.20,0
22581,83.33,604.94,0
22592,90.91,597.51,0
22603,90.91,595.03,0
22615,83.33,599.45,0
22626,90.91,600.07,0
22638,83.33,599.66,0
22649,90.91,597.62,0
22661,83.33,595.51,0
22672,90.91,593.60,0
22683,90.91,598.52,0
22694,90.91,601.08,0
22707,76.92,597.55,0
22718,90.91,595.90,0
22729,90.91,596.27,0
22740,90.91,594.74,0
22752,83.33,595.67,0
22764,90.91,603.98,0
22775,83.33,603.30,0
22787,83.33,599.66,0
22798,90.91,602.04,0
22809,90.91,601.74,0
22820,90.91,599.32,0
22833,76.92,601.40,0
22844,90.91,597.07,0
22855,90.91,597.54,0
22866,90.91,594.65,0
22878,83.33,595.79,0
22889,90.91,597.98,0
22901,83.33,596.19,0
22913,83.33,595.90,0
22924,90.91,597.23,0
22935,90.91,600.82,0
22946,90.91,600.30,0
22958,83.33,602.08,0
22970,83.33,598.56,0
22981,90.91,596.45,0
22992,90.91,600.74,0
23004,83.33,599.02,0
23015,90.91,600.03,0
23026,90.91,599.50,0
23038,83.33,598.61,0
23050,83.33,597.70,0
23061,90.91,599.56,0
23072,90.91,603.10,0
23084,83.33,599.33,0
23096,90.91,596.20,0
23107,83.33,596.80,0
23118,90.91,595.19,0
23130,83.33,597.67,0
23141,90.91,599.59,0
23152,90.91,598.53,0
23164,83.33,597.30,0
23176,83.33,598.70,0
23187,90.91,599.04,0
23198,90.91,598.24,0
23209,90.91,599.69,0
23221,83.33,599.68,0
23233,83.33,598.20,0
23244,90.91,601.75,0
23256,83.33,600.42,0
23267,90.91,598.00,0
23278,90.91,597.25,0
23289,90.91,596.54,0
23302,76.92,596.89,0
23313,90.91,597.31,0
23324,90.91,601.57,0
23335,90.91,600.27,0
23347,83.33,600.04,0
23358,90.91,601.36,0
23370,83.33,601.12,0
23382,83.33,601.13,0
23393,90.91,598.45,0
23404,90.91,597.48,0
23415,90.91,595.92,0
23428,83.33,597.66,0
23439,83.33,602.08,0
23450,90.91,604.15,0
23461,90.91,600.14,0
23473,83.33,598.97,0
23484,90.91,600.39,0
23496,83.33,600.22,0
23507,90.91,602.20,0
23519,83.33,601.04,0
23530,90.91,596.12,0
23541,90.91,595.13,0
23553,83.33,598.83,0
23565,83.33,599.57,0
23576,90.91,599.38,0
23587,90.91,596.59,0
23599,83.33,598.12,0
23610,90.91,598.27,0
23621,90.91,595.45,0
23633,83.33,598.45,0
23645,83.33,597.08,0
23656,90.91,596.73,0
23667,90.91,597.85,0
23678,90.91,597.93,0
23690,83.33,599.00,0
23702,83.33,599.46,0
23713,90.91,600.41,0
23725,83.33,595.32,0
23736,90.91,597.19,0
23747,90.91,602.56,0
23759,90.91,601.99,0
23771,76.92,600.96,0
23782,90.91,599.22,0
23793,90.91,598.80,0
23804,90.91,598.59,0
23816,83.33,601.89,0
23828,83.33,600.74,0
23839,90.91,595.54,0
23851,83.33,596.16,0
23862,90.91,600.50,0
23873,90.91,602.46,0
23884,90.91,603.41,0
23897,76.92,598.40,0
23908,90.91,599.41,0
23919,90.91,597.31,0
23930,90.91,595.14,0
23942,83.33,602.44,0
23953,90.91,600.14,0
23965,83.33,597.78,0
23976,90.91,597.28,0
23988,83.33,596.19,0
23999,90.91,600.11,0
24010,90.91,598.35,0
24023,83.33,598.05,0
24034,83.33,594.28,0
24045,90.91,594.56,0
24056,90.91,597.59,0
24068,83.33,598.97,0
24079,90.91,598.63,0
24091,83.33,595.48,0
24102,90.91,595.23,0
24114,83.33,594.99,0
24125,90.91,598.66,0
24136,90.91,596.87,0
24147,90.91,591.67,0
24160,76.92,595.74,0
24171,90.91,595.51,0
24182,90.91,597.23,0
24194,83.33,600.33,0
24205,90.91,597.61,0
24216,90.91,598.72,0
24228,83.33,596.24,0
24240,83.33,595.34,0
24251,90.91,600.10,0
24262,90.91,600.27,0
24273,90.91,599.37,0
24285,83.33,601.36,0
24297,83.33,600.60,0
24308,90.91,601.80,0
24320,83.33,599.60,0
24331,90.91,597.94,0
24342,90.91,600.53,0
24354,90.91,601.15,0
24366,76.92,599.66,0
24377,90.91,600.48,0
24388,90.91,601.70,0
24399,90.91,598.91,0
24411,83.33,597.46,0
24423,83.33,596.51,0
24434,90.91,601.62,0
24445,90.91,600.84,0
24457,83.33,599.91,0
24468,90.91,599.61,0
24479,90.91,598.46,0
24492,76.92,601.25,0
24503,90.91,600.80,0
24514,90.91,597.21,0
24525,90.91,596.39,0
24537,83.33,595.36,0
24548,90.91,596.24,0
24560,83.33,595.56,0
24571,90.91,599.29,0
24583,83.33,603.32,0
24594,90.91,598.61,0
24605,90.91,597.09,0
24616,90.91,597.53,0
24629,76.92,599.89,0
24640,90.91,596.80,0
24651,90.91,594.77,0
24663,83.33,597.30,0
24674,90.91,597.05,0
24686,83.33,600.57,0
24697,90.91,601.65,0
24709,83.33,596.99,0
24720,90.91,596.25,0
24731,90.91,594.52,0
24742,90.91,598.50,0
24755,76.92,599.22,0
24766,90.91,597.88,0
24777,90.91,598.36,0
24788,90.91,593.99,0
24800,83.33,598.29,0
24811,90.91,600.74,0
24823,83.33,597.81,0
24835,83.33,595.59,0
24846,90.91,595.26,0
24857,90.91,599.26,0
24868,90.91,598.24,0
24880,83.33,596.68,0
24892,83.33,598.40,0
24903,90.91,600.60,0
24914,90.91,598.13,0
24926,83.33,597.33,0
24937,90.91,598.38,0
24949,90.91,596.03,0
24961,76.92,594.46,0
24972,90.91,597.29,0
24983,90.91,600.82,0
24994,90.91,602.32,0
25006,83.33,597.93,0
25018,83.33,597.70,0
25029,90.91,600.15,0
25040,90.91,594.60,0
25052,83.33,596.02,0
25063,90.91,599.54,0
25074,90.91,597.35,0
25086,83.33,598.43,0
25098,83.33,599.01,0
25109,90.91,601.27,0
25120,90.91,598.53,0
25132,83.33,599.57,0
25143,90.91,598.81,0
25155,83.33,593.99,0
25166,90.91,596.15,0
25178,83.33,598.93,0
25189,90.91,597.07,0
25200,90.91,597.95,0
25212,90.91,599.20,0
25224,76.92,597.87,0
25235,90.91,596.95,0
25246,90.91,598.61,0
25257,90.91,598.41,0
25269,83.33,597.91,0
25281,83.33,598.71,0
25292,90.91,598.85,0
25304,83.33,596.65,0
25315,90.91,600.50,0
25326,90.91,600.80,0
25337,90.91,598.74,0
25350,76.92,600.07,0
25361,90.91,599.56,0
25372,90.91,596.91,0
25383,90.91,597.03,0
25395,83.33,599.35,0
25406,90.91,600.38,0
25418,83.33,600.43,0
25430,83.33,599.54,0
25441,90.91,602.29,0
25452,90.91,596.31,0
25463,90.91,597.05,0
25475,83.33,598.85,0
25487,83.33,594.31,0
25498,90.91,596.92,0
25509,90.91,599.22,0
25521,83.33,599.37,0
25532,90.91,600.59,0
25544,90.91,598.86,0
25555,83.33,597.75,0
25567,83.33,595.06,0
25578,90.91,598.21,0
25589,90.91,599.36,0
25601,83.33,597.42,0
25613,83.33,600.53,0
25624,90.91,598.70,0
25635,90.91,598.17,0
25647,83.33,602.36,0
25658,90.91,599.45,0
25669,90.91,597.55,0
25681,83.33,594.83,0
25693,83.33,594.97,0
25704,90.91,600.14,0
25715,90.91,601.16,0
25726,90.91,601.96,0
25738,83.33,602.35,0
25750,83.33,597.81,0
25761,90.91,594.27,0
25773,83.33,597.97,0
25784,90.91,597.59,0
25795,90.91,599.01,0
25806,90.91,600.13,0
25819,76.92,593.80,0
25830,90.91,598.44,0
25841,90.91,600.22,0
25852,90.91,598.32,0
25864,83.33,598.63,0
25876,90.91,596.95,0
25887,83.33,596.73,0
25899,83.33,597.54,0
25910,90.91,597.29,0
25921,90.91,598.25,0
25932,90.91,596.42,0
25945,76.92,595.83,0
25956,90.91,601.51,0
25967,90.91,602.46,0
25978,90.91,599.27,0
25990,83.33,598.33,0
26001,90.91,599.42,0
26013,83.33,600.92,0
26024,90.91,601.66,0
26036,83.33,599.28,0
26047,90.91,600.42,0
26058,90.91,598.19,0
26070,83.33,596.72,0
26082,83.33,598.80,0
26093,90.91,600.69,0
26104,90.91,598.21,0
26116,83.33,597.65,0
26127,90.91,597.49,0
26138,90.91,599.07,0
26150,83.33,604.51,0
26162,83.33,601.31,0
26173,90.91,597.47,0
26184,90.91,596.96,0
26195,90.91,595.22,0
26208,76.92,595.77,0
26219,90.91,597.60,0
26230,90.91,598.24,0
26242,83.33,597.56,0
26253,90.91,594.56,0
26264,90.91,599.04,0
26276,83.33,600.09,0
26288,83.33,597.84,0
26299,90.91,598.03,0
26310,90.91,593.85,0
26321,90.91,594.57,0
26333,83.33,597.95,0
26345,83.33,598.60,0
26356,90.91,597.90,0
26368,83.33,597.92,0
26379,90.91,596.23,0
26390,90.91,596.70,0
26401,90.91,599.68,0
26414,76.92,601.43,0
26425,90.91,599.08,0
26436,90.91,596.78,0
26447,90.91,601.49,0
26459,83.33,602.92,0
26471,90.91,602.07,0
26482,83.33,599.70,0
26493,90.91,595.19,0
26505,83.33,597.02,0
26516,90.91,600.08,0
26527,90.91,599.14,0
26540,76.92,600.08,0
26551,90.91,599.40,0
26562,90.91,600.52,0
26573,90.91,602.52,0
26585,83.33,601.22,0
26596,90.91,600.21,0
26608,83.33,601.38,0
26619,90.91,598.21,0
26631,83.33,597.33,0
26642,90.91,599.04,0
26653,90.91,600.08,0
26664,90.91,600.28,0
26677,76.92,599.32,0
26688,90.91,596.93,0
26699,90.91,595.55,0
26711,83.33,595.83,0
26722,90.91,595.15,0
26733,90.91,595.28,0
26745,83.33,597.28,0
26757,83.33,598.23,0
26768,90.91,595.42,0
26779,90.91,598.42,0
26790,90.91,597.54,0
26803,83.33,593.59,0
26814,83.33,596.67,0
26825,90.91,599.47,0
26836,90.91,597.16,0
26848,83.33,597.03,0
26859,90.91,600.26,0
26871,83.33,595.30,0
26883,83.33,595.63,0
26894,90.91,599.69,0
26905,90.91,600.36,0
26916,90.91,597.56,0
26928,83.33,596.45,0
26940,83.33,601.55,0
26951,90.91,600.36,0
26962,90.91,601.97,0
26974,83.33,601.87,0
26985,90.91,599.47,0
26996,90.91,598.43,0
27009,76.92,600.90,0
27020,90.91,601.61,0
27031,90.91,598.79,0
27042,90.91,598.66,0
27054,83.33,601.12,0
27066,90.91,602.33,0
27077,83.33,600.55,0
27088,90.91,598.82,0
27100,83.33,597.30,0
27111,90.91,597.76,0
27122,90.91,599.24,0
27134,83.33,597.86,0
27146,83.33,595.20,0
27157,90.91,598.94,0
27168,90.91,600.64,0
27180,83.33,596.87,0
27191,90.91,595.14,0
27203,83.33,599.91,0
27214,90.91,598.44,0
27226,83.33,597.11,0
27237,90.91,596.67,0
27248,90.91,595.14,0
27259,90.91,598.62,0
27272,76.92,603.39,0
27283,90.91,601.14,0
27294,90.91,596.33,0
27305,90.91,599.21,0
27317,83.33,599.18,0
27329,90.91,597.60,0
27340,83.33,599.33,0
27352,83.33,600.51,0
27363,90.91,594.43,0
27374,90.91,595.46,0
27385,90.91,598.39,0
27398,76.92,597.06,0
27409,90.91,598.93,0
27420,90.91,596.59,0
27431,90.91,597.88,0
27443,83.33,596.53,0
27454,90.91,599.13,0
27466,83.33,602.62,0
27478,83.33,597.77,0
27489,90.91,596.29,0
27500,90.91,597.58,0
27511,90.91,598.54,0
27523,83.33,597.41,0
27535,83.33,599.05,0
27546,90.91,594.92,0
27557,90.91,594.16,0
27569,83.33,596.13,0
27580,90.91,600.44,0
27591,90.91,599.67,0
27603,83.33,595.93,0
27615,83.33,596.79,0
27626,90.91,595.27,0
27637,90.91,594.07,0
27649,83.33,595.15,0
27661,90.91,600.00,0
27672,83.33,596.38,0
27683,90.91,599.24,0
27695,83.33,601.32,0
27706,90.91,598.15,0
27717,90.91,598.07,0
27729,83.33,595.66,0
27741,83.33,594.01,0
27752,90.91,593.77,0
27763,90.91,598.01,0
27774,90.91,602.32,0
27786,83.33,597.91,0
27798,83.33,596.15,0
27809,90.91,597.28,0
27821,83.33,599.56,0
27832,90.91,599.85,0
27843,90.91,602.74,0
27854,90.91,599.28,0
27867,76.92,596.56,0
27878,90.91,600.42,0
27889,90.91,599.34,0
27900,90.91,599.97,0
27912,83.33,598.32,0
27924,90.91,596.79,0
27935,83.33,598.79,0
27947,83.33,598.61,0
27958,90.91,600.63,0
27969,90.91,601.97,0
27980,90.91,599.11,0
27993,76.92,600.13,0
28004,90.91,600.24,0
28015,90.91,599.80,0
28026,90.91,600.58,0
28038,83.33,598.37,0
28049,90.91,594.91,0
28061,83.33,597.29,0
28072,90.91,597.00,0
28084,83.33,597.08,0
28095,90.91,600.81,0
28106,90.91,599.20,0
28118,83.33,598.11,0
28130,83.33,595.25,0
28141,90.91,597.22,0
28152,90.91,597.97,0
28164,83.33,594.75,0
28175,90.91,594.99,0
28186,90.91,596.90,0
28198,83.33,599.51,0
28210,83.33,599.33,0
28221,90.91,597.61,0
28232,90.91,595.58,0
28243,90.91,597.85,0
28256,83.33,601.51,0
28267,83.33,597.50,0
28278,90.91,599.00,0
28290,83.33,599.50,0
28301,90.91,599.01,0
28312,90.91,599.15,0
28324,83.33,598.75,0
28336,83.33,599.71,0
28347,90.91,597.73,0
28358,90.91,596.36,0
28369,90.91,598.32,0
28381,83.33,601.04,0
28393,83.33,602.33,0
28404,90.91,599.68,0
28416,83.33,598.50,0
28427,90.91,598.16,0
28438,90.91,599.84,0
28449,90.91,601.91,0
28462,76.92,601.20,0
28473,90.91,598.39,0
28484,90.91,595.31,0
28495,90.91,598.26,0
28507,83.33,599.57,0
28519,90.91,599.43,0
28530,83.33,598.46,0
28541,90.91,597.45,0
28553,83.33,596.59,0
28564,90.91,598.66,0
28575,90.91,600.09,0
28588,76.92,598.44,0
28599,90.91,596.93,0
28610,90.91,595.31,0
28621,90.91,598.97,0
28633,83.33,598.10,0
28644,90.91,598.65,0
28656,83.33,597.32,0
28667,90.91,595.12,0
28679,83.33,595.01,0
28690,90.91,599.79,0
28701,90.91,601.93,0
28712,90.91,599.80,0
28725,76.92,596.83,0
28736,90.91,596.28,0
28747,90.91,599.80,0
28759,83.33,599.30,0
28770,90.91,599.58,0
28781,90.91,600.05,0
28793,83.33,596.07,0
28805,83.33,598.81,0
28816,90.91,600.42,0
28827,90.91,599.81,0
28838,90.91,601.98,0
28851,83.33,599.61,0
28862,83.33,598.82,0
28873,90.91,599.53,0
28884,90.91,599.59,0
28896,83.33,602.25,0
28907,90.91,599.66,0
28919,83.33,598.98,0
28931,83.33,601.55,0
28942,90.91,600.02,0
28953,90.91,599.04,0
28964,90.91,597.32,0
28976,83.33,596.75,0
28988,83.33,597.98,0
28999,90.91,599.38,0
29010,90.91,596.91,0
29022,83.33,600.15,0
29033,90.91,603.15,0
29044,90.91,599.13,0
29057,76.92,597.52,0
29068,90.91,598.28,0
29079,90.91,597.72,0
29090,90.91,596.83,0
29102,83.33,594.24,0
29113,90.91,596.96,0
29125,83.33,600.80,0
29136,90.91,597.68,0
29148,83.33,595.64,0
29159,90.91,596.53,0
29170,90.91,596.40,0
29182,90.91,598.39,0
29194,76.92,596.64,0
29205,90.91,599.79,0
29216,90.91,598.60,0
29228,83.33,598.91,0
29239,90.91,600.40,0
29251,83.33,599.78,0
29262,90.91,598.68,0
29274,83.33,596.15,0
29285,90.91,595.64,0
29296,90.91,594.16,0
29307,90.91,597.72,0
29320,76.92,601.59,0
29331,90.91,600.81,0
29342,90.91,599.29,0
29353,90.91,594.99,0
29365,83.33,598.41,0
29376,90.91,600.70,0
29388,83.33,600.57,0
29400,83.33,598.45,0
29411,90.91,598.88,0
29422,90.91,600.68,0
29433,90.91,599.48,0
29446,83.33,599.54,0
29457,83.33,598.47,0
29468,90.91,595.74,0
29479,90.91,593.31,0
29491,83.33,596.93,0
29502,90.91,598.27,0
29514,83.33,596.72,0
29526,83.33,600.43,0
29537,90.91,601.23,0
29548,90.91,599.72,0
29559,90.91,600.89,0
29571,83.33,600.39,0
29583,83.33,598.94,0
29594,90.91,597.35,0
29605,90.91,595.19,0
29617,83.33,600.74,0
29628,90.91,599.88,0
29639,90.91,599.35,0
29651,83.33,601.53,0
29663,83.33,595.49,0
29674,90.91,598.75,0
29685,90.91,599.62,0
29697,83.33,597.82,0
29708,90.91,598.29,0
29720,83.33,596.06,0
29731,90.91,597.06,0
29743,83.33,599.96,0
29754,90.91,601.01,0
29765,90.91,602.58,0
29777,90.91,601.41,0
29789,76.92,597.78,0
29800,90.91,597.72,0
29811,90.91,594.95,0
29822,90.91,595.72,0
29834,83.33,596.13,0
29846,83.33,598.44,0
29857,90.91,599.66,0
29869,83.33,599.28,0
29880,90.91,597.85,0
29891,90.91,597.36,0
29902,90.91,598.65,0
29915,76.92,596.76,0
29926,90.91,600.17,0
29937,90.91,600.34,0
29948,90.91,600.22,0
29960,83.33,601.16,0
29971,90.91,599.93,0
29983,83.33,598.71,0
29995,83.33,599.29,0
30006,90.91,603.13,0
30017,90.91,602.27,0
30028,90.91,598.07,0
30041,83.33,599.57,0
30052,83.33,601.81,0
30063,90.91,599.34,0
30074,90.91,599.04,0
30086,83.33,602.07,0
30097,90.91,601.60,0
30109,83.33,598.57,0
30120,90.91,598.67,0
30132,83.33,597.94,0
30143,90.91,601.50,0
30154,90.91,599.93,0
30166,83.33,601.01,0
30178,83.33,602.11,0
30189,90.91,597.65,0
30200,90.91,596.37,0
30212,83.33,597.36,0
30223,90.91,595.54,0
30234,90.91,598.66,0
30246,83.33,597.75,0
30258,83.33,597.86,0
30269,90.91,601.46,0
30280,90.91,599.62,0
30291,90.91,595.31,0
30303,83.33,597.96,0
30315,83.33,598.50,0
30326,90.91,595.99,0
30338,83.33,597.19,0
30349,90.91,595.25,0
30360,90.91,597.10,0
30372,90.91,595.91,0
30384,76.92,595.68,0
30395,90.91,598.86,0
30406,90.91,595.37,0
30417,90.91,597.67,0
30429,83.33,602.11,0
30441,83.33,599.25,0
30452,90.91,599.22,0
30464,83.33,596.66,0
30475,90.91,596.09,0
30486,90.91,597.37,0
30497,90.91,596.00,0
30510,76.92,598.29,0
30521,90.91,596.97,0
30532,90.91,595.63,0
30543,90.91,601.27,0
30555,83.33,602.53,0
30566,90.91,601.53,0
30578,83.33,603.42,0
30589,90.91,599.69,0
30601,83.33,593.25,0
30612,90.91,596.27,0
30623,90.91,596.51,0
30636,83.33,597.33,0
30647,83.33,602.67,0
30658,90.91,597.65,0
30669,90.91,600.28,0
30681,83.33,602.35,0
30692,90.91,600.58,0
30704,83.33,600.91,0
30715,90.91,595.87,0
30727,83.33,596.54,0
30738,90.91,598.72,0
30749,90.91,597.04,0
30760,90.91,599.95,0
30773,76.92,601.60,0
30784,90.91,598.14,0
30795,90.91,598.59,0
30807,83.33,598.08,0
30818,90.91,598.02,0
30829,90.91,596.62,0
30841,83.33,597.77,0
30853,83.33,600.99,0
30864,90.91,598.66,0
30875,90.91,598.81,0
30886,90.91,601.42,0
30898,83.33,599.69,0
30910,83.33,600.70,0
30921,90.91,599.19,0
30932,90.91,598.91,0
30944,83.33,599.72,0
30955,90.91,599.99,0
30967,90.91,595.33,0
30979,76.92,598.92,0
30990,90.91,601.91,0
31001,90.91,599.81,0
31012,90.91,600.35,0
31024,83.33,598.62,0
31036,83.33,596.63,0
31047,90.91,600.14,0
31058,90.91,598.80,0
31070,83.33,595.50,0
31081,90.91,597.05,0
31092,90.91,594.78,0
31105,76.92,599.05,0
31116,90.91,600.45,0
31127,90.91,599.23,0
31138,90.91,599.28,0
31150,83.33,596.11,0
31161,90.91,598.94,0
31173,83.33,603.12,0
31184,90.91,600.81,0
31196,83.33,599.32,0
31207,90.91,596.91,0
31218,90.91,594.91,0
31229,90.91,596.26,0
31242,76.92,598.59,0
31253,90.91,598.76,0
31264,90.91,597.34,0
31276,83.33,595.03,0
31287,90.91,598.72,0
31299,90.91,601.09,0
31310,83.33,597.53,0
31322,83.33,598.54,0
31333,90.91,595.68,0
31344,90.91,594.59,0
31355,90.91,598.89,0
31368,76.92,598.45,0
31379,90.91,601.91,0
31390,90.91,601.54,0
31401,90.91,598.74,0
31413,83.33,598.99,0
31424,90.91,597.47,0
31436,83.33,599.30,0
31448,83.33,600.25,0
31459,90.91,595.79,0
31470,90.91,596.99,0
31481,90.91,600.06,0
31493,83.33,599.09,0
31505,83.33,600.89,0
31516,90.91,600.66,0
31527,90.91,596.73,0
31539,83.33,594.89,0
31550,90.91,596.19,0
31562,90.91,596.21,0
31574,76.92,596.95,0
31585,90.91,595.65,0
31596,90.91,599.01,0
31607,90.91,598.61,0
31619,83.33,599.74,0
31631,83.33,599.77,0
31642,90.91,595.34,0
31653,90.91,593.94,0
31665,83.33,597.48,0
31676,90.91,598.85,0
31687,90.91,600.19,0
31699,83.33,600.13,0
31711,83.33,596.76,0
31722,90.91,599.51,0
31733,90.91,599.35,0
31745,83.33,600.42,0
31756,90.91,599.51,0
31768,83.33,593.71,0
31779,90.91,597.71,0
31791,83.33,600.08,0
31802,90.91,600.06,0
31813,90.91,601.83,0
31824,90.91,598.27,0
31837,76.92,597.02,0
31848,90.91,599.78,0
31859,90.91,595.47,0
31870,90.91,597.45,0
31882,83.33,595.79,0
31894,90.91,598.43,0
31905,83.33,601.55,0
31917,83.33,598.52,0
31928,90.91,597.61,0
31939,90.91,600.56,0
31950,90.91,599.68,0
31963,76.92,595.08,0
31974,90.91,597.10,0
31985,90.91,596.23,0
31996,90.91,595.22,0
32008,83.33,595.75,0
32019,90.91,597.31,0
32031,83.33,599.46,0
32043,83.33,597.07,0
32054,90.91,598.75,0
32065,90.91,597.64,0
32076,90.91,594.43,0
32088,83.33,596.59,0
32100,83.33,600.60,0
32111,90.91,598.45,0
32122,90.91,597.71,0
32134,83.33,598.59,0
32145,90.91,599.83,0
32156,90.91,598.40,0
32168,83.33,597.51,0
32180,83.33,595.99,0
32191,90.91,597.35,0
32202,90.91,598.49,0
32214,83.33,599.54,0
32226,90.91,604.24,0
32237,83.33,602.51,0
32248,90.91,599.64,0
32260,83.33,597.32,0
32271,90.91,596.69,0
32282,90.91,599.08,0
32294,83.33,597.91,0
32306,83.33,596.58,0
32317,90.91,597.55,0
32328,90.91,598.78,0
32339,90.91,597.44,0
32351,83.33,598.08,0
32363,83.33,597.91,0
32374,90.91,596.60,0
32386,83.33,596.52,0
32397,90.91,598.64,0
32408,90.91,597.92,0
32419,90.91,599.92,0
32432,76.92,603.39,0
32443,90.91,598.73,0
32454,90.91,596.57,0
32465,90.91,596.15,0
32477,83.33,597.09,0
32489,90.91,596.30,0
32500,83.33,598.51,0
32512,83.33,597.56,0
32523,90.91,597.91,0
32534,90.91,598.87,0
32545,90.91,599.32,0
32558,76.92,600.64,0
32569,90.91,600.52,0
32580,90.91,596.67,0
32591,90.91,594.88,0
32603,83.33,599.73,0
32614,90.91,604.05,0
32626,83.33,603.47,0
32637,90.91,601.42,0
32649,83.33,602.62,0
32660,90.91,600.36,0
32671,90.91,600.63,0
32683,83.33,602.75,0
32695,83.33,598.84,0
32706,90.91,600.08,0
32717,90.91,600.82,0
32729,83.33,601.44,0
32740,90.91,603.26,0
32751,90.91,602.38,0
32763,83.33,598.97,0
32775,83.33,597.03,0
32786,90.91,598.47,0
32797,90.91,598.22,0
32808,90.91,597.92,0
32821,83.33,597.96,0
32832,83.33,600.97,0
32843,90.91,599.03,0
32855,83.33,597.66,0
32866,90.91,599.00,0
32877,90.91,598.21,0
32889,83.33,598.49,0
32901,83.33,599.66,0
32912,90.91,601.20,0
32923,90.91,600.21,0
32934,90.91,598.38,0
32946,83.33,601.57,0
32958,83.33,600.78,0
32969,90.91,596.15,0
32980,90.91,598.89,0
32992,83.33,596.76,0
33003,90.91,595.60,0
33014,90.91,598.96,0
33027,76.92,599.82,0
33038,90.91,599.97,0
33049,90.91,599.90,0
33060,90.91,598.49,0
33072,83.33,597.64,0
33083,90.91,598.06,0
33095,83.33,601.66,0
33106,90.91,601.23,0
33118,83.33,599.67,0
33129,90.91,599.82,0
33140,90.91,599.22,0
33153,83.33,598.39,0
33164,83.33,600.55,0
33175,90.91,601.62,0
33186,90.91,598.44,0
33198,83.33,598.41,0
33209,90.91,598.09,0
33221,83.33,598.30,0
33232,90.91,601.16,0
33244,83.33,603.02,0
33255,90.91,603.63,0
33266,90.91,600.69,0
33277,90.91,601.30,0
33290,76.92,600.52,0
33301,90.91,600.19,0
33312,90.91,598.47,0
33324,83.33,598.10,0
33335,90.91,598.85,0
33346,90.91,599.68,0
33358,83.33,599.06,0
33370,83.33,598.16,0
33381,90.91,599.96,0
33392,90.91,598.81,0
33403,90.91,599.42,0
33415,83.33,600.70,0
33427,83.33,599.15,0
33438,90.91,597.52,0
33449,90.91,598.60,0
33461,83.33,598.34,0
33472,90.91,600.75,0
33484,90.91,598.77,0
33496,76.92,595.60,0
33507,90.91,597.27,0
33518,90.91,596.30,0
33529,90.91,599.39,0
33541,83.33,602.40,0
33553,83.33,599.35,0
33564,90.91,596.27,0
33575,90.91,597.37,0
33587,83.33,595.93,0
33598,90.91,596.67,0
33609,90.91,601.16,0
33622,76.92,596.49,0
33633,90.91,597.08,0
33644,90.91,595.54,0
33655,90.91,596.64,0
33667,83.33,600.22,0
33678,90.91,599.71,0
33690,83.33,596.51,0
33701,90.91,595.47,0
33713,83.33,595.87,0
33724,90.91,595.96,0
33735,90.91,597.56,0
33746,90.91,596.79,0
33759,76.92,597.14,0
33770,90.91,597.76,0
33781,90.91,596.52,0
33793,83.33,597.67,0
33804,90.91,599.25,0
33816,90.91,600.21,0
33827,83.33,600.29,0
33839,83.33,599.72,0
33850,90.91,598.15,0
33861,90.91,600.10,0
33872,90.91,600.83,0
33885,76.92,597.63,0
33896,90.91,597.44,0
33907,90.91,600.60,0
33918,90.91,601.62,0
33930,83.33,600.53,0
33941,90.91,601.67,0
33953,83.33,597.50,0
33965,83.33,597.63,0
33976,90.91,602.53,0
33987,90.91,599.90,0
33998,90.91,596.77,0
34010,83.33,596.57,0
34022,83.33,594.25,0
34033,90.91,594.67,0
34044,90.91,597.94,0
34056,83.33,599.62,0
34067,90.91,599.22,0
34078,90.91,596.47,0
34091,76.92,596.58,0
34102,90.91,596.21,0
34113,90.91,596.91,0
34124,90.91,599.29,0
34136,83.33,598.21,0
34148,90.91,595.20,0
34159,83.33,594.89,0
34170,90.91,601.78,0
34182,83.33,602.66,0
34193,90.91,598.32,0
34204,90.91,598.63,0
34216,83.33,597.35,0
34228,83.33,595.59,0
34239,90.91,601.88,0
34250,90.91,603.87,0
34262,83.33,599.44,0
34273,90.91,597.51,0
34285,83.33,598.36,0
34296,90.91,600.89,0
34308,83.33,598.68,0
34319,90.91,600.01,0
34330,90.91,598.75,0
34341,90.91,596.05,0
34354,76.92,603.59,0
34365,90.91,604.66,0
34376,90.91,601.04,0
34387,90.91,599.10,0
34399,83.33,595.41,0
34411,90.91,598.08,0
34422,83.33,600.42,0
34434,83.33,598.63,0
34445,90.91,596.44,0
34456,90.91,595.90,0
34467,90.91,598.24,0
34480,76.92,601.74,0
34491,90.91,601.17,0
34502,90.91,599.55,0
34513,90.91,597.58,0
34525,83.33,596.94,0
34536,90.91,598.22,0
34548,83.33,598.60,0
34560,83.33,596.89,0
34571,90.91,597.01,0
34582,90.91,597.61,0
34593,90.91,596.47,0
34605,83.33,598.11,0
34617,83.33,600.37,0
34628,90.91,597.90,0
34639,90.91,595.53,0
34651,83.33,593.99,0
34662,90.91,596.68,0
34673,90.91,597.09,0
34685,83.33,599.99,0
34697,83.33,597.38,0
34708,90.91,593.88,0
34719,90.91,596.93,0
34731,83.33,597.87,0
34743,90.91,600.67,0
34754,83.33,598.91,0
34765,90.91,597.66,0
34777,83.33,597.57,0
34788,90.91,597.28,0
34799,90.91,600.44,0
34811,83.33,601.26,0
34823,83.33,598.72,0
34834,90.91,600.39,0
34845,90.91,599.83,0
34856,90.91,599.41,0
34868,83.33,598.06,0
34880,83.33,599.23,0
34891,90.91,599.17,0
34903,83.33,596.57,0
34914,90.91,597.34,0
34925,90.91,598.68,0
34936,90.91,598.97,0
34949,76.92,597.44,0
34960,90.91,596.07,0
34971,90.91,595.38,0
34982,90.91,601.33,0
34994,83.33,600.85,0
35005,90.91,601.52,0
35017,83.33,599.38,0
35028,90.91,594.39,0
35040,83.33,596.36,0
35051,90.91,598.59,0
35062,90.91,598.09,0
35075,83.33,597.13,0
35086,83.33,595.72,0
35097,90.91,597.03,0
35108,90.91,599.19,0
35120,83.33,599.97,0
35131,90.91,600.59,0
35143,83.33,596.60,0
35154,90.91,594.73,0
35166,83.33,598.61,0
35177,90.91,598.16,0
35188,90.91,599.74,0
35200,83.33,599.51,0
35212,83.33,594.11,0
35223,90.91,596.48,0
35234,90.91,598.67,0
35246,83.33,600.36,0
35257,90.91,596.21,0
35268,90.91,594.41,0
35280,83.33,600.60,0
35292,83.33,598.05,0
35303,90.91,603.12,0
35314,90.91,605.88,0
35325,90.91,599.67,0
35338,83.33,597.18,0
35349,83.33,598.35,0
35360,90.91,599.54,0
35372,83.33,601.19,0
35383,90.91,601.08,0
35394,90.91,599.89,0
35406,83.33,600.98,0
35418,83.33,598.96,0
35429,90.91,599.82,0
35440,90.91,599.81,0
35451,90.91,596.13,0
35463,83.33,595.85,0
35475,83.33,598.72,0
35486,90.91,597.13,0
35497,90.91,600.28,0
35509,83.33,600.02,0
35520,90.91,597.44,0
35531,90.91,596.75,0
35544,76.92,597.76,0
35555,90.91,597.75,0
35566,90.91,594.50,0
35577,90.91,595.52,0
35589,83.33,595.38,0
35600,90.91,596.22,0
35612,83.33,601.04,0
35623,90.91,601.11,0
35635,83.33,593.31,0
35646,90.91,595.40,0
35657,90.91,597.42,0
35670,90.91,598.47,0
35681,76.92,599.62,0
35692,90.91,597.80,0
35703,90.91,598.48,0
35715,83.33,598.49,0
35726,90.91,598.09,0
35738,83.33,601.04,0
35749,90.91,599.14,0
35761,83.33,593.69,0
35772,90.91,597.11,0
35783,90.91,600.55,0
35794,90.91,600.60,0
35807,76.92,601.68,0
35818,90.91,598.70,0
35829,90.91,596.27,0
35841,83.33,596.97,0
35852,90.91,597.85,0
35863,90.91,601.87,0
35875,83.33,601.99,0
35887,83.33,601.94,0
35898,90.91,602.22,0
35909,90.91,597.45,0
35920,90.91,603.55,0
35932,83.33,600.75,0
35944,83.33,598.03,0
35955,90.91,598.11,0
35966,90.91,596.06,0
35978,83.33,599.53,0
35989,90.91,600.32,0
36001,90.91,598.50,0
36013,76.92,598.55,0
36024,90.91,596.62,0
36035,90.91,598.56,0
36046,90.91,603.60,0
36058,83.33,601.15,0
36070,83.33,597.62,0
36081,90.91,597.60,0
36092,90.91,596.61,0
36104,83.33,597.33,0
36115,90.91,603.47,0
36126,90.91,602.49,0
36139,76.92,597.42,0
36150,90.91,596.32,0
36161,90.91,595.11,0
36172,90.91,600.87,0
36184,83.33,599.98,0
36195,90.91,596.35,0
36207,83.33,596.09,0
36218,90.91,600.08,0
36230,83.33,600.96,0
36241,90.91,601.35,0
36252,90.91,599.66,0
36263,90.91,597.48,0
36276,76.92,597.13,0
36287,90.91,597.34,0
36298,90.91,599.42,0
36310,83.33,597.09,0
36321,90.91,598.02,0
36333,90.91,598.48,0
36344,83.33,595.50,0
36356,83.33,598.72,0
36367,90.91,597.99,0
36378,90.91,596.11,0
36389,90.91,594.77,0
36402,76.92,594.29,0
36413,90.91,600.02,0
36424,90.91,599.31,0
36435,90.91,598.74,0
36447,83.33,599.40,0
36458,90.91,597.53,0
36470,83.33,597.50,0
36482,83.33,601.64,0
36493,90.91,600.24,0
36504,90.91,595.95,0
36515,90.91,598.26,0
36527,83.33,597.76,0
36539,83.33,599.95,0
36550,90.91,601.18,0
36561,90.91,598.74,0
36573,83.33,597.61,0
36584,90.91,593.87,0
36596,90.91,596.17,0
36608,76.92,600.69,0
36619,90.91,596.55,0
36630,90.91,598.40,0
36641,90.91,599.74,0
36653,83.33,597.15,0
36665,83.33,601.27,0
36676,90.91,602.27,0
36687,90.91,598.49,0
36699,83.33,597.39,0
36710,90.91,596.04,0
36721,90.91,600.02,0
36733,83.33,603.21,0
36745,83.33,599.84,0
36756,90.91,597.01,0
36767,90.91,595.92,0
36779,83.33,598.50,0
36790,90.91,601.22,0
36802,83.33,600.54,0
36813,90.91,598.02,0
36825,83.33,595.35,0
36836,90.91,596.51,0
36847,90.91,602.88,0
36858,90.91,599.32,0
36871,76.92,595.89,0
36882,90.91,597.55,0
36893,90.91,597.64,0
36904,90.91,596.88,0
36916,83.33,600.01,0
36928,90.91,600.70,0
36939,83.33,594.73,0
36951,83.33,594.24,0
36962,90.91,599.74,0
36973,90.91,602.31,0
36984,90.91,600.87,0
36997,76.92,600.06,0
37008,90.91,595.86,0
37019,90.91,596.67,0
37030,90.91,602.22,0
37042,83.33,603.58,0
37053,90.91,602.15,0
37065,83.33,599.86,0
37076,90.91,598.49,0
37088,83.33,596.93,0
37099,90.91,598.91,0
37110,90.91,601.08,0
37122,83.33,595.92,0
37134,83.33,594.16,0
37145,90.91,595.21,0
37156,90.91,597.91,0
37168,83.33,600.01,0
37179,90.91,597.79,0
37190,90.91,594.51,0
37202,83.33,593.62,0
37214,83.33,598.03,0
37225,90.91,600.83,0
37236,90.91,600.19,0
37248,83.33,598.42,0
37260,90.91,596.60,0
37271,83.33,598.07,0
37282,90.91,599.47,0
37294,83.33,601.53,0
37305,90.91,598.37,0
37316,90.91,594.58,0
37328,83.33,597.47,0
37340,83.33,596.10,0
37351,90.91,599.08,0
37362,90.91,601.79,0
37373,90.91,597.24,0
37385,83.33,598.34,0
37397,83.33,596.81,0
37408,90.91,598.11,0
37420,83.33,600.09,0
37431,90.91,596.95,0
37442,90.91,595.27,0
37453,90.91,595.99,0
37466,76.92,597.15,0
37477,90.91,600.96,0
37488,90.91,600.47,0
37499,90.91,597.70,0
37511,83.33,597.43,0
37522,90.91,600.06,0
37534,83.33,601.34,0
37545,90.91,602.02,0
37557,83.33,598.12,0
37568,90.91,596.84,0
37579,90.91,596.40,0
37592,83.33,598.83,0
37603,83.33,601.35,0
37614,90.91,599.84,0
37625,90.91,597.42,0
37637,83.33,597.11,0
37648,90.91,599.00,0
37660,83.33,602.08,0
37671,90.91,603.32,0
37683,83.33,600.61,0
37694,90.91,600.61,0
37705,90.91,596.34,0
37716,90.91,594.69,0
37729,76.92,599.35,0
37740,90.91,597.75,0
37751,90.91,598.56,0
37763,83.33,596.78,0
37774,90.91,596.57,0
37785,90.91,598.68,0
37797,83.33,598.58,0
37809,83.33,598.53,0
37820,90.91,596.80,0
37831,90.91,595.29,0
37842,90.91,601.16,0
37854,83.33,601.40,0
37866,83.33,598.01,0
37877,90.91,596.01,0
37889,83.33,597.66,0
37900,90.91,599.13,0
37911,90.91,600.70,0
37923,90.91,599.17,0
37935,76.92,594.01,0
37946,90.91,597.20,0
37957,90.91,599.00,0
37968,90.91,599.57,0
37980,83.33,601.23,0
37992,83.33,595.54,0
38003,90.91,599.22,0
38014,90.91,596.19,0
38026,83.33,596.74,0
38037,90.91,602.01,0
38048,90.91,598.49,0
38061,76.92,598.46,0
38072,90.91,600.36,0
38083,90.91,600.97,0
38094,90.91,600.04,0
38106,83.33,599.07,0
38117,90.91,595.18,0
38129,83.33,593.18,0
38140,90.91,598.10,0
38152,83.33,603.37,0
38163,90.91,602.04,0
38174,90.91,596.84,0
38185,90.91,595.67,0
38198,76.92,597.31,0
38209,90.91,597.21,0
38220,90.91,599.70,0
38232,83.33,600.51,0
38243,90.91,597.27,0
38255,90.91,595.21,0
38266,83.33,600.17,0
38278,83.33,605.96,0
38289,90.91,601.49,0
38300,90.91,598.79,0
38311,90.91,595.64,0
38324,76.92,592.84,0
38335,90.91,595.55,0
38346,90.91,598.16,0
38358,83.33,597.99,0
38369,90.91,597.17,0
38380,90.91,597.19,0
38392,83.33,598.07,0
38404,83.33,601.36,0
38415,90.91,600.33,0
38426,90.91,600.13,0
38437,90.91,593.72,0
38449,83.33,594.54,0
38461,83.33,602.03,0
38472,90.91,602.81,0
38483,90.91,599.57,0
38495,83.33,596.68,0
38506,90.91,597.72,0
38517,90.91,596.86,0
38530,76.92,598.83,0
38541,90.91,605.04,0
38552,90.91,601.95,0
38563,90.91,598.88,0
38575,83.33,599.59,0
38587,90.91,601.13,0
38598,83.33,603.12,0
38609,90.91,603.58,0
38621,83.33,599.57,0
38632,90.91,596.41,0
38643,90.91,597.72,0
38656,76.92,600.29,0
38667,90.91,599.09,0
38678,90.91,598.90,0
38689,90.91,598.98,0
38701,83.33,597.91,0
38712,90.91,598.65,0
38724,83.33,602.58,0
38735,90.91,601.58,0
38747,83.33,598.32,0
38758,90.91,597.38,0
38769,90.91,597.97,0
38780,90.91,598.30,0
38793,76.92,597.71,0
38804,90.91,597.03,0
38815,90.91,596.79,0
38827,83.33,598.21,0
38838,90.91,598.73,0
38849,90.91,597.12,0
38861,83.33,594.68,0
38873,83.33,596.19,0
38884,90.91,596.61,0
38895,90.91,599.15,0
38906,90.91,600.59,0
38919,83.33,601.07,0
38930,83.33,600.95,0
38941,90.91,597.86,0
38952,90.91,597.99,0
38964,83.33,600.54,0
38975,90.91,597.53,0
38987,83.33,597.76,0
38999,83.33,600.06,0
39010,90.91,603.14,0
39021,90.91,603.36,0
39032,90.91,602.90,0
39044,83.33,599.29,0
39056,83.33,598.73,0
39067,90.91,596.99,0
39078,90.91,600.30,0
39090,83.33,600.98,0
39101,90.91,599.56,0
39112,90.91,598.58,0
39124,83.33,598.47,0
39136,83.33,600.10,0
39147,90.91,602.65,0
39158,90.91,598.08,0
39170,83.33,596.80,0
39181,90.91,598.19,0
39193,83.33,599.61,0
39204,90.91,601.15,0
39216,83.33,597.05,0
39227,90.91,594.33,0
39238,90.91,594.61,0
39250,90.91,596.36,0
39262,76.92,600.60,0
39273,90.91,599.91,0
39284,90.91,598.42,0
39296,83.33,598.10,0
39307,90.91,600.50,0
39319,83.33,602.28,0
39330,90.91,601.04,0
39342,83.33,601.52,0
39353,90.91,596.94,0
39364,90.91,597.34,0
39375,90.91,593.61,0
39388,76.92,596.94,0
39399,90.91,598.02,0
39410,90.91,598.08,0
39421,90.91,600.19,0
39433,83.33,598.69,0
39444,90.91,602.04,0
39456,83.33,602.12,0
39468,83.33,597.91,0
39479,90.91,597.56,0
39490,90.91,598.74,0
39501,90.91,600.88,0
39513,83.33,602.73,0
39525,83.33,602.40,0
39536,90.91,598.66,0
39547,90.91,596.97,0
39559,83.33,595.11,0
39570,90.91,597.00,0
39582,90.91,599.43,0
39593,83.33,596.47,0
39605,83.33,598.62,0
39616,90.91,599.28,0
39627,90.91,598.72,0
39639,83.33,599.40,0
39651,83.33,598.18,0
39662,90.91,595.02,0
39673,90.91,593.50,0
39685,83.33,592.33,0
39696,90.91,597.31,0
39707,90.91,600.93,0
39719,83.33,597.08,0
39731,83.33,598.17,0
39742,90.91,596.58,0
39753,90.91,596.83,0
39764,90.91,599.57,0
39776,83.33,599.65,0
39788,83.33,600.03,0
39799,90.91,596.52,0
39811,83.33,598.59,0
39822,90.91,603.08,0
39833,90.91,600.57,0
39845,90.91,596.86,0
39857,76.92,597.18,0
39868,90.91,599.59,0
39879,90.91,601.35,0
39890,90.91,599.00,0
39902,83.33,600.36,0
39914,83.33,598.08,0
39925,90.91,598.28,0
39937,83.33,601.96,0
39948,90.91,600.29,0
39959,90.91,599.58,0
39970,90.91,598.10,0
39983,76.92,597.84,0
39994,90.91,598.55,0
40005,90.91,600.96,0
40016,90.91,601.95,0
40028,83.33,598.41,0
40039,90.91,596.45,0
40051,83.33,597.35,0
40062,90.91,600.10,0
40074,83.33,598.47,0
40085,90.91,599.45,0
40096,90.91,597.01,0
40108,83.33,597.42,0
40120,83.33,598.99,0
40131,90.91,598.56,0
40142,90.91,595.84,0
40154,83.33,595.26,0
40165,90.91,596.62,0
40177,90.91,597.26,0
40188,83.33,598.35,0
40200,83.33,598.44,0
40211,90.91,598.72,0
40222,90.91,597.98,0
40233,90.91,600.51,0
40246,76.92,602.30,0
40257,90.91,598.83,0
40268,90.91,601.06,0
40280,83.33,598.55,0
40291,90.91,595.64,0
40302,90.91,597.10,0
40314,83.33,599.36,0
40326,83.33,602.00,0
40337,90.91,599.40,0
40348,90.91,598.68,0
40359,90.91,601.12,0
40371,83.33,601.93,0
40383,83.33,598.19,0
40394,90.91,598.95,0
40406,83.33,597.84,0
40417,90.91,595.21,0
40428,90.91,597.42,0
40439,90.91,601.55,0
40452,76.92,603.09,0
40463,90.91,595.58,0
40474,90.91,594.29,0
40485,90.91,600.44,0
40497,83.33,600.38,0
40509,90.91,599.58,0
40520,83.33,601.80,0
40531,90.91,598.94,0
40543,83.33,597.16,0
40554,90.91,598.21,0
40565,90.91,601.16,0
40578,83.33,601.29,0
40589,90.91,596.77,0
40600,90.91,597.42,0
40611,90.91,594.68,0
40623,83.33,595.91,0
40634,90.91,606.24,0
40646,83.33,603.35,0
40657,90.91,594.25,0
40669,83.33,594.48,0
40680,90.91,604.52,0
40691,90.91,603.91,0
40702,90.91,599.35,0
40715,76.92,599.71,0
40726,90.91,598.75,0
40737,90.91,596.37,0
40749,83.33,601.40,0
40760,90.91,607.58,0
40771,90.91,598.69,0
40783,83.33,596.94,0
40795,83.33,600.46,0
40806,90.91,597.60,0
40817,90.91,599.90,0
40828,90.91,605.53,0
40841,83.33,597.73,0
40852,83.33,590.71,0
40863,90.91,600.58,0
40875,83.33,606.18,0
40886,90.91,599.50,0
40897,90.91,594.23,0
40909,83.33,596.32,0
40921,83.33,594.90,0
40932,90.91,594.82,0
40943,90.91,604.00,0
40954,90.91,604.34,0
40966,83.33,598.00,0
40978,83.33,596.51,0
40989,90.91,598.81,0
41000,90.91,601.87,0
41012,83.33,601.95,0
41023,90.91,601.34,0
41034,90.91,597.35,0
41047,76.92,597.33,0
41058,90.91,605.11,0
41069,90.91,605.78,0
41080,90.91,598.53,0
41092,83.33,598.96,0
41103,90.91,598.16,0
41115,83.33,598.94,0
41126,90.91,599.33,0
41138,83.33,599.68,0
41149,90.91,597.31,0
41160,90.91,595.84,0
41172,90.91,595.67,0
41184,76.92,597.61,0
41195,90.91,605.17,0
41206,90.91,601.51,0
41218,83.33,596.01,0
41229,90.91,596.66,0
41241,83.33,601.25,0
41252,90.91,604.03,0
41264,83.33,599.96,0
41275,90.91,601.66,0
41286,90.91,599.82,0
41297,90.91,597.31,0
41310,76.92,602.13,0
41321,90.91,604.25,0
41332,90.91,596.70,0
41344,83.33,597.25,0
41355,90.91,600.47,0
41366,90.91,601.93,0
41378,83.33,601.02,0
41390,83.33,603.01,0
41401,90.91,598.35,0
41412,90.91,593.70,0
41423,90.91,596.05,0
41436,83.33,607.19,0
41447,83.33,603.98,0
41458,90.91,599.22,0
41469,90.91,601.02,0
41481,83.33,596.07,0
41492,90.91,598.89,0
41504,83.33,602.60,0
41516,83.33,597.17,0
41527,90.91,594.45,0
41538,90.91,593.53,0
41549,90.91,599.73,0
41561,83.33,602.03,0
41573,83.33,600.07,0
41584,90.91,598.79,0
41595,90.91,594.84,0
41607,83.33,592.71,0
41618,90.91,599.60,0
41629,90.91,604.05,0
41641,83.33,598.80,0
41653,83.33,596.97,0
41664,90.91,594.20,0
41675,90.91,596.46,0
41687,83.33,600.96,0
41698,90.91,601.53,0
41710,83.33,598.36,0
41721,90.91,594.72,0
41733,83.33,598.45,0
41744,90.91,601.61,0
41755,90.91,599.66,0
41767,90.91,596.63,0
41779,76.92,597.58,0
41790,90.91,599.57,0
41801,90.91,601.00,0
41812,90.91,600.50,0
41824,83.33,598.79,0
41836,83.33,599.39,0
41847,90.91,592.90,0
41859,83.33,595.88,0
41870,90.91,600.34,0
41881,90.91,599.72,0
41892,90.91,599.18,0
41905,76.92,598.20,0
41916,90.91,597.72,0
41927,90.91,597.14,0
41938,90.91,601.76,0
41950,83.33,600.71,0
41961,90.91,594.44,0
41973,83.33,598.56,0
41985,83.33,601.50,0
41996,90.91,598.80,0
42007,90.91,598.31,0
42018,90.91,598.68,0
42030,83.33,596.59,0
42042,83.33,596.00,0
42053,90.91,600.28,0
42064,90.91,598.65,0
42076,83.33,595.66,0
42087,90.91,598.91,0
42099,90.91,600.04,0
42110,83.33,597.91,0
42122,83.33,599.37,0
42133,90.91,597.58,0
42144,90.91,593.27,0
42156,83.33,593.67,0
42168,83.33,600.62,0
42179,90.91,598.85,0
42190,90.91,597.37,0
42202,83.33,599.94,0
42213,90.91,599.18,0
42224,90.91,599.42,0
42236,83.33,596.74,0
42248,83.33,599.41,0
