66,15.15,604.85,0
77,90.91,607.15,0
89,83.33,603.30,0
100,90.91,600.81,0
111,90.91,602.92,0
123,83.33,601.99,0
135,83.33,600.15,0
146,90.91,605.04,0
157,90.91,606.27,0
168,90.91,604.63,0
180,83.33,606.62,0
192,83.33,606.76,0
203,90.91,600.58,0
215,83.33,595.61,0
226,90.91,601.52,0
237,90.91,608.97,0
249,90.91,608.05,0
261,76.92,607.87,0
272,90.91,603.78,0
283,90.91,596.27,0
294,90.91,595.96,0
306,83.33,606.03,0
318,83.33,608.46,0
329,90.91,604.73,0
340,90.91,601.05,0
352,83.33,601.41,0
363,90.91,598.57,0
374,90.91,600.08,0
387,76.92,602.65,0
398,90.91,605.83,0
409,90.91,603.39,0
420,90.91,602.20,0
432,83.33,601.84,0
443,90.91,601.43,0
455,83.33,598.32,0
466,90.91,602.84,0
478,83.33,607.90,0
489,90.91,607.33,0
500,90.91,605.62,0
512,83.33,603.86,0
524,83.33,600.27,0
535,90.91,597.08,0
546,90.91,601.61,0
558,83.33,610.89,0
569,90.91,609.26,0
581,90.91,604.10,0
592,83.33,602.72,0
604,83.33,601.14,0
615,90.91,598.54,0
626,90.91,601.87,0
637,90.91,606.41,0
650,76.92,606.30,0
661,90.91,600.09,0
672,90.91,602.88,0
684,83.33,600.41,0
695,90.91,597.96,0
706,90.91,598.95,0
718,83.33,604.60,0
730,83.33,604.80,0
741,90.91,606.57,0
752,90.91,606.96,0
763,90.91,602.01,0
775,83.33,596.76,0
787,83.33,600.98,0
798,90.91,606.81,0
809,90.91,609.24,0
821,83.33,605.42,0
832,90.91,603.04,0
843,90.91,597.77,0
856,76.92,597.89,0
867,90.91,602.50,0
878,90.91,607.22,0
889,90.91,605.97,0
901,83.33,602.46,0
913,90.91,599.93,0
924,83.33,599.85,0
935,90.91,599.13,0
947,83.33,600.12,0
958,90.91,599.76,0
969,90.91,603.63,0
982,76.92,604.22,0
993,90.91,604.48,0
1004,90.91,602.62,0
1015,90.91,599.92,0
1027,83.33,597.17,0
1038,90.91,602.37,0
1050,83.33,609.71,0
1061,90.91,608.26,0
1073,83.33,605.10,0
1084,90.91,600.75,0
1095,90.91,596.23,0
1106,90.91,598.07,0
1119,76.92,608.14,0
1130,90.91,613.73,0
1141,90.91,603.71,0
1153,83.33,600.49,0
1164,90.91,602.23,0
1175,90.91,601.77,0
1187,83.33,601.74,0
1199,83.33,604.14,0
1210,90.91,601.90,0
1221,90.91,600.66,0
1232,90.91,605.28,0
1244,83.33,604.37,0
1256,83.33,598.06,0
1267,90.91,595.90,0
1278,90.91,599.72,0
1290,83.33,603.34,0
1301,90.91,603.39,0
1313,90.91,603.50,0
1325,76.92,599.67,0
1336,90.91,595.97,0
1347,90.91,598.04,0
1358,90.91,603.07,0
1370,83.33,605.56,0
1382,83.33,602.91,0
1393,90.91,602.54,0
1404,90.91,600.76,0
1416,83.33,599.52,0
1427,90.91,602.43,0
1438,90.91,605.38,0
1451,76.92,605.47,0
1462,90.91,601.09,0
1473,90.91,602.21,0
1484,90.91,605.34,0
1496,83.33,600.80,0
1507,90.91,596.39,0
1519,83.33,601.78,0
1530,90.91,608.64,0
1542,83.33,607.75,0
1553,90.91,605.20,0
1564,90.91,601.35,0
1575,90.91,596.70,0
1588,76.92,595.36,0
1599,90.91,603.83,0
1610,90.91,606.93,0
1622,83.33,605.90,0
1633,90.91,602.41,0
1645,90.91,600.40,0
1656,83.33,599.86,0
1668,83.33,602.08,0
1679,90.91,604.19,0
1690,90.91,605.25,0
1701,90.91,602.17,0
1714,76.92,600.79,0
1725,90.91,604.06,0
1736,90.91,603.34,0
1747,90.91,599.39,0
1759,83.33,601.33,0
1770,90.91,605.81,0
1782,83.33,603.00,0
1794,83.33,605.67,0
1805,90.91,605.34,0
1816,90.91,600.68,0
1827,90.91,595.43,0
1839,83.33,597.16,0
1851,83.33,608.10,0
1862,90.91,607.25,0
1873,90.91,603.62,0
1885,83.33,601.08,0
1896,90.91,598.02,0
1907,90.91,599.83,0
1920,76.92,604.90,0
1931,90.91,609.22,0
1942,90.91,604.97,0
1953,90.91,603.69,0
1965,83.33,604.09,0
1977,90.91,600.81,0
1988,83.33,599.95,0
1999,90.91,603.79,0
2011,83.33,606.05,0
2022,90.91,604.16,0
2033,90.91,604.93,0
2045,90.91,609.15,0
2057,83.33,603.05,0
2068,90.91,595.13,0
2079,90.91,599.71,0
2091,83.33,603.54,0
2102,90.91,604.11,0
2114,83.33,604.45,0
2125,90.91,601.91,0
2137,83.33,597.37,0
2148,90.91,600.17,0
2159,90.91,604.79,0
2170,90.91,607.77,0
2183,76.92,607.96,0
2194,90.91,604.52,0
2205,90.91,603.20,0
2216,90.91,604.02,0
2228,83.33,603.60,0
2239,90.91,601.73,0
2251,83.33,600.62,0
2263,83.33,603.89,0
2274,90.91,604.51,0
2285,90.91,604.65,0
2296,90.91,601.95,0
2308,83.33,596.80,0
2320,83.33,594.11,0
2331,90.91,603.95,0
2342,90.91,610.79,0
2354,83.33,607.33,0
2365,90.91,600.91,0
2377,90.91,597.44,0
2388,83.33,594.77,0
2400,83.33,597.69,0
2411,90.91,609.91,0
2422,90.91,612.29,0
2434,83.33,600.57,0
2446,83.33,597.75,0
2457,90.91,600.64,0
2468,90.91,600.86,0
2480,83.33,604.11,0
2491,90.91,606.29,0
2502,90.91,603.10,0
2514,83.33,601.14,0
2526,83.33,604.40,0
2537,90.91,603.80,0
2548,90.91,598.42,0
2560,83.33,597.46,0
2571,90.91,601.11,0
2583,83.33,599.82,0
2594,90.91,604.82,0
2606,83.33,611.45,0
2617,90.91,608.26,0
2628,90.91,600.23,0
2639,90.91,597.40,0
2652,76.92,604.40,0
2663,90.91,608.90,0
2674,90.91,610.61,0
2685,90.91,606.81,0
2697,83.33,598.22,0
2709,90.91,596.82,0
2720,83.33,599.14,0
2732,83.33,605.53,0
2743,90.91,606.78,0
2754,90.91,604.73,0
2765,90.91,601.56,0
2778,76.92,599.99,0
2789,90.91,600.56,0
2800,90.91,603.17,0
2811,90.91,605.06,0
2823,83.33,605.11,0
2834,90.91,603.83,0
2846,83.33,604.39,0
2857,90.91,605.25,0
2869,83.33,603.91,0
2880,90.91,597.28,0
2891,90.91,598.05,0
2903,83.33,606.30,0
2915,83.33,608.80,0
2926,90.91,606.00,0
2937,90.91,603.06,0
2949,83.33,595.75,0
2960,90.91,596.37,0
2971,90.91,605.10,0
2983,83.33,608.97,0
2995,83.33,606.94,0
3006,90.91,600.75,0
3017,90.91,600.19,0
3028,90.91,598.55,0
3041,83.33,596.70,0
3052,83.33,605.92,0
3063,90.91,606.92,0
3075,83.33,602.81,0
3086,90.91,603.18,0
3097,90.91,606.11,0
3109,83.33,602.49,0
3121,83.33,600.43,0
3132,90.91,601.44,0
3143,90.91,605.38,0
3154,90.91,606.93,0
3166,83.33,607.27,0
3178,83.33,605.56,0
3189,90.91,600.88,0
3201,83.33,598.47,0
3212,90.91,601.73,0
3223,90.91,610.73,0
3234,90.91,610.10,0
3247,76.92,605.02,0
3258,90.91,600.76,0
3269,90.91,598.05,0
3280,90.91,598.75,0
3292,83.33,602.55,0
3303,90.91,607.58,0
3315,83.33,605.18,0
3326,90.91,602.59,0
3338,83.33,602.91,0
3349,90.91,603.54,0
3360,90.91,600.15,0
3373,83.33,601.25,0
3384,83.33,604.68,0
3395,90.91,604.32,0
3406,90.91,603.69,0
3418,83.33,605.96,0
3429,90.91,603.94,0
3441,83.33,601.15,0
3452,90.91,599.38,0
3464,83.33,603.78,0
3475,90.91,604.88,0
3486,90.91,604.51,0
3497,90.91,601.39,0
3510,76.92,598.09,0
3521,90.91,597.35,0
3532,90.91,603.49,0
3544,83.33,610.18,0
3555,90.91,612.56,0
3566,90.91,604.29,0
3578,83.33,600.77,0
3590,83.33,601.18,0
3601,90.91,602.70,0
3612,90.91,602.79,0
3623,90.91,606.11,0
3635,83.33,604.11,0
3647,83.33,602.14,0
3658,90.91,600.85,0
3670,83.33,603.65,0
3681,90.91,600.40,0
3692,90.91,599.05,0
3704,90.91,603.48,0
3716,76.92,605.46,0
3727,90.91,605.84,0
3738,90.91,606.66,0
3749,90.91,603.07,0
3761,83.33,596.92,0
3773,83.33,596.83,0
3784,90.91,605.33,0
3795,90.91,607.73,0
3807,83.33,605.24,0
3818,90.91,606.10,0
3829,90.91,601.78,0
3842,76.92,600.35,0
3853,90.91,603.90,0
3864,90.91,608.84,0
3875,90.91,606.78,0
3887,83.33,601.11,0
3898,90.91,603.51,0
3910,83.33,603.86,0
3921,90.91,601.80,0
3933,83.33,602.00,0
3944,90.91,607.38,0
3955,90.91,605.79,0
3966,90.91,604.60,0
3979,76.92,605.81,0
3990,90.91,602.62,0
4001,90.91,599.58,0
4013,83.33,600.85,0
4024,90.91,605.90,0
4036,90.91,607.89,0
4047,83.33,606.11,0
4059,83.33,603.37,0
4070,90.91,598.67,0
4081,90.91,594.84,0
4092,90.91,598.30,0
4105,76.92,604.19,0
4116,90.91,603.09,0
4127,90.91,601.98,0
4139,83.33,603.00,0
4150,90.91,602.41,0
4161,90.91,597.90,0
4173,83.33,598.81,0
4185,83.33,604.76,0
4196,90.91,605.79,0
4207,90.91,603.46,0
4218,90.91,602.28,0
4230,83.33,600.94,0
4242,83.33,595.44,0
4253,90.91,598.19,0
4264,90.91,604.56,0
4276,83.33,606.95,0
4287,90.91,605.15,0
4298,90.91,603.31,0
4311,76.92,601.94,0
4322,90.91,599.04,0
4333,90.91,598.20,0
4344,90.91,607.37,0
4356,83.33,608.78,0
4367,90.91,599.60,0
4379,83.33,601.47,0
4390,90.91,601.35,0
4402,83.33,595.70,0
4413,90.91,599.09,0
4424,90.91,604.90,0
4436,90.91,605.37,0
4448,76.92,603.29,0
4459,90.91,605.44,0
4470,90.91,603.91,0
4482,83.33,601.78,0
4493,90.91,600.04,0
4505,83.33,604.61,0
4516,90.91,608.34,0
4528,83.33,606.99,0
4539,90.91,606.36,0
4550,90.91,601.95,0
4561,90.91,597.25,0
4574,76.92,599.72,0
4585,90.91,606.76,0
4596,90.91,609.60,0
4608,83.33,607.35,0
4619,90.91,607.12,0
4630,90.91,603.10,0
4642,83.33,599.09,0
4654,83.33,598.60,0
4665,90.91,601.67,0
4676,90.91,605.18,0
4687,90.91,603.94,0
4699,83.33,604.06,0
4711,83.33,604.30,0
4722,90.91,600.85,0
4733,90.91,597.62,0
4745,83.33,603.89,0
4756,90.91,606.81,0
4768,90.91,605.93,0
4780,76.92,603.42,0
4791,90.91,601.38,0
4802,90.91,601.20,0
4813,90.91,600.21,0
4825,83.33,601.37,0
4837,90.91,603.94,0
4848,90.91,601.08,0
4859,90.91,601.41,0
4871,83.33,603.76,0
4882,90.91,602.26,0
4893,90.91,597.76,0
4905,83.33,598.77,0
4917,83.33,604.18,0
4928,90.91,607.64,0
4939,90.91,603.26,0
4951,83.33,599.15,0
4962,90.91,596.19,0
4974,83.33,594.05,0
4985,90.91,599.75,0
4997,83.33,611.00,0
5008,90.91,611.21,0
5019,90.91,604.12,0
5030,90.91,599.60,0
5043,76.92,597.88,0
5054,90.91,600.83,0
5065,90.91,605.52,0
5076,90.91,607.88,0
5088,83.33,605.09,0
5099,90.91,599.93,0
5111,83.33,601.18,0
5123,83.33,603.11,0
5134,90.91,599.38,0
5145,90.91,602.58,0
5156,90.91,609.46,0
5169,83.33,609.26,0
5180,83.33,606.31,0
5191,90.91,605.54,0
5202,90.91,600.92,0
5214,83.33,598.79,0
5225,90.91,604.51,0
5237,83.33,610.18,0
5249,83.33,610.06,0
5260,90.91,606.03,0
5271,90.91,601.66,0
5282,90.91,599.82,0
5294,83.33,597.19,0
5306,83.33,600.77,0
5317,90.91,607.30,0
5328,90.91,607.69,0
5340,83.33,605.86,0
5351,90.91,605.60,0
5362,90.91,600.03,0
5374,83.33,597.73,0
5386,83.33,600.46,0
5397,90.91,604.12,0
5408,90.91,603.22,0
5420,83.33,603.31,0
5431,90.91,604.41,0
5443,83.33,600.50,0
5454,90.91,596.39,0
5466,83.33,601.05,0
5477,90.91,606.62,0
5488,90.91,609.67,0
5500,90.91,605.82,0
5512,76.92,600.23,0
5523,90.91,599.36,0
5534,90.91,598.05,0
5545,90.91,598.45,0
5557,83.33,606.28,0
5569,83.33,605.54,0
5580,90.91,598.43,0
5592,83.33,596.61,0
5603,90.91,598.94,0
5614,90.91,597.48,0
5625,90.91,602.53,0
5638,76.92,605.73,0
5649,90.91,604.72,0
5660,90.91,604.08,0
5671,90.91,607.67,0
5683,83.33,605.58,0
5694,90.91,599.87,0
5706,83.33,598.50,0
5718,83.33,602.33,0
5729,90.91,604.43,0
5740,90.91,604.24,0
5751,90.91,605.28,0
5763,83.33,601.75,0
5775,83.33,596.61,0
5786,90.91,600.66,0
5797,90.91,609.35,0
5809,83.33,608.94,0
5820,90.91,605.04,0
5831,90.91,604.00,0
5843,83.33,601.43,0
5855,83.33,596.85,0
5866,90.91,603.13,0
5877,90.91,608.04,0
5889,83.33,606.30,0
5901,90.91,603.41,0
5912,83.33,602.12,0
5923,90.91,600.43,0
5935,83.33,599.16,0
5946,90.91,601.36,0
5957,90.91,603.46,0
5969,83.33,606.73,0
5981,83.33,606.81,0
5992,90.91,606.92,0
6003,90.91,602.72,0
6014,90.91,595.66,0
6026,83.33,595.33,0
6038,83.33,604.14,0
6049,90.91,607.94,0
6061,83.33,609.68,0
6072,90.91,605.27,0
6083,90.91,599.25,0
6094,90.91,597.26,0
6107,76.92,599.27,0
6118,90.91,606.40,0
6129,90.91,606.70,0
6140,90.91,603.23,0
6152,83.33,600.54,0
6163,90.91,600.74,0
6175,83.33,600.73,0
6187,83.33,600.24,0
6198,90.91,602.21,0
6209,90.91,605.55,0
6220,90.91,605.38,0
6233,83.33,607.79,0
6244,83.33,607.78,0
6255,90.91,601.21,0
6266,90.91,598.45,0
6278,83.33,600.71,0
6289,90.91,606.93,0
6301,83.33,607.65,0
6312,90.91,602.80,0
6324,83.33,595.79,0
6335,90.91,594.86,0
6346,90.91,599.72,0
6358,83.33,606.00,0
6370,83.33,609.72,0
6381,90.91,605.01,0
6392,90.91,599.19,0
6404,83.33,602.37,0
6415,90.91,601.39,0
6426,90.91,601.38,0
6438,83.33,602.37,0
6450,83.33,605.25,0
6461,90.91,604.36,0
6472,90.91,601.96,0
6483,90.91,602.57,0
6495,83.33,600.20,0
6507,83.33,596.67,0
6518,90.91,598.97,0
6530,83.33,609.69,0
6541,90.91,611.44,0
6552,90.91,604.02,0
6564,90.91,600.92,0
6576,76.92,597.49,0
6587,90.91,597.21,0
6598,90.91,605.62,0
6609,90.91,609.11,0
6621,83.33,605.23,0
6633,83.33,598.28,0
6644,90.91,600.49,0
6656,83.33,597.70,0
6667,90.91,597.83,0
6678,90.91,605.52,0
6689,90.91,609.86,0
6702,76.92,607.00,0
6713,90.91,602.66,0
6724,90.91,603.49,0
6735,90.91,602.55,0
6747,83.33,597.96,0
6758,90.91,597.50,0
6770,83.33,601.98,0
6781,90.91,606.35,0
6793,83.33,603.58,0
6804,90.91,604.88,0
6815,90.91,600.51,0
6827,83.33,595.49,0
6839,83.33,600.71,0
6850,90.91,604.96,0
6861,90.91,604.32,0
6873,83.33,604.40,0
6884,90.91,602.18,0
6895,90.91,598.39,0
6907,83.33,599.15,0
6919,83.33,599.96,0
6930,90.91,602.65,0
6941,90.91,603.35,0
6952,90.91,600.44,0
6965,76.92,602.03,0
6976,90.91,603.15,0
6987,90.91,600.48,0
6999,83.33,601.44,0
7010,90.91,606.34,0
7021,90.91,607.38,0
7033,83.33,606.43,0
7045,83.33,604.22,0
7056,90.91,602.47,0
7067,90.91,599.12,0
7078,90.91,599.17,0
7090,83.33,606.69,0
7102,83.33,607.86,0
7113,90.91,603.24,0
7124,90.91,605.09,0
7136,83.33,605.18,0
7147,90.91,600.29,0
7158,90.91,597.52,0
7171,76.92,603.55,0
7182,90.91,606.05,0
7193,90.91,602.14,0
7204,90.91,601.78,0
7216,83.33,602.37,0
7227,90.91,598.35,0
7239,83.33,597.45,0
7250,90.91,604.38,0
7262,83.33,608.27,0
7273,90.91,607.12,0
7284,90.91,605.61,0
7297,83.33,598.36,0
7308,83.33,593.13,0
7319,90.91,599.01,0
7330,90.91,608.12,0
7342,83.33,607.18,0
7353,90.91,602.61,0
7365,83.33,601.78,0
7376,90.91,602.24,0
7388,83.33,600.65,0
7399,90.91,603.51,0
7410,90.91,605.96,0
7421,90.91,604.84,0
7434,76.92,602.49,0
7445,90.91,607.43,0
7456,90.91,604.50,0
7468,83.33,602.56,0
7479,90.91,600.58,0
7490,90.91,598.64,0
7502,83.33,606.50,0
7514,83.33,610.43,0
7525,90.91,604.47,0
7536,90.91,599.41,0
7547,90.91,597.47,0
7559,83.33,595.79,0
7571,83.33,601.45,0
7582,90.91,608.57,0
7593,90.91,608.61,0
7605,83.33,601.11,0
7616,90.91,601.24,0
7627,90.91,597.05,0
7640,76.92,596.21,0
7651,90.91,603.90,0
7662,90.91,607.80,0
7673,90.91,605.22,0
7685,83.33,602.45,0
7697,90.91,601.47,0
7708,83.33,600.24,0
7719,90.91,598.32,0
7731,83.33,601.10,0
7742,90.91,605.83,0
7753,90.91,604.72,0
7766,76.92,602.26,0
7777,90.91,606.42,0
7788,90.91,604.83,0
7799,90.91,600.13,0
7811,83.33,604.80,0
7822,90.91,609.45,0
7834,83.33,608.11,0
7845,90.91,605.92,0
7857,83.33,602.50,0
7868,90.91,599.30,0
7879,90.91,598.49,0
7890,90.91,604.12,0
7903,76.92,606.06,0
7914,90.91,603.24,0
7925,90.91,601.00,0
7937,83.33,603.30,0
7948,90.91,602.07,0
7959,90.91,599.70,0
7971,83.33,602.34,0
7983,83.33,606.82,0
7994,90.91,605.74,0
8005,90.91,604.16,0
8016,90.91,605.41,0
8028,83.33,598.93,0
8040,83.33,598.78,0
8051,90.91,599.74,0
8062,90.91,606.14,0
8074,83.33,608.15,0
8085,90.91,606.01,0
8097,90.91,606.06,0
8109,76.92,600.06,0
8120,90.91,598.15,0
8131,90.91,602.30,0
8142,90.91,608.87,0
8154,83.33,608.41,0
8166,83.33,606.84,0
8177,90.91,604.04,0
8188,90.91,598.86,0
8200,83.33,597.50,0
8211,90.91,601.62,0
8222,90.91,606.46,0
8235,76.92,605.40,0
8246,90.91,601.46,0
8257,90.91,601.08,0
8268,90.91,600.42,0
8280,83.33,601.83,0
8291,90.91,602.75,0
8303,83.33,604.38,0
8314,90.91,604.91,0
8326,83.33,602.41,0
8337,90.91,604.85,0
8348,90.91,606.87,0
8359,90.91,601.93,0
8372,76.92,597.59,0
8383,90.91,600.30,0
8394,90.91,603.57,0
8406,83.33,605.06,0
8417,90.91,607.01,0
8428,90.91,601.72,0
8440,83.33,595.14,0
8452,83.33,598.96,0
8463,90.91,608.27,0
8474,90.91,611.51,0
8485,90.91,606.48,0
8498,83.33,601.08,0
8509,83.33,594.90,0
8520,90.91,594.65,0
8531,90.91,602.74,0
8543,83.33,610.54,0
8554,90.91,605.86,0
8566,83.33,598.72,0
8578,83.33,598.35,0
8589,90.91,601.93,0
8600,90.91,600.49,0
8611,90.91,603.41,0
8623,83.33,605.77,0
8635,83.33,604.19,0
8646,90.91,604.45,0
8657,90.91,604.55,0
8669,83.33,604.12,0
8680,90.91,599.48,0
8691,90.91,598.25,0
8704,76.92,601.94,0
8715,90.91,605.31,0
8726,90.91,608.05,0
8737,90.91,608.25,0
8749,83.33,603.07,0
8760,90.91,597.51,0
8772,83.33,600.54,0
8783,90.91,605.89,0
8795,83.33,607.94,0
8806,90.91,606.61,0
8817,90.91,599.32,0
8829,90.91,597.26,0
8841,76.92,597.31,0
8852,90.91,604.26,0
8863,90.91,605.24,0
8875,83.33,604.80,0
8886,90.91,602.37,0
8898,83.33,604.19,0
8909,90.91,605.86,0
8921,83.33,603.08,0
8932,90.91,598.07,0
8943,90.91,601.71,0
8954,90.91,605.27,0
8967,76.92,606.23,0
8978,90.91,606.62,0
8989,90.91,604.36,0
9000,90.91,595.67,0
9012,83.33,594.29,0
9023,90.91,603.47,0
9035,83.33,607.51,0
9047,83.33,608.04,0
9058,90.91,604.74,0
9069,90.91,601.29,0
9080,90.91,596.51,0
9092,83.33,599.37,0
9104,83.33,608.70,0
9115,90.91,608.89,0
9126,90.91,601.43,0
9138,83.33,599.55,0
9149,90.91,601.46,0
9160,90.91,604.53,0
9172,83.33,604.45,0
9184,83.33,602.95,0
9195,90.91,600.26,0
9206,90.91,600.36,0
9218,83.33,608.27,0
9230,90.91,608.66,0
9241,83.33,601.20,0
9252,90.91,595.88,0
9264,83.33,598.05,0
9275,90.91,604.95,0
9286,90.91,608.45,0
9298,83.33,606.74,0
9310,83.33,598.52,0
9321,90.91,595.16,0
9332,90.91,598.79,0
9344,83.33,604.36,0
9355,90.91,608.18,0
9367,83.33,607.94,0
9378,90.91,599.81,0
9390,83.33,598.73,0
9401,90.91,600.07,0
9412,90.91,603.57,0
9423,90.91,604.40,0
9436,76.92,606.21,0
9447,90.91,603.13,0
9458,90.91,601.70,0
9469,90.91,604.18,0
9481,83.33,604.77,0
9492,90.91,599.52,0
9504,83.33,599.53,0
9516,83.33,602.78,0
9527,90.91,607.84,0
9538,90.91,608.43,0
9549,90.91,607.51,0
9562,83.33,599.22,0
9573,83.33,594.16,0
9584,90.91,599.47,0
9595,90.91,605.82,0
9607,83.33,607.41,0
9618,90.91,604.14,0
9630,83.33,601.94,0
9641,90.91,599.59,0
9653,83.33,598.01,0
9664,90.91,605.09,0
9675,90.91,607.79,0
9687,83.33,604.98,0
9699,83.33,603.70,0
9710,90.91,601.93,0
9721,90.91,599.35,0
9733,83.33,597.35,0
9744,90.91,600.39,0
9755,90.91,603.57,0
9767,83.33,602.62,0
9779,83.33,599.95,0
9790,90.91,605.49,0
9801,90.91,604.37,0
9812,90.91,599.37,0
9824,83.33,598.16,0
9836,83.33,604.78,0
9847,90.91,602.32,0
9859,83.33,601.03,0
9870,90.91,603.89,0
9881,90.91,601.54,0
9892,90.91,598.65,0
9905,76.92,599.30,0
9916,90.91,605.64,0
9927,90.91,606.40,0
9938,90.91,605.13,0
9950,83.33,604.80,0
9962,90.91,603.36,0
9973,83.33,598.30,0
9985,83.33,602.29,0
9996,90.91,607.70,0
10007,90.91,605.81,0
10018,90.91,601.12,0
10031,76.92,602.30,0
10042,90.91,603.68,0
10053,90.91,601.90,0
10064,90.91,602.57,0
10076,83.33,607.60,0
10087,90.91,608.77,0
10099,83.33,605.47,0
10110,90.91,604.16,0
10122,83.33,600.11,0
10133,90.91,597.30,0
10144,90.91,600.19,0
10156,83.33,603.67,0
10168,83.33,604.89,0
10179,90.91,603.20,0
10190,90.91,603.59,0
10202,83.33,601.17,0
10213,90.91,599.24,0
10224,90.91,601.57,0
10236,83.33,606.38,0
10248,83.33,606.65,0
10259,90.91,604.56,0
10270,90.91,609.09,0
10281,90.91,604.27,0
10294,83.33,595.76,0
10305,83.33,595.90,0
10316,90.91,603.26,0
10328,83.33,606.91,0
10339,90.91,606.40,0
10350,90.91,603.90,0
10362,83.33,601.78,0
10374,83.33,598.85,0
10385,90.91,597.31,0
10396,90.91,600.43,0
10407,90.91,607.84,0
10419,83.33,605.33,0
10431,83.33,599.98,0
10442,90.91,597.43,0
10454,83.33,597.84,0
10465,90.91,600.17,0
10476,90.91,604.22,0
10487,90.91,610.32,0
10500,76.92,608.73,0
10511,90.91,604.39,0
10522,90.91,604.76,0
10533,90.91,601.01,0
10545,83.33,602.55,0
10556,90.91,604.00,0
10568,83.33,604.53,0
10579,90.91,604.14,0
10591,83.33,604.32,0
10602,90.91,605.54,0
10613,90.91,602.67,0
10625,83.33,598.81,0
10637,83.33,599.88,0
10648,90.91,605.40,0
10659,90.91,610.40,0
10671,83.33,604.96,0
10682,90.91,603.46,0
10694,90.91,600.09,0
10705,83.33,599.51,0
10717,83.33,602.37,0
10728,90.91,607.86,0
10739,90.91,605.64,0
10750,90.91,602.76,0
10763,76.92,602.05,0
10774,90.91,599.17,0
10785,90.91,599.02,0
10797,83.33,604.51,0
10808,90.91,607.73,0
10819,90.91,605.46,0
10831,83.33,604.14,0
10843,83.33,603.68,0
10854,90.91,600.68,0
10865,90.91,596.77,0
10876,90.91,598.84,0
10888,83.33,606.42,0
10900,83.33,607.53,0
10911,90.91,603.96,0
10923,83.33,604.71,0
10934,90.91,600.91,0
10945,90.91,597.53,0
10956,90.91,602.44,0
10969,76.92,605.71,0
10980,90.91,605.50,0
10991,90.91,606.80,0
11002,90.91,601.70,0
11014,83.33,596.54,0
11025,90.91,594.00,0
11037,83.33,598.54,0
11048,90.91,603.64,0
11060,83.33,604.22,0
11071,90.91,600.76,0
11082,90.91,601.27,0
11095,83.33,598.92,0
11106,83.33,598.32,0
11117,90.91,600.46,0
11128,90.91,608.25,0
11140,83.33,608.81,0
11151,90.91,603.46,0
11163,83.33,599.78,0
11174,90.91,597.35,0
11186,83.33,601.17,0
11197,90.91,602.89,0
11208,90.91,605.07,0
11219,90.91,606.42,0
11232,76.92,603.56,0
11243,90.91,603.04,0
11254,90.91,604.23,0
11266,83.33,603.88,0
11277,90.91,604.14,0
11288,90.91,604.81,0
11300,83.33,605.53,0
11312,83.33,602.47,0
11323,90.91,603.75,0
11334,90.91,602.33,0
11345,90.91,597.36,0
11357,83.33,598.00,0
11369,83.33,603.20,0
11380,90.91,605.16,0
11392,83.33,608.70,0
11403,90.91,606.48,0
11414,90.91,599.53,0
11426,90.91,597.29,0
11438,76.92,598.65,0
11449,90.91,607.10,0
11460,90.91,609.68,0
11471,90.91,601.99,0
11483,83.33,600.17,0
11495,83.33,598.74,0
11506,90.91,601.96,0
11517,90.91,606.61,0
11529,83.33,610.04,0
11540,90.91,605.55,0
11551,90.91,603.72,0
11564,76.92,603.85,0
11575,90.91,602.42,0
11586,90.91,603.32,0
11597,90.91,602.27,0
11609,83.33,601.99,0
11620,90.91,605.00,0
11632,83.33,603.37,0
11643,90.91,605.26,0
11655,83.33,603.91,0
11666,90.91,597.99,0
11677,90.91,593.51,0
11688,90.91,600.47,0
11701,76.92,606.85,0
11712,90.91,607.73,0
11723,90.91,604.59,0
11735,83.33,602.02,0
11746,90.91,597.34,0
11758,90.91,598.56,0
11769,83.33,606.28,0
11781,83.33,610.79,0
11792,90.91,606.03,0
11803,90.91,601.26,0
11814,90.91,603.12,0
11827,76.92,602.51,0
11838,90.91,601.78,0
11849,90.91,606.50,0
11860,90.91,608.91,0
11872,83.33,605.57,0
11883,90.91,603.40,0
11895,83.33,603.35,0
11907,83.33,600.82,0
11918,90.91,599.03,0
11929,90.91,604.06,0
11940,90.91,603.68,0
11952,83.33,603.10,0
11964,83.33,604.99,0
11975,90.91,604.96,0
11986,90.91,600.34,0
11998,83.33,599.73,0
12009,90.91,601.93,0
12020,90.91,606.63,0
12033,76.92,607.06,0
12044,90.91,602.44,0
12055,90.91,602.14,0
12066,90.91,601.07,0
12078,83.33,598.30,0
12089,90.91,600.92,0
12101,83.33,602.62,0
12112,90.91,603.21,0
12124,83.33,604.58,0
12135,90.91,606.18,0
12146,90.91,599.66,0
12158,90.91,597.13,0
12170,76.92,601.93,0
12181,90.91,608.46,0
12192,90.91,605.82,0
12204,83.33,604.82,0
12215,90.91,601.01,0
12227,83.33,596.50,0
12238,90.91,596.88,0
12250,83.33,601.63,0
12261,90.91,607.55,0
12272,90.91,605.95,0
12283,90.91,601.27,0
12296,76.92,601.54,0
12307,90.91,599.87,0
12318,90.91,599.98,0
12329,90.91,601.65,0
12341,83.33,604.03,0
12352,90.91,602.04,0
12364,83.33,604.26,0
12376,83.33,604.12,0
12387,90.91,601.03,0
12398,90.91,599.07,0
12409,90.91,599.36,0
12421,83.33,603.09,0
12433,83.33,607.30,0
12444,90.91,609.06,0
12455,90.91,607.12,0
12467,83.33,600.34,0
12478,90.91,597.09,0
12489,90.91,597.50,0
12502,76.92,606.03,0
12513,90.91,612.08,0
12524,90.91,608.27,0
12535,90.91,602.12,0
12547,83.33,596.99,0
12559,90.91,595.82,0
12570,83.33,602.05,0
12581,90.91,610.37,0
12593,83.33,608.99,0
12604,90.91,602.79,0
12615,90.91,601.24,0
12627,83.33,599.61,0
12639,83.33,599.26,0
12650,90.91,602.18,0
12661,90.91,604.92,0
12673,83.33,605.09,0
12684,90.91,601.15,0
12696,83.33,605.36,0
12707,90.91,604.61,0
12719,83.33,595.67,0
12730,90.91,597.07,0
12741,90.91,605.53,0
12752,90.91,610.06,0
12765,76.92,608.75,0
12776,90.91,607.78,0
12787,90.91,602.47,0
12798,90.91,594.26,0
12810,83.33,597.17,0
12821,90.91,606.22,0
12833,83.33,609.62,0
12845,83.33,605.68,0
12856,90.91,602.92,0
12867,90.91,602.32,0
12878,90.91,600.27,0
12891,83.33,604.00,0
12902,83.33,605.12,0
12913,90.91,604.71,0
12924,90.91,604.16,0
12936,83.33,607.03,0
12947,90.91,604.96,0
12959,90.91,597.19,0
12971,76.92,597.58,0
12982,90.91,601.55,0
12993,90.91,605.94,0
13004,90.91,608.88,0
13016,83.33,607.84,0
13028,83.33,603.85,0
13039,90.91,600.95,0
13050,90.91,600.44,0
13062,83.33,606.05,0
13073,90.91,611.43,0
13084,90.91,606.19,0
13096,83.33,602.29,0
13108,83.33,601.47,0
13119,90.91,600.97,0
13130,90.91,603.58,0
13142,83.33,605.71,0
13153,90.91,607.29,0
13165,83.33,603.75,0
13176,90.91,602.23,0
13188,83.33,605.00,0
13199,90.91,604.29,0
13210,90.91,598.62,0
13221,90.91,602.21,0
13234,76.92,605.23,0
13245,90.91,608.12,0
13256,90.91,607.17,0
13267,90.91,604.16,0
13279,83.33,595.79,0
13291,90.91,595.02,0
13302,83.33,599.97,0
13314,83.33,610.14,0
13325,90.91,609.68,0
13336,90.91,604.09,0
13347,90.91,600.82,0
13360,76.92,596.15,0
13371,90.91,598.24,0
13382,90.91,605.03,0
13393,90.91,609.16,0
13405,83.33,604.49,0
13416,90.91,599.90,0
13428,83.33,603.69,0
13440,83.33,602.85,0
13451,90.91,602.73,0
13462,90.91,604.81,0
13473,90.91,603.83,0
13485,83.33,600.63,0
13497,83.33,605.02,0
13508,90.91,608.66,0
13519,90.91,602.10,0
13531,83.33,598.66,0
13542,90.91,600.51,0
13553,90.91,604.04,0
13565,83.33,607.61,0
13577,83.33,604.82,0
13588,90.91,600.09,0
13599,90.91,595.27,0
13611,83.33,598.60,0
13622,90.91,604.52,0
13634,83.33,607.72,0
13645,90.91,606.41,0
13657,83.33,604.72,0
13668,90.91,602.65,0
13679,90.91,599.40,0
13691,90.91,599.92,0
13703,76.92,603.79,0
13714,90.91,602.39,0
13725,90.91,602.19,0
13736,90.91,602.48,0
13748,83.33,606.70,0
13760,83.33,604.32,0
13771,90.91,601.47,0
13783,83.33,601.21,0
13794,90.91,606.26,0
13805,90.91,609.24,0
13816,90.91,604.97,0
13829,76.92,599.38,0
13840,90.91,596.36,0
13851,90.91,595.38,0
13862,90.91,598.63,0
13874,83.33,607.07,0
13885,90.91,608.33,0
13897,83.33,601.80,0
13908,90.91,599.54,0
13920,83.33,602.06,0
13931,90.91,598.50,0
13942,90.91,599.85,0
13954,83.33,604.32,0
13966,83.33,603.54,0
13977,90.91,602.40,0
13988,90.91,606.16,0
14000,83.33,605.74,0
14011,90.91,596.33,0
14023,90.91,595.61,0
14034,83.33,601.57,0
14046,83.33,605.27,0
14057,90.91,604.21,0
14068,90.91,605.29,0
14080,83.33,604.74,0
14092,83.33,596.01,0
14103,90.91,598.09,0
14114,90.91,607.41,0
14126,83.33,608.76,0
14137,90.91,604.28,0
14148,90.91,602.84,0
14160,83.33,598.35,0
14172,83.33,598.06,0
14183,90.91,599.56,0
14194,90.91,606.01,0
14205,90.91,607.67,0
14217,83.33,606.60,0
14229,83.33,607.87,0
14240,90.91,605.09,0
14252,83.33,601.20,0
14263,90.91,603.12,0
14274,90.91,606.52,0
14285,90.91,607.82,0
14298,76.92,605.24,0
14309,90.91,606.92,0
14320,90.91,602.57,0
14331,90.91,600.53,0
14343,83.33,601.32,0
14355,90.91,604.52,0
14366,83.33,606.80,0
14377,90.91,608.38,0
14389,83.33,607.15,0
14400,90.91,604.58,0
14411,90.91,602.26,0
14424,76.92,601.80,0
14435,90.91,604.32,0
14446,90.91,606.75,0
14457,90.91,604.40,0
14469,83.33,602.75,0
14480,90.91,602.52,0
14492,83.33,602.57,0
14503,90.91,597.98,0
14515,83.33,603.28,0
14526,90.91,608.41,0
14537,90.91,606.50,0
14548,90.91,603.97,0
14561,76.92,603.23,0
14572,90.91,597.12,0
14583,90.91,594.28,0
14595,83.33,601.11,0
14606,90.91,608.06,0
14617,90.91,606.16,0
14629,83.33,602.42,0
14641,83.33,598.82,0
14652,90.91,599.38,0
14663,90.91,599.18,0
14674,90.91,605.52,0
14686,83.33,610.11,0
14698,83.33,603.45,0
14709,90.91,599.31,0
14721,83.33,600.34,0
14732,90.91,599.50,0
14743,90.91,600.63,0
14755,90.91,602.93,0
14767,76.92,604.97,0
14778,90.91,604.53,0
14789,90.91,605.31,0
14800,90.91,603.52,0
14812,83.33,602.42,0
14824,83.33,601.14,0
14835,90.91,600.24,0
14846,90.91,602.17,0
14858,83.33,607.18,0
14869,90.91,606.69,0
14880,90.91,599.76,0
14893,76.92,594.20,0
14904,90.91,595.42,0
14915,90.91,600.98,0
14926,90.91,608.08,0
14938,83.33,609.12,0
14949,90.91,601.73,0
14961,83.33,599.87,0
14972,90.91,598.74,0
14984,83.33,598.77,0
14995,90.91,604.34,0
15006,90.91,610.53,0
15017,90.91,607.86,0
15030,76.92,601.79,0
15041,90.91,603.08,0
15052,90.91,602.35,0
15064,83.33,599.25,0
15075,90.91,602.88,0
15087,90.91,607.21,0
15098,83.33,606.19,0
15110,83.33,604.04,0
15121,90.91,607.15,0
15132,90.91,604.81,0
15143,90.91,599.96,0
15156,76.92,602.92,0
15167,90.91,607.52,0
15178,90.91,606.12,0
15190,83.33,606.73,0
15201,90.91,605.29,0
15212,90.91,600.57,0
15224,83.33,598.28,0
15236,83.33,603.81,0
15247,90.91,608.17,0
15258,90.91,606.75,0
15269,90.91,604.67,0
15281,83.33,602.82,0
15293,83.33,599.70,0
15304,90.91,594.44,0
15315,90.91,600.25,0
15327,83.33,605.87,0
15338,90.91,604.53,0
15349,90.91,604.11,0
15362,76.92,605.28,0
15373,90.91,602.40,0
15384,90.91,599.61,0
15395,90.91,602.28,0
15407,83.33,607.55,0
15419,90.91,610.67,0
15430,83.33,605.17,0
15441,90.91,599.70,0
15453,83.33,599.00,0
15464,90.91,595.28,0
15475,90.91,598.65,0
15488,76.92,602.36,0
15499,90.91,604.03,0
15510,90.91,604.22,0
15521,90.91,606.40,0
15533,83.33,605.61,0
15544,90.91,601.24,0
15556,83.33,601.70,0
15567,90.91,606.00,0
15579,83.33,609.19,0
15590,90.91,608.90,0
15601,90.91,605.46,0
15612,90.91,602.39,0
15625,76.92,599.41,0
15636,90.91,599.43,0
15647,90.91,601.00,0
15659,83.33,605.32,0
15670,90.91,607.06,0
15682,90.91,604.67,0
15693,83.33,600.39,0
15705,83.33,596.17,0
15716,90.91,598.42,0
15727,90.91,605.94,0
15738,90.91,607.66,0
15751,83.33,603.28,0
15762,90.91,598.95,0
15773,90.91,598.80,0
15784,90.91,597.60,0
15796,83.33,599.35,0
15807,90.91,607.48,0
15819,83.33,607.38,0
15831,83.33,604.73,0
15842,90.91,601.45,0
15853,90.91,602.67,0
15864,90.91,602.54,0
15876,83.33,600.88,0
15888,83.33,601.43,0
15899,90.91,604.04,0
15910,90.91,602.77,0
15922,83.33,603.41,0
15933,90.91,605.01,0
15944,90.91,601.29,0
15956,83.33,598.85,0
15968,83.33,606.28,0
15979,90.91,609.67,0
15990,90.91,604.97,0
16002,83.33,604.23,0
16014,90.91,605.54,0
16025,83.33,600.01,0
16036,90.91,596.39,0
16048,83.33,601.56,0
16059,90.91,605.27,0
16070,90.91,604.71,0
16082,90.91,604.40,0
16094,83.33,603.47,0
16105,90.91,598.12,0
16116,90.91,596.04,0
16128,83.33,603.55,0
16139,90.91,609.12,0
16151,83.33,605.06,0
16162,90.91,603.10,0
16174,83.33,599.46,0
16185,90.91,596.41,0
16196,90.91,595.86,0
16207,90.91,600.12,0
16220,76.92,603.91,0
16231,90.91,603.25,0
16242,90.91,606.37,0
16253,90.91,605.14,0
16265,83.33,601.47,0
16276,90.91,601.04,0
16288,83.33,603.86,0
16300,83.33,605.13,0
16311,90.91,603.62,0
16322,90.91,604.16,0
16333,90.91,603.23,0
16346,83.33,598.92,0
16357,83.33,597.50,0
16368,90.91,601.71,0
16379,90.91,604.12,0
16391,83.33,605.79,0
16402,90.91,609.23,0
16414,90.91,607.52,0
16425,90.91,601.27,0
16437,83.33,599.09,0
16448,90.91,605.72,0
16459,90.91,607.83,0
16471,83.33,606.62,0
16483,83.33,600.53,0
16494,90.91,601.27,0
16505,90.91,601.07,0
16517,83.33,598.66,0
16528,90.91,602.64,0
16539,90.91,606.77,0
16551,83.33,608.09,0
16563,83.33,601.80,0
16574,90.91,602.86,0
16585,90.91,602.58,0
16596,90.91,599.19,0
16608,83.33,599.90,0
16620,83.33,604.28,0
16631,90.91,603.64,0
16643,83.33,602.10,0
16654,90.91,604.32,0
16665,90.91,602.20,0
16676,90.91,597.64,0
16689,76.92,600.52,0
16700,90.91,607.08,0
16711,90.91,606.98,0
16722,90.91,606.76,0
16734,83.33,605.17,0
16746,90.91,601.53,0
16757,83.33,597.09,0
16769,83.33,599.98,0
16780,90.91,605.26,0
16791,90.91,602.95,0
16802,90.91,603.22,0
16815,76.92,603.54,0
16826,90.91,597.82,0
16837,90.91,598.59,0
16848,90.91,601.96,0
16860,83.33,606.62,0
16871,90.91,606.35,0
16883,83.33,602.88,0
16894,90.91,603.43,0
16906,83.33,600.73,0
16917,90.91,597.59,0
16928,90.91,599.76,0
16940,83.33,603.72,0
16952,83.33,606.55,0
16963,90.91,603.00,0
16974,90.91,601.39,0
16986,83.33,603.98,0
16997,90.91,602.03,0
17008,90.91,600.50,0
17020,83.33,606.80,0
17032,83.33,610.92,0
17043,90.91,606.24,0
17054,90.91,603.84,0
17065,90.91,603.35,0
17078,83.33,598.15,0
17089,83.33,598.51,0
17100,90.91,602.43,0
17112,83.33,606.73,0
17123,90.91,604.97,0
17134,90.91,601.98,0
17146,83.33,601.63,0
17158,83.33,598.38,0
17169,90.91,599.11,0
17180,90.91,604.16,0
17191,90.91,605.82,0
17203,83.33,603.99,0
17215,83.33,602.94,0
17226,90.91,601.07,0
17238,83.33,596.23,0
17249,90.91,595.09,0
17260,90.91,604.00,0
17271,90.91,609.79,0
17284,76.92,606.78,0
17295,90.91,604.87,0
17306,90.91,603.20,0
17317,90.91,600.37,0
17329,83.33,605.68,0
17340,90.91,612.09,0
17352,83.33,609.99,0
17363,90.91,600.34,0
17375,83.33,601.32,0
17386,90.91,602.60,0
17397,90.91,600.06,0
17410,83.33,599.94,0
17421,90.91,603.79,0
17432,90.91,603.40,0
17443,90.91,602.40,0
17455,83.33,605.69,0
17466,90.91,603.85,0
17478,83.33,599.73,0
17489,90.91,596.76,0
17501,83.33,602.15,0
17512,90.91,607.53,0
17523,90.91,608.59,0
17534,90.91,603.44,0
17547,76.92,598.22,0
17558,90.91,593.74,0
17569,90.91,597.41,0
17581,83.33,606.98,0
17592,90.91,611.71,0
17603,90.91,607.86,0
17615,83.33,602.88,0
17627,83.33,600.37,0
17638,90.91,598.94,0
17649,90.91,598.77,0
17660,90.91,602.91,0
17672,83.33,602.62,0
17684,83.33,598.86,0
17695,90.91,599.23,0
17707,83.33,602.91,0
17718,90.91,599.35,0
17729,90.91,598.98,0
17741,90.91,604.58,0
17753,76.92,605.10,0
17764,90.91,604.95,0
17775,90.91,606.00,0
17786,90.91,608.07,0
17798,83.33,599.73,0
17810,83.33,596.37,0
17821,90.91,601.89,0
17832,90.91,606.36,0
17844,83.33,603.51,0
17855,90.91,602.99,0
17866,90.91,603.49,0
17879,76.92,599.92,0
17890,90.91,598.40,0
17901,90.91,605.99,0
17912,90.91,607.57,0
17924,83.33,606.24,0
17935,90.91,604.34,0
17947,83.33,602.47,0
17958,90.91,599.87,0
17970,83.33,598.09,0
17981,90.91,599.75,0
17992,90.91,602.17,0
18003,90.91,605.74,0
18016,76.92,607.59,0
18027,90.91,604.07,0
18038,90.91,598.26,0
18050,83.33,601.78,0
18061,90.91,604.90,0
18073,90.91,607.16,0
18084,83.33,608.46,0
18096,83.33,603.59,0
18107,90.91,600.03,0
18118,90.91,595.25,0
18129,90.91,597.98,0
18142,76.92,602.43,0
18153,90.91,605.44,0
18164,90.91,605.35,0
18176,83.33,603.19,0
18187,90.91,603.50,0
18198,90.91,601.02,0
18210,83.33,602.49,0
18222,83.33,603.70,0
18233,90.91,605.36,0
18244,90.91,606.35,0
18255,90.91,607.50,0
18267,83.33,607.17,0
18279,83.33,601.59,0
18290,90.91,600.26,0
18301,90.91,601.52,0
18313,83.33,602.60,0
18324,90.91,606.51,0
18335,90.91,608.27,0
18348,76.92,606.07,0
18359,90.91,601.12,0
18370,90.91,596.77,0
18381,90.91,602.13,0
18393,83.33,607.43,0
18405,90.91,608.01,0
18416,83.33,605.65,0
18427,90.91,603.37,0
18439,83.33,600.94,0
18450,90.91,600.39,0
18461,90.91,606.92,0
18473,83.33,610.39,0
18485,83.33,609.02,0
18496,90.91,601.43,0
18507,90.91,599.89,0
18519,83.33,604.09,0
18530,90.91,603.21,0
18542,83.33,600.61,0
18553,90.91,603.94,0
18565,83.33,603.21,0
18576,90.91,604.05,0
18587,90.91,605.99,0
18598,90.91,604.18,0
18611,76.92,598.84,0
18622,90.91,598.93,0
18633,90.91,604.80,0
18644,90.91,605.59,0
18656,83.33,608.59,0
18667,90.91,608.72,0
18679,83.33,601.55,0
18691,83.33,597.45,0
18702,90.91,600.13,0
18713,90.91,607.52,0
18724,90.91,609.94,0
18737,83.33,604.43,0
18748,83.33,601.50,0
18759,90.91,601.91,0
18770,90.91,601.12,0
18782,83.33,605.94,0
18793,90.91,609.00,0
18805,83.33,607.98,0
18817,83.33,605.38,0
18828,90.91,603.87,0
18839,90.91,600.57,0
18850,90.91,599.81,0
18862,83.33,600.86,0
18874,83.33,604.01,0
18885,90.91,604.62,0
18896,90.91,605.10,0
18908,83.33,604.86,0
18919,90.91,603.96,0
18930,90.91,599.06,0
18942,83.33,600.50,0
18954,83.33,603.97,0
18965,90.91,609.07,0
18976,90.91,606.71,0
18988,83.33,604.10,0
18999,90.91,604.30,0
19011,83.33,602.36,0
19022,90.91,601.31,0
19034,83.33,603.77,0
19045,90.91,606.74,0
19056,90.91,603.14,0
19068,90.91,601.59,0
19080,76.92,600.15,0
19091,90.91,599.45,0
19102,90.91,598.80,0
19113,90.91,604.22,0
19125,83.33,608.55,0
19137,83.33,603.67,0
19148,90.91,603.38,0
19160,83.33,604.21,0
19171,90.91,597.78,0
19182,90.91,597.31,0
19193,90.91,604.13,0
19206,76.92,607.70,0
19217,90.91,603.59,0
19228,90.91,602.90,0
19239,90.91,606.02,0
19251,83.33,597.44,0
19262,90.91,598.98,0
19274,83.33,602.43,0
19286,83.33,606.28,0
19297,90.91,603.17,0
19308,90.91,602.86,0
19319,90.91,603.37,0
19331,83.33,600.84,0
19343,83.33,600.02,0
19354,90.91,605.13,0
19365,90.91,606.94,0
19377,83.33,604.87,0
19388,90.91,604.49,0
19400,90.91,603.04,0
19411,83.33,595.77,0
19423,83.33,596.80,0
19434,90.91,604.40,0
19445,90.91,607.87,0
19457,83.33,606.06,0
19469,83.33,606.05,0
19480,90.91,602.74,0
19491,90.91,596.95,0
19503,83.33,598.29,0
19514,90.91,604.93,0
19525,90.91,608.85,0
19537,83.33,607.46,0
19549,83.33,604.87,0
19560,90.91,603.74,0
19571,90.91,603.78,0
19582,90.91,602.67,0
19594,83.33,605.23,0
19606,83.33,605.63,0
19617,90.91,602.94,0
19629,83.33,601.63,0
19640,90.91,601.75,0
19651,90.91,601.27,0
19662,90.91,596.73,0
19675,76.92,601.27,0
19686,90.91,607.70,0
19697,90.91,605.14,0
19708,90.91,602.19,0
19720,83.33,601.28,0
19732,90.91,598.32,0
19743,83.33,596.97,0
19755,83.33,602.02,0
19766,90.91,607.26,0
19777,90.91,606.28,0
19788,90.91,603.26,0
19801,76.92,602.83,0
19812,90.91,599.73,0
19823,90.91,596.75,0
19834,90.91,602.49,0
19846,83.33,609.68,0
19857,90.91,604.22,0
19869,83.33,601.60,0
19880,90.91,604.57,0
19892,83.33,599.68,0
19903,90.91,599.58,0
19914,90.91,600.91,0
19926,83.33,603.68,0
19938,83.33,605.53,0
19949,90.91,603.79,0
19960,90.91,604.27,0
19972,83.33,602.42,0
19983,90.91,599.39,0
19994,90.91,603.36,0
20006,83.33,605.23,0
20018,83.33,604.53,0
20029,90.91,602.68,0
20040,90.91,602.21,0
20051,90.91,600.70,0
20064,83.33,599.02,0
20075,83.33,598.60,0
20086,90.91,603.51,0
20098,83.33,606.08,0
20109,90.91,604.11,0
20120,90.91,604.24,0
20132,83.33,604.08,0
20144,83.33,598.67,0
20155,90.91,596.59,0
20166,90.91,605.56,0
20177,90.91,610.55,0
20189,83.33,604.75,0
20201,83.33,600.25,0
20212,90.91,599.90,0
20224,83.33,596.41,0
20235,90.91,599.64,0
20246,90.91,607.41,0
20257,90.91,607.71,0
20270,76.92,600.08,0
20281,90.91,602.42,0
20292,90.91,601.03,0
20303,90.91,598.56,0
20315,83.33,601.58,0
20326,90.91,608.26,0
20338,83.33,603.38,0
20349,90.91,600.41,0
20361,83.33,601.95,0
20372,90.91,605.23,0
20383,90.91,602.06,0
20396,83.33,600.98,0
20407,83.33,604.00,0
20418,90.91,602.44,0
20429,90.91,601.54,0
20441,83.33,602.80,0
20452,90.91,602.50,0
20464,83.33,599.94,0
20475,90.91,598.79,0
20487,83.33,604.70,0
20498,90.91,607.63,0
20509,90.91,604.02,0
20520,90.91,604.26,0
20533,76.92,600.28,0
20544,90.91,595.26,0
20555,90.91,599.13,0
20567,83.33,607.11,0
20578,90.91,609.47,0
20589,90.91,603.05,0
20601,83.33,600.16,0
20613,83.33,600.51,0
20624,90.91,598.99,0
20635,90.91,601.80,0
20646,90.91,604.75,0
20658,83.33,605.83,0
20670,83.33,602.75,0
20681,90.91,601.48,0
20692,90.91,605.00,0
20704,83.33,599.98,0
20715,90.91,599.51,0
20727,90.91,602.70,0
20739,76.92,603.95,0
20750,90.91,603.39,0
20761,90.91,605.47,0
20772,90.91,606.22,0
20784,83.33,599.50,0
20796,83.33,597.43,0
20807,90.91,602.65,0
20818,90.91,608.33,0
20830,83.33,608.70,0
20841,90.91,607.29,0
20852,90.91,604.47,0
20865,76.92,599.79,0
20876,90.91,598.16,0
20887,90.91,603.84,0
20898,90.91,608.82,0
20910,83.33,604.83,0
20921,90.91,601.48,0
20933,83.33,602.29,0
20944,90.91,600.20,0
20956,83.33,600.46,0
20967,90.91,603.31,0
20978,90.91,604.36,0
20989,90.91,602.02,0
21002,76.92,603.41,0
21013,90.91,604.05,0
21024,90.91,600.57,0
21036,83.33,597.97,0
21047,90.91,604.05,0
21059,90.91,609.11,0
21070,83.33,606.60,0
21082,83.33,603.95,0
21093,90.91,603.61,0
21104,90.91,599.18,0
21115,90.91,598.45,0
21128,83.33,606.59,0
21139,90.91,610.85,0
21150,90.91,607.40,0
21161,90.91,604.91,0
21173,83.33,605.18,0
21184,90.91,601.47,0
21196,83.33,600.63,0
21208,83.33,604.33,0
21219,90.91,606.09,0
21230,90.91,605.75,0
21241,90.91,604.84,0
21253,83.33,605.22,0
21265,83.33,603.18,0
21276,90.91,598.45,0
21287,90.91,596.84,0
21299,83.33,602.85,0
21310,90.91,604.68,0
21321,90.91,604.07,0
21334,76.92,601.06,0
21345,90.91,595.26,0
21356,90.91,594.73,0
21367,90.91,600.99,0
21379,83.33,607.14,0
21391,90.91,607.37,0
21402,83.33,601.08,0
21413,90.91,599.32,0
21425,83.33,599.67,0
21436,90.91,598.19,0
21447,90.91,601.34,0
21459,83.33,608.53,0
21471,83.33,604.06,0
21482,90.91,599.97,0
21493,90.91,600.66,0
21505,83.33,599.43,0
21516,90.91,600.29,0
21528,83.33,604.29,0
21539,90.91,605.69,0
21551,83.33,604.01,0
21562,90.91,603.18,0
21573,90.91,607.00,0
21584,90.91,603.20,0
21597,76.92,595.68,0
21608,90.91,598.61,0
21619,90.91,605.25,0
21630,90.91,608.81,0
21642,83.33,608.65,0
21653,90.91,603.40,0
21665,83.33,598.27,0
21677,83.33,598.09,0
21688,90.91,604.11,0
21699,90.91,610.21,0
21710,90.91,609.87,0
21723,83.33,606.75,0
21734,83.33,601.67,0
21745,90.91,599.47,0
21756,90.91,599.76,0
21768,83.33,603.99,0
21779,90.91,606.52,0
21791,90.91,605.82,0
21803,76.92,604.38,0
21814,90.91,601.61,0
21825,90.91,599.04,0
21836,90.91,598.89,0
21848,83.33,600.08,0
21860,83.33,605.73,0
21871,90.91,606.75,0
21882,90.91,606.47,0
21894,83.33,605.81,0
21905,90.91,603.12,0
21916,90.91,598.36,0
21928,83.33,598.82,0
21940,83.33,603.59,0
21951,90.91,605.33,0
21962,90.91,601.33,0
21974,83.33,601.57,0
21985,90.91,600.67,0
21997,83.33,598.96,0
22008,90.91,600.27,0
22020,83.33,604.60,0
22031,90.91,606.52,0
22042,90.91,604.18,0
22053,90.91,606.50,0
22066,76.92,604.09,0
22077,90.91,597.19,0
22088,90.91,597.32,0
22099,90.91,602.21,0
22111,83.33,606.91,0
22123,90.91,604.47,0
22134,83.33,603.41,0
22146,83.33,602.54,0
22157,90.91,599.81,0
22168,90.91,599.12,0
22179,90.91,604.73,0
22192,76.92,608.79,0
22203,90.91,606.68,0
22214,90.91,603.73,0
22225,90.91,598.90,0
22237,83.33,595.67,0
22248,90.91,599.64,0
22260,83.33,605.84,0
22272,83.33,606.65,0
22283,90.91,602.90,0
22294,90.91,604.78,0
22305,90.91,605.75,0
22317,83.33,603.97,0
22329,83.33,600.33,0
22340,90.91,603.05,0
22351,90.91,606.61,0
22363,83.33,602.60,0
22374,90.91,603.37,0
22385,90.91,605.40,0
22397,83.33,600.65,0
22409,83.33,598.07,0
22420,90.91,602.27,0
22431,90.91,607.02,0
22443,83.33,605.44,0
22455,90.91,604.31,0
22466,83.33,601.61,0
22477,90.91,595.67,0
22489,83.33,596.33,0
22500,90.91,603.67,0
22511,90.91,608.84,0
22523,83.33,602.77,0
22535,83.33,601.19,0
22546,90.91,601.86,0
22557,90.91,598.81,0
22568,90.91,597.53,0
22580,83.33,602.95,0
22592,83.33,603.91,0
22603,90.91,602.86,0
22615,83.33,603.11,0
22626,90.91,605.88,0
22637,90.91,602.87,0
22648,90.91,600.19,0
22661,76.92,606.08,0
22672,90.91,603.77,0
22683,90.91,602.45,0
22694,90.91,606.88,0
22706,83.33,606.19,0
22717,90.91,597.14,0
22729,83.33,596.81,0
22740,90.91,604.00,0
22752,83.33,609.23,0
22763,90.91,609.38,0
22774,90.91,605.65,0
22787,83.33,603.24,0
22798,83.33,597.10,0
22809,90.91,596.22,0
22820,90.91,602.46,0
22832,83.33,610.27,0
22843,90.91,608.40,0
22855,83.33,603.42,0
22866,90.91,599.82,0
22878,83.33,597.85,0
22889,90.91,599.30,0
22900,90.91,601.65,0
22912,83.33,603.75,0
22924,83.33,600.34,0
22935,90.91,600.50,0
22946,90.91,603.40,0
22958,83.33,599.56,0
22969,90.91,597.61,0
22980,90.91,603.15,0
22992,83.33,608.03,0
23004,83.33,605.56,0
23015,90.91,605.02,0
23026,90.91,604.54,0
23037,90.91,600.00,0
23049,83.33,598.14,0
23061,83.33,604.99,0
23072,90.91,611.12,0
23084,83.33,607.30,0
23095,90.91,604.59,0
23106,90.91,604.10,0
23118,90.91,599.15,0
23130,76.92,596.71,0
23141,90.91,603.40,0
23152,90.91,607.20,0
23163,90.91,604.70,0
23175,83.33,603.20,0
23187,83.33,604.99,0
23198,90.91,603.90,0
23209,90.91,600.25,0
23221,83.33,603.77,0
23232,90.91,604.51,0
23243,90.91,602.64,0
23256,76.92,602.90,0
23267,90.91,602.54,0
23278,90.91,599.16,0
23289,90.91,597.50,0
23301,83.33,598.38,0
23312,90.91,605.36,0
23324,83.33,609.51,0
23335,90.91,605.91,0
23347,83.33,601.33,0
23358,90.91,598.66,0
23369,90.91,599.55,0
23380,90.91,601.83,0
23393,76.92,604.02,0
23404,90.91,603.95,0
23415,90.91,599.13,0
23427,83.33,600.34,0
23438,90.91,601.80,0
23450,90.91,598.23,0
23461,83.33,599.64,0
23473,83.33,604.16,0
23484,90.91,604.63,0
23495,90.91,603.10,0
23506,90.91,608.26,0
23519,83.33,606.09,0
23530,83.33,596.99,0
23541,90.91,597.65,0
23553,83.33,606.72,0
23564,90.91,607.70,0
23575,90.91,604.23,0
23587,83.33,602.67,0
23599,83.33,600.26,0
23610,90.91,595.45,0
23621,90.91,601.34,0
23632,90.91,610.46,0
23644,83.33,611.02,0
23656,83.33,601.69,0
23667,90.91,601.16,0
23678,90.91,601.13,0
23690,83.33,600.00,0
23701,90.91,603.01,0
23712,90.91,605.76,0
23725,76.92,602.32,0
23736,90.91,600.94,0
23747,90.91,605.08,0
23758,90.91,606.29,0
23770,83.33,602.12,0
23781,90.91,600.23,0
23793,83.33,603.52,0
23804,90.91,608.20,0
23816,83.33,608.11,0
23827,90.91,606.97,0
23838,90.91,601.50,0
23851,90.91,593.78,0
23862,76.92,598.70,0
23873,90.91,605.84,0
23884,90.91,609.86,0
23896,83.33,606.80,0
23907,90.91,604.29,0
23919,83.33,602.47,0
23930,90.91,596.23,0
23942,83.33,598.65,0
23953,90.91,607.22,0
23964,90.91,609.19,0
23975,90.91,601.82,0
23988,76.92,601.16,0
23999,90.91,602.16,0
24010,90.91,601.63,0
24022,83.33,599.68,0
24033,90.91,603.31,0
24044,90.91,606.60,0
24056,83.33,605.88,0
24068,83.33,605.75,0
24079,90.91,604.68,0
24090,90.91,597.05,0
24101,90.91,596.18,0
24114,83.33,602.08,0
24125,83.33,605.91,0
24136,90.91,606.20,0
24147,90.91,602.87,0
24159,83.33,597.19,0
24170,90.91,594.75,0
24182,90.91,599.66,0
24194,83.33,608.58,0
24205,90.91,610.50,0
24216,90.91,602.23,0
24227,90.91,602.74,0
24239,83.33,603.48,0
24251,83.33,598.08,0
24262,90.91,596.71,0
24273,90.91,598.16,0
24285,83.33,602.56,0
24296,90.91,602.34,0
24307,90.91,604.06,0
24320,76.92,600.48,0
24331,90.91,595.71,0
24342,90.91,593.30,0
24353,90.91,599.09,0
24365,83.33,608.90,0
24376,90.91,610.36,0
24388,83.33,605.71,0
24399,90.91,601.96,0
24411,83.33,596.26,0
24422,90.91,598.31,0
24433,90.91,608.18,0
24444,90.91,610.83,0
24457,76.92,604.82,0
24468,90.91,599.95,0
24479,90.91,600.18,0
24491,83.33,602.33,0
24502,90.91,605.77,0
24514,90.91,607.21,0
24525,83.33,605.97,0
24537,83.33,603.56,0
24548,90.91,604.14,0
24559,90.91,609.21,0
24570,90.91,607.05,0
24583,76.92,602.26,0
24594,90.91,599.46,0
24605,90.91,603.34,0
24616,90.91,604.12,0
24628,83.33,604.95,0
24639,90.91,603.40,0
24651,83.33,599.79,0
24663,83.33,595.61,0
24674,90.91,600.60,0
24685,90.91,606.98,0
24696,90.91,609.04,0
24708,83.33,604.26,0
24720,83.33,599.63,0
24731,90.91,596.02,0
24742,90.91,593.74,0
24754,83.33,602.97,0
24765,90.91,608.69,0
24776,90.91,605.44,0
24788,83.33,600.95,0
24800,83.33,603.36,0
24811,90.91,603.13,0
24822,90.91,600.73,0
24834,83.33,601.38,0
24846,90.91,605.77,0
24857,83.33,604.30,0
24868,90.91,602.09,0
24880,83.33,605.25,0
24891,90.91,606.21,0
24902,90.91,599.82,0
24914,83.33,597.64,0
24926,83.33,604.31,0
24937,90.91,606.07,0
24948,90.91,603.51,0
24960,83.33,605.27,0
24971,90.91,604.02,0
24983,83.33,598.31,0
24994,90.91,599.64,0
25006,83.33,609.43,0
25017,90.91,608.29,0
25028,90.91,604.10,0
25039,90.91,604.34,0
25052,76.92,601.70,0
25063,90.91,600.36,0
25074,90.91,603.27,0
25085,90.91,608.10,0
25097,83.33,608.33,0
25108,90.91,606.11,0
25120,83.33,605.73,0
25132,83.33,602.40,0
25143,90.91,601.82,0
25154,90.91,601.71,0
25165,90.91,605.84,0
25178,83.33,608.44,0
25189,83.33,606.37,0
25200,90.91,603.75,0
25211,90.91,603.64,0
25223,83.33,599.21,0
25234,90.91,603.04,0
25246,83.33,606.91,0
25257,90.91,605.99,0
25269,83.33,602.56,0
25280,90.91,602.48,0
25291,90.91,601.63,0
25303,83.33,597.86,0
25315,83.33,597.56,0
25326,90.91,602.08,0
25337,90.91,606.12,0
25349,83.33,605.09,0
25360,90.91,605.48,0
25371,90.91,604.69,0
25383,83.33,599.39,0
25395,83.33,597.41,0
25406,90.91,603.11,0
25417,90.91,608.37,0
25428,90.91,606.48,0
25440,83.33,604.11,0
25452,83.33,599.83,0
25463,90.91,593.78,0
25475,83.33,596.90,0
25486,90.91,605.85,0
25497,90.91,609.24,0
25509,90.91,607.27,0
25521,76.92,604.53,0
25532,90.91,602.23,0
25543,90.91,597.14,0
25554,90.91,600.57,0
25566,83.33,608.80,0
25578,83.33,611.59,0
25589,90.91,605.84,0
25601,83.33,600.62,0
25612,90.91,601.40,0
25623,90.91,600.78,0
25634,90.91,599.22,0
25647,76.92,607.14,0
25658,90.91,609.52,0
25669,90.91,605.29,0
25680,90.91,605.51,0
25692,83.33,606.78,0
25703,90.91,601.05,0
25715,83.33,598.10,0
25726,90.91,605.09,0
25738,83.33,608.01,0
25749,90.91,605.66,0
25760,90.91,607.16,0
25772,83.33,604.64,0
25784,83.33,597.64,0
25795,90.91,597.56,0
25806,90.91,602.75,0
25818,83.33,608.68,0
25829,90.91,605.80,0
25841,90.91,603.66,0
25852,83.33,602.00,0
25864,83.33,600.11,0
25875,90.91,602.58,0
25886,90.91,605.92,0
25897,90.91,605.21,0
25910,83.33,604.93,0
25921,90.91,601.59,0
25932,90.91,601.94,0
25944,83.33,602.11,0
25955,90.91,601.74,0
25966,90.91,601.42,0
25978,83.33,603.21,0
25990,83.33,603.23,0
26001,90.91,603.43,0
26012,90.91,602.91,0
26023,90.91,599.38,0
26035,83.33,598.78,0
26047,83.33,603.85,0
26058,90.91,607.26,0
26070,83.33,605.27,0
26081,90.91,602.32,0
26092,90.91,600.98,0
26103,90.91,599.10,0
26116,76.92,600.04,0
26127,90.91,602.98,0
26138,90.91,605.20,0
26149,90.91,604.12,0
26161,83.33,604.26,0
26172,90.91,604.46,0
26184,83.33,603.15,0
26195,90.91,597.23,0
26207,83.33,599.07,0
26218,90.91,607.44,0
26229,90.91,609.41,0
26242,83.33,603.13,0
26253,83.33,602.57,0
26264,90.91,598.81,0
26275,90.91,597.56,0
26287,83.33,602.75,0
26298,90.91,610.45,0
26310,83.33,607.38,0
26321,90.91,602.53,0
26333,83.33,605.29,0
26344,90.91,603.53,0
26355,90.91,601.57,0
26366,90.91,604.38,0
26379,76.92,605.70,0
26390,90.91,603.66,0
26401,90.91,603.41,0
26413,83.33,602.81,0
26424,90.91,605.18,0
26435,90.91,601.30,0
26447,83.33,603.67,0
26459,83.33,608.17,0
26470,90.91,608.53,0
26481,90.91,605.42,0
26492,90.91,605.65,0
26504,83.33,600.62,0
26516,83.33,600.29,0
26527,90.91,601.20,0
26539,83.33,608.40,0
26550,90.91,610.82,0
26561,90.91,604.03,0
26573,90.91,600.34,0
26585,76.92,602.98,0
26596,90.91,602.41,0
26607,90.91,604.51,0
26618,90.91,605.77,0
26630,83.33,606.58,0
26642,90.91,602.81,0
26653,83.33,602.58,0
26664,90.91,603.38,0
26676,83.33,599.71,0
26687,90.91,598.48,0
26698,90.91,604.30,0
26711,76.92,605.56,0
26722,90.91,604.68,0
26733,90.91,607.36,0
26744,90.91,606.14,0
26756,83.33,596.39,0
26767,90.91,599.46,0
26779,83.33,606.61,0
26790,90.91,607.43,0
26802,83.33,602.53,0
26813,90.91,602.77,0
26824,90.91,598.26,0
26835,90.91,596.03,0
26848,76.92,598.19,0
26859,90.91,607.41,0
26870,90.91,609.42,0
26882,83.33,607.18,0
26893,90.91,606.09,0
26904,90.91,602.14,0
26916,83.33,596.95,0
26928,83.33,600.28,0
26939,90.91,606.24,0
26950,90.91,606.71,0
26961,90.91,604.88,0
26974,83.33,602.93,0
26985,83.33,598.84,0
26996,90.91,596.29,0
27008,83.33,597.84,0
27019,90.91,603.34,0
27030,90.91,604.68,0
27042,83.33,603.63,0
27054,83.33,602.72,0
27065,90.91,602.00,0
27076,90.91,597.97,0
27087,90.91,599.68,0
27099,83.33,604.06,0
27111,83.33,605.46,0
27122,90.91,601.35,0
27133,90.91,602.97,0
27145,83.33,603.75,0
27156,90.91,597.80,0
27167,90.91,598.27,0
27180,76.92,601.93,0
27191,90.91,606.62,0
27202,90.91,605.88,0
27213,90.91,604.30,0
27225,83.33,602.87,0
27236,90.91,599.95,0
27248,83.33,599.75,0
27259,90.91,608.99,0
27271,83.33,608.27,0
27282,90.91,603.18,0
27293,90.91,603.68,0
27305,90.91,605.09,0
27317,76.92,600.14,0
27328,90.91,598.59,0
27339,90.91,604.98,0
27351,83.33,605.41,0
27362,90.91,604.18,0
27374,83.33,602.74,0
27385,90.91,602.33,0
27397,83.33,597.78,0
27408,90.91,597.59,0
27419,90.91,605.49,0
27430,90.91,609.82,0
27443,76.92,606.95,0
27454,90.91,603.87,0
27465,90.91,602.90,0
27476,90.91,600.61,0
27488,83.33,599.82,0
27499,90.91,603.67,0
27511,83.33,605.90,0
27523,83.33,604.00,0
27534,90.91,604.34,0
27545,90.91,602.99,0
27556,90.91,600.37,0
27568,83.33,598.08,0
27580,83.33,600.69,0
27591,90.91,604.06,0
27602,90.91,606.76,0
27614,83.33,604.85,0
27625,90.91,603.77,0
27636,90.91,600.01,0
27649,76.92,597.38,0
27660,90.91,602.69,0
27671,90.91,608.25,0
27682,90.91,608.95,0
27694,83.33,603.87,0
27706,90.91,600.02,0
27717,83.33,597.06,0
27728,90.91,599.22,0
27740,83.33,604.76,0
27751,90.91,607.84,0
27762,90.91,605.39,0
27774,83.33,603.78,0
27786,83.33,602.86,0
27797,90.91,600.78,0
27808,90.91,599.25,0
27820,83.33,598.32,0
27831,90.91,602.75,0
27843,83.33,604.20,0
27854,90.91,601.01,0
27866,83.33,600.85,0
27877,90.91,601.26,0
27888,90.91,598.29,0
27899,90.91,600.02,0
27912,76.92,609.34,0
27923,90.91,608.48,0
27934,90.91,603.42,0
27945,90.91,602.82,0
27957,83.33,602.57,0
27968,90.91,598.37,0
27980,83.33,603.89,0
27992,83.33,610.35,0
28003,90.91,609.81,0
28014,90.91,604.57,0
28025,90.91,602.61,0
28038,83.33,600.86,0
28049,83.33,601.52,0
28060,90.91,606.71,0
28071,90.91,607.48,0
28083,83.33,604.67,0
28094,90.91,604.17,0
28106,83.33,607.13,0
28118,83.33,604.28,0
28129,90.91,597.49,0
28140,90.91,596.13,0
28151,90.91,603.52,0
28163,83.33,606.21,0
28175,83.33,602.04,0
28186,90.91,601.82,0
28197,90.91,600.11,0
28209,83.33,597.54,0
28220,90.91,601.60,0
28231,90.91,606.96,0
28243,83.33,605.69,0
28255,83.33,602.65,0
28266,90.91,599.96,0
28277,90.91,602.12,0
28289,83.33,607.11,0
28300,90.91,604.91,0
28312,83.33,599.90,0
28323,90.91,601.32,0
28335,83.33,604.89,0
28346,90.91,605.94,0
28357,90.91,603.69,0
28369,90.91,597.04,0
28381,76.92,596.37,0
28392,90.91,603.47,0
28403,90.91,609.16,0
28414,90.91,608.46,0
28426,83.33,604.26,0
28438,90.91,599.95,0
28449,83.33,595.10,0
28461,83.33,594.91,0
28472,90.91,606.33,0
28483,90.91,611.88,0
28494,90.91,602.45,0
28507,76.92,599.49,0
28518,90.91,601.59,0
28529,90.91,600.51,0
28540,90.91,598.57,0
28552,83.33,605.91,0
28563,90.91,605.78,0
28575,83.33,599.38,0
28587,83.33,602.03,0
28598,90.91,605.35,0
28609,90.91,601.88,0
28620,90.91,598.75,0
28632,83.33,604.02,0
28644,83.33,605.92,0
28655,90.91,604.25,0
28666,90.91,605.46,0
28678,83.33,605.83,0
28689,90.91,600.02,0
28700,90.91,596.93,0
28712,83.33,603.28,0
28724,83.33,605.79,0
28735,90.91,606.99,0
28746,90.91,607.62,0
28758,83.33,602.87,0
28770,90.91,596.32,0
28781,83.33,596.47,0
28792,90.91,604.21,0
28804,83.33,609.56,0
28815,90.91,607.64,0
28826,90.91,602.01,0
28838,83.33,596.73,0
28850,83.33,598.77,0
28861,90.91,602.68,0
28872,90.91,605.12,0
28883,90.91,606.03,0
28895,83.33,603.57,0
28907,83.33,600.97,0
28918,90.91,603.95,0
28930,83.33,603.63,0
28941,90.91,600.04,0
28952,90.91,601.84,0
28963,90.91,606.44,0
28976,76.92,603.51,0
28987,90.91,604.13,0
28998,90.91,602.60,0
29009,90.91,598.85,0
29021,83.33,597.17,0
29032,90.91,603.75,0
29044,83.33,608.72,0
29056,83.33,605.13,0
29067,90.91,604.25,0
29078,90.91,605.54,0
29089,90.91,600.37,0
29102,83.33,598.25,0
29113,83.33,603.63,0
29124,90.91,608.01,0
29135,90.91,606.47,0
29147,83.33,600.49,0
29158,90.91,601.98,0
29170,83.33,602.26,0
29181,90.91,599.31,0
29193,83.33,608.23,0
29204,90.91,607.26,0
29215,90.91,600.74,0
29227,83.33,601.08,0
29239,83.33,601.23,0
29250,90.91,598.27,0
29261,90.91,598.61,0
29273,83.33,601.19,0
29284,90.91,603.09,0
29295,90.91,601.73,0
29307,83.33,603.50,0
29319,83.33,603.94,0
29330,90.91,604.39,0
29341,90.91,602.16,0
29352,90.91,603.95,0
29364,83.33,606.90,0
29376,83.33,605.71,0
29387,90.91,605.14,0
29399,83.33,602.29,0
29410,90.91,599.42,0
29421,90.91,598.58,0
29432,90.91,598.52,0
29445,76.92,604.96,0
29456,90.91,608.50,0
29467,90.91,605.56,0
29478,90.91,604.55,0
29490,83.33,602.09,0
29502,90.91,600.27,0
29513,83.33,599.63,0
29524,90.91,606.13,0
29536,83.33,610.50,0
29547,90.91,604.83,0
29558,90.91,600.83,0
29571,76.92,602.27,0
29582,90.91,597.66,0
29593,90.91,603.17,0
29604,90.91,609.35,0
29616,83.33,609.05,0
29627,90.91,603.58,0
29639,83.33,604.27,0
29650,90.91,603.99,0
29662,83.33,598.29,0
29673,90.91,601.01,0
29684,90.91,604.48,0
29696,83.33,606.41,0
29708,83.33,604.28,0
29719,90.91,602.88,0
29730,90.91,602.30,0
29742,83.33,600.65,0
29753,90.91,602.61,0
29764,90.91,606.24,0
29776,83.33,605.43,0
29788,83.33,602.20,0
29799,90.91,601.34,0
29810,90.91,601.67,0
29821,90.91,599.91,0
29834,83.33,601.01,0
29845,83.33,603.45,0
29856,90.91,606.03,0
29868,83.33,605.86,0
29879,90.91,605.71,0
29890,90.91,602.54,0
29902,83.33,599.95,0
29914,83.33,600.86,0
29925,90.91,600.18,0
29936,90.91,604.87,0
29947,90.91,606.61,0
29959,83.33,606.05,0
29971,83.33,603.82,0
29982,90.91,597.63,0
29993,90.91,595.74,0
30005,83.33,602.66,0
30016,90.91,609.33,0
30027,90.91,604.43,0
30040,76.92,601.99,0
30051,90.91,599.94,0
30062,90.91,597.55,0
30073,90.91,599.48,0
30085,83.33,604.84,0
30096,90.91,605.62,0
30108,83.33,604.33,0
30119,90.91,600.87,0
30131,83.33,601.81,0
30142,90.91,599.79,0
30153,90.91,599.32,0
30166,90.91,603.83,0
30177,76.92,607.46,0
30188,90.91,604.63,0
30199,90.91,603.62,0
30211,83.33,606.16,0
30222,90.91,601.78,0
30234,83.33,597.37,0
30245,90.91,600.82,0
30257,83.33,604.60,0
30268,90.91,605.47,0
30279,90.91,606.70,0
30290,90.91,603.19,0
30303,76.92,599.34,0
30314,90.91,597.93,0
30325,90.91,605.46,0
30337,83.33,610.17,0
30348,90.91,607.50,0
30359,90.91,603.44,0
30371,83.33,604.16,0
30383,83.33,598.08,0
30394,90.91,595.10,0
30405,90.91,599.56,0
30416,90.91,604.23,0
30428,83.33,604.08,0
30440,83.33,604.66,0
30451,90.91,606.62,0
30462,90.91,600.92,0
30474,83.33,600.56,0
30485,90.91,601.04,0
30497,90.91,603.42,0
30509,76.92,604.91,0
30520,90.91,606.01,0
30531,90.91,604.85,0
30542,90.91,598.84,0
30554,83.33,595.34,0
30566,83.33,601.86,0
30577,90.91,610.17,0
30588,90.91,609.68,0
30600,83.33,603.40,0
30611,90.91,601.08,0
30622,90.91,599.06,0
30635,76.92,597.55,0
30646,90.91,603.05,0
30657,90.91,609.59,0
30668,90.91,605.93,0
30680,83.33,600.62,0
30691,90.91,602.01,0
30703,83.33,603.50,0
30714,90.91,600.74,0
30726,83.33,602.54,0
30737,90.91,605.78,0
30748,90.91,608.02,0
30759,90.91,606.70,0
30772,76.92,605.63,0
30783,90.91,602.23,0
30794,90.91,594.30,0
30806,83.33,594.20,0
30817,90.91,604.45,0
30829,90.91,606.03,0
30840,83.33,605.33,0
30852,83.33,602.80,0
30863,90.91,596.12,0
30874,90.91,594.62,0
30885,90.91,604.26,0
30898,83.33,608.18,0
30909,83.33,608.29,0
30920,90.91,602.63,0
30931,90.91,600.60,0
30943,83.33,599.26,0
30954,90.91,600.26,0
30966,83.33,605.42,0
30978,83.33,606.54,0
30989,90.91,601.30,0
31000,90.91,599.95,0
31011,90.91,603.95,0
31023,83.33,603.73,0
31035,83.33,601.50,0
31046,90.91,600.66,0
31057,90.91,601.74,0
31069,83.33,604.66,0
31080,90.91,603.52,0
31091,90.91,606.61,0
31104,76.92,604.90,0
31115,90.91,598.54,0
31126,90.91,598.92,0
31137,90.91,606.62,0
31149,83.33,610.19,0
31160,90.91,606.19,0
31172,83.33,602.55,0
31183,90.91,600.63,0
31195,83.33,597.77,0
31206,90.91,599.98,0
31217,90.91,610.24,0
31229,90.91,609.69,0
31241,76.92,600.44,0
31252,90.91,602.09,0
31263,90.91,605.41,0
31275,83.33,601.97,0
31286,90.91,600.50,0
31298,83.33,603.67,0
31309,90.91,606.38,0
31321,83.33,604.57,0
31332,90.91,604.64,0
31343,90.91,604.98,0
31354,90.91,597.50,0
31367,76.92,599.37,0
31378,90.91,604.79,0
31389,90.91,606.15,0
31400,90.91,604.95,0
31412,83.33,605.50,0
31423,90.91,600.60,0
31435,83.33,596.79,0
31447,83.33,600.34,0
31458,90.91,606.83,0
31469,90.91,606.70,0
31480,90.91,603.98,0
31492,83.33,600.85,0
31504,83.33,600.90,0
31515,90.91,598.35,0
31526,90.91,599.29,0
31538,83.33,602.44,0
31549,90.91,607.06,0
31560,90.91,606.06,0
31572,83.33,601.93,0
31584,83.33,598.87,0
31595,90.91,599.93,0
31606,90.91,599.44,0
31618,83.33,603.04,0
31630,90.91,606.13,0
31641,83.33,606.19,0
31652,90.91,603.00,0
31664,83.33,600.41,0
31675,90.91,601.46,0
31686,90.91,599.83,0
31698,83.33,601.53,0
31710,83.33,605.63,0
31721,90.91,604.14,0
31732,90.91,603.72,0
31744,83.33,604.89,0
31755,90.91,603.56,0
31767,83.33,598.58,0
31778,90.91,598.93,0
31790,83.33,604.55,0
31801,90.91,604.68,0
31812,90.91,603.93,0
31823,90.91,605.63,0
31836,76.92,600.33,0
31847,90.91,597.96,0
31858,90.91,601.38,0
31869,90.91,608.66,0
31881,83.33,606.52,0
31892,90.91,604.21,0
31904,83.33,601.79,0
31916,83.33,597.44,0
31927,90.91,597.99,0
31938,90.91,601.78,0
31949,90.91,606.37,0
31962,83.33,607.28,0
31973,83.33,601.84,0
31984,90.91,600.53,0
31995,90.91,601.05,0
32007,83.33,599.95,0
32018,90.91,603.01,0
32030,90.91,605.71,0
32041,83.33,604.97,0
32053,83.33,603.91,0
32064,90.91,603.55,0
32075,90.91,602.08,0
32087,83.33,600.95,0
32099,83.33,598.16,0
32110,90.91,604.50,0
32121,90.91,607.27,0
32133,83.33,604.35,0
32144,90.91,602.89,0
32155,90.91,601.52,0
32167,83.33,598.48,0
32179,83.33,598.72,0
32190,90.91,604.13,0
32201,90.91,607.81,0
32212,90.91,606.46,0
32224,83.33,605.46,0
32236,83.33,604.68,0
32247,90.91,600.94,0
32259,83.33,598.34,0
32270,90.91,606.93,0
32281,90.91,609.68,0
32292,90.91,603.26,0
32305,76.92,603.40,0
32316,90.91,598.88,0
32327,90.91,596.85,0
32338,90.91,602.49,0
32350,83.33,608.42,0
32362,90.91,611.00,0
32373,83.33,604.33,0
32385,83.33,602.24,0
32396,90.91,603.61,0
32407,90.91,602.54,0
32418,90.91,600.81,0
32431,76.92,606.45,0
32442,90.91,605.66,0
32453,90.91,602.50,0
32464,90.91,606.45,0
32476,83.33,608.15,0
32487,90.91,601.84,0
32499,83.33,599.87,0
32510,90.91,603.25,0
32522,83.33,607.82,0
32533,90.91,605.44,0
32544,90.91,603.02,0
32556,83.33,601.94,0
32568,83.33,595.21,0
32579,90.91,595.09,0
32590,90.91,606.57,0
32602,83.33,609.30,0
32613,90.91,605.63,0
32624,90.91,603.91,0
32636,83.33,597.51,0
32648,83.33,594.28,0
32659,90.91,599.81,0
32670,90.91,607.01,0
32681,90.91,607.29,0
32694,83.33,602.65,0
32705,83.33,604.90,0
32716,90.91,604.69,0
32728,83.33,601.03,0
32739,90.91,602.60,0
32750,90.91,601.41,0
32762,83.33,605.77,0
32774,83.33,608.92,0
32785,90.91,605.57,0
32796,90.91,600.89,0
32807,90.91,596.93,0
32819,83.33,598.80,0
32831,83.33,608.02,0
32842,90.91,608.14,0
32854,83.33,607.16,0
32865,90.91,603.68,0
32876,90.91,600.62,0
32887,90.91,600.09,0
32900,76.92,600.18,0
32911,90.91,602.58,0
32922,90.91,606.12,0
32933,90.91,602.15,0
32945,83.33,600.80,0
32956,90.91,603.39,0
32968,83.33,602.46,0
32979,90.91,597.88,0
32991,83.33,601.84,0
33002,90.91,608.00,0
33013,90.91,607.82,0
33025,83.33,604.01,0
33037,83.33,602.83,0
33048,90.91,596.16,0
33059,90.91,595.84,0
33071,83.33,602.50,0
33082,90.91,609.27,0
33094,90.91,607.51,0
33105,83.33,601.86,0
33117,83.33,602.75,0
33128,90.91,604.63,0
33139,90.91,604.23,0
33150,90.91,606.21,0
33163,76.92,606.74,0
33174,90.91,602.84,0
33185,90.91,603.66,0
33197,83.33,609.98,0
33208,90.91,602.78,0
33219,90.91,597.97,0
33231,83.33,601.31,0
33243,83.33,605.58,0
33254,90.91,602.61,0
33265,90.91,606.40,0
33276,90.91,606.64,0
33288,83.33,599.97,0
33300,83.33,597.44,0
33311,90.91,602.41,0
33323,83.33,608.01,0
33334,90.91,610.30,0
33345,90.91,606.64,0
33356,90.91,602.09,0
33369,76.92,598.16,0
33380,90.91,597.40,0
33391,90.91,601.90,0
33402,90.91,605.53,0
33414,83.33,604.44,0
33426,90.91,602.07,0
33437,83.33,602.05,0
33448,90.91,598.33,0
33460,83.33,597.42,0
33471,90.91,599.92,0
33482,90.91,604.37,0
33495,76.92,610.28,0
33506,90.91,603.66,0
33517,90.91,598.98,0
33528,90.91,598.12,0
33540,83.33,595.78,0
33551,90.91,600.89,0
33563,83.33,609.18,0
33574,90.91,609.84,0
33586,83.33,602.04,0
33597,90.91,599.55,0
33608,90.91,602.08,0
33619,90.91,601.22,0
33632,76.92,602.67,0
33643,90.91,608.28,0
33654,90.91,606.73,0
33666,83.33,600.47,0
33677,90.91,605.39,0
33688,90.91,604.41,0
33700,83.33,597.84,0
33712,83.33,599.43,0
33723,90.91,604.79,0
33734,90.91,603.59,0
33745,90.91,603.77,0
33757,83.33,608.02,0
33769,83.33,603.31,0
33780,90.91,595.59,0
33792,83.33,597.74,0
33803,90.91,605.63,0
33814,90.91,605.45,0
33826,90.91,609.28,0
33838,76.92,609.10,0
33849,90.91,599.51,0
33860,90.91,594.49,0
33871,90.91,599.96,0
33883,83.33,608.18,0
33895,83.33,610.11,0
33906,90.91,604.09,0
33917,90.91,599.63,0
33929,83.33,599.05,0
33940,90.91,599.48,0
33951,90.91,604.40,0
33964,76.92,609.48,0
33975,90.91,606.71,0
33986,90.91,599.44,0
33997,90.91,598.64,0
34009,83.33,600.87,0
34020,90.91,604.54,0
34032,83.33,601.75,0
34043,90.91,600.89,0
34055,83.33,603.99,0
34066,90.91,604.26,0
34077,90.91,605.77,0
34088,90.91,603.33,0
34101,76.92,601.57,0
34112,90.91,595.32,0
34123,90.91,597.62,0
34135,83.33,607.05,0
34146,90.91,608.15,0
34158,90.91,606.37,0
34169,83.33,600.76,0
34181,83.33,595.94,0
34192,90.91,599.23,0
34203,90.91,603.30,0
34214,90.91,609.63,0
34227,76.92,606.01,0
34238,90.91,604.42,0
34249,90.91,602.21,0
34260,90.91,597.73,0
34272,83.33,598.60,0
34283,90.91,606.37,0
34295,83.33,604.59,0
34307,83.33,602.26,0
34318,90.91,603.45,0
34329,90.91,605.47,0
34340,90.91,596.76,0
34352,83.33,599.10,0
34364,83.33,605.75,0
34375,90.91,609.32,0
34386,90.91,606.07,0
34398,83.33,606.59,0
34409,90.91,603.66,0
34420,90.91,598.45,0
34433,76.92,597.99,0
34444,90.91,600.99,0
34455,90.91,605.63,0
34466,90.91,605.12,0
34478,83.33,604.53,0
34489,90.91,602.84,0
34501,83.33,598.31,0
34512,90.91,598.46,0
34524,83.33,600.56,0
34535,90.91,603.63,0
34546,90.91,604.89,0
34558,90.91,602.48,0
34570,76.92,603.39,0
34581,90.91,601.92,0
34592,90.91,597.46,0
34604,83.33,601.10,0
34615,90.91,607.67,0
34627,83.33,608.42,0
34638,90.91,603.70,0
34650,83.33,600.49,0
34661,90.91,597.72,0
34672,90.91,599.15,0
34683,90.91,601.40,0
34696,76.92,606.71,0
34707,90.91,603.55,0
34718,90.91,599.55,0
34729,90.91,604.52,0
34741,83.33,604.23,0
34752,90.91,600.17,0
34764,83.33,602.96,0
34776,83.33,604.84,0
34787,90.91,599.37,0
34798,90.91,600.94,0
34809,90.91,608.24,0
34821,83.33,604.84,0
34833,83.33,594.25,0
34844,90.91,597.40,0
34855,90.91,603.72,0
34867,83.33,604.47,0
34878,90.91,605.57,0
34890,90.91,605.76,0
34902,76.92,599.03,0
34913,90.91,595.29,0
34924,90.91,603.91,0
34935,90.91,609.29,0
34947,83.33,608.83,0
34959,83.33,603.66,0
34970,90.91,601.55,0
34981,90.91,597.72,0
34993,83.33,597.02,0
35004,90.91,603.23,0
35015,90.91,606.65,0
35027,83.33,608.56,0
35039,83.33,609.42,0
35050,90.91,604.26,0
35061,90.91,601.71,0
35073,83.33,599.11,0
35084,90.91,603.09,0
35096,83.33,605.59,0
35107,90.91,607.28,0
35119,83.33,602.71,0
35130,90.91,602.24,0
35141,90.91,599.48,0
35152,90.91,599.52,0
35165,76.92,598.21,0
35176,90.91,602.65,0
35187,90.91,603.97,0
35198,90.91,602.65,0
35210,83.33,602.53,0
35222,90.91,603.40,0
35233,83.33,597.62,0
35245,83.33,600.21,0
35256,90.91,607.95,0
35267,90.91,609.62,0
35278,90.91,603.94,0
35291,76.92,605.59,0
35302,90.91,603.45,0
35313,90.91,596.86,0
35324,90.91,595.84,0
35336,83.33,602.35,0
35347,90.91,608.15,0
35359,83.33,603.92,0
35371,83.33,603.42,0
35382,90.91,601.20,0
35393,90.91,595.78,0
35404,90.91,597.90,0
35416,83.33,605.42,0
35428,83.33,608.87,0
35439,90.91,606.35,0
35450,90.91,603.73,0
35462,83.33,599.46,0
35473,90.91,595.05,0
35484,90.91,600.88,0
35496,83.33,608.25,0
35508,83.33,606.23,0
35519,90.91,604.20,0
35530,90.91,602.54,0
35542,83.33,603.68,0
35553,90.91,601.67,0
35565,83.33,599.77,0
35576,90.91,598.76,0
35588,83.33,599.89,0
35599,90.91,602.76,0
35610,90.91,608.49,0
35622,90.91,606.85,0
35634,76.92,598.12,0
35645,90.91,596.48,0
35656,90.91,603.12,0
35667,90.91,608.56,0
35679,83.33,607.05,0
35691,83.33,607.54,0
35702,90.91,601.05,0
35714,83.33,596.27,0
35725,90.91,597.11,0
35736,90.91,603.60,0
35747,90.91,606.38,0
35760,76.92,602.96,0
35771,90.91,604.03,0
35782,90.91,600.06,0
35793,90.91,599.40,0
35805,83.33,605.54,0
35816,90.91,609.40,0
35828,83.33,607.24,0
35840,83.33,600.87,0
35851,90.91,599.39,0
35862,90.91,602.50,0
35873,90.91,600.54,0
35886,83.33,599.47,0
35897,83.33,602.66,0
35908,90.91,602.27,0
35919,90.91,604.85,0
35931,83.33,607.00,0
35942,90.91,604.08,0
35954,83.33,597.83,0
35965,90.91,598.56,0
35977,83.33,603.61,0
35988,90.91,607.90,0
35999,90.91,605.96,0
36011,83.33,603.42,0
36023,83.33,599.82,0
36034,90.91,600.15,0
36045,90.91,601.04,0
36057,83.33,602.63,0
36068,90.91,606.83,0
36079,90.91,604.35,0
36091,83.33,600.42,0
36103,83.33,603.65,0
36114,90.91,598.67,0
36125,90.91,595.22,0
36136,90.91,599.61,0
36148,83.33,604.48,0
36160,83.33,605.68,0
36171,90.91,603.41,0
36183,83.33,601.08,0
36194,90.91,597.98,0
36205,90.91,596.79,0
36216,90.91,602.69,0
36229,76.92,608.60,0
36240,90.91,607.73,0
36251,90.91,603.00,0
36262,90.91,601.01,0
36274,83.33,598.63,0
36286,90.91,601.17,0
36297,83.33,606.05,0
36308,90.91,608.95,0
36320,83.33,603.42,0
36331,90.91,602.16,0
36342,90.91,601.29,0
36355,76.92,601.13,0
36366,90.91,598.91,0
36377,90.91,601.40,0
36388,90.91,602.19,0
36400,83.33,602.63,0
36411,90.91,604.77,0
36423,83.33,607.26,0
36434,90.91,603.26,0
36446,83.33,599.06,0
36457,90.91,599.24,0
36468,90.91,604.70,0
36480,83.33,605.78,0
36492,83.33,606.05,0
36503,90.91,601.81,0
36514,90.91,600.15,0
36526,83.33,598.33,0
36537,90.91,600.48,0
36548,90.91,609.13,0
36560,83.33,613.29,0
36572,83.33,609.13,0
36583,90.91,599.41,0
36594,90.91,596.71,0
36605,90.91,601.80,0
36618,83.33,605.27,0
36629,83.33,606.25,0
36640,90.91,607.59,0
36652,83.33,602.28,0
36663,90.91,601.05,0
36674,90.91,608.61,0
36686,83.33,606.80,0
36698,83.33,602.63,0
36709,90.91,601.62,0
36720,90.91,605.32,0
36731,90.91,608.51,0
36743,83.33,604.59,0
36755,83.33,603.36,0
36766,90.91,598.35,0
36777,90.91,598.13,0
36789,83.33,604.43,0
36800,90.91,608.73,0
36811,90.91,604.65,0
36824,76.92,601.34,0
36835,90.91,601.84,0
36846,90.91,598.46,0
36857,90.91,600.95,0
36869,83.33,608.07,0
36880,90.91,606.30,0
36892,83.33,601.49,0
36903,90.91,601.07,0
36915,83.33,601.52,0
36926,90.91,599.71,0
36937,90.91,599.52,0
36950,90.91,602.52,0
36961,76.92,606.56,0
36972,90.91,606.73,0
36983,90.91,610.00,0
36995,83.33,605.06,0
37006,90.91,601.05,0
37018,83.33,600.33,0
37029,90.91,605.06,0
37041,83.33,610.83,0
37052,90.91,608.97,0
37063,90.91,605.16,0
37074,90.91,602.13,0
37087,76.92,596.89,0
37098,90.91,599.52,0
37109,90.91,607.91,0
37121,83.33,610.83,0
37132,90.91,602.67,0
37143,90.91,598.25,0
37155,83.33,601.55,0
37167,83.33,604.47,0
37178,90.91,604.09,0
37189,90.91,603.30,0
37200,90.91,601.60,0
37212,83.33,596.76,0
37224,83.33,599.57,0
37235,90.91,606.51,0
37246,90.91,603.81,0
37258,83.33,596.97,0
37269,90.91,598.77,0
37280,90.91,606.54,0
37293,76.92,610.99,0
37304,90.91,611.07,0
37315,90.91,604.13,0
37326,90.91,597.95,0
37338,83.33,596.17,0
37350,90.91,603.74,0
37361,83.33,610.86,0
37372,90.91,607.68,0
37384,83.33,601.09,0
37395,90.91,596.43,0
37406,90.91,597.99,0
37419,76.92,603.47,0
37430,90.91,607.41,0
37441,90.91,606.86,0
37452,90.91,601.02,0
37464,83.33,598.15,0
37475,90.91,604.02,0
37487,83.33,604.21,0
37498,90.91,603.55,0
37510,83.33,603.25,0
37521,90.91,602.54,0
37532,90.91,603.77,0
37543,90.91,610.60,0
37556,76.92,608.85,0
37567,90.91,600.49,0
37578,90.91,597.16,0
37590,83.33,602.45,0
37601,90.91,609.71,0
37612,90.91,614.23,0
37624,83.33,608.95,0
37636,83.33,601.87,0
37647,90.91,597.51,0
37658,90.91,597.47,0
37669,90.91,601.09,0
37682,83.33,610.32,0
37693,83.33,608.48,0
37704,90.91,604.71,0
37715,90.91,601.48,0
37727,83.33,602.68,0
37738,90.91,602.10,0
37750,83.33,603.03,0
37762,83.33,607.03,0
37773,90.91,605.36,0
37784,90.91,604.13,0
37795,90.91,602.64,0
37807,83.33,600.83,0
37819,83.33,598.40,0
37830,90.91,600.14,0
37841,90.91,607.86,0
37853,83.33,607.32,0
37864,90.91,605.59,0
37875,90.91,603.89,0
37888,76.92,602.17,0
37899,90.91,596.24,0
37910,90.91,599.54,0
37921,90.91,607.99,0
37933,83.33,607.86,0
37944,90.91,602.61,0
37956,83.33,604.47,0
37967,90.91,605.46,0
37979,83.33,599.99,0
37990,90.91,599.18,0
38001,90.91,606.93,0
38013,90.91,610.48,0
38025,76.92,607.47,0
38036,90.91,605.08,0
38047,90.91,602.60,0
38059,83.33,597.08,0
38070,90.91,600.77,0
38082,83.33,608.47,0
38093,90.91,608.37,0
38105,83.33,604.83,0
38116,90.91,603.50,0
38127,90.91,600.38,0
38138,90.91,598.44,0
38151,76.92,603.47,0
38162,90.91,608.12,0
38173,90.91,606.44,0
38184,90.91,600.11,0
38196,83.33,602.49,0
38207,90.91,602.60,0
38219,83.33,599.34,0
38231,83.33,599.71,0
38242,90.91,604.51,0
38253,90.91,602.57,0
38264,90.91,602.30,0
38276,83.33,604.06,0
38288,83.33,603.29,0
38299,90.91,596.89,0
38310,90.91,597.16,0
38322,83.33,601.48,0
38333,90.91,602.26,0
38345,90.91,605.99,0
38356,83.33,606.69,0
38368,83.33,600.88,0
38379,90.91,594.97,0
38390,90.91,598.82,0
38402,83.33,607.08,0
38414,83.33,605.91,0
38425,90.91,605.81,0
38436,90.91,606.98,0
38448,83.33,602.26,0
38459,90.91,601.59,0
38470,90.91,605.70,0
38482,83.33,609.14,0
38494,83.33,608.45,0
38505,90.91,607.53,0
38516,90.91,604.64,0
38528,83.33,602.17,0
38539,90.91,602.69,0
38551,83.33,603.73,0
38562,90.91,603.25,0
38574,83.33,605.04,0
38585,90.91,607.45,0
38596,90.91,605.20,0
38607,90.91,600.78,0
38620,76.92,601.83,0
38631,90.91,601.49,0
38642,90.91,601.63,0
38653,90.91,604.07,0
38665,83.33,606.06,0
38676,90.91,603.47,0
38688,83.33,600.95,0
38700,83.33,597.78,0
38711,90.91,594.92,0
38722,90.91,600.33,0
38733,90.91,611.37,0
38746,83.33,610.99,0
38757,83.33,605.37,0
38768,90.91,602.00,0
38779,90.91,600.44,0
38791,83.33,597.25,0
38802,90.91,603.09,0
38814,83.33,609.61,0
38825,90.91,603.32,0
