66,15.15,-196.93,0
77,90.91,-196.68,0
89,83.33,-196.12,0
100,90.91,-195.28,0
111,90.91,-195.01,0
123,83.33,-194.46,0
135,83.33,-194.37,0
146,90.91,-195.27,0
157,90.91,-195.65,0
168,90.91,-195.80,0
180,83.33,-195.60,0
192,83.33,-195.33,0
203,90.91,-194.92,0
215,83.33,-195.27,0
226,90.91,-195.89,0
237,90.91,-195.31,0
248,90.91,-196.08,0
261,76.92,-196.96,0
272,90.91,-196.93,0
283,90.91,-196.99,0
294,90.91,-196.51,0
306,83.33,-195.63,0
317,90.91,-195.15,0
329,83.33,-194.56,0
340,90.91,-194.38,0
352,83.33,-194.43,0
363,90.91,-195.34,0
374,90.91,-195.42,0
386,83.33,-195.28,0
398,83.33,-195.75,0
409,90.91,-196.72,0
420,90.91,-196.24,0
432,83.33,-195.67,0
443,90.91,-195.85,0
454,90.91,-196.04,0
466,83.33,-196.23,0
478,83.33,-196.14,0
489,90.91,-196.09,0
500,90.91,-196.09,0
512,83.33,-195.70,0
523,90.91,-195.15,0
535,83.33,-195.16,0
546,90.91,-194.87,0
558,83.33,-194.76,0
569,90.91,-194.79,0
580,90.91,-195.27,0
591,90.91,-195.13,0
604,76.92,-195.35,0
615,90.91,-196.07,0
626,90.91,-196.15,0
637,90.91,-196.33,0
649,83.33,-195.99,0
660,90.91,-195.81,0
672,83.33,-196.28,0
684,83.33,-195.42,0
695,90.91,-195.36,0
706,90.91,-195.56,0
717,90.91,-195.54,0
729,83.33,-195.82,0
741,83.33,-195.33,0
752,90.91,-195.38,0
763,90.91,-195.26,0
775,83.33,-195.42,0
786,90.91,-195.26,0
797,90.91,-195.51,0
809,83.33,-195.79,0
821,83.33,-195.25,0
832,90.91,-196.09,0
843,90.91,-196.09,0
855,83.33,-195.87,0
866,90.91,-195.49,0
878,83.33,-195.67,0
889,90.91,-196.48,0
901,83.33,-196.13,0
912,90.91,-195.76,0
923,90.91,-195.18,0
934,90.91,-195.02,0
947,76.92,-194.85,0
958,90.91,-195.08,0
969,90.91,-195.16,0
980,90.91,-195.25,0
992,83.33,-195.82,0
1003,90.91,-195.81,0
1015,83.33,-195.82,0
1027,83.33,-195.61,0
1038,90.91,-195.93,0
1049,90.91,-196.28,0
1060,90.91,-196.01,0
1072,83.33,-195.99,0
1084,83.33,-196.30,0
1095,90.91,-195.99,0
1106,90.91,-196.05,0
1118,83.33,-196.52,0
1129,90.91,-195.93,0
1140,90.91,-194.93,0
1153,76.92,-195.11,0
1164,90.91,-194.84,0
1175,90.91,-195.11,0
1186,90.91,-195.53,0
1198,83.33,-195.36,0
1209,90.91,-196.11,0
1221,83.33,-196.60,0
1232,90.91,-196.78,0
1244,83.33,-196.41,0
1255,90.91,-196.30,0
1266,90.91,-196.67,0
1277,90.91,-196.24,0
1290,76.92,-195.53,0
1301,90.91,-195.90,0
1312,90.91,-195.53,0
1324,83.33,-195.64,0
1335,90.91,-195.99,0
1346,90.91,-195.32,0
1358,83.33,-194.57,0
1370,83.33,-194.43,0
1381,90.91,-194.10,0
1392,90.91,-194.46,0
1403,90.91,-194.67,0
1415,83.33,-195.49,0
1427,83.33,-196.30,0
1438,90.91,-196.85,0
1449,90.91,-197.24,0
1461,83.33,-196.59,0
1472,90.91,-196.48,0
1483,90.91,-196.37,0
1496,76.92,-195.90,0
1507,90.91,-194.90,0
1518,90.91,-194.78,0
1529,90.91,-194.72,0
1541,83.33,-194.45,0
1552,90.91,-194.55,0
1564,83.33,-194.78,0
1575,90.91,-194.80,0
1587,83.33,-194.90,0
1598,90.91,-195.23,0
1609,90.91,-195.40,0
1620,90.91,-195.48,0
1633,76.92,-195.03,0
1644,90.91,-195.95,0
1655,90.91,-196.23,0
1667,83.33,-195.94,0
1678,90.91,-196.18,0
1690,90.91,-196.11,0
1701,83.33,-195.96,0
1713,83.33,-195.81,0
1724,90.91,-195.14,0
1735,90.91,-194.59,0
1746,90.91,-194.26,0
1759,83.33,-193.88,0
1770,83.33,-194.17,0
1781,90.91,-194.39,0
1793,83.33,-195.38,0
1804,90.91,-195.50,0
1815,90.91,-196.24,0
1827,90.91,-197.20,0
1839,76.92,-197.24,0
1850,90.91,-197.91,0
1861,90.91,-197.08,0
1872,90.91,-196.96,0
1884,83.33,-195.85,0
1896,83.33,-195.88,0
1907,90.91,-195.77,0
1918,90.91,-195.74,0
1930,83.33,-195.99,0
1941,90.91,-195.75,0
1952,90.91,-195.40,0
1965,76.92,-195.27,0
1976,90.91,-195.43,0
1987,90.91,-195.08,0
1998,90.91,-195.29,0
2010,83.33,-195.53,0
2021,90.91,-195.84,0
2033,83.33,-196.51,0
2044,90.91,-197.22,0
2056,83.33,-197.52,0
2067,90.91,-197.41,0
2078,90.91,-197.19,0
2089,90.91,-196.70,0
2102,76.92,-196.24,0
2113,90.91,-195.55,0
2124,90.91,-194.77,0
2136,83.33,-194.96,0
2147,90.91,-194.91,0
2158,90.91,-194.36,0
2170,83.33,-195.02,0
2182,83.33,-194.91,0
2193,90.91,-194.78,0
2204,90.91,-194.75,0
2215,90.91,-194.81,0
2227,83.33,-194.86,0
2239,83.33,-195.16,0
2250,90.91,-195.89,0
2262,83.33,-196.52,0
2273,90.91,-196.70,0
2284,90.91,-196.59,0
2295,90.91,-196.84,0
2308,76.92,-196.10,0
2319,90.91,-195.72,0
2330,90.91,-195.37,0
2341,90.91,-194.60,0
2353,83.33,-194.99,0
2364,90.91,-195.17,0
2376,83.33,-195.29,0
2387,90.91,-195.42,0
2399,83.33,-195.63,0
2410,90.91,-195.63,0
2421,90.91,-195.56,0
2433,83.33,-195.75,0
2445,83.33,-195.57,0
2456,90.91,-195.62,0
2467,90.91,-195.70,0
2479,83.33,-195.28,0
2490,90.91,-195.68,0
2501,90.91,-195.97,0
2513,83.33,-196.27,0
2525,83.33,-195.73,0
2536,90.91,-195.73,0
2547,90.91,-195.98,0
2558,90.91,-195.43,0
2570,83.33,-195.69,0
2582,83.33,-195.40,0
2593,90.91,-194.18,0
2605,83.33,-194.81,0
2616,90.91,-195.35,0
2627,90.91,-195.65,0
2638,90.91,-196.04,0
2651,76.92,-196.24,0
2662,90.91,-196.26,0
2673,90.91,-196.24,0
2684,90.91,-196.09,0
2696,83.33,-195.79,0
2707,90.91,-195.25,0
2719,83.33,-194.99,0
2731,83.33,-195.52,0
2742,90.91,-195.37,0
2753,90.91,-195.51,0
2764,90.91,-196.11,0
2776,83.33,-196.12,0
2788,83.33,-195.28,0
2799,90.91,-195.36,0
2810,90.91,-194.97,0
2822,83.33,-194.90,0
2833,90.91,-195.20,0
2844,90.91,-195.22,0
2856,83.33,-195.56,0
2868,83.33,-196.32,0
2879,90.91,-197.02,0
2890,90.91,-196.99,0
2902,83.33,-196.46,0
2914,90.91,-196.12,0
2925,83.33,-195.43,0
2936,90.91,-195.08,0
2948,83.33,-194.98,0
2959,90.91,-195.24,0
2970,90.91,-195.48,0
2982,90.91,-195.84,0
2994,76.92,-195.86,0
3005,90.91,-195.13,0
3016,90.91,-194.40,0
3027,90.91,-194.54,0
3039,83.33,-194.77,0
3051,90.91,-195.75,0
3062,83.33,-195.54,0
3074,83.33,-196.51,0
3085,90.91,-196.57,0
3096,90.91,-197.28,0
3107,90.91,-197.34,0
3120,76.92,-196.28,0
3131,90.91,-195.52,0
3142,90.91,-195.22,0
3153,90.91,-195.91,0
3165,83.33,-195.70,0
3176,90.91,-194.73,0
3188,83.33,-194.58,0
3200,83.33,-194.36,0
3211,90.91,-195.12,0
3222,90.91,-196.26,0
3233,90.91,-196.36,0
3245,83.33,-195.94,0
3257,83.33,-196.42,0
3268,90.91,-196.69,0
3279,90.91,-196.71,0
3291,83.33,-196.46,0
3302,90.91,-195.99,0
3313,90.91,-195.36,0
3325,83.33,-195.58,0
3337,83.33,-195.69,0
3348,90.91,-195.74,0
3359,90.91,-195.52,0
3371,83.33,-195.37,0
3382,90.91,-195.43,0
3394,83.33,-194.53,0
3405,90.91,-194.16,0
3417,83.33,-194.18,0
3428,90.91,-194.54,0
3439,90.91,-195.23,0
3450,90.91,-195.90,0
3463,76.92,-196.58,0
3474,90.91,-196.62,0
3485,90.91,-196.37,0
3496,90.91,-196.27,0
3508,83.33,-195.84,0
3519,90.91,-196.00,0
3531,83.33,-195.48,0
3543,83.33,-195.54,0
3554,90.91,-195.86,0
3565,90.91,-195.94,0
3576,90.91,-195.47,0
3588,83.33,-195.46,0
3600,83.33,-195.75,0
3611,90.91,-195.78,0
3622,90.91,-195.90,0
3634,83.33,-194.74,0
3645,90.91,-194.71,0
3656,90.91,-194.97,0
3668,83.33,-195.00,0
3680,83.33,-195.50,0
3691,90.91,-195.97,0
3702,90.91,-196.92,0
3714,83.33,-196.79,0
3725,90.91,-196.29,0
3737,83.33,-196.42,0
3748,90.91,-196.17,0
3760,83.33,-195.98,0
3771,90.91,-195.89,0
3782,90.91,-195.65,0
3793,90.91,-196.10,0
3806,76.92,-196.22,0
3817,90.91,-196.47,0
3828,90.91,-196.06,0
3840,83.33,-195.91,0
3851,90.91,-195.67,0
3862,90.91,-195.79,0
3874,83.33,-195.30,0
3886,83.33,-195.27,0
3897,90.91,-195.51,0
3908,90.91,-195.41,0
3919,90.91,-195.86,0
3932,83.33,-196.21,0
3943,83.33,-196.31,0
3954,90.91,-196.15,0
3965,90.91,-195.61,0
3977,83.33,-195.46,0
3988,90.91,-195.46,0
4000,90.91,-195.19,0
4012,76.92,-195.05,0
4023,90.91,-194.92,0
4034,90.91,-194.87,0
4045,90.91,-195.71,0
4057,83.33,-195.72,0
4069,90.91,-195.51,0
4080,83.33,-195.64,0
4091,90.91,-195.67,0
4103,83.33,-195.55,0
4114,90.91,-195.74,0
4125,90.91,-196.12,0
4137,83.33,-195.41,0
4149,83.33,-195.37,0
4160,90.91,-196.16,0
4171,90.91,-195.94,0
4183,83.33,-195.90,0
4194,90.91,-195.94,0
4206,83.33,-195.29,0
4217,90.91,-194.70,0
4229,83.33,-194.70,0
4240,90.91,-194.84,0
4251,90.91,-195.23,0
4262,90.91,-195.05,0
4275,76.92,-195.50,0
4286,90.91,-196.05,0
4297,90.91,-195.99,0
4308,90.91,-196.00,0
4320,83.33,-196.01,0
4331,90.91,-195.63,0
4343,83.33,-195.38,0
4355,83.33,-195.52,0
4366,90.91,-195.35,0
4377,90.91,-195.21,0
4388,90.91,-195.44,0
4400,83.33,-195.54,0
4412,83.33,-196.46,0
4423,90.91,-196.29,0
4434,90.91,-195.72,0
4446,83.33,-195.41,0
4457,90.91,-195.80,0
4468,90.91,-195.33,0
4481,76.92,-194.89,0
4492,90.91,-195.25,0
4503,90.91,-195.00,0
4514,90.91,-195.89,0
4526,83.33,-196.98,0
4537,90.91,-196.84,0
4549,83.33,-196.51,0
4560,90.91,-196.16,0
4572,83.33,-196.03,0
4583,90.91,-195.60,0
4594,90.91,-195.28,0
4605,90.91,-195.37,0
4618,76.92,-195.62,0
4629,90.91,-195.38,0
4640,90.91,-195.49,0
4652,83.33,-196.14,0
4663,90.91,-195.77,0
4674,90.91,-195.78,0
4686,83.33,-195.60,0
4698,83.33,-196.02,0
4709,90.91,-196.16,0
4720,90.91,-195.41,0
4731,90.91,-195.50,0
4743,83.33,-196.03,0
4755,83.33,-196.85,0
4766,90.91,-196.16,0
4777,90.91,-195.81,0
4789,83.33,-195.90,0
4800,90.91,-195.55,0
4811,90.91,-195.04,0
4824,76.92,-194.28,0
4835,90.91,-194.41,0
4846,90.91,-194.87,0
4857,90.91,-195.66,0
4869,83.33,-196.04,0
4880,90.91,-196.41,0
4892,83.33,-195.58,0
4903,90.91,-195.84,0
4915,83.33,-196.55,0
4926,90.91,-196.49,0
4937,90.91,-196.36,0
4948,90.91,-195.46,0
4961,76.92,-195.45,0
4972,90.91,-195.78,0
4983,90.91,-196.00,0
4995,83.33,-195.65,0
5006,90.91,-195.88,0
5018,90.91,-195.44,0
5029,83.33,-195.59,0
5041,83.33,-195.24,0
5052,90.91,-195.32,0
5063,90.91,-195.31,0
5074,90.91,-195.18,0
5087,83.33,-195.17,0
5098,83.33,-196.16,0
5109,90.91,-196.96,0
5121,83.33,-196.90,0
5132,90.91,-196.25,0
5143,90.91,-196.21,0
5155,90.91,-195.41,0
5167,76.92,-195.23,0
5178,90.91,-195.15,0
5189,90.91,-194.93,0
5200,90.91,-195.20,0
5212,83.33,-195.59,0
5224,90.91,-195.43,0
5235,83.33,-195.41,0
5246,90.91,-195.92,0
5258,83.33,-195.68,0
5269,90.91,-195.59,0
5280,90.91,-196.02,0
5293,83.33,-195.57,0
5304,83.33,-195.50,0
5315,90.91,-195.97,0
5326,90.91,-196.36,0
5338,83.33,-196.12,0
5349,90.91,-196.03,0
5361,83.33,-196.72,0
5372,90.91,-196.57,0
5384,83.33,-195.48,0
5395,90.91,-195.11,0
5406,90.91,-194.84,0
5417,90.91,-194.86,0
5430,76.92,-195.44,0
5441,90.91,-194.59,0
5452,90.91,-194.57,0
5464,83.33,-195.63,0
5475,90.91,-196.37,0
5486,90.91,-196.22,0
5498,83.33,-196.15,0
5510,83.33,-196.51,0
5521,90.91,-196.48,0
5532,90.91,-196.00,0
5543,90.91,-195.84,0
5555,83.33,-195.68,0
5567,83.33,-195.96,0
5578,90.91,-195.90,0
5590,83.33,-195.49,0
5601,90.91,-195.08,0
5612,90.91,-195.05,0
5623,90.91,-195.26,0
5636,76.92,-194.85,0
5647,90.91,-194.23,0
5658,90.91,-194.74,0
5669,90.91,-195.31,0
5681,83.33,-195.74,0
5692,90.91,-196.24,0
5704,83.33,-196.18,0
5715,90.91,-195.99,0
5727,83.33,-195.98,0
5738,90.91,-196.16,0
5749,90.91,-195.98,0
5761,83.33,-195.60,0
5773,83.33,-195.00,0
5784,90.91,-194.66,0
5795,90.91,-195.51,0
5807,83.33,-196.33,0
5818,90.91,-196.17,0
5829,90.91,-195.55,0
5841,83.33,-195.48,0
5853,83.33,-194.64,0
5864,90.91,-194.49,0
5875,90.91,-194.69,0
5886,90.91,-195.24,0
5898,83.33,-195.48,0
5910,83.33,-195.70,0
5921,90.91,-196.30,0
5933,83.33,-196.46,0
5944,90.91,-196.20,0
5955,90.91,-196.47,0
5966,90.91,-196.07,0
5979,76.92,-195.56,0
5990,90.91,-195.53,0
6001,90.91,-195.90,0
6012,90.91,-195.87,0
6024,83.33,-195.21,0
6035,90.91,-195.47,0
6047,83.33,-195.42,0
6059,83.33,-195.08,0
6070,90.91,-195.44,0
6081,90.91,-195.54,0
6092,90.91,-194.99,0
6105,83.33,-195.13,0
6116,83.33,-195.75,0
6127,90.91,-196.15,0
6138,90.91,-195.81,0
6150,83.33,-195.96,0
6161,90.91,-196.41,0
6173,90.91,-196.48,0
6184,83.33,-196.12,0
6196,83.33,-195.64,0
6207,90.91,-195.11,0
6218,90.91,-194.81,0
6230,83.33,-194.61,0
6242,90.91,-194.67,0
6253,83.33,-195.20,0
6264,90.91,-195.51,0
6276,83.33,-195.57,0
6287,90.91,-195.83,0
6298,90.91,-196.18,0
6310,90.91,-196.35,0
6322,83.33,-196.15,0
6333,90.91,-196.27,0
6344,90.91,-196.44,0
6355,90.91,-195.42,0
6367,83.33,-195.27,0
6379,83.33,-195.16,0
6390,90.91,-195.43,0
6402,83.33,-195.10,0
6413,90.91,-195.25,0
6424,90.91,-195.56,0
6435,90.91,-195.14,0
6448,76.92,-195.08,0
6459,90.91,-194.91,0
6470,90.91,-194.91,0
6481,90.91,-195.38,0
6493,83.33,-195.84,0
6504,90.91,-196.00,0
6516,83.33,-195.88,0
6528,83.33,-195.93,0
6539,90.91,-196.14,0
6550,90.91,-195.75,0
6561,90.91,-195.32,0
6573,83.33,-195.99,0
6585,83.33,-196.04,0
6596,90.91,-195.82,0
6607,90.91,-195.88,0
6619,83.33,-195.94,0
6630,90.91,-195.37,0
6641,90.91,-195.51,0
6653,83.33,-195.51,0
6665,83.33,-195.27,0
6676,90.91,-194.82,0
6687,90.91,-194.64,0
6699,83.33,-195.07,0
6710,90.91,-195.77,0
6722,83.33,-195.53,0
6733,90.91,-195.75,0
6745,83.33,-196.20,0
6756,90.91,-196.97,0
6767,90.91,-196.58,0
6778,90.91,-196.58,0
6791,76.92,-196.21,0
6802,90.91,-195.50,0
6813,90.91,-195.32,0
6824,90.91,-194.92,0
6836,83.33,-195.51,0
6847,90.91,-195.31,0
6859,83.33,-195.22,0
6871,83.33,-195.60,0
6882,90.91,-195.96,0
6893,90.91,-196.00,0
6904,90.91,-196.34,0
6916,83.33,-195.86,0
6928,83.33,-195.97,0
6939,90.91,-196.32,0
6950,90.91,-195.55,0
6962,83.33,-195.59,0
6973,90.91,-195.79,0
6984,90.91,-196.24,0
6996,83.33,-195.98,0
7008,83.33,-196.06,0
7019,90.91,-195.64,0
7030,90.91,-194.53,0
7042,83.33,-194.99,0
7053,90.91,-195.11,0
7065,83.33,-195.38,0
7076,90.91,-195.62,0
7088,83.33,-195.82,0
7099,90.91,-196.12,0
7110,90.91,-196.40,0
7121,90.91,-196.31,0
7134,76.92,-196.12,0
7145,90.91,-196.04,0
7156,90.91,-195.82,0
7168,83.33,-195.29,0
7179,90.91,-195.17,0
7190,90.91,-195.96,0
7202,83.33,-195.78,0
7214,83.33,-194.97,0
7225,90.91,-195.40,0
7236,90.91,-195.65,0
7247,90.91,-195.38,0
7259,83.33,-195.20,0
7271,83.33,-195.20,0
7282,90.91,-194.99,0
7293,90.91,-195.45,0
7305,83.33,-196.30,0
7316,90.91,-196.11,0
7327,90.91,-196.22,0
7340,76.92,-196.49,0
7351,90.91,-196.66,0
7362,90.91,-196.23,0
7373,90.91,-196.02,0
7385,83.33,-196.04,0
7397,90.91,-195.37,0
7408,83.33,-194.99,0
7419,90.91,-195.71,0
7431,83.33,-195.81,0
7442,90.91,-195.50,0
7453,90.91,-195.15,0
7465,90.91,-195.49,0
7477,76.92,-195.91,0
7488,90.91,-195.89,0
7499,90.91,-195.95,0
7511,83.33,-195.27,0
7522,90.91,-194.88,0
7534,90.91,-196.06,0
7545,83.33,-196.05,0
7557,83.33,-195.87,0
7568,90.91,-196.18,0
7579,90.91,-195.65,0
7590,90.91,-196.22,0
7603,83.33,-196.05,0
7614,83.33,-195.69,0
7625,90.91,-195.90,0
7636,90.91,-195.44,0
7648,83.33,-195.39,0
7659,90.91,-194.96,0
7671,90.91,-195.35,0
7683,76.92,-195.94,0
7694,90.91,-196.01,0
7705,90.91,-196.58,0
7716,90.91,-196.68,0
7728,83.33,-196.59,0
7740,90.91,-196.50,0
7751,83.33,-196.17,0
7762,90.91,-195.62,0
7774,83.33,-195.66,0
7785,90.91,-195.83,0
7796,90.91,-195.83,0
7809,76.92,-195.74,0
7820,90.91,-196.50,0
7831,90.91,-196.35,0
7842,90.91,-195.16,0
7854,83.33,-195.15,0
7865,90.91,-195.14,0
7877,83.33,-195.29,0
7888,90.91,-195.72,0
7900,83.33,-195.71,0
7911,90.91,-196.27,0
7922,90.91,-196.25,0
7933,90.91,-196.46,0
7946,76.92,-196.46,0
7957,90.91,-196.16,0
7968,90.91,-195.69,0
7980,83.33,-195.59,0
7991,90.91,-195.06,0
8002,90.91,-195.58,0
8014,83.33,-195.61,0
8026,83.33,-195.57,0
8037,90.91,-195.53,0
8048,90.91,-195.02,0
8059,90.91,-195.12,0
8071,83.33,-195.52,0
8083,83.33,-195.99,0
8094,90.91,-195.13,0
8105,90.91,-195.02,0
8117,83.33,-195.17,0
8128,90.91,-195.47,0
8139,90.91,-195.76,0
8152,76.92,-196.06,0
8163,90.91,-196.04,0
8174,90.91,-195.85,0
8185,90.91,-195.86,0
8197,83.33,-196.54,0
8208,90.91,-196.52,0
8220,83.33,-196.21,0
8231,90.91,-196.05,0
8243,83.33,-195.51,0
8254,90.91,-195.35,0
8265,90.91,-195.70,0
8276,90.91,-195.67,0
8289,76.92,-195.44,0
8300,90.91,-196.03,0
8311,90.91,-196.06,0
8323,83.33,-196.05,0
8334,90.91,-195.25,0
8345,90.91,-195.25,0
8357,83.33,-195.23,0
8369,83.33,-195.00,0
8380,90.91,-194.58,0
8391,90.91,-194.96,0
8402,90.91,-196.23,0
8414,83.33,-196.72,0
8426,83.33,-196.39,0
8437,90.91,-196.21,0
8449,83.33,-196.04,0
8460,90.91,-195.75,0
8471,90.91,-195.57,0
8482,90.91,-195.15,0
8495,76.92,-195.23,0
8506,90.91,-195.50,0
8517,90.91,-194.97,0
8528,90.91,-195.57,0
8540,83.33,-196.56,0
8551,90.91,-195.95,0
8563,83.33,-195.69,0
8574,90.91,-195.57,0
8586,83.33,-194.95,0
8597,90.91,-195.02,0
8608,90.91,-195.69,0
8620,83.33,-195.91,0
8632,83.33,-195.98,0
8643,90.91,-196.38,0
8654,90.91,-196.59,0
8666,83.33,-196.50,0
8677,90.91,-195.80,0
8688,90.91,-195.65,0
8700,83.33,-195.10,0
8712,83.33,-195.18,0
8723,90.91,-195.47,0
8734,90.91,-195.62,0
8745,90.91,-195.77,0
8757,83.33,-195.89,0
8769,83.33,-195.85,0
8780,90.91,-195.49,0
8792,83.33,-195.71,0
8803,90.91,-195.88,0
8814,90.91,-195.81,0
8825,90.91,-195.21,0
8838,76.92,-195.34,0
8849,90.91,-195.54,0
8860,90.91,-195.64,0
8871,90.91,-195.82,0
8883,83.33,-196.04,0
8895,90.91,-196.05,0
8906,83.33,-196.43,0
8918,83.33,-196.46,0
8929,90.91,-196.61,0
8940,90.91,-196.52,0
8951,90.91,-195.76,0
8964,83.33,-195.82,0
8975,83.33,-195.43,0
8986,90.91,-195.22,0
8997,90.91,-195.42,0
9009,83.33,-195.35,0
9020,90.91,-195.39,0
9032,90.91,-195.28,0
9043,83.33,-195.21,0
9055,83.33,-194.93,0
9066,90.91,-195.40,0
9077,90.91,-195.37,0
9089,83.33,-195.48,0
9101,90.91,-195.80,0
9112,90.91,-196.34,0
9123,90.91,-196.25,0
9135,83.33,-195.86,0
9146,90.91,-195.98,0
9157,90.91,-196.00,0
9169,83.33,-195.27,0
9181,83.33,-194.98,0
9192,90.91,-194.56,0
9203,90.91,-194.66,0
9214,90.91,-194.86,0
9226,83.33,-195.59,0
9238,83.33,-196.03,0
9249,90.91,-196.00,0
9261,83.33,-196.11,0
9272,90.91,-196.15,0
9283,90.91,-196.29,0
9294,90.91,-196.13,0
9307,76.92,-196.43,0
9318,90.91,-196.26,0
9329,90.91,-196.39,0
9340,90.91,-196.59,0
9352,83.33,-196.36,0
9363,90.91,-195.67,0
9375,83.33,-195.79,0
9387,83.33,-195.42,0
9398,90.91,-195.11,0
9409,90.91,-194.72,0
9420,90.91,-194.70,0
9432,83.33,-195.33,0
9444,83.33,-195.84,0
9455,90.91,-196.39,0
9466,90.91,-196.65,0
9478,83.33,-196.91,0
9489,90.91,-196.90,0
9500,90.91,-196.61,0
9512,83.33,-196.13,0
9524,83.33,-195.49,0
9535,90.91,-195.26,0
9546,90.91,-195.58,0
9558,83.33,-195.61,0
9569,90.91,-195.92,0
9581,83.33,-195.82,0
9592,90.91,-195.33,0
9604,83.33,-195.30,0
9615,90.91,-195.63,0
9626,90.91,-195.10,0
9637,90.91,-195.33,0
9650,76.92,-195.58,0
9661,90.91,-195.59,0
9672,90.91,-195.72,0
9683,90.91,-196.39,0
9695,83.33,-195.89,0
9706,90.91,-195.84,0
9718,83.33,-195.50,0
9730,83.33,-195.52,0
9741,90.91,-195.17,0
9752,90.91,-195.03,0
9763,90.91,-195.41,0
9775,83.33,-195.08,0
9787,83.33,-195.28,0
9798,90.91,-195.22,0
9809,90.91,-195.69,0
9821,83.33,-195.87,0
9832,90.91,-196.31,0
9843,90.91,-195.75,0
9856,76.92,-195.97,0
9867,90.91,-195.57,0
9878,90.91,-195.43,0
9889,90.91,-195.69,0
9901,83.33,-195.36,0
9912,90.91,-195.12,0
9924,83.33,-195.38,0
9935,90.91,-195.70,0
9947,83.33,-195.62,0
9958,90.91,-195.86,0
9969,90.91,-196.07,0
9980,90.91,-195.59,0
9993,76.92,-195.30,0
10004,90.91,-194.71,0
10015,90.91,-194.69,0
10027,83.33,-195.04,0
10038,90.91,-195.31,0
10049,90.91,-195.35,0
10061,83.33,-195.74,0
10073,83.33,-196.41,0
10084,90.91,-195.96,0
10095,90.91,-195.87,0
10106,90.91,-196.06,0
10118,83.33,-195.97,0
10130,83.33,-196.13,0
10141,90.91,-196.08,0
10152,90.91,-195.61,0
10164,83.33,-195.90,0
10175,90.91,-196.23,0
10186,90.91,-195.83,0
10199,76.92,-196.09,0
10210,90.91,-195.93,0
10221,90.91,-195.50,0
10232,90.91,-195.44,0
10244,83.33,-195.37,0
10255,90.91,-195.71,0
10267,83.33,-195.89,0
10278,90.91,-195.78,0
10290,83.33,-196.43,0
10301,90.91,-196.08,0
10312,90.91,-196.04,0
10324,90.91,-195.48,0
10336,76.92,-194.79,0
10347,90.91,-195.34,0
10358,90.91,-195.97,0
10370,83.33,-196.00,0
10381,90.91,-195.26,0
10393,90.91,-195.12,0
10404,83.33,-195.69,0
10416,83.33,-195.09,0
10427,90.91,-195.06,0
10438,90.91,-195.23,0
10449,90.91,-195.63,0
10462,83.33,-195.34,0
10473,83.33,-195.02,0
10484,90.91,-195.36,0
10496,83.33,-195.94,0
10507,90.91,-196.01,0
10518,90.91,-195.63,0
10530,90.91,-195.99,0
10542,76.92,-196.22,0
10553,90.91,-196.19,0
10564,90.91,-195.56,0
10575,90.91,-195.73,0
10587,83.33,-195.54,0
10599,90.91,-195.21,0
10610,83.33,-195.31,0
10621,90.91,-195.36,0
10633,83.33,-195.22,0
10644,90.91,-195.54,0
10655,90.91,-196.23,0
10668,76.92,-196.05,0
10679,90.91,-196.29,0
10690,90.91,-195.52,0
10701,90.91,-195.68,0
10713,83.33,-195.65,0
10724,90.91,-195.54,0
10736,83.33,-195.99,0
10747,90.91,-196.25,0
10759,83.33,-196.00,0
10770,90.91,-196.37,0
10781,90.91,-195.73,0
10792,90.91,-195.97,0
10805,76.92,-195.58,0
10816,90.91,-195.34,0
10827,90.91,-194.48,0
10839,83.33,-194.26,0
10850,90.91,-194.90,0
10861,90.91,-195.79,0
10873,83.33,-195.71,0
10885,83.33,-195.86,0
10896,90.91,-196.53,0
10907,90.91,-196.21,0
10918,90.91,-196.08,0
10930,83.33,-195.95,0
10942,83.33,-195.49,0
10953,90.91,-196.02,0
10964,90.91,-196.36,0
10976,83.33,-195.89,0
10987,90.91,-195.99,0
10998,90.91,-195.80,0
11011,76.92,-195.47,0
11022,90.91,-195.48,0
11033,90.91,-195.41,0
11044,90.91,-194.45,0
11056,83.33,-194.69,0
11067,90.91,-194.89,0
11079,83.33,-195.11,0
11090,90.91,-195.49,0
11102,83.33,-196.19,0
11113,90.91,-196.89,0
11124,90.91,-196.90,0
11136,83.33,-196.57,0
11148,83.33,-196.18,0
11159,90.91,-195.91,0
11170,90.91,-195.49,0
11182,83.33,-196.00,0
11193,90.91,-195.58,0
11204,90.91,-195.48,0
11216,83.33,-195.56,0
11228,83.33,-195.12,0
11239,90.91,-194.78,0
11250,90.91,-195.48,0
11261,90.91,-195.73,0
11273,83.33,-195.27,0
11285,83.33,-195.78,0
11296,90.91,-196.21,0
11308,83.33,-196.01,0
11319,90.91,-195.75,0
11330,90.91,-195.84,0
11341,90.91,-195.79,0
11354,76.92,-195.85,0
11365,90.91,-196.12,0
11376,90.91,-195.86,0
11387,90.91,-195.81,0
11399,83.33,-195.40,0
11410,90.91,-195.62,0
11422,83.33,-195.38,0
11433,90.91,-195.30,0
11445,83.33,-195.34,0
11456,90.91,-195.51,0
11467,90.91,-195.24,0
11479,83.33,-195.87,0
11491,83.33,-195.61,0
11502,90.91,-195.88,0
11513,90.91,-196.19,0
11525,83.33,-195.80,0
11536,90.91,-194.96,0
11547,90.91,-195.55,0
11559,83.33,-196.22,0
11571,83.33,-196.28,0
11582,90.91,-195.85,0
11593,90.91,-194.59,0
11604,90.91,-194.69,0
11616,83.33,-195.38,0
11628,83.33,-195.51,0
11639,90.91,-194.69,0
11651,83.33,-194.91,0
11662,90.91,-195.00,0
11673,90.91,-195.18,0
11684,90.91,-195.60,0
11697,76.92,-195.68,0
11708,90.91,-196.03,0
11719,90.91,-196.52,0
11730,90.91,-196.29,0
11742,83.33,-196.13,0
11754,90.91,-195.22,0
11765,83.33,-195.09,0
11777,83.33,-195.33,0
11788,90.91,-195.57,0
11799,90.91,-195.63,0
11810,90.91,-195.34,0
11823,83.33,-195.65,0
11834,83.33,-195.86,0
11845,90.91,-196.10,0
11856,90.91,-196.14,0
11868,83.33,-196.03,0
11879,90.91,-196.44,0
11891,90.91,-195.71,0
11902,83.33,-194.87,0
11914,83.33,-195.21,0
11925,90.91,-195.26,0
11936,90.91,-195.38,0
11948,83.33,-195.66,0
11960,90.91,-196.41,0
11971,83.33,-196.35,0
11982,90.91,-196.15,0
11994,83.33,-195.79,0
12005,90.91,-195.43,0
12016,90.91,-195.39,0
12028,90.91,-195.55,0
12040,76.92,-195.92,0
12051,90.91,-196.54,0
12062,90.91,-196.82,0
12073,90.91,-196.79,0
12085,83.33,-196.58,0
12097,83.33,-196.18,0
12108,90.91,-195.69,0
12120,83.33,-195.61,0
12131,90.91,-195.27,0
12142,90.91,-195.63,0
12153,90.91,-195.89,0
12166,76.92,-196.27,0
12177,90.91,-195.99,0
12188,90.91,-196.20,0
12199,90.91,-195.51,0
12211,83.33,-195.64,0
12222,90.91,-195.61,0
12234,83.33,-195.31,0
12246,83.33,-195.78,0
12257,90.91,-195.68,0
12268,90.91,-196.02,0
12279,90.91,-196.08,0
12291,83.33,-196.43,0
12303,83.33,-196.22,0
12314,90.91,-196.02,0
12325,90.91,-195.66,0
12337,83.33,-196.02,0
12348,90.91,-195.81,0
12359,90.91,-194.87,0
12371,83.33,-195.41,0
12383,83.33,-195.66,0
12394,90.91,-195.59,0
12405,90.91,-196.04,0
12417,83.33,-196.12,0
12428,90.91,-196.43,0
12440,83.33,-196.14,0
12451,90.91,-196.08,0
12463,83.33,-196.20,0
12474,90.91,-195.81,0
12485,90.91,-195.59,0
12496,90.91,-195.48,0
12509,76.92,-195.95,0
12520,90.91,-195.84,0
12531,90.91,-195.85,0
12542,90.91,-195.87,0
12554,83.33,-195.28,0
12565,90.91,-195.33,0
12577,83.33,-194.85,0
12589,83.33,-194.87,0
12600,90.91,-194.79,0
12611,90.91,-195.60,0
12622,90.91,-196.17,0
12634,83.33,-196.18,0
12646,83.33,-196.00,0
12657,90.91,-196.02,0
12668,90.91,-196.11,0
12680,83.33,-195.44,0
12691,90.91,-195.08,0
12702,90.91,-194.70,0
12715,76.92,-194.94,0
12726,90.91,-194.41,0
12737,90.91,-194.42,0
12748,90.91,-195.22,0
12760,83.33,-195.36,0
12771,90.91,-195.41,0
12783,83.33,-195.28,0
12794,90.91,-195.70,0
12806,83.33,-195.59,0
12817,90.91,-195.17,0
12828,90.91,-195.48,0
12839,90.91,-195.53,0
12852,76.92,-195.98,0
12863,90.91,-196.14,0
12874,90.91,-196.37,0
12886,83.33,-196.80,0
12897,90.91,-196.20,0
12908,90.91,-195.64,0
12920,83.33,-195.25,0
12932,83.33,-195.28,0
12943,90.91,-194.78,0
12954,90.91,-195.08,0
12965,90.91,-195.42,0
12977,83.33,-195.37,0
12989,83.33,-196.22,0
13000,90.91,-195.92,0
13011,90.91,-195.83,0
13023,83.33,-196.29,0
13034,90.91,-196.26,0
13046,90.91,-195.60,0
13058,76.92,-195.39,0
13069,90.91,-196.04,0
13080,90.91,-196.14,0
13091,90.91,-196.20,0
13103,83.33,-196.12,0
13115,90.91,-195.86,0
13126,83.33,-195.38,0
13137,90.91,-195.40,0
13149,83.33,-195.46,0
13160,90.91,-195.55,0
13171,90.91,-195.87,0
13184,90.91,-195.41,0
13195,76.92,-195.38,0
13206,90.91,-195.37,0
13217,90.91,-195.66,0
13229,83.33,-195.87,0
13240,90.91,-196.28,0
13252,90.91,-195.97,0
13263,83.33,-195.96,0
13275,83.33,-196.41,0
13286,90.91,-196.49,0
13297,90.91,-196.11,0
13308,90.91,-196.03,0
13321,83.33,-195.45,0
13332,83.33,-195.59,0
13343,90.91,-195.22,0
13355,83.33,-194.84,0
13366,90.91,-195.59,0
13377,90.91,-195.66,0
13389,90.91,-195.27,0
13401,76.92,-195.09,0
13412,90.91,-195.21,0
13423,90.91,-195.61,0
13434,90.91,-195.28,0
13446,83.33,-195.80,0
13458,90.91,-195.43,0
13469,83.33,-196.12,0
13480,90.91,-196.60,0
13492,83.33,-196.07,0
13503,90.91,-195.76,0
13514,90.91,-196.06,0
13527,76.92,-195.30,0
13538,90.91,-194.77,0
13549,90.91,-194.49,0
13560,90.91,-195.04,0
13572,83.33,-196.19,0
13583,90.91,-196.21,0
13595,83.33,-196.31,0
13606,90.91,-195.66,0
13618,83.33,-195.88,0
13629,90.91,-195.36,0
13640,90.91,-195.12,0
13651,90.91,-195.52,0
13664,76.92,-195.71,0
13675,90.91,-195.91,0
13686,90.91,-195.79,0
13698,83.33,-195.63,0
13709,90.91,-195.90,0
13720,90.91,-195.60,0
13732,83.33,-195.49,0
13744,83.33,-195.39,0
13755,90.91,-195.16,0
13766,90.91,-195.14,0
13777,90.91,-195.10,0
13789,83.33,-195.89,0
13801,83.33,-195.78,0
13812,90.91,-195.38,0
13824,83.33,-195.49,0
13835,90.91,-195.20,0
13846,90.91,-195.63,0
13857,90.91,-195.97,0
13870,76.92,-195.87,0
13881,90.91,-195.66,0
13892,90.91,-195.41,0
13903,90.91,-195.06,0
13915,83.33,-195.11,0
13926,90.91,-194.76,0
13938,83.33,-195.67,0
13949,90.91,-195.85,0
13961,83.33,-195.75,0
13972,90.91,-195.78,0
13983,90.91,-195.49,0
13995,83.33,-195.46,0
14007,83.33,-195.52,0
14018,90.91,-195.33,0
14029,90.91,-195.02,0
14041,83.33,-195.12,0
14052,90.91,-195.80,0
14063,90.91,-196.45,0
14075,83.33,-196.64,0
14087,83.33,-196.62,0
14098,90.91,-196.66,0
14109,90.91,-196.39,0
14120,90.91,-195.53,0
14132,83.33,-194.91,0
14144,83.33,-195.38,0
14155,90.91,-195.65,0
14167,83.33,-196.23,0
14178,90.91,-196.87,0
14189,90.91,-196.67,0
14200,90.91,-195.75,0
14213,76.92,-195.87,0
14224,90.91,-195.84,0
14235,90.91,-195.32,0
14246,90.91,-194.78,0
14258,83.33,-195.17,0
14269,90.91,-195.63,0
14281,83.33,-195.95,0
14292,90.91,-196.80,0
14304,83.33,-196.90,0
14315,90.91,-196.79,0
14326,90.91,-196.37,0
14338,83.33,-195.43,0
14350,83.33,-194.89,0
14361,90.91,-195.12,0
14372,90.91,-194.73,0
14384,83.33,-194.86,0
14395,90.91,-195.45,0
14406,90.91,-195.82,0
14418,83.33,-195.46,0
14430,83.33,-195.73,0
14441,90.91,-195.96,0
14452,90.91,-196.03,0
14464,83.33,-195.75,0
14475,90.91,-195.93,0
14487,83.33,-196.13,0
14498,90.91,-196.00,0
14510,83.33,-195.63,0
14521,90.91,-195.70,0
14532,90.91,-195.87,0
14543,90.91,-195.45,0
14556,76.92,-195.41,0
14567,90.91,-194.96,0
14578,90.91,-193.94,0
14589,90.91,-194.73,0
14601,83.33,-195.00,0
14612,90.91,-194.73,0
14624,83.33,-195.63,0
14636,83.33,-196.12,0
14647,90.91,-196.04,0
14658,90.91,-195.89,0
14669,90.91,-196.11,0
14681,83.33,-195.96,0
14693,83.33,-196.03,0
14704,90.91,-196.22,0
14715,90.91,-195.48,0
14727,83.33,-195.06,0
14738,90.91,-195.43,0
14749,90.91,-195.01,0
14761,83.33,-194.97,0
14773,83.33,-195.88,0
14784,90.91,-196.35,0
14795,90.91,-195.98,0
14807,83.33,-195.63,0
14818,90.91,-195.47,0
14830,83.33,-195.45,0
14841,90.91,-195.17,0
14853,83.33,-195.34,0
14864,90.91,-195.89,0
14875,90.91,-196.03,0
14886,90.91,-196.83,0
14899,76.92,-196.53,0
14910,90.91,-195.42,0
14921,90.91,-195.13,0
14932,90.91,-195.87,0
14944,83.33,-195.75,0
14955,90.91,-195.35,0
14967,83.33,-195.35,0
14979,83.33,-194.71,0
14990,90.91,-195.41,0
15001,90.91,-195.57,0
15012,90.91,-195.20,0
15025,83.33,-195.56,0
15036,83.33,-195.22,0
15047,90.91,-195.64,0
15058,90.91,-196.00,0
15070,83.33,-195.36,0
15081,90.91,-195.66,0
15093,90.91,-195.42,0
15105,76.92,-195.53,0
15116,90.91,-196.51,0
15127,90.91,-196.44,0
15138,90.91,-195.80,0
15150,83.33,-195.39,0
15162,90.91,-195.56,0
15173,83.33,-195.26,0
15184,90.91,-194.72,0
15196,83.33,-194.50,0
15207,90.91,-195.08,0
15218,90.91,-194.80,0
15230,90.91,-195.08,0
15242,76.92,-195.59,0
15253,90.91,-196.12,0
15264,90.91,-195.87,0
15276,83.33,-196.31,0
15287,90.91,-196.00,0
15299,90.91,-195.78,0
15310,83.33,-195.20,0
15322,83.33,-195.32,0
15333,90.91,-195.66,0
15344,90.91,-196.38,0
15355,90.91,-196.52,0
15368,83.33,-196.05,0
15379,90.91,-195.27,0
15390,90.91,-194.99,0
15401,90.91,-194.62,0
15413,83.33,-194.89,0
15424,90.91,-194.93,0
15436,83.33,-195.43,0
15448,83.33,-195.53,0
15459,90.91,-195.99,0
15470,90.91,-196.89,0
15481,90.91,-197.11,0
15493,83.33,-196.89,0
15505,83.33,-196.77,0
15516,90.91,-196.18,0
15527,90.91,-195.80,0
15539,83.33,-195.58,0
15550,90.91,-195.35,0
15561,90.91,-195.10,0
15574,76.92,-195.51,0
15585,90.91,-195.78,0
15596,90.91,-194.95,0
15607,90.91,-194.87,0
15619,83.33,-195.37,0
15630,90.91,-195.61,0
15642,83.33,-195.47,0
15653,90.91,-195.54,0
15665,83.33,-195.97,0
15676,90.91,-196.34,0
15687,90.91,-196.45,0
15698,90.91,-196.64,0
15711,76.92,-196.35,0
15722,90.91,-196.06,0
15733,90.91,-196.28,0
15745,83.33,-195.80,0
15756,90.91,-195.35,0
15767,90.91,-195.30,0
15779,83.33,-195.11,0
15791,83.33,-195.56,0
15802,90.91,-195.70,0
15813,90.91,-195.72,0
15824,90.91,-195.74,0
15836,83.33,-195.50,0
15848,83.33,-195.97,0
15859,90.91,-196.10,0
15870,90.91,-196.66,0
15882,83.33,-195.75,0
15893,90.91,-195.83,0
15904,90.91,-195.95,0
15917,76.92,-195.76,0
15928,90.91,-195.85,0
15939,90.91,-195.75,0
15950,90.91,-195.62,0
15962,83.33,-196.04,0
15973,90.91,-196.17,0
15985,83.33,-196.16,0
15996,90.91,-195.57,0
16008,83.33,-195.77,0
16019,90.91,-195.99,0
16030,90.91,-195.49,0
16041,90.91,-195.57,0
16054,76.92,-195.70,0
16065,90.91,-195.94,0
16076,90.91,-196.03,0
16088,83.33,-196.49,0
16099,90.91,-196.12,0
16110,90.91,-195.15,0
16122,83.33,-194.89,0
16134,83.33,-195.43,0
16145,90.91,-195.66,0
16156,90.91,-195.21,0
16167,90.91,-194.81,0
16179,83.33,-195.23,0
16191,83.33,-195.20,0
16202,90.91,-195.55,0
16214,83.33,-195.50,0
16225,90.91,-195.44,0
16236,90.91,-195.27,0
16247,90.91,-195.89,0
16260,76.92,-195.37,0
16271,90.91,-195.36,0
16282,90.91,-196.07,0
16293,90.91,-196.30,0
16305,83.33,-196.12,0
16316,90.91,-196.04,0
16328,83.33,-196.17,0
16339,90.91,-196.01,0
16351,83.33,-195.77,0
16362,90.91,-195.80,0
16373,90.91,-195.53,0
16385,83.33,-194.78,0
16397,83.33,-194.82,0
16408,90.91,-195.41,0
16419,90.91,-195.97,0
16431,83.33,-196.18,0
16442,90.91,-196.10,0
16453,90.91,-195.99,0
16465,83.33,-196.19,0
16477,83.33,-196.13,0
16488,90.91,-195.53,0
16499,90.91,-195.77,0
16510,90.91,-195.39,0
16522,83.33,-195.47,0
16534,83.33,-195.26,0
16545,90.91,-195.89,0
16557,83.33,-196.15,0
16568,90.91,-195.88,0
16579,90.91,-196.05,0
16590,90.91,-195.44,0
16603,76.92,-195.51,0
16614,90.91,-195.11,0
16625,90.91,-194.63,0
16636,90.91,-194.72,0
16648,83.33,-195.65,0
16659,90.91,-196.48,0
16671,83.33,-196.41,0
16683,83.33,-196.35,0
16694,90.91,-196.76,0
16705,90.91,-196.33,0
16716,90.91,-195.73,0
16728,83.33,-195.17,0
16740,83.33,-194.41,0
16751,90.91,-194.83,0
16762,90.91,-195.14,0
16774,83.33,-195.28,0
16785,90.91,-195.32,0
16797,90.91,-195.66,0
16808,83.33,-196.11,0
16820,83.33,-196.32,0
16831,90.91,-195.84,0
16842,90.91,-195.86,0
16854,83.33,-195.91,0
16866,90.91,-195.69,0
16877,83.33,-195.90,0
16888,90.91,-196.62,0
16900,83.33,-195.95,0
16911,90.91,-195.86,0
16922,90.91,-195.66,0
16934,90.91,-195.66,0
16946,76.92,-195.18,0
16957,90.91,-194.53,0
16968,90.91,-194.88,0
16979,90.91,-194.39,0
16991,83.33,-194.83,0
17003,90.91,-195.85,0
17014,83.33,-196.63,0
17026,83.33,-196.62,0
17037,90.91,-196.00,0
17048,90.91,-196.24,0
17059,90.91,-196.51,0
17072,76.92,-196.71,0
17083,90.91,-196.38,0
17094,90.91,-195.94,0
17105,90.91,-195.54,0
17117,83.33,-195.94,0
17128,90.91,-195.86,0
17140,83.33,-195.91,0
17152,83.33,-196.14,0
17163,90.91,-195.55,0
17174,90.91,-195.23,0
17185,90.91,-195.21,0
17197,83.33,-194.52,0
17209,83.33,-194.45,0
17220,90.91,-195.09,0
17231,90.91,-194.98,0
17243,83.33,-195.45,0
17254,90.91,-196.19,0
17265,90.91,-196.52,0
17277,83.33,-196.44,0
17289,83.33,-196.19,0
17300,90.91,-196.33,0
17311,90.91,-195.76,0
17323,83.33,-195.09,0
17334,90.91,-195.38,0
17346,83.33,-196.42,0
17357,90.91,-196.26,0
17369,83.33,-195.49,0
17380,90.91,-195.68,0
17391,90.91,-195.97,0
17402,90.91,-195.58,0
17415,76.92,-195.20,0
17426,90.91,-195.16,0
17437,90.91,-195.40,0
17448,90.91,-195.90,0
17460,83.33,-196.60,0
17471,90.91,-196.85,0
17483,83.33,-196.40,0
17495,83.33,-196.23,0
17506,90.91,-196.60,0
17517,90.91,-196.98,0
17528,90.91,-196.71,0
17540,83.33,-196.36,0
17552,83.33,-195.89,0
17563,90.91,-195.05,0
17574,90.91,-194.88,0
17586,83.33,-194.56,0
17597,90.91,-194.80,0
17608,90.91,-195.03,0
17620,83.33,-195.53,0
17632,83.33,-195.82,0
17643,90.91,-195.97,0
17654,90.91,-195.97,0
17666,83.33,-196.39,0
17677,90.91,-196.30,0
17689,83.33,-196.68,0
17700,90.91,-197.22,0
17712,83.33,-196.41,0
17723,90.91,-195.86,0
17734,90.91,-196.43,0
17745,90.91,-195.86,0
17758,76.92,-194.95,0
17769,90.91,-194.71,0
17780,90.91,-194.84,0
17792,83.33,-194.85,0
17803,90.91,-195.35,0
17814,90.91,-195.83,0
17826,83.33,-195.95,0
17838,83.33,-195.60,0
17849,90.91,-195.77,0
17860,90.91,-196.25,0
17871,90.91,-196.30,0
17883,83.33,-195.79,0
17895,83.33,-196.53,0
17906,90.91,-196.39,0
17917,90.91,-195.86,0
17929,83.33,-195.79,0
17940,90.91,-195.50,0
17951,90.91,-195.86,0
17964,76.92,-195.33,0
17975,90.91,-194.90,0
17986,90.91,-195.18,0
17997,90.91,-194.92,0
18009,83.33,-194.32,0
18020,90.91,-194.82,0
18032,83.33,-195.74,0
18043,90.91,-196.46,0
18055,83.33,-196.21,0
18066,90.91,-196.33,0
18077,90.91,-197.21,0
18088,90.91,-197.27,0
18101,76.92,-197.09,0
18112,90.91,-196.25,0
18123,90.91,-195.79,0
18135,83.33,-195.34,0
18146,90.91,-195.21,0
18158,90.91,-195.31,0
18169,83.33,-195.08,0
18181,83.33,-195.02,0
18192,90.91,-195.07,0
18203,90.91,-195.25,0
18214,90.91,-195.64,0
18227,83.33,-196.27,0
18238,83.33,-195.95,0
18249,90.91,-195.64,0
18260,90.91,-195.53,0
18272,83.33,-196.58,0
18283,90.91,-196.69,0
18295,90.91,-196.18,0
18307,76.92,-196.06,0
18318,90.91,-196.17,0
18329,90.91,-196.49,0
18340,90.91,-195.90,0
18352,83.33,-195.44,0
18364,83.33,-195.34,0
18375,90.91,-194.86,0
18386,90.91,-194.75,0
18398,83.33,-194.79,0
18409,90.91,-195.36,0
18420,90.91,-195.85,0
18433,76.92,-196.00,0
18444,90.91,-196.29,0
18455,90.91,-196.09,0
18466,90.91,-196.32,0
18478,83.33,-196.16,0
18489,90.91,-195.82,0
18501,83.33,-195.54,0
18512,90.91,-195.17,0
18524,83.33,-195.39,0
18535,90.91,-195.41,0
18546,90.91,-195.14,0
18557,90.91,-195.40,0
18570,76.92,-195.42,0
18581,90.91,-195.25,0
18592,90.91,-195.07,0
18604,83.33,-195.07,0
18615,90.91,-195.60,0
18626,90.91,-195.57,0
18638,83.33,-195.68,0
18650,83.33,-196.74,0
18661,90.91,-196.82,0
18672,90.91,-196.72,0
18683,90.91,-196.80,0
18695,83.33,-196.60,0
18707,83.33,-195.93,0
18718,90.91,-195.30,0
18729,90.91,-195.32,0
18741,83.33,-195.21,0
18752,90.91,-194.98,0
18763,90.91,-195.01,0
18776,76.92,-195.52,0
18787,90.91,-195.14,0
18798,90.91,-195.13,0
18809,90.91,-194.58,0
18821,83.33,-195.15,0
18832,90.91,-196.18,0
18844,83.33,-196.43,0
18855,90.91,-196.65,0
18867,83.33,-196.44,0
18878,90.91,-196.55,0
18889,90.91,-196.50,0
18900,90.91,-196.38,0
18913,76.92,-195.37,0
18924,90.91,-195.10,0
18935,90.91,-195.47,0
18947,83.33,-195.34,0
18958,90.91,-194.83,0
18969,90.91,-195.28,0
18981,83.33,-194.53,0
18993,83.33,-194.81,0
19004,90.91,-194.94,0
19015,90.91,-195.60,0
19026,90.91,-195.90,0
19038,83.33,-196.65,0
19050,83.33,-196.81,0
19061,90.91,-197.16,0
19073,83.33,-196.80,0
19084,90.91,-196.67,0
19095,90.91,-196.49,0
19106,90.91,-196.01,0
19119,76.92,-195.79,0
19130,90.91,-195.34,0
19141,90.91,-195.13,0
19152,90.91,-194.84,0
19164,83.33,-194.89,0
19176,90.91,-195.79,0
19187,83.33,-195.56,0
19198,90.91,-195.04,0
19210,83.33,-194.79,0
19221,90.91,-194.96,0
19232,90.91,-195.45,0
19245,83.33,-196.14,0
19256,83.33,-196.32,0
19267,90.91,-196.77,0
19278,90.91,-196.51,0
19290,83.33,-195.93,0
19301,90.91,-195.60,0
19313,90.91,-195.76,0
19324,83.33,-195.33,0
19336,83.33,-195.20,0
19347,90.91,-194.41,0
19358,90.91,-194.70,0
19369,90.91,-196.14,0
19382,83.33,-195.91,0
19393,83.33,-195.52,0
19404,90.91,-195.48,0
19416,83.33,-195.85,0
19427,90.91,-195.79,0
19438,90.91,-195.20,0
19450,83.33,-195.74,0
19462,83.33,-196.13,0
19473,90.91,-196.17,0
19484,90.91,-196.26,0
19495,90.91,-195.94,0
19507,83.33,-195.78,0
19519,83.33,-195.34,0
19530,90.91,-195.74,0
19542,83.33,-195.82,0
19553,90.91,-195.95,0
19564,90.91,-196.07,0
19575,90.91,-195.28,0
19588,76.92,-195.47,0
19599,90.91,-195.33,0
19610,90.91,-195.57,0
19621,90.91,-195.92,0
19633,83.33,-196.09,0
19644,90.91,-196.05,0
19656,83.33,-196.25,0
19667,90.91,-195.45,0
19679,83.33,-195.12,0
19690,90.91,-195.51,0
19701,90.91,-196.01,0
19713,83.33,-195.91,0
19725,83.33,-195.79,0
19736,90.91,-196.04,0
19747,90.91,-195.96,0
19759,83.33,-195.26,0
19770,90.91,-195.44,0
19781,90.91,-194.95,0
19793,83.33,-195.15,0
19805,83.33,-195.66,0
19816,90.91,-195.93,0
19827,90.91,-195.61,0
19838,90.91,-195.40,0
19850,83.33,-195.42,0
19862,83.33,-195.71,0
19873,90.91,-195.83,0
19885,83.33,-195.55,0
19896,90.91,-195.54,0
19907,90.91,-195.82,0
19918,90.91,-195.62,0
19931,76.92,-195.81,0
19942,90.91,-196.15,0
19953,90.91,-196.47,0
19964,90.91,-197.26,0
19976,83.33,-196.79,0
19987,90.91,-195.93,0
19999,83.33,-195.17,0
20011,83.33,-195.44,0
20022,90.91,-195.71,0
20033,90.91,-195.24,0
20044,90.91,-195.49,0
20056,83.33,-196.16,0
20068,83.33,-195.42,0
20079,90.91,-195.26,0
20090,90.91,-195.41,0
20102,83.33,-195.11,0
20113,90.91,-195.65,0
20124,90.91,-195.68,0
20136,83.33,-195.32,0
20148,83.33,-195.43,0
20159,90.91,-195.95,0
20170,90.91,-195.87,0
20182,83.33,-195.99,0
20193,90.91,-195.70,0
20205,83.33,-195.64,0
20216,90.91,-195.45,0
20228,83.33,-195.45,0
20239,90.91,-196.09,0
20250,90.91,-196.16,0
20261,90.91,-194.90,0
20274,76.92,-195.21,0
20285,90.91,-194.91,0
20296,90.91,-195.55,0
20307,90.91,-195.64,0
20319,83.33,-195.49,0
20330,90.91,-195.58,0
20342,83.33,-195.57,0
20354,83.33,-195.87,0
20365,90.91,-195.65,0
20376,90.91,-195.50,0
20387,90.91,-195.40,0
20399,83.33,-194.71,0
20411,83.33,-195.34,0
20422,90.91,-195.90,0
20433,90.91,-196.29,0
20445,83.33,-196.12,0
20456,90.91,-196.24,0
20467,90.91,-196.23,0
20480,76.92,-195.65,0
20491,90.91,-195.53,0
20502,90.91,-195.64,0
20513,90.91,-195.35,0
20525,83.33,-195.40,0
20537,90.91,-195.32,0
20548,83.33,-196.01,0
20559,90.91,-196.17,0
20571,83.33,-196.24,0
20582,90.91,-195.61,0
20593,90.91,-195.91,0
20605,90.91,-195.40,0
20617,76.92,-195.32,0
20628,90.91,-195.04,0
20639,90.91,-195.39,0
20651,83.33,-195.25,0
20662,90.91,-195.59,0
20674,90.91,-195.69,0
20685,83.33,-196.14,0
20697,83.33,-195.87,0
20708,90.91,-195.90,0
20719,90.91,-196.32,0
20730,90.91,-195.51,0
20743,83.33,-195.84,0
20754,83.33,-195.56,0
20765,90.91,-195.67,0
20776,90.91,-196.33,0
20788,83.33,-195.62,0
20799,90.91,-195.18,0
20811,83.33,-195.34,0
20823,83.33,-195.68,0
20834,90.91,-195.66,0
20845,90.91,-195.17,0
20856,90.91,-195.20,0
20868,83.33,-194.90,0
20880,83.33,-195.07,0
20891,90.91,-195.84,0
20902,90.91,-195.88,0
20914,83.33,-196.02,0
20925,90.91,-195.71,0
20936,90.91,-195.87,0
20948,83.33,-196.15,0
20960,83.33,-196.00,0
20971,90.91,-195.97,0
20982,90.91,-196.09,0
20994,83.33,-196.04,0
21005,90.91,-196.07,0
21017,83.33,-195.91,0
21028,90.91,-195.64,0
21040,83.33,-195.71,0
21051,90.91,-195.75,0
21062,90.91,-195.68,0
21073,90.91,-195.92,0
21086,76.92,-195.35,0
21097,90.91,-195.61,0
21108,90.91,-196.38,0
21120,83.33,-195.57,0
21131,90.91,-195.29,0
21142,90.91,-195.31,0
21154,83.33,-196.11,0
21166,83.33,-196.13,0
21177,90.91,-196.63,0
21188,90.91,-195.88,0
21199,90.91,-195.92,0
21211,83.33,-195.31,0
21223,83.33,-195.12,0
21234,90.91,-195.20,0
21245,90.91,-194.96,0
21257,83.33,-195.06,0
21268,90.91,-195.42,0
21279,90.91,-195.91,0
21292,76.92,-195.80,0
21303,90.91,-195.89,0
21314,90.91,-195.60,0
21325,90.91,-195.20,0
21337,83.33,-195.51,0
21348,90.91,-195.60,0
21360,83.33,-195.86,0
21371,90.91,-196.28,0
21383,83.33,-196.08,0
21394,90.91,-196.44,0
21405,90.91,-195.93,0
21416,90.91,-195.31,0
21429,76.92,-194.60,0
21440,90.91,-194.19,0
21451,90.91,-194.88,0
21463,83.33,-195.45,0
21474,90.91,-196.07,0
21485,90.91,-196.18,0
21497,83.33,-196.75,0
21509,83.33,-196.72,0
21520,90.91,-196.01,0
21531,90.91,-196.13,0
21542,90.91,-196.39,0
21554,83.33,-196.48,0
21566,83.33,-195.93,0
21577,90.91,-195.64,0
21588,90.91,-195.68,0
21600,83.33,-195.50,0
21611,90.91,-195.55,0
21622,90.91,-195.52,0
21635,76.92,-195.80,0
21646,90.91,-196.04,0
21657,90.91,-195.31,0
21668,90.91,-195.38,0
21680,83.33,-195.78,0
21691,90.91,-195.74,0
21703,83.33,-195.69,0
21714,90.91,-195.81,0
21726,83.33,-195.82,0
21737,90.91,-196.26,0
21748,90.91,-196.12,0
21760,83.33,-195.97,0
21772,83.33,-195.77,0
21783,90.91,-195.55,0
21794,90.91,-195.52,0
21806,83.33,-195.38,0
21817,90.91,-195.50,0
21828,90.91,-194.81,0
21840,83.33,-194.78,0
21852,83.33,-195.20,0
21863,90.91,-196.15,0
21874,90.91,-196.20,0
21885,90.91,-196.02,0
21897,83.33,-195.88,0
21909,83.33,-195.58,0
21920,90.91,-195.70,0
21932,83.33,-195.33,0
21943,90.91,-195.73,0
21954,90.91,-196.07,0
21966,90.91,-196.18,0
21978,76.92,-195.89,0
21989,90.91,-196.12,0
22000,90.91,-195.93,0
22011,90.91,-195.84,0
22023,83.33,-195.66,0
22035,90.91,-195.17,0
22046,83.33,-195.64,0
22057,90.91,-195.14,0
22069,83.33,-195.78,0
22080,90.91,-196.15,0
22091,90.91,-196.55,0
22104,83.33,-196.55,0
22115,83.33,-196.82,0
22126,90.91,-196.35,0
22137,90.91,-195.87,0
22149,83.33,-195.59,0
22160,90.91,-195.59,0
22172,83.33,-195.56,0
22183,90.91,-195.32,0
22195,83.33,-195.76,0
22206,90.91,-195.87,0
22217,90.91,-194.89,0
22228,90.91,-195.01,0
22241,76.92,-195.45,0
22252,90.91,-195.20,0
22263,90.91,-195.16,0
22275,83.33,-196.01,0
22286,90.91,-195.72,0
22297,90.91,-195.66,0
22309,83.33,-195.20,0
22321,83.33,-195.82,0
22332,90.91,-196.16,0
22343,90.91,-195.98,0
22354,90.91,-195.86,0
22366,83.33,-196.07,0
22378,83.33,-195.58,0
22389,90.91,-194.88,0
22401,83.33,-194.62,0
22412,90.91,-194.53,0
22423,90.91,-195.24,0
22434,90.91,-195.63,0
22447,76.92,-196.69,0
22458,90.91,-197.03,0
22469,90.91,-196.46,0
22480,90.91,-196.23,0
22492,83.33,-195.55,0
22503,90.91,-195.43,0
22515,83.33,-195.65,0
22526,90.91,-195.34,0
22538,83.33,-195.95,0
22549,90.91,-196.33,0
22560,90.91,-195.85,0
22572,83.33,-196.09,0
22584,83.33,-196.39,0
22595,90.91,-195.54,0
22606,90.91,-195.26,0
22618,83.33,-195.46,0
22629,90.91,-196.33,0
22640,90.91,-196.00,0
22652,83.33,-196.49,0
22664,83.33,-196.78,0
22675,90.91,-196.31,0
22686,90.91,-196.43,0
22697,90.91,-196.57,0
22709,83.33,-196.80,0
22721,83.33,-195.98,0
22732,90.91,-195.21,0
22744,83.33,-195.00,0
22755,90.91,-195.30,0
22766,90.91,-195.01,0
22777,90.91,-194.93,0
22790,76.92,-194.91,0
22801,90.91,-195.59,0
22812,90.91,-195.32,0
22823,90.91,-195.54,0
22835,83.33,-196.13,0
22846,90.91,-195.63,0
22858,83.33,-195.82,0
22870,83.33,-195.89,0
22881,90.91,-196.21,0
22892,90.91,-196.09,0
22903,90.91,-196.48,0
22915,83.33,-196.09,0
22927,83.33,-196.12,0
22938,90.91,-195.79,0
22949,90.91,-195.51,0
22961,83.33,-195.19,0
22972,90.91,-195.21,0
22983,90.91,-195.12,0
22995,83.33,-194.95,0
23007,83.33,-194.74,0
23018,90.91,-195.15,0
23029,90.91,-195.64,0
23041,83.33,-196.19,0
23052,90.91,-196.26,0
23064,83.33,-196.18,0
23075,90.91,-195.87,0
23087,83.33,-195.15,0
23098,90.91,-195.20,0
23109,90.91,-195.31,0
23120,90.91,-195.59,0
23133,76.92,-195.00,0
23144,90.91,-195.43,0
23155,90.91,-195.83,0
23166,90.91,-195.92,0
23178,83.33,-195.37,0
23190,90.91,-195.24,0
23201,83.33,-195.59,0
23213,83.33,-195.53,0
23224,90.91,-195.19,0
23235,90.91,-195.60,0
23246,90.91,-195.76,0
23259,83.33,-195.81,0
23270,83.33,-196.31,0
23281,90.91,-197.05,0
23292,90.91,-197.26,0
23304,83.33,-196.57,0
23315,90.91,-196.06,0
23327,90.91,-195.69,0
23339,76.92,-195.47,0
23350,90.91,-195.15,0
23361,90.91,-195.14,0
23372,90.91,-195.09,0
23384,83.33,-195.33,0
23396,90.91,-196.03,0
23407,83.33,-196.23,0
23418,90.91,-196.07,0
23430,83.33,-195.57,0
23441,90.91,-195.65,0
23452,90.91,-195.69,0
23464,83.33,-195.86,0
23476,83.33,-195.60,0
23487,90.91,-195.60,0
23498,90.91,-196.30,0
23510,83.33,-196.64,0
23521,90.91,-196.63,0
23533,83.33,-196.85,0
23544,90.91,-196.06,0
23556,83.33,-194.91,0
23567,90.91,-195.39,0
23578,90.91,-195.61,0
23589,90.91,-195.39,0
23602,76.92,-195.49,0
23613,90.91,-195.67,0
23624,90.91,-195.48,0
23635,90.91,-195.83,0
23647,83.33,-195.88,0
23658,90.91,-196.06,0
23670,83.33,-195.92,0
23682,83.33,-195.94,0
23693,90.91,-195.67,0
23704,90.91,-195.83,0
23715,90.91,-195.69,0
23727,83.33,-195.22,0
23739,83.33,-195.04,0
23750,90.91,-195.70,0
23761,90.91,-195.55,0
23773,83.33,-194.99,0
23784,90.91,-195.11,0
23795,90.91,-195.07,0
23808,76.92,-194.82,0
23819,90.91,-195.36,0
23830,90.91,-194.79,0
23841,90.91,-195.17,0
23853,83.33,-195.86,0
23864,90.91,-195.91,0
23876,83.33,-196.14,0
23887,90.91,-195.99,0
23899,83.33,-195.45,0
23910,90.91,-195.53,0
23921,90.91,-195.36,0
23932,90.91,-195.04,0
23945,76.92,-195.17,0
23956,90.91,-195.61,0
23967,90.91,-195.27,0
23979,83.33,-195.56,0
23990,90.91,-195.73,0
24001,90.91,-195.87,0
24013,83.33,-195.74,0
24025,83.33,-195.95,0
24036,90.91,-195.81,0
24047,90.91,-195.59,0
24058,90.91,-195.94,0
24070,83.33,-196.29,0
24082,83.33,-195.66,0
24093,90.91,-195.89,0
24104,90.91,-196.67,0
24116,83.33,-196.45,0
24127,90.91,-196.25,0
24138,90.91,-195.98,0
24151,76.92,-195.60,0
24162,90.91,-195.49,0
24173,90.91,-195.06,0
24184,90.91,-194.85,0
24196,83.33,-195.33,0
24207,90.91,-195.66,0
24219,83.33,-196.30,0
24230,90.91,-196.92,0
24242,83.33,-197.01,0
24253,90.91,-196.94,0
24264,90.91,-196.47,0
24275,90.91,-195.58,0
24288,76.92,-195.62,0
24299,90.91,-195.38,0
24310,90.91,-195.24,0
24322,83.33,-195.66,0
24333,90.91,-195.81,0
24345,90.91,-196.01,0
24356,83.33,-195.94,0
24368,83.33,-196.36,0
24379,90.91,-195.91,0
24390,90.91,-195.77,0
24401,90.91,-195.18,0
24414,83.33,-195.04,0
24425,83.33,-195.40,0
24436,90.91,-195.45,0
24448,83.33,-195.65,0
24459,90.91,-196.75,0
24470,90.91,-196.96,0
24482,90.91,-196.46,0
24494,76.92,-195.05,0
24505,90.91,-195.29,0
24516,90.91,-195.87,0
24527,90.91,-195.13,0
24539,83.33,-194.69,0
24551,83.33,-194.96,0
24562,90.91,-194.91,0
24573,90.91,-195.10,0
24585,83.33,-195.62,0
24596,90.91,-196.02,0
24607,90.91,-195.77,0
24620,76.92,-195.98,0
24631,90.91,-195.85,0
24642,90.91,-195.83,0
24653,90.91,-195.63,0
24665,83.33,-195.44,0
24676,90.91,-196.36,0
24688,83.33,-195.56,0
24699,90.91,-195.56,0
24711,83.33,-195.45,0
24722,90.91,-195.75,0
24733,90.91,-195.91,0
24744,90.91,-195.49,0
24757,76.92,-194.91,0
24768,90.91,-194.77,0
24779,90.91,-195.46,0
24791,83.33,-195.46,0
24802,90.91,-195.63,0
24813,90.91,-196.02,0
24825,83.33,-196.29,0
24837,83.33,-196.42,0
24848,90.91,-196.08,0
24859,90.91,-196.06,0
24870,90.91,-195.83,0
24882,83.33,-194.83,0
24894,83.33,-195.03,0
24905,90.91,-196.15,0
24916,90.91,-196.17,0
24928,83.33,-196.26,0
24939,90.91,-196.15,0
24950,90.91,-196.13,0
24963,76.92,-195.81,0
24974,90.91,-195.59,0
24985,90.91,-195.06,0
24996,90.91,-194.69,0
25008,83.33,-194.78,0
25019,90.91,-195.42,0
25031,83.33,-195.78,0
25042,90.91,-196.12,0
25054,83.33,-196.68,0
25065,90.91,-196.56,0
25076,90.91,-195.54,0
25088,83.33,-195.38,0
25100,83.33,-194.88,0
25111,90.91,-194.90,0
25122,90.91,-195.21,0
25134,83.33,-194.98,0
25145,90.91,-195.43,0
25156,90.91,-195.79,0
25168,83.33,-195.79,0
25180,83.33,-195.23,0
25191,90.91,-194.71,0
25202,90.91,-195.35,0
25213,90.91,-195.39,0
25225,83.33,-195.49,0
25237,83.33,-194.97,0
25248,90.91,-195.38,0
25260,83.33,-196.17,0
25271,90.91,-195.82,0
25282,90.91,-196.23,0
25293,90.91,-196.11,0
25306,76.92,-195.69,0
25317,90.91,-195.54,0
25328,90.91,-195.49,0
25339,90.91,-195.19,0
25351,83.33,-194.89,0
25362,90.91,-194.80,0
25374,83.33,-195.51,0
25385,90.91,-196.14,0
25397,83.33,-196.50,0
25408,90.91,-196.46,0
25419,90.91,-195.95,0
25431,83.33,-196.45,0
25443,83.33,-196.58,0
25454,90.91,-196.04,0
25465,90.91,-195.56,0
25477,83.33,-195.73,0
25488,90.91,-194.98,0
25500,90.91,-195.31,0
25511,83.33,-195.48,0
25523,83.33,-195.99,0
25534,90.91,-195.59,0
25545,90.91,-195.40,0
25556,90.91,-195.42,0
25569,83.33,-195.27,0
25580,83.33,-195.12,0
25591,90.91,-195.21,0
25603,83.33,-195.41,0
25614,90.91,-195.03,0
25625,90.91,-195.84,0
25637,90.91,-195.99,0
25649,76.92,-195.59,0
25660,90.91,-195.48,0
25671,90.91,-195.48,0
25682,90.91,-195.21,0
25694,83.33,-194.81,0
25706,90.91,-194.86,0
25717,83.33,-195.08,0
25729,83.33,-195.41,0
25740,90.91,-196.05,0
25751,90.91,-196.24,0
25762,90.91,-196.14,0
25775,76.92,-196.00,0
25786,90.91,-195.23,0
25797,90.91,-194.90,0
25808,90.91,-194.78,0
25820,83.33,-195.18,0
25831,90.91,-195.62,0
25843,83.33,-195.62,0
25854,90.91,-195.74,0
25866,83.33,-195.86,0
25877,90.91,-195.46,0
25888,90.91,-195.07,0
25900,83.33,-195.27,0
25912,83.33,-195.42,0
25923,90.91,-194.61,0
25934,90.91,-195.42,0
25946,83.33,-195.73,0
25957,90.91,-195.87,0
25968,90.91,-195.95,0
25980,83.33,-195.60,0
25992,83.33,-195.23,0
26003,90.91,-194.96,0
26014,90.91,-195.17,0
26025,90.91,-195.20,0
26037,83.33,-195.21,0
26049,83.33,-195.10,0
26060,90.91,-195.03,0
26072,83.33,-194.98,0
26083,90.91,-195.53,0
26094,90.91,-195.49,0
26105,90.91,-195.61,0
26118,76.92,-195.91,0
26129,90.91,-196.01,0
26140,90.91,-196.07,0
26151,90.91,-196.50,0
26163,83.33,-195.49,0
26174,90.91,-195.81,0
26186,83.33,-195.57,0
26198,83.33,-195.63,0
26209,90.91,-196.44,0
26220,90.91,-195.98,0
26231,90.91,-196.15,0
26243,83.33,-196.24,0
26255,83.33,-195.71,0
26266,90.91,-195.86,0
26277,90.91,-195.80,0
26289,83.33,-195.38,0
26300,90.91,-195.53,0
26311,90.91,-195.56,0
26323,83.33,-195.62,0
26335,83.33,-195.82,0
26346,90.91,-196.69,0
26357,90.91,-196.93,0
26369,83.33,-196.84,0
26380,90.91,-196.08,0
26392,83.33,-195.61,0
26403,90.91,-195.35,0
26415,83.33,-195.03,0
26426,90.91,-194.97,0
26437,90.91,-194.88,0
26448,90.91,-195.38,0
26461,76.92,-195.19,0
26472,90.91,-195.48,0
26483,90.91,-195.60,0
26494,90.91,-195.68,0
26506,83.33,-195.78,0
26517,90.91,-195.66,0
26529,83.33,-195.39,0
26541,83.33,-196.17,0
26552,90.91,-196.37,0
26563,90.91,-196.04,0
26574,90.91,-196.21,0
26586,83.33,-196.04,0
26598,83.33,-195.78,0
26609,90.91,-195.78,0
26620,90.91,-195.32,0
26632,83.33,-194.76,0
26643,90.91,-194.83,0
26654,90.91,-194.78,0
26667,76.92,-195.44,0
26678,90.91,-195.96,0
26689,90.91,-195.74,0
26700,90.91,-195.76,0
26712,83.33,-195.59,0
26723,90.91,-195.95,0
26735,83.33,-195.78,0
26746,90.91,-195.35,0
26758,83.33,-194.98,0
26769,90.91,-195.17,0
26780,90.91,-195.80,0
26791,90.91,-195.48,0
26804,76.92,-196.08,0
26815,90.91,-195.64,0
26826,90.91,-195.73,0
26838,83.33,-195.47,0
26849,90.91,-195.58,0
26860,90.91,-195.33,0
26872,83.33,-195.13,0
26884,83.33,-195.36,0
26895,90.91,-195.13,0
26906,90.91,-195.67,0
26917,90.91,-195.88,0
26929,83.33,-195.82,0
26941,83.33,-196.32,0
26952,90.91,-196.59,0
26963,90.91,-196.59,0
26975,83.33,-196.02,0
26986,90.91,-196.07,0
26998,90.91,-195.56,0
27010,76.92,-195.22,0
27021,90.91,-195.61,0
27032,90.91,-195.59,0
27043,90.91,-196.15,0
27055,83.33,-196.11,0
27067,90.91,-195.87,0
27078,83.33,-195.42,0
27089,90.91,-195.18,0
27101,83.33,-194.65,0
27112,90.91,-195.48,0
27123,90.91,-195.82,0
27136,90.91,-196.33,0
27147,76.92,-196.28,0
27158,90.91,-196.20,0
27169,90.91,-196.55,0
27181,83.33,-196.71,0
27192,90.91,-196.54,0
27204,90.91,-196.10,0
27215,83.33,-195.65,0
27227,83.33,-195.56,0
27238,90.91,-195.53,0
27249,90.91,-194.87,0
27260,90.91,-195.27,0
27273,83.33,-195.33,0
27284,83.33,-195.74,0
27295,90.91,-196.13,0
27307,83.33,-196.22,0
27318,90.91,-195.65,0
27329,90.91,-195.48,0
27341,90.91,-195.92,0
27353,76.92,-195.77,0
27364,90.91,-195.50,0
27375,90.91,-195.41,0
27386,90.91,-195.89,0
27398,83.33,-195.58,0
27410,83.33,-196.26,0
27421,90.91,-196.23,0
27432,90.91,-195.56,0
27444,83.33,-195.30,0
27455,90.91,-195.49,0
27466,90.91,-195.74,0
27479,76.92,-195.11,0
27490,90.91,-194.93,0
27501,90.91,-195.09,0
27512,90.91,-195.65,0
27524,83.33,-196.12,0
27535,90.91,-196.26,0
27547,83.33,-195.61,0
27558,90.91,-195.81,0
27570,83.33,-195.37,0
27581,90.91,-195.08,0
27592,90.91,-195.28,0
27603,90.91,-195.35,0
27616,76.92,-195.34,0
27627,90.91,-195.44,0
27638,90.91,-195.67,0
27650,83.33,-196.45,0
27661,90.91,-196.02,0
27672,90.91,-195.91,0
27684,83.33,-196.17,0
27696,83.33,-196.04,0
27707,90.91,-195.90,0
27718,90.91,-195.50,0
27729,90.91,-195.55,0
27741,83.33,-195.78,0
27753,83.33,-195.47,0
27764,90.91,-195.86,0
27776,83.33,-195.69,0
27787,90.91,-195.89,0
27798,90.91,-195.91,0
27809,90.91,-195.51,0
27822,76.92,-195.63,0
27833,90.91,-196.12,0
27844,90.91,-196.37,0
27855,90.91,-195.95,0
27867,83.33,-195.93,0
27878,90.91,-196.19,0
27890,83.33,-196.32,0
27901,90.91,-195.87,0
27913,83.33,-195.53,0
27924,90.91,-195.05,0
27935,90.91,-194.91,0
27947,83.33,-195.17,0
27959,83.33,-194.85,0
27970,90.91,-195.03,0
27981,90.91,-195.14,0
27993,83.33,-195.51,0
28004,90.91,-195.42,0
28015,90.91,-195.83,0
28027,83.33,-196.16,0
28039,83.33,-195.55,0
28050,90.91,-195.98,0
28061,90.91,-196.09,0
28072,90.91,-196.07,0
28084,83.33,-196.64,0
28096,83.33,-196.30,0
28107,90.91,-195.70,0
28119,83.33,-195.47,0
28130,90.91,-195.54,0
28141,90.91,-195.18,0
28152,90.91,-194.57,0
28165,76.92,-194.24,0
28176,90.91,-194.73,0
28187,90.91,-194.93,0
28198,90.91,-195.72,0
28210,83.33,-195.72,0
28221,90.91,-195.68,0
28233,83.33,-195.90,0
28244,90.91,-195.75,0
28256,83.33,-195.72,0
28267,90.91,-195.36,0
28278,90.91,-195.16,0
28290,83.33,-194.70,0
28302,83.33,-195.28,0
28313,90.91,-195.40,0
28324,90.91,-195.61,0
28336,83.33,-195.70,0
28347,90.91,-195.75,0
28358,90.91,-195.83,0
28370,83.33,-196.67,0
28382,83.33,-196.30,0
28393,90.91,-195.55,0
28404,90.91,-195.11,0
28416,83.33,-195.38,0
28427,90.91,-195.93,0
28439,83.33,-195.95,0
28450,90.91,-195.96,0
28462,83.33,-196.22,0
28473,90.91,-196.85,0
28484,90.91,-196.89,0
28495,90.91,-196.23,0
28508,76.92,-195.68,0
28519,90.91,-195.05,0
28530,90.91,-194.81,0
28541,90.91,-194.46,0
28553,83.33,-195.01,0
28564,90.91,-195.35,0
28576,83.33,-196.01,0
28588,83.33,-196.00,0
28599,90.91,-195.68,0
28610,90.91,-195.88,0
28621,90.91,-196.03,0
28633,83.33,-195.96,0
28645,83.33,-195.59,0
28656,90.91,-195.33,0
28667,90.91,-195.87,0
28679,83.33,-196.03,0
28690,90.91,-196.00,0
28702,90.91,-196.35,0
28713,83.33,-196.04,0
28725,83.33,-195.76,0
28736,90.91,-194.97,0
28747,90.91,-194.64,0
28759,83.33,-194.79,0
28771,90.91,-195.21,0
28782,83.33,-195.45,0
28793,90.91,-195.03,0
28805,83.33,-195.45,0
28816,90.91,-195.82,0
28827,90.91,-196.58,0
28839,90.91,-196.47,0
28851,76.92,-196.13,0
28862,90.91,-195.73,0
28873,90.91,-196.06,0
28884,90.91,-195.36,0
28896,83.33,-194.99,0
28908,90.91,-195.31,0
28919,83.33,-195.57,0
28931,83.33,-195.31,0
28942,90.91,-195.72,0
28953,90.91,-195.64,0
28964,90.91,-195.13,0
28977,76.92,-195.55,0
28988,90.91,-195.90,0
28999,90.91,-196.17,0
29010,90.91,-195.68,0
29022,83.33,-196.17,0
29033,90.91,-196.39,0
29045,83.33,-196.58,0
29057,83.33,-196.59,0
29068,90.91,-196.27,0
29079,90.91,-196.43,0
29090,90.91,-196.14,0
29102,83.33,-195.58,0
29114,83.33,-194.91,0
29125,90.91,-194.52,0
29136,90.91,-194.69,0
29148,83.33,-195.44,0
29159,90.91,-195.33,0
29170,90.91,-194.97,0
29182,83.33,-195.60,0
29194,83.33,-195.84,0
29205,90.91,-196.16,0
29216,90.91,-196.32,0
29228,83.33,-195.87,0
29239,90.91,-195.77,0
29251,83.33,-195.88,0
29262,90.91,-195.72,0
29274,83.33,-195.83,0
29285,90.91,-195.66,0
29296,90.91,-196.21,0
29307,90.91,-196.11,0
29320,76.92,-195.44,0
29331,90.91,-195.24,0
29342,90.91,-194.71,0
29353,90.91,-194.95,0
29365,83.33,-194.68,0
29376,90.91,-195.32,0
29388,83.33,-195.73,0
29400,83.33,-195.51,0
29411,90.91,-196.17,0
29422,90.91,-196.15,0
29433,90.91,-196.15,0
29445,83.33,-196.00,0
29457,83.33,-195.67,0
29468,90.91,-195.36,0
29479,90.91,-195.04,0
29491,83.33,-195.36,0
29502,90.91,-196.04,0
29513,90.91,-196.05,0
29526,76.92,-195.66,0
29537,90.91,-195.44,0
29548,90.91,-195.17,0
29559,90.91,-194.93,0
29571,83.33,-196.25,0
29582,90.91,-196.39,0
29594,83.33,-195.66,0
29605,90.91,-195.37,0
29617,83.33,-196.34,0
29628,90.91,-196.36,0
29639,90.91,-196.00,0
29650,90.91,-196.71,0
29663,76.92,-196.27,0
29674,90.91,-195.88,0
29685,90.91,-195.46,0
29697,83.33,-195.51,0
29708,90.91,-195.89,0
29719,90.91,-195.38,0
29731,83.33,-195.63,0
29743,83.33,-195.95,0
29754,90.91,-196.34,0
29765,90.91,-196.16,0
29776,90.91,-196.32,0
29788,83.33,-195.56,0
29800,83.33,-195.87,0
29811,90.91,-195.48,0
29822,90.91,-195.87,0
29834,83.33,-196.05,0
29845,90.91,-196.13,0
29856,90.91,-195.82,0
29869,76.92,-195.78,0
29880,90.91,-196.14,0
29891,90.91,-196.21,0
29902,90.91,-196.03,0
29914,83.33,-196.05,0
29925,90.91,-195.49,0
29937,83.33,-195.05,0
29948,90.91,-194.92,0
29960,83.33,-194.75,0
29971,90.91,-195.39,0
29982,90.91,-195.88,0
29993,90.91,-195.99,0
30006,76.92,-196.46,0
30017,90.91,-196.53,0
30028,90.91,-196.35,0
30040,83.33,-195.82,0
30051,90.91,-195.59,0
30062,90.91,-195.53,0
30074,83.33,-195.63,0
30086,83.33,-195.82,0
30097,90.91,-195.90,0
30108,90.91,-195.91,0
30119,90.91,-195.86,0
30132,83.33,-195.76,0
30143,83.33,-195.55,0
30154,90.91,-195.29,0
30166,83.33,-195.18,0
30177,90.91,-195.10,0
30188,90.91,-195.66,0
30200,90.91,-195.60,0
30212,76.92,-196.03,0
30223,90.91,-196.07,0
30234,90.91,-195.75,0
30245,90.91,-195.90,0
30257,83.33,-195.64,0
30269,90.91,-195.77,0
30280,83.33,-195.91,0
30291,90.91,-195.92,0
30303,83.33,-195.91,0
30314,90.91,-196.65,0
30325,90.91,-196.00,0
30338,83.33,-195.78,0
30349,83.33,-195.93,0
30360,90.91,-196.69,0
30371,90.91,-196.58,0
30383,83.33,-196.56,0
30394,90.91,-196.04,0
30406,90.91,-195.39,0
30417,83.33,-195.15,0
30429,83.33,-195.45,0
30440,90.91,-196.10,0
30451,90.91,-195.89,0
30462,90.91,-196.40,0
30475,76.92,-196.80,0
30486,90.91,-196.73,0
30497,90.91,-196.01,0
30509,83.33,-195.55,0
30520,90.91,-195.51,0
30531,90.91,-195.73,0
30543,83.33,-195.44,0
30555,83.33,-195.86,0
30566,90.91,-195.79,0
30577,90.91,-195.96,0
30588,90.91,-196.78,0
30600,83.33,-196.64,0
30612,83.33,-196.20,0
30623,90.91,-195.44,0
30635,83.33,-195.13,0
30646,90.91,-195.10,0
30657,90.91,-194.82,0
30668,90.91,-194.60,0
30681,76.92,-195.07,0
30692,90.91,-195.47,0
30703,90.91,-195.69,0
30714,90.91,-195.65,0
30726,83.33,-194.96,0
30737,90.91,-194.91,0
30749,83.33,-195.37,0
30760,90.91,-194.93,0
30772,83.33,-194.91,0
30783,90.91,-194.83,0
30794,90.91,-195.15,0
30806,83.33,-195.39,0
30818,83.33,-195.49,0
30829,90.91,-195.58,0
30840,90.91,-196.10,0
30852,83.33,-196.05,0
30863,90.91,-195.26,0
30874,90.91,-194.75,0
30886,83.33,-194.61,0
30898,83.33,-195.00,0
30909,90.91,-195.57,0
30920,90.91,-195.31,0
30931,90.91,-195.24,0
30943,83.33,-195.47,0
30955,83.33,-195.16,0
30966,90.91,-194.85,0
30978,83.33,-195.27,0
30989,90.91,-195.12,0
31000,90.91,-195.04,0
31011,90.91,-195.44,0
31024,76.92,-195.63,0
31035,90.91,-195.76,0
31046,90.91,-196.13,0
31057,90.91,-196.79,0
31069,83.33,-196.22,0
31080,90.91,-196.99,0
31092,83.33,-197.11,0
31104,83.33,-196.49,0
31115,90.91,-195.71,0
31126,90.91,-195.44,0
31137,90.91,-195.04,0
31149,83.33,-195.14,0
31161,83.33,-195.04,0
31172,90.91,-195.84,0
31183,90.91,-196.26,0
31195,83.33,-196.81,0
31206,90.91,-196.85,0
31217,90.91,-196.80,0
31229,83.33,-195.91,0
31241,83.33,-196.40,0
31252,90.91,-196.29,0
31263,90.91,-195.80,0
31275,83.33,-195.62,0
31286,90.91,-196.11,0
31298,83.33,-196.51,0
31309,90.91,-196.10,0
31321,83.33,-196.15,0
31332,90.91,-196.19,0
31343,90.91,-195.18,0
31354,90.91,-194.68,0
31367,76.92,-194.44,0
31378,90.91,-194.32,0
31389,90.91,-194.89,0
31400,90.91,-195.56,0
31412,83.33,-196.02,0
31423,90.91,-196.25,0
31435,83.33,-196.51,0
31447,83.33,-195.51,0
31458,90.91,-195.14,0
31469,90.91,-195.88,0
31480,90.91,-195.23,0
31493,83.33,-194.89,0
31504,83.33,-195.26,0
31515,90.91,-195.31,0
31526,90.91,-195.37,0
31538,83.33,-195.78,0
31549,90.91,-195.70,0
31561,90.91,-195.46,0
31572,83.33,-194.94,0
31584,83.33,-195.05,0
31595,90.91,-194.96,0
31606,90.91,-194.67,0
31618,83.33,-194.54,0
31630,90.91,-195.73,0
31641,83.33,-195.78,0
31652,90.91,-195.54,0
31664,83.33,-195.91,0
31675,90.91,-196.50,0
31686,90.91,-195.74,0
31698,90.91,-195.44,0
31710,76.92,-195.19,0
31721,90.91,-194.69,0
31732,90.91,-194.83,0
31744,83.33,-194.83,0
31755,90.91,-195.25,0
31767,90.91,-195.88,0
31778,90.91,-195.79,0
31790,83.33,-195.57,0
31801,90.91,-195.63,0
31812,90.91,-195.73,0
31823,90.91,-195.31,0
31836,76.92,-195.23,0
31847,90.91,-195.31,0
31858,90.91,-195.88,0
31869,90.91,-195.97,0
31881,83.33,-196.16,0
31892,90.91,-196.82,0
31904,83.33,-196.72,0
31916,83.33,-196.68,0
31927,90.91,-196.31,0
31938,90.91,-195.05,0
31949,90.91,-194.76,0
31961,83.33,-194.72,0
31973,83.33,-194.85,0
31984,90.91,-196.01,0
31995,90.91,-196.21,0
32007,83.33,-196.62,0
32018,90.91,-197.12,0
32029,90.91,-196.92,0
32041,83.33,-197.08,0
32053,83.33,-196.35,0
32064,90.91,-195.93,0
32075,90.91,-196.15,0
32087,83.33,-195.60,0
32098,90.91,-195.70,0
32110,83.33,-196.07,0
32121,90.91,-195.93,0
32133,83.33,-195.28,0
32144,90.91,-196.19,0
32155,90.91,-195.42,0
32166,90.91,-195.49,0
32179,76.92,-195.23,0
32190,90.91,-194.74,0
32201,90.91,-194.85,0
32212,90.91,-195.24,0
32224,83.33,-196.02,0
32235,90.91,-195.93,0
32247,83.33,-196.47,0
32259,83.33,-196.68,0
32270,90.91,-196.71,0
32281,90.91,-195.96,0
32292,90.91,-195.35,0
32304,83.33,-194.53,0
32316,83.33,-194.23,0
32327,90.91,-194.23,0
32338,90.91,-194.22,0
32350,83.33,-194.65,0
32361,90.91,-194.61,0
32372,90.91,-195.02,0
32385,76.92,-195.37,0
32396,90.91,-194.85,0
32407,90.91,-194.62,0
32418,90.91,-194.97,0
32430,83.33,-195.50,0
32441,90.91,-195.46,0
32453,83.33,-195.72,0
32464,90.91,-195.95,0
32476,83.33,-196.55,0
32487,90.91,-196.42,0
32498,90.91,-195.96,0
32509,90.91,-195.24,0
32522,76.92,-194.32,0
32533,90.91,-194.20,0
32544,90.91,-193.32,0
32556,83.33,-193.81,0
32567,90.91,-194.49,0
32578,90.91,-195.00,0
32590,83.33,-195.11,0
32602,83.33,-195.98,0
32613,90.91,-196.35,0
32624,90.91,-196.83,0
32635,90.91,-196.29,0
32647,83.33,-196.43,0
32659,83.33,-196.39,0
32670,90.91,-195.47,0
32681,90.91,-195.49,0
32693,83.33,-195.58,0
32704,90.91,-195.12,0
32715,90.91,-195.29,0
32728,76.92,-195.10,0
32739,90.91,-195.55,0
32750,90.91,-195.16,0
32761,90.91,-194.60,0
32773,83.33,-194.70,0
32785,90.91,-195.11,0
32796,83.33,-195.30,0
32807,90.91,-195.82,0
32819,83.33,-196.62,0
32830,90.91,-196.86,0
32841,90.91,-197.30,0
32854,90.91,-197.29,0
32865,76.92,-196.12,0
32876,90.91,-195.89,0
32887,90.91,-195.54,0
32899,83.33,-194.99,0
32910,90.91,-194.98,0
32922,90.91,-194.80,0
32933,83.33,-195.24,0
32945,83.33,-195.88,0
32956,90.91,-196.55,0
32967,90.91,-196.66,0
32978,90.91,-195.74,0
32991,83.33,-195.10,0
33002,83.33,-195.29,0
33013,90.91,-195.71,0
33025,83.33,-195.84,0
33036,90.91,-195.47,0
33047,90.91,-196.05,0
33059,83.33,-196.16,0
33071,83.33,-196.40,0
33082,90.91,-196.10,0
33093,90.91,-196.22,0
33104,90.91,-195.51,0
33116,83.33,-194.87,0
33128,83.33,-195.01,0
33139,90.91,-194.60,0
33150,90.91,-194.41,0
33162,83.33,-194.97,0
33173,90.91,-195.53,0
33184,90.91,-195.52,0
33197,76.92,-195.71,0
33208,90.91,-195.71,0
33219,90.91,-195.71,0
33230,90.91,-196.10,0
33242,83.33,-196.40,0
33253,90.91,-196.14,0
33265,83.33,-196.05,0
33276,90.91,-196.10,0
33288,83.33,-195.97,0
33299,90.91,-196.02,0
33310,90.91,-195.97,0
33321,90.91,-195.60,0
33334,76.92,-195.28,0
33345,90.91,-194.08,0
33356,90.91,-194.05,0
33368,83.33,-195.15,0
33379,90.91,-195.12,0
33390,90.91,-195.95,0
33402,83.33,-195.94,0
33414,83.33,-196.29,0
33425,90.91,-196.38,0
33436,90.91,-197.40,0
33447,90.91,-197.22,0
33459,83.33,-196.84,0
33471,83.33,-196.59,0
33482,90.91,-195.67,0
33494,83.33,-195.83,0
33505,90.91,-195.97,0
33516,90.91,-195.15,0
33527,90.91,-194.52,0
33540,76.92,-195.25,0
33551,90.91,-195.40,0
33562,90.91,-195.24,0
33573,90.91,-195.33,0
33585,83.33,-195.74,0
33596,90.91,-195.59,0
33608,83.33,-195.63,0
33619,90.91,-196.21,0
33631,83.33,-196.19,0
33642,90.91,-196.69,0
33653,90.91,-197.14,0
33665,83.33,-196.71,0
33677,83.33,-196.64,0
33688,90.91,-196.92,0
33699,90.91,-195.85,0
33711,83.33,-195.18,0
33722,90.91,-194.23,0
33733,90.91,-194.28,0
33745,83.33,-194.74,0
33757,83.33,-194.29,0
33768,90.91,-195.14,0
33779,90.91,-195.70,0
33790,90.91,-196.12,0
33802,83.33,-195.98,0
33814,83.33,-196.05,0
33825,90.91,-196.23,0
33837,83.33,-196.48,0
33848,90.91,-196.16,0
33859,90.91,-196.39,0
33870,90.91,-196.26,0
33883,76.92,-196.01,0
33894,90.91,-196.32,0
33905,90.91,-196.13,0
33916,90.91,-195.58,0
33928,83.33,-195.16,0
33940,90.91,-195.52,0
33951,83.33,-194.55,0
33963,83.33,-194.18,0
33974,90.91,-194.44,0
33985,90.91,-195.07,0
33996,90.91,-196.38,0
34009,83.33,-196.69,0
34020,83.33,-197.05,0
34031,90.91,-196.77,0
34042,90.91,-197.39,0
34054,83.33,-197.40,0
34065,90.91,-196.65,0
34077,90.91,-196.06,0
34088,83.33,-195.75,0
34100,83.33,-195.23,0
34111,90.91,-194.93,0
34122,90.91,-194.61,0
34134,83.33,-195.21,0
34146,90.91,-195.53,0
34157,83.33,-195.21,0
34168,90.91,-194.98,0
34180,83.33,-195.17,0
34191,90.91,-194.82,0
34202,90.91,-194.90,0
34214,83.33,-195.72,0
34226,83.33,-196.25,0
34237,90.91,-196.62,0
34248,90.91,-196.87,0
34259,90.91,-196.90,0
34271,83.33,-196.38,0
34283,83.33,-195.78,0
34294,90.91,-195.32,0
34306,83.33,-195.06,0
34317,90.91,-194.36,0
34328,90.91,-194.88,0
34339,90.91,-194.79,0
34352,76.92,-194.97,0
34363,90.91,-194.59,0
34374,90.91,-194.77,0
34385,90.91,-194.79,0
34397,83.33,-195.39,0
34408,90.91,-195.74,0
34420,83.33,-196.06,0
34432,83.33,-196.03,0
34443,90.91,-196.13,0
34454,90.91,-196.03,0
34465,90.91,-196.09,0
34477,83.33,-196.63,0
34489,83.33,-196.07,0
34500,90.91,-195.91,0
34511,90.91,-195.69,0
34523,83.33,-195.20,0
34534,90.91,-194.26,0
34545,90.91,-194.08,0
34557,83.33,-193.84,0
34569,83.33,-194.86,0
34580,90.91,-195.54,0
34591,90.91,-195.44,0
34603,83.33,-195.65,0
34614,90.91,-196.25,0
34626,83.33,-196.59,0
34637,90.91,-196.33,0
34649,83.33,-195.54,0
34660,90.91,-195.96,0
34671,90.91,-196.09,0
34682,90.91,-196.67,0
34695,76.92,-196.04,0
34706,90.91,-195.74,0
34717,90.91,-196.01,0
34728,90.91,-196.00,0
34740,83.33,-195.54,0
34751,90.91,-195.82,0
34763,83.33,-195.29,0
34775,83.33,-195.13,0
34786,90.91,-194.67,0
34797,90.91,-195.23,0
34808,90.91,-195.79,0
34820,83.33,-196.02,0
34832,83.33,-196.24,0
34843,90.91,-196.43,0
34854,90.91,-196.07,0
34866,83.33,-195.55,0
34877,90.91,-195.37,0
34888,90.91,-195.96,0
34900,83.33,-196.07,0
34912,83.33,-195.23,0
34923,90.91,-195.18,0
34934,90.91,-194.94,0
34946,83.33,-195.33,0
34957,90.91,-196.19,0
34969,83.33,-196.20,0
34980,90.91,-195.68,0
34992,83.33,-195.94,0
35003,90.91,-196.06,0
35014,90.91,-196.51,0
35025,90.91,-196.53,0
35038,76.92,-196.63,0
35049,90.91,-197.06,0
35060,90.91,-197.27,0
35072,83.33,-196.47,0
35083,90.91,-196.09,0
35095,90.91,-195.97,0
35106,83.33,-195.34,0
35118,83.33,-195.20,0
35129,90.91,-195.20,0
35140,90.91,-195.26,0
35151,90.91,-194.82,0
35164,83.33,-195.18,0
35175,83.33,-195.86,0
35186,90.91,-196.04,0
35197,90.91,-196.32,0
35209,83.33,-196.52,0
35220,90.91,-196.02,0
35232,90.91,-196.00,0
35244,76.92,-196.59,0
35255,90.91,-196.48,0
35266,90.91,-196.09,0
35277,90.91,-195.92,0
35289,83.33,-196.05,0
35301,90.91,-195.88,0
35312,83.33,-195.74,0
35323,90.91,-195.65,0
35335,83.33,-195.54,0
35346,90.91,-195.47,0
35357,90.91,-194.97,0
35369,83.33,-194.57,0
35381,83.33,-194.47,0
35392,90.91,-194.24,0
35403,90.91,-194.85,0
35415,83.33,-195.83,0
35426,90.91,-196.21,0
35438,83.33,-196.32,0
35449,90.91,-197.00,0
35461,83.33,-196.67,0
35472,90.91,-195.86,0
35483,90.91,-195.51,0
35494,90.91,-195.49,0
35507,76.92,-195.39,0
35518,90.91,-195.56,0
35529,90.91,-194.99,0
35540,90.91,-195.15,0
35552,83.33,-195.42,0
35563,90.91,-195.27,0
35575,83.33,-194.85,0
35587,83.33,-194.22,0
35598,90.91,-194.68,0
35609,90.91,-194.74,0
35620,90.91,-194.98,0
35632,83.33,-195.86,0
35644,83.33,-196.97,0
35655,90.91,-197.14,0
35666,90.91,-196.68,0
35678,83.33,-196.32,0
35689,90.91,-196.32,0
35700,90.91,-196.39,0
35713,76.92,-195.28,0
35724,90.91,-195.00,0
35735,90.91,-194.63,0
35746,90.91,-194.40,0
35758,83.33,-194.74,0
35769,90.91,-195.41,0
35781,83.33,-196.17,0
35792,90.91,-196.56,0
35804,83.33,-196.19,0
35815,90.91,-196.31,0
35826,90.91,-196.22,0
35837,90.91,-196.24,0
35850,76.92,-196.43,0
35861,90.91,-196.06,0
35872,90.91,-196.26,0
35884,83.33,-196.04,0
35895,90.91,-196.16,0
35906,90.91,-195.85,0
35918,83.33,-195.99,0
35930,83.33,-195.78,0
35941,90.91,-195.52,0
35952,90.91,-195.04,0
35963,90.91,-194.60,0
35975,83.33,-194.75,0
35987,83.33,-194.83,0
35998,90.91,-195.61,0
36009,90.91,-196.22,0
36021,83.33,-196.67,0
36032,90.91,-196.55,0
36043,90.91,-196.95,0
36056,76.92,-196.22,0
36067,90.91,-196.44,0
36078,90.91,-196.30,0
36089,90.91,-195.81,0
36101,83.33,-195.83,0
36112,90.91,-195.85,0
36124,83.33,-195.56,0
36135,90.91,-195.60,0
36147,83.33,-195.98,0
36158,90.91,-196.02,0
36169,90.91,-195.36,0
36180,90.91,-194.93,0
36193,76.92,-195.10,0
36204,90.91,-195.14,0
36215,90.91,-195.35,0
36227,83.33,-195.57,0
36238,90.91,-196.66,0
36249,90.91,-196.48,0
36261,83.33,-195.98,0
36273,83.33,-195.35,0
36284,90.91,-194.97,0
36295,90.91,-195.36,0
36306,90.91,-194.89,0
36318,83.33,-195.46,0
36330,83.33,-194.86,0
36341,90.91,-195.63,0
36353,83.33,-195.81,0
36364,90.91,-195.68,0
36375,90.91,-195.90,0
36387,90.91,-195.85,0
36399,76.92,-195.99,0
36410,90.91,-196.49,0
36421,90.91,-196.11,0
36432,90.91,-195.94,0
36444,83.33,-195.80,0
36456,90.91,-195.75,0
36467,83.33,-196.56,0
36478,90.91,-195.95,0
36490,83.33,-196.03,0
36501,90.91,-195.63,0
36512,90.91,-195.74,0
36525,83.33,-195.16,0
36536,83.33,-195.18,0
36547,90.91,-194.91,0
36558,90.91,-195.03,0
36570,83.33,-194.68,0
36581,90.91,-195.61,0
36593,90.91,-196.22,0
36604,83.33,-196.57,0
36616,83.33,-196.20,0
36627,90.91,-196.77,0
36638,90.91,-196.73,0
36649,90.91,-195.77,0
36662,83.33,-195.07,0
36673,83.33,-195.06,0
36684,90.91,-194.86,0
36696,83.33,-195.28,0
36707,90.91,-195.96,0
36718,90.91,-195.85,0
36730,90.91,-196.09,0
36742,76.92,-196.17,0
36753,90.91,-195.71,0
36764,90.91,-195.41,0
36775,90.91,-195.61,0
36787,83.33,-195.28,0
36799,83.33,-195.25,0
36810,90.91,-195.15,0
36822,83.33,-195.78,0
36833,90.91,-195.81,0
36844,90.91,-195.79,0
36855,90.91,-195.84,0
36868,76.92,-195.71,0
36879,90.91,-195.54,0
36890,90.91,-194.91,0
36901,90.91,-194.70,0
36913,83.33,-194.46,0
36924,90.91,-194.39,0
36936,83.33,-195.16,0
36947,90.91,-195.37,0
36959,83.33,-195.50,0
36970,90.91,-195.74,0
36981,90.91,-195.88,0
36993,83.33,-196.16,0
37005,83.33,-195.94,0
37016,90.91,-195.85,0
37027,90.91,-196.23,0
37039,83.33,-195.92,0
37050,90.91,-196.23,0
37061,90.91,-196.42,0
37073,83.33,-196.43,0
37085,83.33,-195.73,0
37096,90.91,-195.51,0
37107,90.91,-195.43,0
37118,90.91,-194.96,0
37130,83.33,-194.66,0
37142,83.33,-195.07,0
37153,90.91,-196.00,0
37165,83.33,-195.87,0
37176,90.91,-195.91,0
37187,90.91,-196.28,0
37198,90.91,-196.50,0
37211,76.92,-197.10,0
37222,90.91,-196.98,0
37233,90.91,-196.20,0
37244,90.91,-196.13,0
37256,83.33,-195.84,0
37267,90.91,-195.83,0
37279,83.33,-195.16,0
37291,83.33,-194.69,0
37302,90.91,-195.06,0
37313,90.91,-195.14,0
37324,90.91,-195.10,0
37336,83.33,-195.41,0
37348,83.33,-194.98,0
37359,90.91,-195.28,0
37370,90.91,-195.39,0
37382,83.33,-195.35,0
37393,90.91,-195.57,0
37404,90.91,-195.29,0
37416,83.33,-195.91,0
37428,83.33,-196.51,0
37439,90.91,-196.44,0
37450,90.91,-195.79,0
37462,83.33,-195.64,0
37473,90.91,-195.53,0
37485,83.33,-195.13,0
37496,90.91,-194.30,0
37508,83.33,-193.73,0
37519,90.91,-194.31,0
37530,90.91,-194.87,0
37541,90.91,-195.48,0
37554,76.92,-195.61,0
37565,90.91,-195.77,0
37576,90.91,-196.31,0
37587,90.91,-195.82,0
37599,83.33,-195.24,0
37610,90.91,-195.42,0
37622,83.33,-196.08,0
37634,83.33,-196.23,0
37645,90.91,-196.39,0
37656,90.91,-196.43,0
37667,90.91,-196.71,0
37679,83.33,-196.16,0
37691,83.33,-196.05,0
37702,90.91,-195.36,0
37713,90.91,-195.21,0
37725,83.33,-194.44,0
37736,90.91,-194.09,0
37747,90.91,-194.59,0
37760,76.92,-195.49,0
37771,90.91,-195.52,0
37782,90.91,-196.65,0
37793,90.91,-196.81,0
37805,83.33,-196.26,0
37816,90.91,-196.14,0
37828,83.33,-196.35,0
37839,90.91,-196.60,0
37851,83.33,-195.77,0
37862,90.91,-195.45,0
37873,90.91,-195.19,0
37884,90.91,-195.10,0
37897,76.92,-195.56,0
37908,90.91,-195.36,0
37919,90.91,-195.04,0
37931,83.33,-195.32,0
37942,90.91,-195.09,0
37953,90.91,-195.20,0
37965,83.33,-195.55,0
37977,83.33,-195.42,0
37988,90.91,-196.19,0
37999,90.91,-196.64,0
38010,90.91,-196.67,0
38023,83.33,-196.66,0
38034,83.33,-196.56,0
38045,90.91,-196.43,0
38056,90.91,-195.94,0
38068,83.33,-195.29,0
38079,90.91,-194.62,0
38091,90.91,-195.12,0
38103,76.92,-195.49,0
38114,90.91,-195.11,0
38125,90.91,-195.10,0
38136,90.91,-195.64,0
38148,83.33,-195.19,0
38160,90.91,-195.89,0
38171,83.33,-196.02,0
38182,90.91,-196.21,0
38194,83.33,-196.01,0
38205,90.91,-195.67,0
38216,90.91,-195.13,0
38228,90.91,-195.25,0
38240,76.92,-195.92,0
38251,90.91,-196.37,0
38262,90.91,-195.63,0
38274,83.33,-195.27,0
38285,90.91,-195.57,0
38297,90.91,-195.25,0
38308,83.33,-194.43,0
38320,83.33,-194.52,0
38331,90.91,-194.64,0
38342,90.91,-194.66,0
38353,90.91,-195.79,0
38366,83.33,-196.02,0
38377,90.91,-195.93,0
38388,90.91,-195.49,0
38400,83.33,-195.49,0
38411,90.91,-195.49,0
38422,90.91,-195.33,0
38434,83.33,-195.13,0
38446,83.33,-195.88,0
38457,90.91,-195.71,0
38468,90.91,-195.56,0
38479,90.91,-195.70,0
38491,83.33,-195.67,0
38503,83.33,-195.65,0
38514,90.91,-196.17,0
38525,90.91,-195.50,0
38537,83.33,-195.43,0
38548,90.91,-195.02,0
38559,90.91,-194.74,0
38572,76.92,-195.29,0
38583,90.91,-196.03,0
38594,90.91,-196.07,0
38605,90.91,-196.43,0
38617,83.33,-195.89,0
38628,90.91,-195.83,0
38640,83.33,-196.21,0
38651,90.91,-195.66,0
38663,83.33,-195.10,0
38674,90.91,-194.84,0
38685,90.91,-194.57,0
38696,90.91,-194.67,0
38709,76.92,-194.99,0
38720,90.91,-195.34,0
38731,90.91,-195.65,0
38743,83.33,-195.96,0
38754,90.91,-196.08,0
38765,90.91,-195.89,0
38777,83.33,-195.47,0
38789,83.33,-195.55,0
38800,90.91,-195.71,0
38811,90.91,-196.25,0
38822,90.91,-196.33,0
38834,83.33,-196.25,0
38846,83.33,-196.21,0
38857,90.91,-196.15,0
38868,90.91,-196.43,0
38880,83.33,-195.73,0
38891,90.91,-195.22,0
38902,90.91,-195.72,0
38915,76.92,-195.04,0
38926,90.91,-195.24,0
38937,90.91,-195.39,0
38948,90.91,-195.40,0
38960,83.33,-195.98,0
38971,90.91,-196.37,0
38983,83.33,-196.25,0
38994,90.91,-196.13,0
39006,83.33,-196.50,0
39017,90.91,-195.97,0
39028,90.91,-196.12,0
39040,83.33,-196.42,0
39052,83.33,-196.42,0
39063,90.91,-196.12,0
39074,90.91,-196.23,0
39086,83.33,-196.05,0
39097,90.91,-195.96,0
39108,90.91,-195.88,0
39120,83.33,-195.30,0
39132,83.33,-195.21,0
39143,90.91,-195.18,0
39154,90.91,-195.45,0
39165,90.91,-195.46,0
39177,83.33,-195.00,0
39189,83.33,-196.78,0
39200,90.91,-197.00,0
39212,83.33,-196.46,0
39223,90.91,-196.29,0
39234,90.91,-196.23,0
39245,90.91,-195.64,0
39258,76.92,-195.25,0
39269,90.91,-194.84,0
39280,90.91,-194.37,0
39291,90.91,-195.02,0
39303,83.33,-195.21,0
39314,90.91,-195.18,0
39326,83.33,-194.96,0
39337,90.91,-194.83,0
39349,83.33,-195.29,0
39360,90.91,-195.32,0
39371,90.91,-194.78,0
39383,83.33,-195.00,0
39395,83.33,-195.76,0
39406,90.91,-196.29,0
39417,90.91,-196.84,0
39429,83.33,-196.80,0
39440,90.91,-196.36,0
39451,90.91,-196.40,0
39463,83.33,-196.79,0
39475,83.33,-196.44,0
39486,90.91,-196.18,0
39497,90.91,-195.77,0
39508,90.91,-194.89,0
39520,83.33,-194.76,0
39532,83.33,-195.31,0
39543,90.91,-195.94,0
39555,83.33,-196.45,0
39566,90.91,-196.86,0
39577,90.91,-196.83,0
39588,90.91,-196.36,0
39601,76.92,-196.13,0
39612,90.91,-196.42,0
39623,90.91,-195.87,0
39634,90.91,-195.87,0
39646,83.33,-195.88,0
39657,90.91,-195.87,0
39669,83.33,-196.43,0
39681,83.33,-196.63,0
39692,90.91,-196.02,0
39703,90.91,-195.96,0
39714,90.91,-195.70,0
39727,83.33,-195.65,0
39738,83.33,-194.85,0
39749,90.91,-194.30,0
39760,90.91,-195.10,0
39772,83.33,-195.60,0
39783,90.91,-196.06,0
39795,90.91,-196.85,0
39806,83.33,-196.75,0
39818,83.33,-196.59,0
39829,90.91,-195.83,0
39840,90.91,-195.49,0
39852,83.33,-195.08,0
39864,90.91,-194.62,0
39875,83.33,-194.34,0
39886,90.91,-194.32,0
39898,83.33,-194.91,0
39909,90.91,-195.33,0
39920,90.91,-195.27,0
39932,90.91,-195.66,0
39944,76.92,-195.19,0
39955,90.91,-194.93,0
39966,90.91,-195.23,0
39977,90.91,-195.21,0
39989,83.33,-195.07,0
40001,90.91,-195.97,0
40012,83.33,-196.51,0
40024,83.33,-196.71,0
40035,90.91,-196.32,0
40046,90.91,-195.99,0
40057,90.91,-195.73,0
40070,76.92,-195.12,0
40081,90.91,-195.24,0
40092,90.91,-194.74,0
40103,90.91,-194.57,0
40115,83.33,-194.59,0
40126,90.91,-194.74,0
40138,83.33,-195.41,0
40150,83.33,-196.50,0
40161,90.91,-196.62,0
40172,90.91,-196.28,0
40183,90.91,-195.47,0
40195,83.33,-195.53,0
40207,83.33,-195.72,0
40218,90.91,-195.58,0
40229,90.91,-195.56,0
40241,83.33,-195.34,0
40252,90.91,-195.72,0
40263,90.91,-195.84,0
40275,83.33,-196.45,0
40287,83.33,-196.07,0
40298,90.91,-195.51,0
40309,90.91,-195.23,0
40321,83.33,-194.91,0
40332,90.91,-194.83,0
40344,83.33,-194.50,0
40355,90.91,-195.20,0
40367,83.33,-195.76,0
40378,90.91,-196.43,0
40389,90.91,-196.05,0
40400,90.91,-195.68,0
40413,76.92,-196.18,0
40424,90.91,-195.94,0
40435,90.91,-195.64,0
40446,90.91,-195.98,0
40458,83.33,-195.45,0
40469,90.91,-196.10,0
40481,83.33,-195.40,0
40493,83.33,-195.84,0
40504,90.91,-196.23,0
40515,90.91,-196.36,0
40526,90.91,-196.28,0
40538,83.33,-195.33,0
40550,83.33,-194.83,0
40561,90.91,-194.53,0
40572,90.91,-194.97,0
40584,83.33,-195.64,0
40595,90.91,-196.09,0
40606,90.91,-196.28,0
40619,76.92,-196.38,0
40630,90.91,-196.53,0
40641,90.91,-196.70,0
40652,90.91,-195.84,0
40664,83.33,-195.23,0
40675,90.91,-195.85,0
40687,83.33,-195.77,0
40698,90.91,-195.14,0
40710,83.33,-195.36,0
40721,90.91,-195.37,0
40732,90.91,-196.03,0
40743,90.91,-196.32,0
40756,76.92,-196.17,0
40767,90.91,-196.08,0
40778,90.91,-195.34,0
40790,83.33,-195.12,0
40801,90.91,-195.23,0
40812,90.91,-195.16,0
40824,83.33,-195.52,0
40836,83.33,-195.42,0
40847,90.91,-196.76,0
40858,90.91,-196.74,0
40869,90.91,-196.44,0
40881,83.33,-196.52,0
40893,83.33,-195.42,0
40904,90.91,-194.67,0
40915,90.91,-194.89,0
40927,83.33,-195.06,0
40938,90.91,-195.73,0
40949,90.91,-195.78,0
40962,76.92,-196.22,0
40973,90.91,-197.16,0
40984,90.91,-196.23,0
40995,90.91,-195.53,0
41007,83.33,-195.68,0
41018,90.91,-195.65,0
41030,83.33,-195.19,0
41041,90.91,-195.19,0
41053,83.33,-195.32,0
41064,90.91,-195.41,0
41075,90.91,-195.89,0
41086,90.91,-195.46,0
41099,76.92,-195.84,0
41110,90.91,-195.97,0
41121,90.91,-195.33,0
41133,83.33,-195.48,0
41144,90.91,-195.36,0
41155,90.91,-194.94,0
41167,83.33,-195.23,0
41179,83.33,-195.70,0
41190,90.91,-195.58,0
41201,90.91,-195.28,0
41212,90.91,-195.41,0
41224,83.33,-195.21,0
41236,83.33,-195.76,0
41247,90.91,-195.63,0
41259,83.33,-195.88,0
41270,90.91,-195.98,0
41281,90.91,-196.03,0
41293,90.91,-195.82,0
41305,76.92,-195.60,0
41316,90.91,-196.03,0
41327,90.91,-196.49,0
41338,90.91,-195.89,0
41350,83.33,-196.40,0
41362,90.91,-196.44,0
41373,83.33,-195.85,0
41384,90.91,-195.83,0
41396,83.33,-196.12,0
41407,90.91,-195.38,0
41418,90.91,-194.72,0
41431,83.33,-195.28,0
41442,83.33,-195.18,0
41453,90.91,-195.31,0
41464,90.91,-195.30,0
41476,83.33,-195.26,0
41487,90.91,-195.22,0
41499,83.33,-195.40,0
41510,90.91,-195.65,0
41522,83.33,-196.10,0
41533,90.91,-195.88,0
41544,90.91,-195.95,0
41555,90.91,-196.47,0
41568,76.92,-195.99,0
41579,90.91,-196.30,0
41590,90.91,-196.14,0
41602,83.33,-195.76,0
41613,90.91,-195.53,0
41624,90.91,-195.43,0
41636,83.33,-195.46,0
41648,83.33,-195.56,0
41659,90.91,-195.59,0
41670,90.91,-196.28,0
41681,90.91,-196.13,0
41693,83.33,-196.36,0
41705,83.33,-196.70,0
41716,90.91,-195.90,0
41728,83.33,-195.93,0
41739,90.91,-195.93,0
41750,90.91,-195.49,0
41761,90.91,-195.77,0
41774,76.92,-196.11,0
41785,90.91,-196.29,0
41796,90.91,-195.71,0
41807,90.91,-195.81,0
41819,83.33,-195.78,0
41830,90.91,-195.61,0
41842,83.33,-196.11,0
41853,90.91,-195.93,0
41865,83.33,-196.03,0
41876,90.91,-195.95,0
41887,90.91,-195.99,0
41899,83.33,-196.07,0
41911,83.33,-195.94,0
41922,90.91,-195.87,0
41933,90.91,-196.11,0
41945,83.33,-196.06,0
41956,90.91,-196.03,0
41967,90.91,-195.36,0
41979,83.33,-195.01,0
41991,83.33,-195.38,0
42002,90.91,-195.65,0
42013,90.91,-195.67,0
42024,90.91,-195.71,0
42036,83.33,-196.03,0
42048,83.33,-196.01,0
42059,90.91,-195.08,0
42071,83.33,-195.21,0
42082,90.91,-195.58,0
42093,90.91,-196.35,0
42104,90.91,-195.82,0
42117,76.92,-196.09,0
42128,90.91,-195.83,0
42139,90.91,-195.71,0
42150,90.91,-195.92,0
42162,83.33,-195.66,0
42173,90.91,-195.62,0
42185,83.33,-195.49,0
42196,90.91,-195.08,0
42208,83.33,-194.78,0
42219,90.91,-194.79,0
42230,90.91,-195.11,0
42242,83.33,-195.46,0
42254,83.33,-195.77,0
42265,90.91,-196.01,0
42276,90.91,-195.72,0
42288,83.33,-196.03,0
42299,90.91,-195.64,0
42310,90.91,-195.61,0
42322,83.33,-195.11,0
42334,83.33,-194.96,0
42345,90.91,-194.85,0
42356,90.91,-195.21,0
42368,83.33,-195.27,0
42380,90.91,-195.58,0
42391,83.33,-195.62,0
42402,90.91,-195.99,0
42414,83.33,-196.11,0
42425,90.91,-195.49,0
42436,90.91,-195.02,0
42448,90.91,-194.93,0
42460,76.92,-195.02,0
42471,90.91,-195.33,0
42482,90.91,-195.34,0
42493,90.91,-195.57,0
42505,83.33,-196.43,0
42517,90.91,-195.95,0
42528,83.33,-196.04,0
42540,83.33,-196.16,0
42551,90.91,-195.52,0
42562,90.91,-195.66,0
42573,90.91,-195.85,0
42586,83.33,-195.91,0
42597,83.33,-195.79,0
42608,90.91,-195.54,0
42619,90.91,-196.05,0
42631,83.33,-196.69,0
42642,90.91,-196.21,0
42654,83.33,-196.03,0
42665,90.91,-195.80,0
42677,83.33,-195.33,0
42688,90.91,-195.41,0
42699,90.91,-194.97,0
42711,83.33,-195.43,0
42723,83.33,-196.21,0
42734,90.91,-196.33,0
42745,90.91,-197.11,0
42757,83.33,-197.08,0
42768,90.91,-196.83,0
42779,90.91,-195.83,0
42791,83.33,-195.39,0
42803,83.33,-195.50,0
42814,90.91,-195.00,0
42825,90.91,-195.31,0
42836,90.91,-195.52,0
42848,83.33,-195.96,0
42860,83.33,-196.00,0
42871,90.91,-196.35,0
42883,83.33,-195.95,0
42894,90.91,-196.13,0
42905,90.91,-195.34,0
42916,90.91,-194.73,0
42929,76.92,-195.81,0
42940,90.91,-195.67,0
42951,90.91,-195.51,0
42962,90.91,-196.01,0
42974,83.33,-196.29,0
42985,90.91,-196.14,0
42997,83.33,-195.86,0
43009,83.33,-195.79,0
43020,90.91,-195.14,0
43031,90.91,-194.95,0
43042,90.91,-194.67,0
43054,83.33,-194.76,0
43066,83.33,-195.12,0
43077,90.91,-195.84,0
43088,90.91,-195.69,0
43100,83.33,-196.27,0
43111,90.91,-195.85,0
43122,90.91,-195.45,0
43134,83.33,-195.67,0
43146,83.33,-196.20,0
43157,90.91,-195.72,0
43168,90.91,-195.61,0
43180,83.33,-195.45,0
43191,90.91,-195.63,0
43203,83.33,-195.98,0
43214,90.91,-195.67,0
43226,83.33,-195.83,0
43237,90.91,-195.67,0
43248,90.91,-195.50,0
43259,90.91,-195.57,0
43272,76.92,-195.25,0
43283,90.91,-195.10,0
43294,90.91,-195.21,0
43305,90.91,-195.54,0
43317,83.33,-195.93,0
43328,90.91,-195.97,0
43340,83.33,-196.21,0
43352,83.33,-196.24,0
43363,90.91,-196.06,0
43374,90.91,-195.19,0
43385,90.91,-195.31,0
43397,83.33,-195.04,0
43409,83.33,-195.19,0
43420,90.91,-195.19,0
43431,90.91,-195.37,0
43443,83.33,-195.49,0
43454,90.91,-196.33,0
43465,90.91,-195.55,0
43478,76.92,-197.08,0
43489,90.91,-195.02,0
43500,90.91,-195.86,0
43511,90.91,-195.24,0
43523,83.33,-195.86,0
43534,90.91,-195.32,0
43546,83.33,-195.63,0
43557,90.91,-195.79,0
43569,83.33,-194.91,0
43580,90.91,-195.82,0
43591,90.91,-195.32,0
43602,90.91,-195.36,0
43615,76.92,-194.82,0
43626,90.91,-194.77,0
43637,90.91,-195.27,0
43649,83.33,-195.31,0
43660,90.91,-195.79,0
43672,90.91,-195.67,0
43683,83.33,-196.27,0
43695,83.33,-195.71,0
43706,90.91,-195.94,0
43717,90.91,-195.64,0
43728,90.91,-195.65,0
43741,83.33,-195.55,0
43752,83.33,-195.60,0
43763,90.91,-195.21,0
43774,90.91,-195.46,0
43786,83.33,-195.40,0
43797,90.91,-195.61,0
43809,90.91,-195.86,0
43821,76.92,-195.84,0
43832,90.91,-196.23,0
43843,90.91,-196.34,0
43854,90.91,-196.16,0
43866,83.33,-195.53,0
43878,90.91,-195.54,0
43889,83.33,-195.46,0
43900,90.91,-195.66,0
43912,83.33,-195.83,0
43923,90.91,-196.31,0
43934,90.91,-196.25,0
43947,76.92,-196.66,0
43958,90.91,-196.11,0
43969,90.91,-195.92,0
43980,90.91,-195.22,0
43992,83.33,-194.96,0
44003,90.91,-194.70,0
44015,83.33,-194.80,0
44026,90.91,-195.30,0
44038,83.33,-196.12,0
44049,90.91,-195.77,0
44060,90.91,-196.18,0
44071,90.91,-195.96,0
44084,76.92,-195.80,0
44095,90.91,-195.57,0
44106,90.91,-195.19,0
44118,83.33,-195.56,0
44129,90.91,-195.64,0
44140,90.91,-196.45,0
44152,83.33,-196.74,0
44164,83.33,-196.09,0
44175,90.91,-195.55,0
44186,90.91,-195.63,0
44197,90.91,-195.58,0
44209,83.33,-195.30,0
44221,83.33,-195.53,0
44232,90.91,-195.90,0
44243,90.91,-196.13,0
44255,83.33,-196.85,0
44266,90.91,-196.51,0
44277,90.91,-196.20,0
44290,76.92,-196.13,0
44301,90.91,-196.12,0
44312,90.91,-195.57,0
44323,90.91,-195.60,0
44335,83.33,-195.87,0
44346,90.91,-195.60,0
44358,83.33,-195.53,0
44369,90.91,-195.46,0
44381,83.33,-195.33,0
44392,90.91,-195.91,0
44403,90.91,-195.13,0
44414,90.91,-195.99,0
44427,76.92,-196.20,0
44438,90.91,-196.06,0
44449,90.91,-195.81,0
44461,83.33,-195.71,0
44472,90.91,-196.05,0
44483,90.91,-196.03,0
44495,83.33,-196.62,0
44507,83.33,-196.45,0
44518,90.91,-195.99,0
44529,90.91,-195.99,0
44540,90.91,-196.00,0
44552,83.33,-195.79,0
44564,83.33,-194.89,0
44575,90.91,-195.09,0
44587,83.33,-195.36,0
44598,90.91,-195.15,0
44609,90.91,-195.27,0
44620,90.91,-195.37,0
44633,76.92,-196.45,0
44644,90.91,-196.00,0
44655,90.91,-196.79,0
44666,90.91,-196.39,0
44678,83.33,-195.52,0
44689,90.91,-195.62,0
44701,83.33,-195.73,0
44712,90.91,-195.02,0
44724,83.33,-195.34,0
44735,90.91,-195.71,0
44746,90.91,-195.47,0
44758,83.33,-195.97,0
44770,83.33,-195.85,0
44781,90.91,-195.57,0
44792,90.91,-195.42,0
44804,83.33,-195.50,0
44815,90.91,-195.59,0
44827,90.91,-195.90,0
44838,83.33,-196.25,0
44850,83.33,-196.16,0
44861,90.91,-196.37,0
44872,90.91,-196.44,0
44883,90.91,-196.26,0
44896,83.33,-196.46,0
44907,83.33,-195.98,0
44918,90.91,-195.42,0
44930,83.33,-194.68,0
44941,90.91,-195.20,0
44952,90.91,-195.52,0
44964,90.91,-195.62,0
44976,76.92,-195.70,0
44987,90.91,-196.22,0
44998,90.91,-196.35,0
45009,90.91,-196.44,0
45021,83.33,-195.74,0
45033,90.91,-196.23,0
45044,83.33,-196.26,0
45056,83.33,-195.89,0
45067,90.91,-195.67,0
45078,90.91,-195.71,0
45089,90.91,-195.38,0
45102,76.92,-196.05,0
45113,90.91,-195.91,0
45124,90.91,-196.83,0
45135,90.91,-195.58,0
45147,83.33,-196.03,0
45158,90.91,-195.25,0
45170,83.33,-195.72,0
45181,90.91,-195.70,0
45193,83.33,-195.61,0
45204,90.91,-195.08,0
45215,90.91,-195.80,0
45227,83.33,-196.74,0
45239,83.33,-196.05,0
45250,90.91,-196.48,0
45261,90.91,-196.22,0
45273,83.33,-196.73,0
45284,90.91,-195.83,0
45295,90.91,-195.51,0
45307,83.33,-195.83,0
45319,83.33,-195.76,0
45330,90.91,-195.66,0
