66,15.15,2165.55,0
77,90.91,2163.11,0
89,83.33,2159.07,0
100,90.91,2165.77,0
111,90.91,2165.81,0
123,90.91,2162.06,0
135,76.92,2157.50,0
146,90.91,2158.07,0
157,90.91,2167.86,0
168,90.91,2169.89,0
180,83.33,2164.13,0
192,90.91,2161.79,0
203,83.33,2158.71,0
215,83.33,2164.93,0
226,90.91,2164.47,0
237,90.91,2159.04,0
248,90.91,2158.56,0
261,83.33,2164.63,0
272,83.33,2169.97,0
283,90.91,2167.58,0
294,90.91,2161.16,0
306,83.33,2161.96,0
317,90.91,2164.59,0
328,90.91,2165.60,0
340,83.33,2162.29,0
352,83.33,2158.61,0
363,90.91,2157.58,0
374,90.91,2162.92,0
386,83.33,2167.50,0
397,90.91,2165.39,0
409,83.33,2161.95,0
420,90.91,2162.91,0
432,83.33,2163.19,0
443,90.91,2164.33,0
454,90.91,2161.88,0
465,90.91,2156.10,0
478,76.92,2161.59,0
489,90.91,2166.84,0
500,90.91,2166.27,0
512,83.33,2162.52,0
523,90.91,2157.93,0
534,90.91,2159.75,0
546,83.33,2163.76,0
558,83.33,2161.33,0
569,90.91,2159.72,0
580,90.91,2160.13,0
591,90.91,2163.23,0
603,83.33,2162.80,0
615,83.33,2165.34,0
626,90.91,2164.12,0
637,90.91,2161.58,0
649,83.33,2163.12,0
660,90.91,2160.60,0
671,90.91,2161.57,0
684,76.92,2165.10,0
695,90.91,2162.48,0
706,90.91,2163.69,0
717,90.91,2163.25,0
729,83.33,2165.82,0
740,90.91,2166.55,0
752,83.33,2164.38,0
763,90.91,2160.59,0
775,83.33,2159.49,0
786,90.91,2158.95,0
797,90.91,2162.46,0
808,90.91,2164.47,0
821,76.92,2164.81,0
832,90.91,2161.02,0
843,90.91,2165.89,0
855,83.33,2165.96,0
866,90.91,2164.34,0
877,90.91,2164.46,0
889,90.91,2156.58,0
901,76.92,2161.95,0
912,90.91,2163.11,0
923,90.91,2165.50,0
934,90.91,2165.65,0
946,83.33,2165.01,0
958,90.91,2164.56,0
969,83.33,2165.79,0
980,90.91,2165.23,0
992,83.33,2161.43,0
1003,90.91,2160.85,0
1014,90.91,2162.35,0
1027,83.33,2162.75,0
1038,83.33,2163.09,0
1049,90.91,2162.60,0
1060,90.91,2161.31,0
1072,83.33,2170.34,0
1083,90.91,2165.61,0
1094,90.91,2163.55,0
1106,83.33,2162.17,0
1118,83.33,2160.69,0
1129,90.91,2166.52,0
1140,90.91,2166.12,0
1152,83.33,2164.08,0
1163,90.91,2167.17,0
1175,83.33,2163.06,0
1186,90.91,2168.10,0
1198,83.33,2167.21,0
1209,90.91,2158.84,0
1220,90.91,2162.03,0
1231,90.91,2162.52,0
1244,76.92,2165.88,0
1255,90.91,2164.29,0
1266,90.91,2159.99,0
1277,90.91,2160.06,0
1289,83.33,2164.36,0
1300,90.91,2161.99,0
1312,83.33,2160.06,0
1324,83.33,2158.36,0
1335,90.91,2157.74,0
1346,90.91,2163.99,0
1357,90.91,2166.10,0
1369,83.33,2164.65,0
1381,83.33,2164.48,0
1392,90.91,2163.76,0
1403,90.91,2163.19,0
1415,83.33,2168.03,0
1426,90.91,2161.12,0
1437,90.91,2162.81,0
1449,83.33,2163.66,0
1461,83.33,2165.25,0
1472,90.91,2166.21,0
1483,90.91,2165.10,0
1495,83.33,2161.59,0
1506,90.91,2160.97,0
1518,83.33,2162.63,0
1529,90.91,2163.08,0
1541,83.33,2162.90,0
1552,90.91,2162.32,0
1563,90.91,2161.24,0
1574,90.91,2163.85,0
1587,76.92,2166.54,0
1598,90.91,2163.71,0
1609,90.91,2161.93,0
1620,90.91,2162.96,0
1632,83.33,2160.34,0
1643,90.91,2160.93,0
1655,83.33,2164.77,0
1667,83.33,2160.29,0
1678,90.91,2164.03,0
1689,90.91,2163.94,0
1700,90.91,2165.13,0
1712,83.33,2166.24,0
1724,90.91,2162.80,0
1735,83.33,2163.65,0
1746,90.91,2157.74,0
1758,83.33,2158.86,0
1769,90.91,2161.46,0
1780,90.91,2162.28,0
1793,83.33,2162.54,0
1804,83.33,2164.00,0
1815,90.91,2169.27,0
1826,90.91,2166.98,0
1838,83.33,2162.62,0
1849,90.91,2162.56,0
1861,90.91,2160.23,0
1872,83.33,2163.14,0
1884,83.33,2167.28,0
1895,90.91,2162.88,0
1906,90.91,2162.32,0
1917,90.91,2162.02,0
1929,83.33,2163.36,0
1941,83.33,2163.14,0
1952,90.91,2161.14,0
1964,83.33,2158.77,0
1975,90.91,2162.82,0
1986,90.91,2163.49,0
1997,90.91,2162.94,0
2010,76.92,2164.01,0
2021,90.91,2162.21,0
2032,90.91,2164.46,0
2043,90.91,2167.39,0
2055,83.33,2165.74,0
2066,90.91,2160.83,0
2078,83.33,2160.38,0
2089,90.91,2163.33,0
2101,83.33,2166.23,0
2112,90.91,2165.74,0
2123,90.91,2164.80,0
2135,83.33,2163.34,0
2147,83.33,2165.08,0
2158,90.91,2164.87,0
2169,90.91,2163.35,0
2181,83.33,2159.16,0
2192,90.91,2163.32,0
2203,90.91,2165.09,0
2215,83.33,2166.40,0
2227,83.33,2165.06,0
2238,90.91,2162.79,0
2249,90.91,2164.66,0
2260,90.91,2166.42,0
2272,83.33,2165.13,0
2284,83.33,2158.58,0
2295,90.91,2162.85,0
2307,83.33,2164.27,0
2318,90.91,2165.19,0
2329,90.91,2166.83,0
2340,90.91,2163.75,0
2353,76.92,2163.29,0
2364,90.91,2163.90,0
2375,90.91,2163.49,0
2386,90.91,2162.80,0
2398,83.33,2157.31,0
2409,90.91,2159.12,0
2421,83.33,2161.29,0
2433,83.33,2166.35,0
2444,90.91,2167.42,0
2455,90.91,2162.33,0
2466,90.91,2165.28,0
2478,83.33,2164.49,0
2490,83.33,2163.11,0
2501,90.91,2158.63,0
2512,90.91,2155.95,0
2524,83.33,2163.66,0
2535,90.91,2165.76,0
2546,90.91,2165.16,0
2558,90.91,2163.66,0
2570,76.92,2161.81,0
2581,90.91,2162.66,0
2592,90.91,2164.21,0
2604,83.33,2164.65,0
2615,90.91,2156.74,0
2627,90.91,2159.45,0
2638,83.33,2162.66,0
2650,83.33,2160.20,0
2661,90.91,2164.46,0
2672,90.91,2162.52,0
2683,90.91,2166.62,0
2695,83.33,2166.57,0
2707,83.33,2161.15,0
2718,90.91,2158.43,0
2729,90.91,2159.04,0
2741,83.33,2160.15,0
2752,90.91,2170.07,0
2763,90.91,2167.96,0
2776,76.92,2162.19,0
2787,90.91,2164.31,0
2798,90.91,2161.40,0
2809,90.91,2163.91,0
2821,83.33,2161.66,0
2832,90.91,2157.42,0
2844,83.33,2162.44,0
2855,90.91,2161.10,0
2867,83.33,2165.41,0
2878,90.91,2162.88,0
2889,90.91,2161.75,0
2900,90.91,2163.22,0
2913,76.92,2166.27,0
2924,90.91,2161.67,0
2935,90.91,2158.24,0
2947,83.33,2160.03,0
2958,90.91,2164.20,0
2969,90.91,2166.13,0
2981,83.33,2162.92,0
2993,83.33,2160.72,0
3004,90.91,2162.98,0
3015,90.91,2163.90,0
3026,90.91,2159.84,0
3038,83.33,2162.70,0
3050,83.33,2158.14,0
3061,90.91,2161.89,0
3073,83.33,2166.30,0
3084,90.91,2166.19,0
3095,90.91,2165.10,0
3106,90.91,2161.66,0
3119,76.92,2158.50,0
3130,90.91,2164.56,0
3141,90.91,2167.51,0
3152,90.91,2162.13,0
3164,83.33,2159.18,0
3175,90.91,2160.30,0
3187,83.33,2166.21,0
3198,90.91,2167.66,0
3210,83.33,2163.21,0
3221,90.91,2163.72,0
3232,90.91,2165.81,0
3244,83.33,2162.92,0
3256,83.33,2162.68,0
3267,90.91,2161.27,0
3278,90.91,2162.70,0
3290,83.33,2165.68,0
3301,90.91,2162.67,0
3312,90.91,2163.92,0
3324,83.33,2162.53,0
3336,83.33,2165.53,0
3347,90.91,2162.11,0
3358,90.91,2160.99,0
3369,90.91,2158.39,0
3381,83.33,2160.73,0
3393,90.91,2162.46,0
3404,83.33,2168.14,0
3416,83.33,2166.24,0
3427,90.91,2166.08,0
3438,90.91,2164.37,0
3449,90.91,2164.65,0
3462,83.33,2162.51,0
3473,83.33,2162.89,0
3484,90.91,2162.43,0
3495,90.91,2162.43,0
3507,83.33,2165.24,0
3518,90.91,2164.41,0
3529,90.91,2163.19,0
3542,76.92,2161.87,0
3553,90.91,2163.79,0
3564,90.91,2165.88,0
3575,90.91,2163.45,0
3587,83.33,2158.24,0
3598,90.91,2160.15,0
3610,83.33,2162.26,0
3621,90.91,2170.43,0
3633,83.33,2164.37,0
3644,90.91,2162.01,0
3655,90.91,2161.11,0
3666,90.91,2163.63,0
3679,76.92,2166.63,0
3690,90.91,2161.02,0
3701,90.91,2160.17,0
3713,83.33,2161.26,0
3724,90.91,2166.27,0
3735,90.91,2165.81,0
3747,83.33,2159.62,0
3759,83.33,2162.35,0
3770,90.91,2161.02,0
3781,90.91,2162.37,0
3792,90.91,2162.52,0
3804,83.33,2158.92,0
3816,83.33,2158.62,0
3827,90.91,2160.46,0
3838,90.91,2164.67,0
3850,83.33,2167.31,0
3861,90.91,2160.76,0
3872,90.91,2162.72,0
3885,76.92,2163.22,0
3896,90.91,2164.92,0
3907,90.91,2161.49,0
3918,90.91,2160.13,0
3930,83.33,2159.85,0
3941,90.91,2165.17,0
3953,83.33,2168.12,0
3964,90.91,2167.68,0
3976,83.33,2164.15,0
3987,90.91,2160.78,0
3998,90.91,2163.57,0
4009,90.91,2163.62,0
4022,76.92,2163.47,0
4033,90.91,2163.62,0
4044,90.91,2162.88,0
4056,83.33,2165.38,0
4067,90.91,2168.10,0
4078,90.91,2165.88,0
4090,83.33,2162.96,0
4102,83.33,2160.88,0
4113,90.91,2163.09,0
4124,90.91,2163.23,0
4135,90.91,2165.07,0
4147,83.33,2160.82,0
4159,90.91,2165.81,0
4170,83.33,2168.03,0
4182,83.33,2168.23,0
4193,90.91,2165.59,0
4204,90.91,2162.03,0
4215,90.91,2163.41,0
4228,83.33,2159.75,0
4239,83.33,2163.30,0
4250,90.91,2164.38,0
4261,90.91,2164.14,0
4273,83.33,2167.35,0
4284,90.91,2162.83,0
4295,90.91,2167.94,0
4307,83.33,2167.08,0
4319,83.33,2163.43,0
4330,90.91,2161.49,0
4341,90.91,2161.16,0
4353,83.33,2161.63,0
4364,90.91,2161.03,0
4376,83.33,2162.05,0
4387,90.91,2162.47,0
4399,83.33,2166.38,0
4410,90.91,2164.16,0
4421,90.91,2163.34,0
4432,90.91,2161.21,0
4445,76.92,2156.79,0
4456,90.91,2161.47,0
4467,90.91,2168.01,0
4478,90.91,2166.91,0
4490,83.33,2164.76,0
4501,90.91,2161.24,0
4513,83.33,2162.67,0
4525,83.33,2166.45,0
4536,90.91,2166.56,0
4547,90.91,2158.02,0
4558,90.91,2157.98,0
4570,83.33,2162.28,0
4582,83.33,2164.34,0
4593,90.91,2164.65,0
4604,90.91,2162.99,0
4616,83.33,2159.78,0
4627,90.91,2167.84,0
4638,90.91,2162.67,0
4651,76.92,2163.25,0
4662,90.91,2163.11,0
4673,90.91,2160.09,0
4684,90.91,2166.20,0
4696,83.33,2164.03,0
4707,90.91,2163.93,0
4719,83.33,2165.88,0
4730,90.91,2165.67,0
4742,83.33,2167.66,0
4753,90.91,2162.61,0
4764,90.91,2157.77,0
4775,90.91,2161.01,0
4788,76.92,2159.08,0
4799,90.91,2165.56,0
4810,90.91,2162.60,0
4822,83.33,2160.98,0
4833,90.91,2162.47,0
4844,90.91,2163.53,0
4856,83.33,2167.35,0
4868,83.33,2163.99,0
4879,90.91,2156.58,0
4890,90.91,2157.57,0
4901,90.91,2162.10,0
4913,83.33,2164.41,0
4925,90.91,2166.64,0
4936,83.33,2162.98,0
4947,90.91,2161.13,0
4959,83.33,2163.53,0
4970,90.91,2164.53,0
4981,90.91,2159.48,0
4994,83.33,2156.86,0
5005,83.33,2159.66,0
5016,90.91,2165.44,0
5027,90.91,2167.21,0
5039,83.33,2161.99,0
5050,90.91,2159.35,0
5062,90.91,2163.18,0
5073,83.33,2160.86,0
5085,83.33,2160.81,0
5096,90.91,2159.92,0
5107,90.91,2158.80,0
5118,90.91,2164.52,0
5130,83.33,2166.72,0
5142,83.33,2164.08,0
5153,90.91,2165.97,0
5165,83.33,2160.20,0
5176,90.91,2162.03,0
5187,90.91,2165.32,0
5198,90.91,2161.14,0
5211,76.92,2162.19,0
5222,90.91,2161.93,0
5233,90.91,2165.86,0
5244,90.91,2168.07,0
5256,83.33,2166.31,0
5267,90.91,2161.20,0
5279,83.33,2160.82,0
5291,83.33,2161.85,0
5302,90.91,2161.49,0
5313,90.91,2157.92,0
5324,90.91,2161.71,0
5336,83.33,2163.72,0
5348,83.33,2166.93,0
5359,90.91,2166.41,0
5370,90.91,2165.29,0
5382,83.33,2161.22,0
5393,90.91,2161.82,0
5404,90.91,2160.21,0
5416,83.33,2161.48,0
5428,83.33,2160.75,0
5439,90.91,2160.84,0
5450,90.91,2162.22,0
5462,83.33,2165.99,0
5473,90.91,2166.20,0
5485,83.33,2165.55,0
5496,90.91,2160.70,0
5508,83.33,2159.81,0
5519,90.91,2162.31,0
5530,90.91,2162.01,0
5541,90.91,2161.62,0
5554,76.92,2160.94,0
5565,90.91,2162.06,0
5576,90.91,2163.86,0
5587,90.91,2168.58,0
5599,83.33,2164.77,0
5610,90.91,2163.14,0
5622,83.33,2160.86,0
5634,83.33,2160.87,0
5645,90.91,2162.58,0
5656,90.91,2163.74,0
5667,90.91,2161.50,0
5679,83.33,2162.91,0
5691,90.91,2162.27,0
5702,83.33,2166.65,0
5713,90.91,2161.25,0
5725,83.33,2162.32,0
5736,90.91,2158.85,0
5747,90.91,2165.65,0
5760,90.91,2161.89,0
5771,76.92,2161.36,0
5782,90.91,2163.36,0
5793,90.91,2162.67,0
5805,83.33,2166.16,0
5816,90.91,2163.74,0
5827,90.91,2160.70,0
5839,83.33,2161.75,0
5851,83.33,2161.24,0
5862,90.91,2165.65,0
5873,90.91,2168.36,0
5884,90.91,2164.23,0
5896,83.33,2162.57,0
5908,83.33,2160.18,0
5919,90.91,2164.86,0
5931,83.33,2163.30,0
5942,90.91,2162.70,0
5953,90.91,2160.34,0
5964,90.91,2159.71,0
5977,76.92,2162.80,0
5988,90.91,2164.78,0
5999,90.91,2162.77,0
6010,90.91,2164.08,0
6022,83.33,2161.67,0
6033,90.91,2167.76,0
6045,83.33,2162.98,0
6056,90.91,2160.32,0
6068,83.33,2159.52,0
6079,90.91,2159.31,0
6090,90.91,2164.91,0
6102,83.33,2163.87,0
6114,83.33,2163.67,0
6125,90.91,2160.99,0
6136,90.91,2160.34,0
6148,83.33,2164.57,0
6159,90.91,2162.04,0
6170,90.91,2157.67,0
6182,83.33,2162.59,0
6194,83.33,2164.28,0
6205,90.91,2169.24,0
6216,90.91,2166.34,0
6227,90.91,2163.14,0
6239,83.33,2165.14,0
6251,83.33,2164.90,0
6262,90.91,2165.87,0
6274,83.33,2161.99,0
6285,90.91,2158.52,0
6296,90.91,2160.55,0
6307,90.91,2164.31,0
6320,76.92,2167.16,0
6331,90.91,2163.19,0
6342,90.91,2161.50,0
6353,90.91,2160.58,0
6365,83.33,2161.50,0
6376,90.91,2161.27,0
6388,83.33,2156.65,0
6400,83.33,2160.58,0
6411,90.91,2163.19,0
6422,90.91,2165.37,0
6433,90.91,2166.61,0
6445,83.33,2160.63,0
6457,90.91,2161.90,0
6468,90.91,2164.74,0
6479,90.91,2165.69,0
6491,83.33,2161.73,0
6502,90.91,2162.90,0
6513,90.91,2160.89,0
6525,90.91,2165.64,0
6537,76.92,2165.23,0
6548,90.91,2162.52,0
6559,90.91,2164.04,0
6571,83.33,2161.62,0
6582,90.91,2163.81,0
6594,90.91,2159.95,0
6605,83.33,2162.30,0
6617,83.33,2162.63,0
6628,90.91,2164.26,0
6639,90.91,2168.92,0
6650,90.91,2165.02,0
6663,83.33,2163.75,0
6674,83.33,2162.34,0
6685,90.91,2161.40,0
6696,90.91,2165.61,0
6708,83.33,2161.20,0
6719,90.91,2159.23,0
6730,90.91,2161.44,0
6743,76.92,2165.61,0
6754,90.91,2168.77,0
6765,90.91,2163.26,0
6776,90.91,2165.78,0
6788,83.33,2160.81,0
6799,90.91,2163.00,0
6811,83.33,2162.13,0
6822,90.91,2160.81,0
6834,83.33,2160.91,0
6845,90.91,2162.03,0
6856,90.91,2163.53,0
6867,90.91,2165.76,0
6880,76.92,2164.24,0
6891,90.91,2162.28,0
6902,90.91,2164.21,0
6914,83.33,2162.07,0
6925,90.91,2160.97,0
6936,90.91,2164.08,0
6948,83.33,2161.10,0
6960,83.33,2164.81,0
6971,90.91,2164.24,0
6982,90.91,2163.96,0
6993,90.91,2166.87,0
7005,83.33,2162.60,0
7017,83.33,2161.45,0
7028,90.91,2160.32,0
7040,83.33,2164.46,0
7051,90.91,2164.45,0
7062,90.91,2164.04,0
7073,90.91,2167.31,0
7086,76.92,2163.38,0
7097,90.91,2166.98,0
7108,90.91,2165.53,0
7119,90.91,2162.69,0
7131,83.33,2159.67,0
7142,90.91,2161.34,0
7154,83.33,2160.67,0
7165,90.91,2166.68,0
7177,83.33,2163.58,0
7188,90.91,2163.73,0
7199,90.91,2159.84,0
7211,83.33,2160.04,0
7223,83.33,2163.40,0
7234,90.91,2162.65,0
7245,90.91,2157.76,0
7257,83.33,2163.17,0
7268,90.91,2161.41,0
7279,90.91,2168.34,0
7291,83.33,2166.00,0
7303,83.33,2162.43,0
7314,90.91,2162.43,0
7325,90.91,2161.28,0
7336,90.91,2166.83,0
7348,83.33,2159.99,0
7360,90.91,2160.62,0
7371,83.33,2164.92,0
7383,83.33,2164.52,0
7394,90.91,2166.10,0
7405,90.91,2163.72,0
7416,90.91,2161.22,0
7429,83.33,2163.00,0
7440,83.33,2161.91,0
7451,90.91,2162.57,0
7462,90.91,2158.77,0
7474,83.33,2160.39,0
7485,90.91,2164.18,0
7496,90.91,2163.87,0
7508,83.33,2164.21,0
7520,83.33,2162.77,0
7531,90.91,2166.66,0
7542,90.91,2165.80,0
7554,83.33,2165.33,0
7565,90.91,2163.51,0
7577,83.33,2160.80,0
7588,90.91,2161.18,0
7600,83.33,2164.35,0
7611,90.91,2164.29,0
7622,90.91,2164.44,0
7633,90.91,2161.73,0
7646,76.92,2160.14,0
7657,90.91,2163.50,0
7668,90.91,2161.99,0
7680,83.33,2159.33,0
7691,90.91,2158.32,0
7702,90.91,2161.86,0
7714,83.33,2165.95,0
7726,83.33,2164.01,0
7737,90.91,2161.90,0
7748,90.91,2164.80,0
7759,90.91,2163.97,0
7771,83.33,2165.65,0
7783,83.33,2159.95,0
7794,90.91,2154.70,0
7805,90.91,2160.36,0
7817,83.33,2166.06,0
7828,90.91,2165.25,0
7839,90.91,2163.19,0
7852,76.92,2161.84,0
7863,90.91,2160.78,0
7874,90.91,2165.58,0
7885,90.91,2158.46,0
7897,83.33,2163.28,0
7908,90.91,2162.93,0
7920,83.33,2162.09,0
7931,90.91,2164.87,0
7943,83.33,2162.80,0
7954,90.91,2165.48,0
7965,90.91,2165.14,0
7976,90.91,2163.17,0
7989,76.92,2163.01,0
8000,90.91,2162.65,0
8011,90.91,2161.93,0
8023,83.33,2167.05,0
8034,90.91,2168.49,0
8045,90.91,2170.54,0
8057,90.91,2165.12,0
8069,76.92,2164.80,0
8080,90.91,2163.84,0
8091,90.91,2163.52,0
8102,90.91,2161.19,0
8114,83.33,2160.92,0
8126,90.91,2159.67,0
8137,83.33,2163.39,0
8148,90.91,2162.12,0
8160,83.33,2167.92,0
8171,90.91,2166.17,0
8182,90.91,2163.85,0
8195,83.33,2165.10,0
8206,83.33,2162.18,0
8217,90.91,2161.44,0
8228,90.91,2160.87,0
8240,83.33,2165.16,0
8251,90.91,2162.37,0
8262,90.91,2162.37,0
8274,83.33,2164.64,0
8286,83.33,2162.16,0
8297,90.91,2164.93,0
8308,90.91,2163.40,0
8320,83.33,2162.74,0
8331,90.91,2162.91,0
8343,83.33,2163.73,0
8354,90.91,2164.10,0
8366,83.33,2167.42,0
8377,90.91,2164.87,0
8388,90.91,2164.06,0
8399,90.91,2164.31,0
8412,76.92,2159.81,0
8423,90.91,2161.13,0
8434,90.91,2159.96,0
8445,90.91,2159.63,0
8457,83.33,2164.97,0
8468,90.91,2166.01,0
8480,83.33,2166.33,0
8492,83.33,2166.07,0
8503,90.91,2164.57,0
8514,90.91,2162.30,0
8525,90.91,2161.68,0
8537,83.33,2161.46,0
8549,83.33,2161.56,0
8560,90.91,2165.80,0
8571,90.91,2165.56,0
8583,83.33,2165.57,0
8594,90.91,2164.89,0
8605,90.91,2164.94,0
8617,83.33,2165.23,0
8629,83.33,2164.69,0
8640,90.91,2160.12,0
8651,90.91,2158.52,0
8663,83.33,2160.91,0
8674,90.91,2166.03,0
8686,83.33,2168.64,0
8697,90.91,2163.81,0
8709,83.33,2165.17,0
8720,90.91,2163.20,0
8731,90.91,2164.83,0
8742,90.91,2162.88,0
8755,76.92,2155.22,0
8766,90.91,2160.55,0
8777,90.91,2167.19,0
8788,90.91,2166.16,0
8800,83.33,2163.91,0
8811,90.91,2162.84,0
8823,83.33,2161.21,0
8835,83.33,2167.27,0
8846,90.91,2164.50,0
8857,90.91,2157.54,0
8868,90.91,2157.98,0
8880,83.33,2159.99,0
8892,90.91,2166.49,0
8903,83.33,2170.55,0
8914,90.91,2163.48,0
8926,83.33,2160.19,0
8937,90.91,2161.68,0
8948,90.91,2162.73,0
8961,83.33,2164.12,0
8972,83.33,2160.70,0
8983,90.91,2160.97,0
8994,90.91,2163.74,0
9006,83.33,2166.08,0
9017,90.91,2163.61,0
9028,90.91,2162.49,0
9040,83.33,2162.74,0
9052,83.33,2166.56,0
9063,90.91,2165.21,0
9074,90.91,2162.43,0
9085,90.91,2156.66,0
9097,83.33,2159.66,0
9109,83.33,2163.67,0
9120,90.91,2166.18,0
9132,83.33,2167.07,0
9143,90.91,2163.95,0
9154,90.91,2160.53,0
9165,90.91,2165.39,0
9178,76.92,2164.92,0
9189,90.91,2160.05,0
9200,90.91,2158.95,0
9211,90.91,2161.04,0
9223,83.33,2165.13,0
9234,90.91,2162.88,0
9246,83.33,2162.76,0
9257,90.91,2163.27,0
9269,83.33,2164.12,0
9280,90.91,2164.51,0
9291,90.91,2164.40,0
9303,83.33,2161.29,0
9315,83.33,2161.49,0
9326,90.91,2163.67,0
9337,90.91,2168.59,0
9349,83.33,2166.87,0
9360,90.91,2164.57,0
9371,90.91,2163.39,0
9383,83.33,2162.32,0
9395,83.33,2164.44,0
9406,90.91,2163.02,0
9417,90.91,2161.17,0
9428,90.91,2160.31,0
9440,83.33,2166.16,0
9452,83.33,2165.69,0
9463,90.91,2165.39,0
9475,83.33,2161.62,0
9486,90.91,2159.96,0
9497,90.91,2161.03,0
9508,90.91,2160.60,0
9521,76.92,2164.78,0
9532,90.91,2164.12,0
9543,90.91,2165.22,0
9554,90.91,2164.35,0
9566,83.33,2166.42,0
9577,90.91,2167.86,0
9589,90.91,2162.84,0
9601,76.92,2159.95,0
9612,90.91,2160.97,0
9623,90.91,2160.02,0
9634,90.91,2162.53,0
9646,83.33,2163.86,0
9658,90.91,2163.03,0
9669,83.33,2161.89,0
9680,90.91,2163.80,0
9692,83.33,2166.55,0
9703,90.91,2160.07,0
9714,90.91,2159.07,0
9726,90.91,2159.56,0
9738,76.92,2163.68,0
9749,90.91,2166.83,0
9760,90.91,2162.00,0
9772,83.33,2165.16,0
9783,90.91,2163.19,0
9794,90.91,2163.84,0
9806,83.33,2167.06,0
9818,83.33,2159.81,0
9829,90.91,2160.84,0
9840,90.91,2165.75,0
9851,90.91,2161.64,0
9863,83.33,2165.81,0
9875,83.33,2160.82,0
9886,90.91,2163.01,0
9897,90.91,2163.31,0
9909,83.33,2165.53,0
9920,90.91,2164.13,0
9931,90.91,2160.72,0
9944,76.92,2159.49,0
9955,90.91,2162.11,0
9966,90.91,2168.75,0
9977,90.91,2164.35,0
9989,83.33,2159.11,0
10000,90.91,2165.71,0
10012,83.33,2167.13,0
10023,90.91,2166.63,0
10035,83.33,2165.13,0
10046,90.91,2157.87,0
10057,90.91,2162.81,0
10068,90.91,2161.57,0
10081,76.92,2164.76,0
10092,90.91,2167.50,0
10103,90.91,2163.17,0
10115,83.33,2166.53,0
10126,90.91,2165.25,0
10137,90.91,2161.84,0
10149,83.33,2161.69,0
10161,83.33,2157.05,0
10172,90.91,2160.32,0
10183,90.91,2165.38,0
10194,90.91,2166.91,0
10206,83.33,2163.37,0
10218,83.33,2161.40,0
10229,90.91,2162.30,0
10241,83.33,2163.02,0
10252,90.91,2161.14,0
10263,90.91,2158.37,0
10274,90.91,2156.59,0
10287,83.33,2163.33,0
10298,90.91,2165.02,0
10309,90.91,2166.01,0
10320,90.91,2164.42,0
10332,83.33,2161.63,0
10343,90.91,2161.65,0
10355,90.91,2167.83,0
10366,83.33,2162.38,0
10378,83.33,2161.24,0
10389,90.91,2159.92,0
10400,90.91,2161.97,0
10412,83.33,2169.08,0
10424,90.91,2166.57,0
10435,83.33,2165.35,0
10446,90.91,2164.32,0
10458,83.33,2163.69,0
10469,90.91,2162.77,0
10480,90.91,2159.19,0
10491,90.91,2160.37,0
10504,76.92,2160.32,0
10515,90.91,2163.18,0
10526,90.91,2165.51,0
10537,90.91,2159.79,0
10549,83.33,2163.06,0
10560,90.91,2161.55,0
10572,83.33,2162.90,0
10584,83.33,2164.85,0
10595,90.91,2162.19,0
10606,90.91,2163.75,0
10617,90.91,2164.58,0
10629,83.33,2165.46,0
10641,83.33,2164.20,0
10652,90.91,2159.12,0
10663,90.91,2160.98,0
10675,83.33,2164.89,0
10686,90.91,2162.54,0
10697,90.91,2163.87,0
10710,76.92,2158.41,0
10721,90.91,2158.87,0
10732,90.91,2166.32,0
10743,90.91,2170.86,0
10755,83.33,2159.68,0
10766,90.91,2160.49,0
10778,83.33,2163.78,0
10789,90.91,2165.07,0
10801,83.33,2165.23,0
10812,90.91,2163.16,0
10823,90.91,2158.65,0
10834,90.91,2165.11,0
10847,76.92,2166.96,0
10858,90.91,2167.88,0
10869,90.91,2169.47,0
10881,83.33,2161.56,0
10892,90.91,2159.89,0
10903,90.91,2160.89,0
10915,83.33,2160.42,0
10927,83.33,2163.49,0
10938,90.91,2162.66,0
10949,90.91,2161.92,0
10960,90.91,2166.40,0
10972,83.33,2165.51,0
10984,83.33,2166.34,0
10995,90.91,2161.83,0
11006,90.91,2159.46,0
11018,83.33,2163.20,0
11029,90.91,2161.22,0
11040,90.91,2162.03,0
11053,83.33,2166.04,0
11064,83.33,2164.43,0
11075,90.91,2164.75,0
11086,90.91,2167.51,0
11098,83.33,2161.15,0
11109,90.91,2160.63,0
11121,90.91,2164.45,0
11132,83.33,2163.88,0
11144,83.33,2165.71,0
11155,90.91,2162.59,0
11166,90.91,2158.27,0
11177,90.91,2165.57,0
11189,83.33,2161.49,0
11201,83.33,2163.00,0
11212,90.91,2162.55,0
11224,83.33,2158.03,0
11235,90.91,2162.83,0
11246,90.91,2163.75,0
11257,90.91,2164.31,0
11270,76.92,2164.74,0
11281,90.91,2165.16,0
11292,90.91,2164.63,0
11303,90.91,2168.39,0
11315,83.33,2165.62,0
11326,90.91,2160.56,0
11338,83.33,2160.41,0
11350,83.33,2160.04,0
11361,90.91,2163.53,0
11372,90.91,2173.74,0
11383,90.91,2161.01,0
11395,83.33,2160.23,0
11407,83.33,2163.99,0
11418,90.91,2164.26,0
11429,90.91,2163.89,0
11441,83.33,2160.93,0
11452,90.91,2155.02,0
11463,90.91,2161.66,0
11475,83.33,2167.12,0
11487,83.33,2164.28,0
11498,90.91,2164.69,0
11509,90.91,2159.45,0
11521,83.33,2162.09,0
11532,90.91,2162.63,0
11544,83.33,2162.55,0
11555,90.91,2158.92,0
11567,83.33,2159.00,0
11578,90.91,2165.57,0
11589,90.91,2166.01,0
11600,90.91,2167.07,0
11613,76.92,2162.37,0
11624,90.91,2160.29,0
11635,90.91,2168.01,0
11646,90.91,2163.83,0
11658,83.33,2157.44,0
11669,90.91,2159.65,0
11681,83.33,2163.05,0
11693,83.33,2167.56,0
11704,90.91,2164.96,0
11715,90.91,2161.10,0
11726,90.91,2167.51,0
11738,83.33,2165.71,0
11750,90.91,2167.00,0
11761,90.91,2165.36,0
11772,90.91,2156.42,0
11784,83.33,2158.91,0
11795,90.91,2166.11,0
11806,90.91,2167.41,0
11819,90.91,2166.26,0
11830,76.92,2163.48,0
11841,90.91,2159.50,0
11852,90.91,2164.48,0
11864,83.33,2167.82,0
11875,90.91,2162.51,0
11887,90.91,2156.29,0
11898,83.33,2159.84,0
11910,83.33,2164.31,0
11921,90.91,2167.85,0
11932,90.91,2165.26,0
11943,90.91,2163.34,0
11955,83.33,2163.71,0
11967,83.33,2164.86,0
11978,90.91,2161.34,0
11990,83.33,2161.72,0
12001,90.91,2159.27,0
12012,90.91,2160.21,0
12023,90.91,2166.70,0
12036,76.92,2166.25,0
12047,90.91,2161.90,0
12058,90.91,2160.04,0
12069,90.91,2161.54,0
12081,83.33,2166.09,0
12092,90.91,2161.65,0
12104,83.33,2156.23,0
12115,90.91,2156.92,0
12127,83.33,2163.69,0
12138,90.91,2166.90,0
12149,90.91,2169.13,0
12161,83.33,2165.80,0
12173,83.33,2160.93,0
12184,90.91,2162.11,0
12195,90.91,2166.59,0
12207,83.33,2162.63,0
12218,90.91,2163.03,0
12229,90.91,2161.06,0
12241,83.33,2164.97,0
12253,83.33,2166.68,0
12264,90.91,2164.74,0
12275,90.91,2161.28,0
12286,90.91,2160.13,0
12298,83.33,2160.15,0
12310,83.33,2162.36,0
12321,90.91,2164.09,0
12333,83.33,2162.08,0
12344,90.91,2160.46,0
12355,90.91,2162.50,0
12366,90.91,2163.99,0
12379,76.92,2163.93,0
12390,90.91,2163.93,0
12401,90.91,2163.53,0
12412,90.91,2160.08,0
12424,83.33,2157.99,0
12435,90.91,2163.51,0
12447,83.33,2163.56,0
12459,83.33,2164.73,0
12470,90.91,2164.82,0
12481,90.91,2165.68,0
12492,90.91,2163.63,0
12504,83.33,2161.42,0
12516,83.33,2161.68,0
12527,90.91,2162.54,0
12538,90.91,2164.63,0
12550,83.33,2163.13,0
12561,90.91,2163.12,0
12572,90.91,2164.40,0
12584,90.91,2162.26,0
12596,76.92,2162.76,0
12607,90.91,2164.02,0
12618,90.91,2161.46,0
12630,83.33,2160.62,0
12641,90.91,2165.31,0
12653,90.91,2162.54,0
12664,83.33,2164.79,0
12676,83.33,2165.75,0
12687,90.91,2163.99,0
12698,90.91,2163.12,0
12709,90.91,2163.76,0
12721,83.33,2165.23,0
12733,83.33,2160.94,0
12744,90.91,2156.42,0
12755,90.91,2163.29,0
12767,83.33,2165.57,0
12778,90.91,2169.31,0
12789,90.91,2159.67,0
12802,76.92,2162.77,0
12813,90.91,2163.73,0
12824,90.91,2165.71,0
12835,90.91,2165.82,0
12847,83.33,2161.44,0
12858,90.91,2156.43,0
12870,83.33,2164.70,0
12881,90.91,2169.70,0
12893,83.33,2169.05,0
12904,90.91,2163.93,0
12915,90.91,2162.51,0
12926,90.91,2162.09,0
12939,76.92,2165.16,0
12950,90.91,2163.97,0
12961,90.91,2160.30,0
12973,83.33,2162.53,0
12984,90.91,2166.03,0
12995,90.91,2167.56,0
13007,83.33,2166.96,0
13019,83.33,2161.06,0
13030,90.91,2158.31,0
13041,90.91,2163.37,0
13052,90.91,2166.32,0
13064,83.33,2162.11,0
13076,83.33,2162.77,0
13087,90.91,2163.95,0
13099,83.33,2170.09,0
13110,90.91,2170.53,0
13121,90.91,2163.07,0
13132,90.91,2163.50,0
13145,76.92,2161.95,0
13156,90.91,2163.81,0
13167,90.91,2166.27,0
13178,90.91,2161.43,0
13190,83.33,2160.17,0
13201,90.91,2163.47,0
13213,83.33,2166.38,0
13224,90.91,2166.69,0
13236,83.33,2162.10,0
13247,90.91,2162.12,0
13258,90.91,2164.95,0
13270,83.33,2164.20,0
13282,83.33,2160.27,0
13293,90.91,2159.61,0
13304,90.91,2164.10,0
13316,83.33,2164.60,0
13327,90.91,2165.51,0
13338,90.91,2163.44,0
13350,83.33,2161.59,0
13362,83.33,2161.92,0
13373,90.91,2164.16,0
13384,90.91,2163.06,0
13395,90.91,2162.49,0
13407,83.33,2158.59,0
13419,90.91,2162.93,0
13430,83.33,2170.15,0
13442,83.33,2164.78,0
13453,90.91,2164.68,0
13464,90.91,2162.66,0
13475,90.91,2167.06,0
13488,83.33,2164.74,0
13499,83.33,2159.06,0
13510,90.91,2160.51,0
13521,90.91,2157.18,0
13533,83.33,2164.96,0
13544,90.91,2166.64,0
13555,90.91,2162.83,0
13568,76.92,2164.76,0
13579,90.91,2158.86,0
13590,90.91,2162.37,0
13601,90.91,2159.70,0
13613,83.33,2162.12,0
13624,90.91,2161.10,0
13636,83.33,2166.99,0
13647,90.91,2162.93,0
13659,83.33,2163.96,0
13670,90.91,2166.90,0
13681,90.91,2161.20,0
13692,90.91,2163.04,0
13705,76.92,2161.46,0
13716,90.91,2159.38,0
13727,90.91,2161.24,0
13739,83.33,2159.90,0
13750,90.91,2163.21,0
13761,90.91,2163.36,0
13773,83.33,2162.11,0
13785,83.33,2164.28,0
13796,90.91,2163.06,0
13807,90.91,2161.77,0
13818,90.91,2161.44,0
13830,83.33,2161.06,0
13842,83.33,2164.16,0
13853,90.91,2167.39,0
13864,90.91,2162.50,0
13876,83.33,2164.33,0
13887,90.91,2163.44,0
13898,90.91,2163.30,0
13911,76.92,2163.19,0
13922,90.91,2156.43,0
13933,90.91,2160.20,0
13944,90.91,2164.03,0
13956,83.33,2161.98,0
13967,90.91,2166.40,0
13979,83.33,2164.05,0
13990,90.91,2162.60,0
14002,83.33,2165.09,0
14013,90.91,2163.38,0
14024,90.91,2160.56,0
14035,90.91,2158.67,0
14048,76.92,2160.43,0
14059,90.91,2164.14,0
14070,90.91,2165.36,0
14082,83.33,2160.24,0
14093,90.91,2161.47,0
14104,90.91,2166.87,0
14116,90.91,2163.42,0
14128,76.92,2165.24,0
14139,90.91,2163.16,0
14150,90.91,2158.11,0
14161,90.91,2162.77,0
14173,83.33,2164.40,0
14185,90.91,2164.86,0
14196,83.33,2163.45,0
14208,83.33,2161.84,0
14219,90.91,2166.43,0
14230,90.91,2163.67,0
14241,90.91,2161.97,0
14254,83.33,2158.98,0
14265,83.33,2162.01,0
14276,90.91,2163.54,0
14287,90.91,2168.27,0
14299,83.33,2163.28,0
14310,90.91,2160.44,0
14321,90.91,2165.40,0
14333,83.33,2162.20,0
14345,83.33,2164.31,0
14356,90.91,2159.40,0
14367,90.91,2160.88,0
14379,83.33,2163.85,0
14390,90.91,2167.33,0
14402,83.33,2165.61,0
14413,90.91,2165.51,0
14425,83.33,2164.76,0
14436,90.91,2163.25,0
14447,90.91,2160.52,0
14458,90.91,2163.12,0
14471,76.92,2157.47,0
14482,90.91,2160.55,0
14493,90.91,2161.55,0
14504,90.91,2168.48,0
14516,83.33,2165.47,0
14527,90.91,2163.94,0
14539,83.33,2160.66,0
14551,83.33,2164.16,0
14562,90.91,2161.61,0
14573,90.91,2159.65,0
14584,90.91,2159.96,0
14596,83.33,2161.41,0
14608,83.33,2162.86,0
14619,90.91,2165.73,0
14630,90.91,2164.02,0
14642,83.33,2162.10,0
14653,90.91,2164.15,0
14664,90.91,2160.79,0
14676,83.33,2164.14,0
14688,83.33,2158.44,0
14699,90.91,2159.97,0
14710,90.91,2163.34,0
14722,83.33,2167.69,0
14733,90.91,2166.15,0
14745,83.33,2166.01,0
14756,90.91,2160.86,0
14768,83.33,2161.97,0
14779,90.91,2163.92,0
14790,90.91,2161.03,0
14801,90.91,2159.73,0
14814,83.33,2157.72,0
14825,90.91,2164.06,0
14836,90.91,2166.25,0
14848,83.33,2163.70,0
14859,90.91,2163.56,0
14870,90.91,2160.57,0
14882,90.91,2161.79,0
14894,76.92,2161.34,0
14905,90.91,2159.91,0
14916,90.91,2165.35,0
14927,90.91,2163.39,0
14939,83.33,2166.11,0
14950,90.91,2166.52,0
14962,83.33,2160.90,0
14973,90.91,2163.69,0
14985,83.33,2162.23,0
14996,90.91,2162.98,0
15007,90.91,2163.10,0
15019,83.33,2160.87,0
15031,83.33,2159.60,0
15042,90.91,2164.38,0
15053,90.91,2165.64,0
15065,83.33,2165.31,0
15076,90.91,2164.80,0
15087,90.91,2164.66,0
15099,83.33,2160.29,0
15111,83.33,2160.43,0
15122,90.91,2160.58,0
15133,90.91,2161.38,0
15144,90.91,2162.52,0
15156,83.33,2161.13,0
15168,83.33,2165.24,0
15179,90.91,2167.85,0
15191,83.33,2165.15,0
15202,90.91,2164.03,0
15213,90.91,2159.41,0
15224,90.91,2158.81,0
15237,76.92,2162.01,0
15248,90.91,2167.02,0
15259,90.91,2166.16,0
15270,90.91,2167.22,0
15282,83.33,2163.26,0
15293,90.91,2164.35,0
15305,83.33,2165.69,0
15316,90.91,2161.61,0
15328,83.33,2159.13,0
15339,90.91,2158.94,0
15350,90.91,2160.40,0
15362,83.33,2164.98,0
15374,83.33,2163.32,0
15385,90.91,2164.71,0
15396,90.91,2163.24,0
15408,83.33,2160.76,0
15419,90.91,2159.38,0
15430,90.91,2159.35,0
15442,83.33,2159.12,0
15454,83.33,2162.76,0
15465,90.91,2164.87,0
15476,90.91,2163.60,0
15488,83.33,2164.30,0
15499,90.91,2164.32,0
15511,90.91,2167.36,0
15522,83.33,2163.86,0
15534,83.33,2161.84,0
15545,90.91,2159.65,0
15556,90.91,2161.93,0
15567,90.91,2166.37,0
15580,83.33,2164.91,0
15591,83.33,2162.14,0
15602,90.91,2165.65,0
15613,90.91,2162.22,0
15625,83.33,2164.86,0
15636,90.91,2163.61,0
15647,90.91,2157.06,0
15660,76.92,2161.54,0
15671,90.91,2164.74,0
15682,90.91,2168.71,0
15693,90.91,2163.02,0
15705,83.33,2162.44,0
15716,90.91,2164.24,0
15728,83.33,2166.09,0
15739,90.91,2165.32,0
15751,83.33,2162.27,0
15762,90.91,2159.82,0
15773,90.91,2161.73,0
15784,90.91,2163.51,0
15797,76.92,2165.10,0
15808,90.91,2162.44,0
15819,90.91,2165.93,0
15831,83.33,2166.13,0
15842,90.91,2165.93,0
15853,90.91,2166.88,0
15865,83.33,2160.45,0
15877,83.33,2160.47,0
15888,90.91,2164.86,0
15899,90.91,2168.97,0
15910,90.91,2167.04,0
15922,83.33,2162.77,0
15934,83.33,2161.98,0
15945,90.91,2163.77,0
15956,90.91,2161.87,0
15968,83.33,2159.28,0
15979,90.91,2159.56,0
15990,90.91,2159.73,0
16003,76.92,2166.50,0
16014,90.91,2166.83,0
16025,90.91,2164.67,0
16036,90.91,2164.54,0
16048,83.33,2163.14,0
16059,90.91,2162.71,0
16071,83.33,2163.15,0
16082,90.91,2160.38,0
16094,83.33,2161.46,0
16105,90.91,2163.20,0
16116,90.91,2162.49,0
16128,83.33,2164.32,0
16140,83.33,2165.67,0
16151,90.91,2164.40,0
16162,90.91,2165.17,0
16174,83.33,2162.70,0
16185,90.91,2161.72,0
16196,90.91,2164.79,0
16208,90.91,2164.61,0
16220,83.33,2165.75,0
16231,90.91,2162.67,0
16242,90.91,2164.60,0
16253,90.91,2164.95,0
16265,83.33,2168.04,0
16277,90.91,2164.47,0
16288,83.33,2161.41,0
16300,83.33,2161.21,0
16311,90.91,2160.36,0
16322,90.91,2164.89,0
16333,90.91,2159.15,0
16346,83.33,2164.72,0
16357,83.33,2166.02,0
16368,90.91,2164.30,0
16379,90.91,2164.32,0
16391,83.33,2163.17,0
16402,90.91,2159.77,0
16413,90.91,2162.24,0
16425,83.33,2159.78,0
16437,83.33,2165.85,0
16448,90.91,2163.12,0
16459,90.91,2165.03,0
16471,83.33,2167.81,0
16482,90.91,2163.28,0
16494,83.33,2162.60,0
16505,90.91,2160.21,0
16517,83.33,2161.21,0
16528,90.91,2162.63,0
16539,90.91,2165.30,0
16550,90.91,2162.94,0
16563,76.92,2165.53,0
16574,90.91,2163.71,0
16585,90.91,2160.23,0
16596,90.91,2164.36,0
16608,83.33,2163.94,0
16619,90.91,2159.64,0
16631,83.33,2161.79,0
16643,83.33,2163.58,0
16654,90.91,2162.52,0
16665,90.91,2163.41,0
16676,90.91,2164.69,0
16688,83.33,2166.95,0
16700,83.33,2165.54,0
16711,90.91,2161.99,0
16722,90.91,2160.73,0
16734,83.33,2159.81,0
16745,90.91,2164.54,0
16756,90.91,2169.03,0
16769,76.92,2165.69,0
16780,90.91,2163.50,0
16791,90.91,2163.20,0
16802,90.91,2164.65,0
16814,83.33,2163.73,0
16825,90.91,2160.32,0
16837,83.33,2158.35,0
16848,90.91,2157.98,0
16860,83.33,2162.85,0
16871,90.91,2163.08,0
16882,90.91,2161.88,0
16893,90.91,2162.22,0
16906,76.92,2165.31,0
16917,90.91,2168.24,0
16928,90.91,2164.93,0
16940,83.33,2158.81,0
16951,90.91,2160.72,0
16962,90.91,2162.85,0
16974,83.33,2163.63,0
16986,83.33,2166.59,0
16997,90.91,2164.92,0
17008,90.91,2165.54,0
17019,90.91,2165.08,0
17031,83.33,2165.84,0
17043,83.33,2164.00,0
17054,90.91,2160.22,0
17065,90.91,2162.13,0
17077,83.33,2166.47,0
17088,90.91,2167.64,0
17099,90.91,2165.23,0
17112,76.92,2161.69,0
17123,90.91,2164.19,0
17134,90.91,2165.03,0
17145,90.91,2162.85,0
17157,83.33,2162.81,0
17168,90.91,2160.02,0
17180,90.91,2160.85,0
17191,83.33,2165.31,0
17203,83.33,2164.08,0
17214,90.91,2163.01,0
17225,90.91,2162.42,0
17236,90.91,2163.66,0
17249,83.33,2165.92,0
17260,83.33,2163.01,0
17271,90.91,2157.42,0
17283,83.33,2158.91,0
17294,90.91,2161.58,0
17305,90.91,2162.24,0
17316,90.91,2167.01,0
17329,76.92,2165.94,0
17340,90.91,2160.80,0
17351,90.91,2164.21,0
17362,90.91,2160.83,0
17374,83.33,2157.91,0
17385,90.91,2160.40,0
17397,83.33,2161.30,0
17409,83.33,2164.45,0
17420,90.91,2164.08,0
17431,90.91,2163.54,0
17442,90.91,2162.01,0
17454,83.33,2163.91,0
17466,83.33,2163.38,0
17477,90.91,2161.46,0
17488,90.91,2158.05,0
17500,83.33,2158.73,0
17511,90.91,2162.08,0
17522,90.91,2165.35,0
17534,83.33,2166.47,0
17546,83.33,2163.68,0
17557,90.91,2162.62,0
17568,90.91,2163.63,0
17580,83.33,2161.44,0
17591,90.91,2160.51,0
17603,83.33,2161.40,0
17614,90.91,2159.45,0
17626,83.33,2163.80,0
17637,90.91,2165.21,0
17648,90.91,2161.52,0
17659,90.91,2162.32,0
17672,76.92,2160.53,0
17683,90.91,2164.34,0
17694,90.91,2161.31,0
17705,90.91,2162.85,0
17717,83.33,2163.57,0
17728,90.91,2163.07,0
17740,83.33,2164.18,0
17752,83.33,2167.10,0
17763,90.91,2164.29,0
17774,90.91,2164.93,0
17785,90.91,2165.28,0
17797,83.33,2161.08,0
17809,83.33,2161.09,0
17820,90.91,2161.84,0
17831,90.91,2160.60,0
17843,83.33,2166.64,0
17854,90.91,2162.17,0
17865,90.91,2162.27,0
17878,76.92,2162.32,0
17889,90.91,2161.51,0
17900,90.91,2166.11,0
17911,90.91,2160.59,0
17923,83.33,2159.73,0
17934,90.91,2163.60,0
17946,90.91,2164.19,0
17957,83.33,2166.41,0
17969,83.33,2162.96,0
17980,90.91,2166.07,0
17991,90.91,2164.59,0
18002,90.91,2166.44,0
18015,83.33,2160.87,0
18026,83.33,2158.25,0
18037,90.91,2158.75,0
18049,83.33,2161.56,0
18060,90.91,2163.82,0
18071,90.91,2166.28,0
18082,90.91,2162.33,0
18095,76.92,2163.61,0
18106,90.91,2163.57,0
18117,90.91,2160.82,0
18128,90.91,2161.39,0
18140,83.33,2162.86,0
18151,90.91,2163.34,0
18163,83.33,2165.65,0
18174,90.91,2166.04,0
18186,83.33,2166.16,0
18197,90.91,2165.56,0
18208,90.91,2159.86,0
18220,83.33,2165.28,0
18232,83.33,2158.83,0
18243,90.91,2162.40,0
18254,90.91,2165.06,0
18266,83.33,2165.87,0
18277,90.91,2164.34,0
18288,90.91,2162.39,0
18300,83.33,2161.55,0
18312,83.33,2164.83,0
18323,90.91,2162.14,0
18334,90.91,2163.43,0
18345,90.91,2162.20,0
18357,83.33,2161.37,0
18369,83.33,2165.80,0
18380,90.91,2164.08,0
18392,83.33,2164.45,0
18403,90.91,2163.22,0
18414,90.91,2164.19,0
18425,90.91,2164.18,0
18438,76.92,2162.19,0
18449,90.91,2161.41,0
18460,90.91,2161.27,0
18471,90.91,2164.45,0
18483,83.33,2165.24,0
18494,90.91,2165.50,0
18506,83.33,2163.94,0
18518,83.33,2161.42,0
18529,90.91,2166.43,0
18540,90.91,2163.06,0
18551,90.91,2163.33,0
18563,83.33,2162.69,0
18575,83.33,2163.16,0
18586,90.91,2165.48,0
18597,90.91,2163.38,0
18609,83.33,2163.19,0
18620,90.91,2162.79,0
18631,90.91,2162.30,0
18643,83.33,2165.06,0
18655,83.33,2162.97,0
18666,90.91,2160.21,0
18677,90.91,2160.57,0
18689,83.33,2164.93,0
18700,90.91,2166.96,0
18712,90.91,2163.81,0
18723,83.33,2164.48,0
18735,83.33,2161.29,0
18746,90.91,2161.57,0
18757,90.91,2163.37,0
18768,90.91,2160.60,0
18781,83.33,2160.01,0
18792,83.33,2158.55,0
18803,90.91,2166.70,0
18814,90.91,2166.48,0
18826,83.33,2163.82,0
18837,90.91,2164.10,0
18848,90.91,2162.51,0
18861,76.92,2166.15,0
18872,90.91,2166.61,0
18883,90.91,2163.78,0
18894,90.91,2162.74,0
18906,83.33,2162.58,0
18917,90.91,2166.34,0
18929,83.33,2167.21,0
18940,90.91,2163.94,0
18952,83.33,2163.79,0
18963,90.91,2164.18,0
18974,90.91,2161.06,0
18985,90.91,2162.93,0
18998,76.92,2161.95,0
19009,90.91,2161.52,0
19020,90.91,2165.72,0
19032,83.33,2166.00,0
19043,90.91,2168.31,0
19054,90.91,2164.74,0
19066,83.33,2160.63,0
19078,83.33,2164.14,0
19089,90.91,2162.91,0
19100,90.91,2162.80,0
19111,90.91,2160.86,0
19123,83.33,2161.02,0
19135,83.33,2165.33,0
19146,90.91,2162.19,0
19158,83.33,2164.48,0
19169,90.91,2167.21,0
19180,90.91,2163.31,0
19191,90.91,2161.94,0
19204,76.92,2160.34,0
19215,90.91,2164.26,0
19226,90.91,2161.17,0
19237,90.91,2164.78,0
19249,83.33,2163.93,0
19260,90.91,2164.44,0
19272,83.33,2166.92,0
19283,90.91,2163.73,0
19295,83.33,2162.10,0
19306,90.91,2158.74,0
19317,90.91,2159.77,0
19329,83.33,2164.21,0
19341,83.33,2163.92,0
19352,90.91,2166.68,0
19363,90.91,2165.22,0
19375,83.33,2166.39,0
19386,90.91,2163.80,0
19397,90.91,2163.95,0
19409,83.33,2161.58,0
19421,83.33,2161.71,0
19432,90.91,2163.60,0
19443,90.91,2162.59,0
19454,90.91,2166.04,0
19466,83.33,2163.33,0
19478,83.33,2163.41,0
19489,90.91,2165.63,0
19501,83.33,2164.30,0
19512,90.91,2162.00,0
19523,90.91,2159.42,0
19534,90.91,2159.49,0
19547,83.33,2162.81,0
19558,83.33,2163.32,0
19569,90.91,2165.66,0
19580,90.91,2161.93,0
19592,83.33,2163.47,0
19603,90.91,2164.20,0
19615,90.91,2165.13,0
19627,76.92,2165.22,0
19638,90.91,2159.85,0
19649,90.91,2161.08,0
19660,90.91,2165.13,0
19672,83.33,2169.44,0
19684,90.91,2165.31,0
19695,83.33,2163.10,0
19706,90.91,2162.38,0
19718,83.33,2163.57,0
19729,90.91,2162.27,0
19740,90.91,2162.01,0
19751,90.91,2158.50,0
19764,76.92,2164.92,0
19775,90.91,2167.99,0
19786,90.91,2165.45,0
19798,83.33,2162.75,0
19809,90.91,2162.59,0
19820,90.91,2162.87,0
19832,83.33,2167.56,0
19844,83.33,2164.88,0
19855,90.91,2163.06,0
19866,90.91,2159.37,0
19877,90.91,2162.88,0
19889,83.33,2164.97,0
19901,83.33,2165.06,0
19912,90.91,2163.27,0
19923,90.91,2163.68,0
19935,83.33,2164.37,0
19946,90.91,2164.47,0
19957,90.91,2159.94,0
19970,76.92,2161.48,0
19981,90.91,2163.23,0
19992,90.91,2164.42,0
20003,90.91,2168.17,0
20015,83.33,2162.83,0
20026,90.91,2161.48,0
20038,83.33,2157.94,0
20049,90.91,2161.17,0
20061,83.33,2162.51,0
20072,90.91,2163.60,0
20083,90.91,2160.93,0
20094,90.91,2165.59,0
20107,76.92,2166.51,0
20118,90.91,2165.44,0
20129,90.91,2165.07,0
20141,83.33,2163.11,0
20152,90.91,2162.31,0
20163,90.91,2164.49,0
20175,83.33,2160.92,0
20187,83.33,2161.66,0
20198,90.91,2165.58,0
20209,90.91,2166.28,0
20220,90.91,2164.05,0
20232,83.33,2162.84,0
20244,83.33,2161.63,0
20255,90.91,2163.68,0
20267,83.33,2163.74,0
20278,90.91,2158.86,0
20289,90.91,2159.78,0
20300,90.91,2161.89,0
20313,76.92,2161.51,0
20324,90.91,2163.64,0
20335,90.91,2162.66,0
20346,90.91,2164.38,0
20358,83.33,2161.95,0
20369,90.91,2159.45,0
20381,90.91,2157.63,0
20392,83.33,2159.65,0
20404,83.33,2163.03,0
20415,90.91,2163.18,0
20426,90.91,2165.60,0
20438,83.33,2164.71,0
20450,90.91,2166.28,0
20461,83.33,2163.30,0
20472,90.91,2164.34,0
20484,83.33,2161.30,0
20495,90.91,2157.16,0
20506,90.91,2159.90,0
20518,90.91,2164.30,0
20530,76.92,2164.24,0
20541,90.91,2166.82,0
20552,90.91,2159.46,0
20563,90.91,2165.09,0
20575,83.33,2164.09,0
20586,90.91,2167.06,0
20598,83.33,2159.15,0
20610,83.33,2155.56,0
20621,90.91,2161.08,0
20632,90.91,2165.33,0
20643,90.91,2164.70,0
20655,83.33,2162.13,0
20667,83.33,2161.36,0
20678,90.91,2165.36,0
20689,90.91,2166.08,0
20701,83.33,2163.52,0
20712,90.91,2159.74,0
20723,90.91,2156.62,0
20736,76.92,2162.14,0
20747,90.91,2167.60,0
20758,90.91,2163.47,0
20769,90.91,2160.47,0
20781,83.33,2160.66,0
20792,90.91,2166.81,0
20804,83.33,2170.43,0
20815,90.91,2160.77,0
20827,83.33,2156.70,0
20838,90.91,2156.21,0
20849,90.91,2161.85,0
20860,90.91,2169.24,0
20873,76.92,2162.60,0
20884,90.91,2163.18,0
20895,90.91,2162.44,0
20907,83.33,2163.88,0
20918,90.91,2165.17,0
20929,90.91,2160.22,0
20941,83.33,2160.74,0
20953,83.33,2162.51,0
20964,90.91,2166.44,0
20975,90.91,2168.31,0
20986,90.91,2162.58,0
20998,83.33,2163.96,0
21010,83.33,2164.09,0
21021,90.91,2163.26,0
21032,90.91,2161.61,0
21044,83.33,2158.36,0
21055,90.91,2159.56,0
21066,90.91,2162.88,0
21079,76.92,2166.50,0
21090,90.91,2167.70,0
21101,90.91,2165.14,0
21112,90.91,2161.41,0
21124,83.33,2165.12,0
21135,90.91,2163.96,0
21147,90.91,2161.85,0
21158,83.33,2161.86,0
21170,83.33,2160.31,0
21181,90.91,2166.88,0
21192,90.91,2166.53,0
21203,90.91,2165.35,0
21216,83.33,2162.43,0
21227,83.33,2160.14,0
21238,90.91,2162.05,0
21250,83.33,2163.23,0
21261,90.91,2158.79,0
21272,90.91,2161.04,0
21283,90.91,2162.27,0
21296,76.92,2167.89,0
21307,90.91,2167.28,0
21318,90.91,2166.11,0
21329,90.91,2164.06,0
21341,83.33,2159.64,0
21352,90.91,2158.35,0
21364,83.33,2160.75,0
21376,83.33,2160.24,0
21387,90.91,2161.88,0
21398,90.91,2163.95,0
21409,90.91,2163.45,0
21421,83.33,2163.62,0
21433,83.33,2163.65,0
21444,90.91,2162.55,0
21455,90.91,2162.32,0
21467,83.33,2162.20,0
21478,90.91,2163.11,0
21489,90.91,2161.48,0
21501,83.33,2162.76,0
21513,83.33,2163.13,0
21524,90.91,2165.17,0
21535,90.91,2165.11,0
21547,83.33,2161.78,0
21558,90.91,2164.60,0
21570,83.33,2158.52,0
21581,90.91,2158.83,0
21593,83.33,2163.74,0
21604,90.91,2163.13,0
21615,90.91,2163.24,0
21626,90.91,2163.06,0
21639,76.92,2161.79,0
21650,90.91,2164.38,0
21661,90.91,2163.37,0
21672,90.91,2162.56,0
21684,83.33,2161.42,0
21695,90.91,2165.17,0
21707,83.33,2166.61,0
21719,83.33,2166.73,0
21730,90.91,2161.77,0
21741,90.91,2161.97,0
21752,90.91,2161.87,0
21764,83.33,2166.74,0
21776,83.33,2162.01,0
21787,90.91,2155.59,0
21798,90.91,2159.51,0
21810,83.33,2161.63,0
21821,90.91,2167.24,0
21832,90.91,2165.44,0
21844,83.33,2160.47,0
21856,83.33,2165.21,0
21867,90.91,2166.72,0
21878,90.91,2166.15,0
21890,83.33,2160.71,0
21901,90.91,2159.15,0
21913,90.91,2160.42,0
21924,83.33,2165.06,0
21936,83.33,2163.81,0
21947,90.91,2162.03,0
21958,90.91,2162.44,0
21969,90.91,2163.53,0
21982,83.33,2163.63,0
21993,83.33,2164.18,0
22004,90.91,2162.19,0
22016,83.33,2160.95,0
22027,90.91,2163.10,0
22038,90.91,2164.99,0
22050,90.91,2161.64,0
22062,76.92,2163.87,0
22073,90.91,2162.25,0
22084,90.91,2163.08,0
22095,90.91,2165.80,0
22107,83.33,2158.56,0
22118,90.91,2158.67,0
22130,83.33,2163.06,0
22141,90.91,2164.82,0
22153,83.33,2167.10,0
22164,90.91,2164.84,0
22175,90.91,2162.40,0
22187,83.33,2164.47,0
22199,83.33,2163.71,0
22210,90.91,2162.51,0
22221,90.91,2163.31,0
22233,83.33,2158.44,0
22244,90.91,2164.24,0
22255,90.91,2162.94,0
22267,83.33,2163.62,0
22279,83.33,2163.35,0
22290,90.91,2162.54,0
22301,90.91,2165.64,0
22312,90.91,2165.67,0
22324,83.33,2163.28,0
22336,83.33,2163.30,0
22347,90.91,2161.39,0
22359,83.33,2167.56,0
22370,90.91,2169.48,0
22381,90.91,2167.42,0
22392,90.91,2162.73,0
22405,76.92,2161.04,0
22416,90.91,2164.11,0
22427,90.91,2163.82,0
22438,90.91,2159.10,0
22450,83.33,2162.25,0
22461,90.91,2164.18,0
22473,83.33,2167.00,0
22484,90.91,2165.40,0
22496,83.33,2161.13,0
22507,90.91,2160.98,0
22518,90.91,2158.60,0
22530,83.33,2165.44,0
22542,83.33,2162.59,0
22553,90.91,2158.13,0
22564,90.91,2164.07,0
22576,83.33,2162.21,0
22587,90.91,2167.16,0
22598,90.91,2165.79,0
22610,83.33,2164.49,0
22622,83.33,2166.15,0
22633,90.91,2162.60,0
22644,90.91,2159.71,0
22656,83.33,2160.52,0
22667,90.91,2158.79,0
22679,83.33,2162.53,0
22690,90.91,2165.50,0
22702,83.33,2168.69,0
22713,90.91,2166.48,0
22724,90.91,2164.12,0
22735,90.91,2161.89,0
22748,83.33,2162.01,0
22759,83.33,2157.79,0
22770,90.91,2160.08,0
22781,90.91,2162.24,0
22793,83.33,2165.41,0
22804,90.91,2165.12,0
22816,90.91,2165.74,0
22828,76.92,2163.81,0
22839,90.91,2163.33,0
22850,90.91,2168.06,0
22861,90.91,2162.36,0
22873,83.33,2163.40,0
22884,90.91,2164.73,0
22896,83.33,2161.72,0
22907,90.91,2167.93,0
22919,83.33,2166.40,0
22930,90.91,2160.42,0
22941,90.91,2163.93,0
22952,90.91,2161.83,0
22965,76.92,2159.64,0
22976,90.91,2159.75,0
22987,90.91,2159.61,0
22999,83.33,2163.66,0
23010,90.91,2166.59,0
23021,90.91,2163.64,0
23033,83.33,2165.23,0
23045,83.33,2166.73,0
23056,90.91,2167.93,0
23067,90.91,2165.52,0
23078,90.91,2159.85,0
23090,83.33,2160.37,0
23102,83.33,2163.17,0
23113,90.91,2165.37,0
23124,90.91,2166.17,0
23136,83.33,2163.62,0
23147,90.91,2164.61,0
23158,90.91,2165.03,0
23171,76.92,2168.52,0
23182,90.91,2165.28,0
23193,90.91,2161.08,0
23204,90.91,2161.41,0
23216,83.33,2163.21,0
23227,90.91,2164.89,0
23239,83.33,2165.86,0
23250,90.91,2164.11,0
23262,83.33,2163.68,0
23273,90.91,2162.54,0
23284,90.91,2166.32,0
23296,83.33,2161.10,0
23308,83.33,2162.10,0
23319,90.91,2165.45,0
23330,90.91,2162.07,0
23342,83.33,2166.20,0
23353,90.91,2160.86,0
23364,90.91,2163.45,0
23376,83.33,2161.81,0
23388,83.33,2162.24,0
23399,90.91,2160.26,0
23410,90.91,2157.44,0
23421,90.91,2162.54,0
23433,83.33,2162.14,0
23445,90.91,2162.34,0
23456,83.33,2163.14,0
23468,83.33,2163.17,0
23479,90.91,2167.78,0
23490,90.91,2164.53,0
23501,90.91,2161.55,0
23514,83.33,2159.71,0
23525,83.33,2161.31,0
23536,90.91,2167.13,0
23547,90.91,2165.29,0
23559,83.33,2163.33,0
23570,90.91,2164.05,0
23582,90.91,2161.77,0
23593,83.33,2162.52,0
23605,83.33,2164.29,0
23616,90.91,2162.42,0
23627,90.91,2160.37,0
23639,83.33,2164.98,0
23650,90.91,2161.07,0
23662,83.33,2166.54,0
23673,90.91,2163.83,0
23685,83.33,2162.72,0
23696,90.91,2163.86,0
23707,90.91,2163.53,0
23718,90.91,2160.29,0
23731,76.92,2157.62,0
23742,90.91,2162.15,0
23753,90.91,2163.93,0
23764,90.91,2163.36,0
23776,83.33,2164.01,0
23787,90.91,2161.54,0
23799,83.33,2163.65,0
23811,83.33,2166.05,0
23822,90.91,2164.33,0
23833,90.91,2162.29,0
23844,90.91,2160.28,0
23856,83.33,2161.98,0
23868,83.33,2164.39,0
23879,90.91,2166.58,0
23890,90.91,2165.61,0
23902,83.33,2165.63,0
23913,90.91,2165.10,0
23924,90.91,2164.08,0
23937,76.92,2159.83,0
23948,90.91,2158.71,0
23959,90.91,2161.22,0
23970,90.91,2163.64,0
23982,83.33,2167.91,0
23993,90.91,2164.07,0
24005,83.33,2161.32,0
24016,90.91,2166.60,0
24028,83.33,2166.77,0
24039,90.91,2163.05,0
24050,90.91,2161.45,0
24061,90.91,2159.88,0
24074,76.92,2160.37,0
24085,90.91,2162.68,0
24096,90.91,2163.14,0
24108,83.33,2165.56,0
24119,90.91,2163.32,0
24130,90.91,2160.67,0
24142,83.33,2161.20,0
24154,83.33,2163.65,0
24165,90.91,2160.64,0
24176,90.91,2162.77,0
24187,90.91,2161.85,0
24199,83.33,2166.61,0
24211,90.91,2162.35,0
24222,83.33,2166.02,0
24233,90.91,2164.25,0
24245,83.33,2163.40,0
24256,90.91,2159.12,0
24267,90.91,2159.74,0
24280,83.33,2158.59,0
24291,83.33,2160.11,0
24302,90.91,2164.32,0
24313,90.91,2165.73,0
24325,83.33,2162.81,0
24336,90.91,2164.04,0
24347,90.91,2163.67,0
24359,83.33,2162.54,0
24371,83.33,2160.55,0
24382,90.91,2161.10,0
24393,90.91,2164.28,0
24404,90.91,2162.26,0
24416,83.33,2167.61,0
24428,83.33,2164.13,0
24439,90.91,2167.01,0
24451,83.33,2167.22,0
24462,90.91,2163.30,0
24473,90.91,2163.30,0
24484,90.91,2164.54,0
24497,76.92,2157.61,0
24508,90.91,2165.88,0
24519,90.91,2165.35,0
24530,90.91,2166.37,0
24542,83.33,2162.49,0
24553,90.91,2163.38,0
24565,83.33,2165.04,0
24577,83.33,2163.79,0
24588,90.91,2157.50,0
24599,90.91,2161.22,0
24610,90.91,2159.93,0
24622,83.33,2166.76,0
24634,83.33,2170.08,0
24645,90.91,2163.53,0
24656,90.91,2161.92,0
24668,83.33,2162.87,0
24679,90.91,2166.53,0
24690,90.91,2168.56,0
24702,83.33,2158.37,0
24714,83.33,2159.35,0
24725,90.91,2168.07,0
24736,90.91,2168.71,0
24748,83.33,2163.17,0
24759,90.91,2158.08,0
24771,83.33,2160.53,0
24782,90.91,2160.84,0
24794,83.33,2161.38,0
24805,90.91,2158.37,0
24816,90.91,2157.55,0
24827,90.91,2160.35,0
24840,76.92,2166.50,0
24851,90.91,2166.13,0
24862,90.91,2162.09,0
24873,90.91,2162.63,0
24885,83.33,2164.69,0
24896,90.91,2167.69,0
24908,90.91,2164.40,0
24920,76.92,2158.05,0
24931,90.91,2155.85,0
24942,90.91,2162.59,0
24953,90.91,2167.33,0
24965,83.33,2165.39,0
24977,90.91,2162.94,0
24988,83.33,2159.92,0
24999,90.91,2163.81,0
25011,83.33,2163.61,0
25022,90.91,2162.89,0
25033,90.91,2160.15,0
25044,90.91,2160.59,0
25057,76.92,2165.63,0
25068,90.91,2168.25,0
25079,90.91,2164.54,0
25091,83.33,2164.78,0
25102,90.91,2158.70,0
25113,90.91,2161.10,0
25125,83.33,2162.06,0
25137,83.33,2156.02,0
25148,90.91,2160.27,0
25159,90.91,2164.54,0
25170,90.91,2164.65,0
25182,83.33,2169.04,0
25194,83.33,2161.78,0
25205,90.91,2160.55,0
25217,83.33,2161.19,0
25228,90.91,2160.04,0
25239,90.91,2162.34,0
25250,90.91,2157.49,0
25263,76.92,2157.62,0
25274,90.91,2160.63,0
25285,90.91,2162.57,0
25296,90.91,2165.06,0
25308,83.33,2161.47,0
25319,90.91,2163.75,0
25331,83.33,2161.72,0
25342,90.91,2162.39,0
25354,83.33,2162.58,0
25365,90.91,2160.68,0
25376,90.91,2163.52,0
25388,83.33,2165.89,0
25400,83.33,2166.33,0
25411,90.91,2163.73,0
25422,90.91,2161.99,0
25434,83.33,2161.61,0
25445,90.91,2162.56,0
25456,90.91,2159.16,0
25468,83.33,2163.45,0
25480,83.33,2159.74,0
25491,90.91,2162.64,0
25502,90.91,2163.25,0
25513,90.91,2163.99,0
25525,83.33,2167.00,0
25537,83.33,2165.37,0
25548,90.91,2162.14,0
25560,83.33,2161.46,0
25571,90.91,2161.59,0
25582,90.91,2163.65,0
25593,90.91,2164.33,0
25606,76.92,2164.93,0
25617,90.91,2164.33,0
25628,90.91,2165.57,0
25639,90.91,2164.81,0
25651,83.33,2162.08,0
25662,90.91,2161.34,0
25674,90.91,2165.40,0
25686,76.92,2165.22,0
25697,90.91,2165.09,0
25708,90.91,2163.47,0
25719,90.91,2163.84,0
25731,83.33,2165.05,0
25743,90.91,2166.69,0
25754,83.33,2166.94,0
25765,90.91,2164.26,0
25777,83.33,2159.04,0
25788,90.91,2161.38,0
25799,90.91,2166.22,0
25810,90.91,2165.89,0
25823,76.92,2163.34,0
25834,90.91,2160.68,0
25845,90.91,2163.91,0
25857,83.33,2163.28,0
25868,90.91,2164.18,0
25879,90.91,2159.69,0
25891,83.33,2157.07,0
25903,83.33,2164.04,0
25914,90.91,2165.64,0
25925,90.91,2166.22,0
25936,90.91,2162.84,0
25948,83.33,2164.38,0
25960,83.33,2164.00,0
25971,90.91,2168.18,0
25982,90.91,2164.04,0
25994,83.33,2161.69,0
26005,90.91,2160.46,0
26016,90.91,2165.16,0
26029,76.92,2167.72,0
26040,90.91,2166.35,0
26051,90.91,2162.62,0
26062,90.91,2163.15,0
26074,83.33,2167.79,0
26085,90.91,2165.48,0
26097,83.33,2160.61,0
26108,90.91,2158.17,0
26120,83.33,2160.35,0
26131,90.91,2163.79,0
26142,90.91,2169.59,0
26153,90.91,2162.31,0
26166,76.92,2162.49,0
26177,90.91,2160.24,0
26188,90.91,2166.57,0
26200,83.33,2165.27,0
26211,90.91,2161.51,0
26222,90.91,2158.05,0
26234,83.33,2162.09,0
26246,83.33,2166.20,0
26257,90.91,2170.06,0
26268,90.91,2162.45,0
26279,90.91,2160.28,0
26291,83.33,2165.29,0
26303,83.33,2165.07,0
26314,90.91,2163.98,0
26326,83.33,2161.18,0
26337,90.91,2160.31,0
26348,90.91,2159.96,0
26359,90.91,2167.61,0
26372,76.92,2164.12,0
26383,90.91,2163.72,0
26394,90.91,2163.07,0
26405,90.91,2162.45,0
26417,83.33,2163.69,0
26428,90.91,2163.63,0
26440,83.33,2161.64,0
26451,90.91,2163.03,0
26463,83.33,2163.11,0
26474,90.91,2163.70,0
26485,90.91,2167.47,0
26497,83.33,2165.28,0
26509,83.33,2165.57,0
26520,90.91,2165.18,0
26531,90.91,2163.94,0
26543,83.33,2162.63,0
26554,90.91,2160.29,0
26565,90.91,2161.96,0
26577,90.91,2167.02,0
26589,76.92,2166.56,0
26600,90.91,2166.80,0
26611,90.91,2164.95,0
26622,90.91,2161.58,0
26634,83.33,2163.81,0
26646,90.91,2165.46,0
26657,83.33,2163.28,0
26669,83.33,2163.17,0
26680,90.91,2165.94,0
26691,90.91,2163.80,0
26702,90.91,2168.88,0
26714,83.33,2161.77,0
26726,83.33,2163.72,0
26737,90.91,2162.56,0
26748,90.91,2163.02,0
26760,83.33,2162.58,0
26771,90.91,2164.10,0
26782,90.91,2164.21,0
26795,76.92,2166.04,0
26806,90.91,2163.29,0
26817,90.91,2164.71,0
26828,90.91,2165.29,0
26840,83.33,2162.86,0
26851,90.91,2160.63,0
26863,83.33,2164.75,0
26874,90.91,2166.14,0
26886,83.33,2166.05,0
26897,90.91,2165.34,0
26908,90.91,2164.07,0
26919,90.91,2170.51,0
26932,76.92,2168.82,0
26943,90.91,2165.25,0
26954,90.91,2163.79,0
26966,83.33,2159.38,0
26977,90.91,2163.76,0
26988,90.91,2164.17,0
27000,83.33,2166.32,0
27012,83.33,2167.03,0
27023,90.91,2166.93,0
27034,90.91,2166.48,0
27045,90.91,2165.67,0
27057,83.33,2162.63,0
27069,83.33,2157.89,0
27080,90.91,2161.39,0
27091,90.91,2161.97,0
27103,83.33,2172.43,0
27114,90.91,2160.65,0
27125,90.91,2162.97,0
27138,76.92,2158.19,0
27149,90.91,2172.29,0
27160,90.91,2160.97,0
27171,90.91,2159.43,0
27183,83.33,2155.00,0
27194,90.91,2166.73,0
27206,83.33,2168.16,0
27217,90.91,2160.29,0
27229,83.33,2159.01,0
27240,90.91,2165.72,0
27251,90.91,2174.45,0
27262,90.91,2162.34,0
27275,83.33,2163.78,0
27286,83.33,2154.48,0
27297,90.91,2167.06,0
27309,83.33,2161.32,0
27320,90.91,2171.99,0
27331,90.91,2162.70,0
27343,90.91,2165.52,0
27355,76.92,2162.12,0
27366,90.91,2171.24,0
27377,90.91,2163.41,0
27388,90.91,2164.21,0
27400,83.33,2153.20,0
27412,90.91,2165.54,0
27423,83.33,2167.38,0
27435,83.33,2162.76,0
27446,90.91,2156.95,0
27457,90.91,2162.46,0
27468,90.91,2167.33,0
27480,83.33,2168.68,0
27492,83.33,2161.08,0
27503,90.91,2154.89,0
27514,90.91,2167.47,0
27526,83.33,2165.81,0
27537,90.91,2169.72,0
27548,90.91,2161.36,0
27560,83.33,2164.77,0
27572,83.33,2161.34,0
27583,90.91,2170.25,0
27594,90.91,2163.47,0
27606,83.33,2162.23,0
27617,90.91,2159.04,0
27629,83.33,2166.64,0
27640,90.91,2166.23,0
27652,83.33,2165.47,0
