66,15.15,-200.31,0
77,90.91,-200.25,0
89,83.33,-199.63,0
100,90.91,-199.22,0
111,90.91,-199.05,0
123,83.33,-199.04,0
135,83.33,-199.03,0
146,90.91,-199.27,0
157,90.91,-199.75,0
168,90.91,-199.65,0
180,83.33,-199.35,0
192,83.33,-199.65,0
203,90.91,-199.95,0
215,83.33,-200.54,0
226,90.91,-199.88,0
237,90.91,-199.52,0
248,90.91,-199.71,0
261,76.92,-199.28,0
272,90.91,-199.56,0
283,90.91,-199.99,0
294,90.91,-199.41,0
306,83.33,-198.90,0
318,90.91,-199.06,0
329,83.33,-199.14,0
340,90.91,-199.41,0
352,83.33,-199.82,0
363,90.91,-200.02,0
374,90.91,-200.34,0
387,76.92,-199.99,0
398,90.91,-200.41,0
409,90.91,-200.65,0
420,90.91,-199.84,0
432,83.33,-198.78,0
443,90.91,-198.47,0
455,83.33,-197.93,0
466,90.91,-198.47,0
478,83.33,-198.64,0
489,90.91,-199.93,0
500,90.91,-200.88,0
512,83.33,-200.78,0
524,83.33,-200.51,0
535,90.91,-200.78,0
546,90.91,-200.52,0
558,83.33,-199.94,0
569,90.91,-199.28,0
580,90.91,-198.37,0
592,83.33,-197.97,0
604,83.33,-197.90,0
615,90.91,-198.82,0
626,90.91,-199.51,0
637,90.91,-199.93,0
650,83.33,-200.79,0
661,83.33,-200.81,0
672,90.91,-200.43,0
684,83.33,-200.16,0
695,90.91,-199.40,0
706,90.91,-198.51,0
718,83.33,-198.43,0
730,83.33,-198.61,0
741,90.91,-198.19,0
752,90.91,-198.39,0
763,90.91,-198.95,0
775,83.33,-199.39,0
787,83.33,-199.57,0
798,90.91,-199.93,0
809,90.91,-200.18,0
821,83.33,-199.11,0
832,90.91,-198.91,0
843,90.91,-199.38,0
856,76.92,-199.16,0
867,90.91,-199.09,0
878,90.91,-199.57,0
889,90.91,-199.32,0
901,83.33,-198.68,0
912,90.91,-199.13,0
924,83.33,-199.13,0
935,90.91,-198.79,0
947,83.33,-199.45,0
958,90.91,-199.31,0
969,90.91,-199.27,0
982,90.91,-199.81,0
993,76.92,-199.85,0
1004,90.91,-199.47,0
1015,90.91,-199.07,0
1027,83.33,-199.12,0
1038,90.91,-199.31,0
1050,83.33,-198.60,0
1061,90.91,-198.32,0
1073,83.33,-199.15,0
1084,90.91,-199.88,0
1095,90.91,-200.07,0
1106,90.91,-200.29,0
1119,76.92,-200.33,0
1130,90.91,-200.05,0
1141,90.91,-199.63,0
1153,83.33,-199.55,0
1164,90.91,-199.25,0
1175,90.91,-198.51,0
1187,83.33,-198.16,0
1199,83.33,-198.49,0
1210,90.91,-199.65,0
1221,90.91,-200.02,0
1232,90.91,-200.60,0
1244,83.33,-201.16,0
1256,83.33,-200.53,0
1267,90.91,-199.61,0
1278,90.91,-200.03,0
1290,83.33,-199.33,0
1301,90.91,-198.96,0
1312,90.91,-199.06,0
1325,76.92,-199.33,0
1336,90.91,-200.00,0
1347,90.91,-200.24,0
1358,90.91,-200.08,0
1370,83.33,-200.18,0
1382,90.91,-200.32,0
1393,83.33,-199.48,0
1404,90.91,-199.27,0
1416,83.33,-199.09,0
1427,90.91,-199.11,0
1438,90.91,-198.69,0
1451,76.92,-199.62,0
1462,90.91,-199.81,0
1473,90.91,-200.03,0
1484,90.91,-200.27,0
1496,83.33,-200.18,0
1507,90.91,-199.88,0
1519,83.33,-199.46,0
1530,90.91,-199.35,0
1542,83.33,-199.32,0
1553,90.91,-198.98,0
1564,90.91,-199.54,0
1575,90.91,-199.73,0
1588,76.92,-199.34,0
1599,90.91,-199.23,0
1610,90.91,-198.63,0
1622,83.33,-198.47,0
1633,90.91,-198.94,0
1644,90.91,-198.92,0
1656,83.33,-198.43,0
1668,83.33,-199.27,0
1679,90.91,-199.57,0
1690,90.91,-199.84,0
1701,90.91,-199.98,0
1714,83.33,-199.98,0
1725,83.33,-199.81,0
1736,90.91,-199.52,0
1747,90.91,-198.97,0
1759,83.33,-198.46,0
1770,90.91,-198.91,0
1782,90.91,-198.98,0
1794,76.92,-198.82,0
1805,90.91,-199.22,0
1816,90.91,-199.85,0
1827,90.91,-200.14,0
1839,83.33,-200.35,0
1851,83.33,-200.02,0
1862,90.91,-199.37,0
1873,90.91,-199.21,0
1885,83.33,-198.47,0
1896,90.91,-198.88,0
1907,90.91,-199.02,0
1920,76.92,-199.51,0
1931,90.91,-200.39,0
1942,90.91,-200.47,0
1953,90.91,-200.33,0
1965,83.33,-200.02,0
1976,90.91,-199.90,0
1988,83.33,-199.78,0
1999,90.91,-199.29,0
2011,83.33,-198.57,0
2022,90.91,-198.41,0
2033,90.91,-198.83,0
2044,90.91,-199.26,0
2057,76.92,-199.70,0
2068,90.91,-200.26,0
2079,90.91,-200.17,0
2091,83.33,-200.32,0
2102,90.91,-200.53,0
2114,90.91,-199.24,0
2125,83.33,-199.26,0
2137,83.33,-198.86,0
2148,90.91,-198.73,0
2159,90.91,-199.74,0
2170,90.91,-199.69,0
2183,76.92,-199.61,0
2194,90.91,-200.07,0
2205,90.91,-200.08,0
2216,90.91,-199.53,0
2228,83.33,-199.38,0
2239,90.91,-199.78,0
2251,83.33,-199.50,0
2263,83.33,-200.05,0
2274,90.91,-199.84,0
2285,90.91,-199.40,0
2296,90.91,-198.85,0
2308,83.33,-199.00,0
2320,83.33,-199.49,0
2331,90.91,-199.06,0
2342,90.91,-199.17,0
2354,83.33,-199.41,0
2365,90.91,-199.46,0
2376,90.91,-199.91,0
2388,83.33,-199.63,0
2400,83.33,-199.74,0
2411,90.91,-200.31,0
2422,90.91,-199.70,0
2434,83.33,-199.66,0
2446,90.91,-199.32,0
2457,83.33,-199.27,0
2468,90.91,-198.59,0
2480,83.33,-198.70,0
2491,90.91,-198.37,0
2502,90.91,-198.57,0
2514,83.33,-199.52,0
2526,83.33,-199.74,0
2537,90.91,-200.30,0
2548,90.91,-200.25,0
2560,83.33,-200.32,0
2571,90.91,-200.04,0
2583,83.33,-199.52,0
2594,90.91,-199.13,0
2606,83.33,-198.16,0
2617,90.91,-197.36,0
2628,90.91,-198.14,0
2639,90.91,-198.89,0
2652,76.92,-199.26,0
2663,90.91,-199.83,0
2674,90.91,-200.47,0
2685,90.91,-200.09,0
2697,83.33,-199.44,0
2708,90.91,-199.09,0
2720,83.33,-199.25,0
2732,83.33,-199.18,0
2743,90.91,-198.52,0
2754,90.91,-198.87,0
2765,90.91,-198.69,0
2778,83.33,-199.15,0
2789,83.33,-199.52,0
2800,90.91,-199.86,0
2811,90.91,-200.10,0
2823,83.33,-199.84,0
2834,90.91,-199.37,0
2846,90.91,-199.57,0
2857,83.33,-199.14,0
2869,83.33,-199.00,0
2880,90.91,-199.34,0
2891,90.91,-199.58,0
2903,83.33,-199.88,0
2915,83.33,-199.44,0
2926,90.91,-199.72,0
2937,90.91,-199.49,0
2949,83.33,-199.11,0
2960,90.91,-199.36,0
2971,90.91,-199.76,0
2983,83.33,-199.77,0
2995,83.33,-199.65,0
3006,90.91,-199.67,0
3017,90.91,-199.70,0
3028,90.91,-199.64,0
3040,83.33,-199.59,0
3052,83.33,-199.14,0
3063,90.91,-199.31,0
3075,83.33,-199.36,0
3086,90.91,-198.78,0
3097,90.91,-199.36,0
3108,90.91,-199.59,0
3121,76.92,-199.78,0
3132,90.91,-200.49,0
3143,90.91,-200.21,0
3154,90.91,-200.60,0
3166,83.33,-199.20,0
3178,90.91,-198.74,0
3189,83.33,-198.51,0
3201,83.33,-197.61,0
3212,90.91,-197.69,0
3223,90.91,-198.51,0
3234,90.91,-199.47,0
3247,76.92,-199.62,0
3258,90.91,-200.19,0
3269,90.91,-200.42,0
3280,90.91,-200.22,0
3292,83.33,-200.00,0
3303,90.91,-199.45,0
3315,83.33,-199.02,0
3326,90.91,-199.16,0
3338,83.33,-199.00,0
3349,90.91,-198.65,0
3360,90.91,-199.75,0
3372,83.33,-199.50,0
3384,83.33,-200.00,0
3395,90.91,-199.82,0
3406,90.91,-199.58,0
3418,83.33,-199.76,0
3429,90.91,-199.12,0
3440,90.91,-199.27,0
3452,83.33,-199.56,0
3464,83.33,-199.37,0
3475,90.91,-199.25,0
3486,90.91,-199.34,0
3497,90.91,-199.46,0
3510,83.33,-200.10,0
3521,83.33,-199.90,0
3532,90.91,-200.24,0
3544,83.33,-199.91,0
3555,90.91,-199.98,0
3566,90.91,-199.66,0
3578,83.33,-199.68,0
3590,83.33,-199.90,0
3601,90.91,-199.77,0
3612,90.91,-200.06,0
3623,90.91,-200.06,0
3635,83.33,-199.68,0
3647,83.33,-199.62,0
3658,90.91,-199.35,0
3670,83.33,-199.08,0
3681,90.91,-198.86,0
3692,90.91,-198.99,0
3703,90.91,-199.08,0
3716,76.92,-199.11,0
3727,90.91,-199.43,0
3738,90.91,-199.91,0
3749,90.91,-200.23,0
3761,83.33,-199.82,0
3772,90.91,-199.06,0
3784,83.33,-198.82,0
3795,90.91,-198.56,0
3807,83.33,-198.99,0
3818,90.91,-199.33,0
3829,90.91,-199.32,0
3841,83.33,-199.60,0
3853,83.33,-200.04,0
3864,90.91,-200.10,0
3875,90.91,-199.78,0
3887,83.33,-199.68,0
3898,90.91,-198.89,0
3910,90.91,-198.62,0
3921,83.33,-198.36,0
3933,83.33,-198.52,0
3944,90.91,-198.69,0
3955,90.91,-199.51,0
3966,90.91,-199.79,0
3979,76.92,-200.04,0
3990,90.91,-200.22,0
4001,90.91,-199.64,0
4013,83.33,-199.54,0
4024,90.91,-199.06,0
4035,90.91,-198.66,0
4047,83.33,-198.68,0
4059,83.33,-198.35,0
4070,90.91,-198.25,0
4081,90.91,-199.24,0
4092,90.91,-199.59,0
4104,83.33,-199.68,0
4116,83.33,-199.84,0
4127,90.91,-200.08,0
4139,83.33,-199.98,0
4150,90.91,-199.38,0
4161,90.91,-199.94,0
4172,90.91,-199.90,0
4185,76.92,-199.64,0
4196,90.91,-199.40,0
4207,90.91,-199.19,0
4218,90.91,-199.07,0
4230,83.33,-199.52,0
4241,90.91,-199.71,0
4253,83.33,-199.17,0
4264,90.91,-198.90,0
4276,83.33,-199.26,0
4287,90.91,-199.52,0
4298,90.91,-199.74,0
4311,83.33,-200.50,0
4322,83.33,-200.63,0
4333,90.91,-199.95,0
4344,90.91,-199.97,0
4356,83.33,-199.56,0
4367,90.91,-199.18,0
4379,83.33,-198.83,0
4390,90.91,-198.51,0
4402,83.33,-198.77,0
4413,90.91,-199.11,0
4424,90.91,-199.41,0
4435,90.91,-199.87,0
4448,76.92,-200.41,0
4459,90.91,-200.29,0
4470,90.91,-200.06,0
4482,83.33,-199.57,0
4493,90.91,-199.01,0
4504,90.91,-198.65,0
4516,83.33,-198.99,0
4528,83.33,-198.88,0
4539,90.91,-198.79,0
4550,90.91,-199.88,0
4561,90.91,-200.17,0
4573,83.33,-200.73,0
4585,83.33,-200.74,0
4596,90.91,-200.09,0
4608,83.33,-199.66,0
4619,90.91,-199.44,0
4630,90.91,-199.08,0
4642,90.91,-199.46,0
4654,76.92,-199.06,0
4665,90.91,-199.34,0
4676,90.91,-199.95,0
4687,90.91,-200.31,0
4699,83.33,-199.80,0
4711,83.33,-200.15,0
4722,90.91,-200.32,0
4733,90.91,-200.13,0
4745,83.33,-199.34,0
4756,90.91,-198.96,0
4767,90.91,-199.48,0
4780,76.92,-200.31,0
4791,90.91,-199.91,0
4802,90.91,-199.81,0
4813,90.91,-199.93,0
4825,83.33,-200.19,0
4836,90.91,-200.39,0
4848,83.33,-199.68,0
4859,90.91,-198.77,0
4871,83.33,-198.96,0
4882,90.91,-199.05,0
4893,90.91,-199.40,0
4904,90.91,-199.48,0
4917,76.92,-199.78,0
4928,90.91,-199.59,0
4939,90.91,-199.63,0
4951,83.33,-199.77,0
4962,90.91,-199.56,0
4973,90.91,-199.42,0
4985,83.33,-199.41,0
4997,83.33,-199.17,0
5008,90.91,-199.53,0
5019,90.91,-199.55,0
5030,90.91,-199.78,0
5043,83.33,-199.78,0
5054,83.33,-199.60,0
5065,90.91,-199.39,0
5076,90.91,-199.32,0
5088,83.33,-199.29,0
5099,90.91,-198.70,0
5111,83.33,-198.82,0
5123,83.33,-198.97,0
5134,90.91,-199.14,0
5145,90.91,-199.71,0
5156,90.91,-199.94,0
5168,83.33,-200.30,0
5180,83.33,-200.06,0
5191,90.91,-200.10,0
5202,90.91,-199.51,0
5214,83.33,-199.02,0
5225,90.91,-198.94,0
5236,90.91,-198.89,0
5249,76.92,-199.07,0
5260,90.91,-198.81,0
5271,90.91,-199.02,0
5282,90.91,-199.56,0
5294,83.33,-199.93,0
5305,90.91,-199.84,0
5317,83.33,-199.63,0
5328,90.91,-199.39,0
5340,83.33,-198.57,0
5351,90.91,-198.68,0
5362,90.91,-198.63,0
5373,90.91,-199.05,0
5386,76.92,-199.64,0
5397,90.91,-200.01,0
5408,90.91,-199.13,0
5420,83.33,-199.12,0
5431,90.91,-199.22,0
5443,90.91,-199.48,0
5454,83.33,-199.46,0
5466,83.33,-198.98,0
5477,90.91,-198.96,0
5488,90.91,-199.84,0
5499,90.91,-199.88,0
5512,76.92,-200.46,0
5523,90.91,-200.37,0
5534,90.91,-200.20,0
5545,90.91,-199.91,0
5557,83.33,-199.69,0
5568,90.91,-199.36,0
5580,83.33,-199.36,0
5592,83.33,-198.80,0
5603,90.91,-198.80,0
5614,90.91,-199.56,0
5625,90.91,-199.81,0
5637,83.33,-199.66,0
5649,83.33,-199.81,0
5660,90.91,-200.01,0
5671,90.91,-200.24,0
5683,83.33,-200.14,0
5694,90.91,-199.49,0
5705,90.91,-199.40,0
5718,76.92,-199.43,0
5729,90.91,-199.56,0
5740,90.91,-199.04,0
5751,90.91,-199.24,0
5763,83.33,-199.88,0
5775,90.91,-199.48,0
5786,83.33,-200.05,0
5797,90.91,-199.83,0
5809,83.33,-198.99,0
5820,90.91,-199.26,0
5831,90.91,-199.28,0
5843,90.91,-199.08,0
5855,76.92,-199.17,0
5866,90.91,-199.39,0
5877,90.91,-199.79,0
5889,83.33,-200.05,0
5900,90.91,-199.78,0
5912,83.33,-198.90,0
5923,90.91,-198.98,0
5935,83.33,-198.58,0
5946,90.91,-198.61,0
5957,90.91,-199.11,0
5968,90.91,-199.13,0
5981,76.92,-199.21,0
5992,90.91,-199.30,0
6003,90.91,-199.03,0
6014,90.91,-199.23,0
6026,83.33,-199.54,0
6037,90.91,-199.49,0
6049,83.33,-199.15,0
6061,83.33,-199.07,0
6072,90.91,-199.09,0
6083,90.91,-199.02,0
6094,90.91,-199.86,0
6106,83.33,-200.15,0
6118,83.33,-200.44,0
6129,90.91,-200.50,0
6140,90.91,-200.53,0
6152,83.33,-199.85,0
6163,90.91,-199.31,0
6175,90.91,-198.34,0
6187,76.92,-198.37,0
6198,90.91,-199.02,0
6209,90.91,-199.65,0
6220,90.91,-199.63,0
6232,83.33,-200.06,0
6244,83.33,-200.70,0
6255,90.91,-200.54,0
6266,90.91,-199.71,0
6278,83.33,-199.50,0
6289,90.91,-199.55,0
6300,90.91,-199.36,0
6312,83.33,-198.97,0
6324,83.33,-199.05,0
6335,90.91,-199.52,0
6346,90.91,-200.12,0
6358,83.33,-199.73,0
6369,90.91,-199.91,0
6381,83.33,-199.54,0
6392,90.91,-199.20,0
6404,83.33,-199.35,0
6415,90.91,-199.15,0
6426,90.91,-198.91,0
6437,90.91,-198.89,0
6450,76.92,-198.68,0
6461,90.91,-198.57,0
6472,90.91,-199.14,0
6483,90.91,-200.00,0
6495,83.33,-199.80,0
6507,90.91,-199.91,0
6518,83.33,-200.01,0
6530,83.33,-199.29,0
6541,90.91,-199.08,0
6552,90.91,-199.36,0
6563,90.91,-199.55,0
6576,83.33,-199.10,0
6587,90.91,-199.37,0
6598,90.91,-199.43,0
6609,90.91,-199.23,0
6621,83.33,-198.79,0
6632,90.91,-198.48,0
6644,83.33,-198.62,0
6656,83.33,-198.83,0
6667,90.91,-199.49,0
6678,90.91,-199.68,0
6689,90.91,-199.88,0
6701,83.33,-200.99,0
6713,83.33,-200.14,0
6724,90.91,-199.57,0
6735,90.91,-198.74,0
6747,83.33,-198.77,0
6758,90.91,-198.65,0
6769,90.91,-198.12,0
6781,83.33,-198.41,0
6793,83.33,-198.90,0
6804,90.91,-200.01,0
6815,90.91,-200.69,0
6827,83.33,-200.90,0
6838,90.91,-200.39,0
6850,83.33,-200.48,0
6861,90.91,-199.60,0
6873,83.33,-198.88,0
6884,90.91,-198.95,0
6895,90.91,-198.34,0
6907,90.91,-198.23,0
6919,76.92,-198.42,0
6930,90.91,-198.85,0
6941,90.91,-199.98,0
6952,90.91,-200.44,0
6964,83.33,-200.34,0
6976,83.33,-200.50,0
6987,90.91,-199.42,0
6999,83.33,-199.18,0
7010,90.91,-198.95,0
7021,90.91,-199.12,0
7032,90.91,-199.04,0
7045,76.92,-199.22,0
7056,90.91,-199.74,0
7067,90.91,-199.41,0
7078,90.91,-200.15,0
7090,83.33,-200.23,0
7101,90.91,-200.12,0
7113,83.33,-199.74,0
7124,90.91,-199.66,0
7136,83.33,-200.13,0
7147,90.91,-200.11,0
7158,90.91,-199.02,0
7170,83.33,-199.25,0
7182,83.33,-199.69,0
7193,90.91,-200.13,0
7204,90.91,-199.59,0
7216,83.33,-199.00,0
7227,90.91,-199.55,0
7239,90.91,-199.54,0
7250,83.33,-199.59,0
7262,83.33,-199.56,0
7273,90.91,-199.70,0
7284,90.91,-200.16,0
7296,83.33,-200.35,0
7308,83.33,-199.98,0
7319,90.91,-199.41,0
7330,90.91,-199.22,0
7342,83.33,-198.53,0
7353,90.91,-198.24,0
7364,90.91,-198.34,0
7376,83.33,-198.59,0
7388,83.33,-200.18,0
7399,90.91,-200.06,0
7410,90.91,-200.21,0
7421,90.91,-200.55,0
7433,83.33,-200.12,0
7445,83.33,-199.37,0
7456,90.91,-198.99,0
7468,83.33,-198.73,0
7479,90.91,-198.14,0
7490,90.91,-198.08,0
7501,90.91,-198.54,0
7514,76.92,-199.61,0
7525,90.91,-199.91,0
7536,90.91,-200.27,0
7547,90.91,-201.35,0
7559,83.33,-201.21,0
7571,90.91,-200.65,0
7582,83.33,-200.51,0
7593,90.91,-199.22,0
7605,83.33,-198.74,0
7616,90.91,-198.79,0
7627,90.91,-198.82,0
7640,76.92,-199.29,0
7651,90.91,-199.87,0
7662,90.91,-199.39,0
7673,90.91,-199.80,0
7685,83.33,-200.82,0
7696,90.91,-200.61,0
7708,83.33,-200.09,0
7719,90.91,-199.61,0
7731,83.33,-199.61,0
7742,90.91,-199.80,0
7753,90.91,-199.54,0
7764,90.91,-199.51,0
7777,76.92,-198.36,0
7788,90.91,-198.64,0
7799,90.91,-198.97,0
7811,83.33,-199.28,0
7822,90.91,-199.23,0
7833,90.91,-198.92,0
7845,83.33,-199.08,0
7857,83.33,-199.57,0
7868,90.91,-199.70,0
7879,90.91,-199.93,0
7890,90.91,-199.90,0
7902,83.33,-199.34,0
7914,83.33,-199.40,0
7925,90.91,-198.96,0
7937,83.33,-198.37,0
7948,90.91,-198.12,0
7959,90.91,-198.50,0
7971,90.91,-198.61,0
7983,76.92,-199.40,0
7994,90.91,-200.06,0
8005,90.91,-200.43,0
8016,90.91,-200.28,0
8028,83.33,-200.41,0
8040,83.33,-200.41,0
8051,90.91,-199.42,0
8062,90.91,-198.76,0
8074,83.33,-198.67,0
8085,90.91,-198.57,0
8096,90.91,-198.59,0
8109,76.92,-198.35,0
8120,90.91,-199.14,0
8131,90.91,-200.18,0
8142,90.91,-200.16,0
8154,83.33,-200.29,0
8165,90.91,-200.01,0
8177,83.33,-199.97,0
8188,90.91,-200.14,0
8200,83.33,-199.68,0
8211,90.91,-198.91,0
8222,90.91,-198.67,0
8233,90.91,-198.54,0
8246,76.92,-199.66,0
8257,90.91,-200.23,0
8268,90.91,-200.23,0
8280,83.33,-199.17,0
8291,90.91,-199.55,0
8303,90.91,-199.18,0
8314,83.33,-199.33,0
8326,83.33,-199.23,0
8337,90.91,-198.95,0
8348,90.91,-198.99,0
8359,90.91,-199.61,0
8372,76.92,-200.03,0
8383,90.91,-199.64,0
8394,90.91,-199.31,0
8406,83.33,-199.58,0
8417,90.91,-199.40,0
8428,90.91,-199.65,0
8440,83.33,-199.22,0
8452,83.33,-198.83,0
8463,90.91,-199.58,0
8474,90.91,-200.08,0
8485,90.91,-200.22,0
8497,83.33,-199.51,0
8509,83.33,-199.94,0
8520,90.91,-200.31,0
8531,90.91,-199.82,0
8543,83.33,-199.26,0
8554,90.91,-199.38,0
8565,90.91,-199.14,0
8578,76.92,-199.02,0
8589,90.91,-199.33,0
8600,90.91,-199.23,0
8611,90.91,-199.66,0
8623,83.33,-200.45,0
8634,90.91,-200.15,0
8646,83.33,-199.35,0
8657,90.91,-199.59,0
8669,83.33,-198.74,0
8680,90.91,-198.42,0
8691,90.91,-199.14,0
8704,90.91,-199.69,0
8715,76.92,-199.87,0
8726,90.91,-199.76,0
8737,90.91,-199.70,0
8749,83.33,-200.12,0
8760,90.91,-199.96,0
8772,83.33,-199.81,0
8783,90.91,-199.06,0
8795,83.33,-198.86,0
8806,90.91,-199.12,0
8817,90.91,-199.55,0
8828,90.91,-199.72,0
8841,76.92,-200.42,0
8852,90.91,-199.94,0
8863,90.91,-199.50,0
8875,83.33,-200.13,0
8886,90.91,-199.71,0
8897,90.91,-200.07,0
8909,83.33,-199.25,0
8921,83.33,-199.15,0
8932,90.91,-199.62,0
8943,90.91,-199.59,0
8954,90.91,-199.01,0
8966,83.33,-199.28,0
8978,83.33,-199.62,0
8989,90.91,-199.76,0
9000,90.91,-199.75,0
9012,83.33,-199.84,0
9023,90.91,-198.95,0
9034,90.91,-198.68,0
9047,76.92,-199.21,0
9058,90.91,-199.29,0
9069,90.91,-198.98,0
9080,90.91,-199.11,0
9092,83.33,-199.50,0
9104,90.91,-199.18,0
9115,83.33,-199.86,0
9126,90.91,-199.95,0
9138,83.33,-199.18,0
9149,90.91,-199.50,0
9160,90.91,-198.91,0
9172,83.33,-198.97,0
9184,83.33,-199.04,0
9195,90.91,-199.38,0
9206,90.91,-199.49,0
9218,83.33,-199.81,0
9229,90.91,-199.52,0
9241,83.33,-199.24,0
9252,90.91,-199.57,0
9264,83.33,-199.71,0
9275,90.91,-199.61,0
9286,90.91,-199.08,0
9297,90.91,-199.19,0
9310,76.92,-198.99,0
9321,90.91,-199.00,0
9332,90.91,-199.93,0
9344,83.33,-199.94,0
9355,90.91,-199.98,0
9366,90.91,-199.55,0
9378,83.33,-198.42,0
9390,83.33,-198.34,0
9401,90.91,-199.22,0
9412,90.91,-199.98,0
9423,90.91,-200.03,0
9435,83.33,-200.19,0
9447,83.33,-200.25,0
9458,90.91,-200.16,0
9469,90.91,-199.52,0
9481,83.33,-199.44,0
9492,90.91,-199.21,0
9504,90.91,-198.96,0
9516,76.92,-199.21,0
9527,90.91,-199.43,0
9538,90.91,-200.28,0
9549,90.91,-200.78,0
9561,83.33,-200.35,0
9573,83.33,-199.97,0
9584,90.91,-200.05,0
9595,90.91,-199.77,0
9607,83.33,-199.54,0
9618,90.91,-199.55,0
9629,90.91,-199.26,0
9641,83.33,-199.08,0
9653,83.33,-199.22,0
9664,90.91,-199.64,0
9675,90.91,-200.09,0
9687,83.33,-199.92,0
9698,90.91,-200.30,0
9710,83.33,-200.35,0
9721,90.91,-199.54,0
9733,83.33,-199.09,0
9744,90.91,-198.47,0
9755,90.91,-199.10,0
9766,90.91,-199.45,0
9779,76.92,-199.14,0
9790,90.91,-199.76,0
9801,90.91,-200.61,0
9812,90.91,-200.53,0
9824,83.33,-200.32,0
9836,90.91,-199.86,0
9847,83.33,-199.39,0
9859,83.33,-199.39,0
9870,90.91,-199.10,0
9881,90.91,-198.85,0
9892,90.91,-198.68,0
9905,83.33,-198.87,0
9916,83.33,-199.59,0
9927,90.91,-200.20,0
9938,90.91,-200.06,0
9950,83.33,-199.80,0
9961,90.91,-199.74,0
9973,83.33,-199.28,0
9985,83.33,-199.51,0
9996,90.91,-199.52,0
10007,90.91,-199.13,0
10018,90.91,-199.60,0
10030,83.33,-199.76,0
10042,83.33,-199.37,0
10053,90.91,-199.45,0
10064,90.91,-198.82,0
10076,83.33,-198.97,0
10087,90.91,-198.97,0
10098,90.91,-198.80,0
10110,83.33,-198.73,0
10122,83.33,-199.32,0
10133,90.91,-199.28,0
10144,90.91,-199.42,0
10156,83.33,-199.96,0
10167,90.91,-199.70,0
10179,83.33,-199.56,0
10190,90.91,-199.62,0
10202,83.33,-199.04,0
10213,90.91,-198.52,0
10224,90.91,-198.57,0
10236,90.91,-198.38,0
10248,76.92,-198.36,0
10259,90.91,-198.78,0
10270,90.91,-199.28,0
10281,90.91,-200.12,0
10293,83.33,-200.39,0
10305,83.33,-199.92,0
10316,90.91,-200.19,0
10328,83.33,-200.05,0
10339,90.91,-199.43,0
10350,90.91,-199.40,0
10361,90.91,-199.30,0
10374,76.92,-199.60,0
10385,90.91,-199.70,0
10396,90.91,-199.54,0
10407,90.91,-199.85,0
10419,83.33,-199.52,0
10430,90.91,-200.12,0
10442,83.33,-200.18,0
10454,83.33,-200.01,0
10465,90.91,-199.74,0
10476,90.91,-199.68,0
10487,90.91,-199.85,0
10499,83.33,-199.85,0
10511,83.33,-200.34,0
10522,90.91,-200.10,0
10533,90.91,-199.74,0
10545,83.33,-199.84,0
10556,90.91,-199.54,0
10567,90.91,-199.35,0
10579,83.33,-199.32,0
10591,83.33,-199.50,0
10602,90.91,-199.49,0
10613,90.91,-199.63,0
10625,83.33,-200.35,0
10637,90.91,-200.25,0
10648,83.33,-200.31,0
10659,90.91,-200.11,0
10671,83.33,-199.23,0
10682,90.91,-198.85,0
10693,90.91,-198.43,0
10705,83.33,-198.34,0
10717,83.33,-198.61,0
10728,90.91,-199.19,0
10739,90.91,-199.82,0
10750,90.91,-200.41,0
10762,83.33,-200.29,0
10774,83.33,-200.23,0
10785,90.91,-200.15,0
10797,83.33,-199.38,0
10808,90.91,-199.42,0
10819,90.91,-199.44,0
10830,90.91,-198.89,0
10843,76.92,-199.31,0
10854,90.91,-200.05,0
10865,90.91,-200.33,0
10876,90.91,-200.65,0
10888,83.33,-200.71,0
10899,90.91,-200.57,0
10911,83.33,-200.48,0
10923,83.33,-199.62,0
10934,90.91,-198.89,0
10945,90.91,-198.91,0
10956,90.91,-198.69,0
10968,83.33,-198.85,0
10980,83.33,-198.96,0
10991,90.91,-199.93,0
11002,90.91,-200.40,0
11014,83.33,-200.00,0
11025,90.91,-199.77,0
11037,90.91,-200.03,0
11048,83.33,-199.10,0
11060,83.33,-198.80,0
11071,90.91,-198.79,0
11082,90.91,-199.01,0
11094,83.33,-199.30,0
11106,83.33,-199.73,0
11117,90.91,-199.98,0
11128,90.91,-199.89,0
11140,83.33,-199.46,0
11151,90.91,-199.20,0
11162,90.91,-199.16,0
11174,83.33,-199.79,0
11186,83.33,-199.68,0
11197,90.91,-199.49,0
11208,90.91,-199.36,0
11219,90.91,-199.57,0
11231,83.33,-200.07,0
11243,83.33,-200.08,0
11254,90.91,-199.16,0
11266,83.33,-199.19,0
11277,90.91,-198.68,0
11288,90.91,-197.98,0
11299,90.91,-198.34,0
11312,76.92,-199.44,0
11323,90.91,-199.92,0
11334,90.91,-199.85,0
11345,90.91,-200.39,0
11357,83.33,-200.23,0
11368,90.91,-200.21,0
11380,83.33,-200.06,0
11392,83.33,-200.15,0
11403,90.91,-199.58,0
11414,90.91,-198.47,0
11425,90.91,-198.52,0
11438,83.33,-198.56,0
11449,83.33,-199.42,0
11460,90.91,-199.87,0
11471,90.91,-199.87,0
11483,83.33,-200.06,0
11494,90.91,-200.75,0
11506,83.33,-200.33,0
11517,90.91,-199.71,0
11529,83.33,-199.41,0
11540,90.91,-199.03,0
11551,90.91,-198.77,0
11563,83.33,-199.20,0
11575,83.33,-200.03,0
11586,90.91,-199.54,0
11597,90.91,-199.27,0
11609,83.33,-199.26,0
11620,90.91,-199.62,0
11631,90.91,-199.62,0
11643,83.33,-199.40,0
11655,83.33,-199.63,0
11666,90.91,-199.45,0
11677,90.91,-199.47,0
11688,90.91,-199.69,0
11700,83.33,-199.46,0
11712,83.33,-199.68,0
11723,90.91,-199.32,0
11735,83.33,-198.76,0
11746,90.91,-198.74,0
11757,90.91,-199.17,0
11768,90.91,-198.66,0
11781,76.92,-198.54,0
11792,90.91,-199.45,0
11803,90.91,-200.20,0
11814,90.91,-199.56,0
11826,83.33,-199.57,0
11838,90.91,-199.46,0
11849,83.33,-199.36,0
11860,90.91,-199.17,0
11872,83.33,-198.90,0
11883,90.91,-198.55,0
11894,90.91,-198.75,0
11907,76.92,-199.37,0
11918,90.91,-199.97,0
11929,90.91,-200.04,0
11940,90.91,-199.92,0
11952,83.33,-200.18,0
11963,90.91,-200.50,0
11975,83.33,-199.94,0
11986,90.91,-199.45,0
11998,83.33,-198.66,0
12009,90.91,-198.50,0
12020,90.91,-198.28,0
12032,83.33,-198.90,0
12044,83.33,-199.28,0
12055,90.91,-199.50,0
12066,90.91,-199.59,0
12078,83.33,-199.66,0
12089,90.91,-199.75,0
12100,90.91,-199.11,0
12112,83.33,-199.08,0
12124,83.33,-199.28,0
12135,90.91,-199.27,0
12146,90.91,-198.72,0
12157,90.91,-198.90,0
12170,83.33,-199.64,0
12181,83.33,-199.87,0
12192,90.91,-199.67,0
12204,83.33,-199.81,0
12215,90.91,-200.02,0
12226,90.91,-199.68,0
12238,83.33,-199.96,0
12250,83.33,-199.38,0
12261,90.91,-199.56,0
12272,90.91,-199.36,0
12283,90.91,-199.37,0
12295,83.33,-199.58,0
12307,83.33,-199.76,0
12318,90.91,-199.95,0
12329,90.91,-199.84,0
12341,83.33,-199.68,0
12352,90.91,-199.50,0
12363,90.91,-199.10,0
12376,76.92,-199.58,0
12387,90.91,-199.75,0
12398,90.91,-199.35,0
12409,90.91,-199.37,0
12421,83.33,-199.31,0
12432,90.91,-199.55,0
12444,83.33,-199.64,0
12455,90.91,-199.75,0
12467,83.33,-199.10,0
12478,90.91,-198.78,0
12489,90.91,-199.04,0
12500,90.91,-199.03,0
12513,76.92,-199.50,0
12524,90.91,-200.25,0
12535,90.91,-200.41,0
12547,83.33,-200.28,0
12558,90.91,-199.94,0
12570,90.91,-199.71,0
12581,83.33,-199.40,0
12593,83.33,-198.78,0
12604,90.91,-198.71,0
12615,90.91,-199.45,0
12626,90.91,-199.64,0
12639,76.92,-199.64,0
12650,90.91,-200.27,0
12661,90.91,-200.91,0
12673,83.33,-201.21,0
12684,90.91,-200.63,0
12695,90.91,-200.33,0
12707,83.33,-199.51,0
12719,83.33,-198.53,0
12730,90.91,-198.47,0
12741,90.91,-198.44,0
12752,90.91,-199.04,0
12764,83.33,-200.24,0
12776,83.33,-200.33,0
12787,90.91,-200.11,0
12798,90.91,-199.89,0
12810,83.33,-200.18,0
12821,90.91,-199.93,0
12832,90.91,-199.98,0
12845,76.92,-199.68,0
12856,90.91,-199.37,0
12867,90.91,-198.89,0
12878,90.91,-198.75,0
12890,83.33,-199.34,0
12902,90.91,-199.72,0
12913,83.33,-199.64,0
12924,90.91,-200.06,0
12936,83.33,-200.03,0
12947,90.91,-199.56,0
12958,90.91,-199.50,0
12971,76.92,-199.65,0
12982,90.91,-199.59,0
12993,90.91,-199.45,0
13004,90.91,-199.21,0
13016,83.33,-199.13,0
13027,90.91,-198.62,0
13039,83.33,-198.46,0
13050,90.91,-199.18,0
13062,83.33,-199.13,0
13073,90.91,-199.55,0
13084,90.91,-199.73,0
13095,90.91,-199.74,0
13108,76.92,-200.61,0
13119,90.91,-200.33,0
13130,90.91,-200.31,0
13142,83.33,-200.23,0
13153,90.91,-200.41,0
13164,90.91,-200.04,0
13176,83.33,-199.48,0
13188,83.33,-198.24,0
13199,90.91,-197.94,0
13210,90.91,-198.36,0
13221,90.91,-199.03,0
13234,83.33,-199.93,0
13245,83.33,-200.65,0
13256,90.91,-201.20,0
13267,90.91,-201.24,0
13279,83.33,-201.07,0
13290,90.91,-200.39,0
13302,90.91,-199.69,0
13314,83.33,-198.97,0
13325,90.91,-198.48,0
13336,90.91,-198.62,0
13347,90.91,-199.00,0
13359,83.33,-199.81,0
13371,83.33,-199.82,0
13382,90.91,-199.64,0
13393,90.91,-200.45,0
13405,83.33,-200.90,0
13416,90.91,-200.19,0
13427,90.91,-200.15,0
13440,76.92,-199.64,0
13451,90.91,-198.86,0
13462,90.91,-198.78,0
13473,90.91,-198.70,0
13485,83.33,-198.73,0
13496,90.91,-198.94,0
13508,83.33,-199.60,0
13519,90.91,-199.68,0
13531,83.33,-199.74,0
13542,90.91,-199.83,0
13553,90.91,-199.94,0
13564,90.91,-199.98,0
13577,76.92,-199.48,0
13588,90.91,-199.35,0
13599,90.91,-199.23,0
13611,83.33,-199.28,0
13622,90.91,-198.60,0
13634,90.91,-198.39,0
13645,83.33,-198.65,0
13657,83.33,-198.96,0
13668,90.91,-199.63,0
13679,90.91,-199.40,0
13690,90.91,-199.70,0
13703,76.92,-200.45,0
13714,90.91,-199.87,0
13725,90.91,-200.15,0
13736,90.91,-199.42,0
13748,83.33,-199.74,0
13759,90.91,-199.60,0
13771,83.33,-198.80,0
13783,83.33,-199.02,0
13794,90.91,-198.65,0
13805,90.91,-198.61,0
13816,90.91,-198.71,0
13828,83.33,-199.51,0
13840,83.33,-200.73,0
13851,90.91,-200.82,0
13862,90.91,-201.16,0
13874,83.33,-200.10,0
13885,90.91,-199.30,0
13896,90.91,-198.56,0
13908,83.33,-198.29,0
13920,83.33,-198.02,0
13931,90.91,-198.16,0
13942,90.91,-199.01,0
13954,83.33,-199.66,0
13966,90.91,-200.01,0
13977,83.33,-200.71,0
13988,90.91,-200.79,0
14000,83.33,-200.92,0
14011,90.91,-199.67,0
14022,90.91,-199.24,0
14034,90.91,-198.74,0
14046,76.92,-198.25,0
14057,90.91,-198.62,0
14068,90.91,-198.72,0
14080,83.33,-198.83,0
14091,90.91,-199.40,0
14103,83.33,-199.81,0
14114,90.91,-200.31,0
14126,83.33,-200.26,0
14137,90.91,-200.39,0
14148,90.91,-200.18,0
14159,90.91,-199.74,0
14172,76.92,-199.89,0
14183,90.91,-199.40,0
14194,90.91,-199.04,0
14205,90.91,-199.16,0
14217,83.33,-199.17,0
14228,90.91,-198.98,0
14240,83.33,-199.15,0
14252,83.33,-199.29,0
14263,90.91,-199.06,0
14274,90.91,-199.18,0
14285,90.91,-199.54,0
14297,83.33,-199.85,0
14309,83.33,-199.80,0
14320,90.91,-199.91,0
14331,90.91,-199.91,0
14343,83.33,-199.81,0
14354,90.91,-199.56,0
14366,90.91,-199.13,0
14377,83.33,-198.46,0
14389,83.33,-199.09,0
14400,90.91,-199.27,0
14411,90.91,-199.61,0
14423,83.33,-200.64,0
14435,83.33,-200.92,0
14446,90.91,-200.73,0
14457,90.91,-199.95,0
14469,83.33,-199.96,0
14480,90.91,-199.97,0
14491,90.91,-199.00,0
14503,83.33,-198.47,0
14515,83.33,-198.55,0
14526,90.91,-198.90,0
14537,90.91,-199.05,0
14548,90.91,-199.55,0
14560,83.33,-200.23,0
14572,83.33,-200.43,0
14583,90.91,-200.36,0
14595,83.33,-200.32,0
14606,90.91,-200.08,0
14617,90.91,-199.67,0
14628,90.91,-199.09,0
14641,76.92,-198.37,0
14652,90.91,-198.48,0
14663,90.91,-198.84,0
14674,90.91,-199.21,0
14686,83.33,-199.60,0
14698,90.91,-200.14,0
14709,83.33,-200.28,0
14721,83.33,-200.03,0
14732,90.91,-199.59,0
14743,90.91,-199.69,0
14754,90.91,-199.00,0
14767,76.92,-198.44,0
14778,90.91,-198.54,0
14789,90.91,-198.87,0
14800,90.91,-198.74,0
14812,83.33,-198.63,0
14823,90.91,-199.27,0
14835,83.33,-200.08,0
14846,90.91,-199.41,0
14858,83.33,-200.01,0
14869,90.91,-199.75,0
14880,90.91,-199.66,0
14892,83.33,-199.43,0
14904,83.33,-199.68,0
14915,90.91,-199.35,0
14926,90.91,-199.63,0
14938,83.33,-199.08,0
14949,90.91,-198.17,0
14960,90.91,-197.99,0
14972,83.33,-198.64,0
14984,83.33,-198.93,0
14995,90.91,-199.69,0
15006,90.91,-199.85,0
15017,90.91,-200.17,0
15030,83.33,-200.39,0
15041,83.33,-200.21,0
15052,90.91,-199.97,0
15064,83.33,-199.50,0
15075,90.91,-199.29,0
15086,90.91,-198.41,0
15098,90.91,-197.88,0
15110,83.33,-198.66,0
15121,90.91,-199.00,0
15132,90.91,-199.39,0
15143,90.91,-200.14,0
15155,83.33,-200.58,0
15167,83.33,-200.64,0
15178,90.91,-200.50,0
15190,83.33,-200.28,0
15201,90.91,-199.85,0
15212,90.91,-199.21,0
15223,90.91,-198.66,0
15236,76.92,-198.47,0
15247,90.91,-198.51,0
15258,90.91,-199.19,0
15269,90.91,-199.70,0
15281,83.33,-199.57,0
15292,90.91,-199.84,0
15304,83.33,-200.17,0
15315,90.91,-200.51,0
15327,83.33,-200.35,0
15338,90.91,-199.77,0
15349,90.91,-199.12,0
15361,83.33,-198.90,0
15373,83.33,-198.85,0
15384,90.91,-199.21,0
15395,90.91,-198.81,0
15407,83.33,-198.94,0
15418,90.91,-199.00,0
15430,90.91,-199.61,0
15441,83.33,-199.74,0
15453,83.33,-200.14,0
15464,90.91,-199.75,0
15475,90.91,-199.99,0
15486,90.91,-200.13,0
15499,76.92,-199.15,0
15510,90.91,-199.09,0
15521,90.91,-199.08,0
15533,83.33,-199.00,0
15544,90.91,-198.80,0
15555,90.91,-198.99,0
15567,83.33,-199.11,0
15579,83.33,-199.59,0
15590,90.91,-200.29,0
15601,90.91,-200.58,0
15612,90.91,-200.44,0
15624,83.33,-200.39,0
15636,83.33,-199.93,0
15647,90.91,-199.78,0
15659,83.33,-199.33,0
15670,90.91,-198.88,0
15681,90.91,-198.16,0
15692,90.91,-198.32,0
15705,76.92,-198.85,0
15716,90.91,-198.74,0
15727,90.91,-199.23,0
15738,90.91,-200.17,0
15750,83.33,-200.79,0
15762,90.91,-200.82,0
15773,83.33,-200.88,0
15784,90.91,-200.29,0
15796,83.33,-199.50,0
15807,90.91,-198.53,0
15818,90.91,-198.19,0
15831,76.92,-198.28,0
15842,90.91,-198.71,0
15853,90.91,-199.50,0
15864,90.91,-200.12,0
15876,83.33,-200.63,0
15887,90.91,-200.71,0
15899,83.33,-200.46,0
15910,90.91,-200.03,0
15922,83.33,-199.43,0
15933,90.91,-199.37,0
15944,90.91,-199.17,0
15955,90.91,-198.80,0
15968,76.92,-198.04,0
15979,90.91,-198.75,0
15990,90.91,-198.99,0
16002,83.33,-199.14,0
16013,90.91,-199.99,0
16024,90.91,-200.24,0
16036,83.33,-200.45,0
16048,83.33,-200.07,0
16059,90.91,-199.90,0
16070,90.91,-199.28,0
16081,90.91,-199.34,0
16093,83.33,-198.89,0
16105,83.33,-199.08,0
16116,90.91,-198.82,0
16128,83.33,-198.47,0
16139,90.91,-198.62,0
16150,90.91,-198.72,0
16162,90.91,-198.86,0
16174,76.92,-199.42,0
16185,90.91,-200.11,0
16196,90.91,-199.72,0
16207,90.91,-200.06,0
16219,83.33,-200.42,0
16231,83.33,-200.16,0
16242,90.91,-199.54,0
16253,90.91,-199.25,0
16265,83.33,-198.94,0
16276,90.91,-198.61,0
16287,90.91,-198.90,0
16300,76.92,-198.89,0
16311,90.91,-198.95,0
16322,90.91,-199.45,0
16333,90.91,-200.04,0
16345,83.33,-200.53,0
16356,90.91,-200.08,0
16368,83.33,-199.86,0
16379,90.91,-200.03,0
16391,83.33,-199.49,0
16402,90.91,-198.82,0
16413,90.91,-198.65,0
16424,90.91,-198.33,0
16437,76.92,-198.86,0
16448,90.91,-199.57,0
16459,90.91,-200.56,0
16471,83.33,-200.94,0
16482,90.91,-200.95,0
16494,90.91,-200.62,0
16505,83.33,-200.28,0
16517,83.33,-199.90,0
16528,90.91,-199.27,0
16539,90.91,-198.58,0
16550,90.91,-198.77,0
16563,76.92,-199.28,0
16574,90.91,-199.14,0
16585,90.91,-199.10,0
16596,90.91,-199.36,0
16608,83.33,-199.76,0
16619,90.91,-200.05,0
16631,83.33,-200.49,0
16643,83.33,-199.99,0
16654,90.91,-199.22,0
16665,90.91,-198.84,0
16676,90.91,-199.39,0
16688,83.33,-198.99,0
16700,83.33,-198.65,0
16711,90.91,-199.07,0
16722,90.91,-199.58,0
16734,83.33,-199.30,0
16745,90.91,-199.16,0
16756,90.91,-199.47,0
16769,76.92,-199.54,0
16780,90.91,-199.81,0
16791,90.91,-199.91,0
16802,90.91,-200.27,0
16814,83.33,-200.46,0
16825,90.91,-199.76,0
16837,83.33,-199.45,0
16848,90.91,-199.33,0
16860,83.33,-199.27,0
16871,90.91,-199.20,0
16882,90.91,-199.31,0
16894,90.91,-199.13,0
16906,76.92,-199.96,0
16917,90.91,-200.42,0
16928,90.91,-199.84,0
16940,83.33,-200.31,0
16951,90.91,-200.68,0
16963,83.33,-200.00,0
16974,90.91,-199.37,0
16986,83.33,-198.89,0
16997,90.91,-198.68,0
17008,90.91,-198.35,0
17019,90.91,-198.44,0
17032,76.92,-199.04,0
17043,90.91,-199.01,0
17054,90.91,-199.65,0
17065,90.91,-200.48,0
17077,83.33,-201.08,0
17088,90.91,-200.70,0
17100,83.33,-200.49,0
17112,83.33,-200.27,0
17123,90.91,-198.90,0
17134,90.91,-198.40,0
17145,90.91,-198.48,0
17157,83.33,-199.19,0
17169,83.33,-199.51,0
17180,90.91,-199.73,0
17191,90.91,-199.40,0
17203,83.33,-200.22,0
17214,90.91,-200.15,0
17226,90.91,-200.30,0
17238,76.92,-200.40,0
17249,90.91,-199.86,0
17260,90.91,-199.49,0
17271,90.91,-199.16,0
17283,83.33,-199.06,0
17295,83.33,-199.10,0
17306,90.91,-199.65,0
17317,90.91,-199.65,0
17329,83.33,-199.76,0
17340,90.91,-199.04,0
17351,90.91,-199.06,0
17363,83.33,-199.75,0
17375,83.33,-199.26,0
17386,90.91,-199.50,0
17397,90.91,-199.50,0
17409,83.33,-199.52,0
17420,90.91,-199.52,0
17432,83.33,-199.59,0
17443,90.91,-199.15,0
17455,83.33,-199.22,0
17466,90.91,-199.77,0
17477,90.91,-199.48,0
17488,90.91,-199.06,0
17501,76.92,-199.35,0
17512,90.91,-199.93,0
17523,90.91,-200.20,0
17534,90.91,-200.34,0
17546,83.33,-200.00,0
17558,90.91,-199.80,0
17569,83.33,-199.68,0
17581,83.33,-198.83,0
17592,90.91,-198.66,0
17603,90.91,-199.34,0
17614,90.91,-199.51,0
17627,76.92,-200.09,0
17638,90.91,-200.24,0
17649,90.91,-200.10,0
17660,90.91,-200.71,0
17672,83.33,-200.23,0
17683,90.91,-200.78,0
17695,83.33,-199.98,0
17707,83.33,-199.64,0
17718,90.91,-198.67,0
17729,90.91,-198.82,0
17740,90.91,-199.48,0
17752,83.33,-199.57,0
17764,83.33,-199.83,0
17775,90.91,-200.64,0
17786,90.91,-200.89,0
17798,83.33,-200.28,0
17809,90.91,-200.25,0
17821,90.91,-199.82,0
17832,83.33,-199.37,0
17844,83.33,-199.22,0
17855,90.91,-198.88,0
17866,90.91,-198.55,0
17878,83.33,-199.26,0
17890,83.33,-199.31,0
17901,90.91,-199.88,0
17912,90.91,-199.86,0
17924,83.33,-199.77,0
17935,90.91,-199.73,0
17946,90.91,-199.76,0
17958,83.33,-199.06,0
17970,83.33,-198.93,0
17981,90.91,-199.06,0
17992,90.91,-199.03,0
18003,90.91,-199.10,0
18015,83.33,-199.55,0
18027,83.33,-199.58,0
18038,90.91,-199.65,0
18050,83.33,-200.21,0
18061,90.91,-199.43,0
18072,90.91,-198.99,0
18083,90.91,-199.40,0
18096,76.92,-199.50,0
18107,90.91,-199.89,0
18118,90.91,-200.02,0
18129,90.91,-200.18,0
18141,83.33,-199.63,0
18153,90.91,-200.01,0
18164,83.33,-200.24,0
18176,83.33,-199.55,0
18187,90.91,-199.17,0
18198,90.91,-199.51,0
18209,90.91,-199.47,0
18222,76.92,-199.72,0
18233,90.91,-199.52,0
18244,90.91,-199.79,0
18255,90.91,-200.49,0
18267,83.33,-200.45,0
18278,90.91,-200.02,0
18290,83.33,-199.64,0
18301,90.91,-199.14,0
18313,83.33,-198.88,0
18324,90.91,-198.98,0
18335,90.91,-199.27,0
18347,83.33,-199.35,0
18359,83.33,-199.44,0
18370,90.91,-199.98,0
18381,90.91,-201.15,0
18393,83.33,-200.53,0
18404,90.91,-199.94,0
18415,90.91,-199.74,0
18427,83.33,-199.30,0
18439,83.33,-198.78,0
18450,90.91,-198.43,0
18461,90.91,-198.70,0
18472,90.91,-199.02,0
18485,83.33,-199.98,0
18496,83.33,-200.36,0
18507,90.91,-200.61,0
18519,83.33,-200.39,0
18530,90.91,-200.66,0
18541,90.91,-200.59,0
18553,83.33,-199.83,0
18565,83.33,-199.66,0
18576,90.91,-199.21,0
18587,90.91,-199.20,0
18598,90.91,-199.06,0
18610,83.33,-199.37,0
18622,83.33,-199.89,0
18633,90.91,-200.17,0
18644,90.91,-199.69,0
18656,83.33,-199.45,0
18667,90.91,-199.24,0
18678,90.91,-199.03,0
18691,76.92,-199.22,0
18702,90.91,-199.33,0
18713,90.91,-199.01,0
18724,90.91,-199.33,0
18736,83.33,-199.66,0
18747,90.91,-199.96,0
18759,83.33,-199.47,0
18770,90.91,-199.26,0
18782,83.33,-199.20,0
18793,90.91,-199.11,0
18804,90.91,-199.72,0
18817,83.33,-199.78,0
18828,83.33,-199.24,0
18839,90.91,-199.32,0
18850,90.91,-199.53,0
18862,83.33,-200.00,0
18873,90.91,-200.14,0
18885,83.33,-199.26,0
18896,90.91,-199.30,0
18908,83.33,-199.49,0
18919,90.91,-199.25,0
18930,90.91,-199.34,0
18941,90.91,-199.58,0
18954,76.92,-198.86,0
18965,90.91,-199.11,0
18976,90.91,-200.22,0
18988,83.33,-200.79,0
18999,90.91,-200.11,0
19010,90.91,-199.50,0
19022,83.33,-199.58,0
19034,83.33,-199.05,0
19045,90.91,-198.83,0
19056,90.91,-199.89,0
19067,90.91,-200.25,0
19079,83.33,-200.25,0
19091,83.33,-200.62,0
19102,90.91,-200.21,0
19113,90.91,-200.03,0
19125,83.33,-199.62,0
19136,90.91,-199.68,0
19147,90.91,-199.26,0
19160,76.92,-198.93,0
19171,90.91,-199.22,0
19182,90.91,-199.13,0
19193,90.91,-199.73,0
19205,83.33,-200.10,0
19217,90.91,-200.13,0
19228,83.33,-199.95,0
19239,90.91,-199.89,0
19251,83.33,-199.41,0
19262,90.91,-199.08,0
19273,90.91,-198.93,0
19286,76.92,-198.97,0
19297,90.91,-199.15,0
19308,90.91,-199.21,0
19319,90.91,-199.29,0
19331,83.33,-199.74,0
19342,90.91,-200.15,0
19354,83.33,-199.90,0
19365,90.91,-200.06,0
19377,83.33,-199.67,0
19388,90.91,-199.13,0
19399,90.91,-198.54,0
19410,90.91,-198.91,0
19423,76.92,-198.79,0
19434,90.91,-198.53,0
19445,90.91,-199.10,0
19457,83.33,-200.09,0
19468,90.91,-200.26,0
19479,90.91,-199.92,0
19491,83.33,-199.93,0
19503,83.33,-199.62,0
19514,90.91,-199.55,0
19525,90.91,-199.83,0
19536,90.91,-199.97,0
19549,83.33,-199.49,0
19560,83.33,-198.85,0
19571,90.91,-199.74,0
19582,90.91,-199.60,0
19594,83.33,-199.99,0
19605,90.91,-199.83,0
19617,83.33,-199.41,0
19629,83.33,-199.36,0
19640,90.91,-199.32,0
19651,90.91,-199.33,0
19662,90.91,-199.56,0
19674,83.33,-200.30,0
19686,83.33,-200.68,0
19697,90.91,-200.01,0
19708,90.91,-199.87,0
19720,83.33,-199.43,0
19731,90.91,-199.51,0
19742,90.91,-198.82,0
19755,76.92,-199.32,0
19766,90.91,-199.54,0
19777,90.91,-199.35,0
19788,90.91,-199.79,0
19800,83.33,-200.44,0
19811,90.91,-200.07,0
19823,83.33,-200.33,0
19834,90.91,-199.77,0
19846,83.33,-199.14,0
19857,90.91,-199.07,0
19868,90.91,-198.68,0
19880,90.91,-199.27,0
19892,76.92,-199.36,0
19903,90.91,-199.07,0
19914,90.91,-199.41,0
19926,83.33,-199.34,0
19937,90.91,-199.91,0
19949,83.33,-200.25,0
19960,90.91,-199.63,0
19972,83.33,-199.30,0
19983,90.91,-199.09,0
19994,90.91,-199.00,0
20005,90.91,-198.59,0
20018,76.92,-199.43,0
20029,90.91,-199.06,0
20040,90.91,-199.38,0
20051,90.91,-199.07,0
20063,83.33,-199.41,0
20074,90.91,-199.53,0
20086,83.33,-199.42,0
20098,83.33,-199.78,0
20109,90.91,-199.77,0
20120,90.91,-199.61,0
20131,90.91,-199.04,0
20143,83.33,-199.47,0
20155,83.33,-199.30,0
20166,90.91,-199.34,0
20177,90.91,-199.81,0
20189,83.33,-199.73,0
20200,90.91,-199.64,0
20212,90.91,-200.19,0
20224,76.92,-199.78,0
20235,90.91,-199.35,0
20246,90.91,-199.09,0
20257,90.91,-199.23,0
20269,83.33,-199.94,0
20281,83.33,-200.07,0
20292,90.91,-199.74,0
20303,90.91,-200.03,0
20315,83.33,-200.05,0
20326,90.91,-199.80,0
20337,90.91,-199.25,0
20349,83.33,-199.19,0
20361,83.33,-199.15,0
20372,90.91,-199.62,0
20383,90.91,-200.18,0
20395,83.33,-200.21,0
20406,90.91,-200.04,0
20418,83.33,-200.11,0
20429,90.91,-199.62,0
20441,83.33,-198.96,0
20452,90.91,-198.79,0
20463,90.91,-199.11,0
20474,90.91,-198.95,0
20487,76.92,-199.06,0
20498,90.91,-198.87,0
20509,90.91,-198.69,0
20520,90.91,-199.62,0
20532,83.33,-199.90,0
20544,90.91,-200.36,0
20555,83.33,-199.96,0
20567,83.33,-198.92,0
20578,90.91,-199.25,0
20589,90.91,-199.08,0
20600,90.91,-199.32,0
20613,76.92,-199.39,0
20624,90.91,-199.70,0
20635,90.91,-199.87,0
20646,90.91,-199.58,0
20658,83.33,-199.60,0
20669,90.91,-199.76,0
20681,83.33,-200.45,0
20692,90.91,-199.83,0
20704,83.33,-199.54,0
20715,90.91,-199.41,0
20726,90.91,-199.31,0
20738,83.33,-199.91,0
20750,83.33,-199.19,0
20761,90.91,-198.97,0
20772,90.91,-199.11,0
20784,83.33,-199.62,0
20795,90.91,-199.95,0
20806,90.91,-198.87,0
20818,83.33,-198.97,0
20830,83.33,-199.75,0
20841,90.91,-199.62,0
20852,90.91,-199.71,0
20864,83.33,-199.61,0
20876,90.91,-199.68,0
20887,83.33,-199.77,0
20898,90.91,-199.69,0
20910,83.33,-200.09,0
20921,90.91,-199.32,0
20932,90.91,-198.66,0
20944,83.33,-198.86,0
20956,83.33,-198.65,0
20967,90.91,-198.60,0
20978,90.91,-199.08,0
20989,90.91,-200.03,0
21001,83.33,-199.81,0
21013,83.33,-199.88,0
21024,90.91,-199.94,0
21036,83.33,-199.70,0
21047,90.91,-198.86,0
21058,90.91,-198.43,0
21069,90.91,-198.60,0
21082,76.92,-198.86,0
21093,90.91,-199.43,0
21104,90.91,-199.52,0
21115,90.91,-200.44,0
21127,83.33,-200.55,0
21138,90.91,-200.37,0
21150,83.33,-200.09,0
21161,90.91,-200.36,0
21173,83.33,-199.54,0
21184,90.91,-198.75,0
21195,90.91,-198.49,0
21207,83.33,-198.56,0
21219,83.33,-198.69,0
21230,90.91,-199.07,0
21241,90.91,-199.82,0
21253,83.33,-199.74,0
21264,90.91,-199.83,0
21276,90.91,-199.64,0
21287,83.33,-199.41,0
21299,83.33,-199.26,0
21310,90.91,-198.98,0
21321,90.91,-198.80,0
21332,90.91,-198.96,0
21345,76.92,-198.90,0
21356,90.91,-199.57,0
21367,90.91,-199.92,0
21379,83.33,-200.03,0
21390,90.91,-199.57,0
21401,90.91,-199.81,0
21413,83.33,-200.12,0
21425,83.33,-199.52,0
21436,90.91,-199.45,0
21447,90.91,-199.67,0
21458,90.91,-199.52,0
21470,83.33,-199.19,0
21482,83.33,-199.50,0
21493,90.91,-199.38,0
21505,83.33,-199.17,0
21516,90.91,-198.90,0
21527,90.91,-198.90,0
21538,90.91,-199.11,0
21551,76.92,-199.89,0
21562,90.91,-199.70,0
21573,90.91,-200.18,0
21584,90.91,-199.39,0
21596,83.33,-199.38,0
21608,90.91,-199.93,0
21619,83.33,-199.17,0
21630,90.91,-198.98,0
21642,83.33,-198.45,0
21653,90.91,-198.43,0
21664,90.91,-198.49,0
21677,76.92,-198.98,0
21688,90.91,-199.79,0
21699,90.91,-199.78,0
21710,90.91,-200.22,0
21722,83.33,-200.56,0
21733,90.91,-200.16,0
21745,83.33,-199.99,0
21756,90.91,-199.72,0
21768,83.33,-198.88,0
21779,90.91,-198.83,0
21790,90.91,-198.78,0
21801,90.91,-199.00,0
21814,76.92,-199.21,0
21825,90.91,-199.34,0
21836,90.91,-200.31,0
21848,83.33,-200.49,0
21859,90.91,-200.29,0
21870,90.91,-200.86,0
21882,83.33,-199.97,0
21894,83.33,-199.07,0
21905,90.91,-198.98,0
21916,90.91,-199.44,0
21927,90.91,-198.81,0
21940,83.33,-199.08,0
21951,83.33,-199.52,0
21962,90.91,-199.57,0
21974,83.33,-199.58,0
21985,90.91,-200.25,0
21996,90.91,-200.35,0
22008,83.33,-200.23,0
22020,83.33,-200.47,0
22031,90.91,-199.66,0
22042,90.91,-200.14,0
22053,90.91,-199.53,0
22065,83.33,-199.56,0
22077,83.33,-199.52,0
22088,90.91,-199.02,0
22099,90.91,-199.25,0
22111,83.33,-199.30,0
22122,90.91,-199.29,0
22133,90.91,-199.68,0
22146,76.92,-199.78,0
22157,90.91,-199.80,0
22168,90.91,-199.81,0
22179,90.91,-199.94,0
22191,83.33,-199.97,0
22202,90.91,-199.78,0
22214,83.33,-199.36,0
22225,90.91,-198.67,0
22237,83.33,-198.67,0
22248,90.91,-198.74,0
22259,90.91,-198.91,0
22272,90.91,-199.28,0
22283,76.92,-199.51,0
22294,90.91,-200.43,0
22305,90.91,-201.27,0
22317,83.33,-201.11,0
22328,90.91,-200.23,0
22340,83.33,-199.64,0
22351,90.91,-199.41,0
22363,83.33,-198.92,0
22374,90.91,-198.91,0
22385,90.91,-198.56,0
22396,90.91,-199.01,0
22409,76.92,-199.30,0
22420,90.91,-199.63,0
22431,90.91,-199.82,0
22443,83.33,-201.08,0
22454,90.91,-201.15,0
22465,90.91,-200.43,0
22477,83.33,-199.70,0
22489,83.33,-198.92,0
22500,90.91,-198.58,0
22511,90.91,-197.89,0
22522,90.91,-198.42,0
22534,83.33,-199.32,0
22546,83.33,-199.39,0
22557,90.91,-199.56,0
22568,90.91,-200.22,0
22580,83.33,-200.91,0
22591,90.91,-200.54,0
22603,90.91,-200.20,0
22615,76.92,-199.63,0
22626,90.91,-199.25,0
22637,90.91,-198.90,0
22648,90.91,-199.11,0
22660,83.33,-199.03,0
22672,83.33,-199.32,0
22683,90.91,-199.25,0
22694,90.91,-199.35,0
22706,83.33,-199.70,0
22717,90.91,-199.61,0
22728,90.91,-199.69,0
22740,83.33,-200.08,0
22752,83.33,-199.46,0
22763,90.91,-199.37,0
22774,90.91,-199.58,0
22786,83.33,-199.88,0
22797,90.91,-199.10,0
22809,83.33,-198.40,0
22820,90.91,-198.75,0
22832,83.33,-199.07,0
22843,90.91,-199.03,0
22854,90.91,-199.23,0
22865,90.91,-198.97,0
22878,76.92,-199.65,0
22889,90.91,-200.11,0
22900,90.91,-199.75,0
22912,83.33,-199.91,0
22923,90.91,-199.88,0
22934,90.91,-199.21,0
22946,83.33,-199.19,0
22958,83.33,-198.65,0
22969,90.91,-199.09,0
22980,90.91,-198.83,0
22991,90.91,-199.17,0
23004,83.33,-199.36,0
23015,83.33,-200.67,0
23026,90.91,-200.64,0
23037,90.91,-200.08,0
23049,83.33,-200.77,0
23060,90.91,-200.55,0
23072,83.33,-199.63,0
23084,83.33,-199.26,0
23095,90.91,-198.56,0
23106,90.91,-198.44,0
23117,90.91,-198.52,0
23129,83.33,-198.64,0
23141,83.33,-199.31,0
23152,90.91,-200.43,0
23163,90.91,-200.43,0
23175,83.33,-200.20,0
23186,90.91,-200.35,0
23197,90.91,-200.06,0
23209,83.33,-198.68,0
23221,83.33,-197.82,0
23232,90.91,-198.27,0
23243,90.91,-198.78,0
23255,83.33,-198.96,0
23267,90.91,-199.70,0
23278,83.33,-200.39,0
23289,90.91,-200.18,0
23301,83.33,-200.14,0
23312,90.91,-199.94,0
23323,90.91,-199.23,0
23335,83.33,-199.22,0
23347,83.33,-199.45,0
23358,90.91,-199.34,0
23369,90.91,-198.98,0
23380,90.91,-199.06,0
23392,83.33,-198.79,0
23404,83.33,-198.98,0
23415,90.91,-198.90,0
23427,83.33,-199.07,0
23438,90.91,-198.88,0
23449,90.91,-198.87,0
23460,90.91,-199.00,0
23473,76.92,-199.86,0
23484,90.91,-200.63,0
23495,90.91,-200.23,0
23506,90.91,-200.00,0
23518,83.33,-199.97,0
23529,90.91,-199.12,0
23541,83.33,-198.45,0
23553,83.33,-198.68,0
23564,90.91,-198.73,0
23575,90.91,-198.77,0
23586,90.91,-199.28,0
23599,83.33,-199.45,0
23610,83.33,-200.05,0
23621,90.91,-200.80,0
23632,90.91,-200.36,0
23644,83.33,-200.19,0
23655,90.91,-200.34,0
23667,83.33,-199.60,0
23678,90.91,-198.89,0
23690,83.33,-198.16,0
23701,90.91,-198.13,0
23712,90.91,-198.29,0
23724,83.33,-198.98,0
23736,83.33,-199.29,0
23747,90.91,-199.81,0
23758,90.91,-200.43,0
23770,83.33,-200.54,0
23781,90.91,-200.03,0
23792,90.91,-199.65,0
23804,83.33,-199.11,0
23816,83.33,-198.57,0
23827,90.91,-198.65,0
23838,90.91,-198.73,0
23849,90.91,-198.39,0
23861,83.33,-198.73,0
23873,83.33,-199.51,0
23884,90.91,-199.69,0
23896,83.33,-200.03,0
23907,90.91,-200.33,0
23918,90.91,-199.99,0
23930,90.91,-199.32,0
23942,76.92,-199.73,0
23953,90.91,-199.32,0
23964,90.91,-199.56,0
23975,90.91,-199.51,0
23987,83.33,-199.54,0
23999,83.33,-199.59,0
24010,90.91,-200.00,0
24022,83.33,-200.46,0
24033,90.91,-200.36,0
24044,90.91,-200.36,0
24055,90.91,-199.87,0
24068,76.92,-200.21,0
24079,90.91,-200.15,0
24090,90.91,-200.28,0
24101,90.91,-199.93,0
24113,83.33,-199.58,0
24124,90.91,-199.33,0
24136,83.33,-198.77,0
24147,90.91,-198.68,0
24159,83.33,-198.39,0
24170,90.91,-199.13,0
24181,90.91,-199.95,0
24193,83.33,-200.00,0
24205,83.33,-200.23,0
24216,90.91,-201.30,0
24227,90.91,-200.57,0
24239,83.33,-200.14,0
24250,90.91,-199.73,0
24262,90.91,-198.88,0
24273,83.33,-197.81,0
24285,83.33,-197.50,0
24296,90.91,-197.85,0
24307,90.91,-198.61,0
24318,90.91,-199.44,0
24331,76.92,-199.31,0
24342,90.91,-199.65,0
24353,90.91,-200.21,0
24365,83.33,-200.42,0
24376,90.91,-200.17,0
24387,90.91,-199.66,0
24399,83.33,-198.72,0
24411,83.33,-198.58,0
24422,90.91,-198.40,0
24433,90.91,-198.60,0
24444,90.91,-198.80,0
24456,83.33,-199.43,0
24468,83.33,-200.14,0
24479,90.91,-200.38,0
24491,83.33,-200.51,0
24502,90.91,-200.15,0
24513,90.91,-200.38,0
24525,90.91,-199.68,0
24537,76.92,-199.18,0
24548,90.91,-199.43,0
24559,90.91,-199.56,0
24570,90.91,-199.11,0
24582,83.33,-200.28,0
24594,83.33,-200.18,0
24605,90.91,-199.51,0
24616,90.91,-199.90,0
24628,83.33,-199.68,0
24639,90.91,-199.68,0
24650,90.91,-200.02,0
24663,76.92,-199.81,0
24674,90.91,-199.57,0
24685,90.91,-199.06,0
24696,90.91,-199.45,0
24708,83.33,-199.21,0
24719,90.91,-199.59,0
24731,83.33,-199.38,0
24742,90.91,-199.10,0
24754,83.33,-199.02,0
24765,90.91,-199.34,0
24776,90.91,-199.23,0
24787,90.91,-199.50,0
24800,76.92,-199.34,0
24811,90.91,-199.59,0
24822,90.91,-199.10,0
24834,83.33,-198.62,0
24845,90.91,-199.31,0
24857,90.91,-199.33,0
24868,83.33,-198.81,0
24880,83.33,-198.81,0
24891,90.91,-199.04,0
24902,90.91,-199.53,0
24913,90.91,-199.73,0
24926,76.92,-200.18,0
24937,90.91,-200.65,0
24948,90.91,-200.83,0
24960,83.33,-200.32,0
24971,90.91,-199.53,0
24982,90.91,-199.63,0
24994,83.33,-199.12,0
25006,83.33,-198.15,0
25017,90.91,-198.09,0
25028,90.91,-197.95,0
25039,90.91,-198.68,0
25051,83.33,-199.87,0
25063,83.33,-200.29,0
25074,90.91,-200.18,0
25085,90.91,-200.86,0
25097,83.33,-200.63,0
25108,90.91,-200.24,0
25119,90.91,-199.37,0
25132,76.92,-198.89,0
25143,90.91,-198.82,0
25154,90.91,-198.81,0
25165,90.91,-198.86,0
25177,83.33,-199.27,0
25189,90.91,-199.69,0
25200,83.33,-199.93,0
25211,90.91,-199.87,0
25223,83.33,-199.55,0
25234,90.91,-199.78,0
25245,90.91,-199.25,0
25257,83.33,-198.76,0
25269,83.33,-199.29,0
25280,90.91,-199.59,0
25291,90.91,-199.33,0
25303,83.33,-199.70,0
25314,90.91,-199.49,0
25326,83.33,-199.29,0
25337,90.91,-199.08,0
25349,83.33,-199.16,0
25360,90.91,-199.11,0
25371,90.91,-199.30,0
25382,90.91,-199.52,0
25395,76.92,-199.95,0
25406,90.91,-199.87,0
25417,90.91,-199.74,0
25428,90.91,-199.47,0
25440,83.33,-199.18,0
25452,90.91,-198.93,0
25463,83.33,-199.43,0
25475,83.33,-199.09,0
25486,90.91,-199.27,0
25497,90.91,-199.25,0
25508,90.91,-199.21,0
25521,76.92,-200.13,0
25532,90.91,-200.19,0
25543,90.91,-200.10,0
25554,90.91,-199.36,0
25566,83.33,-199.27,0
25577,90.91,-198.78,0
25589,83.33,-198.68,0
25601,83.33,-198.92,0
25612,90.91,-199.07,0
25623,90.91,-198.77,0
25634,90.91,-199.01,0
25646,83.33,-199.85,0
25658,83.33,-200.68,0
25669,90.91,-201.48,0
25680,90.91,-200.86,0
25692,83.33,-200.55,0
25703,90.91,-200.14,0
25715,90.91,-198.59,0
25726,83.33,-198.54,0
25738,83.33,-198.27,0
25749,90.91,-198.31,0
25760,90.91,-198.94,0
25772,83.33,-199.63,0
25784,83.33,-200.28,0
25795,90.91,-200.39,0
25806,90.91,-200.25,0
25818,83.33,-199.93,0
25829,90.91,-200.16,0
25840,90.91,-199.65,0
25852,83.33,-199.57,0
25864,83.33,-198.92,0
25875,90.91,-198.59,0
25886,90.91,-199.30,0
25897,90.91,-199.51,0
25909,83.33,-200.07,0
25921,83.33,-199.94,0
25932,90.91,-199.71,0
25944,83.33,-199.54,0
25955,90.91,-199.48,0
25966,90.91,-199.10,0
25977,90.91,-200.04,0
25990,76.92,-200.41,0
26001,90.91,-199.61,0
26012,90.91,-199.63,0
26023,90.91,-200.03,0
26035,83.33,-200.17,0
26047,90.91,-199.86,0
26058,83.33,-199.14,0
26070,83.33,-199.86,0
26081,90.91,-199.88,0
26092,90.91,-199.58,0
26103,90.91,-199.55,0
26116,76.92,-200.06,0
26127,90.91,-200.29,0
26138,90.91,-199.80,0
26149,90.91,-199.73,0
26161,83.33,-199.59,0
26172,90.91,-199.61,0
26184,83.33,-199.20,0
26195,90.91,-198.98,0
26207,83.33,-198.64,0
26218,90.91,-198.81,0
26229,90.91,-199.53,0
26241,83.33,-199.32,0
26253,83.33,-199.56,0
26264,90.91,-199.83,0
26275,90.91,-200.39,0
26287,83.33,-200.65,0
26298,90.91,-200.31,0
26309,90.91,-199.52,0
26321,83.33,-199.06,0
26333,83.33,-198.56,0
26344,90.91,-198.58,0
26355,90.91,-198.56,0
26366,90.91,-199.43,0
26379,83.33,-200.03,0
26390,83.33,-199.88,0
26401,90.91,-200.17,0
26413,83.33,-200.43,0
26424,90.91,-200.28,0
26435,90.91,-199.18,0
26447,83.33,-199.42,0
26459,83.33,-198.66,0
26470,90.91,-198.44,0
26481,90.91,-198.97,0
26492,90.91,-199.10,0
26504,83.33,-199.52,0
26516,83.33,-199.77,0
26527,90.91,-199.57,0
26539,83.33,-199.98,0
26550,90.91,-199.94,0
26561,90.91,-199.64,0
26572,90.91,-199.58,0
26585,76.92,-199.57,0
26596,90.91,-198.98,0
26607,90.91,-199.69,0
26618,90.91,-199.32,0
26630,83.33,-199.32,0
26641,90.91,-198.78,0
26653,83.33,-198.96,0
26664,90.91,-199.59,0
26676,83.33,-199.26,0
26687,90.91,-198.88,0
26698,90.91,-199.23,0
26711,83.33,-199.93,0
26722,83.33,-200.19,0
26733,90.91,-199.90,0
26744,90.91,-199.79,0
26756,83.33,-199.91,0
26767,90.91,-199.54,0
26779,83.33,-198.95,0
26790,90.91,-198.40,0
26802,83.33,-198.98,0
26813,90.91,-199.27,0
26824,90.91,-199.31,0
26835,90.91,-199.57,0
26848,76.92,-200.23,0
26859,90.91,-200.07,0
26870,90.91,-200.17,0
26882,83.33,-200.78,0
26893,90.91,-199.78,0
26904,90.91,-199.55,0
26916,83.33,-199.31,0
26928,83.33,-199.14,0
26939,90.91,-198.94,0
26950,90.91,-199.23,0
26961,90.91,-199.59,0
26973,83.33,-200.27,0
26985,83.33,-200.10,0
26996,90.91,-200.08,0
27008,83.33,-199.63,0
27019,90.91,-199.68,0
27030,90.91,-199.61,0
27042,90.91,-199.80,0
27054,76.92,-199.33,0
27065,90.91,-199.52,0
27076,90.91,-199.35,0
27087,90.91,-199.18,0
27099,83.33,-199.31,0
27111,83.33,-199.66,0
27122,90.91,-199.76,0
27133,90.91,-199.79,0
27145,83.33,-199.76,0
27156,90.91,-200.06,0
27167,90.91,-199.60,0
27180,76.92,-199.05,0
27191,90.91,-198.86,0
27202,90.91,-198.77,0
27213,90.91,-199.30,0
27225,83.33,-199.78,0
27236,90.91,-200.09,0
27248,83.33,-199.82,0
27259,90.91,-199.73,0
27271,83.33,-199.52,0
27282,90.91,-199.68,0
27293,90.91,-199.31,0
27304,90.91,-199.21,0
27317,76.92,-199.73,0
27328,90.91,-199.90,0
27339,90.91,-200.10,0
27351,83.33,-199.48,0
27362,90.91,-199.17,0
27374,90.91,-199.40,0
27385,83.33,-199.73,0
27397,83.33,-199.83,0
27408,90.91,-199.77,0
27419,90.91,-199.44,0
27430,90.91,-199.28,0
27443,76.92,-199.96,0
27454,90.91,-200.23,0
27465,90.91,-200.34,0
27476,90.91,-200.27,0
27488,83.33,-200.09,0
27499,90.91,-199.67,0
27511,83.33,-199.24,0
27523,83.33,-198.91,0
27534,90.91,-199.11,0
27545,90.91,-199.23,0
27556,90.91,-200.42,0
27568,83.33,-200.21,0
27580,83.33,-200.01,0
27591,90.91,-200.25,0
27602,90.91,-200.60,0
27614,83.33,-200.42,0
27625,90.91,-199.87,0
27636,90.91,-199.62,0
27649,76.92,-198.98,0
27660,90.91,-199.03,0
27671,90.91,-199.61,0
27682,90.91,-199.22,0
27694,83.33,-199.17,0
27706,90.91,-199.25,0
27717,83.33,-199.71,0
27728,90.91,-199.74,0
27740,83.33,-199.75,0
27751,90.91,-199.97,0
27762,90.91,-199.54,0
27774,83.33,-198.97,0
27786,83.33,-199.07,0
27797,90.91,-199.25,0
27808,90.91,-199.90,0
27820,83.33,-200.19,0
27831,90.91,-199.88,0
27843,83.33,-199.86,0
27854,90.91,-199.04,0
27866,83.33,-198.31,0
27877,90.91,-198.79,0
27888,90.91,-198.63,0
27899,90.91,-198.89,0
27912,76.92,-199.10,0
27923,90.91,-199.61,0
27934,90.91,-199.62,0
27945,90.91,-199.85,0
27957,83.33,-200.19,0
27968,90.91,-199.88,0
27980,83.33,-199.29,0
27992,83.33,-199.12,0
28003,90.91,-199.34,0
28014,90.91,-199.90,0
28025,90.91,-199.92,0
28038,83.33,-200.06,0
28049,83.33,-199.71,0
28060,90.91,-199.61,0
28071,90.91,-199.97,0
28083,83.33,-200.14,0
28094,90.91,-199.53,0
28106,83.33,-199.19,0
28118,83.33,-199.04,0
28129,90.91,-199.45,0
28140,90.91,-199.21,0
28151,90.91,-199.26,0
28163,83.33,-199.16,0
28175,83.33,-199.58,0
28186,90.91,-199.79,0
28197,90.91,-200.01,0
28209,83.33,-199.37,0
28220,90.91,-198.70,0
28231,90.91,-199.28,0
28243,83.33,-199.97,0
28255,83.33,-199.52,0
28266,90.91,-199.79,0
28277,90.91,-200.02,0
28289,83.33,-199.46,0
28300,90.91,-199.55,0
28312,83.33,-199.74,0
28323,90.91,-199.36,0
28335,83.33,-199.18,0
28346,90.91,-199.29,0
28357,90.91,-199.25,0
28369,90.91,-199.26,0
28381,76.92,-199.36,0
28392,90.91,-199.75,0
28403,90.91,-199.99,0
28414,90.91,-200.36,0
28426,83.33,-200.31,0
28438,83.33,-199.96,0
28449,90.91,-199.31,0
28461,83.33,-198.87,0
28472,90.91,-199.10,0
28483,90.91,-198.80,0
28494,90.91,-199.21,0
28507,76.92,-199.74,0
28518,90.91,-199.76,0
28529,90.91,-200.08,0
28540,90.91,-199.95,0
28552,83.33,-199.84,0
28563,90.91,-199.40,0
28575,83.33,-199.21,0
28587,83.33,-199.15,0
28598,90.91,-198.80,0
28609,90.91,-199.00,0
28620,90.91,-200.02,0
28633,83.33,-200.54,0
28644,83.33,-200.08,0
28655,90.91,-200.15,0
28666,90.91,-200.74,0
28678,83.33,-200.03,0
28689,90.91,-199.73,0
28701,83.33,-199.70,0
28712,90.91,-199.32,0
28724,83.33,-198.67,0
28735,90.91,-198.97,0
28746,90.91,-198.94,0
28758,83.33,-199.61,0
28770,83.33,-200.37,0
28781,90.91,-199.77,0
28792,90.91,-199.60,0
28804,83.33,-199.96,0
28815,90.91,-199.80,0
28826,90.91,-199.80,0
28838,83.33,-199.62,0
28850,83.33,-199.45,0
28861,90.91,-199.38,0
28872,90.91,-199.39,0
28883,90.91,-199.59,0
28895,83.33,-199.51,0
28907,83.33,-199.36,0
28918,90.91,-199.46,0
28930,83.33,-199.48,0
28941,90.91,-199.89,0
28952,90.91,-198.94,0
28964,90.91,-199.30,0
28976,76.92,-199.87,0
28987,90.91,-200.07,0
28998,90.91,-199.72,0
29009,90.91,-199.82,0
29021,83.33,-199.37,0
29033,83.33,-199.56,0
29044,90.91,-198.87,0
29056,83.33,-198.46,0
29067,90.91,-198.82,0
29078,90.91,-198.85,0
29089,90.91,-199.31,0
29102,76.92,-199.96,0
29113,90.91,-200.16,0
29124,90.91,-199.82,0
29135,90.91,-200.36,0
29147,83.33,-199.74,0
29158,90.91,-199.52,0
29170,83.33,-198.87,0
29181,90.91,-198.31,0
29193,83.33,-198.27,0
29204,90.91,-199.05,0
29215,90.91,-199.23,0
29227,83.33,-199.51,0
29239,83.33,-200.11,0
29250,90.91,-200.43,0
29261,90.91,-200.28,0
29273,83.33,-199.97,0
29284,90.91,-200.37,0
29296,90.91,-199.30,0
29307,83.33,-198.71,0
29319,83.33,-198.88,0
29330,90.91,-199.11,0
29341,90.91,-199.27,0
29352,90.91,-199.38,0
29365,76.92,-199.22,0
29376,90.91,-199.43,0
29387,90.91,-199.54,0
29399,83.33,-200.06,0
29410,90.91,-199.67,0
29421,90.91,-199.53,0
29433,83.33,-199.53,0
29445,83.33,-199.46,0
29456,90.91,-199.58,0
29467,90.91,-199.35,0
29478,90.91,-199.90,0
29490,83.33,-199.92,0
29502,83.33,-199.42,0
29513,90.91,-199.44,0
29524,90.91,-199.83,0
29536,83.33,-199.67,0
29547,90.91,-199.92,0
29559,90.91,-199.81,0
29571,76.92,-199.47,0
29582,90.91,-200.28,0
29593,90.91,-200.39,0
29604,90.91,-199.93,0
29616,83.33,-199.79,0
29628,83.33,-200.39,0
29639,90.91,-199.86,0
29650,90.91,-199.45,0
29662,83.33,-199.27,0
29673,90.91,-199.35,0
29684,90.91,-199.55,0
29697,76.92,-199.27,0
29708,90.91,-199.78,0
29719,90.91,-200.15,0
29730,90.91,-199.87,0
29742,83.33,-199.74,0
29753,90.91,-199.72,0
29765,83.33,-199.58,0
29776,90.91,-199.02,0
29788,83.33,-199.20,0
29799,90.91,-198.69,0
29810,90.91,-198.93,0
29821,90.91,-199.21,0
29834,76.92,-199.46,0
29845,90.91,-199.52,0
29856,90.91,-199.98,0
29868,83.33,-199.49,0
29879,90.91,-199.16,0
29891,90.91,-198.81,0
29902,83.33,-198.54,0
29914,83.33,-198.93,0
29925,90.91,-198.70,0
29936,90.91,-198.98,0
29947,90.91,-199.49,0
29960,76.92,-199.75,0
29971,90.91,-200.15,0
29982,90.91,-200.62,0
29993,90.91,-200.34,0
30005,83.33,-199.65,0
30016,90.91,-199.07,0
30028,83.33,-199.01,0
30040,83.33,-198.97,0
30051,90.91,-198.81,0
30062,90.91,-199.00,0
30073,90.91,-199.54,0
30085,83.33,-199.69,0
30097,83.33,-199.83,0
30108,90.91,-199.51,0
30119,90.91,-199.15,0
30131,83.33,-199.00,0
30142,90.91,-199.40,0
30153,90.91,-199.62,0
30166,76.92,-200.12,0
30177,90.91,-199.75,0
30188,90.91,-199.93,0
30199,90.91,-199.52,0
30211,83.33,-199.43,0
30223,90.91,-199.77,0
30234,83.33,-199.70,0
30245,90.91,-199.69,0
30257,83.33,-199.07,0
30268,90.91,-198.92,0
30279,90.91,-199.31,0
30291,83.33,-199.46,0
30303,83.33,-199.59,0
30314,90.91,-199.20,0
30325,90.91,-199.52,0
30337,83.33,-199.13,0
30348,90.91,-199.17,0
30360,83.33,-198.76,0
30371,90.91,-198.68,0
30383,83.33,-198.75,0
30394,90.91,-198.39,0
30405,90.91,-198.93,0
30416,90.91,-198.65,0
30429,76.92,-199.78,0
30440,90.91,-200.51,0
30451,90.91,-200.18,0
30462,90.91,-199.97,0
30474,83.33,-199.39,0
30485,90.91,-199.25,0
30497,83.33,-199.21,0
30509,83.33,-198.47,0
30520,90.91,-198.61,0
30531,90.91,-199.17,0
30542,90.91,-199.30,0
30555,83.33,-199.81,0
30566,83.33,-200.24,0
30577,90.91,-200.16,0
30588,90.91,-200.23,0
30600,83.33,-199.55,0
30611,90.91,-198.86,0
30623,83.33,-198.48,0
30635,83.33,-198.47,0
30646,90.91,-199.27,0
30657,90.91,-199.23,0
30668,90.91,-199.40,0
30680,83.33,-200.04,0
30692,83.33,-199.94,0
30703,90.91,-200.24,0
30714,90.91,-199.52,0
30726,83.33,-199.38,0
30737,90.91,-199.56,0
30748,90.91,-199.19,0
30760,83.33,-198.94,0
30772,83.33,-199.03,0
30783,90.91,-199.26,0
30794,90.91,-199.91,0
30806,83.33,-200.11,0
30817,90.91,-199.56,0
30829,83.33,-199.01,0
30840,90.91,-199.74,0
30852,83.33,-199.38,0
30863,90.91,-199.38,0
30874,90.91,-199.60,0
30886,90.91,-199.44,0
30898,76.92,-199.60,0
30909,90.91,-199.70,0
30920,90.91,-199.55,0
30931,90.91,-199.22,0
30943,83.33,-199.31,0
30955,83.33,-199.15,0
30966,90.91,-199.19,0
30978,83.33,-199.25,0
30989,90.91,-199.58,0
31000,90.91,-199.63,0
31011,90.91,-199.67,0
31024,76.92,-200.00,0
31035,90.91,-200.60,0
31046,90.91,-200.43,0
31057,90.91,-200.10,0
31069,83.33,-199.65,0
31080,90.91,-199.65,0
31092,83.33,-198.78,0
31104,83.33,-198.42,0
31115,90.91,-199.40,0
31126,90.91,-199.62,0
31137,90.91,-200.43,0
31149,83.33,-200.43,0
31161,83.33,-200.15,0
31172,90.91,-200.18,0
31183,90.91,-200.58,0
31195,83.33,-199.58,0
31206,90.91,-199.33,0
31218,90.91,-198.57,0
31229,83.33,-198.59,0
31241,83.33,-199.14,0
31252,90.91,-199.31,0
31263,90.91,-200.11,0
31275,83.33,-200.08,0
31287,83.33,-200.17,0
31298,90.91,-199.64,0
31309,90.91,-199.71,0
31321,83.33,-199.39,0
31332,90.91,-198.90,0
31343,90.91,-199.08,0
31355,83.33,-199.08,0
31367,83.33,-198.62,0
31378,90.91,-198.70,0
31389,90.91,-199.06,0
31400,90.91,-199.38,0
31412,83.33,-199.94,0
31424,83.33,-199.49,0
31435,90.91,-199.62,0
31447,83.33,-199.66,0
31458,90.91,-198.83,0
31469,90.91,-198.66,0
31480,90.91,-199.16,0
31493,76.92,-199.84,0
31504,90.91,-199.65,0
31515,90.91,-199.81,0
31526,90.91,-199.74,0
31538,83.33,-199.27,0
31550,90.91,-199.08,0
31561,83.33,-199.12,0
31572,90.91,-199.28,0
31584,83.33,-199.07,0
31595,90.91,-199.29,0
31606,90.91,-199.63,0
31619,76.92,-199.87,0
31630,90.91,-200.17,0
31641,90.91,-200.71,0
31652,90.91,-200.23,0
31664,83.33,-200.31,0
31675,90.91,-199.53,0
31687,83.33,-199.08,0
31698,90.91,-198.75,0
31710,83.33,-198.90,0
31721,90.91,-199.00,0
31732,90.91,-199.40,0
31744,83.33,-200.33,0
31756,83.33,-200.63,0
31767,90.91,-200.38,0
31778,90.91,-200.32,0
31790,83.33,-200.25,0
31801,90.91,-199.70,0
31812,90.91,-199.34,0
31824,83.33,-199.28,0
31836,83.33,-199.42,0
31847,90.91,-199.63,0
31858,90.91,-199.78,0
31869,90.91,-199.90,0
31882,83.33,-199.87,0
31893,83.33,-199.94,0
31904,90.91,-200.04,0
31916,83.33,-200.08,0
31927,90.91,-199.33,0
31938,90.91,-198.73,0
31950,83.33,-198.46,0
31962,83.33,-199.09,0
31973,90.91,-199.30,0
31984,90.91,-199.36,0
31995,90.91,-199.65,0
32007,83.33,-199.97,0
32019,83.33,-199.60,0
32030,90.91,-199.43,0
32041,90.91,-199.44,0
32053,83.33,-199.77,0
32064,90.91,-199.60,0
32075,90.91,-199.09,0
32088,76.92,-199.08,0
32099,90.91,-199.61,0
32110,90.91,-199.43,0
32121,90.91,-200.12,0
32133,83.33,-200.02,0
32144,90.91,-199.72,0
32156,83.33,-198.94,0
32167,90.91,-198.77,0
32179,83.33,-198.65,0
32190,90.91,-199.46,0
32201,90.91,-199.20,0
32214,90.91,-199.54,0
32225,76.92,-200.03,0
32236,90.91,-200.36,0
32247,90.91,-199.52,0
32259,83.33,-199.37,0
32270,90.91,-199.42,0
32282,83.33,-198.84,0
32293,90.91,-198.74,0
32305,83.33,-199.26,0
32316,90.91,-200.07,0
32327,90.91,-199.95,0
32338,90.91,-199.62,0
32351,76.92,-199.85,0
32362,90.91,-200.03,0
32373,90.91,-199.29,0
32385,83.33,-199.04,0
32396,90.91,-199.04,0
32407,90.91,-198.84,0
32419,83.33,-199.10,0
32431,83.33,-198.78,0
32442,90.91,-198.81,0
32453,90.91,-199.52,0
32464,90.91,-200.09,0
32476,83.33,-199.73,0
32488,83.33,-199.66,0
32499,90.91,-199.50,0
32510,90.91,-199.89,0
32522,83.33,-199.48,0
32533,90.91,-198.26,0
32545,90.91,-198.01,0
32557,76.92,-198.25,0
32568,90.91,-199.29,0
32579,90.91,-199.82,0
32590,90.91,-199.63,0
32602,83.33,-199.76,0
32614,83.33,-199.39,0
32625,90.91,-199.12,0
32636,90.91,-199.47,0
32648,83.33,-199.26,0
32659,90.91,-199.39,0
32670,90.91,-199.59,0
32683,76.92,-199.64,0
32694,90.91,-199.46,0
32705,90.91,-199.24,0
32716,90.91,-199.28,0
32728,83.33,-199.46,0
32739,90.91,-199.01,0
32751,83.33,-198.91,0
32762,90.91,-199.00,0
32774,83.33,-198.59,0
32785,90.91,-198.79,0
32796,90.91,-199.68,0
32808,90.91,-199.97,0
32820,76.92,-199.93,0
32831,90.91,-200.09,0
32842,90.91,-199.57,0
32854,83.33,-199.56,0
32865,90.91,-199.67,0
32877,83.33,-198.93,0
32888,90.91,-198.89,0
32900,83.33,-199.02,0
32911,90.91,-199.04,0
32922,90.91,-199.33,0
32933,90.91,-200.52,0
32946,76.92,-200.20,0
32957,90.91,-200.21,0
32968,90.91,-199.98,0
32979,90.91,-199.71,0
32991,83.33,-198.97,0
33002,90.91,-198.86,0
33014,83.33,-199.04,0
33026,83.33,-199.24,0
33037,90.91,-199.00,0
33048,90.91,-199.25,0
33059,90.91,-199.45,0
33071,83.33,-199.65,0
33083,83.33,-199.64,0
33094,90.91,-199.87,0
33105,90.91,-199.73,0
33117,83.33,-199.79,0
33128,90.91,-199.47,0
33140,90.91,-199.02,0
33152,76.92,-199.08,0
33163,90.91,-199.02,0
33174,90.91,-199.15,0
33185,90.91,-200.29,0
33197,83.33,-199.86,0
33209,83.33,-199.33,0
33220,90.91,-199.76,0
33231,90.91,-199.53,0
33243,83.33,-199.33,0
33254,90.91,-198.78,0
33265,90.91,-199.05,0
33277,83.33,-199.23,0
33289,83.33,-199.25,0
33300,90.91,-199.34,0
33311,90.91,-199.46,0
33323,83.33,-199.20,0
33334,90.91,-199.30,0
33346,83.33,-199.63,0
33357,90.91,-199.42,0
33369,83.33,-199.37,0
33380,90.91,-199.35,0
33391,90.91,-199.63,0
33403,90.91,-199.86,0
33415,76.92,-199.77,0
33426,90.91,-199.72,0
33437,90.91,-199.70,0
33448,90.91,-199.77,0
33460,83.33,-199.86,0
33472,83.33,-199.32,0
33483,90.91,-198.76,0
33495,83.33,-199.12,0
33506,90.91,-199.44,0
33517,90.91,-199.81,0
33528,90.91,-200.26,0
33541,76.92,-200.61,0
33552,90.91,-200.37,0
33563,90.91,-199.82,0
33574,90.91,-200.16,0
33586,83.33,-199.61,0
33597,90.91,-199.28,0
33609,83.33,-199.15,0
33620,90.91,-199.31,0
33632,83.33,-199.57,0
33643,90.91,-199.66,0
33654,90.91,-199.69,0
33666,83.33,-199.55,0
33678,83.33,-200.16,0
33689,90.91,-199.67,0
33700,90.91,-199.67,0
33712,83.33,-199.53,0
33723,90.91,-199.35,0
33735,90.91,-199.61,0
33746,83.33,-199.12,0
33758,83.33,-198.68,0
33769,90.91,-199.88,0
33780,90.91,-200.27,0
33792,83.33,-199.60,0
33804,83.33,-199.20,0
33815,90.91,-199.09,0
33826,90.91,-199.19,0
33838,83.33,-199.00,0
33849,90.91,-199.24,0
33860,90.91,-198.90,0
33872,83.33,-199.69,0
33884,83.33,-199.84,0
33895,90.91,-199.81,0
33906,90.91,-199.81,0
33917,90.91,-199.48,0
33929,83.33,-199.31,0
33941,83.33,-199.09,0
33952,90.91,-199.14,0
33964,83.33,-198.87,0
33975,90.91,-199.10,0
33986,90.91,-199.84,0
33997,90.91,-200.07,0
34010,76.92,-200.70,0
34021,90.91,-200.73,0
34032,90.91,-200.49,0
34043,90.91,-200.57,0
34055,83.33,-199.77,0
34067,90.91,-198.98,0
34078,83.33,-199.10,0
34089,90.91,-198.79,0
34101,83.33,-198.84,0
34112,90.91,-199.65,0
34123,90.91,-199.94,0
34136,76.92,-200.49,0
34147,90.91,-200.45,0
34158,90.91,-199.79,0
34169,90.91,-199.71,0
34181,83.33,-199.68,0
34192,90.91,-199.45,0
34204,83.33,-199.07,0
34215,90.91,-198.68,0
34227,83.33,-198.47,0
34238,90.91,-198.88,0
34249,90.91,-199.36,0
34260,90.91,-199.72,0
34273,76.92,-200.30,0
34284,90.91,-200.32,0
34295,90.91,-200.03,0
34307,83.33,-199.34,0
34318,90.91,-199.05,0
34329,90.91,-199.01,0
34341,83.33,-199.48,0
34353,83.33,-199.17,0
34364,90.91,-199.65,0
34375,90.91,-199.44,0
34386,90.91,-199.22,0
34399,83.33,-198.50,0
34410,83.33,-198.79,0
34421,90.91,-199.11,0
34433,83.33,-199.02,0
34444,90.91,-199.37,0
34455,90.91,-199.33,0
34467,83.33,-199.60,0
34479,83.33,-200.01,0
34490,90.91,-199.99,0
34501,90.91,-200.44,0
34512,90.91,-200.05,0
34524,83.33,-199.19,0
34536,83.33,-198.89,0
34547,90.91,-199.22,0
34558,90.91,-199.69,0
34570,83.33,-199.52,0
34581,90.91,-199.36,0
34592,90.91,-199.51,0
34605,76.92,-199.76,0
34616,90.91,-199.92,0
34627,90.91,-199.76,0
34638,90.91,-199.49,0
34650,83.33,-199.36,0
34661,90.91,-198.64,0
34673,83.33,-198.70,0
34684,90.91,-199.00,0
34696,83.33,-199.20,0
34707,90.91,-199.32,0
34718,90.91,-199.61,0
34731,90.91,-200.02,0
34742,76.92,-200.39,0
34753,90.91,-200.55,0
34764,90.91,-199.84,0
34776,83.33,-199.80,0
34787,90.91,-199.30,0
34799,83.33,-198.58,0
34810,90.91,-198.96,0
34822,83.33,-199.20,0
34833,90.91,-199.36,0
34844,90.91,-199.66,0
34855,90.91,-200.01,0
34868,76.92,-199.44,0
34879,90.91,-199.66,0
34890,90.91,-199.61,0
34902,83.33,-199.14,0
34913,90.91,-199.20,0
34924,90.91,-198.96,0
34936,83.33,-199.35,0
34948,83.33,-199.76,0
34959,90.91,-200.19,0
34970,90.91,-200.09,0
34981,90.91,-199.68,0
34993,83.33,-199.71,0
35005,83.33,-200.35,0
35016,90.91,-199.93,0
35027,90.91,-199.62,0
35039,83.33,-199.41,0
35050,90.91,-199.17,0
35062,90.91,-199.09,0
35074,76.92,-199.67,0
35085,90.91,-200.05,0
35096,90.91,-199.75,0
35107,90.91,-200.18,0
35119,83.33,-200.16,0
35131,83.33,-199.63,0
35142,90.91,-198.97,0
35153,90.91,-199.25,0
35165,83.33,-199.46,0
35176,90.91,-199.49,0
35187,90.91,-199.25,0
35200,76.92,-200.27,0
35211,90.91,-200.22,0
35222,90.91,-200.29,0
35233,90.91,-199.64,0
35245,83.33,-199.20,0
35256,90.91,-199.44,0
35268,83.33,-199.56,0
35279,90.91,-199.20,0
35291,83.33,-199.13,0
35302,90.91,-199.45,0
35313,90.91,-199.71,0
35324,90.91,-200.02,0
35337,76.92,-199.91,0
35348,90.91,-200.28,0
35359,90.91,-199.80,0
35371,83.33,-199.65,0
35382,90.91,-198.98,0
35394,90.91,-198.89,0
35405,83.33,-199.01,0
35417,83.33,-199.29,0
35428,90.91,-199.12,0
35439,90.91,-199.08,0
35450,90.91,-200.10,0
35463,76.92,-199.99,0
35474,90.91,-199.30,0
35485,90.91,-199.37,0
35496,90.91,-199.08,0
35508,83.33,-199.01,0
35519,90.91,-199.06,0
35531,83.33,-199.51,0
35543,83.33,-199.12,0
35554,90.91,-199.71,0
35565,90.91,-199.94,0
35576,90.91,-200.49,0
35588,83.33,-200.52,0
35600,83.33,-199.57,0
35611,90.91,-199.35,0
35622,90.91,-198.78,0
35634,83.33,-199.10,0
35645,90.91,-199.41,0
35656,90.91,-199.60,0
35668,83.33,-200.09,0
35680,83.33,-200.06,0
35691,90.91,-200.11,0
35702,90.91,-200.12,0
35714,83.33,-199.99,0
35726,90.91,-199.86,0
35737,83.33,-199.84,0
35748,90.91,-199.50,0
35760,83.33,-198.86,0
35771,90.91,-199.18,0
35782,90.91,-199.58,0
35794,83.33,-199.73,0
35806,83.33,-200.22,0
35817,90.91,-200.39,0
35828,90.91,-200.53,0
35840,83.33,-199.86,0
35851,90.91,-199.82,0
35863,83.33,-199.35,0
35874,90.91,-198.94,0
35886,83.33,-199.23,0
35897,90.91,-199.57,0
35908,90.91,-199.34,0
35919,90.91,-199.30,0
35932,76.92,-199.68,0
35943,90.91,-200.05,0
35954,90.91,-199.57,0
35965,90.91,-199.27,0
35977,83.33,-199.30,0
35988,90.91,-199.06,0
36000,83.33,-199.15,0
36012,83.33,-198.83,0
36023,90.91,-199.18,0
36034,90.91,-199.57,0
36045,90.91,-199.90,0
36058,83.33,-199.47,0
36069,83.33,-199.10,0
36080,90.91,-198.99,0
36091,90.91,-199.09,0
36103,83.33,-199.32,0
36114,90.91,-199.04,0
36126,83.33,-199.36,0
36137,90.91,-200.01,0
36149,83.33,-200.66,0
36160,90.91,-200.76,0
36171,90.91,-200.64,0
36183,83.33,-200.29,0
36195,83.33,-199.67,0
36206,90.91,-198.55,0
36217,90.91,-198.37,0
36229,83.33,-197.97,0
36240,90.91,-197.77,0
36251,90.91,-198.37,0
36263,83.33,-199.23,0
36275,83.33,-199.88,0
36286,90.91,-199.86,0
36297,90.91,-200.02,0
36308,90.91,-200.10,0
36320,83.33,-200.28,0
36332,83.33,-199.36,0
36343,90.91,-198.46,0
36355,83.33,-198.87,0
36366,90.91,-198.81,0
36377,90.91,-198.59,0
36389,90.91,-198.71,0
36401,76.92,-199.23,0
36412,90.91,-199.68,0
36423,90.91,-200.37,0
36434,90.91,-200.37,0
36446,83.33,-200.37,0
36458,83.33,-199.07,0
36469,90.91,-199.19,0
36481,83.33,-199.01,0
36492,90.91,-198.77,0
36503,90.91,-198.96,0
36514,90.91,-198.80,0
36527,76.92,-199.54,0
36538,90.91,-199.43,0
36549,90.91,-198.97,0
36560,90.91,-199.19,0
36572,83.33,-199.26,0
36583,90.91,-199.25,0
36595,83.33,-199.30,0
36606,90.91,-199.59,0
36618,83.33,-199.91,0
36629,90.91,-199.67,0
36640,90.91,-199.28,0
36652,83.33,-199.67,0
36664,83.33,-199.38,0
36675,90.91,-199.27,0
36686,90.91,-199.25,0
36698,83.33,-199.45,0
36709,90.91,-199.65,0
36721,90.91,-199.66,0
36732,83.33,-199.85,0
36744,83.33,-200.49,0
36755,90.91,-200.55,0
36766,90.91,-200.72,0
36777,90.91,-200.46,0
36790,76.92,-200.51,0
36801,90.91,-199.93,0
36812,90.91,-198.97,0
36824,83.33,-198.89,0
36835,90.91,-198.99,0
36846,90.91,-199.51,0
36858,83.33,-200.22,0
36870,83.33,-200.34,0
36881,90.91,-200.37,0
36892,90.91,-200.63,0
36903,90.91,-200.00,0
36915,83.33,-198.75,0
36927,83.33,-199.00,0
36938,90.91,-198.69,0
36950,83.33,-198.89,0
36961,90.91,-199.05,0
36972,90.91,-199.68,0
36984,90.91,-200.45,0
36996,76.92,-200.90,0
37007,90.91,-200.99,0
37018,90.91,-200.09,0
37029,90.91,-200.27,0
37041,83.33,-198.97,0
37053,83.33,-197.73,0
37064,90.91,-197.99,0
37075,90.91,-198.91,0
37087,83.33,-198.73,0
37098,90.91,-199.16,0
37109,90.91,-199.78,0
37122,76.92,-199.95,0
37133,90.91,-199.58,0
37144,90.91,-199.52,0
37155,90.91,-199.89,0
37167,83.33,-199.63,0
37178,90.91,-199.25,0
37190,83.33,-199.54,0
37201,90.91,-198.96,0
37213,83.33,-198.62,0
37224,90.91,-199.03,0
37235,90.91,-199.08,0
37246,90.91,-199.12,0
37259,76.92,-199.22,0
37270,90.91,-199.22,0
37281,90.91,-198.91,0
37293,83.33,-199.12,0
37304,90.91,-199.31,0
37316,90.91,-200.10,0
37327,83.33,-200.04,0
37339,83.33,-199.84,0
37350,90.91,-199.40,0
37361,90.91,-199.09,0
37372,90.91,-199.47,0
37385,76.92,-199.34,0
37396,90.91,-198.64,0
37407,90.91,-197.97,0
37419,83.33,-198.55,0
37430,90.91,-199.23,0
37441,90.91,-199.67,0
37453,83.33,-199.55,0
37465,83.33,-199.77,0
37476,90.91,-200.34,0
37487,90.91,-200.82,0
37498,90.91,-200.28,0
37510,83.33,-199.74,0
37522,83.33,-198.97,0
37533,90.91,-198.68,0
37544,90.91,-198.32,0
37556,83.33,-198.43,0
37567,90.91,-198.43,0
37578,90.91,-199.46,0
37591,76.92,-199.92,0
37602,90.91,-199.82,0
37613,90.91,-199.96,0
37624,90.91,-199.78,0
37636,83.33,-199.48,0
37648,90.91,-199.33,0
37659,83.33,-198.73,0
37670,90.91,-198.91,0
37682,83.33,-199.43,0
37693,90.91,-199.31,0
37704,90.91,-199.54,0
37716,83.33,-199.78,0
37728,83.33,-199.88,0
37739,90.91,-199.90,0
37750,90.91,-199.76,0
37762,83.33,-199.64,0
37773,90.91,-199.45,0
37785,83.33,-199.52,0
37796,90.91,-198.80,0
37808,83.33,-199.31,0
37819,90.91,-198.90,0
37830,90.91,-199.34,0
37841,90.91,-199.96,0
37854,76.92,-199.86,0
37865,90.91,-199.34,0
37876,90.91,-199.67,0
37888,83.33,-199.65,0
37899,90.91,-199.93,0
37911,90.91,-200.09,0
37922,83.33,-199.90,0
37934,83.33,-200.01,0
37945,90.91,-199.83,0
37956,90.91,-199.85,0
37967,90.91,-199.67,0
37980,76.92,-199.61,0
37991,90.91,-199.23,0
38002,90.91,-199.28,0
38013,90.91,-199.29,0
38025,83.33,-199.47,0
38036,90.91,-199.57,0
38048,83.33,-200.14,0
38060,83.33,-200.20,0
38071,90.91,-200.03,0
38082,90.91,-199.80,0
38093,90.91,-199.67,0
38105,83.33,-199.85,0
38117,83.33,-199.33,0
38128,90.91,-198.91,0
38139,90.91,-198.61,0
38151,83.33,-199.18,0
38162,90.91,-200.18,0
38173,90.91,-200.04,0
38185,83.33,-200.14,0
38197,83.33,-200.24,0
38208,90.91,-200.05,0
38219,90.91,-199.66,0
38231,83.33,-198.92,0
38242,90.91,-198.89,0
38254,83.33,-199.26,0
38265,90.91,-199.14,0
38277,83.33,-198.99,0
38288,90.91,-199.08,0
38299,90.91,-199.82,0
38311,90.91,-200.02,0
38323,76.92,-200.11,0
38334,90.91,-199.93,0
38345,90.91,-199.52,0
38356,90.91,-199.65,0
38368,83.33,-199.58,0
38380,83.33,-198.91,0
38391,90.91,-198.93,0
38403,83.33,-198.88,0
38414,90.91,-199.12,0
38425,90.91,-199.59,0
38436,90.91,-199.70,0
38449,76.92,-199.82,0
38460,90.91,-199.60,0
38471,90.91,-199.72,0
38482,90.91,-199.84,0
38494,83.33,-199.13,0
38505,90.91,-199.24,0
38517,83.33,-199.77,0
38529,83.33,-200.28,0
38540,90.91,-199.48,0
38551,90.91,-199.09,0
38562,90.91,-199.41,0
38575,83.33,-198.81,0
38586,83.33,-198.95,0
38597,90.91,-199.10,0
38608,90.91,-199.68,0
38620,83.33,-200.06,0
38631,90.91,-199.93,0
38643,83.33,-199.64,0
38654,90.91,-199.68,0
38666,83.33,-200.46,0
38677,90.91,-200.73,0
38688,90.91,-199.97,0
38700,83.33,-199.29,0
38712,83.33,-199.24,0
38723,90.91,-199.55,0
38734,90.91,-199.27,0
38746,83.33,-199.71,0
38757,90.91,-200.66,0
38768,90.91,-201.16,0
38780,83.33,-201.02,0
38792,83.33,-200.15,0
38803,90.91,-200.32,0
38814,90.91,-200.09,0
38825,90.91,-199.28,0
38837,83.33,-199.34,0
38849,83.33,-198.75,0
38860,90.91,-198.98,0
38872,83.33,-199.59,0
38883,90.91,-199.80,0
38894,90.91,-199.82,0
38906,90.91,-200.68,0
38918,76.92,-200.64,0
38929,90.91,-200.14,0
38940,90.91,-199.92,0
38951,90.91,-199.69,0
38963,83.33,-199.04,0
38975,83.33,-198.68,0
38986,90.91,-198.72,0
38998,83.33,-198.88,0
39009,90.91,-199.36,0
39020,90.91,-200.02,0
39031,90.91,-200.60,0
39044,76.92,-200.41,0
39055,90.91,-200.29,0
39066,90.91,-199.76,0
39077,90.91,-199.74,0
39089,83.33,-199.24,0
39100,90.91,-199.02,0
39112,83.33,-198.91,0
39123,90.91,-198.45,0
39135,83.33,-199.49,0
39146,90.91,-199.29,0
39157,90.91,-199.44,0
39169,83.33,-199.11,0
39181,83.33,-199.04,0
39192,90.91,-199.51,0
39203,90.91,-199.77,0
39215,83.33,-199.64,0
39226,90.91,-199.15,0
39238,90.91,-199.35,0
39249,83.33,-199.56,0
39261,83.33,-199.69,0
39272,90.91,-199.65,0
39283,90.91,-199.60,0
39294,90.91,-199.38,0
39307,76.92,-199.20,0
39318,90.91,-199.22,0
39329,90.91,-199.46,0
39341,83.33,-199.47,0
39352,90.91,-200.05,0
39363,90.91,-200.32,0
39375,83.33,-200.09,0
39387,83.33,-199.52,0
39398,90.91,-199.48,0
39409,90.91,-199.91,0
39420,90.91,-199.80,0
39432,83.33,-199.77,0
39444,83.33,-198.75,0
39455,90.91,-199.30,0
39467,83.33,-199.75,0
39478,90.91,-199.93,0
39489,90.91,-199.99,0
39500,90.91,-200.32,0
39513,76.92,-200.81,0
39524,90.91,-200.24,0
39535,90.91,-199.65,0
39546,90.91,-199.76,0
39558,83.33,-198.88,0
39570,90.91,-198.89,0
39581,83.33,-199.00,0
39592,90.91,-199.33,0
39604,83.33,-199.73,0
39615,90.91,-200.43,0
39626,90.91,-200.30,0
39639,76.92,-199.73,0
39650,90.91,-199.46,0
39661,90.91,-199.19,0
39672,90.91,-199.09,0
39684,83.33,-199.08,0
39695,90.91,-199.13,0
39707,83.33,-199.47,0
39718,90.91,-199.71,0
39730,83.33,-199.50,0
39741,90.91,-200.11,0
39752,90.91,-200.28,0
39763,90.91,-199.91,0
39776,76.92,-199.61,0
39787,90.91,-199.46,0
39798,90.91,-199.40,0
39810,83.33,-199.52,0
39821,90.91,-199.18,0
39833,90.91,-199.13,0
39844,83.33,-199.93,0
39856,83.33,-199.88,0
39867,90.91,-199.56,0
39878,90.91,-199.82,0
39889,90.91,-199.83,0
39902,76.92,-200.13,0
39913,90.91,-200.11,0
39924,90.91,-199.38,0
39936,83.33,-199.22,0
39947,90.91,-199.54,0
39958,90.91,-199.87,0
39970,83.33,-200.27,0
39982,83.33,-200.31,0
39993,90.91,-199.91,0
40004,90.91,-199.88,0
40015,90.91,-199.56,0
40027,83.33,-198.83,0
40039,83.33,-198.71,0
40050,90.91,-199.22,0
40061,90.91,-199.64,0
40073,83.33,-199.77,0
40084,90.91,-199.80,0
40095,90.91,-200.23,0
40108,76.92,-199.90,0
40119,90.91,-199.22,0
40130,90.91,-199.06,0
40141,90.91,-199.06,0
40153,83.33,-198.82,0
40165,90.91,-198.72,0
40176,83.33,-199.39,0
40187,90.91,-199.40,0
40199,83.33,-200.23,0
40210,90.91,-200.29,0
40221,90.91,-200.38,0
40233,83.33,-200.18,0
40245,83.33,-200.11,0
40256,90.91,-199.76,0
40267,90.91,-199.03,0
40279,83.33,-198.57,0
40290,90.91,-198.54,0
40302,83.33,-198.84,0
40313,90.91,-199.04,0
40325,83.33,-199.37,0
40336,90.91,-199.84,0
40347,90.91,-199.90,0
40358,90.91,-199.43,0
40371,76.92,-199.62,0
40382,90.91,-199.82,0
40393,90.91,-199.27,0
40404,90.91,-199.55,0
40416,83.33,-199.17,0
40428,90.91,-198.80,0
40439,83.33,-198.73,0
40451,83.33,-198.85,0
40462,90.91,-199.57,0
40473,90.91,-199.60,0
40484,90.91,-199.47,0
40497,76.92,-199.59,0
40508,90.91,-199.85,0
40519,90.91,-199.76,0
40530,90.91,-199.27,0
40542,83.33,-199.06,0
40553,90.91,-199.26,0
40565,83.33,-199.69,0
40577,83.33,-199.80,0
40588,90.91,-199.73,0
40599,90.91,-199.79,0
40610,90.91,-199.69,0
40622,83.33,-199.27,0
40634,83.33,-199.06,0
40645,90.91,-199.91,0
40656,90.91,-199.85,0
40668,83.33,-199.41,0
40679,90.91,-199.64,0
40690,90.91,-199.99,0
40702,83.33,-199.49,0
40714,83.33,-198.73,0
40725,90.91,-199.01,0
40736,90.91,-198.74,0
40748,83.33,-198.38,0
40760,90.91,-198.40,0
40771,83.33,-198.96,0
40782,90.91,-199.73,0
40794,83.33,-200.17,0
40805,90.91,-199.83,0
40816,90.91,-200.48,0
40828,83.33,-200.46,0
40840,83.33,-199.76,0
40851,90.91,-199.95,0
40862,90.91,-199.33,0
40873,90.91,-198.67,0
40885,83.33,-199.06,0
40897,83.33,-199.23,0
40908,90.91,-199.27,0
40920,83.33,-200.05,0
40931,90.91,-200.01,0
40942,90.91,-199.99,0
40953,90.91,-199.51,0
40966,76.92,-199.04,0
40977,90.91,-198.78,0
40988,90.91,-198.42,0
40999,90.91,-198.15,0
41011,83.33,-198.98,0
41023,90.91,-199.24,0
41034,83.33,-199.09,0
41046,83.33,-199.33,0
41057,90.91,-199.99,0
41068,90.91,-200.25,0
41079,90.91,-199.99,0
41092,76.92,-199.54,0
41103,90.91,-199.04,0
41114,90.91,-198.73,0
41125,90.91,-198.98,0
41137,83.33,-199.52,0
41148,90.91,-199.19,0
41160,83.33,-199.15,0
41171,90.91,-199.30,0
41183,83.33,-199.53,0
41194,90.91,-199.46,0
41205,90.91,-199.34,0
41217,83.33,-199.25,0
41229,83.33,-199.12,0
41240,90.91,-199.43,0
41251,90.91,-199.46,0
41263,83.33,-198.80,0
41274,90.91,-199.51,0
41285,90.91,-199.64,0
41297,83.33,-199.47,0
41309,83.33,-199.15,0
41320,90.91,-199.05,0
41331,90.91,-198.59,0
41342,90.91,-198.65,0
41355,83.33,-198.92,0
41366,83.33,-198.94,0
41377,90.91,-199.90,0
41389,83.33,-200.04,0
41400,90.91,-200.22,0
41411,90.91,-200.26,0
41423,83.33,-200.05,0
41435,83.33,-200.28,0
41446,90.91,-199.67,0
41457,90.91,-199.55,0
41468,90.91,-198.92,0
41480,83.33,-199.64,0
41492,83.33,-199.86,0
41503,90.91,-199.57,0
41515,83.33,-199.74,0
41526,90.91,-200.25,0
41537,90.91,-200.59,0
41548,90.91,-199.95,0
41561,76.92,-199.82,0
41572,90.91,-199.02,0
41583,90.91,-198.67,0
41594,90.91,-198.60,0
41606,83.33,-198.71,0
41618,90.91,-198.84,0
41629,83.33,-199.74,0
41640,90.91,-199.38,0
41652,83.33,-199.42,0
41663,90.91,-199.64,0
41674,90.91,-200.22,0
41687,76.92,-199.98,0
41698,90.91,-199.72,0
41709,90.91,-199.46,0
41720,90.91,-199.20,0
41732,83.33,-199.18,0
41743,90.91,-199.41,0
41755,83.33,-199.68,0
41766,90.91,-199.69,0
41778,83.33,-199.38,0
41789,90.91,-199.24,0
41800,90.91,-199.16,0
41811,90.91,-199.51,0
41824,76.92,-199.53,0
41835,90.91,-199.29,0
41846,90.91,-199.33,0
41858,83.33,-199.50,0
41869,90.91,-199.58,0
41880,90.91,-200.13,0
41892,83.33,-199.80,0
41904,83.33,-199.43,0
41915,90.91,-199.43,0
41926,90.91,-199.83,0
41937,90.91,-199.93,0
41950,83.33,-199.76,0
41961,83.33,-199.43,0
41972,90.91,-199.61,0
41984,83.33,-200.13,0
41995,90.91,-200.15,0
42006,90.91,-199.32,0
42018,83.33,-199.02,0
42030,83.33,-199.32,0
42041,90.91,-198.95,0
42052,90.91,-198.12,0
42063,90.91,-198.06,0
42075,83.33,-197.87,0
42087,83.33,-198.79,0
42098,90.91,-199.49,0
42109,90.91,-199.81,0
42121,83.33,-200.13,0
42132,90.91,-200.24,0
42143,90.91,-200.56,0
42156,76.92,-199.91,0
42167,90.91,-199.14,0
42178,90.91,-199.04,0
42189,90.91,-198.55,0
42201,83.33,-198.70,0
42213,90.91,-198.96,0
42224,83.33,-199.66,0
42235,90.91,-199.87,0
42247,83.33,-200.33,0
42258,90.91,-200.04,0
42269,90.91,-199.71,0
42281,83.33,-199.60,0
42293,83.33,-199.80,0
42304,90.91,-199.94,0
42315,90.91,-199.16,0
42327,83.33,-198.78,0
42338,90.91,-198.75,0
42350,83.33,-199.46,0
42361,90.91,-199.80,0
42373,83.33,-199.26,0
42384,90.91,-199.12,0
42395,90.91,-199.28,0
42406,90.91,-199.19,0
42419,76.92,-199.20,0
42430,90.91,-199.17,0
42441,90.91,-198.61,0
42452,90.91,-198.91,0
42464,83.33,-199.32,0
42475,90.91,-199.65,0
42487,83.33,-199.61,0
42499,83.33,-199.59,0
42510,90.91,-200.06,0
42521,90.91,-200.35,0
42532,90.91,-199.31,0
42545,83.33,-198.47,0
42556,83.33,-199.03,0
42567,90.91,-199.29,0
42578,90.91,-199.76,0
42590,83.33,-200.51,0
42601,90.91,-200.24,0
42613,83.33,-200.02,0
42625,83.33,-199.81,0
42636,90.91,-199.42,0
42647,90.91,-198.51,0
42658,90.91,-198.54,0
42670,83.33,-198.93,0
42682,83.33,-199.29,0
42693,90.91,-199.18,0
42704,90.91,-199.51,0
42716,83.33,-199.62,0
42727,90.91,-199.90,0
42738,90.91,-200.23,0
42750,83.33,-199.77,0
42762,83.33,-198.80,0
42773,90.91,-198.93,0
42784,90.91,-198.65,0
42796,83.33,-198.60,0
42808,90.91,-198.97,0
42819,83.33,-198.81,0
42830,90.91,-199.60,0
42842,83.33,-199.82,0
42853,90.91,-200.14,0
42864,90.91,-200.22,0
42876,83.33,-200.38,0
42888,83.33,-199.68,0
42899,90.91,-199.50,0
42910,90.91,-199.21,0
42921,90.91,-199.61,0
42933,83.33,-200.23,0
42945,83.33,-200.30,0
42956,90.91,-199.48,0
42968,83.33,-199.63,0
42979,90.91,-199.28,0
42990,90.91,-199.75,0
43001,90.91,-199.42,0
43014,76.92,-199.33,0
43025,90.91,-199.43,0
43036,90.91,-199.26,0
43047,90.91,-199.11,0
43059,83.33,-199.74,0
43070,90.91,-199.88,0
43082,83.33,-199.23,0
43094,83.33,-199.63,0
43105,90.91,-200.12,0
43116,90.91,-199.35,0
43127,90.91,-199.07,0
43140,83.33,-199.00,0
43151,83.33,-198.92,0
43162,90.91,-199.17,0
43173,90.91,-199.42,0
43185,83.33,-199.55,0
43196,90.91,-200.03,0
43208,83.33,-199.41,0
43219,90.91,-199.33,0
43231,83.33,-199.10,0
43242,90.91,-199.18,0
43253,90.91,-199.19,0
43265,83.33,-198.57,0
43277,83.33,-198.09,0
43288,90.91,-198.80,0
43299,90.91,-199.49,0
43311,83.33,-200.00,0
43322,90.91,-199.75,0
43333,90.91,-199.25,0
43345,83.33,-199.38,0
43357,83.33,-199.52,0
43368,90.91,-198.67,0
43379,90.91,-198.58,0
43390,90.91,-199.11,0
43403,83.33,-199.18,0
43414,83.33,-199.92,0
43425,90.91,-200.28,0
43437,83.33,-199.64,0
43448,90.91,-199.91,0
43459,90.91,-199.66,0
43471,83.33,-200.27,0
43483,83.33,-199.21,0
43494,90.91,-198.42,0
43505,90.91,-198.98,0
43516,90.91,-199.51,0
43528,83.33,-199.74,0
43540,83.33,-199.80,0
43551,90.91,-199.62,0
43563,83.33,-200.07,0
43574,90.91,-200.21,0
43585,90.91,-199.80,0
43596,90.91,-200.09,0
43609,76.92,-200.01,0
43620,90.91,-199.90,0
43631,90.91,-199.40,0
43642,90.91,-199.83,0
43654,83.33,-200.13,0
43666,90.91,-199.40,0
43677,83.33,-199.39,0
43688,90.91,-199.30,0
43700,83.33,-198.82,0
43711,90.91,-199.83,0
43722,90.91,-199.37,0
43735,76.92,-199.69,0
43746,90.91,-199.73,0
43757,90.91,-199.44,0
43768,90.91,-199.94,0
43780,83.33,-200.66,0
43791,90.91,-199.86,0
43803,83.33,-199.08,0
43814,90.91,-199.12,0
43826,83.33,-198.57,0
43837,90.91,-198.83,0
43848,90.91,-198.47,0
43859,90.91,-198.70,0
43872,76.92,-199.08,0
43883,90.91,-199.33,0
43894,90.91,-199.88,0
43906,83.33,-199.97,0
43917,90.91,-199.89,0
43928,90.91,-199.92,0
43940,83.33,-200.06,0
43952,83.33,-199.82,0
43963,90.91,-198.96,0
43974,90.91,-198.67,0
43985,90.91,-198.60,0
43998,83.33,-199.02,0
44009,83.33,-199.73,0
44020,90.91,-199.86,0
44032,83.33,-199.86,0
44043,90.91,-199.83,0
44054,90.91,-200.40,0
44066,83.33,-199.87,0
44078,83.33,-199.40,0
44089,90.91,-199.52,0
44100,90.91,-199.67,0
44111,90.91,-199.59,0
44123,83.33,-199.10,0
44135,83.33,-199.24,0
44146,90.91,-198.97,0
44157,90.91,-198.98,0
44169,83.33,-199.55,0
44180,90.91,-199.62,0
44191,90.91,-199.33,0
44204,76.92,-199.34,0
44215,90.91,-199.00,0
44226,90.91,-199.14,0
44237,90.91,-199.81,0
44249,83.33,-200.15,0
44261,90.91,-200.57,0
44272,83.33,-199.94,0
44283,90.91,-199.13,0
44295,83.33,-198.91,0
44306,90.91,-199.29,0
44317,90.91,-199.22,0
44329,83.33,-199.45,0
44341,83.33,-199.88,0
44352,90.91,-199.39,0
44363,90.91,-199.23,0
44375,83.33,-199.45,0
44386,90.91,-199.79,0
44398,83.33,-199.65,0
44409,90.91,-199.20,0
44421,83.33,-199.64,0
44432,90.91,-199.54,0
44443,90.91,-199.39,0
44454,90.91,-199.29,0
44467,76.92,-198.95,0
44478,90.91,-199.43,0
44489,90.91,-199.56,0
44500,90.91,-200.11,0
44512,83.33,-200.30,0
44523,90.91,-200.07,0
44535,83.33,-199.85,0
44547,83.33,-199.12,0
44558,90.91,-198.66,0
44569,90.91,-198.11,0
44580,90.91,-198.69,0
44593,83.33,-199.27,0
44604,83.33,-199.91,0
44615,90.91,-200.14,0
44626,90.91,-199.90,0
44638,83.33,-200.42,0
44649,90.91,-200.60,0
44661,83.33,-199.72,0
44673,83.33,-199.32,0
44684,90.91,-198.90,0
44695,90.91,-198.71,0
44706,90.91,-199.06,0
44718,83.33,-199.53,0
44730,83.33,-199.94,0
44741,90.91,-200.35,0
44752,90.91,-200.35,0
44764,83.33,-200.32,0
44775,90.91,-199.84,0
44786,90.91,-199.36,0
44798,83.33,-199.34,0
44810,83.33,-199.17,0
44821,90.91,-199.55,0
44832,90.91,-199.88,0
44844,83.33,-199.44,0
44855,90.91,-199.50,0
44867,83.33,-199.98,0
44878,90.91,-199.79,0
44890,83.33,-199.86,0
44901,90.91,-199.74,0
44912,90.91,-199.24,0
44924,90.91,-198.68,0
44936,76.92,-198.65,0
44947,90.91,-198.98,0
44958,90.91,-199.87,0
44969,90.91,-199.65,0
44981,83.33,-199.47,0
44993,83.33,-199.76,0
45004,90.91,-199.58,0
45016,83.33,-199.54,0
45027,90.91,-199.03,0
45038,90.91,-199.31,0
45049,90.91,-199.54,0
45062,76.92,-199.99,0
45073,90.91,-199.77,0
45084,90.91,-200.11,0
45095,90.91,-200.36,0
45107,83.33,-199.79,0
45118,90.91,-199.55,0
45130,83.33,-199.62,0
45142,83.33,-198.94,0
45153,90.91,-198.40,0
45164,90.91,-197.93,0
45175,90.91,-199.46,0
45187,83.33,-199.44,0
45199,83.33,-199.59,0
45210,90.91,-199.68,0
45221,90.91,-199.37,0
45233,83.33,-199.71,0
45244,90.91,-199.96,0
45256,90.91,-199.73,0
45267,83.33,-199.12,0
45279,83.33,-198.78,0
45290,90.91,-198.60,0
45301,90.91,-199.18,0
45313,83.33,-199.29,0
45325,83.33,-199.26,0
45336,90.91,-199.67,0
45347,90.91,-199.98,0
45359,83.33,-199.77,0
45370,90.91,-199.52,0
45381,90.91,-199.14,0
45393,83.33,-198.95,0
45405,83.33,-198.58,0
45416,90.91,-198.27,0
45427,90.91,-198.79,0
45438,90.91,-198.82,0
45450,83.33,-200.11,0
45462,83.33,-200.21,0
45473,90.91,-200.02,0
45485,83.33,-199.91,0
45496,90.91,-199.85,0
45507,90.91,-199.55,0
45518,90.91,-199.51,0
45531,76.92,-199.16,0
45542,90.91,-199.42,0
45553,90.91,-200.24,0
45564,90.91,-200.05,0
45576,83.33,-199.74,0
45588,90.91,-199.34,0
45599,83.33,-199.11,0
45611,83.33,-198.82,0
45622,90.91,-198.99,0
45633,90.91,-198.87,0
45644,90.91,-199.40,0
45657,76.92,-199.63,0
45668,90.91,-200.00,0
45679,90.91,-199.84,0
45690,90.91,-200.30,0
45702,83.33,-200.07,0
45713,90.91,-199.82,0
45725,83.33,-199.13,0
45736,90.91,-198.69,0
45748,83.33,-198.98,0
45759,90.91,-199.39,0
45770,90.91,-199.05,0
45782,83.33,-199.49,0
45794,83.33,-200.00,0
45805,90.91,-200.20,0
45816,90.91,-200.21,0
45828,83.33,-200.22,0
45839,90.91,-199.95,0
45850,90.91,-199.07,0
45862,83.33,-198.69,0
45874,83.33,-197.99,0
45885,90.91,-198.41,0
45896,90.91,-199.23,0
45907,90.91,-199.42,0
45920,83.33,-200.14,0
45931,83.33,-199.92,0
45942,90.91,-200.07,0
45954,83.33,-200.52,0
45965,90.91,-199.90,0
45976,90.91,-199.49,0
45988,83.33,-199.22,0
46000,83.33,-199.16,0
46011,90.91,-199.29,0
46022,90.91,-198.96,0
46033,90.91,-199.37,0
46045,83.33,-199.63,0
46057,83.33,-199.87,0
46068,90.91,-199.72,0
46080,83.33,-199.44,0
46091,90.91,-198.74,0
46102,90.91,-198.65,0
46113,90.91,-199.30,0
46126,76.92,-199.79,0
46137,90.91,-199.73,0
46148,90.91,-199.61,0
46159,90.91,-199.87,0
46171,83.33,-200.70,0
46182,90.91,-200.46,0
46194,83.33,-200.04,0
46205,90.91,-199.57,0
46217,83.33,-199.03,0
46228,90.91,-199.28,0
46239,90.91,-199.60,0
46252,83.33,-199.26,0
46263,83.33,-199.65,0
46274,90.91,-200.09,0
46285,90.91,-199.71,0
46297,83.33,-199.75,0
46308,90.91,-199.70,0
46320,83.33,-199.30,0
46331,90.91,-199.05,0
46343,83.33,-199.33,0
46354,90.91,-198.73,0
46365,90.91,-198.91,0
46376,90.91,-199.28,0
46389,76.92,-199.35,0
46400,90.91,-199.15,0
46411,90.91,-199.06,0
46423,83.33,-199.49,0
46434,90.91,-199.22,0
46445,90.91,-199.17,0
46457,83.33,-198.93,0
46469,83.33,-198.87,0
