66,15.15,599.27,0
77,90.91,604.21,0
89,83.33,602.13,0
100,90.91,601.11,0
111,90.91,604.39,0
123,83.33,599.91,0
135,83.33,595.44,0
146,90.91,601.49,0
157,90.91,602.06,0
168,90.91,600.56,0
180,83.33,600.70,0
192,83.33,604.21,0
203,90.91,602.13,0
215,83.33,601.51,0
226,90.91,607.54,0
237,90.91,600.09,0
249,90.91,595.75,0
261,76.92,599.24,0
272,90.91,598.44,0
283,90.91,598.21,0
294,90.91,602.20,0
306,83.33,603.63,0
318,83.33,603.68,0
329,90.91,605.29,0
340,90.91,602.84,0
352,83.33,600.57,0
363,90.91,598.42,0
374,90.91,600.70,0
387,76.92,599.47,0
398,90.91,600.34,0
409,90.91,603.47,0
420,90.91,602.11,0
432,83.33,598.76,0
443,90.91,605.83,0
455,83.33,604.09,0
466,90.91,598.29,0
478,83.33,599.14,0
489,90.91,601.64,0
500,90.91,597.46,0
512,83.33,601.72,0
524,83.33,606.05,0
535,90.91,600.52,0
546,90.91,601.70,0
558,83.33,603.89,0
569,90.91,603.07,0
581,90.91,601.62,0
592,83.33,602.10,0
604,83.33,601.66,0
615,90.91,597.51,0
626,90.91,601.66,0
637,90.91,605.44,0
650,76.92,602.61,0
661,90.91,604.64,0
672,90.91,603.31,0
684,83.33,600.25,0
695,90.91,599.38,0
706,90.91,599.96,0
718,83.33,599.17,0
730,83.33,597.17,0
741,90.91,598.30,0
752,90.91,605.58,0
763,90.91,603.98,0
775,83.33,603.08,0
787,83.33,603.58,0
798,90.91,596.20,0
809,90.91,599.93,0
821,83.33,603.08,0
832,90.91,597.21,0
843,90.91,598.95,0
856,76.92,601.64,0
867,90.91,599.83,0
878,90.91,601.94,0
889,90.91,603.47,0
901,83.33,600.62,0
913,90.91,598.99,0
924,83.33,600.07,0
935,90.91,601.12,0
947,83.33,603.01,0
958,90.91,603.97,0
969,90.91,605.51,0
982,90.91,602.25,0
993,76.92,599.73,0
1004,90.91,603.43,0
1015,90.91,598.92,0
1027,83.33,600.16,0
1038,90.91,601.73,0
1050,83.33,598.18,0
1061,90.91,602.05,0
1073,83.33,607.07,0
1084,90.91,606.95,0
1095,90.91,605.48,0
1106,90.91,603.11,0
1119,76.92,602.15,0
1130,90.91,601.53,0
1141,90.91,600.40,0
1153,83.33,601.81,0
1164,90.91,598.89,0
1175,90.91,600.10,0
1187,83.33,604.80,0
1199,83.33,605.48,0
1210,90.91,603.73,0
1221,90.91,604.48,0
1232,90.91,600.05,0
1244,83.33,601.58,0
1256,83.33,604.79,0
1267,90.91,602.67,0
1278,90.91,600.54,0
1290,83.33,601.39,0
1301,90.91,602.01,0
1313,90.91,604.79,0
1325,76.92,604.64,0
1336,90.91,602.41,0
1347,90.91,599.43,0
1358,90.91,600.78,0
1370,83.33,604.87,0
1382,83.33,603.13,0
1393,90.91,600.78,0
1404,90.91,600.63,0
1416,83.33,602.83,0
1427,90.91,603.03,0
1438,90.91,601.62,0
1451,76.92,601.37,0
1462,90.91,598.41,0
1473,90.91,597.41,0
1484,90.91,599.90,0
1496,83.33,601.76,0
1507,90.91,605.56,0
1519,83.33,603.82,0
1530,90.91,602.74,0
1542,83.33,604.17,0
1553,90.91,601.08,0
1564,90.91,600.44,0
1575,90.91,600.49,0
1588,76.92,600.17,0
1599,90.91,599.83,0
1610,90.91,598.25,0
1622,83.33,601.07,0
1633,90.91,601.76,0
1645,90.91,602.92,0
1656,83.33,604.36,0
1668,83.33,599.26,0
1679,90.91,601.58,0
1690,90.91,600.51,0
1701,90.91,599.92,0
1714,76.92,602.15,0
1725,90.91,598.71,0
1736,90.91,599.71,0
1747,90.91,605.09,0
1759,83.33,605.21,0
1770,90.91,605.63,0
1782,83.33,603.80,0
1794,83.33,600.96,0
1805,90.91,604.14,0
1816,90.91,602.42,0
1827,90.91,602.83,0
1839,83.33,602.48,0
1851,83.33,598.53,0
1862,90.91,604.81,0
1873,90.91,604.34,0
1885,83.33,598.55,0
1896,90.91,602.24,0
1907,90.91,599.18,0
1920,76.92,600.76,0
1931,90.91,606.17,0
1942,90.91,602.45,0
1953,90.91,602.79,0
1965,83.33,602.42,0
1976,90.91,598.47,0
1988,83.33,603.10,0
1999,90.91,601.15,0
2011,83.33,599.29,0
2022,90.91,601.09,0
2033,90.91,598.09,0
2045,90.91,599.01,0
2057,83.33,603.12,0
2068,90.91,604.01,0
2079,90.91,602.79,0
2091,83.33,600.33,0
2102,90.91,599.33,0
2114,83.33,602.50,0
2125,90.91,600.73,0
2137,83.33,599.67,0
2148,90.91,600.76,0
2159,90.91,598.56,0
2170,90.91,603.51,0
2183,76.92,602.38,0
2194,90.91,600.78,0
2205,90.91,601.71,0
2216,90.91,597.67,0
2228,83.33,600.92,0
2239,90.91,603.76,0
2251,83.33,602.72,0
2263,83.33,599.14,0
2274,90.91,596.75,0
2285,90.91,601.21,0
2296,90.91,605.11,0
2308,83.33,603.75,0
2320,83.33,603.34,0
2331,90.91,599.13,0
2342,90.91,597.38,0
2354,83.33,603.79,0
2365,90.91,602.07,0
2377,90.91,600.68,0
2388,83.33,603.08,0
2400,83.33,598.44,0
2411,90.91,601.05,0
2422,90.91,607.52,0
2434,83.33,602.64,0
2446,83.33,599.14,0
2457,90.91,600.02,0
2468,90.91,597.81,0
2480,83.33,600.75,0
2491,90.91,602.53,0
2502,90.91,601.44,0
2514,83.33,601.63,0
2526,83.33,599.04,0
2537,90.91,603.52,0
2548,90.91,605.04,0
2560,83.33,598.25,0
2571,90.91,601.65,0
2583,83.33,597.41,0
2594,90.91,593.14,0
2606,83.33,603.02,0
2617,90.91,604.24,0
2628,90.91,601.26,0
2639,90.91,601.79,0
2652,76.92,604.10,0
2663,90.91,603.23,0
2674,90.91,602.55,0
2685,90.91,602.01,0
2697,83.33,603.68,0
2708,90.91,598.75,0
2720,83.33,602.02,0
2732,83.33,603.91,0
2743,90.91,600.07,0
2754,90.91,601.19,0
2765,90.91,598.51,0
2778,83.33,594.96,0
2789,83.33,599.43,0
2800,90.91,602.20,0
2811,90.91,600.75,0
2823,83.33,600.01,0
2834,90.91,601.63,0
2846,83.33,603.72,0
2857,90.91,601.97,0
2869,83.33,604.86,0
2880,90.91,603.30,0
2891,90.91,596.69,0
2903,83.33,601.51,0
2915,83.33,604.18,0
2926,90.91,599.02,0
2937,90.91,603.18,0
2949,83.33,601.93,0
2960,90.91,600.46,0
2971,90.91,603.77,0
2983,83.33,602.58,0
2995,83.33,600.26,0
3006,90.91,598.38,0
3017,90.91,598.88,0
3028,90.91,601.88,0
3040,83.33,602.63,0
3052,83.33,601.71,0
3063,90.91,602.29,0
3075,83.33,597.75,0
3086,90.91,598.54,0
3097,90.91,604.89,0
3109,90.91,602.30,0
3121,76.92,601.58,0
3132,90.91,601.63,0
3143,90.91,594.91,0
3154,90.91,598.10,0
3166,83.33,603.98,0
3178,83.33,604.05,0
3189,90.91,601.12,0
3201,83.33,600.99,0
3212,90.91,600.92,0
3223,90.91,599.13,0
3234,90.91,604.85,0
3247,76.92,602.40,0
3258,90.91,600.36,0
3269,90.91,600.81,0
3280,90.91,604.51,0
3292,83.33,603.67,0
3303,90.91,601.94,0
3315,83.33,602.83,0
3326,90.91,599.92,0
3338,83.33,600.41,0
3349,90.91,605.52,0
3360,90.91,604.61,0
3372,83.33,600.38,0
3384,83.33,598.59,0
3395,90.91,600.38,0
3406,90.91,599.21,0
3418,83.33,603.50,0
3429,90.91,604.65,0
3440,90.91,595.94,0
3452,83.33,596.96,0
3464,83.33,602.71,0
3475,90.91,599.07,0
3486,90.91,599.06,0
3497,90.91,602.69,0
3510,83.33,600.21,0
3521,83.33,599.21,0
3532,90.91,601.95,0
3544,83.33,603.03,0
3555,90.91,601.75,0
3566,90.91,599.99,0
3578,83.33,602.42,0
3590,83.33,604.28,0
3601,90.91,605.39,0
3612,90.91,606.94,0
3623,90.91,602.20,0
3635,83.33,600.56,0
3647,83.33,603.64,0
3658,90.91,600.83,0
3670,83.33,601.38,0
3681,90.91,602.88,0
3692,90.91,598.05,0
3703,90.91,597.65,0
3716,76.92,601.89,0
3727,90.91,598.73,0
3738,90.91,601.28,0
3749,90.91,605.70,0
3761,83.33,600.15,0
3772,90.91,598.07,0
3784,83.33,601.11,0
3795,90.91,603.13,0
3807,83.33,599.40,0
3818,90.91,600.84,0
3829,90.91,605.03,0
3841,83.33,601.49,0
3853,83.33,601.08,0
3864,90.91,601.81,0
3875,90.91,601.56,0
3887,83.33,601.17,0
3898,90.91,604.30,0
3910,90.91,602.57,0
3921,83.33,599.73,0
3933,83.33,601.77,0
3944,90.91,603.75,0
3955,90.91,601.92,0
3966,90.91,600.15,0
3979,76.92,600.97,0
3990,90.91,601.80,0
4001,90.91,600.94,0
4013,83.33,601.73,0
4024,90.91,598.08,0
4035,90.91,600.57,0
4047,83.33,604.42,0
4059,83.33,604.17,0
4070,90.91,602.77,0
4081,90.91,604.27,0
4092,90.91,604.10,0
4104,83.33,602.13,0
4116,83.33,604.04,0
4127,90.91,600.98,0
4139,83.33,597.72,0
4150,90.91,598.98,0
4161,90.91,602.81,0
4172,90.91,603.86,0
4185,76.92,602.61,0
4196,90.91,602.83,0
4207,90.91,600.34,0
4218,90.91,598.33,0
4230,83.33,602.91,0
4241,90.91,601.66,0
4253,83.33,596.45,0
4264,90.91,600.91,0
4276,83.33,605.63,0
4287,90.91,605.70,0
4298,90.91,606.00,0
4311,83.33,600.20,0
4322,83.33,596.39,0
4333,90.91,600.05,0
4344,90.91,601.85,0
4356,83.33,603.92,0
4367,90.91,604.16,0
4379,83.33,601.68,0
4390,90.91,603.20,0
4402,83.33,603.69,0
4413,90.91,605.07,0
4424,90.91,600.73,0
4435,90.91,597.67,0
4448,76.92,598.04,0
4459,90.91,599.68,0
4470,90.91,600.40,0
4482,83.33,603.83,0
4493,90.91,602.04,0
4504,90.91,600.41,0
4516,83.33,601.46,0
4528,83.33,601.55,0
4539,90.91,604.96,0
4550,90.91,602.77,0
4561,90.91,596.85,0
4573,83.33,597.34,0
4585,83.33,595.78,0
4596,90.91,600.59,0
4608,83.33,603.82,0
4619,90.91,600.29,0
4630,90.91,603.07,0
4642,90.91,603.92,0
4654,76.92,599.54,0
4665,90.91,602.05,0
4676,90.91,600.24,0
4687,90.91,599.04,0
4699,83.33,602.71,0
4711,83.33,602.19,0
4722,90.91,603.11,0
4733,90.91,601.95,0
4745,83.33,603.28,0
4756,90.91,603.75,0
4767,90.91,600.19,0
4780,76.92,599.45,0
4791,90.91,602.01,0
4802,90.91,599.47,0
4813,90.91,600.95,0
4825,83.33,604.29,0
4836,90.91,600.80,0
4848,83.33,605.13,0
4859,90.91,604.64,0
4871,83.33,598.12,0
4882,90.91,596.67,0
4893,90.91,600.99,0
4904,90.91,601.35,0
4917,76.92,597.97,0
4928,90.91,601.39,0
4939,90.91,601.71,0
4951,83.33,598.87,0
4962,90.91,601.08,0
4973,90.91,604.82,0
4985,83.33,599.71,0
4997,83.33,600.50,0
5008,90.91,601.25,0
5019,90.91,599.86,0
5030,90.91,602.39,0
5043,83.33,603.49,0
5054,83.33,602.29,0
5065,90.91,601.34,0
5076,90.91,602.03,0
5088,83.33,603.94,0
5099,90.91,600.36,0
5111,83.33,597.43,0
5123,83.33,601.00,0
5134,90.91,599.53,0
5145,90.91,599.21,0
5156,90.91,607.01,0
5168,83.33,607.26,0
5180,83.33,601.51,0
5191,90.91,601.92,0
5202,90.91,599.93,0
5214,83.33,597.99,0
5225,90.91,601.34,0
5236,90.91,597.00,0
5249,76.92,597.36,0
5260,90.91,603.77,0
5271,90.91,603.18,0
5282,90.91,603.70,0
5294,83.33,604.27,0
5306,90.91,601.87,0
5317,83.33,598.80,0
5328,90.91,599.32,0
5340,83.33,601.74,0
5351,90.91,599.44,0
5362,90.91,597.53,0
5374,83.33,602.94,0
5386,83.33,600.77,0
5397,90.91,600.76,0
5408,90.91,604.36,0
5420,83.33,599.38,0
5431,90.91,596.29,0
5443,83.33,599.17,0
5454,90.91,601.13,0
5466,83.33,603.35,0
5477,90.91,602.80,0
5488,90.91,604.10,0
5499,90.91,601.04,0
5512,76.92,600.49,0
5523,90.91,606.04,0
5534,90.91,603.58,0
5545,90.91,598.12,0
5557,83.33,600.44,0
5568,90.91,600.45,0
5580,83.33,596.69,0
5592,83.33,602.10,0
5603,90.91,603.62,0
5614,90.91,599.61,0
5625,90.91,601.68,0
5637,83.33,601.99,0
5649,83.33,601.14,0
5660,90.91,600.81,0
5671,90.91,600.38,0
5683,83.33,599.83,0
5694,90.91,599.62,0
5706,90.91,606.78,0
5718,76.92,606.10,0
5729,90.91,602.42,0
5740,90.91,603.65,0
5751,90.91,602.56,0
5763,83.33,600.17,0
5775,83.33,601.88,0
5786,90.91,599.74,0
5797,90.91,600.85,0
5809,83.33,602.05,0
5820,90.91,602.23,0
5831,90.91,602.06,0
5843,83.33,604.28,0
5855,83.33,603.20,0
5866,90.91,599.40,0
5877,90.91,599.66,0
5889,83.33,601.91,0
5900,90.91,600.66,0
5912,83.33,597.42,0
5923,90.91,598.28,0
5935,83.33,604.39,0
5946,90.91,600.91,0
5957,90.91,605.08,0
5968,90.91,604.41,0
5981,76.92,597.25,0
5992,90.91,602.00,0
6003,90.91,604.88,0
6014,90.91,599.33,0
6026,83.33,601.67,0
6038,90.91,604.47,0
6049,83.33,599.00,0
6061,83.33,601.13,0
6072,90.91,605.18,0
6083,90.91,600.61,0
6094,90.91,600.26,0
6107,76.92,601.86,0
6118,90.91,601.60,0
6129,90.91,601.69,0
6140,90.91,604.16,0
6152,83.33,604.32,0
6163,90.91,602.19,0
6175,83.33,598.01,0
6187,83.33,600.38,0
6198,90.91,603.53,0
6209,90.91,600.69,0
6220,90.91,600.82,0
6232,83.33,598.72,0
6244,83.33,599.11,0
6255,90.91,606.56,0
6266,90.91,604.56,0
6278,83.33,601.63,0
6289,90.91,601.73,0
6300,90.91,599.04,0
6312,83.33,601.05,0
6324,83.33,602.16,0
6335,90.91,601.38,0
6346,90.91,602.60,0
6358,83.33,601.42,0
6369,90.91,603.54,0
6381,83.33,605.34,0
6392,90.91,602.84,0
6404,83.33,603.53,0
6415,90.91,600.93,0
6426,90.91,599.34,0
6438,90.91,603.21,0
6450,76.92,601.94,0
6461,90.91,601.35,0
6472,90.91,600.52,0
6483,90.91,599.47,0
6495,83.33,603.52,0
6507,83.33,604.87,0
6518,90.91,601.53,0
6530,83.33,601.44,0
6541,90.91,601.93,0
6552,90.91,602.60,0
6563,90.91,603.76,0
6576,76.92,601.75,0
6587,90.91,605.65,0
6598,90.91,605.31,0
6609,90.91,601.06,0
6621,83.33,606.21,0
6632,90.91,603.72,0
6644,83.33,598.22,0
6656,83.33,603.22,0
6667,90.91,600.51,0
6678,90.91,601.79,0
6689,90.91,605.89,0
6701,83.33,602.61,0
6713,83.33,603.35,0
6724,90.91,601.70,0
6735,90.91,601.00,0
6747,83.33,600.35,0
6758,90.91,600.70,0
6770,90.91,598.20,0
6781,83.33,599.51,0
6793,83.33,598.14,0
6804,90.91,600.68,0
6815,90.91,602.18,0
6827,83.33,602.54,0
6839,90.91,605.88,0
6850,90.91,604.42,0
6861,90.91,599.98,0
6873,83.33,602.74,0
6884,90.91,599.70,0
6895,90.91,599.64,0
6907,83.33,603.33,0
6919,83.33,602.03,0
6930,90.91,601.60,0
6941,90.91,600.31,0
6952,90.91,600.42,0
6964,83.33,602.80,0
6976,83.33,602.33,0
6987,90.91,601.12,0
6999,83.33,600.66,0
7010,90.91,601.30,0
7021,90.91,604.82,0
7032,90.91,603.35,0
7045,76.92,600.80,0
7056,90.91,601.37,0
7067,90.91,599.63,0
7078,90.91,601.47,0
7090,83.33,601.22,0
7101,90.91,602.58,0
7113,83.33,601.45,0
7124,90.91,599.49,0
7136,83.33,601.16,0
7147,90.91,602.47,0
7158,90.91,604.73,0
7171,83.33,602.36,0
7182,83.33,601.26,0
7193,90.91,601.07,0
7204,90.91,602.62,0
7216,83.33,602.66,0
7227,90.91,600.30,0
7239,83.33,598.54,0
7250,90.91,600.28,0
7262,83.33,601.54,0
7273,90.91,601.48,0
7284,90.91,602.44,0
7296,83.33,599.80,0
7308,83.33,595.91,0
7319,90.91,599.38,0
7330,90.91,600.45,0
7342,83.33,602.73,0
7353,90.91,601.94,0
7364,90.91,598.61,0
7376,83.33,603.35,0
7388,83.33,603.62,0
7399,90.91,603.43,0
7410,90.91,600.53,0
7421,90.91,596.57,0
7433,83.33,597.43,0
7445,83.33,600.58,0
7456,90.91,603.07,0
7468,83.33,606.02,0
7479,90.91,601.57,0
7490,90.91,598.36,0
7501,90.91,599.32,0
7514,76.92,599.08,0
7525,90.91,601.67,0
7536,90.91,603.39,0
7547,90.91,599.67,0
7559,83.33,601.04,0
7571,90.91,604.26,0
7582,83.33,604.24,0
7593,90.91,605.36,0
7605,83.33,604.33,0
7616,90.91,600.15,0
7627,90.91,599.67,0
7640,76.92,601.26,0
7651,90.91,603.33,0
7662,90.91,601.61,0
7673,90.91,600.00,0
7685,83.33,601.52,0
7696,90.91,604.69,0
7708,83.33,606.48,0
7719,90.91,604.74,0
7731,83.33,599.64,0
7742,90.91,598.42,0
7753,90.91,597.94,0
7764,90.91,597.67,0
7777,76.92,602.93,0
7788,90.91,604.47,0
7799,90.91,600.79,0
7811,83.33,600.28,0
7822,90.91,606.15,0
7833,90.91,605.04,0
7845,83.33,604.27,0
7857,83.33,599.97,0
7868,90.91,595.05,0
7879,90.91,599.03,0
7890,90.91,602.13,0
7903,83.33,600.91,0
7914,83.33,603.22,0
7925,90.91,602.59,0
7937,83.33,600.72,0
7948,90.91,601.98,0
7959,90.91,603.93,0
7971,90.91,604.89,0
7983,76.92,599.34,0
7994,90.91,598.82,0
8005,90.91,602.50,0
8016,90.91,603.38,0
8028,83.33,605.20,0
8040,83.33,604.30,0
8051,90.91,599.96,0
8062,90.91,600.14,0
8074,83.33,602.99,0
8085,90.91,602.96,0
8096,90.91,601.99,0
8109,76.92,599.45,0
8120,90.91,599.25,0
8131,90.91,603.56,0
8142,90.91,603.39,0
8154,83.33,606.42,0
8165,90.91,605.26,0
8177,83.33,600.92,0
8188,90.91,596.24,0
8200,83.33,595.59,0
8211,90.91,600.95,0
8222,90.91,600.87,0
8233,90.91,599.53,0
8246,76.92,601.02,0
8257,90.91,600.61,0
8268,90.91,602.97,0
8280,83.33,605.45,0
8291,90.91,604.25,0
8303,90.91,602.86,0
8314,83.33,602.34,0
8326,83.33,600.58,0
8337,90.91,598.41,0
8348,90.91,601.41,0
8359,90.91,600.26,0
8372,76.92,600.79,0
8383,90.91,602.70,0
8394,90.91,599.81,0
8406,83.33,599.27,0
8417,90.91,598.28,0
8428,90.91,599.75,0
8440,83.33,598.66,0
8452,83.33,602.36,0
8463,90.91,606.36,0
8474,90.91,602.73,0
8485,90.91,601.36,0
8497,83.33,601.99,0
8509,83.33,596.89,0
8520,90.91,598.06,0
8531,90.91,602.32,0
8543,83.33,601.89,0
8554,90.91,600.07,0
8565,90.91,600.88,0
8578,76.92,603.95,0
8589,90.91,604.61,0
8600,90.91,600.06,0
8611,90.91,601.94,0
8623,83.33,599.70,0
8635,90.91,599.27,0
8646,83.33,601.14,0
8657,90.91,599.69,0
8669,83.33,600.35,0
8680,90.91,603.61,0
8691,90.91,603.83,0
8704,90.91,603.93,0
8715,76.92,604.80,0
8726,90.91,600.38,0
8737,90.91,600.11,0
8749,83.33,601.17,0
8760,90.91,599.39,0
8772,83.33,600.46,0
8783,90.91,599.71,0
8795,83.33,601.79,0
8806,90.91,600.76,0
8817,90.91,600.74,0
8828,90.91,601.14,0
8841,76.92,599.20,0
8852,90.91,601.61,0
8863,90.91,603.69,0
8875,83.33,601.12,0
8886,90.91,601.93,0
8897,90.91,602.41,0
8909,83.33,600.94,0
8921,83.33,600.64,0
8932,90.91,600.94,0
8943,90.91,602.25,0
8954,90.91,603.21,0
8967,83.33,601.40,0
8978,83.33,603.80,0
8989,90.91,600.33,0
9000,90.91,598.10,0
9012,83.33,602.73,0
9023,90.91,604.16,0
9035,83.33,602.30,0
9047,83.33,602.88,0
9058,90.91,600.81,0
9069,90.91,600.86,0
9080,90.91,601.83,0
9092,83.33,600.82,0
9104,83.33,603.34,0
9115,90.91,602.43,0
9126,90.91,604.84,0
9138,83.33,604.98,0
9149,90.91,603.36,0
9160,90.91,604.90,0
9172,83.33,600.89,0
9184,83.33,598.13,0
9195,90.91,604.23,0
9206,90.91,600.04,0
9218,83.33,600.22,0
9229,90.91,602.33,0
9241,83.33,602.29,0
9252,90.91,603.52,0
9264,83.33,607.46,0
9275,90.91,604.21,0
9286,90.91,600.05,0
9297,90.91,601.96,0
9310,76.92,602.39,0
9321,90.91,601.98,0
9332,90.91,600.03,0
9344,83.33,603.22,0
9355,90.91,605.94,0
9367,90.91,601.17,0
9378,83.33,600.95,0
9390,83.33,605.39,0
9401,90.91,599.64,0
9412,90.91,600.52,0
9423,90.91,606.01,0
9436,76.92,599.30,0
9447,90.91,599.14,0
9458,90.91,602.92,0
9469,90.91,601.06,0
9481,83.33,602.84,0
9492,90.91,603.52,0
9504,83.33,601.79,0
9516,83.33,601.14,0
9527,90.91,598.47,0
9538,90.91,604.54,0
9549,90.91,604.04,0
9561,83.33,602.87,0
9573,83.33,606.26,0
9584,90.91,601.87,0
9595,90.91,603.43,0
9607,83.33,605.71,0
9618,90.91,596.95,0
9629,90.91,597.10,0
9641,83.33,600.66,0
9653,83.33,600.07,0
9664,90.91,601.23,0
9675,90.91,605.38,0
9687,83.33,606.66,0
9699,90.91,603.26,0
9710,83.33,598.89,0
9721,90.91,603.20,0
9733,83.33,600.74,0
9744,90.91,596.52,0
9755,90.91,600.65,0
9767,83.33,598.01,0
9779,83.33,599.07,0
9790,90.91,607.74,0
9801,90.91,605.42,0
9812,90.91,602.85,0
9824,83.33,600.94,0
9836,83.33,598.19,0
9847,90.91,602.27,0
9859,83.33,603.96,0
9870,90.91,601.43,0
9881,90.91,598.78,0
9892,90.91,597.65,0
9905,76.92,599.69,0
9916,90.91,604.45,0
9927,90.91,603.45,0
9938,90.91,598.88,0
9950,83.33,598.94,0
9961,90.91,600.62,0
9973,83.33,604.50,0
9985,83.33,602.90,0
9996,90.91,601.39,0
10007,90.91,601.21,0
10018,90.91,601.46,0
10031,83.33,600.65,0
10042,83.33,602.55,0
10053,90.91,604.30,0
10064,90.91,601.82,0
10076,83.33,600.61,0
10087,90.91,601.69,0
10099,90.91,601.60,0
10110,90.91,603.24,0
10122,83.33,603.87,0
10133,90.91,603.43,0
10144,90.91,602.20,0
10156,83.33,603.66,0
10168,83.33,601.25,0
10179,90.91,597.78,0
10190,90.91,600.65,0
10202,83.33,600.58,0
10213,90.91,601.47,0
10224,90.91,603.82,0
10236,83.33,605.59,0
10248,83.33,603.44,0
10259,90.91,603.48,0
10270,90.91,602.15,0
10281,90.91,603.90,0
10293,83.33,603.67,0
10305,83.33,600.09,0
10316,90.91,598.06,0
10328,83.33,600.13,0
10339,90.91,601.12,0
10350,90.91,606.09,0
10361,90.91,606.28,0
10374,76.92,602.86,0
10385,90.91,599.40,0
10396,90.91,599.73,0
10407,90.91,602.50,0
10419,83.33,600.52,0
10431,90.91,600.61,0
10442,83.33,601.16,0
10454,83.33,602.90,0
10465,90.91,604.88,0
10476,90.91,602.27,0
10487,90.91,601.40,0
10500,76.92,598.94,0
10511,90.91,599.27,0
10522,90.91,600.62,0
10533,90.91,600.61,0
10545,83.33,599.23,0
10556,90.91,602.56,0
10568,83.33,602.97,0
10579,90.91,601.88,0
10591,83.33,603.41,0
10602,90.91,603.31,0
10613,90.91,601.14,0
10625,83.33,597.65,0
10637,83.33,602.72,0
10648,90.91,605.39,0
10659,90.91,603.05,0
10671,83.33,603.68,0
10682,90.91,604.15,0
10693,90.91,602.95,0
10705,83.33,605.81,0
10717,83.33,603.70,0
10728,90.91,601.29,0
10739,90.91,600.41,0
10750,90.91,598.73,0
10762,83.33,600.19,0
10774,83.33,601.52,0
10785,90.91,604.55,0
10797,83.33,604.54,0
10808,90.91,604.27,0
10819,90.91,605.63,0
10831,90.91,604.77,0
10843,76.92,601.14,0
10854,90.91,601.41,0
10865,90.91,600.41,0
10876,90.91,599.79,0
10888,83.33,602.50,0
10900,83.33,603.87,0
10911,90.91,602.00,0
10923,83.33,601.05,0
10934,90.91,599.95,0
10945,90.91,600.75,0
10956,90.91,602.66,0
10969,76.92,601.79,0
10980,90.91,599.34,0
10991,90.91,602.98,0
11002,90.91,603.36,0
11014,83.33,602.43,0
11025,90.91,605.42,0
11037,83.33,605.58,0
11048,90.91,601.43,0
11060,83.33,598.72,0
11071,90.91,600.05,0
11082,90.91,602.06,0
11094,83.33,603.34,0
11106,83.33,603.33,0
11117,90.91,600.92,0
11128,90.91,602.06,0
11140,83.33,605.12,0
11151,90.91,602.43,0
11162,90.91,600.71,0
11174,83.33,600.28,0
11186,83.33,599.30,0
11197,90.91,600.26,0
11208,90.91,600.74,0
11219,90.91,602.92,0
11232,83.33,603.91,0
11243,83.33,603.11,0
11254,90.91,604.74,0
11266,83.33,602.45,0
11277,90.91,602.76,0
11288,90.91,605.57,0
11300,83.33,599.66,0
11312,83.33,597.19,0
11323,90.91,601.21,0
11334,90.91,603.78,0
11345,90.91,604.63,0
11357,83.33,601.58,0
11369,83.33,598.88,0
11380,90.91,600.70,0
11392,83.33,602.04,0
11403,90.91,603.07,0
11414,90.91,601.54,0
11425,90.91,600.37,0
11438,76.92,601.67,0
11449,90.91,602.67,0
11460,90.91,605.42,0
11471,90.91,603.91,0
11483,83.33,598.78,0
11494,90.91,598.91,0
11506,83.33,602.58,0
11517,90.91,601.67,0
11529,83.33,598.40,0
11540,90.91,601.23,0
11551,90.91,601.80,0
11564,83.33,603.56,0
11575,83.33,606.86,0
11586,90.91,602.14,0
11597,90.91,597.99,0
11609,83.33,597.09,0
11620,90.91,601.54,0
11632,90.91,602.00,0
11643,83.33,603.53,0
11655,83.33,601.98,0
11666,90.91,600.15,0
11677,90.91,600.15,0
11688,90.91,600.86,0
11701,76.92,602.58,0
11712,90.91,597.25,0
11723,90.91,597.19,0
11735,83.33,602.84,0
11746,90.91,601.45,0
11757,90.91,602.44,0
11769,83.33,605.09,0
11781,83.33,600.22,0
11792,90.91,601.80,0
11803,90.91,606.07,0
11814,90.91,601.85,0
11826,83.33,601.20,0
11838,83.33,599.26,0
11849,90.91,598.10,0
11860,90.91,598.01,0
11872,83.33,600.49,0
11883,90.91,603.53,0
11894,90.91,601.28,0
11907,76.92,600.90,0
11918,90.91,603.31,0
11929,90.91,601.36,0
11940,90.91,603.48,0
11952,83.33,604.12,0
11963,90.91,603.33,0
11975,83.33,602.26,0
11986,90.91,601.66,0
11998,83.33,604.80,0
12009,90.91,606.81,0
12020,90.91,603.97,0
12033,83.33,603.89,0
12044,83.33,603.07,0
12055,90.91,594.36,0
12066,90.91,597.65,0
12078,83.33,600.15,0
12089,90.91,598.02,0
12101,83.33,601.14,0
12112,90.91,602.47,0
12124,83.33,603.92,0
12135,90.91,606.43,0
12146,90.91,602.10,0
12157,90.91,595.64,0
12170,76.92,597.14,0
12181,90.91,601.45,0
12192,90.91,599.86,0
12204,83.33,601.48,0
12215,90.91,603.32,0
12226,90.91,600.63,0
12238,83.33,600.78,0
12250,83.33,603.58,0
12261,90.91,601.20,0
12272,90.91,601.10,0
12283,90.91,603.25,0
12295,83.33,599.88,0
12307,83.33,600.85,0
12318,90.91,604.79,0
12329,90.91,602.39,0
12341,83.33,600.07,0
12352,90.91,600.53,0
12363,90.91,601.92,0
12376,76.92,600.29,0
12387,90.91,599.74,0
12398,90.91,601.47,0
12409,90.91,598.36,0
12421,83.33,598.90,0
12433,90.91,604.10,0
12444,83.33,602.45,0
12455,90.91,600.66,0
12467,83.33,605.73,0
12478,90.91,601.66,0
12489,90.91,600.98,0
12502,76.92,605.77,0
12513,90.91,602.14,0
12524,90.91,598.14,0
12535,90.91,603.63,0
12547,83.33,603.18,0
12558,90.91,601.87,0
12570,83.33,604.42,0
12581,90.91,602.27,0
12593,83.33,596.63,0
12604,90.91,599.39,0
12615,90.91,604.29,0
12626,90.91,600.80,0
12639,76.92,598.08,0
12650,90.91,602.91,0
12661,90.91,603.54,0
12673,83.33,602.81,0
12684,90.91,603.56,0
12695,90.91,603.70,0
12707,83.33,597.88,0
12719,83.33,596.07,0
12730,90.91,602.23,0
12741,90.91,603.31,0
12752,90.91,600.21,0
12765,83.33,599.43,0
12776,83.33,598.32,0
12787,90.91,602.57,0
12798,90.91,608.08,0
12810,83.33,604.22,0
12821,90.91,601.83,0
12833,90.91,602.55,0
12845,76.92,599.99,0
12856,90.91,598.48,0
12867,90.91,601.93,0
12878,90.91,604.37,0
12890,83.33,600.49,0
12902,83.33,601.61,0
12913,90.91,604.24,0
12924,90.91,600.13,0
12936,83.33,605.15,0
12947,90.91,605.55,0
12958,90.91,598.24,0
12971,76.92,601.42,0
12982,90.91,602.66,0
12993,90.91,602.98,0
13004,90.91,604.43,0
13016,83.33,603.12,0
13027,90.91,604.10,0
13039,83.33,601.69,0
13050,90.91,596.50,0
13062,83.33,599.83,0
13073,90.91,603.81,0
13084,90.91,599.93,0
13095,90.91,604.12,0
13108,76.92,607.42,0
13119,90.91,604.88,0
13130,90.91,603.91,0
13142,83.33,601.02,0
13153,90.91,600.79,0
13165,90.91,600.44,0
13176,83.33,599.03,0
13188,83.33,600.37,0
13199,90.91,600.97,0
13210,90.91,602.31,0
13221,90.91,605.48,0
13234,83.33,604.72,0
13245,83.33,601.97,0
13256,90.91,602.45,0
13267,90.91,600.51,0
13279,83.33,600.48,0
13290,90.91,603.97,0
13302,83.33,602.71,0
13314,83.33,604.35,0
13325,90.91,603.22,0
13336,90.91,600.33,0
13347,90.91,602.95,0
13359,83.33,599.76,0
13371,83.33,599.87,0
13382,90.91,604.92,0
13393,90.91,601.83,0
13405,83.33,600.13,0
13416,90.91,601.26,0
13427,90.91,601.95,0
13440,76.92,604.69,0
13451,90.91,602.90,0
13462,90.91,599.39,0
13473,90.91,600.60,0
13485,83.33,598.44,0
13496,90.91,602.57,0
13508,83.33,604.20,0
13519,90.91,600.01,0
13531,83.33,603.79,0
13542,90.91,604.14,0
13553,90.91,602.34,0
13565,90.91,606.61,0
13577,76.92,602.65,0
13588,90.91,599.35,0
13599,90.91,600.66,0
13611,83.33,599.80,0
13622,90.91,603.57,0
13634,83.33,601.83,0
13645,90.91,600.01,0
13657,83.33,603.19,0
13668,90.91,602.66,0
13679,90.91,600.33,0
13690,90.91,600.28,0
13703,76.92,599.13,0
13714,90.91,600.28,0
13725,90.91,604.20,0
13736,90.91,598.17,0
13748,83.33,598.79,0
13759,90.91,602.14,0
13771,83.33,600.91,0
13783,83.33,604.11,0
13794,90.91,603.68,0
13805,90.91,597.84,0
13816,90.91,599.01,0
13828,83.33,601.69,0
13840,83.33,601.43,0
13851,90.91,601.63,0
13862,90.91,601.08,0
13874,83.33,599.65,0
13885,90.91,600.99,0
13897,90.91,604.77,0
13908,83.33,602.13,0
13920,83.33,599.41,0
13931,90.91,599.80,0
13942,90.91,600.69,0
13954,83.33,600.19,0
13966,83.33,600.53,0
13977,90.91,601.24,0
13988,90.91,601.73,0
14000,83.33,601.66,0
14011,90.91,602.87,0
14022,90.91,603.13,0
14034,83.33,600.24,0
14046,83.33,601.38,0
14057,90.91,600.67,0
14068,90.91,598.24,0
14080,83.33,599.12,0
14091,90.91,601.25,0
14103,83.33,603.04,0
14114,90.91,601.48,0
14126,83.33,601.88,0
14137,90.91,602.09,0
14148,90.91,600.97,0
14159,90.91,603.44,0
14172,76.92,600.09,0
14183,90.91,597.70,0
14194,90.91,602.66,0
14205,90.91,603.37,0
14217,83.33,605.37,0
14228,90.91,605.89,0
14240,83.33,601.41,0
14252,83.33,599.07,0
14263,90.91,597.18,0
14274,90.91,600.02,0
14285,90.91,602.53,0
14298,83.33,597.86,0
14309,83.33,601.17,0
14320,90.91,604.74,0
14331,90.91,602.74,0
14343,83.33,604.73,0
14354,90.91,601.80,0
14366,83.33,600.43,0
14377,90.91,603.32,0
14389,83.33,600.10,0
14400,90.91,601.06,0
14411,90.91,604.24,0
14423,83.33,602.61,0
14435,83.33,602.64,0
14446,90.91,603.04,0
14457,90.91,602.73,0
14469,83.33,602.76,0
14480,90.91,596.95,0
14491,90.91,599.81,0
14503,83.33,601.67,0
14515,83.33,597.37,0
14526,90.91,604.12,0
14537,90.91,606.32,0
14548,90.91,601.96,0
14560,83.33,605.14,0
14572,83.33,603.33,0
14583,90.91,600.23,0
14595,83.33,600.99,0
14606,90.91,601.59,0
14617,90.91,599.53,0
14628,90.91,597.48,0
14641,76.92,599.75,0
14652,90.91,599.48,0
14663,90.91,600.20,0
14674,90.91,603.62,0
14686,83.33,604.38,0
14698,90.91,600.04,0
14709,83.33,599.47,0
14721,83.33,600.36,0
14732,90.91,599.70,0
14743,90.91,600.13,0
14754,90.91,602.31,0
14767,76.92,605.27,0
14778,90.91,603.88,0
14789,90.91,604.20,0
14800,90.91,605.24,0
14812,83.33,599.86,0
14823,90.91,601.17,0
14835,83.33,601.50,0
14846,90.91,598.69,0
14858,83.33,601.09,0
14869,90.91,603.34,0
14880,90.91,602.30,0
14892,83.33,600.50,0
14904,83.33,601.06,0
14915,90.91,600.12,0
14926,90.91,599.81,0
14938,83.33,601.53,0
14949,90.91,599.21,0
14960,90.91,602.23,0
14972,83.33,604.94,0
14984,83.33,606.05,0
14995,90.91,603.83,0
15006,90.91,603.10,0
15017,90.91,601.76,0
15030,83.33,597.93,0
15041,83.33,598.15,0
15052,90.91,602.98,0
15064,83.33,601.90,0
15075,90.91,600.23,0
15086,90.91,604.94,0
15098,83.33,603.38,0
15110,83.33,599.79,0
15121,90.91,606.41,0
15132,90.91,604.26,0
15143,90.91,597.77,0
15155,83.33,601.16,0
15167,83.33,601.00,0
15178,90.91,600.44,0
15190,83.33,603.17,0
15201,90.91,602.51,0
15212,90.91,604.18,0
15223,90.91,602.82,0
15236,76.92,604.22,0
15247,90.91,604.69,0
15258,90.91,597.51,0
15269,90.91,598.58,0
15281,83.33,599.22,0
15292,90.91,597.59,0
15304,83.33,602.81,0
15315,90.91,606.20,0
15327,83.33,605.87,0
15338,90.91,600.13,0
15349,90.91,599.84,0
15361,83.33,597.36,0
15373,83.33,596.54,0
15384,90.91,601.17,0
15395,90.91,600.72,0
15407,83.33,597.62,0
15418,90.91,601.30,0
15430,90.91,604.93,0
15441,83.33,604.41,0
15453,83.33,604.80,0
15464,90.91,600.25,0
15475,90.91,598.29,0
15486,90.91,603.14,0
15499,76.92,601.32,0
15510,90.91,601.22,0
15521,90.91,602.54,0
15533,83.33,600.92,0
15544,90.91,604.35,0
15555,90.91,606.32,0
15567,83.33,603.15,0
15579,83.33,600.53,0
15590,90.91,598.70,0
15601,90.91,600.42,0
15612,90.91,603.54,0
15624,83.33,599.55,0
15636,83.33,598.58,0
15647,90.91,601.20,0
15659,83.33,599.63,0
15670,90.91,600.13,0
15681,90.91,603.45,0
15692,90.91,598.92,0
15705,76.92,599.36,0
15716,90.91,597.16,0
15727,90.91,596.98,0
15738,90.91,599.16,0
15750,83.33,601.51,0
15761,90.91,602.23,0
15773,83.33,600.38,0
15784,90.91,601.85,0
15796,83.33,602.03,0
15807,90.91,598.77,0
15818,90.91,601.00,0
15831,83.33,600.51,0
15842,83.33,598.96,0
15853,90.91,599.24,0
15864,90.91,603.15,0
15876,83.33,606.70,0
15887,90.91,605.67,0
15899,83.33,605.75,0
15910,90.91,602.88,0
15922,83.33,601.08,0
15933,90.91,603.78,0
15944,90.91,598.92,0
15955,90.91,599.43,0
15968,76.92,601.79,0
15979,90.91,604.66,0
15990,90.91,604.73,0
16002,83.33,602.71,0
16013,90.91,602.43,0
16024,90.91,600.90,0
16036,83.33,599.38,0
16048,83.33,601.62,0
16059,90.91,600.79,0
16070,90.91,599.38,0
16081,90.91,602.39,0
16093,83.33,603.47,0
16105,83.33,603.80,0
16116,90.91,602.73,0
16128,83.33,601.21,0
16139,90.91,598.56,0
16150,90.91,599.55,0
16162,90.91,601.12,0
16174,76.92,598.60,0
16185,90.91,598.95,0
16196,90.91,602.35,0
16207,90.91,600.56,0
16219,83.33,600.40,0
16231,90.91,603.49,0
16242,83.33,599.77,0
16253,90.91,600.36,0
16265,83.33,600.23,0
16276,90.91,600.35,0
16287,90.91,602.16,0
16300,76.92,602.83,0
16311,90.91,604.73,0
16322,90.91,603.24,0
16333,90.91,599.65,0
16345,83.33,601.98,0
16356,90.91,600.49,0
16368,83.33,600.73,0
16379,90.91,603.90,0
16391,83.33,601.23,0
16402,90.91,600.79,0
16413,90.91,602.84,0
16424,90.91,604.54,0
16437,76.92,602.67,0
16448,90.91,598.75,0
16459,90.91,601.14,0
16471,83.33,603.36,0
16482,90.91,598.57,0
16493,90.91,602.24,0
16505,83.33,604.55,0
16517,83.33,601.54,0
16528,90.91,603.22,0
16539,90.91,603.29,0
16550,90.91,601.13,0
16563,83.33,601.51,0
16574,83.33,597.16,0
16585,90.91,596.21,0
16596,90.91,599.90,0
16608,83.33,600.85,0
16619,90.91,600.45,0
16631,90.91,602.09,0
16643,76.92,601.81,0
16654,90.91,605.43,0
16665,90.91,604.42,0
16676,90.91,603.65,0
16688,83.33,602.64,0
16700,83.33,597.29,0
16711,90.91,598.88,0
16722,90.91,600.32,0
16734,83.33,600.38,0
16745,90.91,603.58,0
16756,90.91,601.20,0
16769,76.92,600.45,0
16780,90.91,602.12,0
16791,90.91,602.91,0
16802,90.91,602.73,0
16814,83.33,601.42,0
16825,90.91,600.39,0
16837,83.33,600.55,0
16848,90.91,601.37,0
16860,83.33,604.88,0
16871,90.91,603.09,0
16882,90.91,600.04,0
16893,90.91,603.54,0
16906,76.92,605.11,0
16917,90.91,600.89,0
16928,90.91,601.23,0
16940,83.33,602.86,0
16951,90.91,602.01,0
16963,90.91,602.59,0
16974,83.33,603.82,0
16986,83.33,604.27,0
16997,90.91,598.22,0
17008,90.91,598.65,0
17019,90.91,598.99,0
17032,83.33,598.64,0
17043,83.33,602.57,0
17054,90.91,603.71,0
17065,90.91,599.59,0
17077,83.33,602.46,0
17088,90.91,603.20,0
17100,83.33,603.04,0
17112,83.33,604.04,0
17123,90.91,602.30,0
17134,90.91,600.78,0
17145,90.91,598.69,0
17157,83.33,601.31,0
17169,83.33,600.87,0
17180,90.91,602.62,0
17191,90.91,604.31,0
17203,83.33,602.89,0
17214,90.91,599.38,0
17225,90.91,600.99,0
17238,76.92,601.79,0
17249,90.91,602.41,0
17260,90.91,601.28,0
17271,90.91,599.89,0
17283,83.33,602.28,0
17294,90.91,602.56,0
17306,83.33,604.13,0
17317,90.91,604.55,0
17329,83.33,602.41,0
17340,90.91,602.00,0
17351,90.91,602.32,0
17362,90.91,601.10,0
17375,76.92,600.91,0
17386,90.91,598.37,0
17397,90.91,599.75,0
17409,83.33,602.76,0
17420,90.91,601.46,0
17432,90.91,604.54,0
17443,83.33,602.51,0
17455,83.33,600.91,0
17466,90.91,603.38,0
17477,90.91,601.61,0
17488,90.91,598.82,0
17501,76.92,599.68,0
17512,90.91,601.05,0
17523,90.91,601.82,0
17534,90.91,604.37,0
17546,83.33,602.34,0
17557,90.91,599.61,0
17569,83.33,600.91,0
17581,83.33,602.85,0
17592,90.91,602.07,0
17603,90.91,601.33,0
17614,90.91,601.28,0
17626,83.33,603.53,0
17638,83.33,599.81,0
17649,90.91,602.80,0
17660,90.91,602.03,0
17672,83.33,597.55,0
17683,90.91,599.60,0
17694,90.91,599.83,0
17707,76.92,601.28,0
17718,90.91,601.06,0
17729,90.91,600.52,0
17740,90.91,603.60,0
17752,83.33,601.63,0
17763,90.91,602.70,0
17775,83.33,604.18,0
17786,90.91,602.75,0
17798,83.33,601.48,0
17809,90.91,600.15,0
17820,90.91,599.87,0
17832,90.91,601.29,0
17844,76.92,600.84,0
17855,90.91,602.63,0
17866,90.91,605.28,0
17878,83.33,602.56,0
17889,90.91,604.16,0
17901,83.33,600.16,0
17912,90.91,598.02,0
17924,83.33,599.74,0
17935,90.91,598.43,0
17946,90.91,597.29,0
17957,90.91,602.74,0
17970,76.92,601.73,0
17981,90.91,604.55,0
17992,90.91,605.74,0
18003,90.91,600.92,0
18015,83.33,604.73,0
18026,90.91,601.09,0
18038,83.33,599.74,0
18050,83.33,601.67,0
18061,90.91,599.13,0
18072,90.91,603.37,0
18083,90.91,604.95,0
18095,83.33,603.53,0
18107,83.33,604.99,0
18118,90.91,600.40,0
18129,90.91,598.15,0
18141,83.33,602.60,0
18152,90.91,601.72,0
18163,90.91,600.16,0
18176,76.92,602.21,0
18187,90.91,603.91,0
18198,90.91,607.81,0
18209,90.91,604.85,0
18221,83.33,602.10,0
18233,90.91,602.39,0
18244,83.33,603.50,0
18255,90.91,599.55,0
18267,83.33,599.55,0
18278,90.91,601.56,0
18289,90.91,602.60,0
18301,83.33,605.04,0
18313,83.33,606.25,0
18324,90.91,603.58,0
18335,90.91,601.01,0
18347,83.33,599.65,0
18358,90.91,601.27,0
18370,83.33,599.96,0
18381,90.91,600.41,0
18393,83.33,603.73,0
18404,90.91,601.89,0
18415,90.91,601.84,0
18426,90.91,602.44,0
18439,76.92,604.38,0
18450,90.91,603.58,0
18461,90.91,599.65,0
18472,90.91,601.21,0
18484,83.33,601.76,0
18495,90.91,599.91,0
18507,83.33,605.39,0
18519,83.33,607.89,0
18530,90.91,601.53,0
18541,90.91,601.75,0
18552,90.91,603.09,0
18564,83.33,601.95,0
18576,83.33,600.00,0
18587,90.91,601.55,0
18598,90.91,601.91,0
18610,83.33,600.51,0
18621,90.91,605.65,0
18633,90.91,605.74,0
18644,83.33,600.10,0
18656,83.33,603.17,0
18667,90.91,601.22,0
18678,90.91,599.92,0
18690,83.33,601.59,0
18702,83.33,599.53,0
18713,90.91,596.18,0
18724,90.91,601.16,0
18736,83.33,601.06,0
18747,90.91,598.12,0
18758,90.91,601.21,0
18770,83.33,603.34,0
18782,83.33,600.46,0
18793,90.91,601.24,0
18804,90.91,601.95,0
18816,83.33,598.02,0
18827,90.91,596.87,0
18839,83.33,600.83,0
18850,90.91,602.41,0
18862,83.33,606.17,0
18873,90.91,606.46,0
18884,90.91,605.36,0
18895,90.91,599.62,0
18908,76.92,599.87,0
18919,90.91,603.35,0
18930,90.91,601.23,0
18941,90.91,599.77,0
18953,83.33,602.04,0
18964,90.91,600.43,0
18976,83.33,600.80,0
18988,83.33,603.66,0
18999,90.91,603.63,0
19010,90.91,598.01,0
19021,90.91,598.88,0
19034,83.33,603.37,0
19045,83.33,600.52,0
19056,90.91,602.87,0
19067,90.91,603.73,0
19079,83.33,598.71,0
19090,90.91,603.42,0
19102,83.33,606.19,0
19113,90.91,603.71,0
19125,83.33,600.78,0
19136,90.91,600.23,0
19147,90.91,601.41,0
19159,83.33,601.37,0
19171,83.33,600.62,0
19182,90.91,604.53,0
19193,90.91,602.15,0
19205,83.33,599.15,0
19216,90.91,602.84,0
19227,90.91,604.30,0
19239,83.33,601.18,0
19251,83.33,599.86,0
19262,90.91,598.38,0
19273,90.91,597.71,0
19284,90.91,600.35,0
19296,83.33,602.76,0
19308,83.33,602.22,0
19319,90.91,600.40,0
19331,83.33,603.06,0
19342,90.91,602.02,0
19353,90.91,601.28,0
19364,90.91,604.02,0
19377,76.92,598.52,0
19388,90.91,599.22,0
19399,90.91,604.43,0
19410,90.91,607.11,0
19422,83.33,604.16,0
19434,90.91,601.24,0
19445,83.33,599.55,0
19457,83.33,598.58,0
19468,90.91,603.52,0
19479,90.91,604.71,0
19490,90.91,600.22,0
19503,76.92,598.38,0
19514,90.91,603.62,0
19525,90.91,607.21,0
19536,90.91,608.18,0
19548,83.33,604.63,0
19559,90.91,599.89,0
19571,83.33,595.93,0
19582,90.91,599.45,0
19594,83.33,602.49,0
19605,90.91,600.98,0
19616,90.91,600.62,0
19628,83.33,600.52,0
19640,83.33,600.43,0
19651,90.91,606.33,0
19662,90.91,606.90,0
19674,83.33,600.70,0
19685,90.91,600.03,0
19696,90.91,602.90,0
19708,83.33,600.67,0
19720,83.33,601.44,0
19731,90.91,606.79,0
19742,90.91,604.23,0
19753,90.91,598.98,0
19765,83.33,602.97,0
19777,83.33,606.04,0
19788,90.91,600.69,0
19800,83.33,597.87,0
19811,90.91,596.94,0
19822,90.91,597.74,0
19834,90.91,602.91,0
19846,76.92,604.72,0
19857,90.91,601.19,0
19868,90.91,601.50,0
19879,90.91,602.03,0
19891,83.33,598.82,0
19903,83.33,601.50,0
19914,90.91,605.46,0
19926,83.33,600.40,0
19937,90.91,597.19,0
19948,90.91,601.78,0
19959,90.91,603.86,0
19972,76.92,604.65,0
19983,90.91,603.55,0
19994,90.91,601.00,0
20005,90.91,597.68,0
20017,83.33,598.89,0
20028,90.91,604.51,0
20040,83.33,599.90,0
20051,90.91,597.70,0
20063,83.33,604.02,0
20074,90.91,602.01,0
20085,90.91,603.95,0
20097,83.33,605.60,0
20109,83.33,599.76,0
20120,90.91,594.08,0
20131,90.91,600.42,0
20143,83.33,604.59,0
20154,90.91,602.69,0
20165,90.91,603.25,0
20177,83.33,602.64,0
20189,83.33,599.13,0
20200,90.91,598.42,0
20211,90.91,605.78,0
20222,90.91,601.60,0
20235,83.33,597.48,0
20246,83.33,600.21,0
20257,90.91,598.97,0
20269,83.33,600.95,0
20280,90.91,606.31,0
20291,90.91,602.92,0
20303,83.33,597.99,0
20315,83.33,600.32,0
20326,90.91,604.34,0
20337,90.91,602.97,0
20348,90.91,601.89,0
20360,83.33,598.59,0
20372,83.33,596.95,0
20383,90.91,600.47,0
20395,83.33,606.61,0
20406,90.91,604.13,0
20417,90.91,599.96,0
20428,90.91,597.84,0
20441,76.92,598.57,0
20452,90.91,600.13,0
20463,90.91,602.29,0
20474,90.91,605.56,0
20486,83.33,600.47,0
20497,90.91,598.45,0
20509,83.33,605.16,0
20520,90.91,606.40,0
20532,83.33,603.13,0
20543,90.91,600.97,0
20554,90.91,598.65,0
20566,83.33,597.83,0
20578,83.33,602.62,0
20589,90.91,603.97,0
20600,90.91,602.08,0
20612,83.33,601.91,0
20623,90.91,602.26,0
20635,90.91,602.23,0
20646,83.33,602.67,0
20658,83.33,602.04,0
20669,90.91,601.67,0
20680,90.91,598.26,0
20691,90.91,598.64,0
20704,76.92,604.33,0
20715,90.91,601.78,0
20726,90.91,601.82,0
20738,83.33,602.97,0
20749,90.91,600.86,0
20760,90.91,603.51,0
20772,83.33,606.10,0
20784,83.33,600.29,0
20795,90.91,597.80,0
20806,90.91,599.96,0
20817,90.91,600.71,0
20829,83.33,604.31,0
20841,83.33,603.78,0
20852,90.91,601.70,0
20864,83.33,599.08,0
20875,90.91,600.98,0
20886,90.91,602.33,0
20897,90.91,599.05,0
20910,76.92,601.89,0
20921,90.91,600.75,0
20932,90.91,598.63,0
20943,90.91,600.62,0
20955,83.33,604.86,0
20966,90.91,603.92,0
20978,83.33,600.18,0
20989,90.91,603.81,0
21001,83.33,602.63,0
21012,90.91,599.43,0
21023,90.91,605.91,0
21036,83.33,602.12,0
21047,83.33,595.74,0
21058,90.91,601.40,0
21069,90.91,605.90,0
21081,83.33,605.82,0
21092,90.91,604.20,0
21104,83.33,601.95,0
21115,90.91,599.55,0
21127,83.33,598.93,0
21138,90.91,603.24,0
21149,90.91,603.14,0
21160,90.91,599.03,0
21173,76.92,603.44,0
21184,90.91,604.71,0
21195,90.91,598.91,0
21207,83.33,602.70,0
21218,90.91,604.05,0
21229,90.91,596.85,0
21241,83.33,599.13,0
21253,83.33,602.68,0
21264,90.91,600.77,0
21275,90.91,602.78,0
21286,90.91,604.37,0
21298,83.33,603.19,0
21310,83.33,603.64,0
21321,90.91,604.40,0
21332,90.91,604.20,0
21344,83.33,600.33,0
21355,90.91,598.11,0
21366,90.91,600.62,0
21379,76.92,597.85,0
21390,90.91,601.24,0
21401,90.91,605.21,0
21412,90.91,600.76,0
21424,83.33,600.05,0
21436,90.91,599.94,0
21447,83.33,598.76,0
21458,90.91,602.03,0
21470,83.33,601.09,0
21481,90.91,599.07,0
21492,90.91,598.25,0
21505,76.92,602.12,0
21516,90.91,608.67,0
21527,90.91,603.82,0
21538,90.91,600.29,0
21550,83.33,598.43,0
21561,90.91,597.64,0
21573,83.33,602.70,0
21584,90.91,605.29,0
21596,83.33,599.60,0
21607,90.91,599.39,0
21618,90.91,600.69,0
21629,90.91,604.34,0
21642,76.92,605.13,0
21653,90.91,602.79,0
21664,90.91,601.44,0
21676,83.33,598.57,0
21687,90.91,598.29,0
21698,90.91,602.79,0
21710,83.33,602.45,0
21722,83.33,600.24,0
21733,90.91,602.65,0
21744,90.91,600.70,0
21755,90.91,605.25,0
21767,83.33,605.80,0
21779,83.33,599.51,0
21790,90.91,602.72,0
21801,90.91,600.52,0
21813,83.33,599.94,0
21824,90.91,603.44,0
21836,90.91,603.60,0
21848,76.92,604.30,0
21859,90.91,601.48,0
21870,90.91,602.05,0
21881,90.91,601.78,0
21893,83.33,600.98,0
21905,83.33,604.47,0
21916,90.91,602.39,0
21927,90.91,598.88,0
21939,83.33,603.51,0
21950,90.91,602.32,0
21961,90.91,599.34,0
21974,76.92,602.56,0
21985,90.91,602.82,0
21996,90.91,598.96,0
22007,90.91,599.26,0
22019,83.33,600.84,0
22030,90.91,600.55,0
22042,83.33,600.37,0
22053,90.91,603.19,0
22065,83.33,602.98,0
22076,90.91,599.94,0
22087,90.91,602.66,0
22098,90.91,601.78,0
22111,76.92,597.46,0
22122,90.91,600.80,0
22133,90.91,602.50,0
22145,83.33,598.95,0
22156,90.91,601.33,0
22167,90.91,604.34,0
22179,83.33,605.51,0
22191,83.33,605.47,0
22202,90.91,606.41,0
22213,90.91,600.51,0
22224,90.91,597.43,0
22237,83.33,601.44,0
22248,83.33,600.97,0
22259,90.91,599.90,0
22270,90.91,600.52,0
22282,83.33,600.22,0
22293,90.91,597.78,0
22305,83.33,602.27,0
22317,83.33,603.78,0
22328,90.91,598.14,0
22339,90.91,599.21,0
22350,90.91,601.52,0
22362,83.33,600.19,0
22374,83.33,601.51,0
22385,90.91,605.21,0
22396,90.91,602.67,0
22408,83.33,600.32,0
22419,90.91,603.73,0
22430,90.91,603.76,0
22443,76.92,597.46,0
22454,90.91,602.24,0
22465,90.91,602.92,0
22476,90.91,596.99,0
22488,83.33,600.75,0
22499,90.91,605.90,0
22511,83.33,601.98,0
22522,90.91,601.87,0
22534,83.33,607.93,0
22545,90.91,601.90,0
22556,90.91,598.70,0
22567,90.91,603.52,0
22580,76.92,599.94,0
22591,90.91,599.29,0
22602,90.91,605.53,0
22614,83.33,605.19,0
22625,90.91,600.66,0
22637,90.91,605.85,0
22648,83.33,605.98,0
22660,83.33,599.64,0
22671,90.91,599.08,0
22682,90.91,599.99,0
22693,90.91,596.85,0
22706,76.92,600.38,0
22717,90.91,605.67,0
22728,90.91,603.00,0
22739,90.91,599.64,0
22751,83.33,606.12,0
22762,90.91,604.10,0
22774,83.33,595.79,0
22786,83.33,601.58,0
22797,90.91,599.55,0
22808,90.91,595.44,0
22819,90.91,603.30,0
22831,83.33,606.26,0
22843,83.33,601.07,0
22854,90.91,605.10,0
22865,90.91,604.64,0
22877,83.33,600.20,0
22888,90.91,603.30,0
22899,90.91,604.16,0
22912,76.92,600.89,0
22923,90.91,598.59,0
22934,90.91,601.95,0
22945,90.91,602.00,0
22957,83.33,603.02,0
22968,90.91,604.72,0
22980,83.33,604.63,0
22991,90.91,597.76,0
23003,83.33,601.30,0
23014,90.91,604.70,0
23025,90.91,599.94,0
23037,90.91,602.28,0
23049,76.92,603.62,0
23060,90.91,600.93,0
23071,90.91,604.15,0
23083,83.33,605.89,0
23094,90.91,602.65,0
23106,83.33,598.59,0
23117,90.91,599.86,0
23129,83.33,600.68,0
23140,90.91,598.46,0
23151,90.91,600.85,0
23162,90.91,602.39,0
23175,76.92,599.01,0
23186,90.91,603.36,0
23197,90.91,604.14,0
23208,90.91,597.33,0
23220,83.33,600.05,0
23231,90.91,600.87,0
23243,83.33,599.57,0
23255,83.33,601.39,0
23266,90.91,602.96,0
23277,90.91,605.85,0
23288,90.91,606.24,0
23300,83.33,601.61,0
23312,83.33,602.22,0
23323,90.91,598.55,0
23334,90.91,600.30,0
23346,83.33,602.67,0
23357,90.91,598.98,0
23369,90.91,601.02,0
23380,83.33,606.01,0
23392,83.33,605.89,0
23403,90.91,607.50,0
23414,90.91,604.35,0
23426,83.33,598.83,0
23438,90.91,598.86,0
23449,90.91,600.26,0
23460,90.91,598.57,0
23472,83.33,601.76,0
23483,90.91,602.27,0
23494,90.91,602.95,0
23506,83.33,604.40,0
23518,83.33,606.05,0
23529,90.91,606.52,0
23540,90.91,600.69,0
23552,83.33,597.73,0
23563,90.91,602.12,0
23575,83.33,602.69,0
23586,90.91,602.06,0
23598,83.33,604.46,0
23609,90.91,602.09,0
23620,90.91,601.46,0
23631,90.91,603.94,0
23644,76.92,601.16,0
23655,90.91,601.25,0
23666,90.91,600.76,0
23677,90.91,598.04,0
23689,83.33,600.48,0
23700,90.91,603.07,0
23712,83.33,602.61,0
23724,83.33,601.16,0
23735,90.91,600.08,0
23746,90.91,599.37,0
23757,90.91,599.61,0
23770,83.33,601.41,0
23781,83.33,600.17,0
23792,90.91,599.90,0
23803,90.91,601.61,0
23815,83.33,602.17,0
23826,90.91,601.39,0
23838,83.33,603.81,0
23849,90.91,603.97,0
23861,83.33,600.19,0
23872,90.91,600.08,0
23883,90.91,602.55,0
23895,83.33,600.65,0
23907,83.33,598.09,0
23918,90.91,598.10,0
23929,90.91,598.80,0
23941,83.33,602.47,0
23952,90.91,606.59,0
23963,90.91,607.31,0
23975,83.33,600.18,0
23987,83.33,598.54,0
23998,90.91,600.40,0
24009,90.91,597.82,0
24020,90.91,600.54,0
24032,83.33,603.86,0
24044,83.33,602.44,0
24055,90.91,602.43,0
24067,83.33,605.16,0
24078,90.91,607.19,0
24089,90.91,603.58,0
24100,90.91,601.30,0
24113,76.92,597.84,0
24124,90.91,599.54,0
24135,90.91,603.65,0
24146,90.91,602.49,0
24158,83.33,600.63,0
24170,90.91,600.15,0
24181,83.33,600.07,0
24193,83.33,604.61,0
24204,90.91,603.99,0
24215,90.91,599.53,0
24226,90.91,598.73,0
24239,76.92,596.71,0
24250,90.91,599.48,0
24261,90.91,606.25,0
24272,90.91,602.02,0
24284,83.33,602.60,0
24295,90.91,603.67,0
24307,83.33,601.88,0
24318,90.91,602.19,0
24330,83.33,601.42,0
24341,90.91,602.56,0
24352,90.91,598.55,0
24364,83.33,596.79,0
24376,83.33,605.22,0
24387,90.91,602.52,0
24398,90.91,601.35,0
24410,83.33,604.10,0
24421,90.91,600.09,0
24432,90.91,600.11,0
24444,83.33,605.73,0
24456,83.33,600.92,0
24467,90.91,598.21,0
24478,90.91,598.40,0
24489,90.91,601.61,0
24502,83.33,602.38,0
24513,83.33,604.66,0
24524,90.91,607.26,0
24536,83.33,602.59,0
24547,90.91,596.41,0
24558,90.91,602.95,0
24570,83.33,600.01,0
24582,83.33,598.52,0
24593,90.91,603.30,0
24604,90.91,598.61,0
24615,90.91,599.63,0
24627,83.33,607.19,0
24639,83.33,605.45,0
24650,90.91,599.77,0
24662,83.33,598.70,0
24673,90.91,600.00,0
24684,90.91,599.57,0
24695,90.91,600.33,0
24708,76.92,605.01,0
24719,90.91,602.17,0
24730,90.91,599.23,0
24741,90.91,603.68,0
24753,83.33,601.42,0
24764,90.91,599.61,0
24776,83.33,601.92,0
24787,90.91,599.48,0
24799,83.33,599.50,0
24810,90.91,602.60,0
24821,90.91,604.30,0
24833,83.33,604.22,0
24845,83.33,600.72,0
24856,90.91,601.99,0
24867,90.91,600.87,0
24879,83.33,597.55,0
24890,90.91,603.76,0
24902,90.91,600.90,0
24913,83.33,596.99,0
24925,83.33,604.51,0
24936,90.91,605.90,0
24947,90.91,602.34,0
24958,90.91,604.27,0
24971,76.92,601.81,0
24982,90.91,599.42,0
24993,90.91,603.16,0
25005,83.33,603.07,0
25016,90.91,600.36,0
25027,90.91,601.17,0
25039,83.33,602.09,0
25051,83.33,604.99,0
25062,90.91,602.71,0
25073,90.91,604.74,0
25084,90.91,603.10,0
25096,83.33,596.27,0
25108,83.33,599.94,0
25119,90.91,606.29,0
25131,83.33,599.97,0
25142,90.91,598.71,0
25153,90.91,602.46,0
25164,90.91,600.41,0
25177,76.92,604.60,0
25188,90.91,606.04,0
25199,90.91,600.95,0
25210,90.91,599.95,0
25222,83.33,601.94,0
25234,90.91,602.68,0
25245,83.33,602.31,0
25256,90.91,602.19,0
25268,83.33,604.68,0
25279,90.91,602.89,0
25290,90.91,602.90,0
25303,83.33,603.80,0
25314,83.33,600.29,0
25325,90.91,601.45,0
25336,90.91,602.34,0
25348,83.33,597.53,0
25359,90.91,600.09,0
25371,83.33,602.65,0
25382,90.91,601.47,0
25394,83.33,601.24,0
25405,90.91,602.93,0
25416,90.91,600.89,0
25427,90.91,601.27,0
25440,76.92,600.44,0
25451,90.91,599.84,0
25462,90.91,596.85,0
25474,83.33,597.38,0
25485,90.91,601.64,0
25496,90.91,601.67,0
25508,83.33,601.65,0
25520,83.33,603.31,0
25531,90.91,598.20,0
25542,90.91,599.86,0
25553,90.91,604.76,0
25565,83.33,599.63,0
25577,83.33,595.61,0
25588,90.91,598.79,0
25600,83.33,603.13,0
25611,90.91,603.80,0
25622,90.91,605.77,0
25634,90.91,602.72,0
25646,76.92,596.43,0
25657,90.91,599.97,0
25668,90.91,604.52,0
25679,90.91,601.71,0
25691,83.33,601.25,0
25703,83.33,601.49,0
25714,90.91,601.01,0
25725,90.91,603.56,0
25737,83.33,605.61,0
25748,90.91,601.82,0
25759,90.91,598.42,0
25772,76.92,601.86,0
25783,90.91,600.29,0
25794,90.91,599.31,0
25805,90.91,601.72,0
25817,83.33,603.63,0
25828,90.91,602.78,0
25840,83.33,600.27,0
25851,90.91,602.69,0
25863,83.33,600.84,0
25874,90.91,599.39,0
25885,90.91,604.48,0
25896,90.91,601.07,0
25909,76.92,595.70,0
25920,90.91,605.91,0
25931,90.91,607.39,0
25943,83.33,603.27,0
25954,90.91,606.94,0
25965,90.91,602.48,0
25977,83.33,599.87,0
25989,83.33,601.91,0
26000,90.91,599.05,0
26011,90.91,597.92,0
26022,90.91,602.07,0
26035,83.33,605.39,0
26046,83.33,605.64,0
26057,90.91,600.92,0
26068,90.91,603.42,0
26080,83.33,600.71,0
26091,90.91,598.21,0
26103,83.33,602.62,0
26115,83.33,602.28,0
26126,90.91,598.06,0
26137,90.91,600.14,0
26148,90.91,600.42,0
26160,83.33,602.22,0
26172,83.33,604.40,0
26183,90.91,603.85,0
26194,90.91,600.53,0
26206,83.33,597.73,0
26217,90.91,604.29,0
26228,90.91,603.55,0
26241,76.92,599.40,0
26252,90.91,601.34,0
26263,90.91,602.19,0
26274,90.91,600.49,0
26286,83.33,603.59,0
26297,90.91,602.21,0
26309,83.33,598.30,0
26320,90.91,600.88,0
26332,83.33,600.94,0
26343,90.91,602.33,0
26354,90.91,607.15,0
26365,90.91,606.63,0
26378,76.92,600.25,0
26389,90.91,602.00,0
26400,90.91,607.09,0
26412,83.33,602.59,0
26423,90.91,602.57,0
26435,90.91,601.91,0
26446,83.33,599.24,0
26458,83.33,601.12,0
26469,90.91,604.01,0
26480,90.91,603.38,0
26491,90.91,603.39,0
26504,76.92,602.24,0
26515,90.91,600.33,0
26526,90.91,601.58,0
26537,90.91,603.01,0
26549,83.33,602.21,0
26560,90.91,600.46,0
26572,83.33,598.52,0
26584,83.33,601.99,0
26595,90.91,606.39,0
26606,90.91,605.75,0
26617,90.91,603.36,0
26629,83.33,603.27,0
26641,83.33,601.68,0
26652,90.91,602.40,0
26663,90.91,603.73,0
26675,83.33,600.90,0
26686,90.91,601.68,0
26697,90.91,602.26,0
26710,76.92,605.11,0
26721,90.91,606.29,0
26732,90.91,604.11,0
26743,90.91,601.93,0
26755,83.33,598.45,0
26767,90.91,602.76,0
26778,83.33,600.55,0
26789,90.91,597.84,0
26801,83.33,599.31,0
26812,90.91,599.68,0
26823,90.91,604.41,0
26835,83.33,604.37,0
26847,83.33,602.29,0
26858,90.91,600.14,0
26869,90.91,597.32,0
26881,83.33,599.74,0
26892,90.91,600.56,0
26904,83.33,600.25,0
26915,90.91,606.42,0
26927,83.33,603.93,0
26938,90.91,598.65,0
26949,90.91,601.99,0
26960,90.91,600.87,0
26973,76.92,600.19,0
26984,90.91,599.56,0
26995,90.91,600.48,0
27006,90.91,598.93,0
27018,83.33,601.23,0
27029,90.91,603.95,0
27041,83.33,602.47,0
27053,83.33,600.12,0
27064,90.91,599.14,0
27075,90.91,597.55,0
27086,90.91,599.01,0
27098,83.33,601.51,0
27110,83.33,600.56,0
27121,90.91,600.35,0
27132,90.91,601.74,0
27144,83.33,601.66,0
27155,90.91,602.97,0
27167,90.91,604.64,0
27179,76.92,602.17,0
27190,90.91,601.07,0
27201,90.91,602.67,0
27212,90.91,601.61,0
27224,83.33,601.31,0
27236,83.33,604.23,0
27247,90.91,599.89,0
27258,90.91,600.59,0
27270,83.33,605.03,0
27281,90.91,604.34,0
27292,90.91,600.00,0
27304,83.33,596.09,0
27316,83.33,597.40,0
27327,90.91,600.34,0
27338,90.91,598.53,0
27350,83.33,602.18,0
27361,90.91,605.83,0
27373,83.33,598.86,0
27384,90.91,600.51,0
27396,83.33,607.31,0
27407,90.91,604.12,0
27418,90.91,604.07,0
27429,90.91,602.78,0
27442,76.92,597.73,0
27453,90.91,597.10,0
27464,90.91,601.11,0
27475,90.91,602.83,0
27487,83.33,602.96,0
27499,90.91,602.70,0
27510,83.33,601.10,0
27522,83.33,598.96,0
27533,90.91,601.09,0
27544,90.91,603.18,0
27555,90.91,600.55,0
27568,76.92,598.39,0
27579,90.91,603.70,0
27590,90.91,602.82,0
27601,90.91,603.12,0
27613,83.33,607.03,0
27624,90.91,600.81,0
27636,83.33,597.19,0
27648,83.33,602.63,0
27659,90.91,604.87,0
27670,90.91,601.16,0
27681,90.91,602.28,0
27693,83.33,605.55,0
27705,83.33,600.53,0
27716,90.91,601.13,0
27727,90.91,605.59,0
27739,83.33,601.25,0
27750,90.91,599.13,0
27761,90.91,601.76,0
27773,83.33,600.33,0
27785,83.33,602.57,0
27796,90.91,604.75,0
27807,90.91,599.98,0
27819,83.33,601.58,0
27830,90.91,602.70,0
27842,83.33,603.90,0
27853,90.91,599.64,0
27865,83.33,599.66,0
27876,90.91,602.01,0
27887,90.91,597.73,0
27899,90.91,601.65,0
27911,76.92,605.10,0
27922,90.91,601.10,0
27933,90.91,603.33,0
27944,90.91,604.82,0
27956,83.33,603.05,0
27968,83.33,600.51,0
27979,90.91,602.48,0
27991,83.33,603.20,0
28002,90.91,598.34,0
28013,90.91,601.19,0
28024,90.91,605.90,0
28037,76.92,602.02,0
28048,90.91,602.86,0
28059,90.91,603.59,0
28070,90.91,596.82,0
28082,83.33,600.97,0
28093,90.91,604.87,0
28105,83.33,597.72,0
28116,90.91,598.13,0
28128,83.33,602.20,0
28139,90.91,604.19,0
28150,90.91,605.08,0
28162,83.33,603.15,0
28174,83.33,602.39,0
28185,90.91,601.00,0
28196,90.91,603.39,0
28208,83.33,603.73,0
28219,90.91,601.57,0
28231,90.91,602.15,0
28242,83.33,603.49,0
28254,83.33,602.23,0
28265,90.91,601.08,0
28276,90.91,605.34,0
28288,83.33,601.45,0
28300,90.91,598.10,0
28311,83.33,604.25,0
28322,90.91,603.81,0
28334,83.33,599.21,0
28345,90.91,602.41,0
28356,90.91,603.83,0
28368,83.33,599.31,0
28380,83.33,600.84,0
28391,90.91,604.79,0
28402,90.91,602.03,0
28413,90.91,599.62,0
28425,83.33,601.86,0
28437,83.33,600.79,0
28448,90.91,600.30,0
28460,83.33,603.32,0
28471,90.91,602.17,0
28482,90.91,603.04,0
28493,90.91,603.90,0
28506,76.92,601.71,0
28517,90.91,603.18,0
28528,90.91,601.09,0
28539,90.91,602.58,0
28551,83.33,602.50,0
28562,90.91,599.76,0
28574,83.33,601.61,0
28585,90.91,603.14,0
28597,83.33,600.05,0
28608,90.91,603.87,0
28619,90.91,602.12,0
28632,83.33,599.65,0
28643,83.33,603.25,0
28654,90.91,599.51,0
28665,90.91,597.55,0
28677,83.33,602.84,0
28688,90.91,604.68,0
28700,83.33,605.26,0
28711,90.91,602.91,0
28723,83.33,599.38,0
28734,90.91,599.95,0
28745,90.91,600.18,0
28756,90.91,602.48,0
28769,76.92,603.00,0
28780,90.91,599.95,0
28791,90.91,602.02,0
28803,83.33,603.54,0
28814,90.91,602.73,0
28825,90.91,605.80,0
28837,83.33,603.42,0
28849,83.33,600.54,0
28860,90.91,603.45,0
28871,90.91,600.46,0
28882,90.91,601.54,0
28894,83.33,600.82,0
28906,83.33,602.13,0
28917,90.91,602.69,0
28929,83.33,604.28,0
28940,90.91,604.66,0
28951,90.91,602.83,0
28962,90.91,598.21,0
28975,76.92,599.93,0
28986,90.91,601.12,0
28997,90.91,600.35,0
29008,90.91,603.64,0
29020,83.33,603.05,0
29032,90.91,604.94,0
29043,83.33,603.17,0
29054,90.91,602.83,0
29066,83.33,602.95,0
29077,90.91,601.47,0
29088,90.91,602.41,0
29101,76.92,601.40,0
29112,90.91,599.54,0
29123,90.91,604.69,0
29134,90.91,605.86,0
29146,83.33,602.37,0
29157,90.91,603.17,0
29169,83.33,603.30,0
29180,90.91,600.01,0
29192,83.33,601.63,0
29203,90.91,601.49,0
29214,90.91,602.69,0
29225,90.91,603.13,0
29238,76.92,602.68,0
29249,90.91,603.84,0
29260,90.91,604.38,0
29272,83.33,604.92,0
29283,90.91,602.88,0
29294,90.91,600.28,0
29306,83.33,604.15,0
29318,83.33,604.56,0
29329,90.91,600.05,0
29340,90.91,600.60,0
29351,90.91,603.80,0
29363,83.33,604.44,0
29375,83.33,603.59,0
29386,90.91,602.96,0
29398,83.33,603.08,0
29409,90.91,601.96,0
29420,90.91,601.33,0
29432,90.91,601.47,0
29444,76.92,601.54,0
29455,90.91,601.57,0
29466,90.91,602.62,0
29477,90.91,600.88,0
29489,83.33,602.77,0
29501,90.91,604.39,0
29512,90.91,601.19,0
29523,90.91,599.65,0
29535,83.33,599.85,0
29546,90.91,600.20,0
29557,90.91,602.49,0
29570,76.92,603.11,0
29581,90.91,602.11,0
29592,90.91,602.94,0
29603,90.91,602.83,0
29615,83.33,600.96,0
29626,90.91,599.46,0
29638,83.33,604.18,0
29649,90.91,602.63,0
29661,83.33,600.14,0
29672,90.91,601.65,0
29683,90.91,600.38,0
29694,90.91,601.42,0
29707,76.92,603.65,0
29718,90.91,602.84,0
29729,90.91,600.19,0
29741,83.33,599.48,0
29752,90.91,600.03,0
29763,90.91,599.82,0
29775,83.33,600.18,0
29787,83.33,600.10,0
29798,90.91,604.31,0
29809,90.91,603.74,0
29820,90.91,600.85,0
29833,83.33,603.27,0
29844,83.33,599.62,0
29855,90.91,600.97,0
29867,83.33,601.38,0
29878,90.91,598.85,0
29889,90.91,599.66,0
29901,90.91,601.55,0
29913,76.92,601.27,0
29924,90.91,601.67,0
29935,90.91,601.24,0
29946,90.91,603.09,0
29958,83.33,600.21,0
29970,83.33,601.27,0
29981,90.91,602.65,0
29992,90.91,600.89,0
30004,83.33,601.86,0
30015,90.91,600.08,0
30026,90.91,600.12,0
30039,76.92,603.83,0
30050,90.91,603.79,0
30061,90.91,601.08,0
30072,90.91,602.10,0
30084,83.33,604.74,0
30095,90.91,601.41,0
30107,83.33,599.19,0
30118,90.91,601.56,0
30130,83.33,602.98,0
30141,90.91,605.10,0
30152,90.91,604.01,0
30163,90.91,602.58,0
30176,76.92,600.45,0
30187,90.91,599.02,0
30198,90.91,601.80,0
30210,83.33,600.97,0
30221,90.91,601.38,0
30232,90.91,603.04,0
30244,83.33,603.21,0
30256,83.33,603.49,0
30267,90.91,605.12,0
30278,90.91,601.07,0
30289,90.91,598.69,0
30302,83.33,596.69,0
30313,83.33,597.02,0
30324,90.91,601.77,0
30336,83.33,600.65,0
30347,90.91,603.53,0
30358,90.91,605.23,0
30370,83.33,601.19,0
30382,83.33,602.37,0
30393,90.91,602.56,0
30404,90.91,600.73,0
30415,90.91,601.66,0
30427,83.33,597.00,0
30439,83.33,598.35,0
30450,90.91,604.48,0
30461,90.91,601.91,0
30473,83.33,602.04,0
30484,90.91,602.12,0
30495,90.91,603.07,0
30508,76.92,603.03,0
30519,90.91,600.77,0
30530,90.91,602.42,0
30541,90.91,600.02,0
30553,83.33,597.47,0
30564,90.91,600.81,0
30576,83.33,603.87,0
30587,90.91,600.68,0
30599,83.33,599.68,0
30610,90.91,599.48,0
30621,90.91,598.91,0
30632,90.91,601.34,0
30645,76.92,601.59,0
30656,90.91,602.47,0
30667,90.91,601.06,0
30679,83.33,603.01,0
30690,90.91,604.30,0
30702,90.91,600.17,0
30713,83.33,599.04,0
30725,83.33,602.04,0
30736,90.91,599.66,0
30747,90.91,601.62,0
30758,90.91,603.01,0
30771,76.92,598.68,0
30782,90.91,603.56,0
30793,90.91,604.81,0
30804,90.91,600.55,0
30816,83.33,602.45,0
30827,90.91,604.77,0
30839,83.33,600.14,0
30851,83.33,598.60,0
30862,90.91,599.09,0
30873,90.91,597.16,0
30884,90.91,599.38,0
30896,83.33,604.47,0
30908,83.33,603.78,0
30919,90.91,600.65,0
30930,90.91,602.67,0
30942,83.33,602.92,0
30953,90.91,597.28,0
30964,90.91,602.97,0
30977,76.92,602.97,0
30988,90.91,599.45,0
30999,90.91,606.56,0
31010,90.91,603.78,0
31022,83.33,600.77,0
31033,90.91,603.59,0
31045,83.33,601.76,0
31056,90.91,597.07,0
31068,83.33,597.48,0
31079,90.91,600.21,0
31090,90.91,602.22,0
31102,90.91,600.89,0
31114,76.92,602.87,0
31125,90.91,604.94,0
31136,90.91,603.04,0
31148,83.33,604.76,0
31159,90.91,603.63,0
31171,83.33,596.54,0
31182,90.91,599.12,0
31194,83.33,601.95,0
31205,90.91,598.52,0
31216,90.91,602.60,0
31227,90.91,600.65,0
31240,76.92,599.82,0
31251,90.91,604.33,0
31262,90.91,601.78,0
31273,90.91,602.14,0
31285,83.33,601.87,0
31296,90.91,602.44,0
31308,83.33,603.67,0
31320,83.33,598.89,0
31331,90.91,601.47,0
31342,90.91,604.20,0
31353,90.91,601.17,0
31365,83.33,603.00,0
31377,83.33,603.01,0
31388,90.91,598.76,0
31399,90.91,604.58,0
31411,83.33,603.36,0
31422,90.91,599.13,0
31433,90.91,604.18,0
31446,76.92,604.45,0
31457,90.91,601.18,0
31468,90.91,599.83,0
31479,90.91,599.51,0
31491,83.33,604.25,0
31503,90.91,597.64,0
31514,83.33,601.42,0
31525,90.91,605.34,0
31537,83.33,597.35,0
31548,90.91,602.52,0
31559,90.91,605.02,0
31571,83.33,601.72,0
31583,83.33,605.32,0
31594,90.91,603.70,0
31605,90.91,597.84,0
31617,83.33,601.51,0
31628,90.91,599.87,0
31640,83.33,601.91,0
31651,90.91,600.04,0
31663,83.33,600.35,0
31674,90.91,606.72,0
31685,90.91,605.58,0
31696,90.91,602.01,0
31709,76.92,606.00,0
31720,90.91,600.90,0
31731,90.91,599.58,0
31742,90.91,603.15,0
31754,83.33,601.74,0
31765,90.91,602.27,0
31777,83.33,603.39,0
31789,83.33,600.04,0
31800,90.91,600.68,0
31811,90.91,604.81,0
31822,90.91,604.43,0
31834,83.33,599.92,0
31846,83.33,598.91,0
31857,90.91,601.41,0
31868,90.91,599.49,0
31880,83.33,601.61,0
31891,90.91,602.37,0
31903,90.91,597.99,0
31915,76.92,600.59,0
31926,90.91,604.16,0
31937,90.91,600.31,0
31948,90.91,600.78,0
31960,83.33,602.07,0
31972,83.33,601.52,0
31983,90.91,599.95,0
31994,90.91,600.53,0
32006,83.33,603.01,0
32017,90.91,606.22,0
32028,90.91,603.71,0
32040,83.33,603.77,0
32052,83.33,600.63,0
32063,90.91,597.37,0
32074,90.91,601.30,0
32086,83.33,600.05,0
32097,90.91,600.28,0
32109,83.33,605.23,0
32120,90.91,604.82,0
32132,83.33,603.09,0
32143,90.91,605.15,0
32154,90.91,600.95,0
32165,90.91,596.55,0
32178,76.92,599.90,0
32189,90.91,603.17,0
32200,90.91,601.30,0
32211,90.91,602.35,0
32223,83.33,603.18,0
32234,90.91,601.91,0
32246,83.33,603.98,0
32258,83.33,605.62,0
32269,90.91,600.77,0
32280,90.91,597.73,0
32291,90.91,601.86,0
32304,83.33,600.91,0
32315,83.33,599.42,0
32326,90.91,605.33,0
32337,90.91,604.17,0
32349,83.33,601.07,0
32360,90.91,603.15,0
32372,83.33,598.89,0
32384,83.33,598.80,0
32395,90.91,599.60,0
32406,90.91,596.46,0
32417,90.91,599.79,0
32429,83.33,602.75,0
32441,83.33,603.26,0
32452,90.91,604.57,0
32463,90.91,598.74,0
32475,83.33,599.85,0
32486,90.91,604.05,0
32497,90.91,598.41,0
32509,83.33,599.34,0
32521,83.33,601.52,0
32532,90.91,599.92,0
32543,90.91,604.43,0
32555,83.33,604.25,0
32566,90.91,603.87,0
32578,83.33,605.61,0
32589,90.91,602.09,0
32601,83.33,599.89,0
32612,90.91,598.25,0
32623,90.91,601.53,0
32634,90.91,603.79,0
32647,76.92,597.52,0
32658,90.91,598.59,0
32669,90.91,605.25,0
32680,90.91,602.18,0
32692,83.33,604.70,0
32704,90.91,604.46,0
32715,83.33,598.69,0
32727,83.33,600.07,0
32738,90.91,600.65,0
32749,90.91,598.74,0
32760,90.91,598.88,0
32773,76.92,600.11,0
32784,90.91,602.53,0
32795,90.91,602.31,0
32806,90.91,603.40,0
32818,83.33,604.34,0
32829,90.91,600.65,0
32841,83.33,601.03,0
32852,90.91,603.51,0
32864,83.33,599.85,0
32875,90.91,602.89,0
32886,90.91,602.11,0
32898,83.33,600.41,0
32910,83.33,601.39,0
32921,90.91,605.97,0
32932,90.91,603.82,0
32944,83.33,600.11,0
32955,90.91,601.15,0
32966,90.91,601.26,0
32978,83.33,596.15,0
32990,83.33,600.46,0
33001,90.91,607.80,0
33012,90.91,602.87,0
33024,83.33,600.80,0
33035,90.91,604.42,0
33047,83.33,600.93,0
33058,90.91,600.98,0
33070,83.33,602.36,0
33081,90.91,596.96,0
33092,90.91,598.68,0
33104,90.91,602.43,0
33116,76.92,601.46,0
33127,90.91,602.35,0
33138,90.91,601.12,0
33149,90.91,597.37,0
33161,83.33,597.13,0
33173,83.33,600.98,0
33184,90.91,601.92,0
33196,83.33,600.23,0
33207,90.91,600.64,0
33218,90.91,604.56,0
33229,90.91,604.23,0
33242,76.92,602.31,0
33253,90.91,605.83,0
33264,90.91,603.64,0
33275,90.91,599.30,0
33287,83.33,599.25,0
33298,90.91,600.72,0
33310,83.33,601.69,0
33321,90.91,603.75,0
33333,83.33,605.75,0
33344,90.91,602.82,0
33355,90.91,602.45,0
33367,83.33,603.27,0
33379,83.33,601.48,0
33390,90.91,597.73,0
33401,90.91,600.25,0
33413,83.33,599.45,0
33424,90.91,598.16,0
33436,90.91,602.10,0
33447,83.33,603.20,0
33459,83.33,600.35,0
33470,90.91,601.47,0
33481,90.91,600.22,0
33492,90.91,597.43,0
33505,76.92,600.06,0
33516,90.91,603.79,0
33527,90.91,603.83,0
33539,83.33,603.14,0
33550,90.91,602.34,0
33561,90.91,605.57,0
33573,83.33,605.36,0
33585,83.33,599.78,0
33596,90.91,602.03,0
33607,90.91,600.46,0
33618,90.91,602.33,0
33630,83.33,601.65,0
33642,83.33,597.41,0
33653,90.91,600.77,0
33665,83.33,605.16,0
33676,90.91,602.50,0
33687,90.91,602.30,0
33698,90.91,602.70,0
33711,76.92,600.34,0
33722,90.91,600.99,0
33733,90.91,602.20,0
33744,90.91,601.62,0
33756,83.33,602.47,0
33767,90.91,601.87,0
33779,83.33,601.02,0
33790,90.91,602.96,0
33802,83.33,604.58,0
33813,90.91,604.15,0
33824,90.91,601.96,0
33837,83.33,598.37,0
33848,83.33,600.69,0
33859,90.91,599.60,0
33870,90.91,600.13,0
33882,83.33,603.79,0
33893,90.91,602.69,0
33905,90.91,600.38,0
33916,90.91,600.78,0
33928,83.33,600.97,0
33939,90.91,601.76,0
33950,90.91,600.62,0
33961,90.91,601.40,0
33974,76.92,600.84,0
33985,90.91,601.52,0
33996,90.91,604.73,0
34008,83.33,603.74,0
34019,90.91,601.05,0
34030,90.91,603.70,0
34042,83.33,602.38,0
34054,83.33,601.94,0
34065,90.91,604.25,0
34076,90.91,599.72,0
34087,90.91,600.97,0
34099,83.33,604.11,0
34111,83.33,602.17,0
34122,90.91,600.53,0
34134,83.33,600.32,0
34145,90.91,602.69,0
34156,90.91,598.65,0
34167,90.91,600.12,0
34180,76.92,603.44,0
34191,90.91,599.47,0
34202,90.91,597.86,0
34213,90.91,600.62,0
34225,83.33,602.03,0
34237,90.91,603.77,0
34248,83.33,605.69,0
34259,90.91,602.03,0
34271,83.33,599.58,0
34282,90.91,602.09,0
34293,90.91,602.57,0
34306,83.33,599.70,0
34317,90.91,600.32,0
34328,90.91,603.38,0
34339,90.91,603.56,0
34351,83.33,603.28,0
34362,90.91,604.04,0
34374,83.33,599.62,0
34385,90.91,598.61,0
34397,83.33,604.86,0
34408,90.91,603.23,0
34419,90.91,600.37,0
34430,90.91,604.40,0
34443,76.92,602.76,0
34454,90.91,601.53,0
34465,90.91,600.65,0
34477,83.33,600.18,0
34488,90.91,600.74,0
34499,90.91,599.51,0
34511,83.33,599.58,0
34523,83.33,599.23,0
34534,90.91,599.48,0
34545,90.91,605.70,0
34556,90.91,602.65,0
34568,83.33,597.93,0
34580,83.33,601.57,0
34591,90.91,599.54,0
34603,83.33,598.82,0
34614,90.91,606.01,0
34625,90.91,600.31,0
34637,90.91,598.95,0
34649,76.92,602.65,0
34660,90.91,603.98,0
34671,90.91,601.23,0
34682,90.91,602.53,0
34694,83.33,599.85,0
34706,83.33,598.91,0
34717,90.91,598.67,0
34728,90.91,598.73,0
34740,83.33,600.73,0
34751,90.91,598.14,0
34762,90.91,600.94,0
34775,76.92,602.45,0
34786,90.91,599.68,0
34797,90.91,603.45,0
34808,90.91,604.00,0
34820,83.33,598.12,0
34831,90.91,600.15,0
34843,83.33,602.44,0
34854,90.91,599.77,0
34866,83.33,600.36,0
34877,90.91,602.61,0
34888,90.91,601.66,0
34899,90.91,602.14,0
34912,76.92,606.25,0
34923,90.91,602.28,0
34934,90.91,598.79,0
34946,83.33,601.96,0
34957,90.91,602.80,0
34968,90.91,600.77,0
34980,83.33,606.13,0
34992,83.33,605.17,0
35003,90.91,601.41,0
35014,90.91,603.44,0
35025,90.91,602.91,0
35038,83.33,598.88,0
35049,83.33,602.29,0
35060,90.91,598.98,0
35072,83.33,597.50,0
35083,90.91,603.36,0
35094,90.91,602.27,0
35106,83.33,603.92,0
35118,83.33,602.04,0
35129,90.91,601.78,0
35140,90.91,601.10,0
35151,90.91,598.51,0
35163,83.33,604.83,0
35175,83.33,601.20,0
35186,90.91,595.64,0
35197,90.91,601.94,0
35209,83.33,602.45,0
35220,90.91,603.61,0
35231,90.91,605.54,0
35244,76.92,601.77,0
35255,90.91,600.25,0
35266,90.91,599.41,0
35277,90.91,602.70,0
35289,83.33,603.45,0
35300,90.91,597.71,0
35312,83.33,601.38,0
35323,90.91,604.93,0
35335,83.33,603.01,0
35346,90.91,605.76,0
35357,90.91,604.16,0
35368,90.91,600.41,0
35381,76.92,603.49,0
35392,90.91,603.23,0
35403,90.91,602.56,0
35415,83.33,604.38,0
35426,90.91,601.27,0
35438,90.91,602.03,0
35449,83.33,606.19,0
35461,83.33,606.43,0
35472,90.91,603.45,0
35483,90.91,601.50,0
35494,90.91,601.81,0
35507,76.92,601.57,0
35518,90.91,600.78,0
35529,90.91,603.67,0
35540,90.91,602.56,0
35552,83.33,600.36,0
35563,90.91,604.57,0
35575,83.33,604.84,0
35587,83.33,601.30,0
35598,90.91,600.71,0
35609,90.91,598.73,0
35620,90.91,602.80,0
35632,83.33,604.19,0
35644,83.33,602.26,0
35655,90.91,600.69,0
35666,90.91,602.48,0
35678,83.33,603.39,0
35689,90.91,603.74,0
35700,90.91,602.47,0
35713,76.92,605.27,0
35724,90.91,598.71,0
35735,90.91,598.69,0
35746,90.91,601.47,0
35758,83.33,602.70,0
35769,90.91,599.99,0
35781,83.33,601.97,0
35792,90.91,603.69,0
35804,83.33,601.74,0
35815,90.91,603.18,0
35826,90.91,602.63,0
35838,90.91,599.89,0
35850,76.92,598.70,0
35861,90.91,601.83,0
35872,90.91,603.05,0
35884,83.33,601.67,0
35895,90.91,605.05,0
35907,83.33,603.83,0
35918,90.91,602.18,0
35930,83.33,605.76,0
35941,90.91,605.08,0
35952,90.91,600.62,0
35963,90.91,602.23,0
35976,76.92,601.72,0
35987,90.91,601.57,0
35998,90.91,603.62,0
36009,90.91,603.71,0
36021,83.33,603.82,0
36032,90.91,599.81,0
36044,83.33,598.11,0
36056,83.33,600.58,0
36067,90.91,599.97,0
36078,90.91,604.55,0
36089,90.91,602.77,0
36101,83.33,600.21,0
36113,83.33,604.80,0
36124,90.91,605.42,0
36135,90.91,600.45,0
36147,83.33,600.73,0
36158,90.91,602.49,0
36169,90.91,601.37,0
36182,76.92,601.77,0
36193,90.91,603.16,0
36204,90.91,602.73,0
36215,90.91,601.71,0
36227,83.33,603.34,0
36239,90.91,603.83,0
36250,83.33,602.88,0
36261,90.91,603.49,0
36273,83.33,603.22,0
36284,90.91,599.56,0
36295,90.91,602.14,0
36307,83.33,601.80,0
36319,83.33,603.07,0
36330,90.91,605.15,0
36341,90.91,603.75,0
36353,83.33,600.72,0
36364,90.91,601.55,0
36376,83.33,601.24,0
36387,90.91,602.94,0
36399,83.33,602.14,0
36410,90.91,598.88,0
36421,90.91,599.43,0
36432,90.91,606.94,0
36445,76.92,605.26,0
36456,90.91,604.48,0
36467,90.91,604.26,0
36478,90.91,600.35,0
36490,83.33,600.47,0
36501,90.91,603.13,0
36513,83.33,603.88,0
36525,83.33,600.19,0
36536,90.91,597.06,0
36547,90.91,602.06,0
36558,90.91,606.35,0
36571,83.33,605.82,0
36582,83.33,606.03,0
36593,90.91,602.57,0
36604,90.91,599.14,0
36616,83.33,600.38,0
36627,90.91,600.59,0
36639,83.33,601.07,0
36651,83.33,601.92,0
36662,90.91,605.67,0
36673,90.91,606.01,0
36684,90.91,602.32,0
36696,83.33,605.32,0
36708,83.33,602.66,0
36719,90.91,596.91,0
36730,90.91,601.25,0
36742,83.33,604.34,0
36753,90.91,604.04,0
36764,90.91,606.28,0
36776,83.33,603.45,0
36788,83.33,601.57,0
36799,90.91,602.82,0
36810,90.91,602.60,0
36822,83.33,606.51,0
36833,90.91,603.73,0
36845,83.33,598.92,0
36856,90.91,601.81,0
36868,83.33,602.03,0
36879,90.91,599.36,0
36890,90.91,603.16,0
36901,90.91,601.09,0
36914,76.92,603.11,0
36925,90.91,601.97,0
36936,90.91,601.68,0
36947,90.91,602.83,0
36959,83.33,601.13,0
36971,90.91,600.74,0
36982,83.33,602.59,0
36994,83.33,602.56,0
37005,90.91,604.92,0
37016,90.91,604.62,0
37027,90.91,600.79,0
37040,76.92,600.70,0
37051,90.91,601.22,0
37062,90.91,602.36,0
37073,90.91,602.62,0
37085,83.33,602.94,0
37096,90.91,603.12,0
37108,83.33,602.51,0
37120,83.33,600.68,0
37131,90.91,605.29,0
37142,90.91,603.01,0
