66,15.15,721.90,0
77,90.91,641.94,0
89,83.33,527.43,0
100,90.91,507.73,0
111,90.91,612.11,0
123,83.33,715.74,0
135,83.33,700.62,0
146,90.91,583.03,0
157,90.91,503.51,0
168,90.91,546.90,0
180,83.33,669.10,0
192,83.33,726.97,0
203,90.91,651.97,0
215,83.33,534.96,0
226,90.91,509.81,0
237,90.91,602.45,0
248,90.91,709.83,0
261,76.92,701.55,0
272,90.91,589.62,0
283,90.91,503.87,0
294,90.91,542.89,0
306,83.33,661.24,0
318,90.91,722.51,0
329,83.33,655.79,0
340,90.91,537.34,0
352,83.33,505.72,0
363,90.91,597.06,0
374,90.91,705.23,0
387,76.92,708.04,0
398,90.91,600.96,0
409,90.91,505.88,0
420,90.91,534.10,0
432,83.33,657.35,0
443,90.91,724.93,0
455,83.33,662.27,0
466,90.91,543.73,0
478,83.33,504.41,0
489,90.91,588.66,0
500,90.91,702.80,0
512,83.33,714.53,0
524,83.33,608.81,0
535,90.91,510.62,0
546,90.91,531.80,0
558,83.33,648.32,0
569,90.91,723.82,0
580,90.91,673.52,0
592,83.33,551.08,0
604,83.33,497.04,0
615,90.91,577.57,0
626,90.91,696.79,0
637,90.91,717.01,0
650,83.33,616.96,0
661,83.33,513.09,0
672,90.91,521.90,0
684,83.33,634.57,0
695,90.91,723.46,0
706,90.91,680.38,0
718,83.33,557.67,0
730,83.33,502.00,0
741,90.91,570.93,0
752,90.91,687.15,0
763,90.91,720.01,0
775,83.33,625.71,0
787,83.33,519.72,0
798,90.91,518.19,0
809,90.91,625.39,0
821,83.33,720.87,0
832,90.91,690.04,0
843,90.91,567.56,0
856,76.92,501.90,0
867,90.91,559.94,0
878,90.91,678.75,0
889,90.91,722.13,0
901,83.33,638.04,0
912,90.91,525.49,0
924,83.33,514.19,0
935,90.91,616.70,0
947,83.33,714.36,0
958,90.91,693.13,0
969,90.91,578.46,0
982,90.91,505.55,0
993,76.92,550.97,0
1004,90.91,670.64,0
1015,90.91,723.63,0
1027,83.33,645.62,0
1038,90.91,531.97,0
1050,83.33,509.73,0
1061,90.91,606.95,0
1073,83.33,713.81,0
1084,90.91,701.11,0
1095,90.91,586.53,0
1106,90.91,506.09,0
1119,76.92,545.93,0
1130,90.91,668.87,0
1141,90.91,727.10,0
1153,83.33,652.88,0
1164,90.91,534.62,0
1175,90.91,503.03,0
1187,83.33,594.88,0
1199,83.33,708.09,0
1210,90.91,708.44,0
1221,90.91,594.71,0
1232,90.91,503.74,0
1244,83.33,539.09,0
1256,83.33,659.25,0
1267,90.91,725.70,0
1278,90.91,661.30,0
1290,83.33,541.88,0
1301,90.91,503.86,0
1313,90.91,591.37,0
1325,76.92,703.81,0
1336,90.91,711.88,0
1347,90.91,608.71,0
1358,90.91,511.29,0
1370,83.33,532.57,0
1382,83.33,650.59,0
1393,90.91,725.59,0
1404,90.91,670.04,0
1416,83.33,548.74,0
1427,90.91,503.45,0
1438,90.91,579.22,0
1451,76.92,694.00,0
1462,90.91,714.42,0
1473,90.91,612.00,0
1484,90.91,510.04,0
1496,83.33,525.74,0
1507,90.91,639.14,0
1519,83.33,722.81,0
1530,90.91,680.44,0
1542,83.33,560.65,0
1553,90.91,502.53,0
1564,90.91,570.00,0
1575,90.91,689.59,0
1588,76.92,719.54,0
1599,90.91,625.90,0
1610,90.91,520.83,0
1622,83.33,521.55,0
1633,90.91,626.72,0
1645,90.91,717.50,0
1656,83.33,686.27,0
1668,83.33,568.79,0
1679,90.91,503.97,0
1690,90.91,565.24,0
1701,90.91,683.83,0
1714,76.92,721.31,0
1725,90.91,633.10,0
1736,90.91,521.72,0
1747,90.91,513.91,0
1759,83.33,618.45,0
1770,90.91,718.65,0
1782,83.33,691.07,0
1794,83.33,574.19,0
1805,90.91,504.26,0
1816,90.91,554.08,0
1827,90.91,672.32,0
1839,83.33,720.75,0
1851,83.33,641.46,0
1862,90.91,529.65,0
1873,90.91,511.32,0
1885,83.33,608.40,0
1896,90.91,713.23,0
1907,90.91,703.00,0
1920,76.92,584.75,0
1931,90.91,502.30,0
1942,90.91,548.80,0
1953,90.91,667.26,0
1965,83.33,724.76,0
1976,90.91,653.47,0
1988,83.33,535.99,0
1999,90.91,508.43,0
2011,83.33,599.34,0
2022,90.91,709.62,0
2033,90.91,706.91,0
2045,90.91,593.02,0
2057,76.92,504.18,0
2068,90.91,540.29,0
2079,90.91,660.46,0
2091,83.33,724.13,0
2102,90.91,661.12,0
2114,83.33,542.14,0
2125,90.91,502.50,0
2137,83.33,590.29,0
2148,90.91,703.50,0
2159,90.91,714.16,0
2170,90.91,609.29,0
2183,76.92,512.08,0
2194,90.91,532.12,0
2205,90.91,645.19,0
2216,90.91,725.62,0
2228,83.33,677.02,0
2239,90.91,553.59,0
2251,83.33,501.77,0
2263,83.33,579.98,0
2274,90.91,699.24,0
2285,90.91,720.24,0
2296,90.91,617.05,0
2308,83.33,511.26,0
2320,83.33,520.14,0
2331,90.91,633.80,0
2342,90.91,721.15,0
2354,83.33,681.42,0
2365,90.91,562.48,0
2377,90.91,499.85,0
2388,83.33,563.08,0
2400,83.33,686.01,0
2411,90.91,724.66,0
2422,90.91,626.45,0
2434,83.33,518.31,0
2446,90.91,518.22,0
2457,83.33,623.00,0
2468,90.91,719.01,0
2480,83.33,691.97,0
2491,90.91,573.09,0
2502,90.91,501.81,0
2514,83.33,558.92,0
2526,83.33,679.28,0
2537,90.91,724.12,0
2548,90.91,640.78,0
2560,83.33,526.03,0
2571,90.91,509.32,0
2583,83.33,612.85,0
2594,90.91,719.53,0
2606,83.33,704.06,0
2617,90.91,583.26,0
2628,90.91,501.06,0
2639,90.91,550.26,0
2652,76.92,668.92,0
2663,90.91,728.48,0
2674,90.91,649.34,0
2685,90.91,530.85,0
2697,83.33,511.26,0
2708,90.91,606.49,0
2720,83.33,713.69,0
2732,83.33,705.31,0
2743,90.91,590.94,0
2754,90.91,502.74,0
2765,90.91,540.70,0
2778,83.33,660.22,0
2789,83.33,725.28,0
2800,90.91,657.59,0
2811,90.91,538.38,0
2823,83.33,505.63,0
2834,90.91,595.34,0
2846,83.33,705.90,0
2857,90.91,707.57,0
2869,83.33,597.22,0
2880,90.91,507.24,0
2891,90.91,533.89,0
2903,83.33,651.75,0
2915,83.33,724.28,0
2926,90.91,666.16,0
2937,90.91,547.70,0
2949,83.33,503.87,0
2960,90.91,583.49,0
2971,90.91,699.28,0
2983,83.33,712.88,0
2995,83.33,608.16,0
3006,90.91,510.80,0
3017,90.91,528.15,0
3028,90.91,642.50,0
3040,83.33,723.13,0
3052,83.33,678.75,0
3063,90.91,555.74,0
3075,83.33,500.98,0
3086,90.91,575.12,0
3097,90.91,691.93,0
3108,90.91,719.55,0
3121,76.92,621.41,0
3132,90.91,512.38,0
3143,90.91,519.54,0
3154,90.91,631.62,0
3166,83.33,722.09,0
3178,90.91,686.97,0
3189,83.33,563.08,0
3201,83.33,496.66,0
3212,90.91,563.84,0
3223,90.91,687.10,0
3234,90.91,724.63,0
3247,76.92,629.86,0
3258,90.91,516.37,0
3269,90.91,511.98,0
3280,90.91,619.71,0
3292,83.33,719.28,0
3303,90.91,693.61,0
3315,83.33,571.85,0
3326,90.91,497.64,0
3338,83.33,552.91,0
3349,90.91,673.36,0
3360,90.91,721.19,0
3372,83.33,643.07,0
3384,83.33,522.33,0
3395,90.91,503.57,0
3406,90.91,608.58,0
3418,83.33,716.79,0
3429,90.91,700.32,0
3440,90.91,583.89,0
3452,83.33,503.48,0
3464,83.33,544.48,0
3475,90.91,665.10,0
3486,90.91,728.49,0
3497,90.91,654.23,0
3510,83.33,534.65,0
3521,83.33,506.82,0
3532,90.91,601.83,0
3544,83.33,709.32,0
3555,90.91,708.62,0
3566,90.91,598.54,0
3578,83.33,504.28,0
3590,83.33,533.41,0
3601,90.91,653.81,0
3612,90.91,723.99,0
3623,90.91,661.18,0
3635,83.33,539.69,0
3647,83.33,503.40,0
3658,90.91,587.70,0
3670,83.33,702.72,0
3681,90.91,714.04,0
3692,90.91,605.43,0
3703,90.91,509.18,0
3716,76.92,532.60,0
3727,90.91,650.01,0
3738,90.91,726.09,0
3749,90.91,673.03,0
3761,83.33,552.88,0
3772,90.91,502.60,0
3784,83.33,577.06,0
3795,90.91,695.20,0
3807,83.33,718.90,0
3818,90.91,615.17,0
3829,90.91,511.30,0
3841,83.33,521.90,0
3853,83.33,633.91,0
3864,90.91,722.29,0
3875,90.91,681.22,0
3887,83.33,560.98,0
3898,90.91,504.16,0
3910,90.91,570.83,0
3921,83.33,690.28,0
3933,83.33,722.01,0
3944,90.91,627.17,0
3955,90.91,519.51,0
3966,90.91,516.25,0
3979,76.92,623.56,0
3990,90.91,722.84,0
4001,90.91,689.89,0
4013,83.33,569.28,0
4024,90.91,499.80,0
4035,90.91,558.90,0
4047,83.33,681.01,0
4059,83.33,720.94,0
4070,90.91,635.48,0
4081,90.91,521.88,0
4092,90.91,511.09,0
4104,83.33,616.07,0
4116,83.33,716.32,0
4127,90.91,696.54,0
4139,83.33,578.71,0
4150,90.91,501.97,0
4161,90.91,550.16,0
4172,90.91,673.66,0
4185,76.92,726.76,0
4196,90.91,646.76,0
4207,90.91,530.90,0
4218,90.91,508.72,0
4230,83.33,606.78,0
4242,90.91,711.91,0
4253,83.33,702.00,0
4264,90.91,587.64,0
4276,83.33,505.67,0
4287,90.91,545.94,0
4298,90.91,662.95,0
4311,76.92,723.34,0
4322,90.91,656.66,0
4333,90.91,536.19,0
4344,90.91,506.85,0
4356,83.33,601.20,0
4367,90.91,708.76,0
4379,83.33,706.15,0
4390,90.91,598.59,0
4402,83.33,508.62,0
4413,90.91,538.22,0
4424,90.91,655.78,0
4435,90.91,726.11,0
4448,76.92,661.22,0
4459,90.91,543.35,0
4470,90.91,506.79,0
4482,83.33,587.57,0
4493,90.91,698.99,0
4504,90.91,711.89,0
4516,83.33,607.60,0
4528,83.33,508.09,0
4539,90.91,528.01,0
4550,90.91,647.66,0
4561,90.91,723.07,0
4573,83.33,668.04,0
4585,83.33,551.41,0
4596,90.91,503.10,0
4608,83.33,580.56,0
4619,90.91,695.81,0
4630,90.91,716.17,0
4642,90.91,613.78,0
4654,76.92,513.40,0
4665,90.91,527.67,0
4676,90.91,639.23,0
4687,90.91,723.09,0
4699,83.33,681.00,0
4711,83.33,560.85,0
4722,90.91,502.32,0
4733,90.91,570.96,0
4745,83.33,691.86,0
4756,90.91,721.53,0
4767,90.91,625.98,0
4780,76.92,517.70,0
4791,90.91,517.99,0
4802,90.91,630.99,0
4813,90.91,723.64,0
4825,83.33,687.18,0
4836,90.91,566.82,0
4848,83.33,502.32,0
4859,90.91,562.63,0
4871,83.33,683.02,0
4882,90.91,723.37,0
4893,90.91,633.21,0
4904,90.91,522.69,0
4917,76.92,517.85,0
4928,90.91,621.65,0
4939,90.91,717.61,0
4951,83.33,693.69,0
4962,90.91,573.27,0
4974,90.91,498.07,0
4985,83.33,554.16,0
4997,83.33,678.42,0
5008,90.91,722.90,0
5019,90.91,639.92,0
5030,90.91,528.92,0
5043,76.92,512.92,0
5054,90.91,612.07,0
5065,90.91,715.97,0
5076,90.91,698.36,0
5088,83.33,579.94,0
5099,90.91,504.54,0
5111,83.33,549.93,0
5123,83.33,667.31,0
5134,90.91,724.26,0
5145,90.91,650.85,0
5156,90.91,530.97,0
5168,83.33,507.36,0
5180,83.33,605.85,0
5191,90.91,710.80,0
5202,90.91,703.08,0
5214,83.33,591.00,0
5225,90.91,504.37,0
5236,90.91,542.13,0
5249,76.92,662.86,0
5260,90.91,724.66,0
5271,90.91,655.58,0
5282,90.91,538.62,0
5294,83.33,507.05,0
5306,90.91,595.92,0
5317,83.33,708.92,0
5328,90.91,710.24,0
5340,83.33,598.29,0
5351,90.91,508.01,0
5362,90.91,536.10,0
5374,83.33,651.78,0
5386,83.33,724.21,0
5397,90.91,664.23,0
5408,90.91,543.15,0
5420,83.33,501.75,0
5431,90.91,586.40,0
5443,83.33,700.72,0
5454,90.91,710.36,0
5466,83.33,611.09,0
5477,90.91,512.23,0
5488,90.91,526.82,0
5499,90.91,644.60,0
5512,76.92,726.68,0
5523,90.91,673.70,0
5534,90.91,554.24,0
5545,90.91,505.92,0
5557,83.33,574.78,0
5568,90.91,692.62,0
5580,83.33,721.61,0
5592,83.33,621.95,0
5603,90.91,515.16,0
5614,90.91,522.75,0
5625,90.91,635.49,0
5638,83.33,720.47,0
5649,83.33,681.20,0
5660,90.91,560.77,0
5671,90.91,497.79,0
5683,83.33,566.76,0
5694,90.91,692.26,0
5706,83.33,721.56,0
5718,83.33,624.30,0
5729,90.91,517.95,0
5740,90.91,516.34,0
5751,90.91,624.23,0
5763,83.33,722.79,0
5775,83.33,690.38,0
5786,90.91,567.05,0
5797,90.91,498.83,0
5809,83.33,561.37,0
5820,90.91,683.57,0
5831,90.91,723.04,0
5843,83.33,639.23,0
5855,83.33,527.11,0
5866,90.91,512.00,0
5877,90.91,616.00,0
5889,83.33,715.68,0
5900,90.91,695.17,0
5912,83.33,578.10,0
5923,90.91,501.10,0
5935,83.33,551.41,0
5946,90.91,674.21,0
5957,90.91,727.05,0
5968,90.91,645.26,0
5981,76.92,524.00,0
5992,90.91,506.21,0
6003,90.91,607.01,0
6014,90.91,716.29,0
6026,83.33,707.60,0
6038,90.91,586.91,0
6049,83.33,500.25,0
6061,83.33,543.24,0
6072,90.91,662.72,0
6083,90.91,725.35,0
6094,90.91,657.23,0
6107,76.92,537.65,0
6118,90.91,504.93,0
6129,90.91,600.12,0
6140,90.91,711.92,0
6152,83.33,706.13,0
6163,90.91,592.15,0
6175,83.33,502.09,0
6187,83.33,535.77,0
6198,90.91,656.86,0
6209,90.91,728.23,0
6220,90.91,662.48,0
6232,83.33,540.55,0
6244,83.33,502.30,0
6255,90.91,587.93,0
6266,90.91,703.33,0
6278,83.33,714.17,0
6289,90.91,606.15,0
6300,90.91,508.64,0
6312,83.33,532.09,0
6324,83.33,647.70,0
6335,90.91,724.12,0
6346,90.91,669.29,0
6358,83.33,549.28,0
6369,90.91,502.17,0
6381,83.33,581.56,0
6392,90.91,698.59,0
6404,83.33,715.40,0
6415,90.91,616.00,0
6426,90.91,513.56,0
6438,90.91,525.14,0
6450,76.92,640.11,0
6461,90.91,723.39,0
6472,90.91,675.01,0
6483,90.91,553.59,0
6495,83.33,501.39,0
6507,83.33,575.21,0
6518,90.91,692.06,0
6530,83.33,716.22,0
6541,90.91,619.81,0
6552,90.91,515.49,0
6563,90.91,520.58,0
6576,76.92,631.22,0
6587,90.91,722.71,0
6598,90.91,687.37,0
6609,90.91,566.70,0
6621,83.33,503.70,0
6632,90.91,566.39,0
6644,83.33,682.50,0
6656,83.33,718.12,0
6667,90.91,628.85,0
6678,90.91,521.91,0
6689,90.91,519.95,0
6701,83.33,625.93,0
6713,83.33,717.89,0
6724,90.91,686.18,0
6735,90.91,568.06,0
6747,83.33,500.66,0
6758,90.91,561.31,0
6769,90.91,680.98,0
6781,83.33,720.79,0
6793,83.33,636.16,0
6804,90.91,527.59,0
6815,90.91,515.53,0
6827,83.33,618.50,0
6839,90.91,714.20,0
6850,83.33,691.42,0
6861,90.91,579.07,0
6873,83.33,507.44,0
6884,90.91,553.84,0
6895,90.91,671.86,0
6907,83.33,722.78,0
6919,83.33,641.49,0
6930,90.91,526.99,0
6941,90.91,511.39,0
6952,90.91,612.82,0
6964,83.33,712.46,0
6976,83.33,695.59,0
6987,90.91,586.16,0
6999,83.33,504.11,0
7010,90.91,547.81,0
7021,90.91,669.81,0
7032,90.91,722.22,0
7045,76.92,646.48,0
7056,90.91,537.30,0
7067,90.91,512.66,0
7078,90.91,601.37,0
7090,83.33,706.36,0
7101,90.91,701.24,0
7113,83.33,588.00,0
7124,90.91,504.97,0
7136,83.33,544.90,0
7147,90.91,660.35,0
7158,90.91,720.45,0
7171,83.33,655.43,0
7182,83.33,540.82,0
7193,90.91,508.17,0
7204,90.91,598.55,0
7216,83.33,704.72,0
7227,90.91,703.27,0
7239,90.91,598.03,0
7250,83.33,508.10,0
7262,83.33,538.39,0
7273,90.91,656.78,0
7284,90.91,723.37,0
7296,83.33,658.92,0
7308,83.33,543.90,0
7319,90.91,507.50,0
7330,90.91,590.66,0
7342,83.33,701.20,0
7353,90.91,709.13,0
7364,90.91,603.65,0
7376,83.33,511.40,0
7388,83.33,532.79,0
7399,90.91,648.83,0
7410,90.91,723.57,0
7421,90.91,669.28,0
7433,83.33,550.45,0
7445,83.33,505.23,0
7456,90.91,582.88,0
7468,83.33,699.21,0
7479,90.91,711.99,0
7490,90.91,609.12,0
7501,90.91,514.19,0
7514,76.92,528.30,0
7525,90.91,641.04,0
7536,90.91,723.02,0
7547,90.91,673.70,0
7559,83.33,555.26,0
7571,90.91,502.04,0
7582,83.33,573.09,0
7593,90.91,690.82,0
7605,83.33,717.64,0
7616,90.91,624.57,0
7627,90.91,517.43,0
7640,76.92,520.19,0
7651,90.91,632.55,0
7662,90.91,719.75,0
7673,90.91,676.78,0
7685,83.33,560.96,0
7696,90.91,502.44,0
7708,83.33,564.22,0
7719,90.91,682.74,0
7731,83.33,718.33,0
7742,90.91,627.75,0
7753,90.91,520.88,0
7764,90.91,515.23,0
7777,76.92,623.34,0
7788,90.91,716.90,0
7799,90.91,688.92,0
7811,83.33,571.50,0
7822,90.91,502.56,0
7833,90.91,558.79,0
7845,83.33,678.59,0
7857,83.33,721.23,0
7868,90.91,637.35,0
7879,90.91,526.07,0
7890,90.91,512.91,0
7902,83.33,616.09,0
7914,83.33,714.93,0
7925,90.91,695.01,0
7937,83.33,581.97,0
7948,90.91,504.64,0
7959,90.91,550.26,0
7971,90.91,668.46,0
7983,76.92,721.78,0
7994,90.91,645.02,0
8005,90.91,529.61,0
8016,90.91,508.82,0
8028,83.33,605.19,0
8040,83.33,711.07,0
8051,90.91,701.05,0
8062,90.91,587.87,0
8074,83.33,501.37,0
8085,90.91,540.20,0
8096,90.91,663.70,0
8109,76.92,724.50,0
8120,90.91,654.43,0
8131,90.91,539.39,0
8142,90.91,507.13,0
8154,83.33,595.95,0
8165,90.91,707.58,0
8177,83.33,709.88,0
8188,90.91,596.66,0
8200,83.33,505.28,0
8211,90.91,537.41,0
8222,90.91,653.05,0
8233,90.91,723.13,0
8246,76.92,662.44,0
8257,90.91,542.47,0
8268,90.91,504.90,0
8280,83.33,587.74,0
8291,90.91,701.27,0
8302,90.91,711.39,0
8314,83.33,605.23,0
8326,83.33,506.85,0
8337,90.91,528.80,0
8348,90.91,648.44,0
8359,90.91,725.88,0
8372,83.33,671.29,0
8383,90.91,549.20,0
8394,90.91,500.71,0
8406,83.33,580.12,0
8417,90.91,698.83,0
8428,90.91,717.00,0
8440,83.33,614.22,0
8452,83.33,515.11,0
8463,90.91,526.93,0
8474,90.91,638.47,0
8485,90.91,723.73,0
8497,83.33,677.04,0
8509,83.33,558.10,0
8520,90.91,502.36,0
8531,90.91,575.77,0
8543,83.33,691.38,0
8554,90.91,715.82,0
8565,90.91,622.09,0
8578,76.92,520.00,0
8589,90.91,518.93,0
8600,90.91,632.24,0
8611,90.91,723.65,0
8623,83.33,680.89,0
8634,90.91,560.53,0
8646,83.33,504.02,0
8657,90.91,566.95,0
8669,83.33,685.12,0
8680,90.91,722.47,0
8691,90.91,629.17,0
8704,90.91,518.11,0
8715,76.92,519.62,0
8726,90.91,625.92,0
8737,90.91,718.73,0
8749,83.33,689.70,0
8760,90.91,572.22,0
8772,83.33,501.18,0
8783,90.91,556.46,0
8795,83.33,673.85,0
8806,90.91,719.00,0
8817,90.91,637.03,0
8828,90.91,524.48,0
8841,76.92,509.01,0
8852,90.91,612.65,0
8863,90.91,715.91,0
8875,83.33,694.61,0
8886,90.91,577.97,0
8897,90.91,501.67,0
8909,83.33,548.54,0
8921,83.33,669.25,0
8932,90.91,724.07,0
8943,90.91,647.73,0
8954,90.91,530.87,0
8966,83.33,508.74,0
8978,83.33,602.14,0
8989,90.91,711.59,0
9000,90.91,706.80,0
9012,83.33,590.94,0
9023,90.91,503.81,0
9034,90.91,541.58,0
9047,76.92,663.52,0
9058,90.91,726.52,0
9069,90.91,656.44,0
9080,90.91,540.27,0
9092,83.33,507.58,0
9104,90.91,593.67,0
9115,83.33,702.74,0
9126,90.91,707.00,0
9138,83.33,598.84,0
9149,90.91,504.93,0
9160,90.91,535.70,0
9172,83.33,654.57,0
9184,83.33,725.60,0
9195,90.91,664.90,0
9206,90.91,543.79,0
9218,83.33,499.62,0
9229,90.91,582.60,0
9241,83.33,704.37,0
9252,90.91,715.97,0
9264,83.33,605.66,0
9275,90.91,505.17,0
9286,90.91,523.90,0
9297,90.91,642.77,0
9310,76.92,726.77,0
9321,90.91,677.59,0
9332,90.91,552.95,0
9344,83.33,501.26,0
9355,90.91,577.71,0
9366,90.91,698.05,0
9378,83.33,718.88,0
9390,83.33,617.96,0
9401,90.91,513.60,0
9412,90.91,520.98,0
9423,90.91,634.64,0
9435,83.33,725.17,0
9447,83.33,683.34,0
9458,90.91,561.09,0
9469,90.91,499.76,0
9481,83.33,565.91,0
9492,90.91,686.32,0
9504,90.91,723.18,0
9516,76.92,627.93,0
9527,90.91,517.89,0
9538,90.91,519.50,0
9549,90.91,625.13,0
9561,83.33,717.88,0
9573,83.33,688.80,0
9584,90.91,569.59,0
9595,90.91,495.68,0
9607,83.33,555.56,0
9618,90.91,681.19,0
9629,90.91,725.39,0
9641,83.33,640.29,0
9653,83.33,527.06,0
9664,90.91,512.37,0
9675,90.91,611.72,0
9687,83.33,714.35,0
9698,90.91,696.58,0
9710,83.33,580.57,0
9721,90.91,504.53,0
9733,83.33,552.48,0
9744,90.91,670.75,0
9755,90.91,724.68,0
9766,90.91,645.59,0
9779,76.92,528.18,0
9790,90.91,508.70,0
9801,90.91,608.53,0
9812,90.91,709.81,0
9824,83.33,698.22,0
9835,90.91,584.93,0
9847,83.33,501.81,0
9859,83.33,544.45,0
9870,90.91,665.64,0
9881,90.91,722.46,0
9892,90.91,653.16,0
9905,83.33,537.92,0
9916,83.33,511.67,0
9927,90.91,601.85,0
9938,90.91,707.78,0
9950,83.33,704.47,0
9961,90.91,592.56,0
9973,83.33,508.92,0
9985,83.33,543.38,0
9996,90.91,660.22,0
10007,90.91,724.26,0
10018,90.91,658.47,0
10030,83.33,540.23,0
10042,83.33,505.94,0
10053,90.91,590.57,0
10064,90.91,702.87,0
10076,83.33,709.46,0
10087,90.91,603.77,0
10098,90.91,512.06,0
10110,83.33,534.37,0
10122,83.33,650.16,0
10133,90.91,722.38,0
10144,90.91,663.90,0
10156,83.33,543.79,0
10167,90.91,504.95,0
10179,83.33,587.06,0
10190,90.91,697.27,0
10202,83.33,709.49,0
10213,90.91,608.89,0
10224,90.91,512.92,0
10236,90.91,530.22,0
10248,76.92,642.10,0
10259,90.91,718.59,0
10270,90.91,670.01,0
10281,90.91,552.88,0
10293,83.33,501.85,0
10305,90.91,576.49,0
10316,83.33,693.68,0
10328,83.33,713.57,0
10339,90.91,615.76,0
10350,90.91,516.27,0
10361,90.91,524.26,0
10374,76.92,634.19,0
10385,90.91,723.72,0
10396,90.91,681.03,0
10407,90.91,558.38,0
10419,83.33,501.94,0
10430,90.91,570.64,0
10442,83.33,687.50,0
10454,83.33,720.55,0
10465,90.91,626.90,0
10476,90.91,516.73,0
10487,90.91,514.53,0
10499,83.33,626.06,0
10511,83.33,717.96,0
10522,90.91,685.89,0
10533,90.91,568.45,0
10545,83.33,502.72,0
10556,90.91,559.41,0
10567,90.91,680.75,0
10579,83.33,722.59,0
10591,83.33,632.90,0
10602,90.91,521.18,0
10613,90.91,512.77,0
10625,83.33,616.82,0
10637,90.91,718.72,0
10648,83.33,695.91,0
10659,90.91,576.49,0
10671,83.33,500.43,0
10682,90.91,550.73,0
10693,90.91,671.48,0
10705,90.91,723.43,0
10717,76.92,644.48,0
10728,90.91,528.42,0
10739,90.91,509.67,0
10750,90.91,608.02,0
10762,83.33,712.89,0
10774,83.33,701.39,0
10785,90.91,587.83,0
10797,83.33,503.77,0
10808,90.91,541.30,0
10819,90.91,664.40,0
10830,90.91,727.35,0
10843,76.92,655.94,0
10854,90.91,535.19,0
10865,90.91,507.11,0
10876,90.91,595.49,0
10888,83.33,702.69,0
10899,90.91,706.50,0
10911,83.33,598.20,0
10923,83.33,508.92,0
10934,90.91,538.54,0
10945,90.91,653.96,0
10956,90.91,722.00,0
10968,83.33,663.44,0
10980,83.33,547.45,0
10991,90.91,502.40,0
11002,90.91,583.97,0
11014,83.33,699.25,0
11025,90.91,710.69,0
11037,90.91,607.62,0
11048,83.33,512.32,0
11060,83.33,527.03,0
11071,90.91,640.99,0
11082,90.91,721.03,0
11094,83.33,669.10,0
11106,90.91,553.29,0
11117,90.91,503.48,0
11128,90.91,576.75,0
11140,83.33,694.01,0
11151,90.91,719.04,0
11162,90.91,615.88,0
11174,83.33,512.18,0
11186,83.33,526.60,0
11197,90.91,640.24,0
11208,90.91,722.58,0
11219,90.91,680.04,0
11231,83.33,562.84,0
11243,83.33,502.74,0
11254,90.91,569.80,0
11266,83.33,691.71,0
11277,90.91,717.88,0
11288,90.91,621.76,0
11299,90.91,516.85,0
11312,76.92,520.22,0
11323,90.91,629.92,0
11334,90.91,720.75,0
11345,90.91,688.88,0
11357,83.33,564.37,0
11368,90.91,496.86,0
11380,83.33,561.27,0
11392,83.33,682.77,0
11403,90.91,721.07,0
11414,90.91,636.49,0
11425,90.91,525.53,0
11438,83.33,513.87,0
11449,83.33,618.02,0
11460,90.91,720.23,0
11471,90.91,695.93,0
11483,83.33,577.28,0
11494,90.91,502.65,0
11506,90.91,554.56,0
11517,83.33,675.24,0
11529,83.33,724.92,0
11540,90.91,644.19,0
11551,90.91,528.70,0
11563,83.33,507.26,0
11575,83.33,604.32,0
11586,90.91,710.39,0
11597,90.91,699.28,0
11609,83.33,583.14,0
11620,90.91,502.11,0
11631,90.91,545.51,0
11643,83.33,668.36,0
11655,83.33,723.30,0
11666,90.91,649.43,0
11677,90.91,535.78,0
11688,90.91,508.63,0
11700,83.33,599.69,0
11712,83.33,708.13,0
11723,90.91,708.07,0
11735,83.33,594.69,0
11746,90.91,507.15,0
11757,90.91,537.89,0
11768,90.91,656.35,0
11781,76.92,725.85,0
11792,90.91,661.07,0
11803,90.91,541.31,0
11814,90.91,503.57,0
11826,83.33,591.89,0
11838,90.91,703.19,0
11849,83.33,708.23,0
11860,90.91,602.95,0
11872,83.33,505.77,0
11883,90.91,530.22,0
11894,90.91,651.82,0
11907,83.33,727.41,0
11918,83.33,671.12,0
11929,90.91,551.71,0
11940,90.91,502.66,0
11952,83.33,578.45,0
11963,90.91,696.78,0
11975,83.33,715.01,0
11986,90.91,609.26,0
11998,83.33,507.20,0
12009,90.91,523.39,0
12020,90.91,639.04,0
12032,83.33,721.64,0
12044,83.33,675.64,0
12055,90.91,555.55,0
12066,90.91,499.03,0
12078,83.33,570.90,0
12089,90.91,692.84,0
12100,90.91,723.48,0
12112,83.33,625.58,0
12124,83.33,515.36,0
12135,90.91,518.06,0
12146,90.91,627.13,0
12157,90.91,725.24,0
12169,83.33,692.85,0
12181,83.33,567.94,0
12192,90.91,500.05,0
12204,83.33,560.48,0
12215,90.91,681.66,0
12226,90.91,722.18,0
12237,90.91,632.08,0
12250,76.92,520.54,0
12261,90.91,514.56,0
12272,90.91,621.48,0
12283,90.91,718.36,0
12295,83.33,693.76,0
12307,90.91,575.33,0
12318,83.33,500.16,0
12329,90.91,551.19,0
12341,83.33,674.03,0
12352,90.91,726.31,0
12363,90.91,644.07,0
12376,76.92,528.47,0
12387,90.91,511.41,0
12398,90.91,607.96,0
12409,90.91,716.19,0
12421,83.33,703.29,0
12432,90.91,583.97,0
12444,83.33,500.87,0
12455,90.91,545.62,0
12467,83.33,667.37,0
12478,90.91,725.95,0
12489,90.91,654.14,0
12500,90.91,532.70,0
12513,76.92,502.98,0
12524,90.91,598.27,0
12535,90.91,709.23,0
12547,83.33,706.62,0
12558,90.91,594.10,0
12569,90.91,504.51,0
12581,83.33,536.15,0
12593,83.33,652.79,0
12604,90.91,723.51,0
12615,90.91,661.64,0
12626,90.91,542.73,0
12638,83.33,504.39,0
12650,83.33,588.02,0
12661,90.91,703.59,0
12673,83.33,712.64,0
12684,90.91,603.31,0
12695,90.91,506.76,0
12707,90.91,529.35,0
12719,76.92,649.20,0
12730,90.91,726.78,0
12741,90.91,672.23,0
12752,90.91,547.83,0
12764,83.33,500.84,0
12776,83.33,580.00,0
12787,90.91,698.12,0
12798,90.91,717.03,0
12810,83.33,615.11,0
12821,90.91,513.95,0
12832,90.91,522.48,0
12845,76.92,634.55,0
12856,90.91,722.65,0
12867,90.91,680.05,0
12878,90.91,557.61,0
12890,83.33,501.40,0
12901,90.91,569.84,0
12913,83.33,688.55,0
12924,90.91,719.55,0
12936,83.33,624.73,0
12947,90.91,518.79,0
12958,90.91,520.42,0
12969,90.91,628.32,0
12982,76.92,720.32,0
12993,90.91,686.16,0
13004,90.91,564.54,0
13016,83.33,501.92,0
13027,90.91,566.39,0
13039,90.91,683.93,0
13050,83.33,722.63,0
13062,83.33,634.80,0
13073,90.91,523.89,0
13084,90.91,517.64,0
13095,90.91,620.75,0
13108,83.33,715.31,0
13119,90.91,690.69,0
13130,90.91,571.32,0
13142,83.33,502.67,0
13153,90.91,555.83,0
13164,90.91,674.69,0
13176,83.33,724.66,0
13188,83.33,642.36,0
13199,90.91,525.99,0
13210,90.91,509.73,0
13221,90.91,609.35,0
13233,83.33,712.78,0
13245,83.33,696.55,0
13256,90.91,581.95,0
13267,90.91,503.21,0
13279,83.33,550.35,0
13290,90.91,672.03,0
13301,90.91,725.75,0
13314,76.92,649.15,0
13325,90.91,533.31,0
13336,90.91,508.49,0
13347,90.91,602.46,0
13359,83.33,709.00,0
13370,90.91,701.96,0
13382,83.33,591.95,0
13393,90.91,504.04,0
13405,83.33,538.18,0
13416,90.91,660.07,0
13427,90.91,725.16,0
13440,90.91,657.03,0
13451,76.92,536.40,0
13462,90.91,505.28,0
13473,90.91,593.18,0
13485,83.33,705.91,0
13496,90.91,712.71,0
13508,83.33,603.10,0
13519,90.91,509.24,0
13531,83.33,535.62,0
13542,90.91,652.52,0
13553,90.91,723.18,0
13564,90.91,666.50,0
13577,76.92,547.58,0
13588,90.91,502.25,0
13599,90.91,582.86,0
13611,83.33,702.33,0
13622,90.91,713.85,0
13633,90.91,606.13,0
13645,83.33,508.23,0
13657,83.33,529.19,0
13668,90.91,643.05,0
13679,90.91,727.41,0
13690,90.91,678.96,0
13702,83.33,553.00,0
13714,83.33,501.51,0
13725,90.91,577.90,0
13736,90.91,692.28,0
13748,83.33,715.09,0
13759,90.91,617.94,0
13770,90.91,509.07,0
13783,76.92,517.43,0
13794,90.91,634.99,0
13805,90.91,722.43,0
13816,90.91,679.52,0
13828,83.33,563.59,0
13840,90.91,499.86,0
13851,83.33,563.97,0
13862,90.91,688.30,0
13874,83.33,720.99,0
13885,90.91,624.80,0
13896,90.91,519.46,0
13908,90.91,519.50,0
13920,76.92,626.23,0
13931,90.91,719.04,0
13942,90.91,691.30,0
13954,83.33,572.64,0
13965,90.91,499.99,0
13977,83.33,558.26,0
13988,90.91,679.39,0
14000,83.33,721.84,0
14011,90.91,636.93,0
14022,90.91,525.16,0
14033,90.91,512.43,0
14046,76.92,614.96,0
14057,90.91,713.57,0
14068,90.91,693.78,0
14080,83.33,577.56,0
14091,90.91,503.58,0
14102,90.91,552.84,0
14114,83.33,674.04,0
14126,83.33,725.27,0
14137,90.91,645.97,0
14148,90.91,528.59,0
14159,90.91,507.07,0
14171,83.33,607.05,0
14183,83.33,712.55,0
14194,90.91,704.55,0
14205,90.91,588.75,0
14217,83.33,501.65,0
14228,90.91,541.33,0
14240,90.91,662.43,0
14252,76.92,723.77,0
14263,90.91,654.63,0
14274,90.91,536.17,0
14285,90.91,506.08,0
14297,83.33,596.57,0
14309,90.91,709.26,0
14320,90.91,711.71,0
14331,90.91,599.65,0
14343,83.33,504.33,0
14354,90.91,536.05,0
14365,90.91,655.86,0
14377,83.33,725.59,0
14389,83.33,666.91,0
14400,90.91,546.32,0
14411,90.91,502.95,0
14423,83.33,589.56,0
14434,90.91,703.16,0
14446,83.33,712.50,0
14457,90.91,606.21,0
14469,83.33,508.40,0
14480,90.91,528.05,0
14491,90.91,645.16,0
14502,90.91,724.81,0
14515,76.92,669.16,0
14526,90.91,552.00,0
14537,90.91,504.34,0
14548,90.91,577.11,0
14560,83.33,694.31,0
14571,90.91,718.29,0
14583,83.33,620.80,0
14595,83.33,517.33,0
14606,90.91,522.92,0
14617,90.91,632.85,0
14628,90.91,719.75,0
14641,83.33,681.45,0
14652,83.33,561.39,0
14663,90.91,499.93,0
14674,90.91,567.60,0
14686,83.33,687.24,0
14697,90.91,718.58,0
14709,90.91,629.50,0
14721,83.33,520.89,0
14732,90.91,515.65,0
14743,90.91,622.89,0
14754,90.91,720.19,0
14766,83.33,688.75,0
14778,83.33,569.49,0
14789,90.91,503.80,0
14800,90.91,558.75,0
14812,83.33,677.04,0
14823,90.91,725.29,0
14834,90.91,638.76,0
14846,83.33,522.91,0
14858,83.33,512.22,0
14869,90.91,617.15,0
14880,90.91,714.70,0
14892,83.33,696.58,0
14903,90.91,580.56,0
14915,83.33,499.88,0
14926,90.91,548.79,0
14938,83.33,674.83,0
14949,90.91,727.52,0
14960,90.91,645.57,0
14971,90.91,531.54,0
14984,76.92,511.49,0
14995,90.91,603.63,0
15006,90.91,711.70,0
15017,90.91,704.50,0
15029,83.33,590.16,0
15041,90.91,506.92,0
15052,83.33,548.31,0
15064,83.33,664.81,0
15075,90.91,724.81,0
15086,90.91,656.58,0
15097,90.91,538.52,0
15110,76.92,503.46,0
15121,90.91,597.98,0
15132,90.91,708.47,0
15143,90.91,705.82,0
15155,83.33,596.59,0
15166,90.91,508.57,0
15178,83.33,535.72,0
15190,83.33,653.38,0
15201,90.91,728.00,0
15212,90.91,664.45,0
15223,90.91,543.14,0
15235,83.33,505.82,0
15247,83.33,586.19,0
15258,90.91,698.51,0
15269,90.91,714.23,0
15281,83.33,607.54,0
15292,90.91,507.63,0
15303,90.91,527.84,0
15315,83.33,645.16,0
15327,83.33,724.03,0
15338,90.91,677.19,0
15349,90.91,557.20,0
15361,83.33,500.32,0
15372,90.91,574.43,0
15384,83.33,694.95,0
15395,90.91,717.67,0
15407,83.33,620.81,0
15418,90.91,518.04,0
15429,90.91,521.36,0
15441,90.91,630.30,0
15453,76.92,721.10,0
15464,90.91,686.02,0
15475,90.91,563.60,0
15486,90.91,498.96,0
15498,83.33,565.85,0
15510,83.33,686.13,0
15521,90.91,722.07,0
15533,83.33,632.95,0
15544,90.91,518.99,0
15555,90.91,513.00,0
15566,90.91,619.10,0
15579,76.92,718.32,0
15590,90.91,692.59,0
15601,90.91,574.95,0
15612,90.91,503.02,0
15624,83.33,554.01,0
15635,90.91,674.27,0
15647,83.33,725.62,0
15659,83.33,644.01,0
15670,90.91,526.23,0
15681,90.91,509.91,0
15692,90.91,611.17,0
15704,83.33,714.08,0
15716,83.33,701.26,0
15727,90.91,584.07,0
15738,90.91,501.68,0
15750,83.33,544.02,0
15761,90.91,666.13,0
15772,90.91,726.10,0
15784,83.33,652.42,0
15796,83.33,534.47,0
15807,90.91,506.24,0
15818,90.91,598.16,0
15830,83.33,709.43,0
15842,90.91,707.30,0
15853,83.33,594.99,0
15864,90.91,504.79,0
15876,83.33,537.74,0
15887,90.91,655.03,0
15898,90.91,724.19,0
15910,83.33,660.46,0
15922,83.33,540.25,0
15933,90.91,502.85,0
15944,90.91,586.01,0
15955,90.91,701.73,0
15967,83.33,714.05,0
15979,83.33,605.48,0
15990,90.91,505.48,0
16002,83.33,527.76,0
16013,90.91,649.34,0
16024,90.91,725.55,0
16035,90.91,671.11,0
16048,76.92,549.64,0
16059,90.91,499.37,0
16070,90.91,572.64,0
16081,90.91,692.50,0
16093,83.33,717.69,0
16104,90.91,618.00,0
16116,83.33,514.00,0
16128,83.33,524.97,0
16139,90.91,635.02,0
16150,90.91,724.00,0
16161,90.91,683.91,0
16174,83.33,562.23,0
16185,83.33,500.75,0
16196,90.91,566.91,0
16207,90.91,687.50,0
16219,83.33,721.44,0
16230,90.91,630.13,0
16242,90.91,520.30,0
16253,83.33,516.30,0
16265,83.33,620.81,0
16276,90.91,719.97,0
16287,90.91,691.37,0
16299,83.33,570.28,0
16311,83.33,500.51,0
16322,90.91,555.73,0
16333,90.91,676.52,0
16345,83.33,723.79,0
16356,90.91,640.17,0
16367,90.91,525.00,0
16379,83.33,510.61,0
16391,83.33,612.36,0
16402,90.91,715.71,0
16413,90.91,701.64,0
16424,90.91,583.61,0
16436,83.33,501.35,0
16448,83.33,548.01,0
16459,90.91,669.57,0
16471,83.33,724.79,0
16482,90.91,651.31,0
16493,90.91,533.93,0
16504,90.91,503.74,0
16517,76.92,596.95,0
16528,90.91,710.35,0
16539,90.91,704.33,0
16550,90.91,592.94,0
16562,83.33,510.66,0
16574,90.91,541.97,0
16585,83.33,657.75,0
16596,90.91,728.58,0
16608,83.33,662.96,0
16619,90.91,538.75,0
16630,90.91,499.93,0
16643,76.92,587.92,0
16654,90.91,704.50,0
16665,90.91,717.01,0
16676,90.91,608.04,0
16688,83.33,509.06,0
16699,90.91,528.25,0
16711,83.33,645.28,0
16722,90.91,726.49,0
16734,83.33,672.26,0
16745,90.91,549.97,0
16756,90.91,499.92,0
16768,83.33,575.89,0
16780,83.33,696.84,0
16791,90.91,718.51,0
16802,90.91,613.38,0
16814,83.33,510.90,0
16825,90.91,525.10,0
16836,90.91,636.89,0
16848,83.33,722.75,0
16860,83.33,682.68,0
16871,90.91,559.41,0
16882,90.91,498.55,0
16893,90.91,566.38,0
16905,83.33,688.38,0
16917,83.33,720.03,0
16928,90.91,626.07,0
16940,83.33,516.78,0
16951,90.91,517.44,0
16962,90.91,626.96,0
16974,90.91,721.00,0
16986,76.92,690.51,0
16997,90.91,571.40,0
17008,90.91,501.07,0
17019,90.91,560.15,0
17031,83.33,680.03,0
17043,83.33,722.73,0
17054,90.91,636.38,0
17065,90.91,523.21,0
17077,83.33,513.92,0
17088,90.91,617.41,0
17099,90.91,718.52,0
17112,76.92,693.20,0
17123,90.91,575.66,0
17134,90.91,502.96,0
17145,90.91,549.82,0
17157,83.33,671.31,0
17168,90.91,724.09,0
17180,83.33,646.46,0
17191,90.91,529.81,0
17203,83.33,508.09,0
17214,90.91,607.91,0
17225,90.91,714.98,0
17236,90.91,700.42,0
17249,76.92,585.56,0
17260,90.91,503.92,0
17271,90.91,543.15,0
17283,83.33,664.28,0
17294,90.91,728.42,0
17306,90.91,653.53,0
17317,83.33,534.27,0
17329,83.33,505.75,0
17340,90.91,600.59,0
17351,90.91,708.53,0
17362,90.91,707.17,0
17375,76.92,599.04,0
17386,90.91,504.44,0
17397,90.91,534.09,0
17409,83.33,655.71,0
17420,90.91,725.03,0
17431,90.91,660.68,0
17443,83.33,542.03,0
17455,83.33,504.35,0
17466,90.91,589.79,0
17477,90.91,707.46,0
17488,90.91,714.56,0
17500,83.33,603.18,0
17512,83.33,506.49,0
17523,90.91,532.81,0
17534,90.91,647.96,0
17546,83.33,725.26,0
17557,90.91,673.26,0
17568,90.91,551.13,0
17581,76.92,499.88,0
17592,90.91,578.06,0
17603,90.91,698.03,0
17614,90.91,716.01,0
17626,83.33,617.63,0
17637,90.91,514.48,0
17649,83.33,523.56,0
17660,90.91,636.88,0
17672,83.33,726.57,0
17683,90.91,683.17,0
17694,90.91,558.00,0
17707,90.91,500.01,0
17718,76.92,569.42,0
17729,90.91,689.30,0
17740,90.91,720.45,0
17752,83.33,623.71,0
17763,90.91,517.21,0
17775,83.33,521.09,0
17786,90.91,629.85,0
17798,83.33,719.51,0
17809,90.91,685.84,0
17820,90.91,565.38,0
17831,90.91,498.50,0
17844,76.92,564.76,0
17855,90.91,689.07,0
17866,90.91,726.28,0
17878,83.33,635.86,0
17889,90.91,524.49,0
17900,90.91,513.79,0
17912,83.33,617.36,0
17924,83.33,721.21,0
17935,90.91,698.22,0
17946,90.91,574.16,0
17957,90.91,500.91,0
17969,83.33,555.40,0
17981,83.33,674.86,0
17992,90.91,727.54,0
18003,90.91,647.44,0
18015,83.33,527.74,0
18026,90.91,506.42,0
18038,90.91,605.13,0
18050,76.92,714.57,0
18061,90.91,702.46,0
18072,90.91,586.51,0
18083,90.91,504.47,0
18095,83.33,543.74,0
18107,83.33,668.23,0
18118,90.91,732.78,0
18129,90.91,655.35,0
18141,83.33,533.59,0
18152,90.91,503.14,0
18163,90.91,595.50,0
18176,76.92,708.85,0
18187,90.91,712.20,0
18198,90.91,595.23,0
18209,90.91,501.38,0
18221,83.33,532.99,0
18232,90.91,658.25,0
18244,83.33,729.13,0
18255,90.91,665.42,0
18267,83.33,545.43,0
18278,90.91,502.72,0
18289,90.91,585.92,0
18300,90.91,705.82,0
18313,76.92,717.39,0
18324,90.91,606.98,0
18335,90.91,510.77,0
18347,83.33,531.51,0
18358,90.91,647.41,0
18370,90.91,727.95,0
18381,83.33,677.25,0
18393,83.33,550.09,0
18404,90.91,497.39,0
18415,90.91,574.61,0
18426,90.91,694.48,0
18439,76.92,717.38,0
18450,90.91,615.59,0
18461,90.91,511.46,0
18472,90.91,522.61,0
18484,83.33,634.37,0
18495,90.91,723.36,0
18507,83.33,685.12,0
18519,83.33,562.53,0
18530,90.91,500.12,0
18541,90.91,567.90,0
18552,90.91,688.88,0
18564,83.33,721.43,0
18576,83.33,625.23,0
18587,90.91,518.88,0
18598,90.91,515.94,0
18610,83.33,621.72,0
18621,90.91,721.11,0
18632,90.91,692.68,0
18644,83.33,574.26,0
18656,83.33,502.94,0
18667,90.91,557.01,0
18678,90.91,678.12,0
18690,83.33,721.94,0
18701,90.91,636.93,0
18713,83.33,522.81,0
18724,90.91,509.36,0
18736,83.33,612.27,0
18747,90.91,714.56,0
18758,90.91,698.08,0
18770,90.91,583.68,0
18782,76.92,504.13,0
18793,90.91,549.93,0
18804,90.91,667.51,0
18816,83.33,721.65,0
18827,90.91,648.76,0
18839,83.33,532.22,0
18850,90.91,507.50,0
18862,83.33,601.88,0
18873,90.91,708.02,0
18884,90.91,704.76,0
18895,90.91,593.23,0
18908,76.92,506.59,0
18919,90.91,541.71,0
18930,90.91,662.22,0
18941,90.91,725.92,0
18953,83.33,656.21,0
18964,90.91,538.49,0
18976,83.33,509.12,0
18988,83.33,597.88,0
18999,90.91,704.33,0
19010,90.91,709.04,0
19021,90.91,599.65,0
19033,83.33,506.63,0
19045,83.33,537.33,0
19056,90.91,652.28,0
19067,90.91,720.62,0
19079,83.33,663.80,0
19090,90.91,544.50,0
19102,90.91,503.85,0
19113,83.33,588.03,0
19125,83.33,703.72,0
19136,90.91,719.09,0
19147,90.91,610.51,0
19159,83.33,509.59,0
19171,90.91,528.52,0
19182,83.33,644.16,0
19193,90.91,726.03,0
19205,83.33,673.51,0
19216,90.91,550.77,0
19227,90.91,504.30,0
19239,83.33,577.33,0
19251,83.33,694.27,0
19262,90.91,720.20,0
19273,90.91,617.44,0
19284,90.91,510.68,0
19296,83.33,519.19,0
19308,83.33,632.66,0
19319,90.91,722.70,0
19331,83.33,685.42,0
19342,90.91,560.97,0
19353,90.91,498.31,0
19364,90.91,565.46,0
19377,76.92,688.96,0
19388,90.91,726.04,0
19399,90.91,629.66,0
19410,90.91,518.48,0
19422,83.33,518.03,0
19433,90.91,623.11,0
19445,83.33,720.29,0
19457,83.33,693.47,0
19468,90.91,570.40,0
19479,90.91,497.01,0
19490,90.91,553.99,0
19503,83.33,673.86,0
19514,83.33,724.58,0
19525,90.91,643.00,0
19536,90.91,528.42,0
19548,83.33,509.06,0
19559,90.91,609.23,0
19571,83.33,715.96,0
19582,90.91,699.89,0
19594,83.33,581.31,0
19605,90.91,501.00,0
19616,90.91,545.71,0
19628,83.33,669.34,0
19640,83.33,725.97,0
19651,90.91,650.56,0
19662,90.91,531.38,0
19674,83.33,504.45,0
19685,90.91,599.77,0
19696,90.91,712.43,0
19708,83.33,707.94,0
19720,83.33,594.11,0
19731,90.91,502.62,0
19742,90.91,535.28,0
19753,90.91,656.05,0
19765,83.33,726.06,0
19777,83.33,660.89,0
19788,90.91,540.95,0
19800,83.33,502.93,0
19811,90.91,589.62,0
19822,90.91,706.70,0
19834,90.91,716.65,0
19846,76.92,606.86,0
19857,90.91,507.26,0
19868,90.91,529.03,0
19879,90.91,649.11,0
19891,83.33,725.43,0
19903,83.33,671.66,0
19914,90.91,550.51,0
19926,83.33,501.05,0
19937,90.91,581.61,0
19948,90.91,698.76,0
19959,90.91,716.55,0
19972,76.92,613.16,0
19983,90.91,508.07,0
19994,90.91,520.31,0
20005,90.91,636.47,0
20017,83.33,725.88,0
20028,90.91,681.55,0
20040,83.33,559.35,0
20051,90.91,500.76,0
20063,83.33,573.27,0
20074,90.91,692.98,0
20085,90.91,722.54,0
20097,83.33,626.22,0
20109,83.33,515.71,0
20120,90.91,516.84,0
20131,90.91,631.29,0
20143,83.33,725.16,0
20154,90.91,687.13,0
20166,90.91,564.27,0
20177,83.33,499.11,0
20189,83.33,559.12,0
20200,90.91,680.07,0
20211,90.91,723.71,0
20222,90.91,635.34,0
20235,83.33,522.37,0
20246,83.33,513.62,0
20257,90.91,618.99,0
20269,83.33,718.65,0
20280,90.91,695.82,0
20291,90.91,576.20,0
20303,83.33,501.65,0
20315,83.33,555.56,0
20326,90.91,675.03,0
20337,90.91,723.49,0
20348,90.91,645.04,0
20360,83.33,529.85,0
20372,83.33,508.04,0
20383,90.91,604.59,0
20395,83.33,710.54,0
20406,90.91,701.23,0
20417,90.91,584.45,0
20428,90.91,500.55,0
20441,76.92,543.71,0
20452,90.91,664.43,0
20463,90.91,727.53,0
20474,90.91,655.48,0
20486,83.33,533.22,0
20497,90.91,505.25,0
20509,83.33,596.71,0
20520,90.91,709.99,0
20532,83.33,710.67,0
20543,90.91,595.81,0
20554,90.91,501.09,0
20567,83.33,532.79,0
20578,83.33,657.43,0
20589,90.91,729.31,0
20600,90.91,666.47,0
20612,83.33,544.06,0
20623,90.91,500.01,0
20635,83.33,581.69,0
20646,90.91,703.71,0
20658,83.33,719.52,0
20669,90.91,608.27,0
20680,90.91,509.82,0
20691,90.91,527.62,0
20704,76.92,641.48,0
20715,90.91,723.48,0
20726,90.91,676.02,0
20738,83.33,552.59,0
20749,90.91,497.85,0
20760,90.91,574.28,0
20772,83.33,694.46,0
20784,83.33,721.59,0
20795,90.91,623.23,0
20806,90.91,513.51,0
20817,90.91,517.51,0
20829,83.33,629.69,0
20841,83.33,723.18,0
20852,90.91,684.69,0
20864,83.33,563.30,0
20875,90.91,499.59,0
20886,90.91,563.14,0
20898,90.91,683.02,0
20910,76.92,722.11,0
20921,90.91,631.29,0
20932,90.91,519.41,0
20943,90.91,512.97,0
20955,83.33,616.65,0
20967,90.91,716.49,0
20978,83.33,695.16,0
20989,90.91,576.79,0
21001,83.33,502.30,0
21012,90.91,552.21,0
21023,90.91,674.23,0
21036,76.92,726.98,0
21047,90.91,642.57,0
21058,90.91,527.44,0
21069,90.91,507.71,0
21081,83.33,609.48,0
21092,90.91,715.79,0
21104,83.33,704.07,0
21115,90.91,589.17,0
21127,83.33,501.51,0
21138,90.91,545.30,0
21149,90.91,667.45,0
21160,90.91,726.12,0
21173,76.92,652.48,0
21184,90.91,532.74,0
21195,90.91,505.20,0
21207,83.33,596.69,0
21218,90.91,709.36,0
21229,90.91,710.30,0
21241,83.33,596.78,0
21253,83.33,503.20,0
21264,90.91,534.68,0
21275,90.91,655.37,0
21286,90.91,728.42,0
21299,83.33,662.90,0
21310,83.33,542.49,0
21321,90.91,501.08,0
21332,90.91,585.41,0
21344,83.33,702.40,0
21355,90.91,714.73,0
21367,83.33,606.13,0
21379,83.33,508.33,0
21390,90.91,528.80,0
21401,90.91,645.49,0
21412,90.91,725.06,0
21424,83.33,674.45,0
21436,83.33,552.38,0
21447,90.91,501.15,0
21458,90.91,576.72,0
21470,83.33,693.41,0
21481,90.91,717.99,0
21492,90.91,618.51,0
21505,76.92,516.19,0
21516,90.91,525.02,0
21527,90.91,636.41,0
21538,90.91,724.47,0
21550,83.33,682.32,0
21561,90.91,558.06,0
21573,83.33,499.07,0
21584,90.91,567.41,0
21596,83.33,688.59,0
21607,90.91,720.79,0
21618,90.91,625.01,0
21629,90.91,515.33,0
21642,76.92,514.13,0
21653,90.91,626.09,0
21664,90.91,723.52,0
21676,83.33,691.64,0
21687,90.91,569.55,0
21699,90.91,498.74,0
21710,83.33,558.77,0
21722,83.33,681.90,0
21733,90.91,723.31,0
21744,90.91,633.99,0
21755,90.91,522.78,0
21768,76.92,512.44,0
21779,90.91,617.76,0
21790,90.91,718.65,0
21801,90.91,697.18,0
21813,83.33,576.88,0
21824,90.91,500.79,0
21836,83.33,554.24,0
21848,83.33,677.09,0
21859,90.91,724.13,0
21870,90.91,642.10,0
21881,90.91,529.30,0
21893,83.33,511.09,0
21905,83.33,609.49,0
21916,90.91,716.08,0
21927,90.91,700.05,0
21939,83.33,582.73,0
21950,90.91,504.80,0
21961,90.91,549.25,0
21974,76.92,669.00,0
21985,90.91,728.16,0
21996,90.91,654.45,0
22007,90.91,533.72,0
22019,83.33,509.07,0
22031,90.91,604.43,0
22042,83.33,711.70,0
22053,90.91,703.72,0
22065,83.33,592.88,0
22076,90.91,506.88,0
22087,90.91,539.60,0
22099,83.33,658.59,0
22111,83.33,721.39,0
22122,90.91,655.38,0
22133,90.91,541.37,0
22145,83.33,508.70,0
22156,90.91,596.50,0
22168,83.33,702.50,0
22179,90.91,705.74,0
22191,83.33,601.02,0
22202,90.91,510.34,0
22213,90.91,536.85,0
22224,90.91,653.28,0
22237,76.92,721.03,0
22248,90.91,662.90,0
22259,90.91,546.18,0
22270,90.91,505.06,0
22282,83.33,587.31,0
22293,90.91,698.42,0
22305,83.33,709.18,0
22317,83.33,609.28,0
22328,90.91,513.85,0
22339,90.91,529.55,0
22350,90.91,643.54,0
22363,83.33,721.77,0
22374,83.33,673.16,0
22385,90.91,555.83,0
22396,90.91,505.64,0
22408,83.33,579.24,0
22419,90.91,694.94,0
22431,90.91,713.94,0
22443,76.92,618.34,0
22454,90.91,518.40,0
22465,90.91,526.68,0
22476,90.91,636.69,0
22488,83.33,719.98,0
22500,83.33,674.93,0
22511,90.91,556.02,0
22522,90.91,505.53,0
22534,83.33,575.62,0
22545,90.91,687.83,0
22556,90.91,715.52,0
22568,83.33,620.33,0
22580,83.33,516.50,0
22591,90.91,521.04,0
22602,90.91,631.82,0
22614,83.33,721.06,0
22625,90.91,682.80,0
22637,83.33,563.49,0
22648,90.91,504.46,0
22660,83.33,567.15,0
22671,90.91,684.35,0
22682,90.91,721.87,0
22693,90.91,632.41,0
22706,76.92,523.55,0
22717,90.91,519.06,0
22728,90.91,621.58,0
22739,90.91,715.59,0
22751,83.33,689.45,0
22763,90.91,571.47,0
22774,83.33,503.66,0
22786,83.33,559.13,0
22797,90.91,679.79,0
22808,90.91,722.95,0
22819,90.91,634.34,0
22832,76.92,523.10,0
22843,90.91,514.25,0
22854,90.91,617.87,0
22865,90.91,717.20,0
22877,83.33,694.79,0
22888,90.91,578.73,0
22900,83.33,501.30,0
22912,83.33,552.59,0
22923,90.91,672.98,0
22934,90.91,722.85,0
22945,90.91,641.88,0
22957,83.33,528.11,0
22969,83.33,511.65,0
22980,90.91,608.91,0
22991,90.91,714.69,0
23003,83.33,699.92,0
23014,90.91,584.54,0
23025,90.91,506.46,0
23037,83.33,545.90,0
23049,83.33,667.98,0
23060,90.91,726.23,0
23071,90.91,653.21,0
23083,83.33,538.57,0
23094,90.91,511.08,0
23106,83.33,604.83,0
23117,90.91,711.99,0
23129,83.33,704.87,0
23140,90.91,594.06,0
23151,90.91,507.83,0
23163,90.91,542.62,0
23175,76.92,661.09,0
23186,90.91,722.11,0
23197,90.91,656.18,0
23208,90.91,543.76,0
23220,83.33,510.63,0
23232,83.33,597.31,0
23243,90.91,708.60,0
23255,83.33,707.71,0
23266,90.91,599.28,0
23277,90.91,507.57,0
23288,90.91,537.29,0
23301,76.92,654.40,0
23312,90.91,725.28,0
23323,90.91,661.39,0
23334,90.91,544.56,0
23346,83.33,507.34,0
23357,90.91,590.42,0
23369,83.33,703.96,0
23380,90.91,711.29,0
23392,83.33,602.49,0
23403,90.91,507.74,0
23414,90.91,528.79,0
23426,83.33,647.26,0
23438,83.33,722.30,0
23449,90.91,665.93,0
23460,90.91,546.76,0
23472,83.33,504.84,0
23483,90.91,583.07,0
23495,90.91,695.25,0
23506,83.33,711.43,0
23518,83.33,611.63,0
23529,90.91,511.40,0
23540,90.91,527.84,0
23552,83.33,642.42,0
23564,83.33,721.54,0
23575,90.91,672.81,0
23586,90.91,555.49,0
23598,83.33,501.00,0
23609,90.91,575.27,0
23620,90.91,694.72,0
23632,83.33,716.04,0
23644,83.33,617.08,0
23655,90.91,516.94,0
23666,90.91,523.34,0
23677,90.91,634.17,0
23689,83.33,721.20,0
23701,83.33,683.53,0
23712,90.91,564.30,0
23724,83.33,503.75,0
23735,90.91,568.93,0
23746,90.91,686.63,0
23757,90.91,720.31,0
23770,76.92,626.51,0
23781,90.91,520.83,0
23792,90.91,517.90,0
23803,90.91,627.06,0
23815,83.33,719.17,0
23827,90.91,686.72,0
23838,83.33,568.85,0
23849,90.91,506.28,0
23861,83.33,564.51,0
23872,90.91,681.18,0
23883,90.91,719.48,0
23896,76.92,629.46,0
23907,90.91,525.09,0
23918,90.91,517.43,0
23929,90.91,621.85,0
23941,83.33,717.22,0
23952,90.91,690.67,0
23964,83.33,572.05,0
23975,90.91,502.00,0
23987,83.33,557.07,0
23998,90.91,674.27,0
24009,90.91,718.17,0
24020,90.91,636.73,0
24033,76.92,525.52,0
24044,90.91,512.49,0
24055,90.91,616.20,0
24067,83.33,717.75,0
24078,90.91,693.10,0
24089,90.91,577.20,0
24101,83.33,503.92,0
24113,83.33,553.49,0
24124,90.91,674.22,0
24135,90.91,723.52,0
24146,90.91,645.07,0
24159,83.33,530.64,0
24170,83.33,508.94,0
24181,90.91,605.44,0
24193,83.33,711.35,0
24204,90.91,695.92,0
24215,90.91,582.62,0
24227,83.33,504.60,0
24239,83.33,546.10,0
24250,90.91,665.00,0
24261,90.91,721.90,0
24272,90.91,646.50,0
24284,83.33,532.08,0
24296,83.33,506.88,0
24307,90.91,599.79,0
24318,90.91,709.27,0
24330,83.33,703.61,0
24341,90.91,594.06,0
24352,90.91,508.18,0
24365,76.92,541.14,0
24376,90.91,659.43,0
24387,90.91,725.45,0
24398,90.91,658.79,0
24410,83.33,538.55,0
24421,90.91,505.29,0
24433,83.33,592.34,0
24444,90.91,706.03,0
24456,83.33,709.05,0
24467,90.91,598.98,0
24478,90.91,506.33,0
24491,90.91,535.54,0
24502,76.92,653.55,0
24513,90.91,725.53,0
24524,90.91,665.97,0
24536,83.33,544.56,0
24547,90.91,497.97,0
24559,83.33,584.80,0
24570,90.91,706.11,0
24582,83.33,713.80,0
24593,90.91,607.39,0
24604,90.91,511.70,0
24615,90.91,526.49,0
24628,76.92,645.53,0
24639,90.91,726.83,0
24650,90.91,672.77,0
24662,83.33,552.29,0
24673,90.91,506.22,0
24684,90.91,580.33,0
24696,83.33,694.38,0
24708,83.33,712.54,0
24719,90.91,615.55,0
24730,90.91,511.86,0
24741,90.91,519.94,0
24754,83.33,636.63,0
24765,83.33,724.36,0
24776,90.91,679.43,0
24787,90.91,559.24,0
24799,83.33,500.54,0
24810,90.91,572.54,0
24822,83.33,690.67,0
24834,83.33,717.48,0
24845,90.91,621.54,0
24856,90.91,519.74,0
24867,90.91,521.42,0
24879,83.33,626.62,0
24891,83.33,718.60,0
24902,90.91,682.22,0
24913,90.91,562.73,0
24925,83.33,500.72,0
24936,90.91,563.62,0
24947,90.91,684.25,0
24960,76.92,720.38,0
24971,90.91,630.73,0
24982,90.91,524.66,0
24993,90.91,520.24,0
25005,83.33,623.75,0
25016,90.91,716.49,0
25028,83.33,685.92,0
25039,90.91,573.55,0
25051,83.33,507.54,0
25062,90.91,561.29,0
25073,90.91,678.05,0
25085,90.91,719.67,0
25097,76.92,635.77,0
25108,90.91,527.89,0
25119,90.91,518.23,0
25131,83.33,619.40,0
25142,90.91,713.75,0
25154,83.33,690.59,0
25165,90.91,578.76,0
25177,83.33,503.26,0
25188,90.91,552.95,0
25199,90.91,674.67,0
25210,90.91,720.44,0
25223,76.92,642.02,0
25234,90.91,531.73,0
25245,90.91,514.00,0
25256,90.91,615.59,0
25268,83.33,717.54,0
25279,90.91,697.04,0
25291,83.33,584.18,0
25303,83.33,504.88,0
25314,90.91,549.37,0
25325,90.91,668.39,0
25336,90.91,721.09,0
25348,83.33,648.46,0
25360,83.33,533.08,0
25371,90.91,508.58,0
25382,90.91,602.27,0
25394,83.33,709.69,0
25405,90.91,701.54,0
25417,90.91,589.65,0
25428,83.33,505.82,0
25440,83.33,543.30,0
25451,90.91,665.96,0
25462,90.91,724.77,0
25474,83.33,651.30,0
25486,83.33,536.87,0
25497,90.91,506.75,0
25508,90.91,598.95,0
25520,83.33,710.45,0
25531,90.91,704.72,0
25542,90.91,594.06,0
25554,83.33,510.47,0
25566,83.33,542.05,0
25577,90.91,658.97,0
25588,90.91,723.42,0
25600,83.33,659.13,0
25611,90.91,541.83,0
25623,83.33,502.99,0
25634,90.91,591.33,0
25646,83.33,703.53,0
25657,90.91,706.61,0
25668,90.91,602.20,0
25679,90.91,509.84,0
25692,76.92,535.05,0
25703,90.91,655.43,0
25714,90.91,727.27,0
25725,90.91,665.50,0
25737,83.33,550.54,0
25749,90.91,509.43,0
25760,83.33,586.84,0
25772,83.33,698.84,0
25783,90.91,710.50,0
25794,90.91,607.01,0
25805,90.91,512.03,0
25818,76.92,532.69,0
25829,90.91,648.60,0
25840,90.91,724.19,0
25851,90.91,671.93,0
25863,83.33,553.83,0
25874,90.91,504.88,0
25886,83.33,580.59,0
25897,90.91,695.94,0
25909,83.33,715.52,0
25920,90.91,617.86,0
25931,90.91,516.64,0
25943,83.33,525.85,0
25955,83.33,639.43,0
25966,90.91,722.48,0
25977,90.91,676.04,0
25989,83.33,560.77,0
26000,90.91,504.12,0
26011,90.91,570.55,0
26023,83.33,689.28,0
26035,83.33,715.29,0
26046,90.91,619.67,0
26057,90.91,514.80,0
26068,90.91,520.53,0
26081,83.33,632.01,0
26092,83.33,717.90,0
26103,90.91,680.08,0
26115,83.33,564.28,0
26126,90.91,501.26,0
26137,90.91,566.07,0
26149,83.33,688.59,0
26161,83.33,721.04,0
26172,90.91,627.73,0
26183,90.91,525.68,0
26194,90.91,520.75,0
26206,83.33,625.56,0
26218,83.33,717.52,0
26229,90.91,685.29,0
26241,83.33,567.14,0
26252,90.91,502.37,0
26263,90.91,562.47,0
26274,90.91,681.22,0
26287,76.92,717.94,0
26298,90.91,635.45,0
26309,90.91,522.90,0
26320,90.91,509.55,0
26332,83.33,618.34,0
26343,90.91,719.48,0
26355,83.33,693.66,0
26366,90.91,579.25,0
26378,83.33,506.59,0
26389,90.91,553.98,0
26400,90.91,674.32,0
26413,83.33,725.01,0
26424,83.33,644.65,0
26435,90.91,528.27,0
26446,90.91,511.27,0
26458,83.33,612.64,0
26469,90.91,712.57,0
26481,83.33,696.40,0
26492,90.91,585.16,0
26504,83.33,505.12,0
26515,90.91,547.12,0
26526,90.91,668.84,0
26537,90.91,724.07,0
26550,76.92,649.87,0
26561,90.91,535.40,0
26572,90.91,509.95,0
26584,83.33,603.15,0
26595,90.91,710.42,0
26606,90.91,705.04,0
26618,83.33,590.80,0
26630,83.33,505.22,0
26641,90.91,541.05,0
26652,90.91,657.78,0
26663,90.91,720.66,0
26675,83.33,656.12,0
26687,83.33,539.54,0
26698,90.91,508.55,0
26710,83.33,600.05,0
26721,90.91,703.65,0
26732,90.91,703.56,0
26743,90.91,599.16,0
26756,76.92,505.58,0
26767,90.91,536.70,0
26778,90.91,658.37,0
26789,90.91,726.08,0
26801,83.33,665.88,0
26813,90.91,546.09,0
26824,83.33,500.56,0
26835,90.91,585.23,0
26847,83.33,701.55,0
26858,90.91,708.84,0
26869,90.91,603.07,0
26882,76.92,509.04,0
26893,90.91,532.69,0
26904,90.91,648.04,0
26915,90.91,719.55,0
26927,83.33,669.95,0
26938,90.91,553.16,0
26950,83.33,502.94,0
26961,90.91,581.65,0
26973,83.33,697.24,0
26984,90.91,710.54,0
26995,90.91,612.01,0
27006,90.91,513.09,0
27019,76.92,528.31,0
27030,90.91,645.60,0
27041,90.91,722.92,0
27053,83.33,671.99,0
27064,90.91,557.26,0
27075,90.91,506.78,0
27087,83.33,578.90,0
27099,83.33,692.54,0
27110,90.91,716.40,0
27121,90.91,620.46,0
27132,90.91,516.11,0
27145,83.33,523.58,0
27156,83.33,634.30,0
27167,90.91,721.09,0
27179,83.33,679.23,0
27190,90.91,563.11,0
27201,90.91,503.36,0
27213,83.33,566.12,0
27225,83.33,686.89,0
27236,90.91,720.66,0
27247,90.91,624.86,0
27258,90.91,520.18,0
27270,83.33,520.03,0
27282,83.33,625.59,0
27293,90.91,717.39,0
27304,90.91,684.97,0
27316,83.33,571.04,0
27327,90.91,502.50,0
27338,90.91,560.21,0
27351,76.92,678.90,0
27362,90.91,720.24,0
27373,90.91,636.57,0
27384,90.91,525.27,0
27396,83.33,513.01,0
27407,90.91,616.13,0
27419,83.33,717.05,0
27430,90.91,695.05,0
27442,83.33,578.93,0
27453,90.91,506.45,0
27464,90.91,555.46,0
27476,90.91,674.10,0
27488,76.92,724.02,0
27499,90.91,646.21,0
27510,90.91,528.17,0
27522,83.33,509.49,0
27533,90.91,614.79,0
27545,83.33,715.26,0
27556,90.91,698.47,0
27568,83.33,586.39,0
27579,90.91,506.02,0
27590,90.91,544.98,0
27601,90.91,666.03,0
27614,76.92,723.48,0
27625,90.91,646.80,0
27636,90.91,533.59,0
27648,83.33,508.77,0
27659,90.91,603.95,0
27670,90.91,710.90,0
27682,83.33,705.03,0
27694,83.33,591.01,0
27705,90.91,502.64,0
27716,90.91,543.87,0
27727,90.91,663.80,0
27739,83.33,721.61,0
27751,83.33,655.46,0
27762,90.91,540.97,0
27773,90.91,509.40,0
27785,83.33,601.59,0
27796,90.91,709.23,0
27807,90.91,704.88,0
27820,76.92,598.26,0
27831,90.91,508.79,0
27842,90.91,537.10,0
27853,90.91,656.08,0
27865,83.33,721.14,0
27877,90.91,659.15,0
27888,83.33,544.18,0
27899,90.91,507.33,0
27911,83.33,591.86,0
27922,90.91,702.12,0
27933,90.91,705.33,0
27945,83.33,600.78,0
27957,83.33,508.36,0
27968,90.91,532.83,0
27979,90.91,650.88,0
27991,83.33,722.80,0
28002,90.91,661.41,0
28014,83.33,544.58,0
28025,90.91,503.87,0
28037,83.33,586.27,0
28048,90.91,699.78,0
28059,90.91,712.12,0
28070,90.91,609.07,0
28083,76.92,508.30,0
28094,90.91,529.04,0
28105,90.91,646.20,0
28116,90.91,721.57,0
28128,83.33,671.22,0
28139,90.91,555.36,0
28151,83.33,501.79,0
28163,83.33,574.42,0
28174,90.91,694.69,0
28185,90.91,715.50,0
28196,90.91,613.90,0
28209,83.33,514.02,0
28220,83.33,525.23,0
28231,90.91,637.38,0
28242,90.91,724.03,0
28254,83.33,677.85,0
28265,90.91,554.66,0
28277,83.33,501.41,0
28289,83.33,573.30,0
28300,90.91,690.58,0
28311,90.91,718.13,0
28322,90.91,623.26,0
28334,83.33,515.73,0
28346,83.33,518.05,0
28357,90.91,633.54,0
28368,90.91,721.60,0
28380,83.33,680.46,0
28391,90.91,563.12,0
28402,90.91,498.96,0
28414,83.33,562.48,0
28426,83.33,686.85,0
28437,90.91,724.93,0
28448,90.91,626.14,0
28460,83.33,517.27,0
28471,90.91,517.45,0
28483,83.33,625.33,0
28494,90.91,720.38,0
28506,83.33,692.12,0
28517,90.91,569.53,0
28528,90.91,497.93,0
28540,90.91,559.45,0
28552,76.92,680.72,0
28563,90.91,721.78,0
28574,90.91,638.36,0
28585,90.91,524.75,0
28597,83.33,508.80,0
28609,83.33,612.72,0
28620,90.91,717.45,0
28632,83.33,693.58,0
28643,90.91,578.31,0
28654,90.91,504.25,0
28665,90.91,552.12,0
28678,76.92,673.73,0
28689,90.91,726.20,0
28700,90.91,647.48,0
28711,90.91,529.09,0
28723,83.33,508.99,0
28734,90.91,608.57,0
28746,83.33,712.29,0
28758,83.33,700.97,0
28769,90.91,587.21,0
28780,90.91,501.71,0
28791,90.91,543.10,0
28803,83.33,667.20,0
28815,83.33,724.07,0
28826,90.91,651.63,0
28837,90.91,536.23,0
28849,83.33,502.26,0
28860,90.91,595.44,0
28872,90.91,708.69,0
28883,83.33,705.03,0
28895,83.33,595.12,0
28906,90.91,504.98,0
28917,90.91,535.91,0
28929,83.33,659.91,0
28941,90.91,728.38,0
28952,90.91,662.55,0
28963,90.91,541.85,0
28975,83.33,501.25,0
28986,90.91,588.97,0
28997,90.91,704.94,0
29009,83.33,711.74,0
29021,83.33,597.69,0
29032,90.91,503.34,0
29043,90.91,528.92,0
29054,90.91,648.88,0
29066,83.33,726.27,0
29078,83.33,669.58,0
29089,90.91,545.10,0
29101,83.33,499.97,0
29112,90.91,582.58,0
29123,90.91,700.38,0
29134,90.91,714.30,0
29147,76.92,614.28,0
29158,90.91,512.52,0
29169,90.91,522.75,0
29180,90.91,640.87,0
29192,83.33,726.26,0
29203,90.91,675.51,0
29215,83.33,553.19,0
29227,83.33,498.54,0
29238,90.91,571.41,0
29249,90.91,689.79,0
29260,90.91,719.66,0
29273,83.33,621.27,0
29284,83.33,512.92,0
29295,90.91,519.23,0
29306,90.91,632.50,0
29318,83.33,720.65,0
29329,90.91,683.98,0
29341,83.33,564.53,0
29352,90.91,500.71,0
29364,83.33,565.27,0
29375,90.91,687.30,0
29386,90.91,720.79,0
29398,83.33,629.13,0
29410,83.33,519.33,0
29421,90.91,514.65,0
29432,90.91,628.04,0
29444,83.33,723.59,0
29455,90.91,687.61,0
29466,90.91,567.90,0
29478,83.33,504.30,0
29490,83.33,562.08,0
29501,90.91,679.85,0
29512,90.91,721.15,0
29523,90.91,635.14,0
29535,83.33,523.05,0
29547,83.33,512.98,0
29558,90.91,618.02,0
29570,83.33,714.12,0
29581,90.91,693.12,0
29592,90.91,578.36,0
29604,90.91,503.13,0
29616,76.92,554.18,0
29627,90.91,675.87,0
29638,90.91,723.02,0
29649,90.91,641.23,0
29661,83.33,530.31,0
29673,83.33,511.73,0
29684,90.91,611.22,0
29696,83.33,710.97,0
29707,90.91,695.36,0
29718,90.91,583.35,0
29729,90.91,505.27,0
29742,76.92,547.99,0
29753,90.91,667.14,0
29764,90.91,723.03,0
29775,90.91,647.83,0
29787,83.33,533.79,0
29798,90.91,510.24,0
29810,83.33,603.20,0
29821,90.91,708.99,0
29833,83.33,701.57,0
29844,90.91,591.12,0
29855,90.91,505.46,0
29867,83.33,540.82,0
29879,83.33,661.72,0
29890,90.91,725.03,0
29901,90.91,655.03,0
29913,83.33,538.73,0
29924,90.91,506.65,0
29936,90.91,595.32,0
29947,83.33,704.70,0
29959,83.33,706.66,0
29970,90.91,596.04,0
29981,90.91,506.43,0
29992,90.91,540.69,0
30005,83.33,657.43,0
30016,90.91,724.51,0
30027,90.91,667.03,0
30039,83.33,545.03,0
30050,90.91,502.19,0
30061,90.91,590.84,0
30073,83.33,703.90,0
30085,83.33,708.81,0
30096,90.91,603.07,0
30107,90.91,509.21,0
30118,90.91,530.38,0
30130,83.33,646.92,0
30142,83.33,725.55,0
30153,90.91,668.77,0
30164,90.91,550.14,0
30176,83.33,501.89,0
30187,90.91,579.12,0
30198,90.91,694.31,0
30211,76.92,716.30,0
30222,90.91,617.43,0
30233,90.91,509.81,0
30244,90.91,522.83,0
30256,83.33,639.49,0
30267,90.91,725.34,0
30279,83.33,678.35,0
30290,90.91,558.68,0
30302,83.33,503.36,0
30313,90.91,571.34,0
30324,90.91,691.12,0
30337,83.33,717.83,0
30348,83.33,621.45,0
30359,90.91,515.53,0
30370,90.91,520.64,0
30382,83.33,631.15,0
30393,90.91,720.96,0
30405,83.33,685.32,0
30416,90.91,564.67,0
30428,83.33,500.09,0
30439,90.91,567.07,0
30450,90.91,688.53,0
30461,90.91,718.14,0
30474,76.92,627.98,0
30485,90.91,522.06,0
30496,90.91,519.35,0
30508,83.33,626.88,0
30519,90.91,719.40,0
30530,90.91,687.09,0
30542,83.33,569.27,0
30554,83.33,500.23,0
30565,90.91,560.00,0
30576,90.91,682.39,0
30587,90.91,723.12,0
30599,83.33,637.75,0
30611,83.33,523.90,0
30622,90.91,512.52,0
30633,90.91,619.77,0
30645,83.33,718.34,0
30656,90.91,695.58,0
30667,90.91,580.55,0
30680,76.92,499.67,0
30691,90.91,550.51,0
30702,90.91,675.25,0
30713,90.91,723.50,0
30725,83.33,645.49,0
30737,90.91,530.04,0
30748,83.33,507.26,0
30759,90.91,605.38,0
30771,83.33,711.92,0
30782,90.91,703.22,0
30793,90.91,586.52,0
30806,76.92,502.25,0
30817,90.91,546.27,0
30828,90.91,666.57,0
30839,90.91,726.14,0
30851,83.33,655.81,0
30862,90.91,534.02,0
30874,83.33,502.62,0
30885,90.91,600.13,0
30897,83.33,712.01,0
30908,90.91,708.35,0
30919,90.91,596.65,0
30930,90.91,507.78,0
30943,76.92,537.01,0
30954,90.91,656.46,0
30965,90.91,725.81,0
30977,83.33,661.84,0
30988,90.91,541.00,0
30999,90.91,503.86,0
31011,83.33,587.77,0
31023,83.33,701.16,0
31034,90.91,710.92,0
31045,90.91,605.61,0
31056,90.91,508.87,0
31069,83.33,529.99,0
31080,83.33,648.55,0
31091,90.91,726.85,0
31102,90.91,671.32,0
31114,83.33,552.08,0
31125,90.91,503.67,0
31137,83.33,581.93,0
31149,83.33,695.34,0
31160,90.91,714.33,0
31171,90.91,613.46,0
31182,90.91,511.02,0
31194,83.33,525.02,0
31206,83.33,642.93,0
31217,90.91,724.97,0
31228,90.91,677.68,0
31240,83.33,557.46,0
31251,90.91,501.59,0
31262,90.91,570.92,0
31275,76.92,689.51,0
31286,90.91,716.77,0
31297,90.91,624.15,0
31308,90.91,518.46,0
31320,83.33,524.04,0
31331,90.91,634.10,0
31343,83.33,719.86,0
31354,90.91,680.69,0
31366,83.33,562.10,0
31377,90.91,499.38,0
31388,90.91,567.35,0
31400,90.91,687.84,0
31412,76.92,717.64,0
31423,90.91,625.87,0
31434,90.91,520.22,0
31446,83.33,519.15,0
31457,90.91,622.92,0
31469,83.33,717.54,0
31480,90.91,690.45,0
31492,83.33,571.07,0
31503,90.91,503.99,0
31514,90.91,563.03,0
31525,90.91,679.83,0
31538,76.92,721.43,0
31549,90.91,639.48,0
31560,90.91,529.06,0
31571,90.91,516.05,0
31583,83.33,618.33,0
31594,90.91,715.01,0
31606,83.33,692.75,0
31618,83.33,582.43,0
31629,90.91,506.50,0
31640,90.91,549.98,0
31651,90.91,672.36,0
31663,83.33,725.48,0
31675,83.33,644.98,0
31686,90.91,528.56,0
31697,90.91,508.96,0
31709,83.33,607.03,0
31720,90.91,710.81,0
31732,90.91,699.41,0
31744,76.92,586.45,0
31755,90.91,501.24,0
31766,90.91,540.90,0
31777,90.91,663.14,0
31789,83.33,723.18,0
31801,83.33,654.19,0
31812,90.91,534.86,0
31823,90.91,504.75,0
31835,83.33,597.46,0
31846,90.91,707.10,0
31857,90.91,705.50,0
31869,83.33,594.78,0
31881,83.33,502.59,0
31892,90.91,535.26,0
31903,90.91,657.31,0
31915,83.33,727.51,0
31926,90.91,663.86,0
31938,83.33,541.06,0
31949,90.91,501.62,0
31961,83.33,591.12,0
31972,90.91,706.39,0
31983,90.91,717.18,0
31994,90.91,608.93,0
32007,76.92,508.70,0
32018,90.91,529.08,0
32029,90.91,648.66,0
32040,90.91,724.11,0
32052,83.33,668.49,0
32064,90.91,548.01,0
32075,83.33,496.82,0
32087,83.33,577.49,0
32098,90.91,699.66,0
32109,90.91,718.27,0
32120,90.91,614.07,0
32133,76.92,512.34,0
32144,90.91,524.21,0
32155,90.91,639.64,0
32166,90.91,726.80,0
32178,83.33,680.75,0
32189,90.91,556.15,0
32201,83.33,502.05,0
32212,90.91,577.38,0
32224,83.33,692.66,0
32235,90.91,720.09,0
32246,90.91,625.21,0
32258,83.33,513.44,0
32270,83.33,512.54,0
32281,90.91,629.65,0
32292,90.91,723.95,0
32304,83.33,684.55,0
32315,90.91,563.51,0
32326,90.91,500.43,0
32338,83.33,559.76,0
32350,83.33,682.15,0
32361,90.91,725.88,0
32372,90.91,633.85,0
32384,83.33,521.64,0
32396,90.91,516.58,0
32407,83.33,620.67,0
32418,90.91,719.04,0
32430,83.33,699.18,0
32441,90.91,577.54,0
32452,90.91,497.20,0
32464,83.33,553.00,0
32476,83.33,680.96,0
32487,90.91,726.60,0
32498,90.91,643.44,0
32509,90.91,529.11,0
32521,83.33,507.02,0
32533,83.33,607.36,0
32544,90.91,714.35,0
32556,83.33,702.07,0
32567,90.91,583.74,0
32578,90.91,504.38,0
32589,90.91,546.95,0
32602,76.92,663.79,0
32613,90.91,724.86,0
32624,90.91,655.90,0
32635,90.91,533.66,0
32647,83.33,504.56,0
32658,90.91,600.18,0
32670,83.33,706.24,0
32681,90.91,703.48,0
32693,83.33,596.93,0
32704,90.91,507.45,0
32715,90.91,539.28,0
32728,83.33,658.24,0
32739,83.33,722.89,0
32750,90.91,657.45,0
32761,90.91,541.40,0
32773,83.33,504.44,0
32784,90.91,584.65,0
32796,83.33,699.27,0
32807,90.91,712.50,0
32819,83.33,604.93,0
32830,90.91,509.64,0
32841,90.91,536.69,0
32852,90.91,649.69,0
32865,76.92,721.91,0
32876,90.91,670.61,0
32887,90.91,550.48,0
32899,83.33,502.49,0
32910,90.91,582.04,0
32921,90.91,695.82,0
32933,83.33,710.72,0
32945,83.33,611.21,0
32956,90.91,510.04,0
32967,90.91,522.38,0
32978,90.91,641.45,0
32990,83.33,726.88,0
33002,83.33,674.98,0
33013,90.91,552.82,0
33025,83.33,501.89,0
33036,90.91,572.46,0
33047,90.91,687.15,0
33059,90.91,714.08,0
33071,76.92,616.53,0
33082,90.91,511.06,0
33093,90.91,520.48,0
33104,90.91,631.38,0
33116,83.33,717.91,0
33128,83.33,684.72,0
33139,90.91,565.98,0
33150,90.91,498.74,0
33162,83.33,565.00,0
33173,90.91,686.82,0
33184,90.91,720.94,0
33197,76.92,628.65,0
33208,90.91,519.81,0
33219,90.91,513.47,0
33230,90.91,623.99,0
33242,83.33,723.37,0
33253,90.91,689.55,0
33265,83.33,568.66,0
33276,90.91,501.27,0
33288,83.33,559.83,0
33299,90.91,678.83,0
33310,90.91,724.89,0
33321,90.91,641.52,0
33334,76.92,523.42,0
33345,90.91,508.60,0
33356,90.91,612.87,0
33368,83.33,715.20,0
33379,90.91,700.40,0
33391,90.91,583.93,0
33402,83.33,502.03,0
33414,83.33,548.04,0
33425,90.91,672.21,0
33436,90.91,725.35,0
33447,90.91,646.86,0
33460,76.92,531.05,0
33471,90.91,509.67,0
33482,90.91,603.48,0
33494,83.33,712.85,0
33505,90.91,708.51,0
33516,90.91,592.16,0
33528,83.33,505.89,0
33540,83.33,542.53,0
33551,90.91,659.48,0
33562,90.91,724.66,0
33573,90.91,658.33,0
33585,83.33,536.05,0
33597,83.33,503.53,0
33608,90.91,596.75,0
33619,90.91,707.68,0
33631,83.33,707.86,0
33642,90.91,597.66,0
33653,90.91,504.76,0
33666,76.92,534.09,0
33677,90.91,655.18,0
33688,90.91,727.98,0
33699,90.91,669.29,0
33711,83.33,546.54,0
33723,90.91,503.83,0
33734,83.33,585.47,0
33745,90.91,697.59,0
33757,83.33,711.64,0
33768,90.91,607.17,0
33779,90.91,507.98,0
33792,76.92,525.80,0
33803,90.91,645.44,0
33814,90.91,726.06,0
33825,90.91,672.43,0
33837,83.33,551.41,0
33848,90.91,502.14,0
33860,83.33,575.31,0
33871,90.91,696.64,0
33883,83.33,721.81,0
33894,90.91,620.03,0
33905,90.91,512.87,0
33916,90.91,523.35,0
33929,76.92,637.17,0
33940,90.91,721.73,0
33951,90.91,680.73,0
33963,83.33,559.64,0
33974,90.91,499.74,0
33986,90.91,567.74,0
33997,83.33,689.10,0
34009,83.33,721.70,0
34020,90.91,629.39,0
34031,90.91,516.08,0
34042,90.91,512.70,0
34055,76.92,625.18,0
34066,90.91,724.11,0
34077,90.91,690.59,0
34088,90.91,569.70,0
34100,83.33,499.73,0
34111,90.91,557.64,0
34123,83.33,680.99,0
34135,83.33,724.33,0
34146,90.91,637.00,0
34157,90.91,522.24,0
34168,90.91,511.47,0
34180,83.33,618.03,0
34192,83.33,719.79,0
34203,90.91,697.07,0
34214,90.91,575.83,0
34226,83.33,498.15,0
34237,90.91,549.83,0
34248,90.91,671.96,0
34260,83.33,722.95,0
34272,83.33,641.14,0
34283,90.91,526.91,0
34294,90.91,504.81,0
34306,83.33,604.90,0
34318,90.91,713.41,0
34329,83.33,700.92,0
34340,90.91,584.03,0
34352,83.33,502.37,0
34363,90.91,545.45,0
34374,90.91,665.47,0
34386,83.33,728.15,0
34398,83.33,653.78,0
34409,90.91,533.65,0
34420,90.91,504.70,0
34432,83.33,597.85,0
34443,90.91,708.60,0
34455,83.33,709.96,0
34466,90.91,594.78,0
34478,83.33,501.35,0
34489,90.91,535.45,0
34500,90.91,655.27,0
34511,90.91,723.44,0
34524,76.92,661.12,0
34535,90.91,541.09,0
34546,90.91,503.09,0
34557,90.91,591.44,0
34569,83.33,706.57,0
34580,90.91,712.38,0
34592,83.33,603.05,0
34604,83.33,505.51,0
34615,90.91,529.59,0
34626,90.91,648.23,0
34637,90.91,726.38,0
34650,83.33,671.43,0
34661,83.33,547.06,0
34672,90.91,498.93,0
34683,90.91,580.72,0
34695,83.33,698.68,0
34706,90.91,714.40,0
34718,83.33,612.45,0
34729,90.91,513.27,0
34741,83.33,524.96,0
34752,90.91,642.55,0
34763,90.91,726.80,0
34775,83.33,677.50,0
34787,83.33,555.91,0
34798,90.91,500.02,0
34809,90.91,573.79,0
34821,83.33,693.22,0
34832,90.91,717.99,0
34843,90.91,621.47,0
34855,83.33,519.45,0
34867,83.33,523.34,0
34878,90.91,630.18,0
34889,90.91,720.40,0
34900,90.91,684.69,0
34912,83.33,563.57,0
34924,83.33,501.86,0
34935,90.91,563.28,0
34947,83.33,682.24,0
34958,90.91,720.81,0
34969,90.91,629.10,0
34981,90.91,518.02,0
34993,76.92,515.36,0
35004,90.91,623.83,0
35015,90.91,717.77,0
35026,90.91,690.70,0
35038,83.33,574.84,0
35050,90.91,500.87,0
35061,83.33,555.06,0
35073,83.33,679.78,0
35084,90.91,725.22,0
35095,90.91,637.54,0
35106,90.91,525.11,0
35119,76.92,511.21,0
35130,90.91,612.83,0
35141,90.91,718.58,0
35152,90.91,701.09,0
35164,83.33,580.78,0
35175,90.91,499.59,0
35187,83.33,549.67,0
35198,90.91,671.91,0
35210,83.33,728.86,0
35221,90.91,654.11,0
35232,90.91,533.14,0
35244,83.33,507.78,0
35256,83.33,606.01,0
35267,90.91,713.01,0
35278,90.91,703.41,0
35290,83.33,590.22,0
35301,90.91,504.17,0
35312,90.91,540.16,0
35324,83.33,660.47,0
35336,83.33,725.29,0
35347,90.91,659.28,0
35358,90.91,540.76,0
35369,90.91,506.31,0
35382,83.33,593.28,0
35393,83.33,704.37,0
35404,90.91,708.58,0
35416,83.33,600.75,0
35427,90.91,505.89,0
35438,90.91,533.29,0
35450,83.33,653.21,0
35462,83.33,725.60,0
35473,90.91,666.73,0
35484,90.91,548.22,0
35495,90.91,505.28,0
35507,83.33,587.56,0
35519,83.33,699.41,0
35530,90.91,710.10,0
35542,83.33,608.42,0
35553,90.91,510.74,0
35564,90.91,528.49,0
35575,90.91,642.80,0
35588,76.92,721.70,0
35599,90.91,672.33,0
35610,90.91,556.93,0
35621,90.91,502.72,0
35633,83.33,577.34,0
35644,90.91,693.92,0
35656,83.33,713.33,0
35667,90.91,618.00,0
35679,83.33,518.80,0
35690,90.91,525.57,0
35701,90.91,634.44,0
35714,83.33,720.56,0
35725,83.33,680.25,0
35736,90.91,557.39,0
35747,90.91,502.76,0
35759,83.33,571.72,0
35770,90.91,687.33,0
35782,83.33,717.57,0
35793,90.91,624.82,0
35805,83.33,517.38,0
35816,90.91,519.36,0
35827,90.91,630.59,0
35838,90.91,720.41,0
35851,76.92,685.17,0
35862,90.91,569.94,0
35873,90.91,499.02,0
35885,83.33,559.67,0
35896,90.91,685.57,0
35907,90.91,724.43,0
35919,83.33,632.78,0
35931,83.33,521.20,0
35942,90.91,514.99,0
35953,90.91,618.05,0
35964,90.91,718.66,0
35976,83.33,691.74,0
35988,83.33,572.04,0
35999,90.91,501.75,0
36011,83.33,559.20,0
36022,90.91,677.08,0
36033,90.91,723.43,0
36044,90.91,644.37,0
36057,76.92,525.75,0
36068,90.91,504.54,0
36079,90.91,609.56,0
36090,90.91,718.60,0
36102,83.33,700.88,0
36114,90.91,581.53,0
36125,90.91,502.52,0
36136,90.91,546.61,0
36148,83.33,670.11,0
36159,90.91,727.97,0
36170,90.91,650.30,0
36183,76.92,530.40,0
36194,90.91,507.61,0
36205,90.91,606.21,0
36216,90.91,713.24,0
36228,83.33,707.37,0
36239,90.91,592.19,0
36251,83.33,499.09,0
36262,90.91,539.82,0
36274,83.33,664.89,0
36285,90.91,727.76,0
36296,90.91,657.99,0
36307,90.91,540.07,0
36320,76.92,506.89,0
36331,90.91,594.32,0
36342,90.91,707.94,0
36354,83.33,713.19,0
36365,90.91,599.13,0
36376,90.91,504.64,0
36388,83.33,535.84,0
36400,83.33,655.82,0
36411,90.91,725.76,0
36422,90.91,668.60,0
36433,90.91,545.84,0
36446,83.33,503.56,0
36457,83.33,585.49,0
36468,90.91,701.73,0
36480,83.33,714.45,0
36491,90.91,610.85,0
36502,90.91,508.65,0
36514,83.33,524.28,0
36526,83.33,644.05,0
36537,90.91,726.20,0
36548,90.91,673.96,0
36559,90.91,554.13,0
36571,83.33,500.94,0
36583,83.33,573.31,0
36594,90.91,694.22,0
36605,90.91,721.74,0
36617,83.33,617.71,0
36628,90.91,512.37,0
36639,90.91,522.54,0
36652,76.92,635.09,0
36663,90.91,724.63,0
36674,90.91,683.47,0
36685,90.91,560.11,0
36697,83.33,499.28,0
36708,90.91,566.61,0
36720,83.33,687.09,0
36731,90.91,720.66,0
36743,83.33,627.49,0
36754,90.91,518.07,0
36765,90.91,515.01,0
36777,90.91,625.01,0
36789,76.92,721.97,0
36800,90.91,690.52,0
36811,90.91,570.30,0
36823,83.33,499.54,0
36834,90.91,560.05,0
36846,83.33,683.24,0
36857,90.91,723.69,0
36869,83.33,637.16,0
36880,90.91,524.73,0
36891,90.91,512.57,0
36902,90.91,617.13,0
36915,76.92,717.33,0
36926,90.91,694.22,0
36937,90.91,577.11,0
36948,90.91,501.56,0
36960,83.33,553.65,0
36971,90.91,678.78,0
36983,83.33,730.16,0
36995,83.33,646.22,0
37006,90.91,527.07,0
37017,90.91,509.48,0
37028,90.91,611.11,0
37040,83.33,716.13,0
37052,83.33,702.27,0
37063,90.91,587.06,0
37074,90.91,504.00,0
37086,83.33,547.73,0
37097,90.91,671.79,0
37109,90.91,727.50,0
37121,76.92,651.98,0
37132,90.91,534.71,0
37143,90.91,507.70,0
37154,90.91,601.34,0
37166,83.33,711.68,0
37178,90.91,708.48,0
37189,83.33,593.52,0
37200,90.91,500.93,0
37212,83.33,535.69,0
37223,90.91,659.34,0
37234,90.91,727.01,0
37246,83.33,662.45,0
37258,83.33,542.62,0
37269,90.91,504.27,0
37280,90.91,594.08,0
37292,83.33,709.37,0
37303,90.91,713.85,0
37315,83.33,601.40,0
37326,90.91,506.00,0
37338,83.33,531.69,0
37349,90.91,649.33,0
37360,90.91,725.96,0
37371,90.91,669.23,0
37384,76.92,549.09,0
37395,90.91,504.24,0
37406,90.91,583.96,0
37417,90.91,696.39,0
37429,83.33,713.13,0
37440,90.91,612.37,0
37452,83.33,510.40,0
37464,83.33,525.89,0
37475,90.91,644.39,0
37486,90.91,724.27,0
37497,90.91,677.34,0
37510,83.33,555.35,0
37521,83.33,502.29,0
37532,90.91,575.37,0
37543,90.91,693.84,0
37555,83.33,718.92,0
37566,90.91,618.98,0
37578,83.33,515.79,0
37590,83.33,522.77,0
37601,90.91,633.47,0
37612,90.91,722.00,0
37623,90.91,681.01,0
37635,83.33,563.31,0
37647,83.33,504.94,0
37658,90.91,568.69,0
37669,90.91,685.63,0
37681,83.33,720.24,0
37692,90.91,627.47,0
37703,90.91,519.59,0
37715,83.33,518.81,0
37727,83.33,629.35,0
37738,90.91,722.52,0
37749,90.91,690.20,0
37761,83.33,568.67,0
37772,90.91,499.92,0
37784,83.33,564.33,0
37795,90.91,684.63,0
37807,83.33,724.79,0
37818,90.91,635.38,0
37829,90.91,522.78,0
37841,90.91,513.38,0
37853,76.92,619.86,0
37864,90.91,720.97,0
37875,90.91,697.00,0
37886,90.91,579.46,0
37898,83.33,504.98,0
37910,83.33,553.08,0
37921,90.91,676.36,0
37933,83.33,728.27,0
37944,90.91,644.89,0
37955,90.91,526.85,0
37966,90.91,509.77,0
37979,76.92,611.74,0
