66,15.15,-194.49,0
77,90.91,-194.88,0
89,83.33,-194.54,0
100,90.91,-194.18,0
111,90.91,-193.99,0
123,83.33,-194.10,0
135,83.33,-193.68,0
146,90.91,-193.38,0
157,90.91,-193.74,0
168,90.91,-193.98,0
180,83.33,-194.35,0
192,83.33,-194.27,0
203,90.91,-194.70,0
215,83.33,-194.24,0
226,90.91,-193.91,0
237,90.91,-193.43,0
248,90.91,-193.27,0
261,76.92,-193.32,0
272,90.91,-194.15,0
283,90.91,-194.56,0
294,90.91,-194.76,0
306,83.33,-194.86,0
317,90.91,-194.78,0
329,83.33,-194.18,0
340,90.91,-193.00,0
352,83.33,-193.23,0
363,90.91,-192.71,0
374,90.91,-192.67,0
386,83.33,-193.49,0
398,83.33,-194.19,0
409,90.91,-194.69,0
420,90.91,-194.50,0
432,83.33,-193.94,0
443,90.91,-193.49,0
455,90.91,-193.72,0
466,83.33,-193.00,0
478,83.33,-192.93,0
489,90.91,-193.26,0
500,90.91,-194.43,0
512,83.33,-195.66,0
524,90.91,-195.51,0
535,83.33,-195.20,0
546,90.91,-195.03,0
558,83.33,-194.26,0
569,90.91,-193.36,0
580,90.91,-192.69,0
592,83.33,-192.97,0
604,83.33,-193.48,0
615,90.91,-194.45,0
626,90.91,-194.93,0
637,90.91,-194.65,0
649,83.33,-194.14,0
661,83.33,-194.26,0
672,90.91,-193.61,0
684,83.33,-193.82,0
695,90.91,-193.23,0
706,90.91,-193.33,0
717,90.91,-194.22,0
730,76.92,-194.61,0
741,90.91,-195.04,0
752,90.91,-195.11,0
763,90.91,-194.15,0
775,83.33,-194.17,0
786,90.91,-193.75,0
798,83.33,-193.90,0
809,90.91,-193.70,0
821,83.33,-194.65,0
832,90.91,-194.98,0
843,90.91,-195.13,0
855,83.33,-194.68,0
867,83.33,-194.34,0
878,90.91,-194.25,0
889,90.91,-193.96,0
901,83.33,-193.67,0
912,90.91,-192.84,0
923,90.91,-192.62,0
935,83.33,-193.57,0
947,83.33,-194.72,0
958,90.91,-195.31,0
969,90.91,-194.99,0
980,90.91,-194.79,0
992,83.33,-194.41,0
1004,83.33,-193.74,0
1015,90.91,-193.52,0
1027,83.33,-193.15,0
1038,90.91,-193.06,0
1049,90.91,-193.84,0
1061,90.91,-194.40,0
1073,76.92,-194.70,0
1084,90.91,-195.02,0
1095,90.91,-195.67,0
1106,90.91,-194.24,0
1118,83.33,-193.16,0
1130,90.91,-193.33,0
1141,83.33,-193.52,0
1153,83.33,-194.15,0
1164,90.91,-193.95,0
1175,90.91,-194.71,0
1186,90.91,-195.25,0
1199,76.92,-194.93,0
1210,90.91,-194.27,0
1221,90.91,-194.10,0
1232,90.91,-193.35,0
1244,83.33,-193.34,0
1255,90.91,-193.60,0
1267,83.33,-193.66,0
1278,90.91,-193.86,0
1290,83.33,-194.60,0
1301,90.91,-194.94,0
1312,90.91,-194.39,0
1324,83.33,-194.07,0
1336,83.33,-193.74,0
1347,90.91,-192.91,0
1358,90.91,-193.11,0
1370,83.33,-193.32,0
1381,90.91,-193.98,0
1392,90.91,-194.52,0
1404,83.33,-195.19,0
1416,83.33,-195.11,0
1427,90.91,-194.33,0
1438,90.91,-193.67,0
1449,90.91,-194.03,0
1461,83.33,-193.71,0
1473,83.33,-193.15,0
1484,90.91,-193.57,0
1496,83.33,-194.78,0
1507,90.91,-195.62,0
1518,90.91,-195.29,0
1529,90.91,-195.33,0
1542,76.92,-194.95,0
1553,90.91,-194.03,0
1564,90.91,-193.23,0
1575,90.91,-192.79,0
1587,83.33,-193.34,0
1599,90.91,-193.62,0
1610,83.33,-193.96,0
1622,83.33,-195.20,0
1633,90.91,-195.54,0
1644,90.91,-195.47,0
1655,90.91,-194.70,0
1668,83.33,-193.72,0
1679,83.33,-193.21,0
1690,90.91,-193.36,0
1701,90.91,-193.87,0
1713,83.33,-193.70,0
1724,90.91,-194.35,0
1736,83.33,-194.62,0
1747,90.91,-194.58,0
1759,83.33,-195.04,0
1770,90.91,-194.01,0
1781,90.91,-193.91,0
1793,83.33,-193.24,0
1805,83.33,-193.32,0
1816,90.91,-193.21,0
1827,90.91,-194.07,0
1839,83.33,-194.04,0
1850,90.91,-194.65,0
1861,90.91,-195.03,0
1873,83.33,-194.44,0
1885,83.33,-194.07,0
1896,90.91,-193.49,0
1907,90.91,-193.22,0
1918,90.91,-193.71,0
1930,83.33,-194.07,0
1942,83.33,-194.68,0
1953,90.91,-194.86,0
1965,83.33,-195.08,0
1976,90.91,-194.28,0
1987,90.91,-193.89,0
1998,90.91,-193.44,0
2011,76.92,-193.07,0
2022,90.91,-193.45,0
2033,90.91,-193.32,0
2044,90.91,-194.14,0
2056,83.33,-194.86,0
2067,90.91,-194.82,0
2079,83.33,-195.01,0
2091,83.33,-194.48,0
2102,90.91,-193.64,0
2113,90.91,-193.47,0
2124,90.91,-193.06,0
2137,83.33,-192.66,0
2148,83.33,-192.91,0
2159,90.91,-194.23,0
2170,90.91,-194.80,0
2182,83.33,-195.01,0
2193,90.91,-194.98,0
2205,90.91,-194.91,0
2216,83.33,-194.06,0
2228,83.33,-193.54,0
2239,90.91,-193.39,0
2250,90.91,-193.47,0
2262,83.33,-193.43,0
2274,83.33,-194.06,0
2285,90.91,-194.64,0
2296,90.91,-194.94,0
2308,83.33,-195.57,0
2319,90.91,-194.89,0
2330,90.91,-194.08,0
2342,83.33,-193.57,0
2354,83.33,-193.36,0
2365,90.91,-193.49,0
2376,90.91,-193.42,0
2387,90.91,-194.15,0
2399,83.33,-194.54,0
2411,83.33,-194.58,0
2422,90.91,-194.79,0
2434,83.33,-194.33,0
2445,90.91,-193.63,0
2456,90.91,-193.39,0
2467,90.91,-193.65,0
2480,76.92,-193.65,0
2491,90.91,-193.55,0
2502,90.91,-194.45,0
2513,90.91,-194.97,0
2525,83.33,-195.04,0
2536,90.91,-194.57,0
2548,83.33,-193.86,0
2560,83.33,-193.84,0
2571,90.91,-193.52,0
2582,90.91,-193.45,0
2593,90.91,-194.36,0
2605,83.33,-195.04,0
2617,83.33,-195.16,0
2628,90.91,-194.78,0
2639,90.91,-194.65,0
2651,83.33,-194.21,0
2662,90.91,-193.62,0
2673,90.91,-193.30,0
2685,83.33,-193.41,0
2697,83.33,-193.35,0
2708,90.91,-193.98,0
2719,90.91,-194.73,0
2731,83.33,-195.03,0
2742,90.91,-194.98,0
2754,83.33,-194.31,0
2765,90.91,-193.41,0
2777,83.33,-193.15,0
2788,90.91,-193.43,0
2799,90.91,-193.42,0
2811,90.91,-193.78,0
2823,76.92,-194.71,0
2834,90.91,-194.98,0
2845,90.91,-195.07,0
2856,90.91,-195.31,0
2868,83.33,-194.46,0
2880,90.91,-193.98,0
2891,83.33,-193.59,0
2903,83.33,-192.68,0
2914,90.91,-193.18,0
2925,90.91,-193.88,0
2936,90.91,-194.29,0
2949,76.92,-195.09,0
2960,90.91,-194.93,0
2971,90.91,-194.34,0
2982,90.91,-194.21,0
2994,83.33,-194.46,0
3005,90.91,-193.70,0
3017,83.33,-193.42,0
3028,90.91,-193.35,0
3040,83.33,-193.90,0
3051,90.91,-194.74,0
3062,90.91,-195.38,0
3074,83.33,-194.87,0
3086,83.33,-194.08,0
3097,90.91,-193.40,0
3108,90.91,-193.74,0
3120,83.33,-193.21,0
3131,90.91,-193.06,0
3142,90.91,-193.56,0
3154,83.33,-194.36,0
3166,83.33,-195.07,0
3177,90.91,-194.69,0
3188,90.91,-194.57,0
3200,83.33,-193.99,0
3211,90.91,-193.76,0
3223,83.33,-193.38,0
3234,90.91,-193.33,0
3246,83.33,-192.85,0
3257,90.91,-193.14,0
3268,90.91,-194.06,0
3279,90.91,-194.47,0
3292,76.92,-194.36,0
3303,90.91,-194.53,0
3314,90.91,-194.27,0
3325,90.91,-193.57,0
3337,83.33,-193.64,0
3349,90.91,-193.44,0
3360,83.33,-193.65,0
3372,83.33,-194.11,0
3383,90.91,-194.63,0
3394,90.91,-194.93,0
3405,90.91,-195.47,0
3418,83.33,-195.23,0
3429,83.33,-194.56,0
3440,90.91,-193.99,0
3451,90.91,-193.41,0
3463,83.33,-193.88,0
3474,90.91,-194.13,0
3486,83.33,-194.71,0
3497,90.91,-195.14,0
3509,83.33,-195.08,0
3520,90.91,-194.49,0
3531,90.91,-193.72,0
3543,83.33,-193.81,0
3555,83.33,-194.19,0
3566,90.91,-193.87,0
3577,90.91,-192.92,0
3589,83.33,-193.39,0
3600,90.91,-194.17,0
3611,90.91,-195.10,0
3623,83.33,-195.01,0
3635,83.33,-194.63,0
3646,90.91,-194.15,0
3657,90.91,-193.91,0
3668,90.91,-193.68,0
3680,83.33,-193.21,0
3692,83.33,-193.34,0
3703,90.91,-193.83,0
3715,83.33,-194.75,0
3726,90.91,-195.24,0
3737,90.91,-195.09,0
3748,90.91,-194.60,0
3761,76.92,-193.81,0
3772,90.91,-193.72,0
3783,90.91,-193.70,0
3794,90.91,-192.78,0
3806,83.33,-193.38,0
3817,90.91,-194.09,0
3829,83.33,-194.67,0
3841,83.33,-195.11,0
3852,90.91,-195.26,0
3863,90.91,-194.72,0
3874,90.91,-193.96,0
3886,83.33,-194.12,0
3898,83.33,-193.69,0
3909,90.91,-193.34,0
3920,90.91,-192.97,0
3932,83.33,-194.32,0
3943,90.91,-194.49,0
3955,90.91,-194.97,0
3966,83.33,-194.86,0
3978,83.33,-193.82,0
3989,90.91,-193.35,0
4000,90.91,-193.56,0
4012,83.33,-193.05,0
4024,90.91,-193.53,0
4035,83.33,-194.34,0
4046,90.91,-194.38,0
4058,83.33,-194.67,0
4069,90.91,-195.02,0
4080,90.91,-194.55,0
4092,83.33,-194.15,0
4104,83.33,-193.53,0
4115,90.91,-193.24,0
4126,90.91,-193.05,0
4137,90.91,-193.80,0
4149,83.33,-194.69,0
4161,83.33,-195.08,0
4172,90.91,-195.42,0
4184,83.33,-194.80,0
4195,90.91,-194.68,0
4206,90.91,-194.10,0
4217,90.91,-193.84,0
4230,76.92,-193.03,0
4241,90.91,-192.90,0
4252,90.91,-193.11,0
4263,90.91,-193.98,0
4275,83.33,-194.38,0
4286,90.91,-194.63,0
4298,83.33,-194.67,0
4310,83.33,-194.37,0
4321,90.91,-194.01,0
4332,90.91,-193.71,0
4343,90.91,-193.60,0
4355,83.33,-193.51,0
4367,83.33,-193.38,0
4378,90.91,-193.84,0
4389,90.91,-194.59,0
4401,83.33,-194.62,0
4412,90.91,-194.18,0
4423,90.91,-194.33,0
4435,83.33,-194.68,0
4447,83.33,-194.39,0
4458,90.91,-193.67,0
4469,90.91,-193.60,0
4481,83.33,-194.31,0
4493,90.91,-194.53,0
4504,83.33,-194.64,0
4515,90.91,-194.19,0
4527,83.33,-193.78,0
4538,90.91,-193.45,0
4549,90.91,-193.42,0
4561,90.91,-192.73,0
4573,76.92,-192.95,0
4584,90.91,-194.43,0
4595,90.91,-195.09,0
4606,90.91,-195.48,0
4618,83.33,-195.37,0
4630,83.33,-194.79,0
4641,90.91,-194.30,0
4653,83.33,-193.36,0
4664,90.91,-192.62,0
4675,90.91,-192.85,0
4686,90.91,-192.71,0
4699,76.92,-193.37,0
4710,90.91,-194.58,0
4721,90.91,-195.46,0
4732,90.91,-195.35,0
4744,83.33,-195.29,0
4755,90.91,-194.37,0
4767,83.33,-193.28,0
4779,83.33,-192.66,0
4790,90.91,-192.99,0
4801,90.91,-193.46,0
4812,90.91,-194.09,0
4824,83.33,-194.86,0
4836,83.33,-195.15,0
4847,90.91,-195.47,0
4858,90.91,-195.06,0
4870,83.33,-194.35,0
4881,90.91,-193.70,0
4892,90.91,-193.14,0
4904,83.33,-193.84,0
4916,83.33,-193.95,0
4927,90.91,-194.27,0
4938,90.91,-194.87,0
4950,83.33,-194.84,0
4961,90.91,-194.37,0
4973,83.33,-194.20,0
4984,90.91,-193.99,0
4996,83.33,-193.70,0
5007,90.91,-193.62,0
5018,90.91,-194.10,0
5029,90.91,-194.24,0
5042,76.92,-194.71,0
5053,90.91,-195.14,0
5064,90.91,-195.77,0
5075,90.91,-194.89,0
5087,83.33,-193.84,0
5099,90.91,-193.20,0
5110,83.33,-192.99,0
5122,83.33,-193.95,0
5133,90.91,-194.03,0
5144,90.91,-194.17,0
5155,90.91,-194.45,0
5168,83.33,-194.67,0
5179,83.33,-195.02,0
5190,90.91,-194.07,0
5201,90.91,-193.43,0
5213,83.33,-193.00,0
5224,90.91,-193.05,0
5236,83.33,-193.41,0
5248,83.33,-194.26,0
5259,90.91,-194.59,0
5270,90.91,-195.40,0
5281,90.91,-195.34,0
5293,83.33,-194.91,0
5305,83.33,-194.10,0
5316,90.91,-193.35,0
5327,90.91,-192.83,0
5339,83.33,-192.86,0
5350,90.91,-193.14,0
5361,90.91,-194.01,0
5373,83.33,-194.74,0
5385,83.33,-195.22,0
5396,90.91,-195.25,0
5407,90.91,-194.40,0
5419,83.33,-193.71,0
5430,90.91,-193.48,0
5442,83.33,-193.22,0
5453,90.91,-193.08,0
5465,83.33,-193.25,0
5476,90.91,-194.32,0
5487,90.91,-194.85,0
5498,90.91,-194.64,0
5511,76.92,-195.11,0
5522,90.91,-195.07,0
5533,90.91,-194.09,0
5544,90.91,-193.70,0
5556,83.33,-193.87,0
5567,90.91,-193.42,0
5579,83.33,-193.71,0
5591,83.33,-194.27,0
5602,90.91,-195.04,0
5613,90.91,-194.88,0
5624,90.91,-194.43,0
5636,83.33,-194.05,0
5648,83.33,-193.79,0
5659,90.91,-193.60,0
5670,90.91,-193.79,0
5682,83.33,-193.91,0
5693,90.91,-194.30,0
5705,90.91,-194.46,0
5716,83.33,-195.00,0
5728,83.33,-194.77,0
5739,90.91,-194.19,0
5750,90.91,-194.02,0
5762,83.33,-193.06,0
5774,90.91,-192.78,0
5785,83.33,-192.65,0
5796,90.91,-193.25,0
5808,83.33,-193.93,0
5819,90.91,-195.49,0
5830,90.91,-196.07,0
5842,83.33,-195.60,0
5854,83.33,-194.42,0
5865,90.91,-193.74,0
5876,90.91,-193.65,0
5888,83.33,-193.03,0
5899,90.91,-193.05,0
5911,83.33,-193.87,0
5922,90.91,-194.35,0
5934,83.33,-194.69,0
5945,90.91,-195.18,0
5956,90.91,-195.19,0
5967,90.91,-194.55,0
5980,76.92,-193.96,0
5991,90.91,-193.78,0
6002,90.91,-193.30,0
6013,90.91,-193.15,0
6025,83.33,-193.76,0
6036,90.91,-194.08,0
6048,83.33,-194.23,0
6060,83.33,-194.58,0
6071,90.91,-194.43,0
6082,90.91,-194.23,0
6093,90.91,-193.78,0
6105,83.33,-193.44,0
6117,83.33,-193.21,0
6128,90.91,-193.87,0
6139,90.91,-194.58,0
6151,83.33,-194.68,0
6162,90.91,-194.54,0
6173,90.91,-194.26,0
6185,83.33,-194.65,0
6197,83.33,-193.92,0
6208,90.91,-193.50,0
6219,90.91,-193.01,0
6231,83.33,-193.41,0
6242,90.91,-194.26,0
6254,83.33,-195.14,0
6265,90.91,-195.84,0
6277,83.33,-195.70,0
6288,90.91,-194.71,0
6299,90.91,-194.87,0
6311,90.91,-193.74,0
6323,76.92,-193.50,0
6334,90.91,-193.40,0
6345,90.91,-193.92,0
6356,90.91,-194.41,0
6368,83.33,-195.19,0
6380,90.91,-195.24,0
6391,83.33,-195.26,0
6403,83.33,-194.72,0
6414,90.91,-193.84,0
6425,90.91,-192.99,0
6436,90.91,-192.48,0
6449,76.92,-192.74,0
6460,90.91,-193.19,0
6471,90.91,-194.46,0
6482,90.91,-194.83,0
6494,83.33,-195.37,0
6505,90.91,-195.04,0
6517,83.33,-194.86,0
6529,83.33,-193.79,0
6540,90.91,-193.10,0
6551,90.91,-193.14,0
6562,90.91,-193.79,0
6574,83.33,-193.79,0
6586,83.33,-194.37,0
6597,90.91,-194.75,0
6608,90.91,-194.62,0
6620,83.33,-194.18,0
6631,90.91,-193.85,0
6642,90.91,-193.43,0
6654,83.33,-193.83,0
6666,83.33,-193.17,0
6677,90.91,-193.33,0
6688,90.91,-194.02,0
6700,83.33,-195.13,0
6711,90.91,-195.02,0
6723,83.33,-194.74,0
6734,90.91,-194.01,0
6746,83.33,-193.49,0
6757,90.91,-193.40,0
6768,90.91,-193.44,0
6779,90.91,-192.78,0
6792,76.92,-193.49,0
6803,90.91,-194.40,0
6814,90.91,-194.72,0
6825,90.91,-195.30,0
6837,83.33,-194.91,0
6848,90.91,-194.15,0
6860,83.33,-193.50,0
6872,83.33,-192.94,0
6883,90.91,-193.05,0
6894,90.91,-193.39,0
6905,90.91,-194.09,0
6918,83.33,-194.82,0
6929,83.33,-194.97,0
6940,90.91,-195.21,0
6951,90.91,-195.02,0
6963,83.33,-194.03,0
6974,90.91,-193.27,0
6986,90.91,-193.49,0
6998,76.92,-193.78,0
7009,90.91,-193.67,0
7020,90.91,-194.03,0
7031,90.91,-194.71,0
7043,83.33,-194.69,0
7055,83.33,-195.01,0
7066,90.91,-194.93,0
7077,90.91,-194.32,0
7089,83.33,-193.59,0
7100,90.91,-193.28,0
7111,90.91,-193.64,0
7123,83.33,-193.95,0
7135,83.33,-193.75,0
7146,90.91,-194.32,0
7157,90.91,-194.89,0
7169,83.33,-195.25,0
7180,90.91,-194.33,0
7192,83.33,-193.61,0
7203,90.91,-193.25,0
7215,83.33,-193.39,0
7226,90.91,-193.56,0
7237,90.91,-193.72,0
7248,90.91,-194.43,0
7261,76.92,-194.76,0
7272,90.91,-195.24,0
7283,90.91,-194.34,0
7294,90.91,-193.51,0
7306,83.33,-193.35,0
7317,90.91,-193.40,0
7329,83.33,-193.26,0
7341,83.33,-193.30,0
7352,90.91,-194.41,0
7363,90.91,-194.93,0
7374,90.91,-194.82,0
7386,83.33,-194.88,0
7398,83.33,-194.66,0
7409,90.91,-194.53,0
7420,90.91,-193.91,0
7432,83.33,-193.04,0
7443,90.91,-193.13,0
7454,90.91,-193.97,0
7467,76.92,-194.07,0
7478,90.91,-194.52,0
7489,90.91,-195.00,0
7500,90.91,-195.15,0
7512,83.33,-194.66,0
7524,90.91,-194.07,0
7535,83.33,-193.44,0
7546,90.91,-193.57,0
7558,83.33,-193.62,0
7569,90.91,-194.14,0
7580,90.91,-194.22,0
7592,90.91,-194.85,0
7604,76.92,-194.91,0
7615,90.91,-193.98,0
7626,90.91,-194.14,0
7638,83.33,-193.77,0
7649,90.91,-193.17,0
7661,83.33,-193.28,0
7672,90.91,-194.34,0
7684,83.33,-194.43,0
7695,90.91,-194.89,0
7706,90.91,-194.71,0
7717,90.91,-194.55,0
7730,76.92,-194.20,0
7741,90.91,-193.83,0
7752,90.91,-192.92,0
7763,90.91,-193.38,0
7775,83.33,-193.71,0
7786,90.91,-193.95,0
7798,83.33,-194.29,0
7810,83.33,-195.39,0
7821,90.91,-195.53,0
7832,90.91,-195.28,0
7843,90.91,-194.55,0
7855,83.33,-193.95,0
7867,83.33,-192.95,0
7878,90.91,-192.76,0
7889,90.91,-193.28,0
7901,83.33,-194.07,0
7912,90.91,-194.75,0
7923,90.91,-195.41,0
7936,76.92,-195.04,0
7947,90.91,-194.85,0
7958,90.91,-194.50,0
7969,90.91,-193.80,0
7981,83.33,-193.62,0
7992,90.91,-193.07,0
8004,83.33,-193.52,0
8015,90.91,-194.26,0
8027,83.33,-194.70,0
8038,90.91,-194.84,0
8049,90.91,-194.69,0
8060,90.91,-194.82,0
8073,76.92,-194.99,0
8084,90.91,-193.99,0
8095,90.91,-193.94,0
8107,83.33,-193.59,0
8118,90.91,-193.69,0
8129,90.91,-194.62,0
8141,83.33,-194.86,0
8153,83.33,-194.36,0
8164,90.91,-194.36,0
8175,90.91,-194.46,0
8186,90.91,-193.62,0
8199,83.33,-193.32,0
8210,83.33,-193.12,0
8221,90.91,-193.72,0
8232,90.91,-194.06,0
8244,83.33,-194.49,0
8255,90.91,-194.77,0
8267,90.91,-194.78,0
8279,76.92,-194.32,0
8290,90.91,-194.28,0
8301,90.91,-194.15,0
8312,90.91,-193.56,0
8324,83.33,-193.74,0
8336,90.91,-193.19,0
8347,83.33,-194.08,0
8358,90.91,-194.62,0
8370,83.33,-194.93,0
8381,90.91,-194.88,0
8392,90.91,-194.42,0
8404,83.33,-193.48,0
8416,83.33,-193.32,0
8427,90.91,-192.64,0
8438,90.91,-193.19,0
8450,83.33,-193.66,0
8461,90.91,-194.32,0
8473,83.33,-194.88,0
8484,90.91,-195.43,0
8496,83.33,-194.95,0
8507,90.91,-194.51,0
8518,90.91,-193.55,0
8529,90.91,-193.21,0
8542,76.92,-192.58,0
8553,90.91,-193.16,0
8564,90.91,-193.53,0
8576,83.33,-193.90,0
8587,90.91,-194.74,0
8598,90.91,-195.08,0
8610,83.33,-195.29,0
8622,83.33,-194.90,0
8633,90.91,-193.74,0
8644,90.91,-193.46,0
8655,90.91,-193.49,0
8667,83.33,-193.62,0
8679,83.33,-193.91,0
8690,90.91,-194.18,0
8701,90.91,-194.67,0
8713,83.33,-194.37,0
8724,90.91,-193.88,0
8735,90.91,-194.08,0
8748,76.92,-193.55,0
8759,90.91,-193.03,0
8770,90.91,-193.50,0
8781,90.91,-193.51,0
8793,83.33,-194.15,0
8804,90.91,-195.00,0
8816,83.33,-194.86,0
8827,90.91,-194.29,0
8839,83.33,-194.11,0
8850,90.91,-193.42,0
8861,90.91,-192.96,0
8872,90.91,-193.28,0
8885,76.92,-193.42,0
8896,90.91,-193.88,0
8907,90.91,-194.70,0
8919,83.33,-195.41,0
8930,90.91,-194.92,0
8942,90.91,-194.85,0
8953,83.33,-194.52,0
8965,83.33,-193.55,0
8976,90.91,-192.72,0
8987,90.91,-192.43,0
8998,90.91,-193.54,0
9011,76.92,-194.21,0
9022,90.91,-195.42,0
9033,90.91,-195.52,0
9044,90.91,-195.35,0
9056,83.33,-195.15,0
9067,90.91,-193.52,0
9079,83.33,-193.06,0
9091,83.33,-193.07,0
9102,90.91,-193.07,0
9113,90.91,-193.10,0
9124,90.91,-193.83,0
9136,83.33,-194.39,0
9148,83.33,-194.38,0
9159,90.91,-194.30,0
9170,90.91,-194.54,0
9182,83.33,-194.10,0
9193,90.91,-193.77,0
9204,90.91,-193.18,0
9217,76.92,-193.53,0
9228,90.91,-194.07,0
9239,90.91,-194.84,0
9250,90.91,-194.84,0
9262,83.33,-194.92,0
9273,90.91,-194.71,0
9285,83.33,-194.51,0
9296,90.91,-193.98,0
9308,83.33,-194.01,0
9319,90.91,-193.70,0
9330,90.91,-193.96,0
9341,90.91,-194.13,0
9354,76.92,-194.55,0
9365,90.91,-195.25,0
9376,90.91,-195.17,0
9388,83.33,-194.55,0
9399,90.91,-194.09,0
9410,90.91,-192.81,0
9422,83.33,-192.70,0
9434,83.33,-193.43,0
9445,90.91,-193.72,0
9456,90.91,-194.58,0
9467,90.91,-194.96,0
9480,83.33,-195.09,0
9491,83.33,-195.50,0
9502,90.91,-195.01,0
9513,90.91,-193.50,0
9525,83.33,-193.37,0
9536,90.91,-193.40,0
9548,90.91,-193.28,0
9560,76.92,-193.09,0
9571,90.91,-194.06,0
9582,90.91,-194.88,0
9593,90.91,-195.25,0
9605,83.33,-195.54,0
9617,83.33,-193.89,0
9628,90.91,-193.39,0
9639,90.91,-193.02,0
9651,83.33,-193.46,0
9662,90.91,-193.65,0
9673,90.91,-193.79,0
9686,76.92,-194.76,0
9697,90.91,-195.07,0
9708,90.91,-194.37,0
9719,90.91,-194.29,0
9731,83.33,-194.56,0
9742,90.91,-194.47,0
9754,83.33,-193.61,0
9765,90.91,-193.24,0
9777,83.33,-193.60,0
9788,90.91,-193.89,0
9799,90.91,-194.38,0
9810,90.91,-194.87,0
9823,76.92,-194.74,0
9834,90.91,-194.28,0
9845,90.91,-193.91,0
9857,83.33,-193.30,0
9868,90.91,-193.18,0
9879,90.91,-193.06,0
9891,83.33,-193.70,0
9903,83.33,-193.93,0
9914,90.91,-194.64,0
9925,90.91,-195.18,0
9936,90.91,-194.45,0
9948,83.33,-193.81,0
9960,83.33,-193.44,0
9971,90.91,-193.45,0
9982,90.91,-194.12,0
9994,83.33,-193.50,0
10005,90.91,-194.21,0
10017,90.91,-194.94,0
10029,76.92,-195.09,0
10040,90.91,-194.87,0
10051,90.91,-194.06,0
10062,90.91,-194.06,0
10074,83.33,-193.42,0
10086,90.91,-193.38,0
10097,83.33,-192.84,0
10108,90.91,-193.19,0
10120,83.33,-193.71,0
10131,90.91,-194.38,0
10142,90.91,-194.97,0
10155,76.92,-195.34,0
10166,90.91,-194.53,0
10177,90.91,-193.79,0
10188,90.91,-193.13,0
10200,83.33,-192.67,0
10211,90.91,-193.20,0
10223,83.33,-193.63,0
10234,90.91,-194.55,0
10246,83.33,-195.15,0
10257,90.91,-195.15,0
10268,90.91,-194.34,0
10279,90.91,-193.80,0
10292,76.92,-193.88,0
10303,90.91,-193.24,0
10314,90.91,-193.28,0
10326,83.33,-193.35,0
10337,90.91,-194.26,0
10348,90.91,-195.14,0
10360,83.33,-195.18,0
10372,83.33,-194.89,0
10383,90.91,-193.78,0
10394,90.91,-192.97,0
10405,90.91,-192.88,0
10417,83.33,-193.47,0
10429,83.33,-193.47,0
10440,90.91,-193.59,0
10451,90.91,-194.34,0
10463,83.33,-194.58,0
10474,90.91,-195.25,0
10485,90.91,-194.78,0
10498,76.92,-194.44,0
10509,90.91,-194.39,0
10520,90.91,-193.58,0
10531,90.91,-192.92,0
10543,83.33,-193.17,0
10554,90.91,-193.61,0
10566,83.33,-194.37,0
10577,90.91,-195.10,0
10589,83.33,-195.90,0
10600,90.91,-194.92,0
10611,90.91,-194.51,0
10624,90.91,-194.04,0
10635,76.92,-193.16,0
10646,90.91,-193.18,0
10657,90.91,-193.05,0
10669,83.33,-193.69,0
10680,90.91,-194.23,0
10692,83.33,-194.71,0
10703,90.91,-194.63,0
10715,83.33,-194.37,0
10726,90.91,-194.22,0
10737,90.91,-193.51,0
10748,90.91,-192.81,0
10761,76.92,-192.89,0
10772,90.91,-193.36,0
10783,90.91,-194.75,0
10795,83.33,-195.32,0
10806,90.91,-194.92,0
10817,90.91,-194.66,0
10829,83.33,-194.29,0
10841,83.33,-193.77,0
10852,90.91,-193.34,0
10863,90.91,-192.91,0
10874,90.91,-193.54,0
10886,83.33,-193.98,0
10898,83.33,-194.67,0
10909,90.91,-195.25,0
10920,90.91,-194.69,0
10932,83.33,-194.26,0
10943,90.91,-193.60,0
10954,90.91,-192.93,0
10967,76.92,-193.26,0
10978,90.91,-193.01,0
10989,90.91,-192.97,0
11000,90.91,-194.42,0
11012,83.33,-195.21,0
11023,90.91,-194.67,0
11035,83.33,-194.06,0
11046,90.91,-193.85,0
11058,83.33,-193.04,0
11069,90.91,-192.57,0
11080,90.91,-192.51,0
11091,90.91,-192.87,0
11104,76.92,-193.45,0
11115,90.91,-194.08,0
11126,90.91,-194.82,0
11138,83.33,-194.91,0
11149,90.91,-194.28,0
11161,90.91,-194.09,0
11172,83.33,-193.19,0
11184,83.33,-193.13,0
11195,90.91,-193.53,0
11206,90.91,-193.63,0
11217,90.91,-193.78,0
11230,83.33,-194.35,0
11241,83.33,-195.29,0
11252,90.91,-195.42,0
11264,83.33,-195.41,0
11275,90.91,-194.74,0
11286,90.91,-193.77,0
11298,83.33,-192.89,0
11310,83.33,-193.33,0
11321,90.91,-193.65,0
11332,90.91,-194.08,0
11343,90.91,-194.90,0
11355,83.33,-194.77,0
11367,83.33,-194.11,0
11378,90.91,-193.93,0
11389,90.91,-194.02,0
11401,83.33,-193.05,0
11412,90.91,-193.22,0
11423,90.91,-193.86,0
11436,76.92,-194.47,0
11447,90.91,-194.65,0
11458,90.91,-194.96,0
11469,90.91,-194.76,0
11481,83.33,-194.54,0
11492,90.91,-193.93,0
11504,83.33,-193.35,0
11515,90.91,-193.58,0
11527,83.33,-193.09,0
11538,90.91,-193.14,0
11549,90.91,-193.99,0
11560,90.91,-194.79,0
11573,76.92,-195.44,0
11584,90.91,-195.13,0
11595,90.91,-194.72,0
11607,83.33,-193.96,0
11618,90.91,-193.19,0
11629,90.91,-193.03,0
11641,83.33,-192.78,0
11653,83.33,-192.88,0
11664,90.91,-193.32,0
11675,90.91,-193.98,0
11686,90.91,-194.67,0
11698,83.33,-194.92,0
11710,83.33,-195.22,0
11721,90.91,-194.32,0
11732,90.91,-193.36,0
11744,83.33,-193.25,0
11755,90.91,-193.31,0
11767,90.91,-193.74,0
11779,76.92,-194.36,0
11790,90.91,-194.49,0
11801,90.91,-194.78,0
11812,90.91,-195.17,0
11824,83.33,-194.71,0
11836,90.91,-194.80,0
11847,83.33,-194.09,0
11858,90.91,-193.44,0
11870,83.33,-193.63,0
11881,90.91,-194.15,0
11892,90.91,-194.24,0
11905,76.92,-194.78,0
11916,90.91,-195.17,0
11927,90.91,-194.66,0
11938,90.91,-194.34,0
11950,83.33,-194.12,0
11961,90.91,-193.35,0
11973,83.33,-193.12,0
11984,90.91,-194.11,0
11996,83.33,-193.90,0
12007,90.91,-194.25,0
12018,90.91,-194.57,0
12029,90.91,-195.07,0
12042,76.92,-194.21,0
12053,90.91,-193.72,0
12064,90.91,-193.38,0
12076,83.33,-193.31,0
12087,90.91,-193.35,0
12098,90.91,-194.58,0
12110,83.33,-194.73,0
12122,83.33,-195.16,0
12133,90.91,-194.82,0
12144,90.91,-194.28,0
12155,90.91,-193.87,0
12167,83.33,-193.52,0
12179,83.33,-193.08,0
12190,90.91,-193.04,0
12201,90.91,-193.09,0
12213,83.33,-193.80,0
12224,90.91,-194.20,0
12235,90.91,-194.66,0
12248,76.92,-194.87,0
12259,90.91,-194.53,0
12270,90.91,-194.48,0
12281,90.91,-193.56,0
12293,83.33,-192.63,0
12304,90.91,-192.53,0
12316,83.33,-192.97,0
12327,90.91,-193.65,0
12339,83.33,-194.24,0
12350,90.91,-194.96,0
12361,90.91,-194.72,0
12372,90.91,-194.21,0
12385,76.92,-193.50,0
12396,90.91,-193.43,0
12407,90.91,-193.29,0
12419,83.33,-193.05,0
12430,90.91,-194.05,0
12442,90.91,-194.25,0
12453,83.33,-195.37,0
12465,83.33,-195.29,0
12476,90.91,-194.75,0
12487,90.91,-194.54,0
12498,90.91,-193.47,0
12511,83.33,-193.48,0
12522,83.33,-193.66,0
12533,90.91,-193.59,0
12545,83.33,-194.15,0
12556,90.91,-194.84,0
12567,90.91,-194.44,0
12579,83.33,-194.67,0
12591,83.33,-194.05,0
12602,90.91,-193.98,0
12613,90.91,-192.68,0
12624,90.91,-192.42,0
12636,83.33,-193.02,0
12648,83.33,-193.69,0
12659,90.91,-194.21,0
12670,90.91,-195.25,0
12682,83.33,-195.74,0
12693,90.91,-195.21,0
12704,90.91,-194.67,0
12717,76.92,-194.17,0
12728,90.91,-192.83,0
12739,90.91,-192.05,0
12750,90.91,-192.79,0
12762,83.33,-194.25,0
12773,90.91,-194.40,0
12785,83.33,-195.46,0
12796,90.91,-195.49,0
12808,83.33,-195.30,0
12819,90.91,-194.65,0
12830,90.91,-194.12,0
12841,90.91,-193.20,0
12854,76.92,-192.71,0
12865,90.91,-193.42,0
12876,90.91,-193.70,0
12888,83.33,-194.43,0
12899,90.91,-194.60,0
12910,90.91,-194.66,0
12922,83.33,-195.02,0
12934,83.33,-194.82,0
12945,90.91,-193.85,0
12956,90.91,-193.59,0
12967,90.91,-194.07,0
12979,83.33,-194.74,0
12991,83.33,-195.07,0
13002,90.91,-195.02,0
13014,83.33,-195.18,0
13025,90.91,-194.85,0
13036,90.91,-194.50,0
13048,90.91,-193.86,0
13060,76.92,-193.14,0
13071,90.91,-193.37,0
13082,90.91,-194.15,0
13093,90.91,-194.48,0
13105,83.33,-195.02,0
13117,90.91,-195.56,0
13128,83.33,-194.96,0
13139,90.91,-194.55,0
13151,83.33,-193.65,0
13162,90.91,-193.36,0
13173,90.91,-192.79,0
13186,76.92,-192.91,0
13197,90.91,-192.90,0
13208,90.91,-194.30,0
13219,90.91,-195.50,0
13231,83.33,-195.54,0
13242,90.91,-195.21,0
13254,83.33,-194.72,0
13265,90.91,-194.28,0
13277,83.33,-193.11,0
13288,90.91,-192.87,0
13299,90.91,-193.20,0
13310,90.91,-193.35,0
13323,76.92,-194.30,0
13334,90.91,-195.21,0
13345,90.91,-194.93,0
13357,83.33,-194.90,0
13368,90.91,-194.76,0
13379,90.91,-193.85,0
13391,83.33,-192.95,0
13403,83.33,-193.08,0
13414,90.91,-193.72,0
13425,90.91,-193.45,0
13436,90.91,-193.34,0
13448,83.33,-194.02,0
13460,83.33,-194.70,0
13471,90.91,-194.91,0
13483,83.33,-194.30,0
13494,90.91,-194.01,0
13505,90.91,-193.46,0
13516,90.91,-193.43,0
13529,76.92,-193.63,0
13540,90.91,-194.27,0
13551,90.91,-194.27,0
13562,90.91,-194.23,0
13574,83.33,-194.08,0
13585,90.91,-193.91,0
13597,83.33,-193.43,0
13608,90.91,-193.26,0
13620,83.33,-193.12,0
13631,90.91,-193.19,0
13642,90.91,-193.50,0
13654,83.33,-193.94,0
13666,83.33,-194.41,0
13677,90.91,-195.12,0
13688,90.91,-194.95,0
13700,83.33,-194.55,0
13711,90.91,-193.96,0
13723,90.91,-193.06,0
13734,83.33,-192.79,0
13746,83.33,-192.73,0
13757,90.91,-193.30,0
13768,90.91,-194.65,0
13779,90.91,-195.15,0
13792,83.33,-194.95,0
13803,83.33,-195.07,0
13814,90.91,-194.35,0
13826,83.33,-193.28,0
13837,90.91,-192.34,0
13848,90.91,-192.58,0
13860,83.33,-193.03,0
13872,83.33,-194.12,0
13883,90.91,-194.59,0
13894,90.91,-195.10,0
13905,90.91,-195.38,0
13917,83.33,-194.90,0
13929,83.33,-194.60,0
13940,90.91,-194.23,0
13952,83.33,-193.59,0
13963,90.91,-193.12,0
13974,90.91,-192.86,0
13985,90.91,-193.51,0
13998,76.92,-194.16,0
14009,90.91,-194.61,0
14020,90.91,-194.61,0
14031,90.91,-194.67,0
14043,83.33,-194.04,0
14054,90.91,-193.38,0
14066,83.33,-193.28,0
14077,90.91,-193.36,0
14089,83.33,-194.45,0
14100,90.91,-195.00,0
14111,90.91,-195.38,0
14123,83.33,-194.86,0
14135,83.33,-194.10,0
14146,90.91,-193.71,0
14157,90.91,-193.89,0
14169,83.33,-193.73,0
14180,90.91,-193.33,0
14191,90.91,-193.55,0
14203,83.33,-194.08,0
14215,83.33,-194.70,0
14226,90.91,-195.23,0
14237,90.91,-194.86,0
14248,90.91,-194.21,0
14260,83.33,-193.32,0
14272,83.33,-193.04,0
14283,90.91,-192.47,0
14295,83.33,-192.63,0
14306,90.91,-193.34,0
14317,90.91,-193.82,0
14329,90.91,-194.93,0
14341,76.92,-194.91,0
14352,90.91,-195.07,0
14363,90.91,-194.82,0
14374,90.91,-193.77,0
14386,83.33,-192.92,0
14398,90.91,-193.08,0
14409,83.33,-192.94,0
14420,90.91,-193.11,0
14432,83.33,-194.18,0
14443,90.91,-194.70,0
14454,90.91,-195.02,0
14467,76.92,-195.37,0
14478,90.91,-194.34,0
14489,90.91,-193.95,0
14500,90.91,-193.74,0
14512,83.33,-193.72,0
14523,90.91,-193.19,0
14535,83.33,-193.67,0
14546,90.91,-194.23,0
14558,83.33,-194.34,0
14569,90.91,-194.69,0
14580,90.91,-194.17,0
14592,83.33,-193.59,0
14604,83.33,-193.42,0
14615,90.91,-193.43,0
14626,90.91,-193.64,0
14638,83.33,-193.92,0
14649,90.91,-194.64,0
14660,90.91,-194.59,0
14672,83.33,-194.90,0
14684,83.33,-194.72,0
14695,90.91,-193.98,0
14706,90.91,-193.38,0
14717,90.91,-193.67,0
14729,83.33,-193.45,0
14741,83.33,-193.69,0
14752,90.91,-194.90,0
14764,83.33,-194.67,0
14775,90.91,-195.28,0
14786,90.91,-194.98,0
14797,90.91,-194.51,0
14810,76.92,-193.74,0
14821,90.91,-193.24,0
14832,90.91,-192.78,0
14843,90.91,-192.87,0
14855,83.33,-193.75,0
14866,90.91,-194.62,0
14878,83.33,-195.19,0
14889,90.91,-196.24,0
14901,83.33,-195.66,0
14912,90.91,-194.48,0
14923,90.91,-193.95,0
14935,83.33,-193.31,0
14947,83.33,-192.78,0
14958,90.91,-193.10,0
14969,90.91,-193.36,0
14981,83.33,-193.94,0
14992,90.91,-194.69,0
15004,90.91,-195.28,0
15015,83.33,-195.74,0
15027,83.33,-195.38,0
15038,90.91,-194.15,0
15049,90.91,-193.12,0
15060,90.91,-193.28,0
15073,83.33,-193.41,0
15084,83.33,-193.92,0
15095,90.91,-194.70,0
15107,83.33,-194.91,0
15118,90.91,-195.01,0
15129,90.91,-195.16,0
15141,83.33,-194.22,0
15153,83.33,-193.90,0
15164,90.91,-193.82,0
15175,90.91,-193.47,0
15186,90.91,-194.32,0
15198,83.33,-194.09,0
15210,83.33,-194.28,0
15221,90.91,-194.28,0
15233,83.33,-194.45,0
15244,90.91,-194.46,0
15255,90.91,-193.75,0
15266,90.91,-193.49,0
15279,76.92,-192.99,0
15290,90.91,-193.12,0
15301,90.91,-193.86,0
15312,90.91,-194.89,0
15324,83.33,-195.02,0
15335,90.91,-195.48,0
15347,83.33,-195.17,0
15358,90.91,-193.93,0
15370,83.33,-192.24,0
15381,90.91,-192.08,0
15392,90.91,-192.79,0
15404,83.33,-192.86,0
15416,83.33,-193.75,0
15427,90.91,-194.73,0
15438,90.91,-195.05,0
15450,83.33,-195.51,0
15461,90.91,-195.36,0
15472,90.91,-194.42,0
15484,83.33,-193.44,0
15496,83.33,-192.98,0
15507,90.91,-192.93,0
15518,90.91,-192.86,0
15529,90.91,-193.43,0
15541,83.33,-193.95,0
15553,83.33,-193.85,0
15564,90.91,-194.76,0
15576,83.33,-195.00,0
15587,90.91,-194.68,0
15598,90.91,-193.96,0
15609,90.91,-193.41,0
15622,76.92,-193.67,0
15633,90.91,-193.45,0
15644,90.91,-194.00,0
15655,90.91,-194.50,0
15667,83.33,-194.53,0
15679,90.91,-194.17,0
15690,83.33,-193.80,0
15702,83.33,-193.12,0
15713,90.91,-193.63,0
15724,90.91,-193.56,0
15735,90.91,-193.37,0
15748,83.33,-194.20,0
15759,83.33,-194.30,0
15770,90.91,-194.93,0
15781,90.91,-194.84,0
15793,83.33,-194.48,0
15804,90.91,-193.74,0
15816,83.33,-193.46,0
15827,90.91,-192.39,0
15839,83.33,-193.37,0
15850,90.91,-194.23,0
15861,90.91,-195.03,0
15873,83.33,-195.25,0
15885,83.33,-195.18,0
15896,90.91,-194.64,0
15907,90.91,-194.26,0
15919,83.33,-193.13,0
15930,90.91,-192.48,0
15941,90.91,-192.96,0
15953,83.33,-193.06,0
15965,83.33,-193.86,0
15976,90.91,-194.16,0
15987,90.91,-194.70,0
15998,90.91,-195.43,0
16010,83.33,-195.03,0
16022,83.33,-193.93,0
16033,90.91,-193.91,0
16045,83.33,-193.07,0
16056,90.91,-192.77,0
16067,90.91,-192.77,0
16078,90.91,-193.27,0
16091,76.92,-194.11,0
16102,90.91,-194.82,0
16113,90.91,-195.40,0
16124,90.91,-194.80,0
16136,83.33,-193.48,0
16147,90.91,-193.69,0
16159,83.33,-193.64,0
16171,83.33,-193.05,0
16182,90.91,-193.50,0
16193,90.91,-194.56,0
16204,90.91,-194.34,0
16216,83.33,-194.24,0
16228,83.33,-194.80,0
16239,90.91,-194.82,0
16250,90.91,-194.01,0
16262,83.33,-193.60,0
16273,90.91,-193.40,0
16284,90.91,-193.47,0
16296,83.33,-194.10,0
16308,83.33,-195.07,0
16319,90.91,-194.99,0
16330,90.91,-194.81,0
16342,83.33,-194.39,0
16354,90.91,-193.64,0
16365,83.33,-193.20,0
16376,90.91,-192.83,0
16388,83.33,-193.53,0
16399,90.91,-193.52,0
16410,90.91,-194.84,0
16422,90.91,-195.20,0
16434,83.33,-195.22,0
16445,90.91,-195.07,0
16456,90.91,-194.94,0
16467,90.91,-194.34,0
16479,83.33,-193.39,0
16491,83.33,-192.53,0
16502,90.91,-192.10,0
16514,83.33,-192.87,0
16525,90.91,-194.20,0
16536,90.91,-194.89,0
16547,90.91,-195.90,0
16560,76.92,-196.01,0
16571,90.91,-195.00,0
16582,90.91,-194.23,0
16593,90.91,-193.77,0
16605,83.33,-193.28,0
16616,90.91,-192.46,0
16628,83.33,-192.89,0
16640,83.33,-193.88,0
16651,90.91,-194.71,0
16662,90.91,-195.16,0
16673,90.91,-195.24,0
16685,83.33,-194.68,0
16697,83.33,-194.43,0
16708,90.91,-193.36,0
16719,90.91,-193.34,0
16731,83.33,-193.90,0
16742,90.91,-194.20,0
16753,90.91,-194.83,0
16765,83.33,-194.58,0
16777,83.33,-194.55,0
16788,90.91,-194.43,0
16799,90.91,-194.44,0
16811,83.33,-193.76,0
16822,90.91,-193.56,0
16834,83.33,-193.62,0
16845,90.91,-194.37,0
16857,83.33,-194.75,0
16868,90.91,-194.93,0
16879,90.91,-195.08,0
16891,90.91,-194.87,0
16903,76.92,-193.73,0
16914,90.91,-193.34,0
16925,90.91,-193.26,0
16936,90.91,-192.57,0
16948,83.33,-192.71,0
16960,90.91,-193.88,0
16971,83.33,-194.54,0
16983,83.33,-195.15,0
16994,90.91,-195.48,0
17005,90.91,-194.68,0
17016,90.91,-194.00,0
17029,76.92,-193.66,0
17040,90.91,-192.80,0
17051,90.91,-192.69,0
17062,90.91,-192.80,0
17074,83.33,-193.78,0
17085,90.91,-194.41,0
17097,83.33,-195.41,0
17108,90.91,-195.47,0
17120,83.33,-194.72,0
17131,90.91,-194.89,0
17142,90.91,-194.51,0
17154,83.33,-193.12,0
17166,83.33,-193.55,0
17177,90.91,-194.27,0
17188,90.91,-194.28,0
17200,83.33,-194.15,0
17211,90.91,-194.13,0
17222,90.91,-194.14,0
17234,83.33,-194.05,0
17246,83.33,-193.66,0
17257,90.91,-193.58,0
17268,90.91,-193.30,0
17280,83.33,-193.45,0
17291,90.91,-194.09,0
17303,83.33,-194.76,0
17314,90.91,-195.13,0
17326,83.33,-194.51,0
17337,90.91,-194.31,0
17348,90.91,-194.19,0
17359,90.91,-193.90,0
17372,76.92,-193.37,0
17383,90.91,-193.17,0
17394,90.91,-193.73,0
17405,90.91,-194.78,0
17417,83.33,-195.43,0
17428,90.91,-195.57,0
17440,83.33,-195.90,0
17452,83.33,-194.98,0
17463,90.91,-193.71,0
17474,90.91,-192.76,0
17485,90.91,-193.17,0
17497,83.33,-192.99,0
17509,83.33,-193.58,0
17520,90.91,-194.45,0
17531,90.91,-195.50,0
17543,83.33,-195.52,0
17554,90.91,-195.60,0
17566,90.91,-195.06,0
17577,83.33,-193.82,0
17589,83.33,-193.30,0
17600,90.91,-192.47,0
17611,90.91,-192.42,0
17623,83.33,-193.04,0
17635,90.91,-194.03,0
17646,83.33,-194.82,0
17657,90.91,-195.17,0
17669,83.33,-194.42,0
17680,90.91,-193.77,0
17691,90.91,-193.96,0
17703,90.91,-193.46,0
17715,83.33,-193.62,0
17726,90.91,-193.80,0
17737,90.91,-194.28,0
17748,90.91,-195.14,0
17760,83.33,-194.92,0
17772,83.33,-194.87,0
17783,90.91,-194.24,0
17795,83.33,-193.93,0
17806,90.91,-193.12,0
17817,90.91,-193.24,0
17828,90.91,-193.79,0
17841,76.92,-193.80,0
17852,90.91,-194.24,0
17863,90.91,-194.91,0
17874,90.91,-194.88,0
17886,83.33,-195.07,0
17897,90.91,-194.08,0
17909,83.33,-193.12,0
17921,83.33,-193.40,0
17932,90.91,-193.02,0
17943,90.91,-193.39,0
17954,90.91,-193.96,0
17966,83.33,-194.96,0
17978,83.33,-195.02,0
17989,90.91,-194.71,0
18000,90.91,-194.57,0
18012,83.33,-194.10,0
18023,90.91,-192.86,0
18034,90.91,-192.37,0
18046,83.33,-192.62,0
18058,83.33,-193.24,0
18069,90.91,-193.99,0
18080,90.91,-194.49,0
18092,83.33,-194.84,0
18103,90.91,-195.14,0
18115,83.33,-194.84,0
18126,90.91,-194.10,0
18138,83.33,-193.41,0
18149,90.91,-192.45,0
18160,90.91,-192.51,0
18172,90.91,-193.44,0
18184,76.92,-194.18,0
18195,90.91,-194.86,0
18206,90.91,-195.63,0
18217,90.91,-195.20,0
18229,83.33,-194.27,0
18241,90.91,-193.97,0
18252,83.33,-193.55,0
18264,83.33,-193.41,0
18275,90.91,-193.40,0
18286,90.91,-193.51,0
18297,90.91,-194.36,0
18310,83.33,-194.49,0
18321,90.91,-194.34,0
18332,90.91,-194.11,0
18343,90.91,-193.41,0
18355,83.33,-192.81,0
18366,90.91,-193.24,0
18378,83.33,-193.58,0
18390,83.33,-194.43,0
18401,90.91,-194.60,0
18412,90.91,-194.90,0
18423,90.91,-196.11,0
18435,83.33,-195.38,0
18447,83.33,-194.30,0
18458,90.91,-193.05,0
18469,90.91,-192.78,0
18481,83.33,-192.64,0
18492,90.91,-193.74,0
18503,90.91,-194.38,0
18515,83.33,-194.87,0
18527,83.33,-195.43,0
18538,90.91,-195.91,0
18549,90.91,-195.14,0
18561,83.33,-194.76,0
18572,90.91,-193.73,0
18584,83.33,-192.52,0
18595,90.91,-192.71,0
18607,83.33,-193.00,0
18618,90.91,-193.73,0
18629,90.91,-194.69,0
18640,90.91,-194.98,0
18653,76.92,-195.21,0
18664,90.91,-195.39,0
18675,90.91,-194.58,0
18686,90.91,-193.61,0
18698,83.33,-193.61,0
18709,90.91,-193.38,0
18721,83.33,-194.16,0
18733,83.33,-194.24,0
18744,90.91,-193.92,0
18755,90.91,-194.15,0
18766,90.91,-194.74,0
18778,83.33,-194.49,0
18790,83.33,-194.05,0
18801,90.91,-193.68,0
18812,90.91,-194.23,0
18824,83.33,-194.64,0
18835,90.91,-193.93,0
18846,90.91,-194.10,0
18859,76.92,-194.43,0
18870,90.91,-194.16,0
18881,90.91,-194.44,0
18892,90.91,-194.03,0
18904,83.33,-193.91,0
18916,90.91,-193.81,0
18927,83.33,-193.35,0
18938,90.91,-193.41,0
18950,83.33,-194.43,0
18961,90.91,-194.75,0
18972,90.91,-195.44,0
18984,90.91,-195.27,0
18996,76.92,-194.37,0
19007,90.91,-194.05,0
19018,90.91,-193.20,0
19030,83.33,-192.43,0
19041,90.91,-192.55,0
19053,83.33,-193.50,0
19064,90.91,-194.76,0
19076,83.33,-195.53,0
19087,90.91,-196.19,0
19098,90.91,-195.45,0
19109,90.91,-194.71,0
19122,76.92,-193.86,0
19133,90.91,-193.19,0
19144,90.91,-192.93,0
19155,90.91,-193.13,0
19167,83.33,-193.88,0
19178,90.91,-194.19,0
19190,83.33,-194.35,0
19202,83.33,-195.13,0
19213,90.91,-195.29,0
19224,90.91,-194.99,0
19235,90.91,-194.16,0
19247,83.33,-193.98,0
19259,83.33,-193.37,0
19270,90.91,-193.45,0
19281,90.91,-193.56,0
19293,83.33,-194.00,0
19304,90.91,-194.52,0
19315,90.91,-194.78,0
19328,76.92,-194.70,0
19339,90.91,-194.04,0
19350,90.91,-194.19,0
19361,90.91,-193.93,0
19373,83.33,-193.87,0
19384,90.91,-194.47,0
19396,83.33,-194.61,0
19407,90.91,-194.98,0
19419,83.33,-195.02,0
19430,90.91,-194.24,0
19441,90.91,-193.81,0
19452,90.91,-192.91,0
19465,76.92,-192.84,0
19476,90.91,-193.07,0
19487,90.91,-193.40,0
19499,83.33,-194.09,0
19510,90.91,-195.23,0
19521,90.91,-195.23,0
19533,83.33,-195.27,0
19545,83.33,-194.83,0
19556,90.91,-194.09,0
19567,90.91,-192.96,0
19578,90.91,-192.38,0
19590,83.33,-192.59,0
19602,83.33,-193.49,0
19613,90.91,-194.05,0
19624,90.91,-194.79,0
19636,83.33,-194.92,0
19647,90.91,-194.87,0
19659,90.91,-194.70,0
19671,76.92,-194.13,0
19682,90.91,-194.05,0
19693,90.91,-193.71,0
19704,90.91,-193.14,0
19716,83.33,-192.97,0
19728,90.91,-193.51,0
19739,83.33,-194.23,0
19750,90.91,-194.73,0
19762,83.33,-194.77,0
19773,90.91,-194.26,0
19784,90.91,-194.34,0
19796,90.91,-193.62,0
19808,76.92,-193.32,0
19819,90.91,-193.16,0
19830,90.91,-193.30,0
19842,83.33,-193.61,0
19853,90.91,-193.96,0
19865,83.33,-194.84,0
19876,90.91,-194.73,0
19888,83.33,-193.94,0
19899,90.91,-193.51,0
19910,90.91,-193.29,0
19921,90.91,-193.33,0
19934,76.92,-193.55,0
19945,90.91,-194.09,0
19956,90.91,-194.55,0
19968,83.33,-194.90,0
19979,90.91,-195.04,0
19990,90.91,-194.28,0
20002,83.33,-193.80,0
20014,83.33,-193.04,0
20025,90.91,-192.83,0
20036,90.91,-193.02,0
20047,90.91,-194.03,0
20059,83.33,-194.50,0
20071,83.33,-195.42,0
20082,90.91,-195.38,0
20093,90.91,-195.01,0
20105,83.33,-194.45,0
20116,90.91,-193.57,0
20127,90.91,-192.79,0
20140,76.92,-192.38,0
20151,90.91,-192.90,0
20162,90.91,-193.99,0
20173,90.91,-194.63,0
20185,83.33,-195.06,0
20196,90.91,-195.26,0
20208,83.33,-194.96,0
20219,90.91,-194.21,0
20231,83.33,-193.44,0
20242,90.91,-192.82,0
20253,90.91,-192.76,0
20264,90.91,-192.79,0
20277,76.92,-193.85,0
20288,90.91,-194.05,0
20299,90.91,-194.50,0
20311,83.33,-194.92,0
20322,90.91,-194.35,0
20334,90.91,-194.01,0
20345,83.33,-193.66,0
20357,83.33,-193.04,0
20368,90.91,-193.35,0
20379,90.91,-194.02,0
20390,90.91,-193.94,0
20403,83.33,-194.27,0
20414,83.33,-194.70,0
20425,90.91,-195.21,0
20436,90.91,-194.18,0
20448,83.33,-193.95,0
20459,90.91,-193.32,0
20471,83.33,-192.90,0
20483,83.33,-193.60,0
20494,90.91,-194.05,0
20505,90.91,-194.36,0
20516,90.91,-194.66,0
20528,83.33,-195.01,0
20540,83.33,-194.55,0
20551,90.91,-193.80,0
20562,90.91,-193.32,0
20574,83.33,-193.52,0
20585,90.91,-192.99,0
20596,90.91,-193.14,0
20609,76.92,-194.08,0
20620,90.91,-195.07,0
20631,90.91,-195.09,0
20642,90.91,-194.96,0
20654,83.33,-194.83,0
20665,90.91,-194.23,0
20677,83.33,-193.32,0
20688,90.91,-193.02,0
20700,83.33,-193.57,0
20711,90.91,-193.63,0
20722,90.91,-193.84,0
20733,90.91,-193.84,0
20746,76.92,-194.39,0
20757,90.91,-195.12,0
20768,90.91,-194.77,0
20780,83.33,-194.00,0
20791,90.91,-192.94,0
20802,90.91,-193.09,0
20814,83.33,-193.94,0
20826,83.33,-194.35,0
20837,90.91,-194.81,0
20848,90.91,-194.90,0
20859,90.91,-194.20,0
20871,83.33,-194.42,0
20883,83.33,-194.10,0
20894,90.91,-193.31,0
20905,90.91,-193.44,0
20917,83.33,-193.54,0
20928,90.91,-193.54,0
20939,90.91,-194.75,0
20952,76.92,-194.89,0
20963,90.91,-194.83,0
20974,90.91,-194.43,0
20985,90.91,-194.04,0
20997,83.33,-193.73,0
21009,90.91,-192.90,0
21020,83.33,-192.29,0
21031,90.91,-192.94,0
21043,83.33,-194.11,0
21054,90.91,-194.50,0
21065,90.91,-194.73,0
21078,90.91,-194.88,0
21089,76.92,-194.79,0
21100,90.91,-194.27,0
21111,90.91,-193.88,0
21123,83.33,-192.99,0
21134,90.91,-192.86,0
21146,83.33,-193.06,0
21157,90.91,-193.77,0
21169,83.33,-194.55,0
21180,90.91,-194.67,0
21191,90.91,-195.03,0
21202,90.91,-194.80,0
21215,76.92,-194.66,0
21226,90.91,-194.02,0
21237,90.91,-193.29,0
21249,83.33,-193.17,0
21260,90.91,-193.71,0
21271,90.91,-194.01,0
21283,83.33,-195.04,0
21295,83.33,-195.31,0
21306,90.91,-195.09,0
21317,90.91,-194.85,0
21328,90.91,-193.91,0
21340,83.33,-193.59,0
21352,83.33,-192.69,0
21363,90.91,-193.34,0
21374,90.91,-193.97,0
21386,83.33,-194.42,0
21397,90.91,-195.16,0
21408,90.91,-195.00,0
21421,76.92,-195.49,0
21432,90.91,-194.74,0
21443,90.91,-194.08,0
21454,90.91,-193.29,0
21466,83.33,-192.91,0
21477,90.91,-193.15,0
21489,83.33,-194.41,0
21500,90.91,-195.13,0
21512,83.33,-195.64,0
21523,90.91,-195.17,0
21534,90.91,-194.47,0
21545,90.91,-193.74,0
21558,76.92,-193.24,0
21569,90.91,-193.02,0
21580,90.91,-192.95,0
21592,83.33,-193.84,0
21603,90.91,-194.61,0
21615,90.91,-194.80,0
21626,83.33,-194.49,0
21638,83.33,-194.71,0
21649,90.91,-194.42,0
21660,90.91,-193.81,0
21671,90.91,-193.28,0
21684,83.33,-192.78,0
21695,83.33,-193.14,0
21706,90.91,-194.17,0
21718,83.33,-194.98,0
21729,90.91,-195.07,0
21740,90.91,-194.95,0
21752,83.33,-194.41,0
21764,83.33,-193.99,0
21775,90.91,-193.36,0
21786,90.91,-192.72,0
21797,90.91,-192.68,0
21809,83.33,-193.06,0
21821,83.33,-194.19,0
21832,90.91,-195.16,0
21843,90.91,-195.79,0
21855,83.33,-195.10,0
21866,90.91,-194.63,0
21877,90.91,-193.94,0
21890,76.92,-193.28,0
21901,90.91,-193.00,0
21912,90.91,-193.08,0
21923,90.91,-193.34,0
21935,83.33,-194.11,0
21946,90.91,-194.74,0
21958,83.33,-195.26,0
21969,90.91,-194.88,0
21981,83.33,-194.30,0
21992,90.91,-193.80,0
22003,90.91,-193.54,0
22014,90.91,-193.13,0
22027,76.92,-193.23,0
22038,90.91,-193.82,0
22049,90.91,-194.66,0
22061,83.33,-194.98,0
22072,90.91,-194.57,0
22083,90.91,-193.82,0
22095,83.33,-193.59,0
22107,83.33,-193.37,0
22118,90.91,-193.09,0
22129,90.91,-193.09,0
22140,90.91,-193.52,0
22152,83.33,-194.07,0
22164,83.33,-194.73,0
22175,90.91,-195.06,0
22187,83.33,-194.76,0
22198,90.91,-194.17,0
22209,90.91,-194.57,0
22221,90.91,-194.13,0
22233,76.92,-193.69,0
22244,90.91,-193.68,0
22255,90.91,-193.97,0
22266,90.91,-194.34,0
22278,83.33,-195.43,0
22290,90.91,-195.56,0
22301,83.33,-194.71,0
22312,90.91,-194.09,0
22324,83.33,-193.76,0
22335,90.91,-193.11,0
22346,90.91,-193.01,0
22359,76.92,-193.44,0
22370,90.91,-194.14,0
22381,90.91,-194.50,0
22392,90.91,-195.28,0
22404,83.33,-195.14,0
22415,90.91,-194.45,0
22427,83.33,-193.55,0
22438,90.91,-193.28,0
22450,83.33,-192.72,0
22461,90.91,-193.20,0
22472,90.91,-193.59,0
22483,90.91,-193.96,0
22496,76.92,-194.62,0
22507,90.91,-194.94,0
22518,90.91,-194.51,0
22530,83.33,-194.08,0
22541,90.91,-193.75,0
22552,90.91,-193.61,0
22564,83.33,-193.50,0
22576,83.33,-193.82,0
22587,90.91,-193.99,0
22598,90.91,-194.21,0
22609,90.91,-194.88,0
22621,83.33,-195.57,0
22633,83.33,-194.49,0
22644,90.91,-193.86,0
22656,83.33,-193.67,0
22667,90.91,-193.20,0
22678,90.91,-193.33,0
22689,90.91,-193.56,0
22702,76.92,-194.46,0
22713,90.91,-195.31,0
22724,90.91,-194.86,0
22735,90.91,-194.86,0
22747,83.33,-194.52,0
22759,90.91,-193.68,0
22770,83.33,-193.17,0
22781,90.91,-192.98,0
22793,83.33,-193.74,0
22804,90.91,-194.04,0
22815,90.91,-194.08,0
22828,83.33,-194.82,0
22839,83.33,-194.78,0
22850,90.91,-194.32,0
22861,90.91,-193.49,0
22873,83.33,-192.88,0
22884,90.91,-193.02,0
22896,83.33,-193.02,0
22907,90.91,-193.42,0
22919,83.33,-194.05,0
22930,90.91,-194.63,0
22941,90.91,-194.54,0
22952,90.91,-194.45,0
22965,76.92,-194.65,0
22976,90.91,-194.04,0
22987,90.91,-193.23,0
22999,83.33,-192.55,0
23010,90.91,-192.57,0
23021,90.91,-193.26,0
23033,83.33,-193.48,0
23045,83.33,-194.12,0
23056,90.91,-195.00,0
23067,90.91,-195.30,0
23078,90.91,-195.08,0
23090,83.33,-193.83,0
23102,83.33,-193.16,0
23113,90.91,-192.64,0
23124,90.91,-192.29,0
23136,83.33,-193.03,0
23147,90.91,-193.84,0
23158,90.91,-194.11,0
23171,76.92,-194.49,0
23182,90.91,-194.36,0
23193,90.91,-194.08,0
23204,90.91,-194.18,0
23216,83.33,-193.50,0
23227,90.91,-193.57,0
23239,83.33,-193.56,0
23250,90.91,-194.22,0
23262,83.33,-194.15,0
23273,90.91,-194.85,0
23284,90.91,-194.70,0
23296,83.33,-194.54,0
23308,83.33,-193.90,0
23319,90.91,-193.79,0
23330,90.91,-193.52,0
23342,83.33,-193.75,0
23353,90.91,-193.21,0
23365,90.91,-194.07,0
23376,83.33,-195.61,0
23388,83.33,-195.39,0
23399,90.91,-195.08,0
23410,90.91,-194.78,0
23421,90.91,-193.90,0
23434,83.33,-193.35,0
23445,83.33,-192.82,0
23456,90.91,-192.71,0
23468,83.33,-193.24,0
23479,90.91,-194.65,0
23490,90.91,-194.96,0
23502,90.91,-195.47,0
23514,83.33,-195.12,0
23525,90.91,-194.65,0
23536,90.91,-194.46,0
23547,90.91,-193.29,0
23559,83.33,-192.72,0
23571,83.33,-193.20,0
23582,90.91,-193.67,0
23593,90.91,-194.85,0
23605,83.33,-195.12,0
23616,90.91,-195.22,0
23627,90.91,-194.79,0
23640,76.92,-193.76,0
23651,90.91,-193.52,0
23662,90.91,-193.06,0
23673,90.91,-192.84,0
23685,83.33,-193.16,0
23696,90.91,-193.99,0
23708,83.33,-194.75,0
23719,90.91,-194.62,0
23731,83.33,-194.69,0
23742,90.91,-194.08,0
23753,90.91,-193.57,0
23764,90.91,-193.01,0
23777,76.92,-193.50,0
23788,90.91,-193.27,0
23799,90.91,-193.26,0
23811,83.33,-193.80,0
23822,90.91,-194.79,0
23833,90.91,-195.00,0
23845,83.33,-194.72,0
23857,83.33,-194.60,0
23868,90.91,-194.10,0
23879,90.91,-193.65,0
23890,90.91,-193.32,0
23902,83.33,-193.75,0
23914,83.33,-193.81,0
23925,90.91,-194.73,0
23937,83.33,-195.15,0
23948,90.91,-194.50,0
23959,90.91,-194.55,0
23970,90.91,-194.00,0
23983,76.92,-193.54,0
23994,90.91,-193.20,0
24005,90.91,-193.36,0
24016,90.91,-193.50,0
24028,83.33,-193.94,0
24040,90.91,-194.50,0
24051,83.33,-195.38,0
24062,90.91,-195.14,0
24074,83.33,-194.81,0
24085,90.91,-194.16,0
24096,90.91,-193.60,0
24109,83.33,-192.86,0
24120,83.33,-193.28,0
24131,90.91,-193.92,0
24142,90.91,-194.47,0
24154,83.33,-194.64,0
24165,90.91,-194.79,0
24177,90.91,-195.19,0
24188,90.91,-194.23,0
24200,83.33,-193.45,0
24211,90.91,-193.21,0
24222,90.91,-193.68,0
24233,90.91,-193.43,0
24246,76.92,-194.40,0
24257,90.91,-194.51,0
24268,90.91,-195.01,0
24280,83.33,-195.08,0
24291,90.91,-194.34,0
24302,90.91,-193.92,0
24314,83.33,-193.76,0
24326,83.33,-193.23,0
24337,90.91,-193.61,0
24348,90.91,-194.22,0
24359,90.91,-194.24,0
24371,83.33,-194.36,0
24383,83.33,-194.89,0
24394,90.91,-195.14,0
24406,83.33,-194.51,0
24417,90.91,-193.83,0
24428,90.91,-192.75,0
24439,90.91,-192.50,0
24452,76.92,-193.10,0
24463,90.91,-193.82,0
24474,90.91,-194.57,0
24485,90.91,-194.95,0
24497,83.33,-195.05,0
24508,90.91,-194.35,0
24520,83.33,-193.61,0
24531,90.91,-193.40,0
24543,83.33,-193.08,0
24554,90.91,-192.83,0
24565,90.91,-193.33,0
24577,83.33,-194.20,0
24589,83.33,-194.08,0
24600,90.91,-194.52,0
24611,90.91,-194.65,0
24623,83.33,-194.38,0
24634,90.91,-193.94,0
24645,90.91,-193.47,0
24657,83.33,-192.52,0
24669,83.33,-192.35,0
24680,90.91,-193.01,0
24691,90.91,-194.43,0
24702,90.91,-194.85,0
24714,83.33,-194.81,0
24726,83.33,-194.35,0
24737,90.91,-194.40,0
24749,83.33,-194.13,0
24760,90.91,-193.30,0
24771,90.91,-193.59,0
24783,90.91,-194.08,0
24795,76.92,-194.21,0
24806,90.91,-194.29,0
24817,90.91,-194.66,0
24828,90.91,-195.15,0
24840,83.33,-195.08,0
24852,90.91,-194.54,0
24863,83.33,-194.10,0
24875,83.33,-193.77,0
24886,90.91,-193.35,0
24897,90.91,-193.57,0
24908,90.91,-194.44,0
24921,76.92,-194.76,0
24932,90.91,-195.13,0
24943,90.91,-195.22,0
24954,90.91,-194.82,0
24966,83.33,-194.13,0
24977,90.91,-193.33,0
24989,83.33,-192.61,0
25000,90.91,-193.04,0
25012,83.33,-193.44,0
25023,90.91,-193.80,0
25034,90.91,-194.35,0
25046,83.33,-195.20,0
25058,83.33,-195.72,0
25069,90.91,-195.21,0
25080,90.91,-194.27,0
25092,83.33,-193.14,0
25103,90.91,-192.75,0
25114,90.91,-193.01,0
25126,83.33,-193.70,0
25138,83.33,-195.05,0
25149,90.91,-195.05,0
25160,90.91,-194.60,0
25171,90.91,-194.87,0
25183,83.33,-194.00,0
25195,83.33,-193.77,0
25206,90.91,-193.56,0
25218,83.33,-193.64,0
25229,90.91,-192.81,0
25240,90.91,-193.54,0
25251,90.91,-194.78,0
25264,76.92,-194.79,0
25275,90.91,-194.78,0
25286,90.91,-193.99,0
25297,90.91,-194.04,0
25309,83.33,-193.53,0
25320,90.91,-193.60,0
25332,83.33,-193.52,0
25344,83.33,-193.75,0
25355,90.91,-194.34,0
25366,90.91,-194.74,0
25377,90.91,-194.65,0
25389,83.33,-194.46,0
25401,83.33,-194.58,0
25412,90.91,-194.25,0
25423,90.91,-193.73,0
25435,83.33,-193.19,0
25446,90.91,-193.22,0
25458,90.91,-194.21,0
25469,83.33,-195.23,0
25481,83.33,-195.92,0
25492,90.91,-195.29,0
25503,90.91,-194.45,0
25515,83.33,-193.63,0
25527,90.91,-192.97,0
25538,83.33,-193.12,0
25549,90.91,-193.23,0
25561,83.33,-193.16,0
25572,90.91,-193.83,0
25583,90.91,-195.15,0
25595,83.33,-195.81,0
25607,83.33,-195.59,0
25618,90.91,-195.03,0
25629,90.91,-194.14,0
25640,90.91,-193.00,0
25652,83.33,-193.39,0
25664,83.33,-193.29,0
25675,90.91,-193.74,0
25687,83.33,-193.77,0
25698,90.91,-194.15,0
25709,90.91,-194.86,0
25720,90.91,-194.50,0
25733,76.92,-194.72,0
25744,90.91,-194.15,0
25755,90.91,-193.48,0
25766,90.91,-192.80,0
25778,83.33,-193.23,0
25789,90.91,-193.87,0
25801,83.33,-194.71,0
25812,90.91,-195.02,0
25824,83.33,-195.47,0
25835,90.91,-195.23,0
25846,90.91,-194.04,0
25858,83.33,-193.15,0
25870,83.33,-193.10,0
25881,90.91,-193.45,0
25892,90.91,-193.31,0
25904,83.33,-193.77,0
25915,90.91,-194.28,0
25926,90.91,-194.57,0
25938,83.33,-194.69,0
25950,83.33,-194.44,0
25961,90.91,-193.91,0
25972,90.91,-193.44,0
25984,83.33,-192.60,0
25995,90.91,-192.79,0
26007,83.33,-193.48,0
26018,90.91,-194.56,0
26030,83.33,-195.81,0
26041,90.91,-195.42,0
26052,90.91,-194.99,0
26064,90.91,-194.11,0
26076,76.92,-192.99,0
26087,90.91,-192.47,0
26098,90.91,-192.86,0
26109,90.91,-193.67,0
26121,83.33,-193.67,0
26133,90.91,-194.86,0
26144,83.33,-195.40,0
26156,83.33,-195.30,0
26167,90.91,-194.88,0
26178,90.91,-194.30,0
26189,90.91,-194.21,0
26202,76.92,-193.07,0
26213,90.91,-192.34,0
26224,90.91,-192.75,0
26235,90.91,-193.60,0
26247,83.33,-194.14,0
26258,90.91,-194.88,0
26270,83.33,-195.37,0
26281,90.91,-194.74,0
26293,83.33,-194.02,0
26304,90.91,-193.64,0
26315,90.91,-193.27,0
26327,83.33,-193.57,0
26339,83.33,-193.78,0
26350,90.91,-194.11,0
26361,90.91,-194.84,0
26373,83.33,-194.95,0
26384,90.91,-193.98,0
26395,90.91,-194.33,0
26407,83.33,-194.01,0
26419,83.33,-193.91,0
26430,90.91,-193.98,0
26441,90.91,-194.18,0
26452,90.91,-193.97,0
26464,83.33,-194.47,0
26476,83.33,-194.96,0
26487,90.91,-194.52,0
26499,83.33,-194.14,0
26510,90.91,-193.92,0
26521,90.91,-193.02,0
26532,90.91,-192.93,0
26545,76.92,-193.27,0
26556,90.91,-193.65,0
26567,90.91,-194.39,0
26578,90.91,-194.61,0
26590,83.33,-195.19,0
26601,90.91,-194.90,0
26613,83.33,-194.09,0
26625,83.33,-193.63,0
26636,90.91,-193.37,0
26647,90.91,-192.70,0
26658,90.91,-193.11,0
26671,83.33,-193.81,0
26682,83.33,-194.29,0
26693,90.91,-194.55,0
26704,90.91,-194.95,0
26716,83.33,-195.29,0
26727,90.91,-194.81,0
26739,90.91,-194.22,0
26750,83.33,-194.00,0
26762,83.33,-193.17,0
26773,90.91,-192.92,0
26784,90.91,-193.59,0
26796,83.33,-194.72,0
26808,83.33,-195.08,0
26819,90.91,-195.51,0
26830,90.91,-194.86,0
26842,83.33,-194.06,0
26853,90.91,-193.67,0
26864,90.91,-193.67,0
26876,83.33,-193.92,0
26888,83.33,-193.75,0
26899,90.91,-194.14,0
26910,90.91,-194.77,0
26921,90.91,-195.10,0
26933,83.33,-194.59,0
26945,83.33,-194.06,0
26956,90.91,-193.56,0
26968,83.33,-193.47,0
26979,90.91,-192.94,0
26990,90.91,-193.08,0
27001,90.91,-194.03,0
27014,76.92,-194.95,0
27025,90.91,-194.82,0
27036,90.91,-194.49,0
27047,90.91,-194.34,0
27059,83.33,-193.39,0
27070,90.91,-192.63,0
27082,83.33,-192.56,0
27094,83.33,-193.25,0
27105,90.91,-193.56,0
27116,90.91,-194.68,0
27127,90.91,-194.67,0
27139,83.33,-195.50,0
27151,83.33,-195.31,0
27162,90.91,-194.62,0
27173,90.91,-193.88,0
27185,83.33,-193.03,0
27196,90.91,-192.87,0
27207,90.91,-192.67,0
27219,83.33,-193.18,0
27231,83.33,-194.12,0
27242,90.91,-194.92,0
27253,90.91,-195.42,0
27265,83.33,-195.24,0
27277,90.91,-194.69,0
27288,83.33,-194.37,0
27299,90.91,-193.78,0
27311,83.33,-193.07,0
27322,90.91,-192.72,0
27333,90.91,-193.26,0
27345,90.91,-194.01,0
27357,76.92,-195.21,0
27368,90.91,-194.97,0
27379,90.91,-195.05,0
27390,90.91,-194.73,0
27402,83.33,-194.18,0
27414,83.33,-193.62,0
27425,90.91,-193.56,0
27437,83.33,-193.23,0
27448,90.91,-193.80,0
27459,90.91,-194.26,0
27470,90.91,-194.64,0
27483,76.92,-194.77,0
27494,90.91,-194.30,0
27505,90.91,-193.43,0
27516,90.91,-193.71,0
27528,83.33,-193.64,0
27539,90.91,-193.87,0
27551,83.33,-194.40,0
27563,83.33,-194.80,0
27574,90.91,-195.21,0
27585,90.91,-194.56,0
27596,90.91,-194.54,0
27608,83.33,-194.41,0
27620,83.33,-193.85,0
27631,90.91,-193.15,0
27642,90.91,-192.40,0
27654,83.33,-192.92,0
27665,90.91,-194.21,0
27676,90.91,-194.83,0
27688,83.33,-194.99,0
27700,83.33,-194.82,0
27711,90.91,-194.70,0
27722,90.91,-193.84,0
27734,83.33,-193.47,0
27745,90.91,-193.19,0
27757,83.33,-193.17,0
27768,90.91,-193.07,0
27780,83.33,-193.64,0
27791,90.91,-194.40,0
27802,90.91,-194.98,0
27813,90.91,-195.27,0
27826,76.92,-194.80,0
27837,90.91,-193.50,0
27848,90.91,-193.41,0
27859,90.91,-193.35,0
27871,83.33,-193.45,0
27882,90.91,-193.71,0
27894,83.33,-194.39,0
27906,83.33,-194.46,0
27917,90.91,-194.77,0
27928,90.91,-194.75,0
27939,90.91,-194.19,0
27952,83.33,-193.64,0
27963,83.33,-193.22,0
27974,90.91,-193.12,0
27985,90.91,-193.07,0
27997,83.33,-193.57,0
28008,90.91,-194.57,0
28020,90.91,-194.95,0
28032,76.92,-194.71,0
28043,90.91,-194.13,0
28054,90.91,-193.86,0
28065,90.91,-193.08,0
28077,83.33,-192.50,0
28089,90.91,-192.96,0
28100,83.33,-193.43,0
28111,90.91,-193.95,0
28123,83.33,-194.76,0
28134,90.91,-195.47,0
28145,90.91,-194.76,0
28157,83.33,-194.14,0
28169,83.33,-193.81,0
28180,90.91,-192.77,0
28191,90.91,-192.70,0
28203,83.33,-192.88,0
28214,90.91,-193.28,0
28226,83.33,-194.03,0
28237,90.91,-194.32,0
28249,83.33,-194.93,0
28260,90.91,-194.78,0
28271,90.91,-194.41,0
28282,90.91,-193.21,0
28295,76.92,-192.89,0
28306,90.91,-192.54,0
28317,90.91,-192.90,0
28328,90.91,-193.69,0
28340,83.33,-194.47,0
28351,90.91,-194.94,0
28363,83.33,-194.47,0
28375,83.33,-194.61,0
28386,90.91,-194.23,0
28397,90.91,-193.47,0
28408,90.91,-193.19,0
28420,83.33,-193.90,0
28432,83.33,-194.25,0
28443,90.91,-194.62,0
28454,90.91,-195.00,0
28466,83.33,-195.27,0
28477,90.91,-195.42,0
28488,90.91,-194.59,0
28500,83.33,-193.52,0
28512,83.33,-193.10,0
28523,90.91,-192.90,0
28534,90.91,-192.61,0
28546,83.33,-193.45,0
28557,90.91,-194.50,0
28569,83.33,-195.10,0
28580,90.91,-194.82,0
28592,83.33,-195.12,0
28603,90.91,-194.66,0
28614,90.91,-194.00,0
28625,90.91,-193.05,0
28638,76.92,-193.29,0
28649,90.91,-192.90,0
28660,90.91,-193.86,0
28672,83.33,-195.09,0
28683,90.91,-194.86,0
28694,90.91,-194.69,0
28706,83.33,-194.46,0
28718,83.33,-193.92,0
28729,90.91,-193.75,0
28740,90.91,-193.62,0
28751,90.91,-193.55,0
28764,83.33,-193.48,0
28775,83.33,-193.57,0
28786,90.91,-194.43,0
28797,90.91,-195.06,0
28809,83.33,-195.25,0
28820,90.91,-194.69,0
28832,90.91,-193.81,0
28844,76.92,-193.61,0
28855,90.91,-193.00,0
28866,90.91,-192.74,0
28877,90.91,-193.63,0
28889,83.33,-194.33,0
28901,83.33,-194.80,0
28912,90.91,-194.68,0
28923,90.91,-194.38,0
28935,83.33,-193.87,0
28946,90.91,-193.73,0
28957,90.91,-193.43,0
28969,83.33,-193.12,0
28981,83.33,-193.29,0
28992,90.91,-193.59,0
29003,90.91,-193.41,0
29015,83.33,-194.46,0
29026,90.91,-194.51,0
29038,83.33,-193.92,0
29049,90.91,-193.46,0
29061,83.33,-192.99,0
29072,90.91,-192.81,0
29083,90.91,-193.20,0
29094,90.91,-193.55,0
29107,76.92,-193.59,0
29118,90.91,-194.83,0
29129,90.91,-194.84,0
29140,90.91,-194.43,0
29152,83.33,-193.94,0
29163,90.91,-193.39,0
29175,83.33,-193.08,0
29187,83.33,-193.49,0
29198,90.91,-193.45,0
29209,90.91,-194.14,0
29220,90.91,-194.91,0
29232,83.33,-194.91,0
29244,83.33,-194.79,0
29255,90.91,-194.31,0
29266,90.91,-194.08,0
29278,83.33,-193.17,0
29289,90.91,-193.08,0
29300,90.91,-192.89,0
29313,76.92,-193.39,0
29324,90.91,-193.87,0
29335,90.91,-194.70,0
29346,90.91,-194.88,0
29358,83.33,-194.96,0
29369,90.91,-195.14,0
29381,83.33,-194.15,0
29392,90.91,-193.51,0
29404,83.33,-192.51,0
29415,90.91,-192.58,0
29426,90.91,-193.30,0
29437,90.91,-194.66,0
29450,76.92,-195.65,0
29461,90.91,-195.32,0
29472,90.91,-195.47,0
29484,83.33,-194.51,0
29495,90.91,-193.79,0
29507,90.91,-193.08,0
29518,83.33,-192.43,0
29530,83.33,-192.88,0
29541,90.91,-193.51,0
29552,90.91,-193.92,0
29563,90.91,-194.87,0
29576,83.33,-194.53,0
29587,83.33,-194.60,0
29598,90.91,-194.62,0
29609,90.91,-193.38,0
29621,83.33,-193.20,0
29632,90.91,-194.12,0
29644,90.91,-193.82,0
29656,76.92,-194.29,0
29667,90.91,-194.98,0
29678,90.91,-195.24,0
29689,90.91,-195.14,0
29701,83.33,-194.59,0
29713,83.33,-194.00,0
29724,90.91,-193.82,0
29735,90.91,-193.16,0
29747,83.33,-193.36,0
29758,90.91,-194.03,0
29769,90.91,-194.54,0
29782,76.92,-194.77,0
29793,90.91,-194.79,0
29804,90.91,-194.57,0
29815,90.91,-194.27,0
29827,83.33,-193.87,0
29838,90.91,-193.15,0
29850,83.33,-193.02,0
29861,90.91,-193.32,0
29873,83.33,-194.22,0
29884,90.91,-195.08,0
29895,90.91,-195.71,0
29906,90.91,-195.65,0
29919,76.92,-195.26,0
29930,90.91,-194.22,0
29941,90.91,-193.20,0
29953,83.33,-192.48,0
29964,90.91,-192.31,0
29975,90.91,-193.46,0
29987,83.33,-194.05,0
29999,83.33,-194.81,0
30010,90.91,-195.08,0
30021,90.91,-195.01,0
30032,90.91,-194.85,0
30044,83.33,-194.08,0
30056,83.33,-193.26,0
30067,90.91,-193.16,0
30078,90.91,-193.33,0
30090,83.33,-193.17,0
30101,90.91,-193.69,0
30112,90.91,-194.44,0
30125,76.92,-195.16,0
30136,90.91,-194.37,0
30147,90.91,-193.86,0
30158,90.91,-193.75,0
30170,83.33,-193.39,0
30182,90.91,-193.65,0
30193,83.33,-193.88,0
30204,90.91,-193.43,0
30216,83.33,-194.10,0
30227,90.91,-193.98,0
30238,90.91,-194.59,0
30251,90.91,-194.62,0
30262,76.92,-193.80,0
30273,90.91,-193.37,0
30284,90.91,-192.69,0
30296,83.33,-192.92,0
30307,90.91,-193.64,0
30319,83.33,-194.45,0
30330,90.91,-195.33,0
30342,83.33,-194.97,0
30353,90.91,-194.55,0
30364,90.91,-194.10,0
30375,90.91,-193.43,0
30388,76.92,-192.98,0
30399,90.91,-193.05,0
30410,90.91,-193.50,0
30422,83.33,-194.94,0
30433,90.91,-195.22,0
30444,90.91,-195.55,0
30456,83.33,-195.16,0
30468,83.33,-194.56,0
30479,90.91,-194.04,0
30490,90.91,-193.29,0
30501,90.91,-192.91,0
30513,83.33,-192.84,0
30525,83.33,-193.43,0
30536,90.91,-193.30,0
30547,90.91,-194.55,0
30559,83.33,-195.22,0
30570,90.91,-194.69,0
30581,90.91,-194.62,0
30594,76.92,-194.44,0
30605,90.91,-193.69,0
30616,90.91,-193.24,0
30627,90.91,-193.64,0
30639,83.33,-194.05,0
30650,90.91,-194.03,0
30662,83.33,-194.32,0
30673,90.91,-194.78,0
30685,83.33,-195.09,0
30696,90.91,-194.32,0
30707,90.91,-193.35,0
30718,90.91,-193.08,0
30731,76.92,-193.56,0
30742,90.91,-194.06,0
30753,90.91,-194.70,0
30765,83.33,-194.71,0
30776,90.91,-194.70,0
30788,90.91,-195.20,0
30799,83.33,-194.80,0
30811,83.33,-194.11,0
30822,90.91,-192.96,0
30833,90.91,-192.83,0
30844,90.91,-193.51,0
30857,83.33,-194.32,0
30868,83.33,-194.86,0
30879,90.91,-194.96,0
30891,83.33,-194.83,0
30902,90.91,-194.91,0
30913,90.91,-194.63,0
30925,83.33,-194.37,0
30937,83.33,-193.54,0
30948,90.91,-192.97,0
30959,90.91,-193.02,0
30970,90.91,-193.86,0
30982,83.33,-195.09,0
30994,83.33,-195.74,0
31005,90.91,-195.10,0
31016,90.91,-195.01,0
31028,83.33,-194.87,0
31039,90.91,-193.71,0
31050,90.91,-193.12,0
31063,76.92,-192.82,0
31074,90.91,-193.37,0
31085,90.91,-193.52,0
31096,90.91,-193.93,0
31108,83.33,-194.47,0
31119,90.91,-194.38,0
31131,83.33,-194.76,0
31142,90.91,-194.44,0
31154,83.33,-193.70,0
31165,90.91,-193.70,0
31176,90.91,-193.85,0
31187,90.91,-193.71,0
31200,76.92,-194.11,0
31211,90.91,-194.08,0
31222,90.91,-194.44,0
31234,83.33,-194.30,0
31245,90.91,-193.91,0
31256,90.91,-192.97,0
31268,83.33,-192.99,0
31280,83.33,-193.44,0
31291,90.91,-193.61,0
31302,90.91,-193.99,0
31313,90.91,-194.07,0
31326,83.33,-195.03,0
31337,83.33,-195.25,0
31348,90.91,-194.44,0
31360,83.33,-193.71,0
31371,90.91,-193.34,0
31382,90.91,-193.35,0
31394,83.33,-193.14,0
31406,83.33,-193.58,0
31417,90.91,-194.08,0
31428,90.91,-194.53,0
31439,90.91,-195.01,0
31451,83.33,-195.12,0
31463,83.33,-194.49,0
31474,90.91,-194.15,0
31485,90.91,-193.46,0
31497,83.33,-192.71,0
31508,90.91,-192.69,0
31519,90.91,-192.96,0
31532,76.92,-193.59,0
31543,90.91,-193.68,0
31554,90.91,-194.44,0
31565,90.91,-194.63,0
31577,83.33,-194.61,0
31588,90.91,-193.90,0
31600,83.33,-193.15,0
31611,90.91,-192.91,0
31623,83.33,-192.75,0
31634,90.91,-193.12,0
31645,90.91,-194.17,0
31656,90.91,-194.63,0
31669,76.92,-194.65,0
31680,90.91,-195.14,0
31691,90.91,-194.64,0
31703,83.33,-193.41,0
31714,90.91,-193.59,0
31725,90.91,-193.22,0
31737,83.33,-193.27,0
31749,83.33,-193.66,0
31760,90.91,-194.05,0
31771,90.91,-194.47,0
31782,90.91,-194.47,0
31795,83.33,-194.41,0
31806,83.33,-194.01,0
31817,90.91,-192.94,0
31828,90.91,-192.71,0
31840,83.33,-192.91,0
31851,90.91,-194.11,0
31863,90.91,-195.25,0
31875,76.92,-195.40,0
31886,90.91,-195.18,0
31897,90.91,-193.92,0
31908,90.91,-193.80,0
31920,83.33,-193.50,0
31932,83.33,-193.11,0
31943,90.91,-192.71,0
31954,90.91,-193.32,0
31966,83.33,-193.91,0
31977,90.91,-194.75,0
31988,90.91,-195.65,0
32001,76.92,-196.22,0
32012,90.91,-195.78,0
32023,90.91,-194.93,0
32034,90.91,-193.36,0
32046,83.33,-192.49,0
32057,90.91,-192.44,0
32069,83.33,-192.89,0
32080,90.91,-193.37,0
32092,83.33,-194.41,0
32103,90.91,-195.12,0
32114,90.91,-194.97,0
32125,90.91,-195.09,0
32138,76.92,-194.76,0
32149,90.91,-194.39,0
32160,90.91,-193.97,0
32172,83.33,-193.06,0
32183,90.91,-192.86,0
32194,90.91,-193.92,0
32206,83.33,-194.54,0
32218,83.33,-194.34,0
32229,90.91,-194.61,0
32240,90.91,-194.66,0
32251,90.91,-194.33,0
32263,83.33,-194.07,0
32275,83.33,-193.79,0
32286,90.91,-193.43,0
32297,90.91,-193.83,0
32309,83.33,-194.25,0
32320,90.91,-194.34,0
32332,90.91,-194.57,0
32344,76.92,-194.04,0
32355,90.91,-193.08,0
32366,90.91,-192.59,0
32377,90.91,-193.07,0
32389,83.33,-193.84,0
32401,90.91,-194.34,0
32412,90.91,-194.50,0
32423,90.91,-195.40,0
32435,83.33,-195.61,0
32446,90.91,-194.87,0
32457,90.91,-193.90,0
32470,76.92,-193.44,0
32481,90.91,-192.87,0
32492,90.91,-192.63,0
32503,90.91,-193.06,0
32515,83.33,-193.66,0
32526,90.91,-194.51,0
32538,83.33,-194.74,0
32549,90.91,-195.42,0
32561,83.33,-195.60,0
32572,90.91,-194.89,0
32583,90.91,-193.71,0
32594,90.91,-193.01,0
32607,76.92,-192.71,0
32618,90.91,-193.23,0
32629,90.91,-193.30,0
32641,83.33,-193.75,0
32652,90.91,-194.93,0
32663,90.91,-195.25,0
32675,83.33,-194.71,0
32687,83.33,-194.29,0
32698,90.91,-194.45,0
32709,90.91,-194.27,0
32720,90.91,-193.50,0
32732,83.33,-193.43,0
32744,83.33,-193.63,0
32755,90.91,-193.74,0
32766,90.91,-194.19,0
32778,83.33,-194.54,0
32789,90.91,-194.15,0
32800,90.91,-194.19,0
32813,76.92,-194.24,0
32824,90.91,-194.21,0
32835,90.91,-194.02,0
32846,90.91,-194.60,0
32858,83.33,-194.32,0
32870,90.91,-194.42,0
32881,83.33,-194.25,0
32892,90.91,-194.24,0
32904,83.33,-194.33,0
32915,90.91,-194.14,0
32926,90.91,-193.13,0
32939,90.91,-192.84,0
32950,76.92,-193.88,0
32961,90.91,-194.63,0
32972,90.91,-194.82,0
32984,83.33,-195.52,0
32995,90.91,-195.39,0
33007,83.33,-194.57,0
33018,90.91,-193.45,0
33030,83.33,-193.09,0
33041,90.91,-192.64,0
33052,90.91,-192.37,0
33063,90.91,-193.23,0
33076,76.92,-194.15,0
33087,90.91,-194.98,0
33098,90.91,-195.28,0
33110,83.33,-195.28,0
33121,90.91,-195.09,0
33132,90.91,-194.32,0
33144,83.33,-193.33,0
33156,83.33,-192.78,0
33167,90.91,-192.40,0
33178,90.91,-193.08,0
33189,90.91,-193.86,0
33201,83.33,-194.08,0
33213,83.33,-194.97,0
33224,90.91,-195.54,0
33235,90.91,-195.13,0
33247,83.33,-194.48,0
33258,90.91,-194.04,0
33269,90.91,-193.98,0
33282,76.92,-193.94,0
33293,90.91,-193.67,0
33304,90.91,-193.77,0
33315,90.91,-194.07,0
33327,83.33,-194.31,0
33338,90.91,-194.09,0
33350,83.33,-193.55,0
33361,90.91,-192.88,0
33373,83.33,-193.48,0
33384,90.91,-193.68,0
33395,90.91,-193.84,0
33408,90.91,-193.91,0
33419,76.92,-194.87,0
33430,90.91,-194.87,0
33441,90.91,-194.16,0
33453,83.33,-193.15,0
33464,90.91,-193.07,0
33476,83.33,-193.09,0
33487,90.91,-193.14,0
33499,83.33,-193.72,0
33510,90.91,-194.56,0
33521,90.91,-195.20,0
33532,90.91,-195.58,0
33545,76.92,-195.85,0
33556,90.91,-194.65,0
33567,90.91,-193.82,0
33579,83.33,-193.08,0
33590,90.91,-192.09,0
33601,90.91,-192.67,0
33613,83.33,-193.53,0
33625,83.33,-194.45,0
33636,90.91,-194.94,0
33647,90.91,-195.44,0
33658,90.91,-195.37,0
33670,83.33,-195.51,0
33682,83.33,-194.62,0
33693,90.91,-193.55,0
33704,90.91,-193.49,0
33716,83.33,-192.14,0
33727,90.91,-192.15,0
33738,90.91,-193.17,0
33751,76.92,-193.68,0
33762,90.91,-194.47,0
33773,90.91,-194.85,0
33784,90.91,-194.63,0
33796,83.33,-194.26,0
33807,90.91,-194.02,0
33819,83.33,-193.91,0
33830,90.91,-193.54,0
33842,83.33,-194.31,0
33853,90.91,-194.00,0
33864,90.91,-194.51,0
33876,90.91,-194.24,0
33888,76.92,-193.62,0
33899,90.91,-194.15,0
33910,90.91,-194.00,0
33922,83.33,-192.98,0
33933,90.91,-193.15,0
33945,90.91,-194.42,0
33956,83.33,-195.04,0
33968,83.33,-195.61,0
33979,90.91,-195.59,0
33990,90.91,-194.60,0
34001,90.91,-193.95,0
34014,76.92,-193.40,0
34025,90.91,-192.97,0
34036,90.91,-192.47,0
34048,83.33,-192.59,0
34059,90.91,-193.96,0
34070,90.91,-194.79,0
34082,83.33,-194.81,0
34094,83.33,-195.53,0
34105,90.91,-195.79,0
34116,90.91,-194.92,0
34127,90.91,-193.53,0
34139,83.33,-192.49,0
34151,83.33,-192.17,0
34162,90.91,-192.19,0
34173,90.91,-193.41,0
34185,83.33,-194.83,0
34196,90.91,-195.77,0
34207,90.91,-196.09,0
34220,76.92,-196.00,0
34231,90.91,-195.13,0
34242,90.91,-193.98,0
34253,90.91,-193.57,0
34265,83.33,-193.58,0
34276,90.91,-193.26,0
34288,83.33,-194.03,0
34299,90.91,-194.77,0
34311,83.33,-194.96,0
34322,90.91,-194.68,0
34333,90.91,-194.12,0
34345,90.91,-194.02,0
34357,76.92,-193.90,0
34368,90.91,-194.41,0
34379,90.91,-194.24,0
34391,83.33,-194.31,0
34402,90.91,-194.01,0
34414,90.91,-194.07,0
34425,83.33,-194.17,0
34437,83.33,-194.08,0
34448,90.91,-193.93,0
34459,90.91,-193.10,0
34470,90.91,-193.43,0
34483,76.92,-193.12,0
34494,90.91,-193.46,0
34505,90.91,-194.05,0
34516,90.91,-194.95,0
34528,83.33,-195.32,0
34539,90.91,-194.87,0
34551,83.33,-193.85,0
34563,83.33,-193.48,0
34574,90.91,-193.07,0
34585,90.91,-191.97,0
34596,90.91,-192.16,0
34608,83.33,-192.64,0
34620,83.33,-194.02,0
34631,90.91,-195.12,0
34642,90.91,-195.81,0
34654,83.33,-195.20,0
34665,90.91,-194.33,0
34676,90.91,-193.95,0
34689,76.92,-193.21,0
34700,90.91,-192.90,0
34711,90.91,-192.65,0
34722,90.91,-192.88,0
34734,83.33,-193.86,0
34745,90.91,-194.59,0
34757,83.33,-194.72,0
34768,90.91,-195.03,0
34780,83.33,-194.61,0
34791,90.91,-194.09,0
34802,90.91,-193.64,0
34813,90.91,-193.03,0
34826,76.92,-193.43,0
34837,90.91,-194.33,0
34848,90.91,-194.53,0
34860,83.33,-194.96,0
34871,90.91,-194.68,0
34883,90.91,-194.70,0
34894,83.33,-194.26,0
34906,83.33,-194.24,0
34917,90.91,-193.58,0
34928,90.91,-192.95,0
34939,90.91,-193.72,0
34952,76.92,-194.30,0
34963,90.91,-194.60,0
34974,90.91,-195.29,0
34985,90.91,-195.04,0
34997,83.33,-193.51,0
35008,90.91,-193.45,0
35020,83.33,-193.23,0
35032,83.33,-192.86,0
35043,90.91,-193.11,0
35054,90.91,-193.34,0
35065,90.91,-194.61,0
35077,83.33,-195.29,0
35089,83.33,-195.56,0
35100,90.91,-194.94,0
35111,90.91,-194.32,0
35123,83.33,-193.12,0
35134,90.91,-192.04,0
35145,90.91,-192.15,0
35158,76.92,-192.39,0
35169,90.91,-193.27,0
35180,90.91,-194.21,0
35191,90.91,-194.79,0
35203,83.33,-195.29,0
35214,90.91,-195.72,0
35226,83.33,-194.87,0
35237,90.91,-193.69,0
35249,83.33,-192.88,0
35260,90.91,-192.89,0
35271,90.91,-192.87,0
35282,90.91,-193.57,0
35295,76.92,-194.16,0
35306,90.91,-194.70,0
35317,90.91,-195.16,0
35329,83.33,-194.79,0
35340,90.91,-194.52,0
35352,90.91,-194.14,0
35363,83.33,-193.69,0
35375,83.33,-193.93,0
35386,90.91,-193.99,0
35397,90.91,-194.57,0
35408,90.91,-194.55,0
35421,83.33,-194.41,0
35432,90.91,-194.14,0
35443,90.91,-194.30,0
35454,90.91,-193.60,0
35466,83.33,-193.36,0
35477,90.91,-193.03,0
35489,83.33,-193.28,0
35501,83.33,-194.04,0
35512,90.91,-194.93,0
35523,90.91,-195.07,0
35534,90.91,-195.06,0
35546,83.33,-194.78,0
35558,83.33,-193.87,0
35569,90.91,-192.81,0
35580,90.91,-192.50,0
35592,83.33,-192.62,0
35603,90.91,-193.40,0
35614,90.91,-194.49,0
35627,76.92,-195.12,0
35638,90.91,-195.84,0
35649,90.91,-195.71,0
35660,90.91,-195.11,0
35672,83.33,-193.85,0
35683,90.91,-193.54,0
35695,83.33,-192.99,0
35706,90.91,-192.74,0
35718,83.33,-193.82,0
35729,90.91,-193.93,0
35740,90.91,-194.36,0
35751,90.91,-194.66,0
35764,76.92,-194.64,0
35775,90.91,-194.04,0
35786,90.91,-193.59,0
35798,83.33,-193.20,0
35809,90.91,-193.73,0
35820,90.91,-193.46,0
35832,83.33,-193.55,0
35844,83.33,-194.07,0
35855,90.91,-194.68,0
35866,90.91,-194.81,0
35877,90.91,-194.09,0
35890,83.33,-193.95,0
35901,83.33,-193.45,0
35912,90.91,-193.56,0
35923,90.91,-193.38,0
35935,83.33,-193.58,0
35946,90.91,-194.74,0
35958,90.91,-195.22,0
35970,76.92,-195.25,0
35981,90.91,-194.82,0
35992,90.91,-194.36,0
36003,90.91,-193.86,0
36015,83.33,-193.26,0
36027,83.33,-193.23,0
36038,90.91,-193.40,0
36049,90.91,-194.33,0
36061,83.33,-194.78,0
36072,90.91,-195.13,0
36083,90.91,-194.76,0
36096,76.92,-194.65,0
36107,90.91,-193.61,0
36118,90.91,-193.27,0
36129,90.91,-193.00,0
36141,83.33,-193.28,0
36152,90.91,-193.52,0
36164,83.33,-193.78,0
36175,90.91,-194.07,0
36187,83.33,-194.49,0
36198,90.91,-195.06,0
36209,90.91,-195.25,0
36220,90.91,-195.00,0
36233,76.92,-194.51,0
36244,90.91,-193.88,0
36255,90.91,-193.75,0
36267,83.33,-193.71,0
36278,90.91,-194.06,0
36289,90.91,-194.56,0
36301,83.33,-194.53,0
36313,83.33,-194.69,0
36324,90.91,-194.43,0
36335,90.91,-193.79,0
36346,90.91,-192.79,0
36358,83.33,-192.77,0
36370,83.33,-193.17,0
36381,90.91,-193.71,0
36392,90.91,-194.37,0
36404,83.33,-194.92,0
36415,90.91,-195.06,0
36427,90.91,-194.67,0
36439,76.92,-194.17,0
36450,90.91,-193.55,0
36461,90.91,-192.80,0
36472,90.91,-193.12,0
36484,83.33,-193.92,0
36496,90.91,-194.26,0
36507,83.33,-194.48,0
36518,90.91,-195.01,0
36530,83.33,-194.87,0
36541,90.91,-194.29,0
36552,90.91,-193.64,0
36564,83.33,-192.79,0
36576,83.33,-192.03,0
36587,90.91,-192.08,0
36598,90.91,-193.15,0
36610,83.33,-193.99,0
36621,90.91,-194.92,0
36633,83.33,-195.26,0
36644,90.91,-195.08,0
36656,83.33,-194.74,0
36667,90.91,-193.68,0
36678,90.91,-193.44,0
36689,90.91,-193.40,0
36702,76.92,-192.51,0
36713,90.91,-193.33,0
36724,90.91,-194.41,0
36736,83.33,-194.94,0
36747,90.91,-194.81,0
36758,90.91,-195.31,0
36770,83.33,-194.28,0
36782,83.33,-193.42,0
36793,90.91,-193.54,0
36804,90.91,-193.29,0
36815,90.91,-193.53,0
36827,83.33,-194.24,0
36839,83.33,-194.25,0
36850,90.91,-194.73,0
36861,90.91,-194.91,0
36873,83.33,-194.59,0
36884,90.91,-193.58,0
36895,90.91,-193.28,0
36908,76.92,-193.37,0
36919,90.91,-193.88,0
36930,90.91,-194.26,0
36941,90.91,-194.40,0
36953,83.33,-194.54,0
36964,90.91,-194.84,0
36976,83.33,-194.34,0
36987,90.91,-193.93,0
36999,83.33,-193.18,0
37010,90.91,-193.12,0
37021,90.91,-193.75,0
37033,90.91,-193.48,0
37045,76.92,-193.72,0
37056,90.91,-194.74,0
37067,90.91,-195.35,0
37079,83.33,-195.19,0
37090,90.91,-194.44,0
37102,90.91,-193.89,0
37113,83.33,-193.72,0
37125,83.33,-192.95,0
37136,90.91,-192.91,0
37147,90.91,-193.03,0
37158,90.91,-194.42,0
37171,76.92,-195.56,0
37182,90.91,-195.48,0
37193,90.91,-195.03,0
37204,90.91,-194.63,0
37216,83.33,-193.91,0
37227,90.91,-193.07,0
37239,83.33,-192.73,0
37251,83.33,-192.87,0
37262,90.91,-193.28,0
37273,90.91,-193.93,0
37284,90.91,-195.25,0
37296,83.33,-195.38,0
37308,83.33,-195.19,0
37319,90.91,-194.49,0
37330,90.91,-194.32,0
37342,83.33,-193.79,0
37353,90.91,-193.35,0
37364,90.91,-193.65,0
37377,76.92,-193.78,0
37388,90.91,-193.79,0
37399,90.91,-194.54,0
37410,90.91,-194.91,0
37422,83.33,-195.03,0
37433,90.91,-193.92,0
37445,83.33,-193.90,0
37456,90.91,-194.33,0
37468,83.33,-193.58,0
37479,90.91,-194.23,0
37490,90.91,-194.17,0
37501,90.91,-194.49,0
37514,76.92,-194.55,0
37525,90.91,-194.35,0
37536,90.91,-194.27,0
37548,83.33,-193.54,0
37559,90.91,-193.06,0
37571,90.91,-193.00,0
37582,83.33,-192.86,0
37594,83.33,-193.25,0
37605,90.91,-194.54,0
37616,90.91,-195.03,0
37627,90.91,-195.01,0
37640,76.92,-195.44,0
37651,90.91,-194.05,0
37662,90.91,-192.97,0
37673,90.91,-192.94,0
37685,83.33,-192.63,0
37696,90.91,-193.21,0
37708,83.33,-193.38,0
37720,83.33,-193.77,0
37731,90.91,-194.61,0
37742,90.91,-195.19,0
37753,90.91,-195.44,0
37765,83.33,-194.79,0
37777,83.33,-193.04,0
37788,90.91,-192.62,0
37799,90.91,-193.34,0
37811,83.33,-193.52,0
37822,90.91,-193.81,0
37833,90.91,-194.37,0
37846,76.92,-194.59,0
37857,90.91,-194.86,0
37868,90.91,-194.53,0
37879,90.91,-193.66,0
37891,83.33,-193.48,0
37902,90.91,-193.71,0
37914,83.33,-193.30,0
37925,90.91,-193.34,0
37937,83.33,-194.38,0
37948,90.91,-194.36,0
37959,90.91,-194.38,0
37970,90.91,-194.17,0
37983,76.92,-194.55,0
37994,90.91,-193.98,0
38005,90.91,-193.55,0
38017,83.33,-193.35,0
38028,90.91,-193.28,0
38039,90.91,-193.12,0
38051,83.33,-193.70,0
38063,83.33,-194.43,0
38074,90.91,-194.97,0
38085,90.91,-194.75,0
38096,90.91,-194.08,0
38109,83.33,-193.25,0
38120,83.33,-193.36,0
38131,90.91,-193.06,0
38142,90.91,-193.28,0
38154,83.33,-194.58,0
38165,90.91,-195.61,0
38177,90.91,-194.97,0
38189,76.92,-194.55,0
38200,90.91,-194.23,0
38211,90.91,-193.37,0
38222,90.91,-192.99,0
38234,83.33,-192.62,0
38246,83.33,-192.69,0
38257,90.91,-193.83,0
38268,90.91,-194.35,0
38280,83.33,-195.23,0
38291,90.91,-195.58,0
38302,90.91,-195.17,0
38315,76.92,-194.72,0
38326,90.91,-193.67,0
38337,90.91,-192.87,0
38348,90.91,-192.74,0
38360,83.33,-193.34,0
38371,90.91,-194.36,0
38383,83.33,-194.83,0
38394,90.91,-195.38,0
38406,83.33,-195.15,0
38417,90.91,-195.04,0
38428,90.91,-194.17,0
38439,90.91,-194.19,0
38452,76.92,-193.38,0
38463,90.91,-193.06,0
38474,90.91,-193.74,0
38486,83.33,-193.79,0
38497,90.91,-194.42,0
38508,90.91,-194.38,0
38520,83.33,-194.94,0
38532,83.33,-194.29,0
38543,90.91,-193.97,0
38554,90.91,-193.02,0
38565,90.91,-192.83,0
38577,83.33,-192.72,0
38589,83.33,-193.28,0
38600,90.91,-193.96,0
38611,90.91,-194.66,0
38623,83.33,-195.31,0
38634,90.91,-194.82,0
38645,90.91,-194.37,0
38658,76.92,-193.58,0
38669,90.91,-192.82,0
38680,90.91,-193.01,0
38691,90.91,-193.41,0
38703,83.33,-194.00,0
38715,90.91,-194.53,0
38726,83.33,-194.91,0
38737,90.91,-194.51,0
38749,83.33,-194.15,0
38760,90.91,-193.67,0
38771,90.91,-193.28,0
38784,90.91,-193.19,0
38795,76.92,-193.02,0
38806,90.91,-193.46,0
38817,90.91,-193.97,0
38829,83.33,-194.85,0
38840,90.91,-195.23,0
38852,83.33,-194.57,0
38863,90.91,-194.88,0
38875,83.33,-193.64,0
38886,90.91,-192.45,0
38897,90.91,-192.74,0
38908,90.91,-193.61,0
38921,76.92,-194.16,0
38932,90.91,-194.17,0
38943,90.91,-194.76,0
38955,83.33,-195.10,0
38966,90.91,-194.93,0
38977,90.91,-194.74,0
38989,83.33,-193.76,0
39001,83.33,-193.17,0
39012,90.91,-192.62,0
39023,90.91,-192.98,0
39034,90.91,-193.15,0
39046,83.33,-193.91,0
39058,83.33,-194.94,0
39069,90.91,-194.66,0
39080,90.91,-194.53,0
39092,83.33,-194.07,0
39103,90.91,-193.04,0
39114,90.91,-193.11,0
39127,76.92,-193.10,0
39138,90.91,-193.55,0
39149,90.91,-194.60,0
39160,90.91,-194.79,0
39172,83.33,-194.82,0
39183,90.91,-194.86,0
39195,83.33,-194.56,0
39206,90.91,-193.55,0
39218,83.33,-193.09,0
39229,90.91,-192.97,0
39240,90.91,-193.25,0
39251,90.91,-193.66,0
39264,76.92,-194.30,0
39275,90.91,-194.74,0
39286,90.91,-194.95,0
39298,83.33,-194.97,0
39309,90.91,-194.63,0
39321,90.91,-194.39,0
39332,83.33,-193.27,0
39344,83.33,-192.26,0
39355,90.91,-192.51,0
39366,90.91,-193.85,0
39377,90.91,-195.27,0
39390,83.33,-195.77,0
39401,83.33,-195.61,0
39412,90.91,-195.24,0
39424,83.33,-194.36,0
39435,90.91,-193.39,0
39446,90.91,-192.95,0
39458,83.33,-192.90,0
39470,83.33,-193.02,0
39481,90.91,-193.59,0
39492,90.91,-194.07,0
39503,90.91,-194.97,0
39515,83.33,-195.19,0
39527,83.33,-194.61,0
39538,90.91,-194.66,0
39549,90.91,-193.74,0
39561,83.33,-194.01,0
39572,90.91,-193.72,0
39583,90.91,-193.95,0
39596,76.92,-194.53,0
39607,90.91,-194.77,0
39618,90.91,-194.55,0
39629,90.91,-194.75,0
39641,83.33,-194.22,0
39652,90.91,-194.24,0
39664,83.33,-193.62,0
39675,90.91,-193.51,0
39687,83.33,-193.66,0
39698,90.91,-194.50,0
39709,90.91,-194.77,0
39720,90.91,-194.56,0
39733,76.92,-194.40,0
39744,90.91,-194.31,0
39755,90.91,-193.51,0
39767,83.33,-193.07,0
39778,90.91,-192.57,0
39789,90.91,-192.49,0
39801,83.33,-193.30,0
39813,83.33,-194.02,0
39824,90.91,-195.18,0
39835,90.91,-195.22,0
39846,90.91,-195.40,0
39858,83.33,-195.34,0
39870,83.33,-193.89,0
39881,90.91,-192.83,0
39892,90.91,-192.33,0
39904,83.33,-192.52,0
39915,90.91,-193.56,0
39927,90.91,-194.87,0
39939,76.92,-195.01,0
39950,90.91,-195.64,0
39961,90.91,-195.49,0
39972,90.91,-194.47,0
39984,83.33,-193.51,0
39996,90.91,-193.09,0
40007,90.91,-193.01,0
40018,90.91,-192.76,0
40030,83.33,-193.32,0
40041,90.91,-194.40,0
40052,90.91,-194.73,0
40065,76.92,-194.37,0
40076,90.91,-194.64,0
40087,90.91,-194.50,0
40098,90.91,-194.29,0
40110,83.33,-193.92,0
40121,90.91,-193.93,0
40133,83.33,-193.65,0
40144,90.91,-194.23,0
40156,83.33,-194.41,0
40167,90.91,-194.53,0
40178,90.91,-194.79,0
40189,90.91,-194.34,0
40202,76.92,-194.32,0
40213,90.91,-193.58,0
40224,90.91,-193.58,0
40236,83.33,-193.39,0
40247,90.91,-194.14,0
40258,90.91,-194.95,0
40270,83.33,-194.85,0
40282,83.33,-194.81,0
40293,90.91,-194.72,0
40304,90.91,-193.82,0
40315,90.91,-193.09,0
40327,83.33,-192.74,0
40339,83.33,-192.90,0
40350,90.91,-192.96,0
40361,90.91,-194.38,0
40373,83.33,-195.77,0
40384,90.91,-196.50,0
40395,90.91,-195.99,0
40408,76.92,-195.23,0
40419,90.91,-194.06,0
40430,90.91,-193.29,0
40441,90.91,-192.92,0
40453,83.33,-191.68,0
40465,90.91,-192.45,0
40476,83.33,-194.13,0
40487,90.91,-195.04,0
40499,83.33,-195.67,0
40510,90.91,-195.37,0
40521,90.91,-194.72,0
40534,90.91,-194.15,0
40545,76.92,-193.25,0
40556,90.91,-192.83,0
40567,90.91,-193.16,0
40579,83.33,-193.70,0
40590,90.91,-193.48,0
40602,83.33,-194.27,0
40613,90.91,-194.96,0
40625,83.33,-194.40,0
40636,90.91,-194.13,0
40647,90.91,-193.92,0
40658,90.91,-193.78,0
40671,76.92,-193.38,0
40682,90.91,-193.72,0
40693,90.91,-194.29,0
40705,83.33,-194.69,0
40716,90.91,-194.49,0
40727,90.91,-194.57,0
40739,83.33,-194.27,0
40751,83.33,-193.83,0
40762,90.91,-193.34,0
40773,90.91,-193.22,0
40784,90.91,-193.55,0
40796,83.33,-193.63,0
40808,83.33,-194.56,0
40819,90.91,-195.06,0
40830,90.91,-195.40,0
40842,83.33,-195.13,0
40853,90.91,-194.06,0
40864,90.91,-193.61,0
40877,76.92,-193.00,0
40888,90.91,-192.94,0
40899,90.91,-192.69,0
40910,90.91,-193.46,0
40922,83.33,-194.39,0
40933,90.91,-195.51,0
40945,83.33,-195.70,0
40956,90.91,-195.38,0
40968,83.33,-195.57,0
40979,90.91,-194.40,0
40990,90.91,-193.09,0
41001,90.91,-192.83,0
41014,76.92,-193.07,0
41025,90.91,-193.99,0
41036,90.91,-194.23,0
41048,83.33,-194.89,0
41059,90.91,-195.25,0
41071,90.91,-194.07,0
41082,83.33,-194.16,0
41094,83.33,-193.79,0
41105,90.91,-193.17,0
41116,90.91,-193.13,0
41127,90.91,-193.32,0
41140,83.33,-193.34,0
41151,83.33,-193.78,0
41162,90.91,-194.46,0
41174,83.33,-193.89,0
41185,90.91,-193.71,0
41196,90.91,-193.47,0
41208,83.33,-193.20,0
41220,83.33,-193.40,0
41231,90.91,-193.67,0
41242,90.91,-194.13,0
41253,90.91,-194.18,0
41265,83.33,-193.84,0
41277,83.33,-194.47,0
41288,90.91,-194.67,0
41299,90.91,-193.61,0
41311,83.33,-193.08,0
41322,90.91,-192.87,0
41333,90.91,-193.12,0
41346,76.92,-193.63,0
41357,90.91,-194.52,0
41368,90.91,-195.08,0
41379,90.91,-195.23,0
41391,83.33,-194.81,0
41402,90.91,-194.78,0
41414,83.33,-193.69,0
41425,90.91,-192.97,0
41437,83.33,-192.26,0
41448,90.91,-192.69,0
41459,90.91,-193.70,0
41470,90.91,-194.33,0
41483,76.92,-194.95,0
41494,90.91,-195.66,0
41505,90.91,-195.47,0
41517,83.33,-194.59,0
41528,90.91,-193.85,0
41539,90.91,-193.34,0
41551,83.33,-192.96,0
41563,83.33,-193.32,0
41574,90.91,-193.43,0
41585,90.91,-193.45,0
41596,90.91,-194.27,0
41609,83.33,-194.77,0
41620,83.33,-194.93,0
41631,90.91,-194.89,0
41643,83.33,-194.11,0
41654,90.91,-193.73,0
41665,90.91,-193.62,0
41677,90.91,-193.23,0
41689,76.92,-193.77,0
41700,90.91,-194.08,0
41711,90.91,-195.09,0
41722,90.91,-194.70,0
41734,83.33,-193.88,0
41746,83.33,-193.70,0
41757,90.91,-193.08,0
41768,90.91,-192.80,0
41780,83.33,-193.48,0
41791,90.91,-193.84,0
41802,90.91,-194.84,0
41815,76.92,-194.73,0
41826,90.91,-195.46,0
41837,90.91,-194.64,0
41848,90.91,-194.54,0
41860,83.33,-193.45,0
41871,90.91,-192.86,0
41883,83.33,-192.99,0
41894,90.91,-192.99,0
41906,83.33,-193.56,0
41917,90.91,-194.31,0
41928,90.91,-194.82,0
41939,90.91,-194.89,0
41952,76.92,-194.17,0
41963,90.91,-194.15,0
41974,90.91,-193.94,0
41986,83.33,-192.64,0
41997,90.91,-192.29,0
42008,90.91,-192.73,0
42020,83.33,-193.14,0
42032,83.33,-194.23,0
42043,90.91,-194.95,0
42054,90.91,-194.95,0
42065,90.91,-194.43,0
42077,83.33,-193.57,0
42089,83.33,-193.06,0
42100,90.91,-192.80,0
42112,83.33,-192.63,0
42123,90.91,-192.94,0
42134,90.91,-193.63,0
42146,90.91,-194.49,0
42158,76.92,-194.78,0
42169,90.91,-194.81,0
42180,90.91,-194.72,0
42191,90.91,-194.49,0
42203,83.33,-194.18,0
42215,90.91,-193.54,0
42226,83.33,-193.64,0
42237,90.91,-193.89,0
42249,83.33,-194.80,0
42260,90.91,-194.68,0
42271,90.91,-194.86,0
42284,76.92,-194.08,0
4229