66,15.15,-192.67,0
77,90.91,-192.13,0
89,83.33,-191.91,0
100,90.91,-191.52,0
111,90.91,-191.53,0
123,83.33,-191.88,0
135,83.33,-191.89,0
146,90.91,-191.88,0
157,90.91,-192.11,0
168,90.91,-191.48,0
180,83.33,-191.14,0
192,83.33,-191.84,0
203,90.91,-192.23,0
215,83.33,-192.39,0
226,90.91,-192.55,0
237,90.91,-192.30,0
248,90.91,-192.89,0
261,76.92,-191.90,0
272,90.91,-191.05,0
283,90.91,-190.25,0
294,90.91,-191.25,0
306,83.33,-191.51,0
317,90.91,-191.67,0
329,83.33,-192.01,0
340,90.91,-192.51,0
352,83.33,-192.16,0
363,90.91,-191.81,0
374,90.91,-191.71,0
387,83.33,-191.05,0
398,83.33,-191.01,0
409,90.91,-191.67,0
420,90.91,-191.42,0
432,83.33,-192.42,0
443,90.91,-191.91,0
455,90.91,-191.47,0
466,90.91,-191.02,0
478,83.33,-191.44,0
489,90.91,-192.20,0
500,90.91,-192.11,0
512,83.33,-192.27,0
524,83.33,-192.20,0
535,90.91,-192.06,0
546,90.91,-191.78,0
558,83.33,-191.48,0
569,90.91,-190.91,0
580,90.91,-190.95,0
592,83.33,-191.87,0
604,83.33,-191.96,0
615,90.91,-192.20,0
626,90.91,-191.91,0
637,90.91,-191.69,0
649,83.33,-191.96,0
661,83.33,-191.19,0
672,90.91,-191.01,0
684,83.33,-191.54,0
695,90.91,-191.89,0
706,90.91,-192.37,0
717,90.91,-192.56,0
730,76.92,-192.17,0
741,90.91,-191.70,0
752,90.91,-191.29,0
763,90.91,-191.29,0
775,83.33,-191.35,0
786,90.91,-191.86,0
798,83.33,-191.80,0
809,90.91,-192.38,0
821,83.33,-192.52,0
832,90.91,-191.86,0
843,90.91,-191.28,0
856,83.33,-191.06,0
867,83.33,-191.24,0
878,90.91,-192.30,0
889,90.91,-191.93,0
901,83.33,-191.76,0
912,90.91,-192.11,0
924,90.91,-192.27,0
935,83.33,-191.59,0
947,83.33,-191.48,0
958,90.91,-191.44,0
969,90.91,-190.69,0
980,90.91,-191.53,0
993,76.92,-191.40,0
1004,90.91,-191.75,0
1015,90.91,-192.14,0
1027,83.33,-192.20,0
1038,90.91,-192.00,0
1049,90.91,-191.66,0
1061,83.33,-192.11,0
1073,83.33,-191.97,0
1084,90.91,-192.24,0
1095,90.91,-192.11,0
1106,90.91,-192.07,0
1118,83.33,-191.92,0
1130,83.33,-191.39,0
1141,90.91,-190.85,0
1153,83.33,-190.64,0
1164,90.91,-191.70,0
1175,90.91,-191.75,0
1186,90.91,-192.33,0
1199,76.92,-193.31,0
1210,90.91,-192.52,0
1221,90.91,-191.72,0
1232,90.91,-190.91,0
1244,83.33,-191.21,0
1255,90.91,-190.92,0
1267,83.33,-191.33,0
1278,90.91,-191.60,0
1290,83.33,-191.87,0
1301,90.91,-191.81,0
1312,90.91,-192.13,0
1325,83.33,-191.67,0
1336,83.33,-191.30,0
1347,90.91,-191.14,0
1358,90.91,-191.75,0
1370,83.33,-191.97,0
1381,90.91,-192.10,0
1393,90.91,-192.62,0
1404,83.33,-191.60,0
1416,83.33,-191.35,0
1427,90.91,-190.56,0
1438,90.91,-190.97,0
1449,90.91,-191.76,0
1462,76.92,-192.39,0
1473,90.91,-192.30,0
1484,90.91,-192.39,0
1496,83.33,-192.82,0
1507,90.91,-192.81,0
1518,90.91,-192.22,0
1530,83.33,-191.49,0
1542,83.33,-191.98,0
1553,90.91,-192.09,0
1564,90.91,-192.13,0
1575,90.91,-191.59,0
1587,83.33,-192.44,0
1599,83.33,-192.59,0
1610,90.91,-191.65,0
1622,83.33,-191.10,0
1633,90.91,-191.22,0
1644,90.91,-191.60,0
1655,90.91,-191.59,0
1668,76.92,-192.40,0
1679,90.91,-192.53,0
1690,90.91,-193.09,0
1701,90.91,-192.21,0
1713,83.33,-190.89,0
1724,90.91,-190.57,0
1736,83.33,-191.56,0
1747,90.91,-192.27,0
1759,83.33,-191.81,0
1770,90.91,-192.53,0
1781,90.91,-192.63,0
1794,83.33,-192.70,0
1805,83.33,-191.92,0
1816,90.91,-190.88,0
1827,90.91,-190.96,0
1839,83.33,-191.30,0
1850,90.91,-191.64,0
1862,90.91,-192.48,0
1873,83.33,-192.51,0
1885,83.33,-191.56,0
1896,90.91,-190.68,0
1907,90.91,-190.47,0
1918,90.91,-191.08,0
1931,76.92,-191.57,0
1942,90.91,-191.92,0
1953,90.91,-192.60,0
1965,83.33,-192.81,0
1976,90.91,-192.46,0
1987,90.91,-192.34,0
1999,83.33,-191.62,0
2011,83.33,-191.70,0
2022,90.91,-192.20,0
2033,90.91,-192.02,0
2044,90.91,-192.07,0
2056,83.33,-191.87,0
2068,83.33,-192.06,0
2079,90.91,-192.19,0
2091,83.33,-191.67,0
2102,90.91,-191.14,0
2113,90.91,-191.06,0
2124,90.91,-192.08,0
2137,76.92,-192.29,0
2148,90.91,-192.67,0
2159,90.91,-192.41,0
2170,90.91,-191.93,0
2182,83.33,-191.46,0
2193,90.91,-191.31,0
2205,83.33,-191.70,0
2216,90.91,-191.72,0
2228,83.33,-191.66,0
2239,90.91,-191.94,0
2250,90.91,-192.38,0
2262,83.33,-192.60,0
2274,83.33,-192.15,0
2285,90.91,-191.74,0
2296,90.91,-191.70,0
2308,83.33,-191.56,0
2319,90.91,-191.49,0
2330,90.91,-191.49,0
2342,83.33,-192.07,0
2354,83.33,-192.16,0
2365,90.91,-191.92,0
2376,90.91,-191.43,0
2387,90.91,-191.13,0
2400,83.33,-191.27,0
2411,83.33,-192.58,0
2422,90.91,-192.29,0
2434,83.33,-192.33,0
2445,90.91,-191.90,0
2456,90.91,-192.65,0
2468,90.91,-191.79,0
2480,83.33,-190.30,0
2491,90.91,-190.34,0
2502,90.91,-190.53,0
2513,90.91,-191.23,0
2525,83.33,-191.90,0
2537,83.33,-192.02,0
2548,90.91,-192.44,0
2560,83.33,-191.91,0
2571,90.91,-191.18,0
2582,90.91,-190.69,0
2593,90.91,-191.39,0
2606,76.92,-191.74,0
2617,90.91,-192.09,0
2628,90.91,-192.09,0
2639,90.91,-191.93,0
2651,83.33,-191.85,0
2662,90.91,-191.58,0
2674,83.33,-191.59,0
2685,90.91,-191.47,0
2697,83.33,-192.03,0
2708,90.91,-192.27,0
2719,90.91,-192.15,0
2731,83.33,-192.19,0
2743,83.33,-192.35,0
2754,90.91,-192.14,0
2765,90.91,-190.99,0
2777,83.33,-190.06,0
2788,90.91,-190.27,0
2799,90.91,-191.31,0
2811,83.33,-191.94,0
2823,83.33,-192.25,0
2834,90.91,-192.84,0
2845,90.91,-192.60,0
2856,90.91,-191.96,0
2868,83.33,-191.38,0
2880,83.33,-190.99,0
2891,90.91,-191.16,0
2903,83.33,-191.37,0
2914,90.91,-191.66,0
2925,90.91,-192.20,0
2937,90.91,-192.10,0
2949,76.92,-192.49,0
2960,90.91,-192.25,0
2971,90.91,-191.70,0
2982,90.91,-191.33,0
2994,83.33,-191.84,0
3006,90.91,-191.77,0
3017,83.33,-191.55,0
3028,90.91,-192.05,0
3040,83.33,-191.44,0
3051,90.91,-191.16,0
3062,90.91,-190.94,0
3075,76.92,-191.54,0
3086,90.91,-191.70,0
3097,90.91,-192.62,0
3108,90.91,-192.86,0
3120,83.33,-193.02,0
3131,90.91,-192.36,0
3143,83.33,-191.55,0
3154,90.91,-191.59,0
3166,83.33,-191.15,0
3177,90.91,-191.39,0
3188,90.91,-191.53,0
3200,83.33,-192.19,0
3212,83.33,-192.04,0
3223,90.91,-192.54,0
3234,90.91,-192.79,0
3246,83.33,-191.91,0
3257,90.91,-191.64,0
3268,90.91,-191.26,0
3280,83.33,-192.01,0
3292,83.33,-192.54,0
3303,90.91,-192.28,0
3314,90.91,-192.30,0
3325,90.91,-192.07,0
3337,83.33,-190.93,0
3349,83.33,-190.36,0
3360,90.91,-191.28,0
3372,83.33,-192.11,0
3383,90.91,-192.13,0
3394,90.91,-192.15,0
3405,90.91,-192.68,0
3418,76.92,-192.73,0
3429,90.91,-192.33,0
3440,90.91,-191.26,0
3451,90.91,-191.37,0
3463,83.33,-192.02,0
3475,90.91,-191.68,0
3486,83.33,-191.97,0
3497,90.91,-192.17,0
3509,83.33,-192.80,0
3520,90.91,-192.90,0
3531,90.91,-191.95,0
3544,83.33,-191.44,0
3555,83.33,-191.44,0
3566,90.91,-192.29,0
3577,90.91,-192.10,0
3589,83.33,-191.84,0
3600,90.91,-192.11,0
3612,83.33,-191.81,0
3623,90.91,-190.86,0
3635,83.33,-190.84,0
3646,90.91,-191.56,0
3657,90.91,-192.55,0
3668,90.91,-192.96,0
3681,76.92,-193.10,0
3692,90.91,-193.00,0
3703,90.91,-192.40,0
3715,83.33,-192.10,0
3726,90.91,-191.37,0
3737,90.91,-190.57,0
3749,83.33,-190.85,0
3761,83.33,-192.04,0
3772,90.91,-192.34,0
3783,90.91,-192.24,0
3794,90.91,-192.79,0
3806,83.33,-192.47,0
3818,83.33,-191.93,0
3829,90.91,-191.88,0
3841,83.33,-191.95,0
3852,90.91,-192.14,0
3863,90.91,-192.43,0
3874,90.91,-192.05,0
3887,76.92,-191.74,0
3898,90.91,-192.27,0
3909,90.91,-192.36,0
3920,90.91,-191.42,0
3932,83.33,-191.00,0
3943,90.91,-191.80,0
3955,83.33,-192.13,0
3966,90.91,-192.65,0
3978,83.33,-193.07,0
3989,90.91,-192.86,0
4000,90.91,-191.94,0
4012,83.33,-191.46,0
4024,83.33,-191.15,0
4035,90.91,-191.13,0
4046,90.91,-190.79,0
4058,83.33,-191.50,0
4069,90.91,-192.26,0
4081,90.91,-192.22,0
4092,83.33,-192.19,0
4104,83.33,-191.62,0
4115,90.91,-191.34,0
4126,90.91,-191.63,0
4137,90.91,-191.98,0
4150,83.33,-192.05,0
4161,83.33,-192.12,0
4172,90.91,-191.59,0
4184,83.33,-191.72,0
4195,90.91,-191.31,0
4206,90.91,-190.99,0
4218,83.33,-190.85,0
4230,83.33,-191.74,0
4241,90.91,-192.45,0
4252,90.91,-192.61,0
4263,90.91,-192.43,0
4275,83.33,-192.06,0
4287,83.33,-191.80,0
4298,90.91,-191.29,0
4310,83.33,-191.17,0
4321,90.91,-191.48,0
4332,90.91,-191.84,0
4343,90.91,-192.08,0
4356,76.92,-192.43,0
4367,90.91,-192.74,0
4378,90.91,-192.64,0
4389,90.91,-191.80,0
4401,83.33,-191.24,0
4412,90.91,-190.70,0
4424,83.33,-191.10,0
4435,90.91,-191.43,0
4447,83.33,-191.66,0
4458,90.91,-191.62,0
4469,90.91,-192.28,0
4481,83.33,-191.58,0
4493,83.33,-191.55,0
4504,90.91,-191.71,0
4515,90.91,-192.23,0
4527,83.33,-192.46,0
4538,90.91,-192.46,0
4549,90.91,-192.56,0
4561,83.33,-192.01,0
4573,83.33,-191.58,0
4584,90.91,-190.65,0
4595,90.91,-190.74,0
4606,90.91,-190.67,0
4619,83.33,-190.89,0
4630,83.33,-191.20,0
4641,90.91,-191.87,0
4653,83.33,-192.44,0
4664,90.91,-192.86,0
4675,90.91,-192.30,0
4687,90.91,-191.87,0
4699,76.92,-192.23,0
4710,90.91,-191.94,0
4721,90.91,-191.44,0
4732,90.91,-191.60,0
4744,83.33,-191.64,0
4756,83.33,-191.65,0
4767,90.91,-191.69,0
4779,83.33,-192.42,0
4790,90.91,-192.75,0
4801,90.91,-192.34,0
4812,90.91,-192.42,0
4825,76.92,-192.37,0
4836,90.91,-192.21,0
4847,90.91,-192.24,0
4858,90.91,-191.63,0
4870,83.33,-190.77,0
4881,90.91,-190.38,0
4893,83.33,-190.14,0
4904,90.91,-191.39,0
4916,83.33,-192.40,0
4927,90.91,-192.33,0
4938,90.91,-192.39,0
4950,83.33,-192.64,0
4962,83.33,-192.32,0
4973,90.91,-191.96,0
4984,90.91,-191.43,0
4996,83.33,-191.01,0
5007,90.91,-190.87,0
5018,90.91,-191.34,0
5030,83.33,-191.64,0
5042,83.33,-192.09,0
5053,90.91,-192.46,0
5064,90.91,-192.09,0
5075,90.91,-191.57,0
5087,83.33,-192.63,0
5099,83.33,-192.40,0
5110,90.91,-192.39,0
5122,83.33,-192.25,0
5133,90.91,-192.17,0
5144,90.91,-191.72,0
5155,90.91,-191.04,0
5168,76.92,-190.25,0
5179,90.91,-190.24,0
5190,90.91,-191.34,0
5201,90.91,-192.27,0
5213,83.33,-192.40,0
5225,90.91,-192.53,0
5236,83.33,-193.29,0
5248,83.33,-192.67,0
5259,90.91,-191.63,0
5270,90.91,-190.73,0
5281,90.91,-190.88,0
5294,76.92,-190.91,0
5305,90.91,-191.44,0
5316,90.91,-191.72,0
5327,90.91,-192.06,0
5339,83.33,-192.09,0
5350,90.91,-191.85,0
5362,83.33,-191.75,0
5373,90.91,-192.16,0
5385,83.33,-192.49,0
5396,90.91,-192.64,0
5407,90.91,-192.47,0
5419,83.33,-192.48,0
5431,83.33,-192.12,0
5442,90.91,-191.49,0
5453,90.91,-190.85,0
5465,83.33,-191.25,0
5476,90.91,-191.48,0
5487,90.91,-192.38,0
5499,83.33,-193.03,0
5511,83.33,-193.94,0
5522,90.91,-193.53,0
5533,90.91,-192.86,0
5544,90.91,-191.25,0
5556,83.33,-190.59,0
5568,83.33,-191.04,0
5579,90.91,-190.99,0
5591,83.33,-191.16,0
5602,90.91,-192.02,0
5613,90.91,-192.34,0
5624,90.91,-192.59,0
5637,76.92,-191.96,0
5648,90.91,-191.57,0
5659,90.91,-192.07,0
5670,90.91,-193.04,0
5682,83.33,-192.47,0
5693,90.91,-191.69,0
5705,83.33,-191.80,0
5716,90.91,-191.69,0
5728,83.33,-190.30,0
5739,90.91,-190.07,0
5750,90.91,-190.66,0
5763,83.33,-192.11,0
5774,83.33,-192.88,0
5785,90.91,-192.98,0
5796,90.91,-193.15,0
5808,83.33,-193.16,0
5819,90.91,-192.87,0
5831,90.91,-191.49,0
5842,83.33,-190.61,0
5854,83.33,-190.61,0
5865,90.91,-190.95,0
5876,90.91,-191.14,0
5888,83.33,-191.65,0
5900,83.33,-192.93,0
5911,90.91,-192.72,0
5922,90.91,-192.62,0
5934,83.33,-191.69,0
5945,90.91,-191.90,0
5956,90.91,-192.66,0
5968,83.33,-192.58,0
5980,83.33,-192.50,0
5991,90.91,-192.16,0
6002,90.91,-191.73,0
6013,90.91,-190.90,0
6025,83.33,-190.96,0
6037,83.33,-191.21,0
6048,90.91,-191.81,0
6060,83.33,-192.44,0
6071,90.91,-192.66,0
6082,90.91,-192.92,0
6093,90.91,-192.97,0
6106,76.92,-192.24,0
6117,90.91,-191.37,0
6128,90.91,-190.39,0
6139,90.91,-190.21,0
6151,83.33,-190.37,0
6162,90.91,-190.99,0
6174,83.33,-191.94,0
6185,90.91,-192.33,0
6197,83.33,-192.69,0
6208,90.91,-192.12,0
6219,90.91,-191.84,0
6231,83.33,-191.47,0
6243,83.33,-191.83,0
6254,90.91,-192.57,0
6265,90.91,-192.13,0
6277,83.33,-191.75,0
6288,90.91,-191.82,0
6300,90.91,-190.87,0
6311,83.33,-190.17,0
6323,83.33,-190.04,0
6334,90.91,-190.79,0
6345,90.91,-191.67,0
6356,90.91,-192.90,0
6369,83.33,-192.94,0
6380,83.33,-193.35,0
6391,90.91,-192.44,0
6403,83.33,-191.57,0
6414,90.91,-190.65,0
6425,90.91,-190.20,0
6437,83.33,-190.47,0
6449,83.33,-190.71,0
6460,90.91,-191.75,0
6471,90.91,-192.69,0
6482,90.91,-192.47,0
6494,83.33,-192.18,0
6506,83.33,-191.95,0
6517,90.91,-192.53,0
6529,83.33,-193.00,0
6540,90.91,-191.97,0
6551,90.91,-191.94,0
6562,90.91,-191.54,0
6575,76.92,-192.40,0
6586,90.91,-191.12,0
6597,90.91,-190.92,0
6608,90.91,-191.04,0
6620,83.33,-191.15,0
6631,90.91,-192.11,0
6643,83.33,-192.92,0
6654,90.91,-193.09,0
6666,83.33,-193.05,0
6677,90.91,-192.57,0
6688,90.91,-191.64,0
6700,83.33,-190.24,0
6712,83.33,-190.06,0
6723,90.91,-190.07,0
6734,90.91,-191.18,0
6746,83.33,-191.60,0
6757,90.91,-192.36,0
6768,90.91,-193.05,0
6780,83.33,-193.21,0
6792,83.33,-192.55,0
6803,90.91,-192.03,0
6814,90.91,-192.38,0
6825,90.91,-191.69,0
6838,83.33,-191.42,0
6849,83.33,-191.30,0
6860,90.91,-191.35,0
6872,83.33,-191.47,0
6883,90.91,-191.07,0
6894,90.91,-190.94,0
6906,90.91,-191.65,0
6918,76.92,-192.42,0
6929,90.91,-193.12,0
6940,90.91,-192.64,0
6951,90.91,-192.42,0
6963,83.33,-192.26,0
6975,83.33,-191.55,0
6986,90.91,-190.58,0
6998,83.33,-190.37,0
7009,90.91,-191.54,0
7020,90.91,-191.84,0
7031,90.91,-192.03,0
7044,76.92,-192.66,0
7055,90.91,-192.59,0
7066,90.91,-193.16,0
7077,90.91,-192.61,0
7089,83.33,-191.60,0
7100,90.91,-192.14,0
7112,83.33,-191.74,0
7123,90.91,-191.00,0
7135,83.33,-191.59,0
7146,90.91,-191.68,0
7157,90.91,-191.03,0
7169,83.33,-190.95,0
7181,83.33,-190.81,0
7192,90.91,-191.51,0
7203,90.91,-192.21,0
7215,83.33,-192.68,0
7226,90.91,-192.81,0
7237,90.91,-193.01,0
7249,83.33,-192.59,0
7261,83.33,-192.05,0
7272,90.91,-190.66,0
7283,90.91,-190.01,0
7294,90.91,-189.95,0
7306,83.33,-189.82,0
7318,83.33,-191.18,0
7329,90.91,-192.94,0
7341,83.33,-193.34,0
7352,90.91,-193.03,0
7363,90.91,-192.02,0
7374,90.91,-190.98,0
7387,76.92,-192.04,0
7398,90.91,-192.02,0
7409,90.91,-191.68,0
7420,90.91,-191.37,0
7432,83.33,-190.99,0
7444,90.91,-191.06,0
7455,83.33,-191.60,0
7467,83.33,-191.43,0
7478,90.91,-191.87,0
7489,90.91,-192.10,0
7500,90.91,-192.54,0
7513,83.33,-192.97,0
7524,83.33,-192.71,0
7535,90.91,-192.36,0
7546,90.91,-191.30,0
7558,83.33,-190.10,0
7569,90.91,-189.98,0
7581,83.33,-191.06,0
7592,90.91,-191.12,0
7604,83.33,-191.71,0
7615,90.91,-192.83,0
7626,90.91,-193.61,0
7638,83.33,-193.48,0
7650,83.33,-192.51,0
7661,90.91,-192.10,0
7672,90.91,-191.62,0
7684,83.33,-191.71,0
7695,90.91,-191.41,0
7706,90.91,-190.83,0
7718,83.33,-190.83,0
7730,83.33,-191.38,0
7741,90.91,-191.56,0
7752,90.91,-190.96,0
7763,90.91,-191.34,0
7775,83.33,-192.21,0
7787,83.33,-192.80,0
7798,90.91,-192.73,0
7810,83.33,-192.96,0
7821,90.91,-192.63,0
7832,90.91,-191.60,0
7843,90.91,-190.27,0
7856,76.92,-189.83,0
7867,90.91,-189.89,0
7878,90.91,-190.70,0
7889,90.91,-191.43,0
7901,83.33,-192.58,0
7912,90.91,-192.94,0
7924,83.33,-193.41,0
7936,83.33,-192.61,0
7947,90.91,-191.64,0
7958,90.91,-191.44,0
7969,90.91,-191.74,0
7981,83.33,-191.35,0
7993,83.33,-191.32,0
8004,90.91,-190.82,0
8015,90.91,-191.73,0
8027,83.33,-191.61,0
8038,90.91,-190.92,0
8049,90.91,-191.25,0
8061,83.33,-191.95,0
8073,83.33,-192.98,0
8084,90.91,-193.13,0
8095,90.91,-193.34,0
8107,83.33,-192.81,0
8119,90.91,-192.40,0
8130,83.33,-191.56,0
8141,90.91,-190.44,0
8153,83.33,-190.53,0
8164,90.91,-190.99,0
8175,90.91,-191.77,0
8187,90.91,-193.01,0
8199,76.92,-193.17,0
8210,90.91,-193.86,0
8221,90.91,-193.30,0
8232,90.91,-192.49,0
8244,83.33,-191.72,0
8256,83.33,-191.81,0
8267,90.91,-191.73,0
8279,83.33,-191.52,0
8290,90.91,-191.53,0
8301,90.91,-191.53,0
8312,90.91,-191.48,0
8325,76.92,-191.64,0
8336,90.91,-192.03,0
8347,90.91,-192.59,0
8358,90.91,-193.22,0
8370,83.33,-193.01,0
8381,90.91,-193.16,0
8393,83.33,-192.99,0
8404,90.91,-191.70,0
8416,83.33,-190.77,0
8427,90.91,-190.51,0
8438,90.91,-190.80,0
8450,83.33,-191.38,0
8462,83.33,-192.07,0
8473,90.91,-192.49,0
8484,90.91,-192.78,0
8496,83.33,-192.81,0
8507,90.91,-192.71,0
8518,90.91,-192.07,0
8530,83.33,-190.90,0
8542,83.33,-191.26,0
8553,90.91,-191.97,0
8564,90.91,-191.83,0
8576,83.33,-191.33,0
8587,90.91,-191.60,0
8599,83.33,-191.86,0
8610,90.91,-191.44,0
8622,83.33,-192.07,0
8633,90.91,-192.26,0
8644,90.91,-193.07,0
8655,90.91,-193.32,0
8668,76.92,-192.63,0
8679,90.91,-192.34,0
8690,90.91,-191.46,0
8701,90.91,-191.28,0
8713,83.33,-190.12,0
8725,90.91,-190.31,0
8736,83.33,-191.08,0
8748,83.33,-192.42,0
8759,90.91,-192.74,0
8770,90.91,-192.40,0
8781,90.91,-192.39,0
8794,83.33,-192.43,0
8805,83.33,-191.17,0
8816,90.91,-190.86,0
8827,90.91,-191.26,0
8839,83.33,-191.47,0
8850,90.91,-191.26,0
8862,83.33,-191.57,0
8873,90.91,-192.07,0
8885,83.33,-192.52,0
8896,90.91,-192.24,0
8907,90.91,-191.50,0
8919,83.33,-191.86,0
8931,83.33,-192.08,0
8942,90.91,-192.71,0
8953,90.91,-192.21,0
8965,83.33,-191.58,0
8976,90.91,-191.05,0
8987,90.91,-190.20,0
8999,83.33,-189.95,0
9011,83.33,-190.19,0
9022,90.91,-191.17,0
9033,90.91,-191.92,0
9044,90.91,-192.74,0
9056,83.33,-192.73,0
9068,83.33,-193.16,0
9079,90.91,-192.95,0
9091,83.33,-191.91,0
9102,90.91,-190.36,0
9113,90.91,-190.62,0
9124,90.91,-191.30,0
9137,76.92,-190.94,0
9148,90.91,-191.42,0
9159,90.91,-192.02,0
9170,90.91,-192.94,0
9182,83.33,-192.28,0
9193,90.91,-192.36,0
9205,83.33,-192.34,0
9217,83.33,-192.49,0
9228,90.91,-192.86,0
9239,90.91,-192.50,0
9250,90.91,-191.73,0
9262,83.33,-191.33,0
9274,83.33,-190.48,0
9285,90.91,-189.98,0
9296,90.91,-190.28,0
9308,83.33,-190.76,0
9319,90.91,-191.99,0
9331,90.91,-193.13,0
9342,83.33,-193.20,0
9354,83.33,-193.49,0
9365,90.91,-192.76,0
9376,90.91,-192.07,0
9388,83.33,-190.96,0
9400,90.91,-190.49,0
9411,83.33,-190.63,0
9422,90.91,-190.96,0
9434,83.33,-191.71,0
9445,90.91,-191.95,0
9456,90.91,-193.20,0
9468,83.33,-192.45,0
9480,83.33,-192.22,0
9491,90.91,-192.38,0
9502,90.91,-191.75,0
9513,90.91,-192.07,0
9525,83.33,-192.39,0
9537,83.33,-192.16,0
9548,90.91,-192.22,0
9560,83.33,-191.58,0
9571,90.91,-191.09,0
9582,90.91,-190.57,0
9593,90.91,-191.44,0
9606,76.92,-192.32,0
9617,90.91,-192.95,0
9628,90.91,-193.07,0
9639,90.91,-192.96,0
9651,83.33,-192.74,0
9662,90.91,-191.73,0
9674,83.33,-190.53,0
9686,83.33,-190.21,0
9697,90.91,-190.79,0
9708,90.91,-191.33,0
9719,90.91,-191.62,0
9731,83.33,-192.41,0
9743,83.33,-193.34,0
9754,90.91,-192.33,0
9765,90.91,-192.38,0
9777,83.33,-192.12,0
9788,90.91,-191.82,0
9799,90.91,-191.71,0
9811,83.33,-192.01,0
9823,83.33,-192.20,0
9834,90.91,-191.86,0
9845,90.91,-191.41,0
9857,83.33,-190.99,0
9868,90.91,-191.31,0
9880,83.33,-192.12,0
9891,90.91,-192.20,0
9903,83.33,-192.10,0
9914,90.91,-192.61,0
9925,90.91,-193.16,0
9937,90.91,-192.35,0
9949,76.92,-191.26,0
9960,90.91,-190.57,0
9971,90.91,-190.35,0
9982,90.91,-190.69,0
9994,83.33,-191.15,0
10006,90.91,-191.79,0
10017,83.33,-192.55,0
10029,83.33,-193.11,0
10040,90.91,-193.19,0
10051,90.91,-192.15,0
10062,90.91,-191.31,0
10075,76.92,-191.36,0
10086,90.91,-191.84,0
10097,90.91,-191.94,0
10108,90.91,-192.02,0
10120,83.33,-191.69,0
10131,90.91,-191.51,0
10143,83.33,-191.07,0
10155,83.33,-191.13,0
10166,90.91,-191.81,0
10177,90.91,-192.67,0
10188,90.91,-193.35,0
10200,83.33,-193.30,0
10212,83.33,-192.64,0
10223,90.91,-192.08,0
10234,90.91,-190.59,0
10246,83.33,-189.82,0
10257,90.91,-189.99,0
10268,90.91,-190.54,0
10280,83.33,-191.76,0
10292,83.33,-192.51,0
10303,90.91,-192.78,0
10314,90.91,-193.25,0
10326,83.33,-193.13,0
10337,90.91,-192.04,0
10349,83.33,-191.45,0
10360,90.91,-191.40,0
10372,83.33,-191.59,0
10383,90.91,-191.70,0
10394,90.91,-191.71,0
10405,90.91,-191.81,0
10418,76.92,-191.51,0
10429,90.91,-191.49,0
10440,90.91,-191.61,0
10451,90.91,-192.21,0
10463,83.33,-193.07,0
10475,90.91,-193.43,0
10486,83.33,-192.78,0
10498,83.33,-193.12,0
10509,90.91,-192.20,0
10520,90.91,-191.25,0
10531,90.91,-190.30,0
10544,83.33,-190.21,0
10555,83.33,-190.87,0
10566,90.91,-190.65,0
10577,90.91,-191.23,0
10589,83.33,-191.79,0
10600,90.91,-192.69,0
10612,83.33,-193.24,0
10624,83.33,-192.60,0
10635,90.91,-191.74,0
10646,90.91,-191.51,0
10657,90.91,-191.33,0
10669,83.33,-191.52,0
10681,83.33,-191.27,0
10692,90.91,-191.39,0
10703,90.91,-191.68,0
10715,83.33,-192.00,0
10726,90.91,-191.59,0
10737,90.91,-191.78,0
10749,83.33,-192.28,0
10761,83.33,-192.27,0
10772,90.91,-192.62,0
10783,90.91,-193.11,0
10795,83.33,-192.69,0
10806,90.91,-191.34,0
10818,83.33,-190.73,0
10829,90.91,-190.61,0
10841,83.33,-190.37,0
10852,90.91,-191.26,0
10863,90.91,-191.87,0
10874,90.91,-192.37,0
10887,76.92,-193.02,0
10898,90.91,-193.22,0
10909,90.91,-192.79,0
10920,90.91,-191.72,0
10932,83.33,-191.53,0
10943,90.91,-191.35,0
10955,83.33,-191.20,0
10967,83.33,-191.23,0
10978,90.91,-191.53,0
10989,90.91,-191.79,0
11000,90.91,-191.67,0
11012,83.33,-191.65,0
11024,83.33,-192.12,0
11035,90.91,-192.54,0
11046,90.91,-192.82,0
11058,83.33,-192.94,0
11069,90.91,-192.70,0
11080,90.91,-192.33,0
11092,83.33,-192.31,0
11104,83.33,-191.16,0
11115,90.91,-190.55,0
11126,90.91,-190.77,0
11138,83.33,-191.22,0
11150,90.91,-191.41,0
11161,83.33,-192.12,0
11172,90.91,-193.06,0
11184,83.33,-192.96,0
11195,90.91,-192.60,0
11206,90.91,-191.74,0
11218,90.91,-191.63,0
11230,76.92,-191.46,0
11241,90.91,-191.49,0
11252,90.91,-192.00,0
11264,83.33,-191.98,0
11275,90.91,-191.67,0
11287,83.33,-190.99,0
11298,90.91,-191.17,0
11310,83.33,-191.35,0
11321,90.91,-192.03,0
11332,90.91,-193.09,0
11343,90.91,-193.25,0
11356,76.92,-192.67,0
11367,90.91,-192.14,0
11378,90.91,-191.66,0
11389,90.91,-191.17,0
11401,83.33,-190.53,0
11412,90.91,-190.67,0
11424,83.33,-190.91,0
11436,83.33,-191.46,0
11447,90.91,-192.55,0
11458,90.91,-193.33,0
11469,90.91,-193.72,0
11481,83.33,-192.44,0
11493,83.33,-191.92,0
11504,90.91,-191.88,0
11515,90.91,-191.70,0
11527,83.33,-191.76,0
11538,90.91,-191.99,0
11549,90.91,-191.84,0
11561,83.33,-192.10,0
11573,83.33,-191.91,0
11584,90.91,-191.56,0
11595,90.91,-191.55,0
11607,83.33,-191.93,0
11618,90.91,-192.38,0
11630,83.33,-193.02,0
11641,90.91,-192.71,0
11653,83.33,-192.48,0
11664,90.91,-191.98,0
11675,90.91,-191.24,0
11686,90.91,-190.55,0
11699,76.92,-190.30,0
11710,90.91,-191.25,0
11721,90.91,-192.07,0
11732,90.91,-192.32,0
11744,83.33,-192.56,0
11756,90.91,-192.91,0
11767,83.33,-193.12,0
11779,83.33,-192.76,0
11790,90.91,-191.48,0
11801,90.91,-191.27,0
11812,90.91,-191.49,0
11825,83.33,-191.32,0
11836,83.33,-191.67,0
11847,90.91,-192.02,0
11858,90.91,-191.52,0
11870,83.33,-191.85,0
11881,90.91,-191.60,0
11893,83.33,-192.44,0
11905,83.33,-192.78,0
11916,90.91,-192.56,0
11927,90.91,-192.12,0
11938,90.91,-192.19,0
11950,83.33,-191.97,0
11962,83.33,-191.82,0
11973,90.91,-190.93,0
11984,90.91,-190.65,0
11996,83.33,-191.23,0
12007,90.91,-191.73,0
12018,90.91,-192.30,0
12030,83.33,-192.87,0
12042,83.33,-192.89,0
12053,90.91,-192.75,0
12064,90.91,-191.93,0
12076,83.33,-191.24,0
12087,90.91,-190.76,0
12099,83.33,-190.76,0
12110,90.91,-191.08,0
12122,83.33,-191.24,0
12133,90.91,-192.07,0
12144,90.91,-191.99,0
12155,90.91,-192.07,0
12168,76.92,-191.91,0
12179,90.91,-192.22,0
12190,90.91,-192.38,0
12201,90.91,-192.22,0
12213,83.33,-192.36,0
12224,90.91,-192.55,0
12236,83.33,-192.18,0
12248,83.33,-191.18,0
12259,90.91,-189.95,0
12270,90.91,-190.06,0
12281,90.91,-190.66,0
12293,83.33,-191.38,0
12305,83.33,-191.98,0
12316,90.91,-192.79,0
12327,90.91,-193.25,0
12339,83.33,-192.47,0
12350,90.91,-191.99,0
12362,90.91,-190.88,0
12374,76.92,-191.24,0
12385,90.91,-191.27,0
12396,90.91,-191.71,0
12407,90.91,-191.79,0
12419,83.33,-192.11,0
12431,83.33,-192.35,0
12442,90.91,-191.88,0
12453,90.91,-191.52,0
12465,83.33,-191.64,0
12476,90.91,-191.73,0
12487,90.91,-191.76,0
12499,83.33,-191.80,0
12511,83.33,-192.26,0
12522,90.91,-192.05,0
12533,90.91,-190.88,0
12545,83.33,-190.42,0
12556,90.91,-190.57,0
12568,83.33,-190.82,0
12579,90.91,-191.72,0
12591,83.33,-192.20,0
12602,90.91,-192.54,0
12613,90.91,-193.11,0
12624,90.91,-193.36,0
12637,76.92,-192.82,0
12648,90.91,-191.74,0
12659,90.91,-191.29,0
12670,90.91,-191.21,0
12682,83.33,-191.40,0
12693,90.91,-191.40,0
12705,83.33,-191.46,0
12717,83.33,-191.42,0
12728,90.91,-191.46,0
12739,90.91,-191.58,0
12750,90.91,-191.89,0
12762,83.33,-192.45,0
12774,83.33,-193.09,0
12785,90.91,-193.15,0
12796,90.91,-192.72,0
12808,83.33,-192.74,0
12819,90.91,-191.78,0
12830,90.91,-191.45,0
12843,76.92,-190.48,0
12854,90.91,-190.64,0
12865,90.91,-191.52,0
12876,90.91,-191.65,0
12888,83.33,-192.59,0
12900,90.91,-192.99,0
12911,83.33,-192.23,0
12922,90.91,-191.80,0
12934,83.33,-191.33,0
12945,90.91,-190.88,0
12956,90.91,-191.06,0
12968,90.91,-191.59,0
12980,76.92,-190.99,0
12991,90.91,-191.54,0
13002,90.91,-191.68,0
13014,83.33,-191.72,0
13025,90.91,-191.80,0
13037,83.33,-192.11,0
13048,90.91,-193.05,0
13060,83.33,-192.85,0
13071,90.91,-192.56,0
13082,90.91,-192.03,0
13093,90.91,-191.89,0
13106,76.92,-191.72,0
13117,90.91,-191.11,0
13128,90.91,-190.24,0
13139,90.91,-190.89,0
13151,83.33,-191.55,0
13162,90.91,-192.15,0
13174,83.33,-192.92,0
13186,83.33,-193.45,0
13197,90.91,-193.07,0
13208,90.91,-192.69,0
13219,90.91,-191.69,0
13231,83.33,-191.28,0
13243,83.33,-191.03,0
13254,90.91,-190.63,0
13265,90.91,-190.58,0
13277,83.33,-191.50,0
13288,90.91,-192.01,0
13299,90.91,-191.92,0
13312,76.92,-191.67,0
13323,90.91,-191.16,0
13334,90.91,-191.81,0
13345,90.91,-192.53,0
13357,83.33,-192.08,0
13368,90.91,-191.98,0
13380,83.33,-192.25,0
13391,90.91,-191.95,0
13403,83.33,-191.34,0
13414,90.91,-190.88,0
13425,90.91,-191.29,0
13436,90.91,-192.17,0
13449,76.92,-192.64,0
13460,90.91,-192.61,0
13471,90.91,-193.33,0
13483,83.33,-192.99,0
13494,90.91,-192.02,0
13505,90.91,-191.30,0
13517,83.33,-191.19,0
13529,83.33,-191.23,0
13540,90.91,-191.95,0
13551,90.91,-191.84,0
13562,90.91,-191.33,0
13574,83.33,-192.07,0
13586,83.33,-192.31,0
13597,90.91,-191.83,0
13608,90.91,-191.31,0
13620,83.33,-191.83,0
13631,90.91,-192.06,0
13643,90.91,-191.61,0
13655,76.92,-191.87,0
13666,90.91,-191.64,0
13677,90.91,-191.86,0
13688,90.91,-191.97,0
13700,83.33,-190.93,0
13712,90.91,-191.48,0
13723,83.33,-192.29,0
13734,90.91,-192.44,0
13746,83.33,-192.67,0
13757,90.91,-192.55,0
13768,90.91,-192.50,0
13780,83.33,-191.67,0
13792,83.33,-191.40,0
13803,90.91,-191.23,0
13814,90.91,-191.03,0
13826,83.33,-191.47,0
13837,90.91,-191.67,0
13849,83.33,-192.47,0
13860,90.91,-192.55,0
13872,83.33,-191.94,0
13883,90.91,-191.95,0
13894,90.91,-191.55,0
13905,90.91,-191.82,0
13918,76.92,-193.01,0
13929,90.91,-192.55,0
13940,90.91,-192.66,0
13952,83.33,-192.23,0
13963,90.91,-192.20,0
13974,90.91,-191.73,0
13986,83.33,-191.20,0
13998,83.33,-190.97,0
14009,90.91,-191.94,0
14020,90.91,-192.39,0
14031,90.91,-192.79,0
14043,83.33,-192.43,0
14055,83.33,-192.64,0
14066,90.91,-192.95,0
14077,90.91,-191.88,0
14089,83.33,-190.69,0
14100,90.91,-190.82,0
14111,90.91,-191.63,0
14124,76.92,-191.39,0
14135,90.91,-191.87,0
14146,90.91,-192.71,0
14157,90.91,-192.43,0
14169,83.33,-192.03,0
14180,90.91,-191.80,0
14192,83.33,-191.41,0
14203,90.91,-191.63,0
14215,83.33,-191.66,0
14226,90.91,-192.62,0
14237,90.91,-192.85,0
14249,90.91,-192.73,0
14261,76.92,-192.13,0
14272,90.91,-191.55,0
14283,90.91,-191.09,0
14295,83.33,-191.73,0
14306,90.91,-192.34,0
14318,90.91,-192.48,0
14329,83.33,-192.20,0
14341,83.33,-192.45,0
14352,90.91,-192.01,0
14363,90.91,-191.09,0
14374,90.91,-190.97,0
14387,76.92,-190.92,0
14398,90.91,-191.56,0
14409,90.91,-191.99,0
14420,90.91,-192.18,0
14432,83.33,-192.72,0
14443,90.91,-192.95,0
14455,83.33,-192.50,0
14467,83.33,-192.02,0
14478,90.91,-191.40,0
14489,90.91,-191.10,0
14500,90.91,-190.97,0
14512,83.33,-191.63,0
14524,83.33,-192.11,0
14535,90.91,-191.95,0
14546,90.91,-191.95,0
14558,83.33,-191.72,0
14569,90.91,-191.31,0
14580,90.91,-191.11,0
14593,76.92,-191.90,0
14604,90.91,-192.59,0
14615,90.91,-192.97,0
14626,90.91,-192.55,0
14638,83.33,-192.14,0
14649,90.91,-191.80,0
14661,83.33,-191.49,0
14672,90.91,-191.13,0
14684,83.33,-191.90,0
14695,90.91,-192.76,0
14706,90.91,-192.33,0
14717,90.91,-192.82,0
14730,76.92,-192.86,0
14741,90.91,-192.05,0
14752,90.91,-190.72,0
14764,83.33,-190.71,0
14775,90.91,-191.38,0
14786,90.91,-192.21,0
14798,83.33,-192.54,0
14810,83.33,-192.38,0
14821,90.91,-192.36,0
14832,90.91,-192.05,0
14843,90.91,-191.29,0
14856,83.33,-190.94,0
14867,83.33,-191.44,0
14878,90.91,-192.03,0
14889,90.91,-192.19,0
14901,83.33,-192.55,0
14912,90.91,-192.54,0
14924,90.91,-192.52,0
14936,76.92,-192.38,0
14947,90.91,-191.07,0
14958,90.91,-191.15,0
14969,90.91,-191.33,0
14981,83.33,-191.92,0
14993,83.33,-192.51,0
15004,90.91,-192.46,0
15015,90.91,-192.36,0
15027,83.33,-192.02,0
15038,90.91,-191.59,0
15049,90.91,-191.12,0
15062,76.92,-191.11,0
15073,90.91,-191.25,0
15084,90.91,-191.48,0
15095,90.91,-191.58,0
15107,83.33,-191.90,0
15118,90.91,-191.69,0
15130,83.33,-191.34,0
15141,90.91,-191.00,0
15153,83.33,-191.21,0
15164,90.91,-191.84,0
15175,90.91,-192.21,0
15186,90.91,-192.52,0
15199,76.92,-192.56,0
15210,90.91,-192.99,0
15221,90.91,-192.12,0
15233,83.33,-191.13,0
15244,90.91,-191.12,0
15255,90.91,-191.10,0
15267,83.33,-191.79,0
15279,83.33,-191.75,0
15290,90.91,-192.03,0
15301,90.91,-192.43,0
15312,90.91,-192.58,0
15324,83.33,-191.59,0
15336,83.33,-191.62,0
15347,90.91,-191.45,0
15358,90.91,-192.06,0
15370,83.33,-191.71,0
15381,90.91,-191.07,0
15392,90.91,-191.02,0
15405,76.92,-191.37,0
15416,90.91,-190.95,0
15427,90.91,-190.91,0
15438,90.91,-191.03,0
15450,83.33,-191.75,0
15461,90.91,-192.25,0
15473,83.33,-192.19,0
15484,90.91,-192.89,0
15496,83.33,-193.05,0
15507,90.91,-192.61,0
15518,90.91,-191.49,0
15529,90.91,-190.60,0
15542,76.92,-191.74,0
15553,90.91,-192.17,0
15564,90.91,-192.17,0
15576,83.33,-192.12,0
15587,90.91,-192.73,0
15599,90.91,-192.96,0
15610,83.33,-192.14,0
15622,83.33,-191.10,0
15633,90.91,-191.65,0
15644,90.91,-191.61,0
15655,90.91,-191.55,0
15668,76.92,-191.77,0
15679,90.91,-192.30,0
15690,90.91,-192.24,0
15702,83.33,-192.38,0
15713,90.91,-191.36,0
15724,90.91,-190.99,0
15736,83.33,-191.49,0
15748,83.33,-192.31,0
15759,90.91,-192.35,0
15770,90.91,-192.06,0
15781,90.91,-192.34,0
15793,83.33,-192.77,0
15805,83.33,-192.20,0
15816,90.91,-191.16,0
15827,90.91,-191.22,0
15839,83.33,-192.12,0
15850,90.91,-192.44,0
15861,90.91,-192.88,0
15874,76.92,-192.51,0
15885,90.91,-192.44,0
15896,90.91,-192.57,0
15907,90.91,-191.77,0
15919,83.33,-190.99,0
15930,90.91,-191.78,0
15942,83.33,-191.91,0
15953,90.91,-192.37,0
15965,83.33,-191.79,0
15976,90.91,-191.88,0
15987,90.91,-192.18,0
15998,90.91,-191.86,0
16011,76.92,-191.68,0
16022,90.91,-192.30,0
16033,90.91,-192.43,0
16045,83.33,-193.14,0
16056,90.91,-193.31,0
16067,90.91,-193.09,0
16079,83.33,-192.02,0
16091,83.33,-191.22,0
16102,90.91,-190.93,0
16113,90.91,-191.43,0
16124,90.91,-191.93,0
16136,83.33,-192.16,0
16148,83.33,-193.02,0
16159,90.91,-193.28,0
16171,83.33,-192.91,0
16182,90.91,-192.84,0
16193,90.91,-192.02,0
16205,90.91,-191.50,0
16217,76.92,-191.13,0
16228,90.91,-191.19,0
16239,90.91,-191.82,0
16250,90.91,-191.74,0
16262,83.33,-192.13,0
16274,90.91,-191.79,0
16285,83.33,-191.54,0
16296,90.91,-191.35,0
16308,83.33,-192.37,0
16319,90.91,-192.26,0
16330,90.91,-192.54,0
16343,76.92,-192.77,0
16354,90.91,-191.69,0
16365,90.91,-191.48,0
16376,90.91,-190.88,0
16388,83.33,-190.31,0
16399,90.91,-190.38,0
16411,83.33,-191.10,0
16422,90.91,-191.96,0
16434,83.33,-192.19,0
16445,90.91,-192.92,0
16456,90.91,-192.87,0
16467,90.91,-192.53,0
16480,76.92,-191.25,0
16491,90.91,-190.91,0
16502,90.91,-191.23,0
16514,83.33,-191.51,0
16525,90.91,-192.05,0
16536,90.91,-192.24,0
16548,83.33,-192.42,0
16560,83.33,-192.15,0
16571,90.91,-191.62,0
16582,90.91,-191.24,0
16593,90.91,-191.87,0
16605,83.33,-191.89,0
16617,83.33,-192.14,0
16628,90.91,-191.99,0
16640,83.33,-191.93,0
16651,90.91,-191.91,0
16662,90.91,-191.06,0
16673,90.91,-190.43,0
16686,76.92,-190.64,0
16697,90.91,-191.62,0
16708,90.91,-192.77,0
16719,90.91,-193.09,0
16731,83.33,-192.64,0
16742,90.91,-193.13,0
16754,83.33,-192.64,0
16765,90.91,-191.60,0
16777,83.33,-190.99,0
16788,90.91,-191.15,0
16799,90.91,-191.41,0
16811,83.33,-192.02,0
16823,83.33,-192.15,0
16834,90.91,-192.17,0
16845,90.91,-191.76,0
16857,83.33,-191.20,0
16868,90.91,-191.39,0
16880,90.91,-192.24,0
16891,83.33,-192.36,0
16903,83.33,-193.00,0
16914,90.91,-192.13,0
16925,90.91,-191.65,0
16936,90.91,-191.68,0
16949,76.92,-191.46,0
16960,90.91,-190.29,0
16971,90.91,-190.29,0
16983,83.33,-191.27,0
16994,90.91,-192.26,0
17005,90.91,-192.83,0
17017,83.33,-192.90,0
17029,83.33,-193.07,0
17040,90.91,-192.84,0
17051,90.91,-191.75,0
17062,90.91,-191.06,0
17074,83.33,-191.03,0
17086,83.33,-190.94,0
17097,90.91,-191.10,0
17108,90.91,-191.82,0
17120,83.33,-191.98,0
17131,90.91,-192.42,0
17142,90.91,-191.76,0
17155,76.92,-191.43,0
17166,90.91,-191.25,0
17177,90.91,-192.27,0
17188,90.91,-192.43,0
17200,83.33,-192.47,0
17211,90.91,-192.08,0
17223,83.33,-191.28,0
17234,90.91,-190.62,0
17246,83.33,-190.52,0
17257,90.91,-190.84,0
17268,90.91,-191.30,0
17280,83.33,-191.62,0
17292,83.33,-192.12,0
17303,90.91,-192.85,0
17314,90.91,-192.83,0
17326,83.33,-191.60,0
17337,90.91,-190.95,0
17348,90.91,-190.63,0
17360,83.33,-191.00,0
17372,83.33,-191.52,0
17383,90.91,-191.59,0
17394,90.91,-191.64,0
17405,90.91,-191.78,0
17418,83.33,-192.09,0
17429,83.33,-191.82,0
17440,90.91,-191.01,0
17452,83.33,-191.51,0
17463,90.91,-192.43,0
17474,90.91,-192.61,0
17486,90.91,-192.59,0
17498,76.92,-191.95,0
17509,90.91,-191.80,0
17520,90.91,-191.35,0
17531,90.91,-190.81,0
17543,83.33,-190.62,0
17555,83.33,-190.87,0
17566,90.91,-192.17,0
17577,90.91,-192.88,0
17589,83.33,-193.33,0
17600,90.91,-193.11,0
17611,90.91,-192.45,0
17624,76.92,-192.35,0
17635,90.91,-192.24,0
17646,90.91,-191.68,0
17657,90.91,-191.70,0
17669,83.33,-192.22,0
17680,90.91,-192.07,0
17692,83.33,-191.73,0
17703,90.91,-192.19,0
17715,83.33,-191.70,0
17726,90.91,-191.52,0
17737,90.91,-191.36,0
17748,90.91,-191.88,0
17761,76.92,-192.20,0
17772,90.91,-193.21,0
17783,90.91,-192.71,0
17795,83.33,-192.48,0
17806,90.91,-191.55,0
17817,90.91,-190.53,0
17829,83.33,-190.70,0
17841,83.33,-190.81,0
17852,90.91,-191.66,0
17863,90.91,-192.55,0
17874,90.91,-192.18,0
17886,83.33,-192.83,0
17898,83.33,-192.64,0
17909,90.91,-191.88,0
17921,83.33,-190.96,0
17932,90.91,-191.00,0
17943,90.91,-190.93,0
17954,90.91,-191.24,0
17967,76.92,-191.18,0
17978,90.91,-191.24,0
17989,90.91,-192.18,0
18000,90.91,-192.37,0
18012,83.33,-191.34,0
18024,90.91,-191.25,0
18035,83.33,-191.46,0
18046,90.91,-192.10,0
18058,83.33,-192.08,0
18069,90.91,-192.01,0
18080,90.91,-192.37,0
18093,83.33,-191.54,0
18104,83.33,-191.35,0
18115,90.91,-191.03,0
18126,90.91,-191.17,0
18138,83.33,-191.51,0
18149,90.91,-191.87,0
18161,83.33,-191.85,0
18172,90.91,-192.54,0
18184,83.33,-192.88,0
18195,90.91,-191.90,0
18206,90.91,-191.16,0
18217,90.91,-191.00,0
18230,76.92,-190.85,0
18241,90.91,-191.26,0
18252,90.91,-191.77,0
18264,83.33,-191.93,0
18275,90.91,-191.58,0
18286,90.91,-190.84,0
18298,83.33,-190.77,0
18310,83.33,-191.12,0
18321,90.91,-191.57,0
18332,90.91,-191.85,0
18343,90.91,-192.34,0
18355,83.33,-193.08,0
18367,83.33,-192.78,0
18378,90.91,-191.95,0
18390,83.33,-190.92,0
18401,90.91,-190.13,0
18412,90.91,-189.94,0
18423,90.91,-191.56,0
18436,76.92,-192.20,0
18447,90.91,-192.45,0
18458,90.91,-192.96,0
18469,90.91,-192.90,0
18481,83.33,-192.53,0
18492,90.91,-191.88,0
18504,83.33,-191.65,0
18515,90.91,-191.44,0
18527,83.33,-191.28,0
18538,90.91,-191.59,0
18549,90.91,-192.18,0
18562,83.33,-191.84,0
18573,83.33,-191.58,0
18584,90.91,-191.68,0
18595,90.91,-191.30,0
18607,83.33,-191.35,0
18618,90.91,-191.57,0
18630,90.91,-191.90,0
18641,83.33,-192.73,0
18653,83.33,-191.98,0
18664,90.91,-191.28,0
18675,90.91,-190.51,0
18686,90.91,-190.27,0
18699,83.33,-190.53,0
18710,83.33,-191.44,0
18721,90.91,-191.97,0
18733,83.33,-192.09,0
18744,90.91,-192.45,0
18755,90.91,-192.63,0
18767,83.33,-192.34,0
18779,83.33,-191.81,0
18790,90.91,-191.15,0
18801,90.91,-190.92,0
18812,90.91,-191.40,0
18824,83.33,-190.93,0
18836,83.33,-192.06,0
18847,90.91,-192.18,0
18859,83.33,-192.77,0
18870,90.91,-192.27,0
18881,90.91,-191.98,0
18892,90.91,-191.95,0
18905,76.92,-192.26,0
18916,90.91,-192.62,0
18927,90.91,-192.28,0
18938,90.91,-191.76,0
18950,83.33,-192.32,0
18961,90.91,-191.68,0
18973,83.33,-190.72,0
18984,90.91,-190.79,0
18996,83.33,-191.81,0
19007,90.91,-191.83,0
19018,90.91,-192.04,0
19030,83.33,-192.45,0
19042,83.33,-192.97,0
19053,90.91,-192.48,0
19064,90.91,-191.53,0
19076,83.33,-191.09,0
19087,90.91,-190.86,0
19098,90.91,-191.31,0
19110,83.33,-191.99,0
19122,83.33,-192.53,0
19133,90.91,-191.90,0
19144,90.91,-192.34,0
19155,90.91,-192.46,0
19168,83.33,-191.98,0
19179,83.33,-191.49,0
19190,90.91,-191.71,0
19202,83.33,-191.38,0
19213,90.91,-191.73,0
19224,90.91,-192.36,0
19236,90.91,-192.30,0
19248,83.33,-191.50,0
19259,90.91,-190.94,0
19270,90.91,-191.13,0
19281,90.91,-191.30,0
19293,83.33,-191.89,0
19305,83.33,-191.74,0
19316,90.91,-192.63,0
19328,83.33,-193.25,0
19339,90.91,-193.11,0
19350,90.91,-191.84,0
19361,90.91,-190.77,0
19374,76.92,-191.27,0
19385,90.91,-191.34,0
19396,90.91,-191.44,0
19407,90.91,-191.92,0
19419,83.33,-192.52,0
19430,90.91,-191.87,0
19442,83.33,-191.72,0
19453,90.91,-191.32,0
19465,83.33,-191.14,0
19476,90.91,-191.81,0
19487,90.91,-192.19,0
19499,83.33,-192.05,0
19511,83.33,-191.79,0
19522,90.91,-191.96,0
19533,90.91,-191.12,0
19545,83.33,-190.64,0
19556,90.91,-190.55,0
19567,90.91,-191.44,0
19579,83.33,-192.03,0
19591,83.33,-191.96,0
19602,90.91,-192.19,0
19613,90.91,-192.64,0
19624,90.91,-193.05,0
19636,83.33,-191.80,0
19648,83.33,-190.61,0
19659,90.91,-190.18,0
19671,83.33,-190.61,0
19682,90.91,-190.98,0
19693,90.91,-191.81,0
19705,90.91,-192.41,0
19717,76.92,-192.78,0
19728,90.91,-192.44,0
19739,90.91,-192.13,0
19750,90.91,-191.68,0
19762,83.33,-191.98,0
19774,90.91,-191.81,0
19785,83.33,-191.38,0
19796,90.91,-190.99,0
19808,83.33,-191.39,0
19819,90.91,-191.53,0
19830,90.91,-191.37,0
19843,76.92,-191.16,0
19854,90.91,-191.79,0
19865,90.91,-191.87,0
19876,90.91,-192.80,0
19888,83.33,-193.20,0
19899,90.91,-192.86,0
19911,83.33,-192.53,0
19922,90.91,-191.80,0
19934,83.33,-190.79,0
19945,90.91,-190.12,0
19956,90.91,-190.87,0
19968,83.33,-191.60,0
19980,83.33,-191.93,0
19991,90.91,-192.45,0
20002,90.91,-192.39,0
20014,83.33,-191.97,0
20025,90.91,-192.21,0
20036,90.91,-191.84,0
20048,83.33,-191.03,0
20060,83.33,-191.68,0
20071,90.91,-192.46,0
20082,90.91,-191.87,0
20093,90.91,-191.75,0
20105,83.33,-192.12,0
20117,83.33,-191.65,0
20128,90.91,-191.16,0
20140,83.33,-191.35,0
20151,90.91,-191.69,0
20162,90.91,-192.33,0
20173,90.91,-193.15,0
20186,76.92,-193.23,0
20197,90.91,-192.35,0
20208,90.91,-191.37,0
20219,90.91,-190.58,0
20231,83.33,-190.19,0
20243,90.91,-190.59,0
20254,83.33,-191.75,0
20265,90.91,-191.70,0
20277,83.33,-192.30,0
20288,90.91,-192.81,0
20299,90.91,-192.70,0
20312,83.33,-192.01,0
20323,83.33,-191.40,0
20334,90.91,-191.47,0
20345,90.91,-190.99,0
20357,83.33,-191.17,0
20368,90.91,-191.31,0
20380,83.33,-191.95,0
20391,90.91,-191.77,0
20403,83.33,-191.26,0
20414,90.91,-191.34,0
20425,90.91,-191.21,0
20436,90.91,-192.16,0
20449,76.92,-192.56,0
20460,90.91,-192.62,0
20471,90.91,-192.86,0
20483,83.33,-192.76,0
20494,90.91,-191.81,0
20505,90.91,-190.87,0
20517,83.33,-190.93,0
20529,83.33,-191.13,0
20540,90.91,-191.37,0
20551,90.91,-191.64,0
20562,90.91,-192.66,0
20574,83.33,-192.86,0
20586,83.33,-192.35,0
20597,90.91,-192.23,0
20609,83.33,-191.72,0
20620,90.91,-191.74,0
20631,90.91,-191.12,0
20642,90.91,-190.78,0
20655,76.92,-191.56,0
20666,90.91,-192.47,0
20677,90.91,-192.70,0
20688,90.91,-192.11,0
20700,83.33,-191.37,0
20711,90.91,-191.06,0
20723,83.33,-192.26,0
20734,90.91,-192.46,0
20746,83.33,-192.96,0
20757,90.91,-192.32,0
20768,90.91,-192.41,0
20780,83.33,-191.61,0
20792,83.33,-191.06,0
20803,90.91,-191.52,0
20814,90.91,-191.79,0
20826,83.33,-192.51,0
20837,90.91,-192.69,0
20849,90.91,-192.79,0
20860,83.33,-192.87,0
20872,83.33,-192.48,0
20883,90.91,-191.71,0
20894,90.91,-190.99,0
20905,90.91,-190.84,0
20918,83.33,-191.09,0
20929,83.33,-191.73,0
20940,90.91,-191.74,0
20952,83.33,-192.01,0
20963,90.91,-192.69,0
20974,90.91,-192.39,0
20986,83.33,-192.00,0
20998,83.33,-191.65,0
21009,90.91,-191.45,0
21020,90.91,-192.01,0
21031,90.91,-192.79,0
21043,83.33,-191.98,0
21055,83.33,-192.40,0
21066,90.91,-192.65,0
21078,83.33,-191.37,0
21089,90.91,-190.92,0
21100,90.91,-190.96,0
21111,90.91,-191.23,0
21124,76.92,-191.84,0
21135,90.91,-192.59,0
21146,90.91,-192.87,0
21157,90.91,-193.23,0
21169,83.33,-192.38,0
21180,90.91,-191.40,0
21192,83.33,-191.03,0
21203,90.91,-190.85,0
21215,83.33,-191.07,0
21226,90.91,-191.89,0
21237,90.91,-192.79,0
21249,83.33,-192.27,0
21261,83.33,-191.80,0
21272,90.91,-191.61,0
21283,90.91,-191.38,0
21295,83.33,-191.93,0
21306,90.91,-192.17,0
21317,90.91,-192.61,0
21329,83.33,-192.49,0
21341,83.33,-192.46,0
21352,90.91,-191.66,0
21363,90.91,-191.43,0
21374,90.91,-190.37,0
21386,83.33,-190.61,0
21398,83.33,-191.46,0
21409,90.91,-192.17,0
21421,83.33,-192.46,0
21432,90.91,-192.73,0
21443,90.91,-192.78,0
21454,90.91,-192.07,0
21467,76.92,-190.99,0
21478,90.91,-190.96,0
21489,90.91,-191.24,0
21500,90.91,-191.31,0
21512,83.33,-191.50,0
21524,90.91,-191.73,0
21535,83.33,-192.77,0
21547,83.33,-192.45,0
21558,90.91,-191.67,0
21569,90.91,-191.73,0
21580,90.91,-192.23,0
21593,83.33,-192.01,0
21604,83.33,-192.43,0
21615,90.91,-192.80,0
21626,90.91,-192.39,0
21638,83.33,-191.73,0
21649,90.91,-190.42,0
21661,83.33,-190.49,0
21672,90.91,-190.89,0
21684,83.33,-191.02,0
21695,90.91,-191.51,0
21706,90.91,-192.13,0
21718,83.33,-192.98,0
21730,83.33,-192.91,0
21741,90.91,-192.71,0
21752,90.91,-192.03,0
21764,83.33,-191.78,0
21775,90.91,-191.63,0
21786,90.91,-191.13,0
21798,83.33,-191.60,0
21810,83.33,-192.11,0
21821,90.91,-191.71,0
21832,90.91,-191.77,0
21843,90.91,-191.83,0
21855,83.33,-191.19,0
21867,83.33,-191.19,0
21878,90.91,-192.08,0
21890,83.33,-192.24,0
21901,90.91,-192.03,0
21912,90.91,-191.91,0
21923,90.91,-191.70,0
21936,76.92,-190.99,0
21947,90.91,-190.67,0
21958,90.91,-190.93,0
21969,90.91,-191.52,0
21981,83.33,-191.95,0
21992,90.91,-192.57,0
22004,83.33,-192.97,0
22016,83.33,-193.30,0
22027,90.91,-192.12,0
22038,90.91,-191.36,0
22049,90.91,-191.07,0
22061,83.33,-190.90,0
22073,83.33,-191.70,0
22084,90.91,-191.56,0
22095,90.91,-191.81,0
22107,83.33,-192.21,0
22118,90.91,-191.99,0
22130,90.91,-191.67,0
22141,83.33,-191.25,0
22153,83.33,-191.65,0
22164,90.91,-192.20,0
22175,90.91,-191.93,0
22187,83.33,-192.26,0
22199,90.91,-192.70,0
22210,83.33,-191.83,0
22221,90.91,-191.52,0
22233,83.33,-191.53,0
22244,90.91,-190.99,0
22255,90.91,-191.05,0
22267,83.33,-192.28,0
22279,83.33,-192.42,0
22290,90.91,-192.74,0
22301,90.91,-192.65,0
22312,90.91,-192.31,0
22324,83.33,-191.47,0
22336,83.33,-190.68,0
22347,90.91,-191.54,0
22359,83.33,-191.87,0
22370,90.91,-191.91,0
22381,90.91,-191.89,0
22392,90.91,-191.65,0
22405,76.92,-192.08,0
22416,90.91,-192.05,0
22427,90.91,-191.51,0
22438,90.91,-191.64,0
22450,83.33,-191.99,0
22461,90.91,-192.00,0
22473,83.33,-191.55,0
22484,90.91,-191.92,0
22496,83.33,-191.97,0
22507,90.91,-191.90,0
22518,90.91,-191.57,0
22530,83.33,-191.78,0
22542,83.33,-191.89,0
22553,90.91,-191.96,0
22564,90.91,-192.54,0
22576,83.33,-192.80,0
22587,90.91,-192.80,0
22598,90.91,-192.45,0
22610,83.33,-191.93,0
22622,83.33,-191.22,0
22633,90.91,-190.37,0
22644,90.91,-190.82,0
22656,83.33,-191.49,0
22667,90.91,-192.48,0
22679,83.33,-192.51,0
22690,90.91,-192.92,0
22702,83.33,-192.84,0
22713,90.91,-192.30,0
22724,90.91,-191.54,0
22735,90.91,-191.78,0
22748,76.92,-191.91,0
22759,90.91,-191.57,0
22770,90.91,-191.32,0
22781,90.91,-191.62,0
22793,83.33,-191.36,0
22805,90.91,-191.08,0
22816,83.33,-190.75,0
22828,83.33,-191.27,0
22839,90.91,-192.46,0
22850,90.91,-192.50,0
22861,90.91,-192.45,0
22874,83.33,-193.07,0
22885,83.33,-192.53,0
22896,90.91,-191.55,0
22907,90.91,-190.71,0
22919,83.33,-191.23,0
22930,90.91,-191.70,0
22942,90.91,-191.70,0
22953,83.33,-191.74,0
22965,83.33,-192.12,0
22976,90.91,-192.93,0
22987,90.91,-192.41,0
22999,83.33,-192.21,0
23011,83.33,-191.50,0
23022,90.91,-191.59,0
23033,90.91,-191.88,0
23045,83.33,-191.59,0
23056,90.91,-191.20,0
23067,90.91,-190.83,0
23079,83.33,-191.61,0
23091,83.33,-191.50,0
23102,90.91,-190.96,0
23113,90.91,-191.66,0
23124,90.91,-191.72,0
23136,83.33,-192.60,0
23148,83.33,-193.34,0
23159,90.91,-193.40,0
23171,83.33,-192.76,0
23182,90.91,-191.42,0
23193,90.91,-190.87,0
23204,90.91,-190.50,0
23217,76.92,-191.34,0
23228,90.91,-191.37,0
23239,90.91,-191.44,0
23250,90.91,-192.37,0
23262,83.33,-192.70,0
23273,90.91,-192.35,0
23285,83.33,-192.15,0
23297,83.33,-191.13,0
23308,90.91,-190.48,0
23319,90.91,-190.80,0
23330,90.91,-191.14,0
23342,83.33,-191.70,0
23354,83.33,-192.46,0
23365,90.91,-191.54,0
23376,90.91,-190.47,0
23388,83.33,-190.66,0
23399,90.91,-191.47,0
23410,90.91,-192.39,0
23422,83.33,-193.37,0
23434,83.33,-193.73,0
23445,90.91,-192.70,0
23456,90.91,-192.40,0
23468,83.33,-191.60,0
23479,90.91,-190.69,0
23491,83.33,-190.60,0
23502,90.91,-191.05,0
23514,83.33,-191.57,0
23525,90.91,-191.87,0
23536,90.91,-192.16,0
23548,90.91,-193.35,0
23560,76.92,-192.45,0
23571,90.91,-191.80,0
23582,90.91,-191.39,0
23593,90.91,-191.65,0
23605,83.33,-191.80,0
23617,90.91,-192.50,0
23628,83.33,-192.03,0
23640,83.33,-192.39,0
23651,90.91,-192.09,0
23662,90.91,-191.91,0
23673,90.91,-191.63,0
23686,76.92,-191.95,0
23697,90.91,-191.88,0
23708,90.91,-192.73,0
23719,90.91,-192.41,0
23731,83.33,-192.81,0
23742,90.91,-192.42,0
23754,83.33,-191.63,0
23766,83.33,-190.87,0
23777,90.91,-190.90,0
23788,90.91,-190.79,0
23799,90.91,-191.33,0
23811,83.33,-192.24,0
23823,83.33,-192.91,0
23834,90.91,-193.10,0
23845,90.91,-192.61,0
23857,83.33,-192.45,0
23868,90.91,-191.97,0
23879,90.91,-191.76,0
23891,83.33,-191.95,0
23903,83.33,-191.90,0
23914,90.91,-191.73,0
23925,90.91,-191.29,0
23937,83.33,-191.47,0
23948,90.91,-191.50,0
23960,83.33,-191.69,0
23971,90.91,-191.82,0
23983,83.33,-192.36,0
23994,90.91,-192.69,0
24005,90.91,-193.00,0
24016,90.91,-192.63,0
24029,76.92,-192.22,0
24040,90.91,-192.02,0
24051,90.91,-190.53,0
24062,90.91,-189.68,0
24074,83.33,-190.43,0
24085,90.91,-191.08,0
24097,83.33,-191.49,0
24109,83.33,-191.96,0
24120,90.91,-192.34,0
24131,90.91,-192.65,0
24142,90.91,-192.53,0
24154,83.33,-192.18,0
24166,83.33,-192.25,0
24177,90.91,-191.89,0
24188,90.91,-191.22,0
24200,83.33,-191.30,0
24211,90.91,-192.10,0
24223,90.91,-192.43,0
24235,76.92,-192.29,0
24246,90.91,-191.50,0
24257,90.91,-191.28,0
24268,90.91,-192.44,0
24280,83.33,-192.58,0
24292,90.91,-192.34,0
24303,83.33,-192.09,0
24314,90.91,-192.12,0
24326,83.33,-191.15,0
24337,90.91,-190.74,0
24348,90.91,-190.65,0
24360,83.33,-190.28,0
24372,83.33,-191.34,0
24383,90.91,-192.13,0
24394,90.91,-192.28,0
24406,83.33,-193.53,0
24417,90.91,-193.79,0
24429,83.33,-192.78,0
24440,90.91,-191.99,0
24452,83.33,-191.96,0
24463,90.91,-191.48,0
24474,90.91,-191.05,0
24485,90.91,-191.72,0
24498,76.92,-191.12,0
24509,90.91,-191.70,0
24520,90.91,-191.67,0
24531,90.91,-191.93,0
24543,83.33,-191.71,0
24554,90.91,-192.00,0
24566,83.33,-192.80,0
24578,83.33,-193.01,0
24589,90.91,-192.55,0
24600,90.91,-191.95,0
24611,90.91,-191.78,0
24623,83.33,-191.09,0
24635,83.33,-190.63,0
24646,90.91,-190.31,0
24657,90.91,-191.24,0
24669,83.33,-191.96,0
24680,90.91,-192.83,0
24691,90.91,-193.30,0
24704,76.92,-193.70,0
24715,90.91,-193.06,0
24726,90.91,-191.90,0
24737,90.91,-191.18,0
24749,83.33,-191.24,0
24760,90.91,-191.30,0
24772,83.33,-191.59,0
24783,90.91,-191.67,0
24795,83.33,-191.92,0
24806,90.91,-191.67,0
24817,90.91,-191.28,0
24828,90.91,-191.46,0
24841,76.92,-192.22,0
24852,90.91,-193.15,0
24863,90.91,-192.59,0
24875,83.33,-192.37,0
24886,90.91,-192.45,0
24898,90.91,-191.68,0
24909,83.33,-191.11,0
24921,83.33,-190.09,0
24932,90.91,-190.06,0
24943,90.91,-190.59,0
24954,90.91,-191.42,0
24967,83.33,-192.06,0
24978,83.33,-192.84,0
24989,90.91,-193.03,0
25000,90.91,-192.88,0
25012,83.33,-191.51,0
25023,90.91,-190.80,0
25035,90.91,-191.33,0
25047,76.92,-191.55,0
25058,90.91,-191.61,0
25069,90.91,-191.46,0
25080,90.91,-191.41,0
25092,83.33,-191.53,0
25104,83.33,-191.46,0
25115,90.91,-191.36,0
25126,90.91,-191.58,0
25138,83.33,-192.37,0
25149,90.91,-192.93,0
25160,90.91,-192.19,0
25172,83.33,-192.16,0
25184,83.33,-191.90,0
25195,90.91,-191.21,0
25206,90.91,-190.03,0
25218,83.33,-189.60,0
25229,90.91,-191.26,0
25241,83.33,-192.19,0
25252,90.91,-192.15,0
25264,83.33,-192.86,0
25275,90.91,-193.23,0
25286,90.91,-192.51,0
25297,90.91,-191.59,0
25310,76.92,-190.42,0
25321,90.91,-190.37,0
25332,90.91,-190.60,0
25344,83.33,-190.87,0
25355,90.91,-191.23,0
25366,90.91,-191.99,0
25378,83.33,-192.74,0
25390,83.33,-192.38,0
25401,90.91,-192.19,0
25412,90.91,-192.19,0
25423,90.91,-192.56,0
25435,83.33,-192.86,0
25447,83.33,-192.45,0
25458,90.91,-192.07,0
25469,90.91,-191.57,0
25481,83.33,-191.16,0
25492,90.91,-190.08,0
25503,90.91,-190.55,0
25516,76.92,-191.02,0
25527,90.91,-191.83,0
25538,90.91,-193.61,0
25549,90.91,-193.39,0
25561,83.33,-193.63,0
25572,90.91,-193.26,0
25584,83.33,-191.91,0
25595,90.91,-191.17,0
25607,83.33,-190.98,0
25618,90.91,-190.50,0
25629,90.91,-191.03,0
25641,90.91,-191.34,0
25653,76.92,-191.87,0
25664,90.91,-192.05,0
25675,90.91,-191.69,0
25687,83.33,-191.74,0
25698,90.91,-192.23,0
25710,90.91,-192.83,0
25721,83.33,-192.91,0
25733,83.33,-192.34,0
25744,90.91,-192.31,0
25755,90.91,-191.59,0
25766,90.91,-191.29,0
25779,76.92,-190.41,0
25790,90.91,-190.51,0
25801,90.91,-191.22,0
25812,90.91,-191.82,0
25824,83.33,-192.64,0
25835,90.91,-193.29,0
25847,83.33,-193.53,0
25859,83.33,-193.16,0
25870,90.91,-192.74,0
25881,90.91,-191.94,0
25892,90.91,-191.27,0
25904,83.33,-190.87,0
25916,83.33,-190.85,0
25927,90.91,-191.17,0
25938,90.91,-191.67,0
25950,83.33,-192.21,0
25961,90.91,-192.60,0
25972,90.91,-191.90,0
25985,76.92,-191.53,0
25996,90.91,-191.85,0
26007,90.91,-192.42,0
26018,90.91,-192.60,0
26030,83.33,-192.67,0
26041,90.91,-192.39,0
26053,83.33,-191.65,0
26064,90.91,-190.84,0
26076,83.33,-190.37,0
26087,90.91,-190.88,0
26098,90.91,-192.19,0
26109,90.91,-192.83,0
26122,76.92,-193.14,0
26133,90.91,-193.00,0
26144,90.91,-192.43,0
26156,83.33,-191.21,0
26167,90.91,-189.98,0
26178,90.91,-190.36,0
26190,83.33,-191.23,0
26202,83.33,-191.17,0
26213,90.91,-190.80,0
26224,90.91,-191.34,0
26235,90.91,-191.73,0
26247,83.33,-191.66,0
26259,83.33,-192.25,0
26270,90.91,-191.93,0
26281,90.91,-192.16,0
26293,83.33,-191.80,0
26304,90.91,-192.04,0
26316,90.91,-191.60,0
26328,76.92,-190.61,0
26339,90.91,-190.31,0
26350,90.91,-189.73,0
26361,90.91,-189.53,0
26373,83.33,-190.56,0
26385,90.91,-191.80,0
26396,83.33,-192.45,0
26407,90.91,-193.15,0
26419,83.33,-194.00,0
26430,90.91,-193.01,0
26441,90.91,-191.56,0
26454,76.92,-190.67,0
26465,90.91,-190.94,0
26476,90.91,-190.84,0
26487,90.91,-190.67,0
26499,83.33,-191.04,0
26510,90.91,-191.38,0
26522,83.33,-192.31,0
26533,90.91,-192.25,0
26545,83.33,-192.37,0
26556,90.91,-192.91,0
26567,90.91,-192.90,0
26578,90.91,-192.65,0
26591,76.92,-191.76,0
26602,90.91,-191.27,0
26613,90.91,-191.00,0
26625,83.33,-190.95,0
26636,90.91,-190.78,0
26647,90.91,-190.46,0
26659,83.33,-191.49,0
26671,83.33,-192.64,0
26682,90.91,-193.49,0
26693,90.91,-193.41,0
26704,90.91,-193.12,0
26716,83.33,-192.60,0
26728,83.33,-191.70,0
26739,90.91,-190.83,0
26750,90.91,-190.31,0
26762,83.33,-191.05,0
26773,90.91,-190.94,0
26784,90.91,-191.21,0
26797,76.92,-192.38,0
26808,90.91,-192.82,0
26819,90.91,-192.42,0
26830,90.91,-191.98,0
26842,83.33,-192.62,0
26853,90.91,-193.05,0
26865,83.33,-192.59,0
26876,90.91,-192.39,0
26888,83.33,-192.17,0
26899,90.91,-191.58,0
26910,90.91,-191.16,0
26923,90.91,-190.95,0
26934,76.92,-190.87,0
26945,90.91,-191.30,0
26956,90.91,-192.47,0
26968,83.33,-192.72,0
26979,90.91,-193.49,0
26991,90.91,-193.33,0
27002,83.33,-193.20,0
27014,83.33,-192.26,0
27025,90.91,-190.63,0
27036,90.91,-190.61,0
27047,90.91,-190.76,0
27060,83.33,-190.36,0
27071,90.91,-190.88,0
27082,90.91,-191.68,0
27094,83.33,-192.74,0
27105,90.91,-193.24,0
27116,90.91,-192.60,0
27128,83.33,-192.22,0
27140,83.33,-192.87,0
27151,90.91,-192.98,0
27162,90.91,-191.52,0
27173,90.91,-191.51,0
27185,83.33,-191.37,0
27197,83.33,-190.58,0
27208,90.91,-190.43,0
27219,90.91,-190.45,0
27231,83.33,-190.88,0
27242,90.91,-192.13,0
27253,90.91,-193.24,0
27266,76.92,-193.68,0
27277,90.91,-193.69,0
27288,90.91,-193.13,0
27299,90.91,-192.06,0
27311,83.33,-190.78,0
27322,90.91,-189.72,0
27334,83.33,-189.97,0
27345,90.91,-190.23,0
27357,83.33,-190.51,0
27368,90.91,-191.75,0
27379,90.91,-192.60,0
27390,90.91,-192.62,0
27403,76.92,-192.05,0
27414,90.91,-191.83,0
27425,90.91,-192.20,0
27437,83.33,-192.26,0
27448,90.91,-192.50,0
27459,90.91,-191.96,0
27471,83.33,-190.99,0
27483,83.33,-190.55,0
27494,90.91,-190.75,0
27505,90.91,-190.71,0
27516,90.91,-190.36,0
27528,83.33,-191.02,0
27540,83.33,-192.47,0
27551,90.91,-193.41,0
27563,83.33,-193.20,0
27574,90.91,-193.43,0
27585,90.91,-192.40,0
27597,90.91,-191.46,0
27609,76.92,-190.42,0
27620,90.91,-190.18,0
27631,90.91,-190.40,0
27642,90.91,-191.18,0
27654,83.33,-192.41,0
27666,90.91,-193.10,0
27677,83.33,-194.02,0
27688,90.91,-193.96,0
27700,83.33,-192.79,0
27711,90.91,-192.35,0
27722,90.91,-191.54,0
27735,76.92,-191.51,0
27746,90.91,-191.61,0
27757,90.91,-191.59,0
27768,90.91,-190.96,0
27780,83.33,-190.43,0
27791,90.91,-191.02,0
27803,83.33,-191.44,0
27814,90.91,-192.55,0
27826,83.33,-192.84,0
27837,90.91,-193.81,0
27848,90.91,-193.36,0
27859,90.91,-192.69,0
27872,76.92,-192.08,0
27883,90.91,-190.94,0
27894,90.91,-190.59,0
27906,83.33,-190.69,0
27917,90.91,-191.61,0
27928,90.91,-192.27,0
27940,83.33,-192.10,0
27952,83.33,-191.95,0
27963,90.91,-192.48,0
27974,90.91,-193.25,0
27985,90.91,-192.44,0
27997,83.33,-192.21,0
28009,83.33,-192.23,0
28020,90.91,-192.11,0
28032,83.33,-191.84,0
28043,90.91,-191.93,0
28054,90.91,-191.75,0
28065,90.91,-191.34,0
28078,76.92,-190.80,0
28089,90.91,-191.16,0
28100,90.91,-192.48,0
28111,90.91,-193.12,0
28123,83.33,-193.56,0
28134,90.91,-192.85,0
28146,83.33,-192.55,0
28157,90.91,-191.85,0
28169,83.33,-190.73,0
28180,90.91,-190.38,0
28191,90.91,-190.90,0
28204,83.33,-191.00,0
28215,83.33,-191.24,0
28226,90.91,-191.48,0
28237,90.91,-192.52,0
28249,83.33,-193.49,0
28260,90.91,-193.03,0
28272,90.91,-191.90,0
28283,90.91,-191.46,0
28295,83.33,-191.43,0
28306,90.91,-191.34,0
28317,90.91,-191.87,0
28328,90.91,-191.73,0
28341,76.92,-191.44,0
28352,90.91,-191.74,0
28363,90.91,-191.15,0
28375,83.33,-191.31,0
28386,90.91,-191.13,0
28397,90.91,-191.92,0
28409,83.33,-192.48,0
28421,83.33,-192.66,0
28432,90.91,-192.87,0
28443,90.91,-191.92,0
28454,90.91,-191.07,0
28466,83.33,-190.14,0
28478,83.33,-190.02,0
28489,90.91,-190.40,0
28500,90.91,-191.39,0
28512,83.33,-191.97,0
28523,90.91,-192.44,0
28534,90.91,-192.72,0
28547,76.92,-192.95,0
28558,90.91,-192.24,0
28569,90.91,-191.75,0
28580,90.91,-191.68,0
28592,83.33,-191.43,0
28603,90.91,-191.64,0
28615,83.33,-191.80,0
28626,90.91,-191.76,0
28638,83.33,-191.49,0
28649,90.91,-191.29,0
28660,90.91,-191.75,0
28672,83.33,-192.15,0
28684,83.33,-192.61,0
28695,90.91,-192.99,0
28706,90.91,-192.77,0
28718,83.33,-192.65,0
28729,90.91,-191.88,0
28741,90.91,-191.03,0
28752,83.33,-190.07,0
28764,83.33,-190.04,0
28775,90.91,-190.62,0
28786,90.91,-190.94,0
28797,90.91,-191.72,0
28810,83.33,-192.41,0
28821,83.33,-193.07,0
28832,90.91,-193.44,0
28844,83.33,-192.73,0
28855,90.91,-192.10,0
28866,90.91,-191.38,0
28878,83.33,-191.56,0
28890,83.33,-191.30,0
28901,90.91,-191.32,0
28912,90.91,-191.90,0
28923,90.91,-192.31,0
28935,83.33,-192.09,0
28947,83.33,-192.04,0
28958,90.91,-192.41,0
28969,90.91,-192.66,0
28981,83.33,-192.85,0
28992,90.91,-193.09,0
29003,90.91,-192.23,0
29016,76.92,-191.93,0
29027,90.91,-191.36,0
29038,90.91,-190.92,0
29049,90.91,-190.63,0
29061,83.33,-191.20,0
29072,90.91,-191.66,0
29084,83.33,-192.05,0
29095,90.91,-192.92,0
29107,83.33,-193.43,0
29118,90.91,-192.62,0
29129,90.91,-191.98,0
29140,90.91,-191.51,0
29153,76.92,-191.43,0
29164,90.91,-191.52,0
29175,90.91,-191.84,0
29187,83.33,-191.79,0
29198,90.91,-191.41,0
29209,90.91,-191.08,0
29221,83.33,-191.27,0
29233,83.33,-191.44,0
29244,90.91,-191.88,0
29255,90.91,-192.45,0
29266,90.91,-192.66,0
29278,83.33,-192.42,0
29290,83.33,-192.67,0
29301,90.91,-191.57,0
29313,83.33,-190.39,0
29324,90.91,-190.19,0
29335,90.91,-190.23,0
29347,90.91,-191.65,0
29359,76.92,-191.95,0
29370,90.91,-192.23,0
29381,90.91,-193.22,0
29392,90.91,-193.44,0
29404,83.33,-192.68,0
29416,83.33,-191.98,0
29427,90.91,-190.79,0
29438,90.91,-190.68,0
29450,83.33,-190.27,0
29461,90.91,-190.66,0
29472,90.91,-191.10,0
29485,76.92,-192.01,0
29496,90.91,-192.00,0
29507,90.91,-191.95,0
29518,90.91,-191.66,0
29530,83.33,-191.82,0
29541,90.91,-192.14,0
29553,83.33,-192.02,0
29564,90.91,-192.33,0
29576,83.33,-191.96,0
29587,90.91,-191.71,0
29598,90.91,-191.47,0
29609,90.91,-190.95,0
29622,76.92,-190.81,0
29633,90.91,-191.50,0
29644,90.91,-192.44,0
29656,83.33,-192.32,0
29667,90.91,-193.13,0
29678,90.91,-192.74,0
29690,83.33,-192.11,0
29702,83.33,-191.49,0
29713,90.91,-191.00,0
29724,90.91,-191.11,0
29735,90.91,-191.78,0
29747,83.33,-191.78,0
29759,83.33,-191.96,0
29770,90.91,-192.02,0
29782,83.33,-192.40,0
29793,90.91,-192.14,0
29804,90.91,-192.04,0
29815,90.91,-192.04,0
29828,76.92,-191.96,0
29839,90.91,-192.14,0
29850,90.91,-192.60,0
29861,90.91,-192.68,0
29873,83.33,-192.17,0
29884,90.91,-191.71,0
29896,83.33,-190.92,0
29907,90.91,-190.42,0
29919,83.33,-191.08,0
29930,90.91,-191.84,0
29941,90.91,-192.45,0
29954,83.33,-193.21,0
29965,83.33,-194.10,0
29976,90.91,-193.06,0
29987,90.91,-192.09,0
29999,83.33,-191.34,0
30010,90.91,-190.52,0
30022,90.91,-190.92,0
30033,83.33,-191.54,0
30045,83.33,-191.67,0
30056,90.91,-192.04,0
30067,90.91,-192.52,0
30078,90.91,-192.39,0
30091,76.92,-191.95,0
30102,90.91,-191.94,0
30113,90.91,-192.31,0
30125,83.33,-192.09,0
30136,90.91,-192.23,0
30147,90.91,-192.04,0
30159,83.33,-192.09,0
30171,83.33,-191.35,0
30182,90.91,-190.51,0
30193,90.91,-190.67,0
30204,90.91,-190.94,0
30216,83.33,-192.12,0
30228,83.33,-192.96,0
30239,90.91,-193.51,0
30251,83.33,-192.89,0
30262,90.91,-192.16,0
30273,90.91,-191.16,0
30284,90.91,-190.15,0
30297,76.92,-190.09,0
30308,90.91,-190.53,0
30319,90.91,-191.28,0
30330,90.91,-191.06,0
30342,83.33,-192.09,0
30353,90.91,-192.17,0
30365,83.33,-191.89,0
30376,90.91,-191.01,0
30388,83.33,-191.34,0
30399,90.91,-192.41,0
30410,90.91,-192.47,0
30422,83.33,-192.04,0
30434,83.33,-192.17,0
30445,90.91,-191.90,0
30456,90.91,-191.25,0
30468,83.33,-190.70,0
30479,90.91,-190.77,0
30490,90.91,-191.47,0
30502,83.33,-192.38,0
30514,83.33,-192.84,0
30525,90.91,-193.22,0
30536,90.91,-193.22,0
30547,90.91,-192.74,0
30560,83.33,-191.64,0
30571,83.33,-190.97,0
30582,90.91,-190.99,0
30594,83.33,-190.64,0
30605,90.91,-190.53,0
30616,90.91,-191.17,0
30628,90.91,-191.95,0
30640,76.92,-192.39,0
30651,90.91,-191.96,0
30662,90.91,-192.01,0
30673,90.91,-192.06,0
30685,83.33,-192.47,0
30697,83.33,-191.97,0
30708,90.91,-191.65,0
30720,83.33,-191.53,0
30731,90.91,-191.60,0
30742,90.91,-191.21,0
30753,90.91,-190.63,0
30766,76.92,-190.42,0
30777,90.91,-191.47,0
30788,90.91,-192.33,0
30799,90.91,-192.52,0
30811,83.33,-192.90,0
30822,90.91,-193.41,0
30834,83.33,-193.02,0
30845,90.91,-192.42,0
30857,83.33,-191.08,0
30868,90.91,-190.52,0
30879,90.91,-190.97,0
30891,83.33,-190.63,0
30903,83.33,-191.14,0
30914,90.91,-192.23,0
30925,90.91,-192.85,0
30937,83.33,-192.24,0
30948,90.91,-191.82,0
30959,90.91,-191.55,0
30971,83.33,-191.94,0
30983,83.33,-191.15,0
30994,90.91,-191.41,0
31005,90.91,-191.48,0
31016,90.91,-191.68,0
31028,83.33,-191.34,0
31040,83.33,-191.01,0
31051,90.91,-190.52,0
31063,83.33,-190.80,0
31074,90.91,-191.93,0
31085,90.91,-193.35,0
31097,90.91,-193.04,0
31109,76.92,-193.12,0
31120,90.91,-193.14,0
31131,90.91,-192.30,0
31142,90.91,-190.63,0
31154,83.33,-189.87,0
31166,90.91,-190.02,0
31177,83.33,-190.83,0
31188,90.91,-191.78,0
31200,83.33,-191.99,0
31211,90.91,-192.47,0
31222,90.91,-192.41,0
31235,76.92,-192.40,0
31246,90.91,-191.65,0
31257,90.91,-191.65,0
31268,90.91,-191.81,0
31280,83.33,-191.44,0
31291,90.91,-191.37,0
31303,83.33,-190.87,0
31314,90.91,-191.33,0
31326,83.33,-191.43,0
31337,90.91,-190.98,0
31348,90.91,-190.85,0
31360,83.33,-192.08,0
31372,83.33,-193.34,0
31383,90.91,-193.61,0
31394,90.91,-193.26,0
31406,83.33,-192.90,0
31417,90.91,-191.85,0
31428,90.91,-191.04,0
31440,83.33,-190.30,0
31452,83.33,-190.09,0
31463,90.91,-190.85,0
31474,90.91,-191.34,0
31485,90.91,-192.30,0
31497,83.33,-192.60,0
31509,83.33,-192.76,0
31520,90.91,-192.82,0
31532,83.33,-191.88,0
31543,90.91,-191.61,0
31554,90.91,-191.21,0
31565,90.91,-191.49,0
31578,76.92,-191.99,0
31589,90.91,-192.13,0
31600,90.91,-192.11,0
31611,90.91,-191.17,0
31623,83.33,-190.66,0
31634,90.91,-191.33,0
31646,83.33,-192.79,0
31657,90.91,-192.76,0
31669,83.33,-192.72,0
31680,90.91,-192.82,0
31691,90.91,-192.52,0
31704,83.33,-192.06,0
31715,83.33,-190.84,0
31726,90.91,-190.16,0
31737,90.91,-190.86,0
31749,83.33,-191.36,0
31760,90.91,-191.64,0
31772,90.91,-192.48,0
31783,83.33,-193.54,0
31795,83.33,-193.49,0
31806,90.91,-192.58,0
31817,90.91,-192.24,0
31828,90.91,-192.23,0
31841,76.92,-192.55,0
31852,90.91,-191.98,0
31863,90.91,-191.29,0
31875,83.33,-191.03,0
31886,90.91,-191.76,0
31897,90.91,-191.45,0
31909,83.33,-191.71,0
31921,83.33,-191.64,0
31932,90.91,-192.87,0
31943,90.91,-193.37,0
31954,90.91,-193.83,0
31966,83.33,-193.13,0
31978,83.33,-192.94,0
31989,90.91,-192.41,0
32001,83.33,-191.66,0
32012,90.91,-190.34,0
32023,90.91,-190.29,0
32034,90.91,-191.20,0
32047,76.92,-191.63,0
32058,90.91,-192.32,0
32069,90.91,-193.07,0
32080,90.91,-193.54,0
32092,83.33,-193.01,0
32103,90.91,-192.49,0
32115,83.33,-192.09,0
32126,90.91,-191.99,0
32138,83.33,-191.26,0
32149,90.91,-190.94,0
32160,90.91,-191.44,0
32172,83.33,-191.86,0
32184,83.33,-191.38,0
32195,90.91,-191.93,0
32206,90.91,-191.87,0
32218,83.33,-192.24,0
32229,90.91,-192.74,0
32240,90.91,-192.72,0
32252,83.33,-192.41,0
32264,83.33,-192.09,0
32275,90.91,-191.17,0
32286,90.91,-190.21,0
32297,90.91,-190.28,0
32309,83.33,-190.29,0
32321,83.33,-190.93,0
32332,90.91,-192.18,0
32344,83.33,-192.89,0
32355,90.91,-193.63,0
32366,90.91,-193.48,0
32378,90.91,-192.36,0
32390,76.92,-191.69,0
32401,90.91,-191.35,0
32412,90.91,-191.06,0
32423,90.91,-190.84,0
32435,83.33,-190.82,0
32447,90.91,-191.05,0
32458,83.33,-191.34,0
32470,83.33,-191.86,0
32481,90.91,-191.98,0
32492,90.91,-191.71,0
32503,90.91,-192.61,0
32516,76.92,-192.72,0
32527,90.91,-193.02,0
32538,90.91,-192.92,0
32549,90.91,-192.68,0
32561,83.33,-192.21,0
32572,90.91,-191.43,0
32584,83.33,-190.25,0
32595,90.91,-189.60,0
32607,83.33,-190.53,0
32618,90.91,-191.60,0
32629,90.91,-192.90,0
32641,83.33,-193.24,0
32653,83.33,-193.33,0
32664,90.91,-192.95,0
32675,90.91,-192.13,0
32687,83.33,-191.76,0
32698,90.91,-190.90,0
32709,90.91,-190.84,0
32721,83.33,-190.98,0
32733,83.33,-191.05,0
32744,90.91,-191.43,0
32755,90.91,-191.90,0
32766,90.91,-192.15,0
32778,83.33,-191.73,0
32790,83.33,-192.39,0
32801,90.91,-193.38,0
32813,83.33,-193.19,0
32824,90.91,-192.84,0
32835,90.91,-192.24,0
32846,90.91,-191.28,0
32859,76.92,-190.22,0
32870,90.91,-190.39,0
32881,90.91,-190.78,0
32892,90.91,-191.36,0
32904,83.33,-192.24,0
32915,90.91,-192.15,0
32927,83.33,-192.82,0
32939,83.33,-193.26,0
32950,90.91,-192.64,0
32961,90.91,-191.72,0
32972,90.91,-191.67,0
32985,83.33,-190.82,0
32996,83.33,-190.68,0
33007,90.91,-190.88,0
33018,90.91,-191.21,0
33030,83.33,-191.24,0
33041,90.91,-191.33,0
33053,90.91,-191.43,0
33064,83.33,-191.36,0
33076,83.33,-191.93,0
33087,90.91,-193.09,0
33098,90.91,-193.08,0
33110,83.33,-193.03,0
33122,83.33,-192.53,0
33133,90.91,-191.82,0
33144,90.91,-191.24,0
33156,83.33,-190.10,0
33167,90.91,-189.78,0
33178,90.91,-190.47,0
33190,83.33,-191.42,0
33202,83.33,-192.55,0
33213,90.91,-192.93,0
33224,90.91,-193.09,0
33235,90.91,-193.04,0
33247,83.33,-192.19,0
33259,83.33,-191.90,0
33270,90.91,-191.65,0
33282,83.33,-191.01,0
33293,90.91,-190.70,0
33304,90.91,-190.71,0
33315,90.91,-191.53,0
33328,76.92,-192.28,0
33339,90.91,-192.50,0
33350,90.91,-192.70,0
33361,90.91,-193.11,0
33373,83.33,-192.39,0
33384,90.91,-192.26,0
33396,83.33,-191.88,0
33408,83.33,-191.37,0
33419,90.91,-191.30,0
33430,90.91,-190.82,0
33441,90.91,-190.22,0
33453,83.33,-189.99,0
33465,83.33,-190.87,0
33476,90.91,-192.12,0
33487,90.91,-192.96,0
33499,83.33,-193.20,0
33510,90.91,-193.27,0
33521,90.91,-192.60,0
33533,83.33,-192.23,0
33545,83.33,-191.66,0
33556,90.91,-191.04,0
33567,90.91,-190.09,0
33579,83.33,-190.74,0
33591,90.91,-191.45,0
33602,83.33,-192.09,0
33613,90.91,-192.30,0
33625,83.33,-192.09,0
33636,90.91,-191.82,0
33647,90.91,-191.72,0
33659,90.91,-192.20,0
33671,76.92,-192.85,0
33682,90.91,-192.50,0
33693,90.91,-192.39,0
33704,90.91,-192.19,0
33716,83.33,-190.60,0
33728,83.33,-190.02,0
33739,90.91,-190.39,0
33751,83.33,-190.85,0
33762,90.91,-191.96,0
33773,90.91,-192.95,0
33784,90.91,-193.97,0
33797,76.92,-194.13,0
33808,90.91,-193.22,0
33819,90.91,-192.37,0
33830,90.91,-191.31,0
33842,83.33,-190.52,0
33853,90.91,-190.53,0
33865,83.33,-190.81,0
33876,90.91,-191.52,0
33888,83.33,-192.39,0
33899,90.91,-192.63,0
33910,90.91,-192.78,0
33922,83.33,-192.39,0
33934,83.33,-192.07,0
33945,90.91,-192.28,0
33956,90.91,-192.62,0
33968,83.33,-192.73,0
33979,90.91,-191.88,0
33990,90.91,-191.45,0
34002,83.33,-190.51,0
34014,83.33,-189.88,0
34025,90.91,-189.88,0
34036,90.91,-190.24,0
34048,83.33,-191.29,0
34059,90.91,-192.24,0
34071,83.33,-193.35,0
34082,90.91,-193.60,0
34094,83.33,-193.51,0
34105,90.91,-192.83,0
34116,90.91,-191.69,0
34128,90.91,-191.48,0
34140,76.92,-191.51,0
34151,90.91,-190.50,0
34162,90.91,-190.90,0
34173,90.91,-191.54,0
34185,83.33,-191.74,0
34197,90.91,-191.67,0
34208,83.33,-191.91,0
34220,83.33,-191.96,0
34231,90.91,-192.29,0
34242,90.91,-192.52,0
34253,90.91,-192.42,0
34266,76.92,-191.92,0
34277,90.91,-191.92,0
34288,90.91,-191.16,0
34299,90.91,-190.71,0
34311,83.33,-189.90,0
34322,90.91,-190.28,0
34334,83.33,-191.67,0
34345,90.91,-192.67,0
34357,83.33,-193.83,0
34368,90.91,-194.12,0
34379,90.91,-193.26,0
34391,83.33,-191.76,0
34403,83.33,-191.05,0
34414,90.91,-190.30,0
34425,90.91,-190.34,0
34437,83.33,-190.79,0
34448,90.91,-191.00,0
34459,90.91,-191.51,0
34471,83.33,-192.41,0
34483,83.33,-191.99,0
34494,90.91,-191.34,0
34505,90.91,-192.03,0
34516,90.91,-192.34,0
34528,83.33,-192.22,0
34540,83.33,-192.27,0
34551,90.91,-192.27,0
34563,83.33,-191.50,0
34574,90.91,-190.56,0
34585,90.91,-190.00,0
34596,90.91,-189.65,0
34609,76.92,-189.96,0
34620,90.91,-191.64,0
34631,90.91,-192.95,0
34642,90.91,-193.65,0
34654,83.33,-193.51,0
34666,90.91,-193.64,0
34677,83.33,-192.13,0
34689,83.33,-190.73,0
34700,90.91,-190.13,0
34711,90.91,-190.19,0
34722,90.91,-191.21,0
34735,83.33,-191.54,0
34746,83.33,-192.04,0
34757,90.91,-192.55,0
34768,90.91,-192.54,0
34780,83.33,-193.01,0
34791,90.91,-192.57,0
34803,83.33,-192.49,0
34814,90.91,-192.46,0
34826,83.33,-192.53,0
34837,90.91,-191.83,0
34848,90.91,-191.50,0
34860,83.33,-191.07,0
34872,83.33,-190.61,0
34883,90.91,-190.13,0
34894,90.91,-191.38,0
34906,83.33,-191.94,0
34917,90.91,-192.88,0
34928,90.91,-193.25,0
34940,83.33,-193.31,0
34952,83.33,-193.18,0
34963,90.91,-192.39,0
34974,90.91,-191.09,0
34985,90.91,-190.31,0
34997,83.33,-190.10,0
35009,83.33,-190.96,0
35020,90.91,-191.44,0
35032,83.33,-191.50,0
35043,90.91,-192.08,0
35054,90.91,-192.36,0
35065,90.91,-192.47,0
35078,76.92,-192.70,0
35089,90.91,-192.68,0
35100,90.91,-193.03,0
35111,90.91,-192.19,0
35123,83.33,-191.37,0
35134,90.91,-191.75,0
35146,83.33,-191.86,0
35158,83.33,-191.14,0
35169,90.91,-190.37,0
35180,90.91,-190.95,0
35191,90.91,-192.20,0
35203,83.33,-193.25,0
35215,83.33,-193.30,0
35226,90.91,-193.44,0
35237,90.91,-192.94,0
35249,83.33,-191.96,0
35260,90.91,-190.78,0
35272,90.91,-190.35,0
35283,83.33,-190.70,0
35295,83.33,-190.95,0
35306,90.91,-191.29,0
35317,90.91,-191.42,0
35329,83.33,-192.13,0
35341,90.91,-192.92,0
35352,83.33,-192.47,0
35363,90.91,-191.93,0
35375,83.33,-192.08,0
35386,90.91,-191.49,0
35397,90.91,-190.93,0
35409,83.33,-191.27,0
35421,83.33,-191.40,0
35432,90.91,-191.02,0
35443,90.91,-190.87,0
35454,90.91,-190.38,0
35466,83.33,-190.42,0
35478,83.33,-191.49,0
35489,90.91,-192.37,0
35501,83.33,-193.23,0
35512,90.91,-192.89,0
35523,90.91,-193.02,0
35534,90.91,-192.47,0
35547,76.92,-191.63,0
35558,90.91,-191.02,0
35569,90.91,-190.43,0
35580,90.91,-190.59,0
35592,83.33,-190.81,0
35603,90.91,-191.59,0
35615,83.33,-192.40,0
35627,83.33,-192.55,0
35638,90.91,-192.81,0
35649,90.91,-192.76,0
35660,90.91,-191.92,0
35672,83.33,-191.56,0
35684,83.33,-191.99,0
35695,90.91,-191.49,0
35706,90.91,-191.47,0
35718,83.33,-191.37,0
35729,90.91,-190.94,0
35740,90.91,-190.58,0
35752,83.33,-190.92,0
35764,83.33,-191.54,0
35775,90.91,-192.18,0
35786,90.91,-192.57,0
35798,83.33,-192.87,0
35809,90.91,-192.77,0
35821,83.33,-192.20,0
35832,90.91,-191.01,0
35844,83.33,-190.87,0
35855,90.91,-190.61,0
35866,90.91,-191.22,0
35877,90.91,-191.66,0
35890,76.92,-191.82,0
35901,90.91,-192.44,0
35912,90.91,-193.10,0
35923,90.91,-193.05,0
35935,83.33,-192.37,0
35947,90.91,-191.63,0
35958,83.33,-191.53,0
35970,83.33,-191.78,0
35981,90.91,-192.02,0
35992,90.91,-191.34,0
36003,90.91,-191.51,0
36016,83.33,-191.02,0
36027,83.33,-191.14,0
36038,90.91,-191.25,0
36049,90.91,-191.53,0
36061,83.33,-192.29,0
36072,90.91,-193.42,0
36084,83.33,-193.63,0
36096,83.33,-192.73,0
36107,90.91,-192.05,0
36118,90.91,-190.74,0
36129,90.91,-189.97,0
36141,83.33,-190.34,0
36153,83.33,-190.63,0
36164,90.91,-191.13,0
36175,90.91,-191.97,0
36187,83.33,-192.38,0
36198,90.91,-192.81,0
36209,90.91,-192.43,0
36221,83.33,-192.05,0
36233,83.33,-191.23,0
36244,90.91,-191.68,0
36255,90.91,-191.75,0
36267,83.33,-192.14,0
36278,90.91,-191.66,0
36290,83.33,-190.98,0
36301,90.91,-190.75,0
36313,83.33,-191.26,0
36324,90.91,-191.41,0
36335,90.91,-191.96,0
36346,90.91,-193.18,0
36359,76.92,-192.79,0
36370,90.91,-192.54,0
36381,90.91,-192.85,0
36392,90.91,-192.55,0
36404,83.33,-191.48,0
36415,90.91,-190.51,0
36427,83.33,-190.15,0
36439,83.33,-190.89,0
36450,90.91,-191.45,0
36461,90.91,-192.22,0
36472,90.91,-193.27,0
36484,83.33,-193.19,0
36496,83.33,-192.60,0
36507,90.91,-192.31,0
36518,90.91,-192.02,0
36530,83.33,-192.31,0
36541,90.91,-192.14,0
36553,90.91,-191.78,0
36564,83.33,-191.28,0
36576,83.33,-191.11,0
36587,90.91,-190.94,0
36598,90.91,-190.74,0
36610,83.33,-191.01,0
36622,83.33,-191.81,0
36633,90.91,-192.78,0
36644,90.91,-193.60,0
36656,83.33,-193.31,0
36667,90.91,-193.34,0
36678,90.91,-192.44,0
36690,83.33,-191.19,0
36702,83.33,-190.74,0
36713,90.91,-190.00,0
36724,90.91,-190.59,0
36736,83.33,-191.10,0
36747,90.91,-192.40,0
36759,83.33,-193.11,0
36770,90.91,-193.56,0
36782,83.33,-193.31,0
36793,90.91,-192.75,0
36804,90.91,-191.74,0
36815,90.91,-190.97,0
36828,76.92,-191.27,0
36839,90.91,-191.26,0
36850,90.91,-191.31,0
36861,90.91,-191.25,0
36873,83.33,-190.87,0
36884,90.91,-190.41,0
36896,83.33,-191.00,0
36908,83.33,-191.96,0
36919,90.91,-192.38,0
36930,90.91,-193.39,0
36941,90.91,-193.40,0
36953,83.33,-193.39,0
36965,83.33,-192.01,0
36976,90.91,-191.57,0
36987,90.91,-190.95,0
36999,83.33,-190.75,0
37010,90.91,-191.39,0
37022,90.91,-191.92,0
37033,83.33,-192.57,0
37045,83.33,-192.59,0
37056,90.91,-192.86,0
37067,90.91,-193.01,0
37079,83.33,-192.73,0
37091,90.91,-192.42,0
37102,83.33,-192.29,0
37113,90.91,-191.74,0
37125,83.33,-191.52,0
37136,90.91,-191.48,0
37147,90.91,-192.00,0
37159,83.33,-191.93,0
37171,83.33,-191.15,0
37182,90.91,-191.17,0
37193,90.91,-192.01,0
37204,90.91,-192.48,0
37216,83.33,-192.70,0
37228,83.33,-193.10,0
37239,90.91,-193.51,0
37251,83.33,-192.31,0
37262,90.91,-191.35,0
37273,90.91,-191.38,0
37284,90.91,-190.54,0
37297,76.92,-190.41,0
37308,90.91,-190.78,0
37319,90.91,-192.09,0
37330,90.91,-192.27,0
37342,83.33,-192.50,0
37353,90.91,-192.59,0
37365,83.33,-192.79,0
37377,83.33,-192.12,0
37388,90.91,-191.72,0
37399,90.91,-191.44,0
37410,90.91,-191.88,0
37422,83.33,-191.78,0
37434,83.33,-192.06,0
37445,90.91,-192.01,0
37456,90.91,-190.88,0
37468,83.33,-190.73,0
37479,90.91,-191.02,0
37490,90.91,-192.00,0
37502,83.33,-192.28,0
37514,83.33,-192.71,0
37525,90.91,-192.48,0
37536,90.91,-192.06,0
37548,83.33,-191.65,0
37559,90.91,-190.68,0
37571,83.33,-190.41,0
37582,90.91,-190.67,0
37594,83.33,-191.66,0
37605,90.91,-191.95,0
37616,90.91,-192.10,0
37628,90.91,-192.38,0
37640,76.92,-192.96,0
37651,90.91,-192.44,0
37662,90.91,-191.71,0
37673,90.91,-191.72,0
37685,83.33,-191.72,0
37697,90.91,-191.85,0
37708,90.91,-192.07,0
37720,83.33,-191.74,0
37731,90.91,-192.07,0
37742,90.91,-191.41,0
37753,90.91,-191.06,0
37766,76.92,-191.23,0
37777,90.91,-191.98,0
37788,90.91,-192.36,0
37799,90.91,-192.56,0
37811,83.33,-192.41,0
37822,90.91,-193.05,0
37834,83.33,-192.18,0
37846,83.33,-190.85,0
37857,90.91,-189.90,0
37868,90.91,-190.52,0
37879,90.91,-191.48,0
37891,83.33,-192.15,0
37903,83.33,-192.69,0
37914,90.91,-192.87,0
37925,90.91,-192.90,0
37937,83.33,-192.07,0
37948,90.91,-191.33,0
37959,90.91,-191.09,0
37971,83.33,-191.40,0
37983,83.33,-191.34,0
37994,90.91,-191.41,0
38005,90.91,-191.62,0
38017,83.33,-192.22,0
38028,90.91,-191.47,0
38040,83.33,-191.45,0
38051,90.91,-191.14,0
38063,83.33,-192.06,0
38074,90.91,-193.14,0
38085,90.91,-193.21,0
38096,90.91,-192.96,0
38109,76.92,-192.02,0
38120,90.91,-191.74,0
38131,90.91,-190.83,0
38142,90.91,-190.92,0
38154,83.33,-190.96,0
38166,90.91,-191.37,0
38177,83.33,-192.17,0
38189,83.33,-192.82,0
38200,90.91,-192.86,0
38211,90.91,-193.38,0
38222,90.91,-192.93,0
38235,83.33,-191.65,0
38246,83.33,-191.10,0
38257,90.91,-191.03,0
38268,90.91,-191.47,0
38280,83.33,-191.97,0
38291,90.91,-192.29,0
38303,83.33,-192.33,0
38315,83.33,-191.84,0
38326,90.91,-191.80,0
38337,90.91,-191.82,0
38348,90.91,-191.83,0
38360,83.33,-192.47,0
38372,83.33,-192.63,0
38383,90.91,-192.62,0
38394,90.91,-192.43,0
38406,83.33,-191.92,0
38417,90.91,-191.20,0
38428,90.91,-191.09,0
38440,83.33,-190.99,0
38452,83.33,-191.38,0
38463,90.91,-192.02,0
38474,90.91,-191.77,0
38486,83.33,-192.38,0
38497,90.91,-193.18,0
38509,83.33,-192.90,0
38520,90.91,-191.65,0
38532,83.33,-190.95,0
38543,90.91,-191.13,0
38554,90.91,-191.02,0
38565,90.91,-191.53,0
38578,76.92,-191.86,0
38589,90.91,-191.88,0
38600,90.91,-192.26,0
38611,90.91,-192.19,0
38623,83.33,-192.41,0
38634,90.91,-192.16,0
38646,83.33,-191.82,0
38658,83.33,-192.29,0
38669,90.91,-192.51,0
38680,90.91,-192.24,0
38691,90.91,-191.83,0
38703,83.33,-191.38,0
38715,83.33,-190.62,0
38726,90.91,-190.87,0
38737,90.91,-191.42,0
38749,83.33,-192.03,0
38760,90.91,-192.27,0
38772,90.91,-192.55,0
38784,76.92,-192.72,0
38795,90.91,-191.71,0
38806,90.91,-191.25,0
38817,90.91,-190.96,0
38829,83.33,-191.54,0
38841,90.91,-191.47,0
38852,83.33,-191.76,0
38863,90.91,-191.79,0
38875,83.33,-192.23,0
38886,90.91,-192.21,0
38897,90.91,-192.24,0
38909,83.33,-191.66,0
38921,83.33,-191.83,0
38932,90.91,-192.50,0
38943,90.91,-192.28,0
38955,83.33,-192.12,0
38966,90.91,-192.19,0
38978,83.33,-191.75,0
38989,90.91,-191.33,0
39001,83.33,-191.02,0
39012,90.91,-191.13,0
39023,90.91,-191.35,0
39034,90.91,-191.57,0
39047,76.92,-192.36,0
39058,90.91,-192.47,0
39069,90.91,-192.00,0
39080,90.91,-191.64,0
39092,83.33,-191.10,0
39103,90.91,-190.89,0
39115,83.33,-190.62,0
39127,83.33,-190.97,0
39138,90.91,-191.78,0
39149,90.91,-192.62,0
39160,90.91,-192.67,0
39172,83.33,-192.50,0
39184,83.33,-192.03,0
39195,90.91,-190.93,0
39206,90.91,-190.75,0
39218,83.33,-191.20,0
39229,90.91,-191.52,0
39240,90.91,-191.81,0
39252,83.33,-192.19,0
39264,83.33,-192.33,0
39275,90.91,-192.06,0
39286,90.91,-191.26,0
39298,83.33,-191.43,0
39309,90.91,-192.34,0
39321,83.33,-192.97,0
39332,90.91,-193.11,0
39344,83.33,-191.82,0
39355,90.91,-191.56,0
39366,90.91,-191.94,0
39377,90.91,-191.26,0
39390,76.92,-190.31,0
39401,90.91,-190.86,0
39412,90.91,-191.64,0
39424,83.33,-192.41,0
39435,90.91,-192.49,0
39447,90.91,-192.68,0
39458,83.33,-192.88,0
39470,83.33,-192.22,0
39481,90.91,-191.46,0
39492,90.91,-191.78,0
39503,90.91,-191.28,0
39516,83.33,-191.80,0
39527,83.33,-192.39,0
39538,90.91,-192.14,0
39549,90.91,-192.13,0
39561,83.33,-191.25,0
39572,90.91,-190.89,0
39584,83.33,-191.05,0
39596,83.33,-191.53,0
39607,90.91,-192.16,0
39618,90.91,-192.08,0
39629,90.91,-192.15,0
39641,83.33,-192.23,0
39653,83.33,-191.93,0
39664,90.91,-191.24,0
39675,90.91,-190.86,0
39687,83.33,-190.63,0
39698,90.91,-191.90,0
39709,90.91,-192.47,0
39721,83.33,-192.24,0
39733,83.33,-192.09,0
39744,90.91,-191.79,0
39755,90.91,-191.68,0
39767,83.33,-191.30,0
39778,90.91,-191.12,0
39790,83.33,-191.43,0
39801,90.91,-191.37,0
39813,83.33,-191.31,0
39824,90.91,-191.94,0
39835,90.91,-192.58,0
39846,90.91,-192.42,0
39859,76.92,-191.65,0
39870,90.91,-191.01,0
39881,90.91,-191.43,0
39892,90.91,-191.56,0
39904,83.33,-191.63,0
39915,90.91,-192.84,0
39927,83.33,-192.79,0
39939,83.33,-192.27,0
39950,90.91,-191.40,0
39961,90.91,-190.61,0
39972,90.91,-190.70,0
39984,83.33,-191.27,0
39996,83.33,-191.72,0
40007,90.91,-192.20,0
40018,90.91,-192.36,0
40030,83.33,-192.29,0
40041,90.91,-191.92,0
40052,90.91,-191.19,0
40065,76.92,-190.96,0
40076,90.91,-191.52,0
40087,90.91,-191.85,0
40098,90.91,-191.58,0
40110,83.33,-191.77,0
40122,90.91,-192.27,0
40133,83.33,-192.13,0
40144,90.91,-191.56,0
40156,83.33,-190.85,0
40167,90.91,-191.37,0
40178,90.91,-191.63,0
40190,90.91,-191.96,0
40202,76.92,-192.51,0
40213,90.91,-192.56,0
40224,90.91,-192.70,0
40236,83.33,-191.97,0
40247,90.91,-191.13,0
40259,83.33,-190.92,0
40270,90.91,-191.36,0
40282,83.33,-191.83,0
40293,90.91,-191.94,0
40304,90.91,-192.07,0
40315,90.91,-192.48,0
40328,76.92,-192.49,0
40339,90.91,-192.55,0
40350,90.91,-192.06,0
40361,90.91,-191.70,0
40373,83.33,-192.10,0
40384,90.91,-191.92,0
40396,83.33,-192.26,0
40408,83.33,-192.42,0
40419,90.91,-191.61,0
40430,90.91,-191.09,0
40441,90.91,-190.81,0
40453,83.33,-191.00,0
40465,83.33,-191.98,0
40476,90.91,-192.61,0
40487,90.91,-192.15,0
40499,83.33,-192.41,0
40510,90.91,-192.09,0
40521,90.91,-191.50,0
40534,76.92,-191.10,0
40545,90.91,-191.44,0
40556,90.91,-191.67,0
40567,90.91,-191.85,0
40579,83.33,-192.33,0
40590,90.91,-192.01,0
40602,83.33,-192.24,0
40613,90.91,-192.11,0
40625,83.33,-191.58,0
40636,90.91,-191.27,0
40647,90.91,-191.80,0
40658,90.91,-191.73,0
40671,76.92,-191.71,0
40682,90.91,-191.80,0
40693,90.91,-192.07,0
40705,83.33,-191.60,0
40716,90.91,-191.59,0
40728,90.91,-191.20,0
40739,83.33,-190.60,0
40751,83.33,-191.09,0
40762,90.91,-191.97,0
40773,90.91,-192.17,0
40784,90.91,-192.45,0
40797,83.33,-193.03,0
40808,83.33,-192.36,0
40819,90.91,-191.39,0
40830,90.91,-190.81,0
40842,83.33,-191.61,0
40853,90.91,-191.33,0
40865,83.33,-191.50,0
40877,83.33,-191.99,0
40888,90.91,-192.61,0
40899,90.91,-192.67,0
40910,90.91,-191.59,0
40922,83.33,-191.26,0
40934,83.33,-191.36,0
40945,90.91,-191.63,0
40956,90.91,-191.68,0
40968,83.33,-192.64,0
40979,90.91,-192.06,0
40990,90.91,-191.61,0
41003,76.92,-191.28,0
41014,90.91,-190.76,0
41025,90.91,-191.09,0
41036,90.91,-191.15,0
41048,83.33,-191.74,0
41059,90.91,-192.30,0
41071,83.33,-192.64,0
41082,90.91,-192.26,0
41094,83.33,-192.29,0
41105,90.91,-191.65,0
41116,90.91,-191.24,0
41127,90.91,-191.16,0
41140,76.92,-191.65,0
41151,90.91,-192.40,0
41162,90.91,-192.18,0
41174,83.33,-192.20,0
41185,90.91,-192.51,0
41196,90.91,-191.71,0
41208,83.33,-191.35,0
41220,83.33,-191.60,0
41231,90.91,-191.76,0
41242,90.91,-191.84,0
41253,90.91,-191.68,0
41265,83.33,-192.02,0
41277,83.33,-192.25,0
41288,90.91,-191.86,0
41299,90.91,-191.38,0
41311,83.33,-191.83,0
41322,90.91,-191.66,0
41333,90.91,-191.86,0
41346,76.92,-192.37,0
41357,90.91,-193.08,0
41368,90.91,-193.02,0
41379,90.91,-192.52,0
41391,83.33,-191.13,0
41403,90.91,-190.73,0
41414,83.33,-190.95,0
41425,90.91,-191.82,0
41437,83.33,-191.17,0
41448,90.91,-191.50,0
41459,90.91,-192.17,0
41472,90.91,-192.29,0
41483,76.92,-192.31,0
41494,90.91,-191.17,0
41505,90.91,-190.80,0
41517,83.33,-191.63,0
41528,90.91,-191.36,0
41540,83.33,-191.48,0
41551,90.91,-192.19,0
41563,83.33,-191.96,0
41574,90.91,-191.65,0
41585,90.91,-191.49,0
41596,90.91,-190.91,0
41609,76.92,-191.34,0
41620,90.91,-191.88,0
41631,90.91,-192.50,0
41643,83.33,-192.32,0
41654,90.91,-192.53,0
41665,90.91,-192.65,0
41677,83.33,-191.77,0
41689,83.33,-190.64,0
41700,90.91,-190.43,0
41711,90.91,-191.37,0
41722,90.91,-191.44,0
41734,83.33,-191.25,0
41746,83.33,-192.01,0
41757,90.91,-192.40,0
41768,90.91,-191.65,0
41780,83.33,-191.55,0
41791,90.91,-191.75,0
41802,90.91,-192.12,0
41815,76.92,-191.64,0
41826,90.91,-192.18,0
41837,90.91,-192.12,0
41848,90.91,-192.21,0
41860,83.33,-192.11,0
41871,90.91,-191.36,0
41883,83.33,-190.92,0
41894,90.91,-191.01,0
41906,83.33,-191.82,0
41917,90.91,-192.42,0
41928,90.91,-192.87,0
41939,90.91,-192.70,0
41952,76.92,-192.43,0
41963,90.91,-192.07,0
41974,90.91,-191.43,0
41986,83.33,-191.01,0
41997,90.91,-191.69,0
42008,90.91,-191.91,0
42020,83.33,-191.65,0
42032,83.33,-192.00,0
42043,90.91,-192.47,0
42054,90.91,-191.55,0
42065,90.91,-191.69,0
42077,83.33,-191.16,0
42089,83.33,-190.81,0
42100,90.91,-191.23,0
42112,83.33,-191.99,0
42123,90.91,-191.62,0
42134,90.91,-191.88,0
42146,90.91,-191.88,0
42158,76.92,-191.52,0
42169,90.91,-191.03,0
42180,90.91,-191.49,0
42191,90.91,-191.56,0
42203,83.33,-192.32,0
42215,90.91,-192.63,0
42226,83.33,-192.25,0
42237,90.91,-192.03,0
42249,83.33,-191.74,0
42260,90.91,-190.73,0
42271,90.91,-190.46,0
42284,76.92,-191.52,0
42295,90.91,-191.58,0
42306,90.91,-191.59,0
42317,90.91,-192.41,0
42329,83.33,-193.13,0
42340,90.91,-192.88,0
42352,83.33,-192.06,0
42363,90.91,-191.19,0
42375,83.33,-190.84,0
42386,90.91,-191.41,0
42397,90.91,-192.11,0
42408,90.91,-192.16,0
42421,76.92,-192.10,0
42432,90.91,-192.07,0
42443,90.91,-191.45,0
42455,83.33,-191.10,0
42466,90.91,-191.42,0
42477,90.91,-191.79,0
42489,83.33,-192.74,0
42501,83.33,-192.12,0
42512,90.91,-192.16,0
42523,90.91,-192.21,0
42534,90.91,-191.63,0
42546,83.33,-190.76,0
42558,83.33,-190.09,0
42569,90.91,-190.58,0
42580,90.91,-190.77,0
42592,83.33,-191.53,0
42603,90.91,-192.64,0
42614,90.91,-192.82,0
42627,76.92,-192.62,0
42638,90.91,-191.71,0
42649,90.91,-192.04,0
42660,90.91,-191.73,0
42672,83.33,-191.57,0
42683,90.91,-191.49,0
42695,83.33,-191.72,0
42706,90.91,-192.01,0
42718,83.33,-191.82,0
42729,90.91,-191.33,0
42740,90.91,-191.08,0
42752,83.33,-191.41,0
42764,83.33,-192.10,0
42775,90.91,-192.19,0
42786,90.91,-192.10,0
42798,83.33,-192.21,0
42809,90.91,-192.52,0
42821,90.91,-192.20,0
42832,83.33,-190.99,0
42844,83.33,-190.71,0
42855,90.91,-191.08,0
42866,90.91,-191.44,0
42877,90.91,-191.97,0
42890,83.33,-192.31,0
42901,83.33,-193.02,0
42912,90.91,-193.07,0
42924,83.33,-192.41,0
42935,90.91,-191.52,0
42946,90.91,-191.06,0
42958,90.91,-191.79,0
42970,76.92,-191.67,0
42981,90.91,-192.50,0
42992,90.91,-191.94,0
43003,90.91,-191.93,0
43015,83.33,-192.14,0
43027,83.33,-191.68,0
43038,90.91,-191.69,0
43049,90.91,-192.20,0
43061,83.33,-192.67,0
43072,90.91,-192.46,0
43083,90.91,-193.27,0
43096,76.92,-192.69,0
43107,90.91,-191.11,0
43118,90.91,-191.08,0
43129,90.91,-190.87,0
43141,83.33,-190.86,0
43152,90.91,-191.59,0
43164,83.33,-192.17,0
43175,90.91,-192.52,0
43187,83.33,-192.66,0
43198,90.91,-192.10,0
43209,90.91,-191.84,0
43220,90.91,-190.76,0
43233,76.92,-191.10,0
43244,90.91,-191.38,0
43255,90.91,-191.23,0
43267,83.33,-191.70,0
43278,90.91,-191.94,0
43289,90.91,-192.20,0
43301,83.33,-191.93,0
43313,83.33,-191.42,0
43324,90.91,-191.54,0
43335,90.91,-192.13,0
43346,90.91,-191.98,0
43358,83.33,-192.04,0
43370,83.33,-191.99,0
43381,90.91,-191.91,0
43393,83.33,-191.56,0
43404,90.91,-191.16,0
43415,90.91,-190.52,0
43426,90.91,-191.21,0
43439,76.92,-191.81,0
43450,90.91,-192.18,0
43461,90.91,-192.45,0
43472,90.91,-192.67,0
43484,83.33,-192.97,0
43496,90.91,-192.19,0
43507,83.33,-190.66,0
43518,90.91,-190.35,0
43530,83.33,-191.21,0
43541,90.91,-191.06,0
43552,90.91,-191.47,0
43565,83.33,-192.16,0
43576,83.33,-192.71,0
43587,90.91,-193.18,0
43598,90.91,-192.26,0
43610,83.33,-191.41,0
43621,90.91,-190.87,0
43633,83.33,-191.25,0
43644,90.91,-191.33,0
43656,83.33,-191.51,0
43667,90.91,-192.22,0
43678,90.91,-192.03,0
43689,90.91,-191.81,0
43702,76.92,-191.84,0
43713,90.91,-191.93,0
43724,90.91,-192.12,0
43736,83.33,-192.10,0
43747,90.91,-192.29,0
43758,90.91,-192.44,0
43770,83.33,-192.23,0
43782,83.33,-191.74,0
43793,90.91,-190.95,0
43804,90.91,-190.19,0
43815,90.91,-190.50,0
43827,83.33,-191.52,0
43839,83.33,-191.87,0
43850,90.91,-192.14,0
43862,83.33,-193.01,0
43873,90.91,-193.15,0
43884,90.91,-192.46,0
43895,90.91,-191.78,0
43908,76.92,-191.54,0
43919,90.91,-191.00,0
43930,90.91,-190.56,0
43941,90.91,-191.30,0
43953,83.33,-191.46,0
43964,90.91,-191.49,0
43976,83.33,-191.51,0
43987,90.91,-191.25,0
43999,83.33,-191.45,0
44010,90.91,-191.69,0
44021,90.91,-192.57,0
44033,83.33,-192.39,0
44045,83.33,-192.36,0
44056,90.91,-192.80,0
44067,90.91,-191.82,0
44079,83.33,-191.18,0
44090,90.91,-190.91,0
44102,90.91,-191.35,0
44113,83.33,-191.52,0
44125,83.33,-191.88,0
44136,90.91,-192.31,0
44147,90.91,-193.26,0
44158,90.91,-193.05,0
44171,83.33,-192.90,0
44182,83.33,-191.65,0
44193,90.91,-191.62,0
44205,83.33,-191.08,0
44216,90.91,-191.02,0
44227,90.91,-191.59,0
44239,83.33,-191.45,0
44251,83.33,-191.37,0
44262,90.91,-191.72,0
44273,90.91,-191.23,0
44284,90.91,-191.12,0
44296,83.33,-191.85,0
44308,83.33,-192.21,0
44319,90.91,-192.75,0
44331,83.33,-192.93,0
44342,90.91,-192.64,0
44353,90.91,-192.31,0
44364,90.91,-191.66,0
44377,76.92,-190.43,0
44388,90.91,-190.54,0
44399,90.91,-191.54,0
44410,90.91,-191.82,0
44422,83.33,-192.46,0
44433,90.91,-192.58,0
44445,83.33,-192.75,0
44456,90.91,-192.94,0
44468,83.33,-191.88,0
44479,90.91,-191.66,0
44490,90.91,-191.80,0
44502,83.33,-191.62,0
44514,83.33,-191.49,0
44525,90.91,-191.63,0
44536,90.91,-191.65,0
44548,83.33,-191.65,0
44559,90.91,-191.84,0
44570,90.91,-191.35,0
44582,83.33,-191.70,0
44594,83.33,-192.28,0
44605,90.91,-192.58,0
44616,90.91,-192.14,0
44627,90.91,-191.81,0
44639,83.33,-192.21,0
44651,83.33,-190.86,0
44662,90.91,-190.41,0
44674,83.33,-190.24,0
44685,90.91,-191.38,0
44696,90.91,-191.94,0
44708,90.91,-192.02,0
44720,76.92,-192.64,0
44731,90.91,-192.57,0
44742,90.91,-191.75,0
44753,90.91,-191.14,0
44765,83.33,-191.25,0
44777,90.91,-191.23,0
44788,83.33,-191.14,0
44800,83.33,-191.17,0
44811,90.91,-191.28,0
44822,90.91,-191.25,0
44833,90.91,-191.73,0
44846,83.33,-191.16,0
44857,83.33,-191.25,0
44868,90.91,-191.55,0
44879,90.91,-192.02,0
44891,83.33,-191.74,0
44902,90.91,-191.36,0
44914,83.33,-191.69,0
44925,90.91,-192.06,0
44937,83.33,-191.84,0
44948,90.91,-191.06,0
44959,90.91,-190.77,0
44971,83.33,-191.11,0
44983,83.33,-191.95,0
44994,90.91,-192.56,0
45005,90.91,-193.05,0
45017,83.33,-192.94,0
45028,90.91,-192.22,0
45039,90.91,-191.91,0
45051,83.33,-191.06,0
45063,83.33,-191.36,0
45074,90.91,-191.03,0
45085,90.91,-191.38,0
45096,90.91,-191.82,0
45108,83.33,-192.21,0
45120,83.33,-192.53,0
45131,90.91,-191.62,0
45143,83.33,-191.65,0
45154,90.91,-191.73,0
45165,90.91,-192.03,0
45176,90.91,-192.09,0
45189,76.92,-192.26,0
45200,90.91,-192.42,0
45211,90.91,-191.78,0
45222,90.91,-191.10,0
45234,83.33,-190.60,0
45245,90.91,-190.80,0
45257,83.33,-190.93,0
45268,90.91,-191.79,0
45280,83.33,-191.98,0
45291,90.91,-192.45,0
45302,90.91,-192.73,0
45314,83.33,-192.44,0
45326,83.33,-192.11,0
45337,90.91,-191.06,0
45348,90.91,-191.03,0
45360,83.33,-191.85,0
45371,90.91,-191.86,0
45383,90.91,-191.80,0
45394,83.33,-192.48,0
45406,83.33,-192.56,0
45417,90.91,-191.67,0
45428,90.91,-191.18,0
45440,83.33,-191.03,0
45452,90.91,-191.95,0
45463,83.33,-192.83,0
45474,90.91,-192.52,0
45486,83.33,-192.57,0
45497,90.91,-192.69,0
45508,90.91,-191.52,0
45520,83.33,-190.69,0
45532,83.33,-190.63,0
45543,90.91,-191.55,0
45554,90.91,-192.04,0
45565,90.91,-191.80,0
45577,83.33,-192.04,0
45589,83.33,-192.50,0
45600,90.91,-192.40,0
45612,83.33,-191.86,0
45623,90.91,-191.00,0
45634,90.91,-190.43,0
45645,90.91,-190.76,0
45658,76.92,-191.18,0
45669,90.91,-191.44,0
45680,90.91,-191.63,0
45691,90.91,-191.90,0
45703,83.33,-191.57,0
45714,90.91,-191.18,0
45726,83.33,-191.48,0
45737,90.91,-191.90,0
45749,83.33,-191.77,0
45760,90.91,-191.68,0
45771,90.91,-191.82,0
45783,83.33,-191.97,0
45795,83.33,-191.69,0
45806,90.91,-190.73,0
45817,90.91,-190.54,0
45829,83.33,-190.63,0
45840,90.91,-191.50,0
45851,90.91,-191.96,0
45863,83.33,-192.24,0
45875,83.33,-192.01,0
45886,90.91,-192.24,0
45897,90.91,-192.04,0
45908,90.91,-190.81,0
45920,83.33,-190.87,0
45932,83.33,-191.23,0
45943,90.91,-191.55,0
45955,83.33,-191.81,0
45966,90.91,-192.23,0
45977,90.91,-192.67,0
45988,90.91,-192.43,0
46001,76.92,-191.68,0
46012,90.91,-191.32,0
46023,90.91,-192.10,0
46034,90.91,-192.13,0
46046,83.33,-192.07,0
46058,90.91,-192.14,0
46069,83.33,-193.01,0
46081,83.33,-192.39,0
46092,90.91,-191.25,0
46103,90.91,-190.59,0
46114,90.91,-191.23,0
46127,83.33,-192.01,0
46138,83.33,-192.53,0
46149,90.91,-193.28,0
46160,90.91,-193.09,0
46172,83.33,-192.88,0
46183,90.91,-191.76,0
46195,83.33,-191.14,0
46206,90.91,-190.57,0
46218,83.33,-190.78,0
46229,90.91,-191.63,0
46240,90.91,-192.04,0
46252,83.33,-192.53,0
46264,83.33,-192.84,0
46275,90.91,-192.33,0
46286,90.91,-191.64,0
46298,83.33,-191.52,0
46309,90.91,-191.80,0
46320,90.91,-192.27,0
46332,83.33,-192.29,0
46344,83.33,-192.24,0
46355,90.91,-191.74,0
46366,90.91,-191.47,0
46377,90.91,-191.00,0
46389,83.33,-190.86,0
46401,83.33,-190.83,0
46412,90.91,-191.37,0
46424,83.33,-192.37,0
46435,90.91,-193.38,0
46446,90.91,-193.62,0
46457,90.91,-193.28,0
46470,76.92,-192.49,0
46481,90.91,-191.39,0
46492,90.91,-190.96,0
46503,90.91,-190.97,0
46515,83.33,-190.71,0
46526,90.91,-191.59,0
46538,83.33,-191.88,0
46550,83.33,-192.40,0
46561,90.91,-192.64,0
46572,90.91,-191.80,0
46583,90.91,-191.88,0
46595,83.33,-191.75,0
46607,83.33,-192.07,0
46618,90.91,-192.09,0
46629,90.91,-191.44,0
46641,83.33,-191.60,0
46652,90.91,-191.86,0
46664,90.91,-191.13,0
46675,83.33,-190.82,0
46687,83.33,-191.07,0
46698,90.91,-191.66,0
46709,90.91,-191.95,0
46721,83.33,-192.63,0
46733,90.91,-192.56,0
46744,83.33,-192.61,0
46755,90.91,-192.53,0
46767,83.33,-191.19,0
46778,90.91,-190.44,0
46789,90.91,-191.22,0
46801,83.33,-191.79,0
46813,83.33,-191.68,0
46824,90.91,-191.77,0
46835,90.91,-192.50,0
46846,90.91,-192.30,0
46858,83.33,-192.14,0
46870,83.33,-191.84,0
46881,90.91,-191.54,0
46893,83.33,-192.25,0
46904,90.91,-192.01,0
46915,90.91,-191.75,0
46926,90.91,-191.54,0
46939,76.92,-191.51,0
46950,90.91,-191.72,0
46961,90.91,-191.01,0
46972,90.91,-190.91,0
46984,83.33,-192.10,0
46995,90.91,-191.81,0
47007,83.33,-192.00,0
47019,83.33,-192.36,0
47030,90.91,-193.47,0
47041,90.91,-193.39,0
47052,90.91,-192.12,0
47064,83.33,-191.48,0
47076,83.33,-190.73,0
47087,90.91,-191.11,0
47098,90.91,-191.82,0
47110,83.33,-191.75,0
47121,90.91,-191.68,0
47132,90.91,-192.24,0
47144,83.33,-192.23,0
47156,83.33,-192.44,0
47167,90.91,-191.69,0
47178,90.91,-191.89,0
47190,83.33,-191.95,0
47202,90.91,-192.25,0
47213,83.33,-192.53,0
47224,90.91,-192.05,0
47236,83.33,-191.85,0
47247,90.91,-191.37,0
47258,90.91,-190.86,0
47270,90.91,-191.51,0
47282,76.92,-191.91,0
47293,90.91,-192.72,0
47304,90.91,-192.83,0
47315,90.91,-192.62,0
47327,83.33,-192.34,0
47339,83.33,-191.64,0
47350,90.91,-190.85,0
47362,83.33,-191.21,0
47373,90.91,-191.44,0
47384,90.91,-191.52,0
47395,90.91,-191.67,0
47408,76.92,-191.78,0
47419,90.91,-191.94,0
47430,90.91,-192.12,0
47441,90.91,-191.48,0
47453,83.33,-191.27,0
47464,90.91,-191.63,0
47476,83.33,-191.61,0
47488,83.33,-191.78,0
47499,90.91,-192.73,0
47510,90.91,-192.50,0
47521,90.91,-191.90,0
47533,83.33,-190.96,0
47545,83.33,-190.55,0
47556,90.91,-191.52,0
47567,90.91,-192.50,0
47579,83.33,-192.94,0
47590,90.91,-193.02,0
47601,90.91,-193.43,0
47613,83.33,-192.82,0
47625,83.33,-192.06,0
47636,90.91,-191.11,0
47647,90.91,-190.66,0
47659,83.33,-190.68,0
47670,90.91,-191.27,0
47682,83.33,-192.00,0
47693,90.91,-192.73,0
47705,83.33,-193.12,0
47716,90.91,-192.65,0
47727,90.91,-192.34,0
47738,90.91,-191.17,0
47751,76.92,-192.12,0
47762,90.91,-191.83,0
47773,90.91,-192.36,0
47784,90.91,-192.70,0
47796,83.33,-192.86,0
47808,90.91,-192.39,0
47819,83.33,-191.77,0
47831,83.33,-191.62,0
47842,90.91,-191.38,0
47853,90.91,-192.06,0
47864,90.91,-192.58,0
47877,83.33,-192.43,0
47888,83.33,-192.58,0
47899,90.91,-192.77,0
47910,90.91,-192.10,0
47922,83.33,-191.33,0
47933,90.91,-191.26,0
47945,83.33,-191.06,0
47956,90.91,-191.33,0
47968,83.33,-192.05,0
47979,90.91,-192.52,0
47990,90.91,-192.90,0
48002,83.33,-193.21,0
48014,83.33,-192.41,0
48025,90.91,-191.88,0
48036,90.91,-191.60,0
48048,83.33,-191.87,0
48059,90.91,-191.84,0
48070,90.91,-191.57,0
48082,83.33,-191.89,0
48094,83.33,-191.81,0
48105,90.91,-191.18,0
48116,90.91,-190.74,0
48128,83.33,-191.15,0
48139,90.91,-192.23,0
48151,83.33,-192.45,0
48162,90.91,-192.77,0
48174,83.33,-192.74,0
48185,90.91,-192.33,0
48196,90.91,-191.22,0
48207,90.91,-190.86,0
48220,76.92,-191.04,0
48231,90.91,-191.08,0
48242,90.91,-191.54,0
48253,90.91,-191.47,0
48265,83.33,-192.46,0
48276,90.91,-192.84,0
48288,83.33,-192.95,0
48300,83.33,-192.31,0
48311,90.91,-191.87,0
48322,90.91,-191.90,0
48333,90.91,-192.24,0
48345,83.33,-192.14,0
48357,83.33,-191.89,0
48368,90.91,-191.62,0
48379,90.91,-191.16,0
48391,83.33,-191.74,0
48402,90.91,-191.24,0
48413,90.91,-191.01,0
48425,83.33,-191.78,0
48437,83.33,-192.71,0
48448,90.91,-192.99,0
48459,90.91,-193.38,0
48471,83.33,-192.78,0
48483,90.91,-191.83,0
48494,83.33,-190.71,0
48505,90.91,-190.84,0
48517,83.33,-190.83,0
48528,90.91,-190.69,0
48539,90.91,-191.67,0
48551,90.91,-192.18,0
48563,76.92,-192.37,0
48574,90.91,-193.14,0
48585,90.91,-192.13,0
48596,90.91,-191.87,0
48608,83.33,-191.95,0
48620,83.33,-192.36,0
48631,90.91,-192.22,0
48643,83.33,-192.39,0
48654,90.91,-191.51,0
48665,90.91,-191.16,0
48676,90.91,-190.74,0
48689,76.92,-190.55,0
48700,90.91,-191.29,0
48711,90.91,-192.35,0
48722,90.91,-192.17,0
48734,83.33,-192.03,0
48745,90.91,-192.83,0
48757,83.33,-192.41,0
48769,83.33,-192.00,0
48780,90.91,-191.31,0
48791,90.91,-190.16,0
48802,90.91,-190.12,0
48814,83.33,-190.78,0
48826,83.33,-191.87,0
48837,90.91,-192.59,0
48848,90.91,-192.78,0
48860,83.33,-193.00,0
48871,90.91,-192.82,0
48882,90.91,-192.37,0
48894,83.33,-191.63,0
48906,83.33,-190.99,0
48917,90.91,-191.09,0
48928,90.91,-191.01,0
48940,83.33,-191.85,0
48951,90.91,-192.55,0
48963,83.33,-192.27,0
48974,90.91,-192.25,0
48986,83.33,-192.26,0
48997,90.91,-192.78,0
49008,90.91,-193.20,0
49019,90.91,-193.34,0
49032,76.92,-192.05,0
49043,90.91,-192.19,0
49054,90.91,-191.84,0
49065,90.91,-191.72,0
49077,83.33,-191.63,0
49089,90.91,-191.38,0
49100,83.33,-191.72,0
49112,83.33,-191.54,0
49123,90.91,-192.09,0
49134,90.91,-193.04,0
49145,90.91,-193.93,0
49158,83.33,-193.08,0
49169,83.33,-192.02,0
49180,90.91,-191.29,0
49191,90.91,-191.38,0
49203,83.33,-191.71,0
49214,90.91,-191.22,0
49226,83.33,-191.16,0
49238,83.33,-191.59,0
49249,90.91,-191.90,0
49260,90.91,-192.40,0
49271,90.91,-192.20,0
49283,83.33,-192.21,0
49295,83.33,-192.39,0
49306,90.91,-192.32,0
49317,90.91,-192.78,0
49329,83.33,-192.57,0
49340,90.91,-192.31,0
49351,90.91,-191.69,0
49363,83.33,-190.68,0
49375,83.33,-191.13,0
49386,90.91,-191.83,0
49397,90.91,-192.71,0
49409,83.33,-193.05,0
49420,90.91,-193.18,0
49432,83.33,-193.49,0
49443,90.91,-193.60,0
49455,83.33,-192.26,0
49466,90.91,-190.68,0
49477,90.91,-190.69,0
49488,90.91,-191.26,0
49501,76.92,-191.52,0
49512,90.91,-191.87,0
49523,90.91,-192.70,0
49534,90.91,-192.30,0
49546,83.33,-191.76,0
49557,90.91,-191.87,0
49569,83.33,-192.29,0
49581,83.33,-192.69,0
49592,90.91,-192.43,0
49603,90.91,-191.88,0
49614,90.91,-191.98,0
49626,83.33,-191.87,0
49638,83.33,-191.42,0
49649,90.91,-191.17,0
49660,90.91,-190.66,0
49672,83.33,-191.29,0
49683,90.91,-192.28,0
49695,90.91,-193.42,0
49707,76.92,-193.41,0
49718,90.91,-193.34,0
49729,90.91,-192.81,0
49740,90.91,-191.58,0
49752,83.33,-190.14,0
49764,90.91,-190.82,0
49775,83.33,-191.64,0
49786,90.91,-191.63,0
49798,83.33,-192.47,0
49809,90.91,-192.73,0
49820,90.91,-193.05,0
49832,83.33,-192.21,0
49844,83.33,-191.78,0
49855,90.91,-192.48,0
49866,90.91,-193.09,0
49878,83.33,-192.37,0
49889,90.91,-191.95,0
49901,83.33,-191.77,0
49912,90.91,-191.88,0
49924,83.33,-191.58,0
49935,90.91,-191.36,0
49946,90.91,-190.96,0
49957,90.91,-191.68,0
49970,76.92,-192.35,0
49981,90.91,-192.37,0
49992,90.91,-193.19,0
50003,90.91,-193.10,0
50015,83.33,-192.50,0
50026,90.91,-192.05,0
50038,83.33,-191.20,0
50050,83.33,-190.53,0
50061,90.91,-190.52,0
50072,90.91,-190.76,0
50083,90.91,-191.37,0
50095,83.33,-192.18,0
50107,83.33,-192.89,0
50118,90.91,-192.48,0
50129,90.91,-191.80,0
50141,83.33,-191.83,0
50152,90.91,-191.40,0
50163,90.91,-191.40,0
50176,76.92,-192.50,0
50187,90.91,-192.10,0
50198,90.91,-191.75,0
50209,90.91,-191.45,0
50221,83.33,-190.90,0
50232,90.91,-190.76,0
50244,83.33,-191.10,0
50255,90.91,-191.56,0
50267,83.33,-192.30,0
50278,90.91,-192.99,0
50289,90.91,-192.45,0
50301,90.91,-192.23,0
50313,76.92,-191.86,0
50324,90.91,-191.85,0
50335,90.91,-190.45,0
50347,83.33,-190.91,0
50358,90.91,-191.36,0
50370,83.33,-192.30,0
50381,90.91,-192.43,0
50393,83.33,-192.72,0
50404,90.91,-191.91,0
50415,90.91,-191.57,0
50426,90.91,-191.45,0
50439,76.92,-191.47,0
50450,90.91,-191.91,0
50461,90.91,-191.79,0
50472,90.91,-190.92,0
50484,83.33,-191.94,0
50495,90.91,-192.19,0
50507,83.33,-191.82,0
50519,83.33,-191.57,0
50530,90.91,-191.67,0
50541,90.91,-191.91,0
50552,90.91,-192.39,0
50564,83.33,-192.86,0
50576,83.33,-192.96,0
50587,90.91,-192.36,0
50598,90.91,-191.23,0
50610,83.33,-190.11,0
50621,90.91,-190.28,0
50632,90.91,-190.63,0
50644,83.33,-190.96,0
50656,83.33,-191.45,0
50667,90.91,-191.91,0
50678,90.91,-192.48,0
50690,83.33,-192.65,0
50701,90.91,-192.40,0
50713,83.33,-191.86,0
50724,90.91,-191.33,0
50736,83.33,-191.23,0
50747,90.91,-191.17,0
50758,90.91,-191.54,0
50769,90.91,-191.93,0
50782,76.92,-191.69,0
50793,90.91,-191.52,0
50804,90.91,-191.14,0
50816,83.33,-191.27,0
50827,90.91,-191.84,0
50839,90.91,-192.70,0
50850,83.33,-193.49,0
50862,83.33,-192.86,0
50873,90.91,-192.16,0
50884,90.91,-191.26,0
50895,90.91,-190.87,0
50908,83.33,-190.98,0
50919,83.33,-190.65,0
50930,90.91,-190.88,0
50941,90.91,-191.67,0
50953,83.33,-192.55,0
50964,90.91,-192.90,0
50976,83.33,-193.23,0
50988,83.33,-192.87,0
50999,90.91,-192.27,0
51010,90.91,-191.58,0
51021,90.91,-191.81,0
51033,83.33,-191.70,0
51045,83.33,-191.22,0
51056,90.91,-190.95,0
