66,15.15,-182.55,0
77,90.91,-186.18,0
89,83.33,-187.93,0
100,90.91,-186.23,0
111,90.91,-182.38,0
123,83.33,-180.18,0
135,83.33,-182.05,0
146,90.91,-185.36,0
157,90.91,-187.97,0
168,90.91,-186.01,0
180,83.33,-182.26,0
192,83.33,-179.76,0
203,90.91,-181.43,0
215,83.33,-185.59,0
226,90.91,-188.21,0
237,90.91,-186.02,0
248,90.91,-182.23,0
261,76.92,-180.58,0
272,90.91,-182.25,0
283,90.91,-185.01,0
294,90.91,-186.60,0
306,83.33,-185.06,0
317,90.91,-181.95,0
329,83.33,-178.85,0
340,90.91,-180.27,0
352,83.33,-184.32,0
363,90.91,-186.95,0
374,90.91,-186.02,0
386,83.33,-182.93,0
398,83.33,-180.41,0
409,90.91,-182.47,0
420,90.91,-186.23,0
432,83.33,-187.86,0
443,90.91,-185.84,0
455,90.91,-181.43,0
466,83.33,-178.70,0
478,83.33,-180.16,0
489,90.91,-183.66,0
500,90.91,-186.20,0
512,83.33,-185.94,0
524,90.91,-182.59,0
535,83.33,-180.55,0
546,90.91,-182.53,0
558,83.33,-186.13,0
569,90.91,-188.47,0
580,90.91,-187.02,0
592,83.33,-182.80,0
604,83.33,-179.58,0
615,90.91,-180.20,0
626,90.91,-183.38,0
637,90.91,-186.42,0
649,83.33,-185.37,0
661,83.33,-181.71,0
672,90.91,-180.21,0
684,83.33,-181.18,0
695,90.91,-185.68,0
706,90.91,-189.45,0
717,90.91,-188.33,0
730,76.92,-184.65,0
741,90.91,-180.77,0
752,90.91,-181.59,0
763,90.91,-184.03,0
775,83.33,-185.00,0
786,90.91,-183.97,0
798,83.33,-180.45,0
809,90.91,-177.98,0
821,83.33,-179.44,0
832,90.91,-184.04,0
843,90.91,-188.36,0
855,83.33,-188.48,0
867,83.33,-185.28,0
878,90.91,-182.78,0
889,90.91,-182.58,0
901,83.33,-185.56,0
912,90.91,-187.05,0
923,90.91,-185.03,0
935,83.33,-181.56,0
947,83.33,-178.07,0
958,90.91,-179.55,0
969,90.91,-183.63,0
980,90.91,-187.37,0
992,83.33,-187.69,0
1004,83.33,-184.28,0
1015,90.91,-181.38,0
1027,83.33,-181.97,0
1038,90.91,-184.67,0
1049,90.91,-187.34,0
1061,90.91,-186.61,0
1073,76.92,-182.49,0
1084,90.91,-179.32,0
1095,90.91,-179.33,0
1106,90.91,-183.09,0
1118,83.33,-186.35,0
1130,90.91,-186.78,0
1141,83.33,-184.11,0
1153,83.33,-180.67,0
1164,90.91,-180.90,0
1175,90.91,-184.31,0
1186,90.91,-188.11,0
1199,76.92,-187.94,0
1210,90.91,-183.97,0
1221,90.91,-181.36,0
1232,90.91,-181.48,0
1244,83.33,-183.73,0
1255,90.91,-186.33,0
1267,83.33,-186.69,0
1278,90.91,-183.56,0
1290,83.33,-179.82,0
1301,90.91,-179.97,0
1312,90.91,-183.79,0
1324,83.33,-187.22,0
1336,83.33,-187.72,0
1347,90.91,-185.11,0
1358,90.91,-180.97,0
1370,83.33,-181.12,0
1381,90.91,-184.06,0
1392,90.91,-187.44,0
1404,83.33,-187.31,0
1416,83.33,-184.25,0
1427,90.91,-180.92,0
1438,90.91,-180.32,0
1449,90.91,-183.20,0
1461,83.33,-186.86,0
1473,83.33,-187.00,0
1484,90.91,-183.82,0
1496,83.33,-180.67,0
1507,90.91,-180.64,0
1518,90.91,-183.75,0
1529,90.91,-187.64,0
1542,76.92,-188.48,0
1553,90.91,-185.19,0
1564,90.91,-181.67,0
1575,90.91,-181.18,0
1587,83.33,-183.28,0
1598,90.91,-185.97,0
1610,83.33,-186.16,0
1622,83.33,-183.11,0
1633,90.91,-179.84,0
1644,90.91,-179.52,0
1655,90.91,-182.43,0
1667,83.33,-186.90,0
1679,83.33,-188.23,0
1690,90.91,-185.36,0
1701,90.91,-182.32,0
1713,83.33,-182.08,0
1724,90.91,-184.02,0
1736,90.91,-187.05,0
1747,83.33,-187.22,0
1759,83.33,-183.54,0
1770,90.91,-180.02,0
1781,90.91,-178.08,0
1793,83.33,-180.91,0
1805,90.91,-185.46,0
1816,83.33,-186.99,0
1827,90.91,-185.10,0
1839,83.33,-182.06,0
1850,90.91,-181.80,0
1861,90.91,-184.74,0
1873,83.33,-188.25,0
1885,83.33,-188.42,0
1896,90.91,-184.28,0
1907,90.91,-179.83,0
1918,90.91,-178.64,0
1930,83.33,-181.07,0
1942,83.33,-184.23,0
1953,90.91,-186.26,0
1965,83.33,-183.89,0
1976,90.91,-181.06,0
1987,90.91,-180.44,0
1998,90.91,-183.65,0
2011,76.92,-188.35,0
2022,90.91,-188.99,0
2033,90.91,-186.11,0
2044,90.91,-181.66,0
2056,83.33,-180.10,0
2067,90.91,-181.62,0
2079,83.33,-184.47,0
2091,83.33,-186.02,0
2102,90.91,-183.44,0
2113,90.91,-180.24,0
2124,90.91,-179.25,0
2136,83.33,-181.89,0
2148,83.33,-186.89,0
2159,90.91,-188.87,0
2170,90.91,-185.58,0
2182,83.33,-181.69,0
2193,90.91,-180.18,0
2204,90.91,-182.25,0
2216,83.33,-185.13,0
2228,83.33,-185.68,0
2239,90.91,-183.81,0
2250,90.91,-180.41,0
2262,83.33,-179.26,0
2273,90.91,-181.86,0
2285,83.33,-185.64,0
2296,90.91,-187.19,0
2308,83.33,-185.48,0
2319,90.91,-181.76,0
2330,90.91,-180.33,0
2341,90.91,-182.27,0
2354,76.92,-186.13,0
2365,90.91,-187.06,0
2376,90.91,-184.77,0
2387,90.91,-181.38,0
2399,83.33,-179.56,0
2411,90.91,-181.89,0
2422,83.33,-185.19,0
2434,83.33,-187.29,0
2445,90.91,-185.28,0
2456,90.91,-181.92,0
2467,90.91,-180.47,0
2480,83.33,-182.81,0
2491,83.33,-186.76,0
2502,90.91,-188.04,0
2513,90.91,-185.89,0
2525,83.33,-182.20,0
2536,90.91,-180.26,0
2548,83.33,-181.96,0
2560,83.33,-185.67,0
2571,90.91,-187.00,0
2582,90.91,-184.87,0
2593,90.91,-181.36,0
2605,83.33,-178.91,0
2617,83.33,-180.89,0
2628,90.91,-185.03,0
2639,90.91,-187.20,0
2651,83.33,-185.99,0
2662,90.91,-182.62,0
2673,90.91,-180.66,0
2685,83.33,-183.33,0
2697,83.33,-186.97,0
2708,90.91,-188.10,0
2719,90.91,-186.04,0
2731,83.33,-182.42,0
2742,90.91,-179.94,0
2754,83.33,-181.10,0
2765,90.91,-184.65,0
2777,83.33,-187.18,0
2788,90.91,-185.30,0
2799,90.91,-181.57,0
2810,90.91,-179.99,0
2823,76.92,-182.08,0
2834,90.91,-186.21,0
2845,90.91,-188.75,0
2856,90.91,-186.66,0
2868,83.33,-183.55,0
2879,90.91,-180.95,0
2891,83.33,-181.61,0
2903,83.33,-184.65,0
2914,90.91,-186.09,0
2925,90.91,-184.48,0
2936,90.91,-180.62,0
2948,83.33,-178.64,0
2960,83.33,-180.82,0
2971,90.91,-185.47,0
2982,90.91,-188.56,0
2994,83.33,-187.52,0
3005,90.91,-183.90,0
3016,90.91,-181.91,0
3028,83.33,-182.65,0
3040,83.33,-185.20,0
3051,90.91,-186.94,0
3062,90.91,-185.42,0
3074,83.33,-181.04,0
3085,90.91,-178.14,0
3097,83.33,-180.36,0
3108,90.91,-184.55,0
3120,83.33,-187.18,0
3131,90.91,-186.97,0
3142,90.91,-184.14,0
3154,90.91,-181.59,0
3166,76.92,-182.78,0
3177,90.91,-186.54,0
3188,90.91,-188.47,0
3200,83.33,-186.09,0
3211,90.91,-181.92,0
3223,90.91,-179.06,0
3234,83.33,-180.14,0
3246,83.33,-183.21,0
3257,90.91,-186.64,0
3268,90.91,-186.58,0
3279,90.91,-184.11,0
3292,83.33,-181.27,0
3303,90.91,-182.48,0
3314,90.91,-186.15,0
3325,90.91,-188.52,0
3337,83.33,-186.54,0
3348,90.91,-181.99,0
3360,83.33,-179.46,0
3372,83.33,-180.10,0
3383,90.91,-183.18,0
3394,90.91,-186.21,0
3405,90.91,-185.51,0
3417,83.33,-182.59,0
3429,83.33,-180.12,0
3440,90.91,-181.49,0
3451,90.91,-185.78,0
3463,83.33,-188.23,0
3474,90.91,-187.41,0
3485,90.91,-182.74,0
3497,83.33,-179.80,0
3509,83.33,-181.12,0
3520,90.91,-183.86,0
3531,90.91,-186.18,0
3543,83.33,-185.79,0
3554,90.91,-182.66,0
3566,83.33,-180.60,0
3577,90.91,-182.26,0
3589,83.33,-185.12,0
3600,90.91,-187.67,0
3611,90.91,-186.42,0
3622,90.91,-182.89,0
3635,76.92,-180.03,0
3646,90.91,-180.71,0
3657,90.91,-184.43,0
3668,90.91,-186.87,0
3680,83.33,-186.07,0
3691,90.91,-182.89,0
3703,83.33,-180.81,0
3715,83.33,-181.95,0
3726,90.91,-184.55,0
3737,90.91,-187.30,0
3748,90.91,-186.48,0
3760,83.33,-182.97,0
3772,83.33,-179.71,0
3783,90.91,-179.81,0
3794,90.91,-183.58,0
3806,83.33,-187.38,0
3817,90.91,-186.77,0
3828,90.91,-183.89,0
3841,76.92,-181.04,0
3852,90.91,-182.51,0
3863,90.91,-185.37,0
3874,90.91,-187.95,0
3886,83.33,-186.75,0
3898,90.91,-181.95,0
3909,83.33,-178.74,0
3920,90.91,-179.01,0
3932,83.33,-182.79,0
3943,90.91,-185.82,0
3954,90.91,-186.13,0
3966,90.91,-183.64,0
3978,83.33,-180.78,0
3989,90.91,-181.83,0
4000,90.91,-186.24,0
4012,83.33,-188.75,0
4023,90.91,-187.49,0
4035,83.33,-183.21,0
4046,90.91,-179.24,0
4058,83.33,-178.82,0
4069,90.91,-182.44,0
4080,90.91,-185.08,0
4091,90.91,-185.33,0
4104,76.92,-182.61,0
4115,90.91,-180.61,0
4126,90.91,-181.56,0
4137,90.91,-185.56,0
4149,83.33,-188.95,0
4160,90.91,-188.58,0
4172,83.33,-184.76,0
4184,83.33,-181.15,0
4195,90.91,-180.61,0
4206,90.91,-183.04,0
4217,90.91,-185.37,0
4229,83.33,-185.21,0
4241,83.33,-181.84,0
4252,90.91,-178.59,0
4263,90.91,-179.40,0
4275,83.33,-184.55,0
4286,90.91,-189.68,0
4297,90.91,-189.86,0
4310,76.92,-186.26,0
4321,90.91,-181.93,0
4332,90.91,-180.85,0
4343,90.91,-183.33,0
4355,83.33,-186.41,0
4366,90.91,-186.03,0
4378,83.33,-181.98,0
4389,90.91,-178.37,0
4401,83.33,-178.61,0
4412,90.91,-182.92,0
4423,90.91,-187.56,0
4434,90.91,-188.09,0
4447,76.92,-185.43,0
4458,90.91,-182.14,0
4469,90.91,-181.70,0
4481,83.33,-184.82,0
4492,90.91,-187.03,0
4504,90.91,-186.26,0
4515,83.33,-182.23,0
4527,83.33,-178.58,0
4538,90.91,-178.76,0
4549,90.91,-181.96,0
4560,90.91,-186.26,0
4573,83.33,-187.70,0
4584,83.33,-184.61,0
4595,90.91,-180.85,0
4606,90.91,-181.00,0
4618,83.33,-184.15,0
4629,90.91,-187.23,0
4641,83.33,-187.52,0
4653,83.33,-183.39,0
4664,90.91,-179.97,0
4675,90.91,-179.91,0
4686,90.91,-182.22,0
4698,83.33,-185.97,0
4710,83.33,-187.51,0
4721,90.91,-184.48,0
4732,90.91,-180.17,0
4744,83.33,-180.13,0
4755,90.91,-182.77,0
4766,90.91,-186.84,0
4779,76.92,-186.66,0
4790,90.91,-184.22,0
4801,90.91,-181.38,0
4812,90.91,-180.83,0
4824,83.33,-183.43,0
4835,90.91,-186.67,0
4847,83.33,-186.75,0
4858,90.91,-183.59,0
4870,83.33,-180.52,0
4881,90.91,-180.12,0
4892,90.91,-182.89,0
4903,90.91,-186.41,0
4916,76.92,-187.37,0
4927,90.91,-184.10,0
4938,90.91,-180.32,0
4950,83.33,-179.80,0
4961,90.91,-182.54,0
4972,90.91,-186.92,0
4984,83.33,-188.18,0
4996,83.33,-184.92,0
5007,90.91,-180.94,0
5018,90.91,-180.37,0
5029,90.91,-182.19,0
5041,83.33,-185.52,0
5053,83.33,-186.31,0
5064,90.91,-183.92,0
5075,90.91,-179.13,0
5087,83.33,-178.20,0
5098,90.91,-181.33,0
5109,90.91,-186.30,0
5122,76.92,-187.17,0
5133,90.91,-185.25,0
5144,90.91,-182.23,0
5155,90.91,-181.73,0
5167,83.33,-183.55,0
5179,90.91,-186.12,0
5190,83.33,-186.75,0
5201,90.91,-183.73,0
5213,83.33,-178.83,0
5224,90.91,-177.85,0
5235,90.91,-180.97,0
5248,90.91,-185.21,0
5259,76.92,-186.83,0
5270,90.91,-184.58,0
5281,90.91,-181.50,0
5293,83.33,-181.53,0
5304,90.91,-184.30,0
5316,83.33,-188.16,0
5327,90.91,-188.70,0
5339,83.33,-185.13,0
5350,90.91,-180.74,0
5361,90.91,-179.03,0
5372,90.91,-180.91,0
5385,76.92,-184.44,0
5396,90.91,-185.39,0
5407,90.91,-184.09,0
5419,83.33,-181.07,0
5430,90.91,-180.99,0
5441,90.91,-184.00,0
5453,83.33,-188.54,0
5465,83.33,-189.97,0
5476,90.91,-186.96,0
5487,90.91,-182.44,0
5498,90.91,-179.92,0
5510,83.33,-180.92,0
5522,83.33,-184.10,0
5533,90.91,-185.56,0
5544,90.91,-183.89,0
5556,83.33,-179.79,0
5567,90.91,-178.95,0
5578,90.91,-182.53,0
5591,76.92,-187.54,0
5602,90.91,-189.66,0
5613,90.91,-187.61,0
5624,90.91,-182.91,0
5636,83.33,-180.87,0
5647,90.91,-182.50,0
5659,83.33,-185.14,0
5670,90.91,-185.87,0
5682,83.33,-183.88,0
5693,90.91,-179.90,0
5704,90.91,-177.73,0
5715,90.91,-181.03,0
5728,76.92,-185.92,0
5739,90.91,-188.43,0
5750,90.91,-187.12,0
5762,83.33,-183.41,0
5773,90.91,-181.42,0
5785,90.91,-183.55,0
5796,83.33,-186.02,0
5808,83.33,-187.29,0
5819,90.91,-185.12,0
5830,90.91,-181.21,0
5841,90.91,-178.41,0
5854,83.33,-179.56,0
5865,83.33,-184.02,0
5876,90.91,-186.75,0
5888,83.33,-186.03,0
5899,90.91,-181.85,0
5910,90.91,-180.27,0
5922,83.33,-182.53,0
5934,83.33,-185.51,0
5945,90.91,-187.59,0
5956,90.91,-185.41,0
5967,90.91,-181.08,0
5979,83.33,-179.20,0
5991,83.33,-180.70,0
6002,90.91,-184.87,0
6013,90.91,-187.34,0
6025,83.33,-185.41,0
6036,90.91,-181.96,0
6047,90.91,-178.91,0
6060,76.92,-181.26,0
6071,90.91,-185.01,0
6082,90.91,-187.70,0
6093,90.91,-186.64,0
6105,83.33,-182.41,0
6116,90.91,-180.56,0
6128,83.33,-181.32,0
6139,90.91,-184.84,0
6151,83.33,-186.65,0
6162,90.91,-185.63,0
6173,90.91,-181.93,0
6184,90.91,-179.12,0
6197,76.92,-180.47,0
6208,90.91,-184.28,0
6219,90.91,-186.87,0
6231,83.33,-186.38,0
6242,90.91,-182.19,0
6253,90.91,-180.25,0
6265,83.33,-181.81,0
6277,83.33,-185.77,0
6288,90.91,-188.32,0
6299,90.91,-186.61,0
6310,90.91,-182.56,0
6322,83.33,-180.23,0
6334,83.33,-180.10,0
6345,90.91,-183.85,0
6356,90.91,-186.94,0
6368,83.33,-185.77,0
6379,90.91,-181.94,0
6391,90.91,-179.36,0
6403,76.92,-180.73,0
6414,90.91,-185.18,0
6425,90.91,-188.26,0
6436,90.91,-187.19,0
6448,83.33,-182.99,0
6460,90.91,-180.29,0
6471,83.33,-181.75,0
6482,90.91,-184.66,0
6494,83.33,-186.55,0
6505,90.91,-185.34,0
6516,90.91,-181.79,0
6529,76.92,-179.29,0
6540,90.91,-179.59,0
6551,90.91,-184.09,0
6562,90.91,-187.46,0
6574,83.33,-187.32,0
6585,90.91,-183.68,0
6597,83.33,-181.09,0
6608,90.91,-182.22,0
6620,83.33,-185.03,0
6631,90.91,-186.87,0
6642,90.91,-186.33,0
6653,90.91,-182.47,0
6666,76.92,-179.59,0
6677,90.91,-179.79,0
6688,90.91,-183.44,0
6700,83.33,-186.75,0
6711,90.91,-186.68,0
6722,90.91,-183.57,0
6734,83.33,-180.44,0
6746,83.33,-181.24,0
6757,90.91,-184.87,0
6768,90.91,-187.57,0
6779,90.91,-186.57,0
6791,83.33,-183.07,0
6803,83.33,-180.07,0
6814,90.91,-180.85,0
6825,90.91,-183.57,0
6837,83.33,-187.16,0
6848,90.91,-186.86,0
6859,90.91,-183.17,0
6872,76.92,-180.06,0
6883,90.91,-180.32,0
6894,90.91,-184.06,0
6905,90.91,-187.46,0
6917,83.33,-186.45,0
6929,90.91,-183.13,0
6940,83.33,-180.04,0
6951,90.91,-180.60,0
6963,83.33,-183.96,0
6974,90.91,-186.85,0
6985,90.91,-186.57,0
6998,90.91,-182.38,0
7009,76.92,-178.88,0
7020,90.91,-179.23,0
7031,90.91,-182.73,0
7043,83.33,-186.42,0
7054,90.91,-186.40,0
7066,90.91,-183.79,0
7077,83.33,-180.92,0
7089,83.33,-180.42,0
7100,90.91,-183.84,0
7111,90.91,-187.47,0
7122,90.91,-186.88,0
7135,76.92,-183.21,0
7146,90.91,-179.30,0
7157,90.91,-179.15,0
7169,83.33,-182.49,0
7180,90.91,-185.50,0
7191,90.91,-185.57,0
7203,83.33,-182.58,0
7215,83.33,-179.41,0
7226,90.91,-179.56,0
7237,90.91,-183.84,0
7248,90.91,-188.07,0
7260,83.33,-188.34,0
7272,83.33,-184.69,0
7283,90.91,-180.73,0
7294,90.91,-180.13,0
7306,83.33,-182.64,0
7317,90.91,-185.82,0
7328,90.91,-185.80,0
7341,76.92,-181.87,0
7352,90.91,-178.06,0
7363,90.91,-178.80,0
7374,90.91,-183.10,0
7386,83.33,-187.18,0
7397,90.91,-188.48,0
7409,83.33,-185.31,0
7420,90.91,-182.33,0
7432,83.33,-182.16,0
7443,90.91,-184.98,0
7454,90.91,-187.15,0
7465,90.91,-186.43,0
7478,76.92,-182.87,0
7489,90.91,-178.25,0
7500,90.91,-178.13,0
7512,83.33,-181.58,0
7523,90.91,-185.93,0
7535,90.91,-187.66,0
7546,83.33,-185.68,0
7558,83.33,-182.92,0
7569,90.91,-182.45,0
7580,90.91,-185.05,0
7591,90.91,-187.91,0
7604,76.92,-187.60,0
7615,90.91,-184.11,0
7626,90.91,-180.79,0
7638,83.33,-179.04,0
7649,90.91,-181.46,0
7660,90.91,-184.75,0
7672,83.33,-186.33,0
7684,83.33,-184.78,0
7695,90.91,-181.30,0
7706,90.91,-181.39,0
7717,90.91,-184.50,0
7729,83.33,-188.41,0
7741,83.33,-188.87,0
7752,90.91,-185.32,0
7763,90.91,-181.25,0
7775,83.33,-179.79,0
7786,90.91,-182.45,0
7797,90.91,-185.62,0
7810,76.92,-186.56,0
7821,90.91,-183.94,0
7832,90.91,-179.71,0
7843,90.91,-179.96,0
7855,83.33,-183.82,0
7866,90.91,-188.42,0
7878,83.33,-189.98,0
7889,90.91,-186.77,0
7901,83.33,-182.17,0
7912,90.91,-180.93,0
7923,90.91,-183.03,0
7934,90.91,-185.86,0
7947,76.92,-186.25,0
7958,90.91,-183.04,0
7969,90.91,-179.82,0
7981,83.33,-179.33,0
7992,90.91,-182.28,0
8004,90.91,-185.50,0
8015,83.33,-187.08,0
8027,83.33,-185.71,0
8038,90.91,-181.99,0
8049,90.91,-180.41,0
8060,90.91,-182.66,0
8073,76.92,-186.10,0
8084,90.91,-187.17,0
8095,90.91,-184.60,0
8107,83.33,-181.26,0
8118,90.91,-179.96,0
8129,90.91,-181.61,0
8141,83.33,-185.04,0
8153,83.33,-186.86,0
8164,90.91,-184.70,0
8175,90.91,-180.55,0
8186,90.91,-179.50,0
8198,83.33,-182.72,0
8210,83.33,-186.86,0
8221,90.91,-188.01,0
8232,90.91,-185.49,0
8244,83.33,-182.00,0
8255,90.91,-180.56,0
8266,90.91,-182.91,0
8279,76.92,-186.61,0
8290,90.91,-187.87,0
8301,90.91,-184.88,0
8312,90.91,-180.02,0
8324,83.33,-178.67,0
8335,90.91,-181.62,0
8347,83.33,-185.49,0
8358,90.91,-187.25,0
8370,83.33,-184.92,0
8381,90.91,-181.75,0
8392,90.91,-180.33,0
8403,90.91,-183.54,0
8416,76.92,-187.04,0
8427,90.91,-187.83,0
8438,90.91,-184.85,0
8450,83.33,-180.69,0
8461,90.91,-178.53,0
8473,90.91,-180.50,0
8484,83.33,-184.54,0
8496,83.33,-186.25,0
8507,90.91,-184.60,0
8518,90.91,-182.14,0
8529,90.91,-180.51,0
8542,83.33,-182.97,0
8553,83.33,-187.02,0
8564,90.91,-188.72,0
8576,83.33,-185.46,0
8587,90.91,-181.64,0
8598,90.91,-179.52,0
8610,83.33,-180.57,0
8622,83.33,-183.70,0
8633,90.91,-185.58,0
8644,90.91,-184.56,0
8655,90.91,-181.16,0
8667,83.33,-179.40,0
8679,83.33,-181.94,0
8690,90.91,-186.49,0
8701,90.91,-188.95,0
8713,83.33,-187.12,0
8724,90.91,-183.55,0
8735,90.91,-180.86,0
8748,76.92,-182.00,0
8759,90.91,-184.81,0
8770,90.91,-185.84,0
8781,90.91,-184.10,0
8793,83.33,-179.91,0
8804,90.91,-178.44,0
8816,83.33,-181.00,0
8827,90.91,-185.34,0
8839,83.33,-187.89,0
8850,90.91,-186.76,0
8861,90.91,-183.12,0
8872,90.91,-181.42,0
8885,76.92,-183.09,0
8896,90.91,-185.97,0
8907,90.91,-186.67,0
8919,83.33,-184.65,0
8930,90.91,-180.73,0
8941,90.91,-178.17,0
8953,83.33,-180.07,0
8965,83.33,-183.95,0
8976,90.91,-186.86,0
8987,90.91,-185.90,0
8998,90.91,-182.31,0
9011,83.33,-180.97,0
9022,83.33,-183.46,0
9033,90.91,-186.46,0
9044,90.91,-188.22,0
9056,83.33,-185.34,0
9067,90.91,-180.99,0
9079,90.91,-179.19,0
9091,76.92,-180.11,0
9102,90.91,-183.62,0
9113,90.91,-185.81,0
9124,90.91,-185.47,0
9136,83.33,-182.10,0
9148,83.33,-179.64,0
9159,90.91,-182.06,0
9170,90.91,-186.70,0
9182,83.33,-189.17,0
9193,90.91,-186.75,0
9204,90.91,-182.57,0
9217,76.92,-179.76,0
9228,90.91,-180.96,0
9239,90.91,-183.69,0
9250,90.91,-185.96,0
9262,83.33,-184.59,0
9273,90.91,-181.11,0
9285,83.33,-179.11,0
9296,90.91,-181.38,0
9308,83.33,-184.93,0
9319,90.91,-188.06,0
9330,90.91,-187.34,0
9341,90.91,-183.31,0
9354,76.92,-180.33,0
9365,90.91,-181.87,0
9376,90.91,-184.59,0
9388,83.33,-186.98,0
9399,90.91,-185.31,0
9410,90.91,-182.18,0
9422,83.33,-180.24,0
9434,83.33,-181.24,0
9445,90.91,-184.93,0
9456,90.91,-187.03,0
9467,90.91,-186.51,0
9479,83.33,-182.82,0
9491,83.33,-179.71,0
9502,90.91,-181.73,0
9513,90.91,-184.73,0
9525,83.33,-187.86,0
9536,90.91,-186.59,0
9548,90.91,-182.51,0
9560,76.92,-180.90,0
9571,90.91,-181.97,0
9582,90.91,-184.74,0
9593,90.91,-187.52,0
9605,83.33,-186.51,0
9617,83.33,-183.09,0
9628,90.91,-179.46,0
9639,90.91,-180.92,0
9651,83.33,-184.24,0
9662,90.91,-187.01,0
9673,90.91,-186.65,0
9686,76.92,-182.71,0
9697,90.91,-180.09,0
9708,90.91,-181.80,0
9719,90.91,-185.49,0
9731,83.33,-187.44,0
9742,90.91,-185.95,0
9754,83.33,-181.96,0
9765,90.91,-178.95,0
9777,83.33,-180.16,0
9788,90.91,-183.92,0
9799,90.91,-186.74,0
9810,90.91,-185.92,0
9823,76.92,-183.10,0
9834,90.91,-180.81,0
9845,90.91,-182.09,0
9857,83.33,-186.15,0
9868,90.91,-188.54,0
9879,90.91,-187.31,0
9891,83.33,-183.40,0
9903,83.33,-179.62,0
9914,90.91,-179.78,0
9925,90.91,-182.42,0
9936,90.91,-186.03,0
9948,83.33,-185.36,0
9960,83.33,-181.93,0
9971,90.91,-179.32,0
9982,90.91,-181.36,0
9994,83.33,-185.99,0
10005,90.91,-189.94,0
10017,90.91,-188.94,0
10029,76.92,-185.05,0
10040,90.91,-181.70,0
10051,90.91,-181.62,0
10062,90.91,-183.54,0
10074,83.33,-185.56,0
10086,83.33,-185.45,0
10097,90.91,-181.61,0
10108,90.91,-178.29,0
10120,83.33,-180.01,0
10131,90.91,-184.61,0
10142,90.91,-188.96,0
10155,76.92,-187.87,0
10166,90.91,-184.57,0
10177,90.91,-181.62,0
10188,90.91,-182.25,0
10200,83.33,-185.06,0
10211,90.91,-186.59,0
10223,83.33,-185.48,0
10234,90.91,-181.87,0
10246,83.33,-178.48,0
10257,90.91,-178.88,0
10268,90.91,-182.54,0
10279,90.91,-186.59,0
10292,76.92,-187.08,0
10303,90.91,-184.19,0
10314,90.91,-181.71,0
10326,83.33,-182.52,0
10337,90.91,-185.66,0
10348,90.91,-187.80,0
10360,83.33,-186.60,0
10372,83.33,-182.56,0
10383,90.91,-179.28,0
10394,90.91,-179.51,0
10405,90.91,-182.74,0
10417,83.33,-185.43,0
10429,83.33,-186.09,0
10440,90.91,-182.94,0
10451,90.91,-179.80,0
10463,83.33,-180.57,0
10474,90.91,-184.81,0
10486,90.91,-188.52,0
10498,76.92,-188.21,0
10509,90.91,-183.37,0
10520,90.91,-180.08,0
10531,90.91,-180.18,0
10543,83.33,-183.27,0
10555,83.33,-186.14,0
10566,90.91,-186.58,0
10577,90.91,-183.10,0
10589,83.33,-179.23,0
10600,90.91,-179.66,0
10611,90.91,-183.63,0
10624,76.92,-187.72,0
10635,90.91,-187.44,0
10646,90.91,-184.12,0
10657,90.91,-181.13,0
10669,83.33,-180.96,0
10680,90.91,-183.65,0
10692,83.33,-187.03,0
10703,90.91,-186.84,0
10715,83.33,-183.34,0
10726,90.91,-180.06,0
10737,90.91,-179.90,0
10748,90.91,-182.93,0
10761,76.92,-185.68,0
10772,90.91,-186.58,0
10783,90.91,-183.97,0
10795,83.33,-180.81,0
10806,90.91,-181.22,0
10817,90.91,-184.75,0
10829,83.33,-187.84,0
10841,83.33,-187.90,0
10852,90.91,-184.17,0
10863,90.91,-180.25,0
10874,90.91,-179.62,0
10886,83.33,-181.95,0
10898,83.33,-185.43,0
10909,90.91,-186.13,0
10920,90.91,-183.60,0
10932,83.33,-180.17,0
10943,90.91,-180.35,0
10955,90.91,-183.70,0
10967,76.92,-187.62,0
10978,90.91,-188.12,0
10989,90.91,-185.21,0
11000,90.91,-181.81,0
11012,83.33,-181.12,0
11024,90.91,-183.15,0
11035,83.33,-185.83,0
11046,90.91,-186.40,0
11058,83.33,-183.17,0
11069,90.91,-179.34,0
11080,90.91,-179.23,0
11092,83.33,-182.28,0
11104,83.33,-186.41,0
11115,90.91,-187.73,0
11126,90.91,-185.12,0
11138,83.33,-181.52,0
11149,90.91,-180.50,0
11161,83.33,-183.73,0
11172,90.91,-187.13,0
11184,83.33,-187.12,0
11195,90.91,-183.50,0
11206,90.91,-179.65,0
11217,90.91,-178.57,0
11230,76.92,-181.71,0
11241,90.91,-185.72,0
11252,90.91,-186.25,0
11264,83.33,-182.98,0
11275,90.91,-180.48,0
11286,90.91,-180.32,0
11298,83.33,-183.19,0
11310,83.33,-187.02,0
11321,90.91,-187.48,0
11332,90.91,-184.19,0
11343,90.91,-180.22,0
11355,83.33,-179.25,0
11367,83.33,-181.79,0
11378,90.91,-184.80,0
11389,90.91,-186.28,0
11401,83.33,-183.26,0
11412,90.91,-179.67,0
11423,90.91,-178.80,0
11436,76.92,-181.80,0
11447,90.91,-186.19,0
11458,90.91,-187.70,0
11469,90.91,-185.07,0
11481,83.33,-181.85,0
11493,90.91,-181.11,0
11504,83.33,-183.54,0
11515,90.91,-185.95,0
11527,83.33,-186.25,0
11538,90.91,-182.96,0
11549,90.91,-178.94,0
11561,83.33,-178.32,0
11573,83.33,-181.85,0
11584,90.91,-185.20,0
11595,90.91,-186.48,0
11607,83.33,-185.20,0
11618,90.91,-181.75,0
11630,83.33,-180.73,0
11641,90.91,-183.69,0
11653,83.33,-187.75,0
11664,90.91,-187.88,0
11675,90.91,-184.82,0
11686,90.91,-180.92,0
11699,76.92,-179.01,0
11710,90.91,-181.10,0
11721,90.91,-185.06,0
11732,90.91,-186.64,0
11744,83.33,-184.70,0
11755,90.91,-181.25,0
11767,83.33,-180.38,0
11779,83.33,-182.93,0
11790,90.91,-187.39,0
11801,90.91,-188.26,0
11812,90.91,-185.39,0
11824,83.33,-181.77,0
11836,83.33,-180.86,0
11847,90.91,-182.95,0
11858,90.91,-185.38,0
11870,83.33,-186.64,0
11881,90.91,-184.51,0
11892,90.91,-180.74,0
11905,76.92,-179.98,0
11916,90.91,-182.89,0
11927,90.91,-186.79,0
11938,90.91,-188.71,0
11950,83.33,-186.75,0
11962,90.91,-183.01,0
11973,83.33,-181.65,0
11984,90.91,-183.50,0
11996,83.33,-185.72,0
12007,90.91,-186.45,0
12018,90.91,-184.28,0
12030,90.91,-181.10,0
12042,76.92,-179.47,0
12053,90.91,-181.62,0
12064,90.91,-185.67,0
12076,83.33,-187.88,0
12087,90.91,-186.32,0
12099,83.33,-182.73,0
12110,90.91,-180.81,0
12122,83.33,-183.17,0
12133,90.91,-187.27,0
12144,90.91,-188.23,0
12155,90.91,-185.56,0
12168,76.92,-181.12,0
12179,90.91,-179.09,0
12190,90.91,-180.87,0
12201,90.91,-184.91,0
12213,83.33,-187.02,0
12224,90.91,-185.05,0
12236,83.33,-181.62,0
12248,83.33,-179.87,0
12259,90.91,-182.32,0
12270,90.91,-185.93,0
12281,90.91,-187.81,0
12293,83.33,-185.34,0
12305,83.33,-182.03,0
12316,90.91,-179.81,0
12327,90.91,-181.82,0
12339,83.33,-184.76,0
12350,90.91,-186.47,0
12361,90.91,-184.53,0
12374,76.92,-180.60,0
12385,90.91,-179.00,0
12396,90.91,-181.47,0
12407,90.91,-185.30,0
12419,83.33,-187.89,0
12430,90.91,-185.38,0
12442,83.33,-181.29,0
12453,90.91,-180.05,0
12465,83.33,-182.10,0
12476,90.91,-185.95,0
12487,90.91,-187.73,0
12499,90.91,-185.37,0
12511,76.92,-180.86,0
12522,90.91,-179.40,0
12533,90.91,-181.01,0
12545,83.33,-184.35,0
12556,90.91,-186.46,0
12568,90.91,-184.81,0
12579,83.33,-180.98,0
12591,83.33,-179.12,0
12602,90.91,-181.82,0
12613,90.91,-185.95,0
12624,90.91,-187.83,0
12637,76.92,-185.25,0
12648,90.91,-181.56,0
12659,90.91,-180.03,0
12670,90.91,-181.48,0
12682,83.33,-185.22,0
12693,90.91,-186.89,0
12705,83.33,-184.88,0
12717,83.33,-181.19,0
12728,90.91,-178.17,0
12739,90.91,-180.46,0
12750,90.91,-185.20,0
12762,83.33,-187.52,0
12774,83.33,-185.75,0
12785,90.91,-182.46,0
12796,90.91,-181.24,0
12808,83.33,-183.32,0
12819,90.91,-186.21,0
12830,90.91,-187.72,0
12843,76.92,-184.87,0
12854,90.91,-181.10,0
12865,90.91,-178.48,0
12876,90.91,-180.10,0
12888,83.33,-184.02,0
12899,90.91,-186.55,0
12911,83.33,-185.42,0
12922,90.91,-181.84,0
12934,83.33,-180.11,0
12945,90.91,-182.47,0
12956,90.91,-186.51,0
12967,90.91,-188.53,0
12980,76.92,-186.85,0
12991,90.91,-182.66,0
13002,90.91,-179.81,0
13014,83.33,-180.80,0
13025,90.91,-183.90,0
13037,90.91,-186.13,0
13048,83.33,-185.08,0
13060,83.33,-182.17,0
13071,90.91,-180.51,0
13082,90.91,-183.03,0
13093,90.91,-186.79,0
13106,76.92,-188.51,0
13117,90.91,-186.72,0
13128,90.91,-182.89,0
13139,90.91,-180.04,0
13151,83.33,-181.15,0
13162,90.91,-183.74,0
13174,83.33,-186.52,0
13186,83.33,-184.62,0
13197,90.91,-181.16,0
13208,90.91,-179.23,0
13219,90.91,-181.00,0
13231,83.33,-185.18,0
13243,83.33,-187.96,0
13254,90.91,-187.09,0
13265,90.91,-183.61,0
13277,83.33,-181.32,0
13288,90.91,-183.01,0
13299,90.91,-185.26,0
13312,76.92,-186.68,0
13323,90.91,-185.31,0
13334,90.91,-180.72,0
13345,90.91,-178.30,0
13357,83.33,-179.97,0
13368,90.91,-183.62,0
13380,83.33,-186.69,0
13391,90.91,-185.71,0
13403,83.33,-182.80,0
13414,90.91,-180.66,0
13425,90.91,-181.73,0
13436,90.91,-185.44,0
13449,76.92,-187.07,0
13460,90.91,-185.66,0
13471,90.91,-181.77,0
13483,83.33,-179.02,0
13494,90.91,-180.44,0
13506,90.91,-183.84,0
13517,83.33,-186.75,0
13529,83.33,-185.39,0
13540,90.91,-181.64,0
13551,90.91,-180.23,0
13562,90.91,-181.60,0
13575,83.33,-184.92,0
13586,83.33,-187.35,0
13597,90.91,-186.21,0
13608,90.91,-183.43,0
13620,83.33,-181.02,0
13631,90.91,-182.17,0
13643,83.33,-184.91,0
13655,83.33,-187.36,0
13666,90.91,-186.22,0
13677,90.91,-182.09,0
13688,90.91,-178.95,0
13700,83.33,-180.67,0
13712,83.33,-183.90,0
13723,90.91,-187.62,0
13734,90.91,-187.31,0
13746,83.33,-183.32,0
13757,90.91,-180.99,0
13768,90.91,-181.78,0
13780,83.33,-186.14,0
13792,83.33,-188.66,0
13803,90.91,-187.60,0
13814,90.91,-183.06,0
13826,83.33,-179.58,0
13837,90.91,-179.79,0
13849,83.33,-182.97,0
13860,90.91,-185.97,0
13872,83.33,-185.77,0
13883,90.91,-182.90,0
13894,90.91,-181.38,0
13905,90.91,-182.70,0
13918,76.92,-186.33,0
13929,90.91,-189.16,0
13940,90.91,-187.68,0
13952,83.33,-183.72,0
13963,90.91,-180.44,0
13974,90.91,-179.98,0
13986,83.33,-183.17,0
13998,83.33,-185.43,0
14009,90.91,-185.83,0
14020,90.91,-182.49,0
14031,90.91,-179.18,0
14044,83.33,-180.26,0
14055,83.33,-184.51,0
14066,90.91,-188.63,0
14077,90.91,-188.62,0
14089,83.33,-184.27,0
14100,90.91,-181.42,0
14112,90.91,-182.16,0
14124,76.92,-184.61,0
14135,90.91,-186.89,0
14146,90.91,-185.58,0
14157,90.91,-182.51,0
14169,83.33,-178.88,0
14181,83.33,-179.12,0
14192,90.91,-183.25,0
14203,90.91,-186.53,0
14215,83.33,-186.83,0
14226,90.91,-184.23,0
14237,90.91,-181.30,0
14249,83.33,-182.02,0
14261,83.33,-185.00,0
14272,90.91,-186.95,0
14283,90.91,-185.92,0
14295,83.33,-182.33,0
14306,90.91,-179.06,0
14318,83.33,-179.11,0
14329,90.91,-182.23,0
14341,83.33,-186.35,0
14352,90.91,-187.06,0
14363,90.91,-184.10,0
14374,90.91,-181.08,0
14387,76.92,-181.44,0
14398,90.91,-185.09,0
14409,90.91,-188.55,0
14420,90.91,-187.55,0
14432,83.33,-183.56,0
14443,90.91,-179.66,0
14455,83.33,-179.17,0
14467,83.33,-182.65,0
14478,90.91,-185.43,0
14489,90.91,-185.65,0
14500,90.91,-182.88,0
14512,83.33,-180.21,0
14524,83.33,-180.61,0
14535,90.91,-184.60,0
14546,90.91,-188.19,0
14558,83.33,-187.84,0
14569,90.91,-184.30,0
14581,90.91,-181.37,0
14593,76.92,-180.67,0
14604,90.91,-183.45,0
14615,90.91,-186.58,0
14626,90.91,-186.19,0
14638,83.33,-182.77,0
14650,83.33,-180.14,0
14661,90.91,-180.53,0
14672,90.91,-183.33,0
14684,83.33,-186.88,0
14695,90.91,-187.38,0
14706,90.91,-184.13,0
14718,83.33,-181.23,0
14730,83.33,-180.99,0
14741,90.91,-183.61,0
14752,90.91,-186.74,0
14764,83.33,-186.62,0
14775,90.91,-183.36,0
14787,83.33,-179.60,0
14798,90.91,-179.06,0
14810,83.33,-182.77,0
14821,90.91,-186.18,0
14832,90.91,-187.01,0
14843,90.91,-183.99,0
14856,76.92,-179.98,0
14867,90.91,-180.20,0
14878,90.91,-183.22,0
14889,90.91,-186.40,0
14901,83.33,-187.19,0
14912,90.91,-184.54,0
14924,83.33,-181.31,0
14936,83.33,-180.94,0
14947,90.91,-183.50,0
14958,90.91,-186.65,0
14969,90.91,-187.17,0
14981,83.33,-184.26,0
14993,83.33,-179.87,0
15004,90.91,-179.55,0
15015,90.91,-182.98,0
15027,83.33,-186.54,0
15038,90.91,-188.43,0
15050,90.91,-186.04,0
15062,76.92,-182.01,0
15073,90.91,-181.24,0
15084,90.91,-183.90,0
15095,90.91,-186.66,0
15107,83.33,-187.15,0
15119,90.91,-183.94,0
15130,83.33,-179.94,0
15141,90.91,-178.69,0
15153,83.33,-181.38,0
15164,90.91,-184.91,0
15175,90.91,-186.97,0
15187,83.33,-185.27,0
15199,83.33,-182.35,0
15210,90.91,-181.82,0
15221,90.91,-184.18,0
15233,83.33,-187.49,0
15244,90.91,-188.12,0
15256,83.33,-185.23,0
15267,90.91,-180.37,0
15279,83.33,-178.83,0
15290,90.91,-181.80,0
15301,90.91,-184.88,0
15312,90.91,-186.36,0
15325,76.92,-184.41,0
15336,90.91,-181.64,0
15347,90.91,-181.21,0
15358,90.91,-184.47,0
15370,83.33,-188.33,0
15381,90.91,-189.44,0
15393,83.33,-186.11,0
15405,83.33,-182.04,0
15416,90.91,-180.56,0
15427,90.91,-182.18,0
15438,90.91,-184.99,0
15450,83.33,-186.43,0
15462,83.33,-183.90,0
15473,90.91,-180.53,0
15484,90.91,-180.32,0
15496,83.33,-183.12,0
15507,90.91,-187.26,0
15519,90.91,-189.13,0
15531,76.92,-186.73,0
15542,90.91,-182.23,0
15553,90.91,-180.42,0
15564,90.91,-183.20,0
15576,83.33,-186.44,0
15588,90.91,-187.09,0
15599,83.33,-184.58,0
15610,90.91,-180.37,0
15622,83.33,-179.25,0
15633,90.91,-181.68,0
15644,90.91,-186.04,0
15656,83.33,-188.00,0
15668,83.33,-185.81,0
15679,90.91,-182.61,0
15690,90.91,-180.66,0
15702,83.33,-183.20,0
15713,90.91,-186.96,0
15725,83.33,-187.80,0
15736,90.91,-185.44,0
15748,83.33,-181.55,0
15759,90.91,-180.02,0
15770,90.91,-182.05,0
15781,90.91,-184.90,0
15794,76.92,-187.58,0
15805,90.91,-185.76,0
15816,90.91,-182.22,0
15827,90.91,-180.52,0
15839,83.33,-181.89,0
15850,90.91,-185.46,0
15862,83.33,-188.18,0
15874,83.33,-185.51,0
15885,90.91,-181.69,0
15896,90.91,-180.63,0
15907,90.91,-182.17,0
15919,83.33,-185.25,0
15931,83.33,-187.21,0
15942,90.91,-184.64,0
15953,90.91,-180.27,0
15965,83.33,-178.59,0
15976,90.91,-181.09,0
15987,90.91,-185.37,0
16000,76.92,-187.44,0
16011,90.91,-185.47,0
16022,90.91,-182.02,0
16033,90.91,-180.75,0
16045,83.33,-182.84,0
16057,90.91,-186.20,0
16068,83.33,-187.68,0
16079,90.91,-185.41,0
16091,83.33,-181.53,0
16102,90.91,-179.39,0
16113,90.91,-181.60,0
16125,90.91,-184.36,0
16137,83.33,-186.43,0
16148,90.91,-185.23,0
16159,90.91,-181.60,0
16171,83.33,-179.81,0
16182,90.91,-182.26,0
16194,83.33,-186.47,0
16205,90.91,-188.80,0
16217,83.33,-186.94,0
16228,90.91,-183.08,0
16239,90.91,-180.24,0
16250,90.91,-181.26,0
16263,76.92,-184.33,0
16274,90.91,-185.93,0
16285,90.91,-184.55,0
16296,90.91,-180.61,0
16308,83.33,-178.91,0
16319,90.91,-181.31,0
16331,83.33,-185.70,0
16343,83.33,-188.65,0
16354,90.91,-187.01,0
16365,90.91,-183.13,0
16376,90.91,-181.11,0
16388,83.33,-182.15,0
16400,83.33,-185.25,0
16411,90.91,-186.70,0
16422,90.91,-184.35,0
16434,83.33,-180.76,0
16445,90.91,-178.32,0
16456,90.91,-180.30,0
16468,83.33,-184.49,0
16480,83.33,-187.07,0
16491,90.91,-186.61,0
16502,90.91,-182.88,0
16514,83.33,-180.69,0
16526,90.91,-182.56,0
16537,83.33,-185.79,0
16548,90.91,-187.72,0
16560,83.33,-186.09,0
16571,90.91,-181.01,0
16582,90.91,-178.80,0
16594,90.91,-180.50,0
16606,76.92,-184.41,0
16617,90.91,-186.96,0
16628,90.91,-186.08,0
16640,83.33,-182.84,0
16651,90.91,-180.58,0
16663,83.33,-182.27,0
16674,90.91,-186.14,0
16686,83.33,-188.84,0
16697,90.91,-186.78,0
16708,90.91,-182.20,0
16719,90.91,-179.81,0
16732,76.92,-180.98,0
16743,90.91,-184.00,0
16754,90.91,-186.12,0
16765,90.91,-184.97,0
16777,83.33,-181.78,0
16788,90.91,-179.44,0
16800,83.33,-181.24,0
16812,83.33,-185.74,0
16823,90.91,-188.45,0
16834,90.91,-187.09,0
16845,90.91,-182.84,0
16857,83.33,-180.75,0
16869,83.33,-182.34,0
16880,90.91,-185.62,0
16891,90.91,-187.91,0
16903,83.33,-185.72,0
16914,90.91,-182.08,0
16925,90.91,-179.93,0
16937,83.33,-180.94,0
16949,83.33,-184.15,0
16960,90.91,-187.35,0
16971,90.91,-186.66,0
16983,83.33,-183.10,0
16995,90.91,-180.55,0
17006,83.33,-181.95,0
17017,90.91,-185.75,0
17029,83.33,-188.03,0
17040,90.91,-186.65,0
17051,90.91,-182.68,0
17063,90.91,-179.82,0
17075,76.92,-180.43,0
17086,90.91,-184.02,0
17097,90.91,-186.82,0
17108,90.91,-185.73,0
17120,83.33,-182.13,0
17132,83.33,-179.49,0
17143,90.91,-180.62,0
17155,83.33,-184.97,0
17166,90.91,-189.25,0
17177,90.91,-187.94,0
17188,90.91,-183.96,0
17201,76.92,-181.05,0
17212,90.91,-181.28,0
17223,90.91,-184.24,0
17234,90.91,-186.72,0
17246,83.33,-186.01,0
17257,90.91,-182.46,0
17269,83.33,-179.39,0
17281,83.33,-180.07,0
17292,90.91,-183.76,0
17303,90.91,-187.61,0
17314,90.91,-187.70,0
17326,83.33,-184.42,0
17338,83.33,-182.29,0
17349,90.91,-181.89,0
17360,90.91,-184.40,0
17372,83.33,-186.62,0
17383,90.91,-185.45,0
17394,90.91,-182.73,0
17406,83.33,-178.80,0
17418,83.33,-179.05,0
17429,90.91,-182.75,0
17440,90.91,-186.10,0
17452,83.33,-186.00,0
17463,90.91,-183.02,0
17475,83.33,-180.31,0
17486,90.91,-181.13,0
17498,83.33,-184.58,0
17509,90.91,-188.24,0
17520,90.91,-187.37,0
17532,90.91,-183.35,0
17544,76.92,-180.07,0
17555,90.91,-179.85,0
17566,90.91,-183.22,0
17577,90.91,-185.92,0
17589,83.33,-186.12,0
17601,83.33,-183.36,0
17612,90.91,-179.36,0
17624,83.33,-179.90,0
17635,90.91,-184.08,0
17646,90.91,-187.58,0
17657,90.91,-187.62,0
17670,76.92,-183.51,0
17681,90.91,-180.90,0
17692,90.91,-181.04,0
17703,90.91,-183.54,0
17715,83.33,-186.26,0
17726,90.91,-185.95,0
17738,83.33,-182.48,0
17750,83.33,-179.23,0
17761,90.91,-179.80,0
17772,90.91,-183.16,0
17783,90.91,-187.04,0
17795,83.33,-187.63,0
17807,83.33,-183.91,0
17818,90.91,-181.08,0
17829,90.91,-181.56,0
17841,83.33,-184.21,0
17852,90.91,-187.11,0
17863,90.91,-186.15,0
17875,83.33,-182.37,0
17887,83.33,-179.51,0
17898,90.91,-179.54,0
17909,90.91,-182.60,0
17921,83.33,-185.69,0
17932,90.91,-186.66,0
17944,83.33,-184.00,0
17955,90.91,-180.80,0
17967,83.33,-180.82,0
17978,90.91,-184.53,0
17989,90.91,-188.25,0
18001,90.91,-187.74,0
18013,76.92,-184.01,0
18024,90.91,-180.88,0
18035,90.91,-180.48,0
18046,90.91,-182.92,0
18058,83.33,-185.67,0
18070,90.91,-185.96,0
18081,90.91,-182.98,0
18093,83.33,-180.27,0
18104,90.91,-180.26,0
18115,90.91,-183.51,0
18126,90.91,-187.74,0
18139,76.92,-188.35,0
18150,90.91,-184.96,0
18161,90.91,-181.22,0
18172,90.91,-181.01,0
18184,83.33,-183.41,0
18195,90.91,-185.91,0
18207,83.33,-186.16,0
18219,83.33,-182.88,0
18230,90.91,-179.38,0
18241,90.91,-178.87,0
18252,90.91,-182.63,0
18264,83.33,-186.43,0
18276,83.33,-187.19,0
18287,90.91,-184.27,0
18298,90.91,-180.84,0
18310,83.33,-180.97,0
18321,90.91,-183.70,0
18332,90.91,-186.69,0
18344,83.33,-186.90,0
18356,83.33,-183.45,0
18367,90.91,-180.06,0
18378,90.91,-179.21,0
18390,83.33,-181.52,0
18401,90.91,-185.77,0
18413,83.33,-187.34,0
18424,90.91,-184.94,0
18436,83.33,-181.24,0
18447,90.91,-180.17,0
18458,90.91,-183.57,0
18469,90.91,-187.33,0
18482,76.92,-187.40,0
18493,90.91,-183.99,0
18504,90.91,-180.45,0
18515,90.91,-180.33,0
18527,83.33,-182.66,0
18539,90.91,-185.50,0
18550,83.33,-186.30,0
18562,83.33,-183.31,0
18573,90.91,-179.43,0
18584,90.91,-179.36,0
18595,90.91,-182.99,0
18608,76.92,-187.03,0
18619,90.91,-188.10,0
18630,90.91,-185.62,0
18641,90.91,-182.08,0
18653,83.33,-180.73,0
18664,90.91,-183.35,0
18676,83.33,-186.46,0
18688,83.33,-186.79,0
18699,90.91,-183.54,0
18710,90.91,-179.62,0
18721,90.91,-179.36,0
18733,83.33,-181.62,0
18745,83.33,-185.55,0
18756,90.91,-187.15,0
18767,90.91,-184.58,0
18779,83.33,-181.40,0
18790,90.91,-181.46,0
18801,90.91,-184.85,0
18813,83.33,-187.72,0
18825,83.33,-187.96,0
18836,90.91,-184.86,0
18847,90.91,-180.66,0
18859,83.33,-179.03,0
18870,90.91,-180.76,0
18882,83.33,-184.86,0
18893,90.91,-186.23,0
18905,83.33,-184.06,0
18916,90.91,-180.24,0
18927,90.91,-180.29,0
18938,90.91,-183.97,0
18951,76.92,-188.21,0
18962,90.91,-189.42,0
18973,90.91,-186.91,0
18984,90.91,-182.69,0
18996,83.33,-180.93,0
19008,90.91,-182.05,0
19019,83.33,-185.40,0
19031,83.33,-186.47,0
19042,90.91,-184.17,0
19053,90.91,-179.94,0
19064,90.91,-179.14,0
19077,76.92,-182.54,0
19088,90.91,-186.87,0
19099,90.91,-189.25,0
19110,90.91,-187.02,0
19122,83.33,-183.12,0
19133,90.91,-181.61,0
19145,83.33,-183.32,0
19156,90.91,-186.32,0
19168,83.33,-186.99,0
19179,90.91,-184.07,0
19190,90.91,-179.78,0
19202,83.33,-178.54,0
19214,83.33,-181.30,0
19225,90.91,-184.94,0
19236,90.91,-187.23,0
19248,83.33,-185.51,0
19259,90.91,-182.37,0
19270,90.91,-180.82,0
19282,83.33,-182.92,0
19294,83.33,-186.99,0
19305,90.91,-187.39,0
19316,90.91,-184.42,0
19328,83.33,-180.24,0
19339,90.91,-178.69,0
19351,83.33,-180.30,0
19362,90.91,-183.98,0
19374,83.33,-186.24,0
19385,90.91,-184.92,0
19396,90.91,-181.13,0
19407,90.91,-179.69,0
19420,76.92,-181.73,0
19431,90.91,-186.22,0
19442,90.91,-187.37,0
19453,90.91,-184.85,0
19465,83.33,-180.97,0
19477,90.91,-179.47,0
19488,83.33,-181.69,0
19500,83.33,-185.00,0
19511,90.91,-186.43,0
19522,90.91,-184.52,0
19533,90.91,-181.23,0
19546,83.33,-179.01,0
19557,83.33,-181.00,0
19568,90.91,-185.90,0
19579,90.91,-188.44,0
19591,83.33,-186.36,0
19602,90.91,-182.26,0
19614,83.33,-180.36,0
19625,90.91,-182.49,0
19637,83.33,-186.13,0
19648,90.91,-187.23,0
19659,90.91,-184.21,0
19671,83.33,-179.98,0
19683,83.33,-178.54,0
19694,90.91,-180.64,0
19705,90.91,-184.49,0
19717,83.33,-187.05,0
19728,90.91,-185.74,0
19739,90.91,-182.32,0
19751,83.33,-181.10,0
19763,83.33,-182.71,0
19774,90.91,-186.08,0
19785,90.91,-188.73,0
19796,90.91,-186.66,0
19808,83.33,-182.40,0
19820,83.33,-180.33,0
19831,90.91,-181.59,0
19843,83.33,-185.23,0
19854,90.91,-187.73,0
19865,90.91,-185.61,0
19876,90.91,-181.68,0
19889,76.92,-179.38,0
19900,90.91,-181.51,0
19911,90.91,-186.34,0
19922,90.91,-188.25,0
19934,83.33,-186.47,0
19945,90.91,-182.83,0
19957,83.33,-180.68,0
19969,83.33,-182.10,0
19980,90.91,-185.78,0
19991,90.91,-187.97,0
20002,90.91,-185.63,0
20015,83.33,-181.31,0
20026,83.33,-179.12,0
20037,90.91,-180.57,0
20048,90.91,-184.60,0
20060,83.33,-187.75,0
20071,90.91,-185.98,0
20083,83.33,-182.45,0
20094,90.91,-181.12,0
20106,83.33,-183.13,0
20117,90.91,-186.49,0
20128,90.91,-188.00,0
20140,83.33,-185.46,0
20152,83.33,-181.16,0
20163,90.91,-178.77,0
20174,90.91,-179.98,0
20186,83.33,-183.53,0
20197,90.91,-185.93,0
20208,90.91,-185.32,0
20220,83.33,-181.92,0
20232,83.33,-179.66,0
20243,90.91,-181.26,0
20254,90.91,-185.15,0
20265,90.91,-187.80,0
20277,83.33,-186.03,0
20289,83.33,-182.25,0
20300,90.91,-180.21,0
20312,83.33,-180.07,0
20323,90.91,-183.14,0
20334,90.91,-185.63,0
20345,90.91,-184.70,0
20358,76.92,-181.26,0
20369,90.91,-178.37,0
20380,90.91,-180.05,0
20391,90.91,-184.52,0
20403,83.33,-187.83,0
20414,90.91,-186.82,0
20426,83.33,-183.01,0
20438,83.33,-180.30,0
20449,90.91,-181.21,0
20460,90.91,-184.14,0
20471,90.91,-186.15,0
20484,83.33,-184.64,0
20495,83.33,-180.96,0
20506,90.91,-178.49,0
20517,90.91,-179.82,0
20529,83.33,-184.28,0
20540,90.91,-187.61,0
20552,90.91,-187.33,0
20563,83.33,-183.54,0
20575,83.33,-180.83,0
20586,90.91,-181.99,0
20597,90.91,-185.48,0
20609,83.33,-187.56,0
20621,83.33,-186.36,0
20632,90.91,-182.01,0
20643,90.91,-179.04,0
20655,83.33,-179.86,0
20666,90.91,-183.84,0
20677,90.91,-186.69,0
20689,83.33,-186.54,0
20701,83.33,-183.93,0
20712,90.91,-181.21,0
20723,90.91,-181.52,0
20734,90.91,-185.69,0
20746,83.33,-188.38,0
20758,83.33,-187.58,0
20769,90.91,-183.36,0
20781,83.33,-179.76,0
20792,90.91,-180.33,0
20803,90.91,-183.49,0
20814,90.91,-186.51,0
20827,76.92,-186.26,0
20838,90.91,-182.98,0
20849,90.91,-180.00,0
20860,90.91,-180.72,0
20872,83.33,-184.67,0
20883,90.91,-187.83,0
20895,83.33,-187.91,0
20907,83.33,-184.23,0
20918,90.91,-180.63,0
20929,90.91,-181.33,0
20940,90.91,-184.05,0
20952,83.33,-186.81,0
20964,83.33,-186.92,0
20975,90.91,-182.49,0
20986,90.91,-178.74,0
20998,83.33,-179.68,0
21009,90.91,-183.64,0
21021,90.91,-186.93,0
21032,83.33,-186.56,0
21044,83.33,-183.51,0
21055,90.91,-180.85,0
21066,90.91,-181.59,0
21078,83.33,-185.03,0
21090,90.91,-187.79,0
21101,83.33,-187.03,0
21112,90.91,-183.06,0
21124,83.33,-179.82,0
21135,90.91,-179.22,0
21146,90.91,-182.64,0
21158,83.33,-185.99,0
21170,83.33,-186.24,0
21181,90.91,-183.09,0
21192,90.91,-180.24,0
21203,90.91,-180.81,0
21215,83.33,-184.45,0
21227,83.33,-188.33,0
21238,90.91,-187.67,0
21250,83.33,-183.74,0
21261,90.91,-180.15,0
21272,90.91,-179.98,0
21283,90.91,-183.21,0
21296,76.92,-185.82,0
21307,90.91,-185.55,0
21318,90.91,-182.59,0
21329,90.91,-179.00,0
21341,83.33,-179.31,0
21352,90.91,-183.54,0
21364,83.33,-187.42,0
21376,83.33,-187.83,0
21387,90.91,-184.85,0
21398,90.91,-182.30,0
21409,90.91,-182.18,0
21421,83.33,-184.17,0
21433,83.33,-186.75,0
21444,90.91,-186.05,0
21455,90.91,-183.14,0
21467,83.33,-179.11,0
21478,90.91,-178.38,0
21489,90.91,-182.17,0
21501,83.33,-186.56,0
21513,83.33,-187.34,0
21524,90.91,-184.57,0
21535,90.91,-181.42,0
21547,83.33,-181.86,0
21559,90.91,-185.21,0
21570,83.33,-187.58,0
21581,90.91,-187.55,0
21593,83.33,-183.80,0
21604,90.91,-179.89,0
21615,90.91,-179.42,0
21627,90.91,-182.01,0
21639,76.92,-185.17,0
21650,90.91,-186.71,0
21661,90.91,-184.49,0
21672,90.91,-180.72,0
21684,83.33,-180.68,0
21696,83.33,-183.74,0
21707,90.91,-188.03,0
21719,83.33,-188.67,0
21730,90.91,-185.04,0
21741,90.91,-181.53,0
21752,90.91,-180.48,0
21765,76.92,-182.89,0
21776,90.91,-185.76,0
21787,90.91,-186.24,0
21798,90.91,-183.75,0
21810,83.33,-180.26,0
21821,90.91,-179.46,0
21833,83.33,-182.96,0
21844,90.91,-186.74,0
21856,83.33,-188.35,0
21867,90.91,-184.85,0
21878,90.91,-181.40,0
21890,83.33,-181.29,0
21902,83.33,-183.78,0
21913,90.91,-187.72,0
21924,90.91,-187.13,0
21936,83.33,-183.23,0
21947,90.91,-179.54,0
21958,90.91,-178.74,0
21970,83.33,-181.66,0
21982,83.33,-185.18,0
21993,90.91,-187.10,0
22004,90.91,-184.12,0
22016,83.33,-180.32,0
22027,90.91,-180.12,0
22039,83.33,-183.70,0
22050,90.91,-187.52,0
22062,83.33,-188.29,0
22073,90.91,-184.15,0
22084,90.91,-180.35,0
22096,90.91,-179.18,0
22108,76.92,-182.34,0
22119,90.91,-185.02,0
22130,90.91,-185.74,0
22141,90.91,-183.71,0
22153,83.33,-180.19,0
22165,90.91,-179.86,0
22176,83.33,-182.80,0
22188,83.33,-186.85,0
22199,90.91,-188.05,0
22210,90.91,-185.63,0
22221,90.91,-182.34,0
22234,76.92,-180.71,0
22245,90.91,-182.80,0
22256,90.91,-185.75,0
22267,90.91,-186.43,0
22279,83.33,-183.18,0
22290,90.91,-179.05,0
22302,83.33,-178.01,0
22313,90.91,-181.10,0
22325,83.33,-185.70,0
22336,90.91,-187.58,0
22347,90.91,-185.56,0
22359,83.33,-182.45,0
22371,83.33,-182.04,0
22382,90.91,-184.09,0
22393,90.91,-186.74,0
22405,83.33,-187.74,0
22416,90.91,-184.20,0
22427,90.91,-180.23,0
22439,83.33,-178.04,0
22451,83.33,-180.33,0
22462,90.91,-183.98,0
22473,90.91,-185.93,0
22484,90.91,-184.97,0
22496,83.33,-181.85,0
22508,83.33,-181.12,0
22519,90.91,-184.00,0
22531,83.33,-187.21,0
22542,90.91,-188.24,0
22553,90.91,-185.15,0
22564,90.91,-180.63,0
22577,76.92,-178.80,0
22588,90.91,-180.42,0
22599,90.91,-183.62,0
22610,90.91,-186.02,0
22622,83.33,-184.18,0
22633,90.91,-180.92,0
22645,83.33,-180.01,0
22657,83.33,-183.16,0
22668,90.91,-187.81,0
22679,90.91,-188.96,0
22690,90.91,-186.24,0
22703,83.33,-181.54,0
22714,83.33,-180.17,0
22725,90.91,-182.35,0
22736,90.91,-185.35,0
22748,83.33,-186.35,0
22759,90.91,-184.31,0
22771,83.33,-180.24,0
22782,90.91,-178.61,0
22794,83.33,-181.36,0
22805,90.91,-186.24,0
22816,90.91,-188.64,0
22828,83.33,-186.36,0
22840,83.33,-182.77,0
22851,90.91,-180.86,0
22862,90.91,-183.27,0
22874,83.33,-186.18,0
22885,90.91,-187.34,0
22896,90.91,-185.08,0
22908,83.33,-181.17,0
22920,83.33,-179.35,0
22931,90.91,-181.19,0
22942,90.91,-185.37,0
22953,90.91,-187.08,0
22965,83.33,-185.71,0
22977,83.33,-182.37,0
22988,90.91,-180.06,0
23000,83.33,-181.84,0
23011,90.91,-185.93,0
23022,90.91,-187.67,0
23033,90.91,-185.13,0
23046,76.92,-181.29,0
23057,90.91,-179.69,0
23068,90.91,-181.56,0
23079,90.91,-185.39,0
23091,83.33,-187.18,0
23102,90.91,-185.00,0
23114,83.33,-181.48,0
23126,83.33,-179.24,0
23137,90.91,-180.59,0
23148,90.91,-184.99,0
23159,90.91,-186.89,0
23171,83.33,-184.80,0
23183,83.33,-181.28,0
23194,90.91,-180.08,0
23205,90.91,-182.69,0
23217,83.33,-185.99,0
23228,90.91,-187.82,0
23240,90.91,-185.46,0
23251,83.33,-180.79,0
23263,83.33,-178.49,0
23274,90.91,-180.04,0
23285,90.91,-183.95,0
23297,83.33,-186.44,0
23309,83.33,-184.76,0
23320,90.91,-181.68,0
23331,90.91,-180.53,0
23343,83.33,-183.45,0
23354,90.91,-187.75,0
23365,90.91,-189.39,0
23377,83.33,-186.53,0
23389,83.33,-182.90,0
23400,90.91,-179.85,0
23411,90.91,-180.55,0
23422,90.91,-183.54,0
23434,83.33,-185.55,0
23446,83.33,-184.04,0
23457,90.91,-180.39,0
23469,83.33,-178.81,0
23480,90.91,-181.21,0
23491,90.91,-186.55,0
23502,90.91,-189.39,0
23515,76.92,-187.68,0
23526,90.91,-182.95,0
23537,90.91,-180.51,0
23548,90.91,-181.82,0
23560,83.33,-184.61,0
23571,90.91,-185.50,0
23583,83.33,-183.36,0
23595,83.33,-179.89,0
23606,90.91,-178.76,0
23617,90.91,-180.86,0
23628,90.91,-185.63,0
23640,83.33,-189.06,0
23652,83.33,-188.15,0
23663,90.91,-184.51,0
23674,90.91,-181.74,0
23686,83.33,-182.80,0
23697,90.91,-185.32,0
23708,90.91,-186.12,0
23720,83.33,-183.98,0
23732,83.33,-179.65,0
23743,90.91,-177.40,0
23754,90.91,-179.74,0
23766,83.33,-183.98,0
23778,90.91,-187.50,0
23789,83.33,-187.77,0
23800,90.91,-184.62,0
23812,83.33,-182.21,0
23823,90.91,-183.53,0
23834,90.91,-186.94,0
23846,90.91,-187.86,0
23858,76.92,-185.53,0
23869,90.91,-181.10,0
23880,90.91,-178.22,0
23891,90.91,-179.29,0
23903,83.33,-182.84,0
23915,83.33,-186.19,0
23926,90.91,-186.13,0
23938,83.33,-183.21,0
23949,90.91,-181.76,0
23960,90.91,-182.04,0
23971,90.91,-186.14,0
23984,76.92,-188.72,0
23995,90.91,-186.53,0
24006,90.91,-182.02,0
24017,90.91,-179.04,0
24029,83.33,-180.85,0
24040,90.91,-183.64,0
24052,83.33,-186.25,0
24064,83.33,-186.04,0
24075,90.91,-182.40,0
24086,90.91,-180.48,0
24097,90.91,-181.86,0
24109,83.33,-185.23,0
24121,83.33,-188.17,0
24132,90.91,-186.38,0
24143,90.91,-182.94,0
24155,83.33,-179.87,0
24166,90.91,-180.80,0
24177,90.91,-184.30,0
24189,83.33,-186.29,0
24201,83.33,-184.86,0
24212,90.91,-181.61,0
24223,90.91,-179.91,0
24235,83.33,-180.84,0
24246,90.91,-184.20,0
24258,83.33,-187.64,0
24269,90.91,-186.81,0
24281,83.33,-182.54,0
24292,90.91,-179.02,0
24303,90.91,-179.80,0
24315,90.91,-184.44,0
24327,76.92,-187.05,0
24338,90.91,-185.72,0
24349,90.91,-182.40,0
24360,90.91,-180.03,0
24372,83.33,-181.49,0
24384,90.91,-184.44,0
24395,83.33,-187.11,0
24407,83.33,-186.44,0
24418,90.91,-182.17,0
24429,90.91,-178.98,0
24440,90.91,-180.13,0
24453,76.92,-183.62,0
24464,90.91,-186.84,0
24475,90.91,-186.43,0
24486,90.91,-183.49,0
24498,83.33,-181.25,0
24509,90.91,-182.35,0
24521,83.33,-186.12,0
24532,90.91,-188.12,0
24544,83.33,-186.88,0
24555,90.91,-182.99,0
24566,90.91,-179.19,0
24578,83.33,-179.32,0
24590,83.33,-182.56,0
24601,90.91,-185.67,0
24612,90.91,-185.58,0
24624,83.33,-182.94,0
24635,90.91,-181.03,0
24646,90.91,-181.99,0
24658,83.33,-186.00,0
24670,83.33,-188.68,0
24681,90.91,-187.22,0
24692,90.91,-183.64,0
24704,83.33,-179.78,0
24715,90.91,-179.07,0
24727,83.33,-181.65,0
24738,90.91,-184.75,0
24750,83.33,-185.04,0
24761,90.91,-182.11,0
24772,90.91,-180.15,0
24783,90.91,-181.95,0
24796,76.92,-185.37,0
24807,90.91,-188.80,0
24818,90.91,-188.50,0
24829,90.91,-185.07,0
24841,83.33,-181.11,0
24853,90.91,-180.43,0
24864,83.33,-182.28,0
24876,83.33,-184.56,0
24887,90.91,-184.29,0
24898,90.91,-181.78,0
24909,90.91,-179.22,0
24922,76.92,-181.16,0
24933,90.91,-185.03,0
24944,90.91,-188.65,0
24955,90.91,-188.78,0
24967,83.33,-185.37,0
24978,90.91,-181.50,0
24990,83.33,-181.42,0
25001,90.91,-183.80,0
25013,83.33,-185.61,0
25024,90.91,-184.67,0
25035,90.91,-181.33,0
25047,83.33,-178.88,0
25059,83.33,-180.00,0
25070,90.91,-183.66,0
25081,90.91,-187.71,0
25093,83.33,-188.11,0
25104,90.91,-185.25,0
25115,90.91,-181.95,0
25127,83.33,-181.19,0
25139,83.33,-183.76,0
25150,90.91,-185.78,0
25161,90.91,-184.77,0
25172,90.91,-181.29,0
25184,83.33,-178.76,0
25196,83.33,-179.71,0
25207,90.91,-183.61,0
25219,83.33,-187.52,0
25230,90.91,-187.60,0
25241,90.91,-184.58,0
25252,90.91,-181.24,0
25265,76.92,-181.04,0
25276,90.91,-184.07,0
25287,90.91,-186.91,0
25298,90.91,-186.38,0
25310,83.33,-183.02,0
25322,90.91,-179.69,0
25333,83.33,-180.19,0
25345,83.33,-184.12,0
25356,90.91,-187.01,0
25367,90.91,-187.33,0
25378,90.91,-184.14,0
25391,83.33,-180.39,0
25402,83.33,-180.13,0
25413,90.91,-183.78,0
25424,90.91,-186.83,0
25436,83.33,-186.53,0
25447,90.91,-184.25,0
25459,83.33,-180.92,0
25470,90.91,-180.89,0
25482,83.33,-184.70,0
25493,90.91,-188.06,0
25504,90.91,-188.45,0
25516,83.33,-184.94,0
25528,83.33,-181.68,0
25539,90.91,-181.07,0
25550,90.91,-182.59,0
25562,83.33,-185.49,0
25573,90.91,-186.83,0
25584,90.91,-183.81,0
25596,83.33,-180.20,0
25608,83.33,-179.87,0
25619,90.91,-184.42,0
25630,90.91,-188.69,0
25641,90.91,-188.44,0
25653,83.33,-184.89,0
25665,83.33,-181.79,0
25676,90.91,-181.24,0
25688,83.33,-183.23,0
25699,90.91,-185.53,0
25710,90.91,-185.87,0
25721,90.91,-183.00,0
25734,76.92,-179.87,0
25745,90.91,-178.96,0
25756,90.91,-182.33,0
25767,90.91,-187.72,0
25779,83.33,-189.02,0
25790,90.91,-185.54,0
25802,83.33,-182.28,0
25814,83.33,-181.55,0
25825,90.91,-183.34,0
25836,90.91,-185.53,0
25847,90.91,-185.79,0
25860,83.33,-182.17,0
25871,83.33,-178.01,0
25882,90.91,-178.15,0
25893,90.91,-181.98,0
25905,83.33,-186.24,0
25916,90.91,-187.61,0
25928,90.91,-185.03,0
25939,90.91,-181.46,0
25951,83.33,-181.41,0
25962,90.91,-184.30,0
25973,90.91,-187.38,0
25985,83.33,-186.50,0
25997,83.33,-183.08,0
26008,90.91,-178.95,0
26019,90.91,-177.81,0
26031,83.33,-181.37,0
26042,90.91,-185.44,0
26053,90.91,-187.48,0
26065,83.33,-185.44,0
26077,83.33,-181.71,0
26088,90.91,-180.95,0
26099,90.91,-184.63,0
26110,90.91,-188.32,0
26122,83.33,-188.46,0
26134,83.33,-183.97,0
26145,90.91,-179.55,0
26157,83.33,-178.59,0
26168,90.91,-180.96,0
26179,90.91,-184.28,0
26190,90.91,-185.34,0
26203,76.92,-183.72,0
26214,90.91,-181.38,0
26225,90.91,-180.84,0
26236,90.91,-183.84,0
26248,83.33,-188.06,0
26259,90.91,-188.24,0
26271,83.33,-184.54,0
26283,83.33,-180.36,0
26294,90.91,-179.05,0
26305,90.91,-181.71,0
26316,90.91,-184.96,0
26328,83.33,-185.29,0
26340,83.33,-183.38,0
26351,90.91,-180.76,0
26362,90.91,-179.69,0
26374,83.33,-182.27,0
26385,90.91,-186.83,0
26397,90.91,-188.45,0
26408,83.33,-185.36,0
26420,83.33,-181.48,0
26431,90.91,-180.22,0
26442,90.91,-182.82,0
26454,83.33,-186.00,0
26466,83.33,-186.48,0
26477,90.91,-183.72,0
26488,90.91,-180.58,0
26500,83.33,-179.82,0
26511,90.91,-183.34,0
26522,90.91,-186.86,0
26534,83.33,-188.26,0
26546,83.33,-186.01,0
26557,90.91,-181.68,0
26568,90.91,-180.15,0
26579,90.91,-182.08,0
26591,83.33,-185.83,0
26603,83.33,-186.58,0
26614,90.91,-183.70,0
26626,83.33,-180.77,0
26637,90.91,-180.28,0
26648,90.91,-182.88,0
26659,90.91,-185.81,0
26672,76.92,-187.11,0
26683,90.91,-184.66,0
26694,90.91,-180.62,0
26705,90.91,-179.40,0
26717,83.33,-181.39,0
26728,90.91,-185.60,0
26740,83.33,-187.18,0
26752,83.33,-184.36,0
26763,90.91,-181.28,0
26774,90.91,-180.61,0
26785,90.91,-183.04,0
26797,83.33,-186.87,0
26809,83.33,-187.73,0
26820,90.91,-185.38,0
26831,90.91,-181.61,0
26843,83.33,-179.49,0
26854,90.91,-181.65,0
26866,90.91,-185.19,0
26877,83.33,-186.52,0
26889,83.33,-184.78,0
26900,90.91,-181.09,0
26911,90.91,-179.88,0
26923,83.33,-183.42,0
26935,90.91,-187.70,0
26946,83.33,-188.76,0
26957,90.91,-185.51,0
26969,83.33,-180.56,0
26980,90.91,-179.30,0
26991,90.91,-181.42,0
27003,83.33,-184.12,0
27015,83.33,-185.21,0
27026,90.91,-183.91,0
27037,90.91,-180.97,0
27048,90.91,-179.97,0
27060,83.33,-183.44,0
27072,83.33,-187.71,0
27083,90.91,-189.36,0
27095,83.33,-186.45,0
27106,90.91,-182.15,0
27117,90.91,-180.88,0
27128,90.91,-181.91,0
27141,76.92,-183.89,0
27152,90.91,-184.74,0
27163,90.91,-182.70,0
27174,90.91,-179.84,0
27186,83.33,-178.89,0
27197,90.91,-181.61,0
27209,83.33,-186.07,0
27220,90.91,-188.70,0
27232,83.33,-186.92,0
27243,90.91,-183.30,0
27254,90.91,-181.45,0
27266,83.33,-183.26,0
27278,83.33,-185.53,0
27289,90.91,-185.99,0
27300,90.91,-182.66,0
27312,83.33,-178.55,0
27323,90.91,-177.37,0
27334,90.91,-180.23,0
27346,83.33,-184.75,0
27358,83.33,-187.85,0
27369,90.91,-187.32,0
27380,90.91,-184.71,0
27392,83.33,-182.82,0
27404,90.91,-184.37,0
27415,83.33,-186.64,0
27426,90.91,-186.98,0
27438,83.33,-184.17,0
27449,90.91,-179.95,0
27460,90.91,-178.21,0
27472,83.33,-179.52,0
27484,83.33,-183.19,0
27495,90.91,-186.51,0
27506,90.91,-185.69,0
27517,90.91,-182.36,0
27529,83.33,-181.72,0
27541,83.33,-183.69,0
27552,90.91,-187.36,0
27564,83.33,-188.71,0
27575,90.91,-185.69,0
27586,90.91,-181.53,0
27597,90.91,-179.24,0
27610,76.92,-180.55,0
27621,90.91,-183.89,0
27632,90.91,-185.86,0
27643,90.91,-184.61,0
27655,83.33,-181.40,0
27666,90.91,-180.69,0
27678,83.33,-182.70,0
27689,90.91,-186.60,0
27701,83.33,-188.36,0
27712,90.91,-186.07,0
27723,90.91,-181.94,0
27735,83.33,-179.62,0
27747,83.33,-181.63,0
27758,90.91,-185.30,0
27769,90.91,-186.70,0
27781,83.33,-184.98,0
27792,90.91,-181.38,0
27803,90.91,-179.16,0
27815,83.33,-181.79,0
27827,83.33,-185.33,0
27838,90.91,-187.33,0
27849,90.91,-186.05,0
27860,90.91,-182.40,0
27873,83.33,-180.01,0
27884,83.33,-182.00,0
27895,90.91,-185.86,0
27907,83.33,-187.59,0
27918,90.91,-185.85,0
27929,90.91,-182.45,0
27941,90.91,-179.89,0
27953,76.92,-181.35,0
27964,90.91,-184.50,0
27975,90.91,-186.80,0
27986,90.91,-185.51,0
27998,83.33,-181.49,0
28010,83.33,-179.13,0
28021,90.91,-181.47,0
28033,83.33,-185.47,0
28044,90.91,-187.88,0
28055,90.91,-186.06,0
28066,90.91,-182.26,0
28079,76.92,-180.30,0
28090,90.91,-182.23,0
28101,90.91,-184.93,0
28112,90.91,-186.66,0
28124,83.33,-185.02,0
28135,90.91,-180.53,0
28147,83.33,-178.28,0
28158,90.91,-180.41,0
28170,83.33,-184.51,0
28181,90.91,-186.87,0
28192,90.91,-186.57,0
28204,83.33,-182.86,0
28216,83.33,-180.94,0
28227,90.91,-182.53,0
28238,90.91,-185.70,0
28250,83.33,-187.78,0
28261,90.91,-185.64,0
28272,90.91,-181.36,0
28284,83.33,-178.29,0
28296,83.33,-179.33,0
28307,90.91,-182.46,0
28318,90.91,-185.51,0
28329,90.91,-185.21,0
28341,83.33,-182.38,0
28353,83.33,-180.94,0
28364,90.91,-182.91,0
28376,83.33,-186.79,0
28387,90.91,-188.77,0
28398,90.91,-186.70,0
28410,90.91,-181.79,0
28422,76.92,-178.44,0
28433,90.91,-178.98,0
28444,90.91,-181.83,0
28455,90.91,-184.46,0
28467,83.33,-184.71,0
28479,90.91,-181.89,0
28490,83.33,-180.05,0
28502,83.33,-181.85,0
28513,90.91,-186.56,0
28524,90.91,-188.86,0
28535,90.91,-187.80,0
28548,76.92,-183.86,0
28559,90.91,-180.42,0
28570,90.91,-180.55,0
28581,90.91,-182.80,0
28593,83.33,-184.97,0
28604,90.91,-183.82,0
28616,83.33,-180.79,0
28627,90.91,-178.63,0
28639,83.33,-180.51,0
28650,90.91,-184.30,0
28661,90.91,-187.92,0
28673,83.33,-187.51,0
28685,83.33,-183.94,0
28696,90.91,-180.61,0
28707,90.91,-181.16,0
28719,83.33,-184.40,0
28730,90.91,-186.00,0
28741,90.91,-184.59,0
28753,83.33,-180.72,0
28765,83.33,-178.39,0
28776,90.91,-179.95,0
28787,90.91,-183.85,0
28798,90.91,-187.18,0
28810,83.33,-187.21,0
28822,83.33,-184.27,0
28833,90.91,-181.72,0
28845,83.33,-182.63,0
28856,90.91,-185.88,0
28867,90.91,-188.36,0
28878,90.91,-186.20,0
28891,76.92,-181.61,0
28902,90.91,-178.72,0
28913,90.91,-179.58,0
28924,90.91,-183.46,0
28936,83.33,-186.67,0
28947,90.91,-187.49,0
28959,83.33,-183.98,0
28971,83.33,-180.92,0
28982,90.91,-181.20,0
28993,90.91,-184.88,0
29004,90.91,-188.15,0
29017,83.33,-187.08,0
29028,83.33,-183.46,0
29039,90.91,-179.44,0
29050,90.91,-180.25,0
29062,83.33,-183.64,0
29073,90.91,-186.67,0
29085,83.33,-186.22,0
29096,90.91,-183.33,0
29108,83.33,-179.59,0
29119,90.91,-180.25,0
29130,90.91,-183.00,0
29142,83.33,-186.50,0
29154,83.33,-186.24,0
29165,90.91,-182.39,0
29176,90.91,-178.93,0
29188,83.33,-179.72,0
29199,90.91,-183.72,0
29210,90.91,-186.55,0
29222,83.33,-186.82,0
29234,83.33,-183.30,0
29245,90.91,-179.56,0
29256,90.91,-180.24,0
29267,90.91,-182.86,0
29279,83.33,-185.25,0
29291,83.33,-185.75,0
29302,90.91,-182.25,0
29314,83.33,-179.16,0
29325,90.91,-180.48,0
29336,90.91,-184.25,0
29347,90.91,-188.24,0
29360,76.92,-187.66,0
29371,90.91,-184.91,0
29382,90.91,-181.44,0
29393,90.91,-180.98,0
29405,83.33,-183.31,0
29416,90.91,-185.86,0
29428,83.33,-185.33,0
29440,83.33,-182.48,0
29451,90.91,-179.26,0
29462,90.91,-180.05,0
29473,90.91,-183.72,0
29486,83.33,-187.87,0
29497,83.33,-189.20,0
29508,90.91,-185.60,0
29519,90.91,-182.21,0
29531,83.33,-181.70,0
29542,90.91,-184.40,0
29554,83.33,-187.14,0
29565,90.91,-186.10,0
29577,83.33,-182.51,0
29588,90.91,-179.14,0
29599,90.91,-178.54,0
29611,83.33,-182.80,0
29623,83.33,-187.33,0
29634,90.91,-187.72,0
29645,90.91,-185.12,0
29657,83.33,-181.86,0
29668,90.91,-182.39,0
29679,90.91,-185.08,0
29691,83.33,-187.92,0
29703,83.33,-187.24,0
29714,90.91,-182.09,0
29725,90.91,-177.98,0
29736,90.91,-177.98,0
29748,83.33,-181.03,0
29760,83.33,-185.12,0
29771,90.91,-185.88,0
29783,83.33,-183.12,0
29794,90.91,-180.85,0
29805,90.91,-181.17,0
29816,90.91,-184.67,0
29829,76.92,-188.11,0
29840,90.91,-187.79,0
29851,90.91,-183.75,0
29862,90.91,-179.63,0
29874,83.33,-179.74,0
29885,90.91,-181.81,0
29897,83.33,-184.76,0
29908,90.91,-185.85,0
29920,83.33,-183.06,0
29931,90.91,-180.70,0
29942,90.91,-180.72,0
29955,83.33,-183.96,0
29966,83.33,-187.86,0
29977,90.91,-188.14,0
29988,90.91,-185.22,0
30000,83.33,-181.14,0
30011,90.91,-180.19,0
30023,90.91,-183.45,0
30034,83.33,-186.26,0
30046,83.33,-185.90,0
30057,90.91,-183.23,0
30068,90.91,-178.80,0
30080,83.33,-178.99,0
30092,83.33,-182.47,0
30103,90.91,-186.24,0
30114,90.91,-187.51,0
30126,83.33,-184.80,0
30137,90.91,-180.81,0
30148,90.91,-179.65,0
30160,83.33,-182.61,0
30172,83.33,-185.91,0
30183,90.91,-185.62,0
30194,90.91,-182.97,0
30205,90.91,-179.87,0
30217,83.33,-179.30,0
30229,83.33,-181.67,0
30240,90.91,-185.49,0
30252,83.33,-187.10,0
30263,90.91,-184.64,0
30274,90.91,-181.08,0
30285,90.91,-180.06,0
30298,76.92,-182.71,0
30309,90.91,-186.34,0
30320,90.91,-187.53,0
30331,90.91,-183.74,0
30343,83.33,-180.40,0
30354,90.91,-179.78,0
30366,83.33,-182.29,0
30377,90.91,-185.30,0
30389,83.33,-187.15,0
30400,90.91,-184.18,0
30411,90.91,-180.18,0
30423,83.33,-179.43,0
30435,83.33,-181.78,0
30446,90.91,-185.42,0
30457,90.91,-187.21,0
30469,83.33,-185.14,0
30480,90.91,-181.99,0
30491,90.91,-181.30,0
30503,83.33,-184.11,0
30515,83.33,-186.63,0
30526,90.91,-187.77,0
30537,90.91,-185.00,0
30548,90.91,-180.95,0
30561,83.33,-179.54,0
30572,83.33,-181.55,0
30583,90.91,-184.76,0
30595,83.33,-186.04,0
30606,90.91,-184.65,0
30617,90.91,-181.41,0
30629,83.33,-180.45,0
30641,83.33,-183.45,0
30652,90.91,-187.30,0
30663,90.91,-188.43,0
30674,90.91,-185.51,0
30686,83.33,-181.27,0
30698,83.33,-180.17,0
30709,90.91,-181.63,0
30721,83.33,-185.00,0
30732,90.91,-186.94,0
30743,90.91,-184.50,0
30754,90.91,-180.61,0
30767,76.92,-179.25,0
30778,90.91,-181.88,0
30789,90.91,-187.30,0
30800,90.91,-188.77,0
30812,83.33,-185.52,0
30823,90.91,-182.27,0
30835,83.33,-180.30,0
30846,90.91,-181.93,0
30858,83.33,-184.67,0
30869,90.91,-186.03,0
30880,90.91,-183.20,0
30892,83.33,-179.77,0
30904,83.33,-178.87,0
30915,90.91,-181.75,0
30926,90.91,-186.40,0
30938,83.33,-188.81,0
30949,90.91,-186.52,0
30960,90.91,-183.02,0
30972,83.33,-181.31,0
30984,83.33,-183.08,0
30995,90.91,-185.48,0
31006,90.91,-186.10,0
31017,90.91,-183.38,0
31030,83.33,-179.31,0
31041,83.33,-179.00,0
31052,90.91,-181.53,0
31064,83.33,-185.68,0
31075,90.91,-187.58,0
31086,90.91,-186.13,0
31098,83.33,-182.25,0
31110,83.33,-180.69,0
31121,90.91,-182.25,0
31132,90.91,-186.35,0
31143,90.91,-187.33,0
31155,83.33,-184.22,0
31167,83.33,-180.65,0
31178,90.91,-179.38,0
31190,83.33,-181.18,0
31201,90.91,-184.95,0
31212,90.91,-187.25,0
31223,90.91,-185.81,0
31236,76.92,-182.39,0
31247,90.91,-180.42,0
31258,90.91,-182.05,0
31269,90.91,-185.97,0
31281,83.33,-187.18,0
31292,90.91,-185.22,0
31304,83.33,-181.50,0
31315,90.91,-179.42,0
31327,83.33,-181.80,0
31338,90.91,-185.67,0
31349,90.91,-187.06,0
31361,83.33,-185.38,0
31373,83.33,-181.56,0
31384,90.91,-179.36,0
31395,90.91,-181.60,0
31407,83.33,-185.18,0
31418,90.91,-187.73,0
31430,90.91,-186.03,0
31441,83.33,-181.73,0
31453,83.33,-179.61,0
31464,90.91,-182.29,0
31475,90.91,-186.02,0
31486,90.91,-187.40,0
31499,83.33,-186.16,0
31510,83.33,-182.19,0
31521,90.91,-179.73,0
31533,83.33,-181.12,0
31544,90.91,-184.43,0
31555,90.91,-186.54,0
31567,83.33,-184.50,0
31579,83.33,-181.05,0
31590,90.91,-179.33,0
31601,90.91,-180.84,0
31612,90.91,-185.17,0
31624,83.33,-188.30,0
31636,83.33,-186.40,0
31647,90.91,-183.05,0
31659,83.33,-180.90,0
31670,90.91,-181.48,0
31681,90.91,-184.33,0
31692,90.91,-186.50,0
31705,76.92,-185.10,0
31716,90.91,-180.98,0
31727,90.91,-178.20,0
31738,90.91,-180.05,0
31750,83.33,-184.60,0
31761,90.91,-187.91,0
31773,83.33,-187.12,0
31784,90.91,-183.58,0
31796,83.33,-182.24,0
31807,90.91,-183.67,0
31818,90.91,-186.40,0
31830,83.33,-187.21,0
31842,83.33,-185.31,0
31853,90.91,-180.73,0
31864,90.91,-177.70,0
31876,83.33,-178.98,0
31887,90.91,-182.70,0
31899,90.91,-186.34,0
31910,83.33,-185.89,0
31922,83.33,-182.73,0
31933,90.91,-180.76,0
31944,90.91,-182.91,0
31955,90.91,-187.40,0
31968,83.33,-189.35,0
31979,83.33,-186.22,0
31990,90.91,-180.98,0
32002,83.33,-178.17,0
32013,90.91,-179.09,0
32024,90.91,-181.93,0
32036,83.33,-184.68,0
32048,83.33,-185.22,0
32059,90.91,-182.64,0
32070,90.91,-180.49,0
32081,90.91,-182.62,0
32093,83.33,-187.16,0
32105,83.33,-189.85,0
32116,90.91,-187.52,0
32128,83.33,-182.78,0
32139,90.91,-179.21,0
32150,90.91,-179.56,0
32161,90.91,-182.56,0
32174,76.92,-184.90,0
32185,90.91,-184.17,0
32196,90.91,-181.30,0
32207,90.91,-178.90,0
32219,83.33,-181.00,0
32230,90.91,-185.82,0
32242,83.33,-189.45,0
32253,90.91,-188.93,0
32265,83.33,-184.09,0
32276,90.91,-180.09,0
32287,90.91,-180.43,0
32299,83.33,-183.05,0
32311,83.33,-184.96,0
32322,90.91,-183.57,0
32333,90.91,-180.39,0
32345,83.33,-178.92,0
32356,90.91,-180.24,0
32367,90.91,-183.85,0
32379,83.33,-187.94,0
32391,83.33,-187.99,0
32402,90.91,-184.76,0
32413,90.91,-181.17,0
32424,90.91,-181.36,0
32436,83.33,-184.26,0
32448,83.33,-186.23,0
32459,90.91,-185.17,0
32471,83.33,-181.11,0
32482,90.91,-178.40,0
32493,90.91,-178.91,0
32505,90.91,-183.64,0
32517,76.92,-187.32,0
32528,90.91,-187.69,0
32539,90.91,-184.56,0
32550,90.91,-181.24,0
32562,83.33,-181.48,0
32574,83.33,-184.65,0
32585,90.91,-186.46,0
32596,90.91,-185.61,0
32608,83.33,-181.61,0
32619,90.91,-178.65,0
32630,90.91,-179.84,0
32643,76.92,-183.66,0
32654,90.91,-187.33,0
32665,90.91,-187.23,0
32676,90.91,-183.71,0
32688,83.33,-180.30,0
32699,90.91,-180.31,0
32711,83.33,-184.21,0
32722,90.91,-187.74,0
32734,83.33,-187.18,0
32745,90.91,-182.98,0
32756,90.91,-179.88,0
32768,83.33,-180.87,0
32780,83.33,-184.82,0
32791,90.91,-187.51,0
32802,90.91,-187.15,0
32814,83.33,-184.34,0
32825,90.91,-180.44,0
32836,90.91,-180.12,0
32848,83.33,-182.40,0
32860,83.33,-185.44,0
32871,90.91,-186.28,0
32882,90.91,-182.63,0
32893,90.91,-180.29,0
32905,83.33,-181.46,0
32917,83.33,-185.58,0
32928,90.91,-188.87,0
32940,83.33,-188.36,0
32951,90.91,-183.89,0
32962,90.91,-180.74,0
32973,90.91,-180.58,0
32986,76.92,-182.82,0
32997,90.91,-185.22,0
33008,90.91,-185.22,0
33019,90.91,-181.69,0
33031,83.33,-178.70,0
33042,90.91,-179.61,0
33054,83.33,-184.22,0
33065,90.91,-188.95,0
33077,83.33,-188.66,0
33088,90.91,-185.36,0
33099,90.91,-182.30,0
33112,83.33,-181.77,0
33123,83.33,-183.70,0
33134,90.91,-186.17,0
33145,90.91,-184.81,0
33157,83.33,-181.01,0
33168,90.91,-178.16,0
33180,83.33,-178.08,0
33191,90.91,-181.78,0
33203,83.33,-186.25,0
33214,90.91,-188.03,0
33225,90.91,-185.68,0
33236,90.91,-182.75,0
33249,76.92,-182.52,0
33260,90.91,-184.74,0
33271,90.91,-186.71,0
33283,83.33,-185.80,0
33294,90.91,-181.94,0
33305,90.91,-178.08,0
33317,83.33,-177.98,0
33329,83.33,-180.78,0
33340,90.91,-185.53,0
33351,90.91,-186.71,0
33362,90.91,-184.44,0
33374,83.33,-181.56,0
33386,83.33,-182.07,0
33397,90.91,-185.09,0
33409,83.33,-187.91,0
33420,90.91,-187.42,0
33431,90.91,-183.53,0
33442,90.91,-179.27,0
33455,76.92,-178.10,0
33466,90.91,-180.74,0
33477,90.91,-184.33,0
33488,90.91,-185.83,0
33500,83.33,-183.55,0
33512,90.91,-181.01,0
33523,83.33,-181.88,0
33534,90.91,-185.34,0
33546,83.33,-187.97,0
33557,90.91,-187.62,0
33568,90.91,-184.26,0
33581,83.33,-180.01,0
33592,83.33,-179.88,0
33603,90.91,-182.13,0
33614,90.91,-184.83,0
33626,83.33,-185.79,0
33637,90.91,-183.18,0
33649,83.33,-179.89,0
33660,90.91,-180.52,0
33672,83.33,-183.87,0
33683,90.91,-187.90,0
33694,90.91,-188.12,0
33705,90.91,-184.99,0
33718,76.92,-181.05,0
33729,90.91,-180.30,0
33740,90.91,-183.11,0
33752,83.33,-185.82,0
33763,90.91,-186.02,0
33774,90.91,-183.36,0
33786,83.33,-180.53,0
33798,83.33,-179.94,0
33809,90.91,-182.91,0
33820,90.91,-186.48,0
33831,90.91,-187.14,0
33843,83.33,-184.68,0
33855,83.33,-181.09,0
33866,90.91,-180.22,0
33878,83.33,-182.63,0
33889,90.91,-186.51,0
33900,90.91,-187.19,0
33911,90.91,-184.58,0
33924,76.92,-180.86,0
33935,90.91,-179.99,0
33946,90.91,-182.26,0
33957,90.91,-185.81,0
33969,83.33,-187.31,0
33980,90.91,-184.82,0
33992,83.33,-180.46,0
34003,90.91,-179.59,0
34015,83.33,-182.17,0
34026,90.91,-185.83,0
34037,90.91,-186.95,0
34050,83.33,-184.69,0
34061,83.33,-182.06,0
34072,90.91,-180.89,0
34083,90.91,-183.42,0
34095,83.33,-186.58,0
34106,90.91,-187.28,0
34118,83.33,-184.63,0
34129,90.91,-179.70,0
34141,83.33,-178.43,0
34152,90.91,-180.84,0
34163,90.91,-184.24,0
34174,90.91,-186.60,0
34187,76.92,-184.48,0
34198,90.91,-181.16,0
34209,90.91,-181.31,0
34221,83.33,-183.45,0
34232,90.91,-186.97,0
34243,90.91,-187.04,0
34255,83.33,-183.97,0
34267,83.33,-180.00,0
34278,90.91,-178.18,0
34289,90.91,-180.57,0
34300,90.91,-184.16,0
34312,83.33,-185.97,0
34324,83.33,-184.48,0
34335,90.91,-180.47,0
34347,83.33,-179.41,0
34358,90.91,-183.16,0
34369,90.91,-187.29,0
34380,90.91,-188.69,0
34393,76.92,-185.46,0
34404,90.91,-181.44,0
34415,90.91,-179.96,0
34426,90.91,-181.31,0
34438,83.33,-184.43,0
34449,90.91,-185.48,0
34461,83.33,-182.70,0
34472,90.91,-179.94,0
34484,83.33,-179.37,0
34495,90.91,-182.88,0
34506,90.91,-187.37,0
34519,83.33,-190.01,0
34530,83.33,-187.70,0
34541,90.91,-183.30,0
34552,90.91,-181.53,0
34564,83.33,-182.41,0
34575,90.91,-185.05,0
34587,83.33,-185.58,0
34598,90.91,-183.14,0
34610,83.33,-179.35,0
34621,90.91,-178.58,0
34632,90.91,-181.90,0
34643,90.91,-186.10,0
34656,76.92,-187.93,0
34667,90.91,-186.25,0
34678,90.91,-183.09,0
34690,83.33,-181.49,0
34701,90.91,-183.71,0
34712,90.91,-186.32,0
34724,83.33,-186.70,0
34736,83.33,-183.88,0
34747,90.91,-180.22,0
34758,90.91,-179.01,0
34769,90.91,-180.64,0
34781,83.33,-184.83,0
34793,83.33,-187.70,0
34804,90.91,-186.22,0
34816,83.33,-181.95,0
34827,90.91,-180.46,0
34838,90.91,-182.98,0
34849,90.91,-186.66,0
34862,76.92,-187.53,0
34873,90.91,-184.56,0
34884,90.91,-180.74,0
34895,90.91,-179.30,0
34907,83.33,-181.40,0
34918,90.91,-184.98,0
34930,83.33,-186.76,0
34941,90.91,-185.25,0
34953,83.33,-181.84,0
34964,90.91,-179.57,0
34975,90.91,-181.57,0
34987,83.33,-185.49,0
34999,83.33,-187.58,0
35010,90.91,-185.97,0
35021,90.91,-181.97,0
35033,83.33,-179.76,0
35044,90.91,-182.21,0
35056,90.91,-185.83,0
35067,83.33,-187.55,0
35079,83.33,-185.20,0
35090,90.91,-181.58,0
35101,90.91,-180.03,0
35112,90.91,-181.60,0
35125,76.92,-185.08,0
35136,90.91,-187.48,0
35147,90.91,-185.47,0
35159,83.33,-181.95,0
35170,90.91,-180.08,0
35181,90.91,-182.19,0
35193,83.33,-186.09,0
35205,83.33,-188.07,0
35216,90.91,-186.48,0
35227,90.91,-182.79,0
35238,90.91,-180.79,0
35250,83.33,-181.45,0
35262,83.33,-184.57,0
35273,90.91,-186.51,0
35284,90.91,-184.76,0
35296,83.33,-181.26,0
35307,90.91,-179.69,0
35318,90.91,-181.53,0
35331,76.92,-185.55,0
35342,90.91,-188.65,0
35353,90.91,-187.43,0
35364,90.91,-183.00,0
35376,83.33,-180.55,0
35387,90.91,-182.24,0
35399,83.33,-185.01,0
35410,90.91,-186.88,0
35422,83.33,-185.17,0
35433,90.91,-181.09,0
35444,90.91,-178.45,0
35456,83.33,-179.48,0
35468,83.33,-183.73,0
35479,90.91,-187.49,0
35490,90.91,-186.34,0
35502,83.33,-183.54,0
35513,90.91,-181.14,0
35524,90.91,-182.21,0
35536,83.33,-185.79,0
35548,83.33,-187.95,0
35559,90.91,-185.72,0
35570,90.91,-181.35,0
35581,90.91,-178.30,0
35594,83.33,-179.35,0
35605,83.33,-183.01,0
35616,90.91,-186.08,0
35628,83.33,-185.37,0
35639,90.91,-182.74,0
35650,90.91,-181.01,0
35662,90.91,-182.59,0
35674,76.92,-186.88,0
35685,90.91,-189.63,0
35696,90.91,-187.40,0
35707,90.91,-182.82,0
35719,83.33,-179.13,0
35731,83.33,-179.66,0
35742,90.91,-182.42,0
35753,90.91,-185.36,0
35765,83.33,-185.50,0
35776,90.91,-183.08,0
35787,90.91,-180.77,0
35800,76.92,-181.96,0
35811,90.91,-186.12,0
35822,90.91,-189.24,0
35833,90.91,-187.97,0
35845,83.33,-183.61,0
35856,90.91,-180.35,0
35868,83.33,-180.93,0
35879,90.91,-183.31,0
35891,83.33,-185.77,0
35902,90.91,-185.41,0
35913,90.91,-182.53,0
35924,90.91,-179.85,0
35937,76.92,-180.63,0
35948,90.91,-185.51,0
35959,90.91,-188.86,0
35971,83.33,-188.41,0
35982,90.91,-184.85,0
35993,90.91,-181.14,0
36005,83.33,-181.97,0
36017,83.33,-184.64,0
36028,90.91,-186.20,0
36039,90.91,-185.19,0
36050,90.91,-182.10,0
36062,83.33,-178.95,0
36074,83.33,-180.10,0
36085,90.91,-183.80,0
36097,83.33,-187.35,0
36108,90.91,-187.59,0
36119,90.91,-184.65,0
36131,90.91,-181.24,0
36143,76.92,-181.13,0
36154,90.91,-185.13,0
36165,90.91,-187.63,0
36176,90.91,-186.21,0
36188,83.33,-182.11,0
36200,90.91,-179.33,0
36211,90.91,-179.76,0
36222,90.91,-183.42,0
36234,83.33,-186.82,0
36245,90.91,-186.87,0
36256,90.91,-183.44,0
36269,76.92,-180.30,0
36280,90.91,-181.17,0
36291,90.91,-184.23,0
36302,90.91,-187.83,0
36314,83.33,-187.01,0
36325,90.91,-183.40,0
36337,83.33,-179.96,0
36348,90.91,-180.87,0
36360,83.33,-183.98,0
36371,90.91,-186.38,0
36382,90.91,-185.73,0
36393,90.91,-182.20,0
36406,76.92,-179.18,0
36417,90.91,-179.14,0
36428,90.91,-182.63,0
36440,83.33,-186.91,0
36451,90.91,-187.56,0
36462,90.91,-183.88,0
36474,83.33,-180.78,0
36486,83.33,-181.64,0
36497,90.91,-185.23,0
36508,90.91,-187.71,0
36519,90.91,-186.97,0
36531,83.33,-183.46,0
36543,83.33,-179.57,0
36554,90.91,-179.12,0
36566,83.33,-182.45,0
36577,90.91,-185.63,0
36588,90.91,-186.19,0
36600,90.91,-183.59,0
36612,76.92,-180.48,0
36623,90.91,-180.59,0
36634,90.91,-184.68,0
36645,90.91,-188.72,0
36657,83.33,-188.09,0
36669,90.91,-184.17,0
36680,83.33,-181.04,0
36691,90.91,-179.90,0
36703,83.33,-183.10,0
36714,90.91,-185.89,0
36725,90.91,-185.49,0
36738,76.92,-182.80,0
36749,90.91,-179.77,0
36760,90.91,-179.60,0
36771,90.91,-183.37,0
36783,83.33,-187.02,0
36794,90.91,-188.02,0
36806,83.33,-184.81,0
36817,90.91,-181.73,0
36829,83.33,-180.84,0
36840,90.91,-183.30,0
36851,90.91,-186.60,0
36862,90.91,-186.55,0
36875,76.92,-182.86,0
36886,90.91,-180.02,0
36897,90.91,-179.00,0
36909,83.33,-182.08,0
36920,90.91,-186.19,0
36931,90.91,-187.18,0
36943,83.33,-185.32,0
36955,83.33,-182.46,0
36966,90.91,-181.70,0
36977,90.91,-183.78,0
36988,90.91,-187.09,0
37000,83.33,-187.10,0
37012,83.33,-183.79,0
37023,90.91,-180.04,0
37035,83.33,-179.96,0
37046,90.91,-182.25,0
37057,90.91,-185.98,0
37068,90.91,-186.36,0
37081,76.92,-183.88,0
37092,90.91,-180.34,0
37103,90.91,-180.52,0
37114,90.91,-183.86,0
37126,83.33,-187.08,0
37138,90.91,-187.37,0
37149,83.33,-184.21,0
37160,90.91,-180.73,0
37172,83.33,-180.06,0
37183,90.91,-182.78,0
37194,90.91,-185.49,0
37207,76.92,-185.96,0
37218,90.91,-183.08,0
37229,90.91,-179.78,0
37240,90.91,-179.57,0
37252,83.33,-182.70,0
37263,90.91,-186.61,0
37275,83.33,-188.41,0
37286,90.91,-185.34,0
37298,83.33,-181.69,0
37309,90.91,-181.39,0
37320,90.91,-183.84,0
37331,90.91,-186.20,0
37344,76.92,-186.43,0
37355,90.91,-183.21,0
37366,90.91,-179.22,0
37378,83.33,-178.64,0
37389,90.91,-181.36,0
37400,90.91,-185.09,0
37412,83.33,-186.58,0
37424,83.33,-185.38,0
37435,90.91,-182.09,0
37446,90.91,-181.42,0
37457,90.91,-184.25,0
37469,83.33,-187.93,0
37481,83.33,-187.48,0
37492,90.91,-183.74,0
37504,83.33,-180.17,0
37515,90.91,-179.27,0
37526,90.91,-181.15,0
37537,90.91,-184.70,0
37550,76.92,-186.64,0
37561,90.91,-183.85,0
37572,90.91,-180.19,0
37583,90.91,-179.86,0
37595,83.33,-183.52,0
37607,90.91,-187.53,0
37618,83.33,-188.36,0
37629,90.91,-185.16,0
37641,83.33,-181.27,0
37652,90.91,-180.23,0
37663,90.91,-181.92,0
37676,83.33,-184.86,0
37687,83.33,-186.92,0
37698,90.91,-184.65,0
37709,90.91,-180.48,0
37721,83.33,-180.19,0
37732,90.91,-183.71,0
37744,83.33,-188.13,0
37755,90.91,-189.05,0
37767,83.33,-186.30,0
37778,90.91,-182.52,0
37789,90.91,-181.70,0
37800,90.91,-183.58,0
37813,76.92,-186.34,0
37824,90.91,-187.27,0
37835,90.91,-184.24,0
37847,83.33,-180.37,0
37858,90.91,-179.37,0
37869,90.91,-182.64,0
37881,83.33,-187.07,0
37893,83.33,-188.62,0
37904,90.91,-185.86,0
37915,90.91,-181.75,0
37926,90.91,-180.53,0
37938,83.33,-183.18,0
37950,83.33,-186.12,0
37961,90.91,-187.49,0
37972,90.91,-185.14,0
37984,83.33,-181.73,0
37995,90.91,-180.29,0
38006,90.91,-182.49,0
38019,76.92,-185.91,0
38030,90.91,-187.61,0
38041,90.91,-185.36,0
38052,90.91,-181.73,0
38064,83.33,-180.62,0
38075,90.91,-182.60,0
38087,83.33,-186.32,0
38098,90.91,-188.05,0
38110,83.33,-185.01,0
38121,90.91,-181.20,0
38132,90.91,-180.51,0
38145,83.33,-182.14,0
38156,83.33,-185.69,0
38167,90.91,-187.30,0
38178,90.91,-184.94,0
38190,83.33,-180.84,0
38201,90.91,-179.33,0
38213,83.33,-181.87,0
38224,90.91,-185.70,0
38236,83.33,-187.38,0
38247,90.91,-185.80,0
38258,90.91,-182.16,0
38269,90.91,-180.48,0
38282,76.92,-182.66,0
38293,90.91,-185.92,0
38304,90.91,-187.15,0
38316,83.33,-184.44,0
38327,90.91,-181.13,0
38338,90.91,-179.09,0
38350,83.33,-180.30,0
38362,83.33,-184.35,0
38373,90.91,-186.61,0
38384,90.91,-185.55,0
38395,90.91,-181.60,0
38407,83.33,-180.11,0
38419,83.33,-182.64,0
38430,90.91,-186.38,0
38441,90.91,-188.03,0
38453,83.33,-185.57,0
38464,90.91,-181.48,0
38475,90.91,-179.61,0
38488,76.92,-181.42,0
38499,90.91,-184.37,0
38510,90.91,-185.99,0
38521,90.91,-184.40,0
38533,83.33,-180.84,0
38544,90.91,-179.34,0
38556,83.33,-181.54,0
38567,90.91,-185.82,0
38579,83.33,-188.18,0
38590,90.91,-186.38,0
38601,90.91,-182.97,0
38614,90.91,-180.68,0
38625,76.92,-181.87,0
38636,90.91,-184.85,0
38647,90.91,-185.95,0
38659,83.33,-184.21,0
38670,90.91,-180.50,0
38682,83.33,-178.76,0
38693,90.91,-180.99,0
38705,83.33,-185.15,0
38716,90.91,-187.63,0
38727,90.91,-186.46,0
38738,90.91,-182.95,0
38751,76.92,-180.73,0
38762,90.91,-181.97,0
38773,90.91,-184.97,0
38785,83.33,-186.63,0
38796,90.91,-184.46,0
38807,90.91,-180.36,0
38819,83.33,-178.09,0
38831,83.33,-179.47,0
38842,90.91,-183.32,0
38853,90.91,-186.57,0
38864,90.91,-186.01,0
38876,83.33,-182.71,0
38888,83.33,-180.80,0
38899,90.91,-182.58,0
38910,90.91,-185.84,0
38922,83.33,-187.39,0
38933,90.91,-185.55,0
38944,90.91,-181.96,0
38957,76.92,-179.67,0
38968,90.91,-180.49,0
38979,90.91,-183.74,0
38990,90.91,-186.39,0
39002,83.33,-185.66,0
39013,90.91,-182.06,0
39025,83.33,-179.97,0
39036,90.91,-181.17,0
39048,83.33,-184.96,0
39059,90.91,-188.03,0
39070,90.91,-186.79,0
39083,90.91,-182.86,0
39094,76.92,-180.42,0
39105,90.91,-181.25,0
39116,90.91,-184.25,0
39128,83.33,-186.56,0
39139,90.91,-185.70,0
39151,83.33,-181.69,0
39162,90.91,-178.86,0
39174,83.33,-180.82,0
39185,90.91,-184.55,0
39196,90.91,-187.03,0
39207,90.91,-186.79,0
39220,76.92,-183.04,0
39231,90.91,-180.72,0
39242,90.91,-182.24,0
39254,83.33,-185.53,0
39265,90.91,-187.51,0
39276,90.91,-185.68,0
39288,83.33,-181.65,0
39300,83.33,-179.53,0
39311,90.91,-180.70,0
39322,90.91,-184.08,0
39333,90.91,-186.49,0
39345,83.33,-185.57,0
39357,83.33,-182.49,0
39368,90.91,-180.28,0
39379,90.91,-181.61,0
39391,83.33,-185.70,0
39402,90.91,-188.82,0
39413,90.91,-187.08,0
39426,76.92,-183.55,0
39437,90.91,-180.55,0
39448,90.91,-180.95,0
39459,90.91,-184.16,0
39471,83.33,-186.41,0
39482,90.91,-185.86,0
39494,83.33,-181.61,0
39505,90.91,-179.11,0
39517,83.33,-180.24,0
39528,90.91,-184.15,0
39539,90.91,-187.75,0
39552,90.91,-186.97,0
39563,76.92,-183.66,0
39574,90.91,-180.92,0
39585,90.91,-181.47,0
39597,83.33,-184.84,0
39608,90.91,-186.48,0
39620,90.91,-185.27,0
39631,83.33,-181.77,0
39643,83.33,-178.56,0
39654,90.91,-179.68,0
39665,90.91,-183.57,0
39676,90.91,-186.71,0
39689,76.92,-186.55,0
39700,90.91,-183.46,0
39711,90.91,-180.87,0
39723,83.33,-181.99,0
39734,90.91,-184.86,0
39745,90.91,-187.61,0
39757,83.33,-186.63,0
39769,83.33,-183.01,0
39780,90.91,-180.10,0
39791,90.91,-180.20,0
39802,90.91,-182.54,0
39814,83.33,-185.55,0
39826,83.33,-186.20,0
39837,90.91,-183.08,0
39848,90.91,-180.06,0
39860,83.33,-180.55,0
39871,90.91,-183.75,0
39882,90.91,-187.85,0
39895,76.92,-187.19,0
39906,90.91,-183.68,0
39917,90.91,-180.91,0
39928,90.91,-180.44,0
39940,83.33,-184.12,0
39951,90.91,-186.65,0
39963,83.33,-186.34,0
39974,90.91,-182.98,0
39986,83.33,-179.65,0
39997,90.91,-180.09,0
40008,90.91,-183.37,0
40020,90.91,-186.89,0
40032,76.92,-186.92,0
40043,90.91,-183.51,0
40054,90.91,-180.54,0
40066,83.33,-181.27,0
40077,90.91,-184.02,0
40089,90.91,-187.51,0
40100,83.33,-186.92,0
40112,83.33,-183.04,0
40123,90.91,-180.06,0
40134,90.91,-179.73,0
40145,90.91,-182.57,0
40158,76.92,-185.73,0
40169,90.91,-185.81,0
40180,90.91,-182.89,0
40192,83.33,-180.28,0
40203,90.91,-181.46,0
40214,90.91,-185.32,0
40226,83.33,-188.40,0
40238,83.33,-188.03,0
40249,90.91,-184.19,0
40260,90.91,-180.51,0
40271,90.91,-179.70,0
40283,83.33,-182.83,0
40295,83.33,-185.88,0
40306,90.91,-186.14,0
40317,90.91,-183.07,0
40329,83.33,-179.46,0
40340,90.91,-179.34,0
40351,90.91,-184.12,0
40364,76.92,-188.18,0
40375,90.91,-187.60,0
40386,90.91,-184.32,0
40397,90.91,-181.69,0
40409,83.33,-181.79,0
40420,90.91,-183.97,0
40432,83.33,-186.31,0
40443,90.91,-185.80,0
40455,83.33,-182.22,0
40466,90.91,-178.84,0
40477,90.91,-179.51,0
40488,90.91,-182.92,0
40501,76.92,-187.11,0
40512,90.91,-187.48,0
40523,90.91,-184.66,0
40535,83.33,-181.58,0
40546,90.91,-181.41,0
40558,90.91,-184.34,0
40569,83.33,-187.89,0
40581,83.33,-187.28,0
40592,90.91,-182.64,0
40603,90.91,-179.33,0
40614,90.91,-178.91,0
40627,83.33,-181.86,0
40638,83.33,-185.86,0
40649,90.91,-187.16,0
40660,90.91,-184.08,0
40672,83.33,-181.14,0
40683,90.91,-181.29,0
40695,83.33,-185.17,0
40707,83.33,-188.89,0
40718,90.91,-188.08,0
40729,90.91,-184.65,0
40740,90.91,-180.64,0
40752,83.33,-179.78,0
40764,83.33,-182.21,0
40775,90.91,-185.04,0
40786,90.91,-185.54,0
40798,83.33,-182.87,0
40809,90.91,-180.17,0
40820,90.91,-180.65,0
40833,76.92,-183.74,0
40844,90.91,-187.77,0
40855,90.91,-187.81,0
40866,90.91,-184.91,0
40878,83.33,-181.55,0
40889,90.91,-181.20,0
40901,83.33,-183.66,0
40912,90.91,-186.21,0
40924,83.33,-186.63,0
40935,90.91,-183.46,0
40946,90.91,-180.06,0
40957,90.91,-179.15,0
40970,76.92,-181.63,0
40981,90.91,-185.41,0
40992,90.91,-187.28,0
41004,83.33,-184.55,0
41015,90.91,-181.63,0
41026,90.91,-180.96,0
41038,83.33,-183.84,0
41050,83.33,-187.23,0
41061,90.91,-187.17,0
41072,90.91,-184.00,0
41083,90.91,-180.09,0
41095,83.33,-179.17,0
41107,83.33,-181.59,0
41118,90.91,-184.98,0
41129,90.91,-186.54,0
41141,83.33,-184.02,0
41152,90.91,-180.54,0
41164,90.91,-180.86,0
41176,76.92,-183.35,0
41187,90.91,-187.03,0
41198,90.91,-188.04,0
41209,90.91,-185.24,0
41221,83.33,-181.50,0
41233,83.33,-180.46,0
41244,90.91,-182.50,0
41255,90.91,-185.80,0
41267,83.33,-186.25,0
41278,90.91,-183.56,0
41289,90.91,-179.73,0
41302,76.92,-179.34,0
41313,90.91,-182.67,0
41324,90.91,-187.12,0
41335,90.91,-188.94,0
41347,83.33,-186.27,0
41358,90.91,-181.89,0
41370,83.33,-181.37,0
41381,90.91,-183.85,0
41393,83.33,-186.76,0
41404,90.91,-186.73,0
41415,90.91,-183.62,0
41426,90.91,-179.45,0
41439,76.92,-178.24,0
41450,90.91,-181.71,0
41461,90.91,-185.98,0
41473,83.33,-187.20,0
41484,90.91,-185.04,0
41495,90.91,-182.30,0
41507,83.33,-181.36,0
41519,83.33,-184.18,0
41530,90.91,-187.31,0
41541,90.91,-188.02,0
41552,90.91,-185.03,0
41564,83.33,-181.30,0
41576,83.33,-179.37,0
41587,90.91,-180.93,0
41598,90.91,-184.58,0
41610,83.33,-185.97,0
41621,90.91,-184.45,0
41632,90.91,-181.33,0
41645,76.92,-180.34,0
41656,90.91,-182.73,0
41667,90.91,-187.27,0
41678,90.91,-188.81,0
41690,83.33,-185.80,0
41702,90.91,-181.92,0
41713,83.33,-179.89,0
41724,90.91,-181.18,0
41736,83.33,-184.46,0
41747,90.91,-186.11,0
41758,90.91,-183.91,0
41771,90.91,-180.34,0
41782,76.92,-179.13,0
41793,90.91,-181.73,0
41804,90.91,-185.75,0
41816,83.33,-187.85,0
41827,90.91,-186.08,0
41839,83.33,-181.76,0
41850,90.91,-180.52,0
41862,83.33,-182.66,0
41873,90.91,-185.45,0
41884,90.91,-186.89,0
41895,90.91,-184.03,0
41908,76.92,-179.92,0
41919,90.91,-178.76,0
41930,90.91,-180.73,0
41942,83.33,-184.83,0
41953,90.91,-186.99,0
41964,90.91,-185.39,0
41976,83.33,-181.98,0
41988,83.33,-179.90,0
41999,90.91,-182.68,0
42010,90.91,-186.62,0
42021,90.91,-187.72,0
42033,83.33,-184.81,0
42045,83.33,-180.61,0
42056,90.91,-179.26,0
42067,90.91,-180.63,0
42079,83.33,-184.17,0
42090,90.91,-186.57,0
42101,90.91,-184.74,0
42114,76.92,-181.08,0
42125,90.91,-179.79,0
42136,90.91,-181.90,0
42147,90.91,-186.36,0
42159,83.33,-188.23,0
42170,90.91,-186.63,0
42182,83.33,-182.03,0
42193,90.91,-180.20,0
42205,83.33,-182.05,0
42216,90.91,-184.91,0
42227,90.91,-186.11,0
42240,90.91,-185.06,0
42251,76.92,-181.01,0
42262,90.91,-178.42,0
42273,90.91,-180.76,0
42285,83.33,-185.16,0
42296,90.91,-187.17,0
42308,90.91,-186.09,0
42319,83.33,-183.41,0
42331,83.33,-180.83,0
42342,90.91,-182.57,0
42353,90.91,-186.48,0
42364,90.91,-188.22,0
42377,76.92,-185.79,0
42388,90.91,-181.21,0
42399,90.91,-179.04,0
42411,83.33,-180.31,0
42422,90.91,-183.86,0
42433,90.91,-186.86,0
42445,83.33,-185.45,0
42457,83.33,-181.51,0
42468,90.91,-179.80,0
42479,90.91,-182.10,0
42490,90.91,-186.93,0
42502,83.33,-188.98,0
42514,83.33,-187.47,0
42525,90.91,-183.02,0
42536,90.91,-180.15,0
42548,83.33,-181.02,0
42559,90.91,-183.95,0
42570,90.91,-186.24,0
42583,76.92,-185.09,0
42594,90.91,-181.32,0
42605,90.91,-178.95,0
42616,90.91,-181.14,0
42628,83.33,-184.97,0
42639,90.91,-188.26,0
42651,83.33,-187.24,0
42662,90.91,-182.98,0
42674,83.33,-180.24,0
42685,90.91,-181.82,0
42696,90.91,-185.77,0
42707,90.91,-186.92,0
42720,76.92,-185.50,0
42731,90.91,-181.31,0
42742,90.91,-178.58,0
42754,83.33,-180.35,0
42765,90.91,-184.37,0
42777,90.91,-187.31,0
42788,83.33,-186.13,0
42800,83.33,-182.99,0
42811,90.91,-181.26,0
42822,90.91,-182.68,0
42833,90.91,-185.91,0
42846,83.33,-187.56,0
42857,83.33,-185.77,0
42868,90.91,-181.46,0
42880,83.33,-179.22,0
42891,90.91,-179.90,0
42902,90.91,-183.87,0
42914,83.33,-186.84,0
42926,83.33,-185.99,0
42937,90.91,-182.40,0
42948,90.91,-180.16,0
42959,90.91,-181.46,0
42971,83.33,-185.37,0
42983,83.33,-188.14,0
42994,90.91,-186.76,0
43005,90.91,-182.79,0
43017,83.33,-180.43,0
43028,90.91,-181.31,0
43039,90.91,-184.22,0
43052,76.92,-187.30,0
43063,90.91,-186.43,0
43074,90.91,-182.41,0
43085,90.91,-179.26,0
43097,83.33,-180.90,0
43108,90.91,-184.58,0
43120,83.33,-188.23,0
43131,90.91,-187.49,0
43143,83.33,-183.98,0
43154,90.91,-181.62,0
43165,90.91,-182.60,0
43176,90.91,-185.39,0
43189,76.92,-187.40,0
43200,90.91,-186.47,0
43211,90.91,-182.50,0
43223,83.33,-179.57,0
43234,90.91,-180.78,0
43245,90.91,-183.88,0
43257,83.33,-187.03,0
43269,83.33,-186.62,0
43280,90.91,-183.35,0
43291,90.91,-181.20,0
43302,90.91,-182.18,0
43314,83.33,-185.47,0
43326,83.33,-188.19,0
43337,90.91,-187.33,0
43348,90.91,-183.39,0
43360,83.33,-180.16,0
43371,90.91,-180.53,0
43383,90.91,-183.98,0
43395,76.92,-186.11,0
43406,90.91,-186.17,0
43417,90.91,-182.80,0
43428,90.91,-179.90,0
43440,83.33,-181.39,0
43452,83.33,-185.40,0
43463,90.91,-189.12,0
43474,90.91,-188.19,0
43486,83.33,-183.86,0
43497,90.91,-181.05,0
43508,90.91,-181.34,0
43521,76.92,-184.23,0
43532,90.91,-186.06,0
43543,90.91,-185.77,0
43554,90.91,-182.06,0
43566,83.33,-178.70,0
43577,90.91,-179.67,0
43589,83.33,-183.60,0
43600,90.91,-188.12,0
43612,83.33,-188.58,0
43623,90.91,-184.93,0
43634,90.91,-181.46,0
43645,90.91,-182.02,0
43658,76.92,-184.90,0
43669,90.91,-187.65,0
43680,90.91,-187.17,0
43692,83.33,-182.60,0
43703,90.91,-179.62,0
43714,90.91,-179.62,0
43726,83.33,-182.59,0
43738,83.33,-186.64,0
43749,90.91,-187.01,0
43760,90.91,-184.69,0
43771,90.91,-181.72,0
43783,83.33,-182.00,0
43795,83.33,-185.53,0
43806,90.91,-187.90,0
43817,90.91,-186.93,0
43829,83.33,-182.80,0
43840,90.91,-179.75,0
43852,90.91,-179.81,0
43864,76.92,-182.75,0
43875,90.91,-185.68,0
43886,90.91,-186.73,0
43897,90.91,-184.59,0
43909,83.33,-181.28,0
43921,90.91,-180.92,0
43932,83.33,-184.40,0
43943,90.91,-187.58,0
43955,83.33,-187.71,0
43966,90.91,-184.02,0
43977,90.91,-180.68,0
43990,76.92,-180.80,0
44001,90.91,-183.02,0
44012,90.91,-186.41,0
44023,90.91,-186.72,0
44035,83.33,-183.19,0
44046,90.91,-180.09,0
44058,83.33,-180.34,0
44069,90.91,-183.59,0
44081,83.33,-187.03,0
44092,90.91,-187.10,0
44103,90.91,-183.81,0
44114,90.91,-181.30,0
44127,76.92,-181.23,0
44138,90.91,-184.23,0
44149,90.91,-186.99,0
44161,83.33,-186.84,0
44172,90.91,-183.14,0
44183,90.91,-179.60,0
44195,83.33,-179.21,0
44207,83.33,-182.77,0
44218,90.91,-186.40,0
44229,90.91,-187.45,0
44240,90.91,-184.15,0
44252,83.33,-180.64,0
44264,83.33,-180.44,0
44275,90.91,-183.48,0
44286,90.91,-187.19,0
44298,83.33,-187.72,0
44309,90.91,-184.83,0
44320,90.91,-181.75,0
44333,76.92,-180.35,0
44344,90.91,-183.41,0
44355,90.91,-186.28,0
44366,90.91,-186.80,0
44378,83.33,-184.43,0
44389,90.91,-180.50,0
44401,83.33,-180.16,0
44412,90.91,-183.52,0
44424,83.33,-187.55,0
44435,90.91,-188.21,0
44446,90.91,-185.57,0
44459,90.91,-181.88,0
44470,76.92,-181.20,0
44481,90.91,-184.18,0
44492,90.91,-186.76,0
44504,83.33,-186.63,0
44515,90.91,-184.13,0
44527,90.91,-179.87,0
44538,83.33,-178.95,0
44550,83.33,-182.51,0
44561,90.91,-186.11,0
44572,90.91,-187.78,0
44583,90.91,-185.48,0
44596,76.92,-181.64,0
44607,90.91,-181.43,0
44618,90.91,-184.54,0
44630,83.33,-187.82,0
44641,90.91,-188.01,0
44652,90.91,-184.50,0
44664,83.33,-180.37,0
44676,83.33,-178.74,0
44687,90.91,-181.40,0
44698,90.91,-185.05,0
44709,90.91,-187.02,0
44721,83.33,-185.09,0
44733,83.33,-181.68,0
44744,90.91,-181.07,0
44755,90.91,-184.53,0
44767,83.33,-188.57,0
44778,90.91,-189.29,0
44789,90.91,-185.82,0
44802,76.92,-181.89,0
44813,90.91,-179.82,0
44824,90.91,-182.01,0
44835,90.91,-185.22,0
44847,83.33,-186.23,0
44858,90.91,-183.35,0
44870,83.33,-180.26,0
44881,90.91,-180.25,0
44893,83.33,-182.89,0
44904,90.91,-187.14,0
44915,90.91,-189.47,0
44926,90.91,-186.99,0
44939,76.92,-182.68,0
44950,90.91,-181.28,0
44961,90.91,-183.66,0
44973,83.33,-186.01,0
44984,90.91,-186.44,0
44996,90.91,-183.95,0
45007,83.33,-180.13,0
45019,83.33,-178.61,0
45030,90.91,-181.60,0
45041,90.91,-185.93,0
45052,90.91,-188.43,0
45065,76.92,-187.09,0
45076,90.91,-182.93,0
45087,90.91,-180.92,0
45099,83.33,-183.77,0
45110,90.91,-187.00,0
45121,90.91,-187.06,0
45133,83.33,-184.49,0
45145,83.33,-181.05,0
45156,90.91,-179.13,0
45167,90.91,-181.36,0
45178,90.91,-184.88,0
45190,83.33,-187.22,0
45202,83.33,-185.48,0
45213,90.91,-182.12,0
45224,90.91,-180.07,0
45236,83.33,-182.73,0
45247,90.91,-186.60,0
45258,90.91,-187.55,0
45271,76.92,-185.11,0
45282,90.91,-180.79,0
45293,90.91,-179.11,0
45304,90.91,-180.92,0
45316,83.33,-184.74,0
45327,90.91,-186.49,0
45339,83.33,-184.71,0
45350,90.91,-181.29,0
45362,83.33,-179.66,0
45373,90.91,-181.12,0
45384,90.91,-185.06,0
45395,90.91,-187.34,0
45408,76.92,-185.15,0
45419,90.91,-181.66,0
45430,90.91,-179.95,0
45442,83.33,-182.19,0
45453,90.91,-185.52,0
45465,90.91,-186.95,0
45476,83.33,-184.96,0
45488,83.33,-180.34,0
45499,90.91,-178.42,0
45510,90.91,-180.47,0
45521,90.91,-184.39,0
45534,76.92,-186.75,0
45545,90.91,-185.06,0
45556,90.91,-181.34,0
45568,83.33,-180.20,0
45579,90.91,-182.74,0
45590,90.91,-186.58,0
45602,83.33,-188.28,0
45614,83.33,-185.68,0
45625,90.91,-181.72,0
45636,90.91,-179.08,0
45647,90.91,-181.20,0
45659,83.33,-184.66,0
45671,83.33,-186.08,0
45682,90.91,-184.33,0
45693,90.91,-180.41,0
45705,83.33,-179.13,0
45716,90.91,-181.68,0
45727,90.91,-186.17,0
45740,76.92,-188.84,0
45751,90.91,-186.76,0
45762,90.91,-182.97,0
45773,90.91,-181.13,0
45785,83.33,-182.61,0
45796,90.91,-184.92,0
45808,83.33,-186.22,0
45819,90.91,-184.62,0
45831,83.33,-180.49,0
45842,90.91,-177.79,0
45853,90.91,-179.83,0
45864,90.91,-184.45,0
45877,76.92,-188.45,0
45888,90.91,-187.68,0
45899,90.91,-184.21,0
45911,83.33,-181.95,0
45922,90.91,-183.16,0
45934,90.91,-186.69,0
45945,83.33,-187.84,0
45957,83.33,-185.41,0
45968,90.91,-180.43,0
45979,90.91,-178.16,0
45990,90.91,-179.27,0
46003,76.92,-183.17,0
46014,90.91,-186.29,0
46025,90.91,-185.89,0
46036,90.91,-183.44,0
46048,83.33,-181.71,0
46059,90.91,-183.29,0
46071,83.33,-186.84,0
46083,83.33,-188.84,0
46094,90.91,-186.39,0
46105,90.91,-182.03,0
46116,90.91,-179.19,0
46128,83.33,-179.56,0
46140,83.33,-182.46,0
46151,90.91,-185.32,0
46162,90.91,-184.68,0
46174,83.33,-181.76,0
46185,90.91,-180.94,0
46196,90.91,-182.58,0
46209,76.92,-187.09,0
46220,90.91,-189.55,0
46231,90.91,-187.76,0
46242,90.91,-183.31,0
46254,83.33,-179.67,0
46265,90.91,-180.57,0
46277,83.33,-182.83,0
46288,90.91,-184.85,0
46300,83.33,-184.51,0
46311,90.91,-181.19,0
46322,90.91,-179.34,0
46333,90.91,-180.84,0
46346,76.92,-185.79,0
46357,90.91,-189.37,0
46368,90.91,-188.71,0
46380,83.33,-183.91,0
46391,90.91,-180.01,0
46403,90.91,-181.36,0
46414,83.33,-184.55,0
46426,83.33,-186.20,0
46437,90.91,-184.71,0
46448,90.91,-180.97,0
46459,90.91,-178.78,0
46472,76.92,-180.45,0
46483,90.91,-184.67,0
46494,90.91,-188.05,0
46505,90.91,-188.15,0
46517,83.33,-184.76,0
46528,90.91,-181.09,0
46540,83.33,-181.67,0
46552,83.33,-184.55,0
46563,90.91,-187.06,0
46574,90.91,-185.85,0
46585,90.91,-182.21,0
46597,83.33,-179.46,0
46609,83.33,-179.92,0
46620,90.91,-184.21,0
46631,90.91,-187.87,0
46643,83.33,-187.38,0
46654,90.91,-183.73,0
46665,90.91,-180.57,0
46678,76.92,-181.01,0
46689,90.91,-184.72,0
46700,90.91,-187.75,0
46711,90.91,-186.70,0
46723,83.33,-183.42,0
46734,90.91,-180.39,0
46746,83.33,-181.18,0
46757,90.91,-185.40,0
46769,83.33,-187.81,0
46780,90.91,-187.17,0
46791,90.91,-182.37,0
46803,90.91,-179.38,0
46815,76.92,-180.06,0
46826,90.91,-183.78,0
46837,90.91,-187.82,0
46849,83.33,-186.54,0
46860,90.91,-183.10,0
46872,90.91,-180.49,0
46883,83.33,-181.57,0
46895,83.33,-185.10,0
46906,90.91,-188.02,0
46917,90.91,-187.23,0
46928,90.91,-183.47,0
46941,76.92,-179.72,0
46952,90.91,-179.09,0
46963,90.91,-181.79,0
46974,90.91,-184.51,0
46986,83.33,-185.53,0
46997,90.91,-182.57,0
47009,83.33,-180.55,0
47021,83.33,-181.83,0
47032,90.91,-185.76,0
47043,90.91,-189.11,0
47054,90.91,-187.97,0
47066,83.33,-183.66,0
47078,83.33,-179.34,0
47089,90.91,-179.34,0
47100,90.91,-181.89,0
47112,83.33,-184.27,0
47123,90.91,-184.46,0
47134,90.91,-182.49,0
47147,76.92,-179.81,0
47158,90.91,-180.60,0
47169,90.91,-185.06,0
47180,90.91,-189.62,0
47192,83.33,-189.45,0
47203,90.91,-185.56,0
47215,83.33,-182.17,0
47226,90.91,-181.15,0
47238,83.33,-182.72,0
47249,90.91,-185.07,0
47260,90.91,-185.08,0
47271,90.91,-181.82,0
47284,76.92,-179.00,0
47295,90.91,-179.67,0
47306,90.91,-184.19,0
47318,83.33,-187.80,0
47329,90.91,-189.09,0
47341,90.91,-185.97,0
47352,83.33,-181.84,0
47364,83.33,-181.43,0
47375,90.91,-183.90,0
47386,90.91,-186.36,0
47397,90.91,-186.03,0
47410,76.92,-182.22,0
47421,90.91,-178.96,0
47432,90.91,-178.88,0
47443,90.91,-182.17,0
47455,83.33,-185.94,0
47466,90.91,-187.30,0
47478,83.33,-184.83,0
47490,83.33,-181.16,0
47501,90.91,-181.41,0
47512,90.91,-184.63,0
47523,90.91,-187.20,0
47535,83.33,-187.09,0
47547,83.33,-183.28,0
47558,90.91,-179.54,0
47569,90.91,-179.75,0
47581,83.33,-182.24,0
47592,90.91,-185.45,0
47603,90.91,-186.56,0
47616,76.92,-184.05,0
47627,90.91,-180.50,0
47638,90.91,-180.11,0
47649,90.91,-183.39,0
47661,83.33,-187.33,0
47672,90.91,-187.80,0
47684,83.33,-184.45,0
47695,90.91,-180.47,0
47707,83.33,-180.24,0
47718,90.91,-183.46,0
47729,90.91,-186.72,0
47740,90.91,-186.92,0
47753,76.92,-184.28,0
47764,90.91,-180.20,0
47775,90.91,-179.02,0
47787,83.33,-182.34,0
47798,90.91,-186.79,0
47809,90.91,-187.64,0
47821,83.33,-185.14,0
47833,83.33,-181.42,0
47844,90.91,-180.78,0
47855,90.91,-184.26,0
47866,90.91,-186.94,0
47879,83.33,-187.30,0
47890,83.33,-183.96,0
47901,90.91,-180.79,0
47912,90.91,-180.64,0
47924,83.33,-182.43,0
47935,90.91,-185.85,0
47947,90.91,-187.24,0
47959,76.92,-184.23,0
47970,90.91,-180.90,0
47981,90.91,-180.43,0
47992,90.91,-183.57,0
48004,83.33,-187.77,0
48016,83.33,-188.40,0
48027,90.91,-185.71,0
48038,90.91,-181.94,0
48050,83.33,-180.72,0
48061,90.91,-182.43,0
48072,90.91,-184.58,0
48084,83.33,-185.98,0
48096,83.33,-183.27,0
48107,90.91,-179.62,0
48118,90.91,-178.08,0
48130,83.33,-181.07,0
48141,90.91,-185.98,0
48153,83.33,-187.90,0
48164,90.91,-186.01,0
48176,83.33,-182.75,0
48187,90.91,-181.71,0
48198,90.91,-184.00,0
48209,90.91,-186.75,0
48222,76.92,-187.05,0
48233,90.91,-184.06,0
48244,90.91,-179.46,0
48256,83.33,-178.42,0
48267,90.91,-180.13,0
48278,90.91,-184.61,0
48290,83.33,-187.66,0
48302,83.33,-185.45,0
48313,90.91,-182.16,0
48324,90.91,-181.26,0
48335,90.91,-184.04,0
48347,83.33,-187.73,0
48359,83.33,-187.90,0
48370,90.91,-184.32,0
48381,90.91,-180.33,0
48393,83.33,-178.68,0
48404,90.91,-180.35,0
48416,90.91,-183.95,0
48428,76.92,-186.67,0
48439,90.91,-185.30,0
48450,90.91,-182.03,0
48461,90.91,-181.13,0
48473,83.33,-182.97,0
48485,83.33,-187.41,0
48496,90.91,-188.82,0
48507,90.91,-185.74,0
48519,83.33,-181.49,0
48530,90.91,-179.74,0
48541,90.91,-181.23,0
48553,83.33,-184.08,0
48565,83.33,-184.92,0
48576,90.91,-183.42,0
48587,90.91,-179.94,0
48599,83.33,-178.60,0
48610,90.91,-181.69,0
48622,83.33,-186.09,0
48633,90.91,-188.82,0
48645,83.33,-186.31,0
48656,90.91,-182.45,0
48667,90.91,-180.48,0
48678,90.91,-182.16,0
48691,76.92,-185.44,0
48702,90.91,-187.25,0
48713,90.91,-184.50,0
48724,90.91,-180.58,0
48736,83.33,-178.77,0
48747,90.91,-181.42,0
48759,83.33,-185.64,0
48771,83.33,-187.87,0
48782,90.91,-186.10,0
48793,90.91,-182.42,0
48804,90.91,-180.32,0
48816,83.33,-182.38,0
48828,83.33,-185.90,0
48839,90.91,-187.45,0
48850,90.91,-185.07,0
48862,83.33,-181.27,0
48873,90.91,-179.42,0
48885,90.91,-181.26,0
48897,76.92,-184.35,0
48908,90.91,-186.90,0
48919,90.91,-185.88,0
48930,90.91,-182.22,0
48942,83.33,-180.21,0
48954,83.33,-182.34,0
48965,90.91,-186.04,0
48976,90.91,-187.68,0
48988,83.33,-185.83,0
48999,90.91,-182.60,0
49010,90.91,-181.47,0
49022,83.33,-182.71,0
49034,83.33,-184.87,0
49045,90.91,-186.61,0
49056,90.91,-184.71,0
49068,83.33,-181.77,0
49079,90.91,-180.21,0
49091,83.33,-181.14,0
