7⸮66,15.15,2171.64,0
77,90.91,2167.69,0
89,83.33,2170.14,0
100,90.91,2168.62,0
111,90.91,2172.89,0
123,90.91,2174.32,0
135,76.92,2174.23,0
146,90.91,2168.58,0
157,90.91,2168.16,0
168,90.91,2168.19,0
180,83.33,2171.64,0
192,90.91,2177.45,0
203,83.33,2174.34,0
215,83.33,2169.95,0
226,90.91,2166.58,0
237,90.91,2170.46,0
248,90.91,2171.61,0
260,83.33,2175.04,0
272,83.33,2173.39,0
283,90.91,2171.44,0
294,90.91,2167.76,0
306,83.33,2167.80,0
317,90.91,2172.04,0
328,90.91,2173.69,0
340,83.33,2173.24,0
352,83.33,2173.45,0
363,90.91,2168.19,0
374,90.91,2166.96,0
386,83.33,2169.48,0
397,90.91,2173.13,0
409,83.33,2178.28,0
420,90.91,2172.81,0
432,83.33,2170.54,0
443,90.91,2164.96,0
454,90.91,2165.41,0
465,90.91,2169.90,0
478,76.92,2175.78,0
489,90.91,2172.25,0
500,90.91,2171.79,0
512,83.33,2164.08,0
523,90.91,2172.99,0
534,90.91,2172.48,0
546,83.33,2174.87,0
558,83.33,2168.83,0
569,90.91,2170.81,0
580,90.91,2169.35,0
591,90.91,2171.57,0
603,83.33,2169.47,0
615,83.33,2171.74,0
626,90.91,2175.31,0
637,90.91,2174.93,0
649,83.33,2170.69,0
660,90.91,2168.10,0
671,90.91,2169.07,0
684,76.92,2173.03,0
695,90.91,2177.02,0
706,90.91,2171.64,0
717,90.91,2168.66,0
729,83.33,2165.28,0
740,90.91,2167.95,0
752,90.91,2169.84,0
763,83.33,2172.86,0
775,83.33,2169.55,0
786,90.91,2167.14,0
797,90.91,2166.03,0
808,90.91,2167.95,0
821,83.33,2169.39,0
832,83.33,2173.46,0
843,90.91,2173.31,0
855,83.33,2172.34,0
866,90.91,2166.84,0
877,90.91,2165.65,0
888,90.91,2167.05,0
901,76.92,2170.95,0
912,90.91,2172.82,0
923,90.91,2173.32,0
934,90.91,2169.93,0
946,83.33,2166.51,0
957,90.91,2167.55,0
969,83.33,2173.50,0
980,90.91,2176.15,0
992,83.33,2170.85,0
1003,90.91,2168.74,0
1014,90.91,2164.89,0
1026,83.33,2166.99,0
1038,83.33,2168.29,0
1049,90.91,2171.51,0
1060,90.91,2172.80,0
1072,83.33,2172.82,0
1083,90.91,2168.13,0
1094,90.91,2163.62,0
1106,83.33,2166.70,0
1118,83.33,2169.86,0
1129,90.91,2175.53,0
1140,90.91,2173.45,0
1152,83.33,2163.37,0
1163,90.91,2165.43,0
1175,83.33,2165.48,0
1186,90.91,2177.34,0
1198,83.33,2178.75,0
1209,90.91,2163.15,0
1220,90.91,2154.42,0
1231,90.91,2166.12,0
1244,76.92,2183.81,0
1255,90.91,2179.56,0
1266,90.91,2155.53,0
1277,90.91,2149.93,0
1289,83.33,2178.26,0
1300,90.91,2188.77,0
1312,83.33,2174.15,0
1324,83.33,2151.62,0
1335,90.91,2160.97,0
1346,90.91,2179.42,0
1357,90.91,2192.53,0
1369,83.33,2167.87,0
1381,90.91,2152.47,0
1392,83.33,2156.30,0
1403,90.91,2173.73,0
1415,83.33,2186.02,0
1426,90.91,2177.43,0
1437,90.91,2162.72,0
1449,90.91,2158.69,0
1461,76.92,2171.05,0
1472,90.91,2185.32,0
1483,90.91,2178.42,0
1495,83.33,2164.35,0
1506,90.91,2166.71,0
1517,90.91,2176.17,0
1529,83.33,2180.66,0
1541,83.33,2164.19,0
1552,90.91,2161.29,0
1563,90.91,2169.16,0
1574,90.91,2185.00,0
1586,83.33,2173.93,0
1598,83.33,2159.79,0
1609,90.91,2159.41,0
1620,90.91,2174.30,0
1632,83.33,2183.57,0
1643,90.91,2180.60,0
1654,90.91,2161.58,0
1667,76.92,2157.37,0
1678,90.91,2169.38,0
1689,90.91,2181.72,0
1700,90.91,2180.92,0
1712,83.33,2163.10,0
1723,90.91,2158.39,0
1735,83.33,2170.11,0
1746,90.91,2181.02,0
1758,83.33,2172.05,0
1769,90.91,2163.57,0
1780,90.91,2163.35,0
1792,83.33,2176.33,0
1804,83.33,2177.80,0
1815,90.91,2165.79,0
1826,90.91,2157.02,0
1838,83.33,2168.23,0
1849,90.91,2178.78,0
1860,90.91,2179.67,0
1872,83.33,2170.42,0
1884,83.33,2156.06,0
1895,90.91,2164.52,0
1906,90.91,2174.22,0
1917,90.91,2187.18,0
1929,83.33,2172.99,0
1941,83.33,2162.38,0
1952,90.91,2159.14,0
1964,83.33,2177.41,0
1975,90.91,2175.96,0
1986,90.91,2173.32,0
1997,90.91,2163.13,0
2010,76.92,2172.83,0
2021,90.91,2171.73,0
2032,90.91,2173.68,0
2043,90.91,2162.80,0
2055,83.33,2169.49,0
2066,90.91,2172.22,0
2078,90.91,2182.47,0
2089,83.33,2171.73,0
2101,83.33,2161.46,0
2112,90.91,2161.19,0
2123,90.91,2176.09,0
2135,83.33,2182.51,0
2147,90.91,2180.47,0
2158,83.33,2165.42,0
2169,90.91,2157.55,0
2181,83.33,2170.66,0
2192,90.91,2177.75,0
2203,90.91,2177.51,0
2214,90.91,2165.85,0
2227,76.92,2166.04,0
2238,90.91,2169.12,0
2249,90.91,2177.06,0
2260,90.91,2167.10,0
2272,83.33,2168.54,0
2283,90.91,2168.06,0
2295,83.33,2180.68,0
2307,83.33,2173.20,0
2318,90.91,2168.42,0
2329,90.91,2154.08,0
2340,90.91,2169.80,0
2352,83.33,2185.82,0
2364,83.33,2186.79,0
2375,90.91,2160.55,0
2386,90.91,2150.46,0
2398,83.33,2165.44,0
2409,90.91,2188.02,0
2420,90.91,2185.48,0
2433,76.92,2166.05,0
2444,90.91,2154.52,0
2455,90.91,2171.25,0
2466,90.91,2184.36,0
2478,83.33,2175.87,0
2489,90.91,2156.44,0
2501,83.33,2161.93,0
2512,90.91,2179.77,0
2524,83.33,2192.47,0
2535,90.91,2171.66,0
2546,90.91,2154.27,0
2557,90.91,2155.82,0
2570,76.92,2180.65,0
2581,90.91,2185.38,0
2592,90.91,2171.84,0
2604,83.33,2153.99,0
2615,90.91,2163.16,0
2626,90.91,2183.77,0
2638,83.33,2186.56,0
2650,83.33,2168.67,0
2661,90.91,2155.36,0
2672,90.91,2162.35,0
2683,90.91,2175.14,0
2695,83.33,2180.38,0
2707,83.33,2165.60,0
2718,90.91,2161.52,0
2729,90.91,2170.50,0
2741,83.33,2180.80,0
2752,90.91,2173.11,0
2763,90.91,2162.20,0
2776,76.92,2161.42,0
2787,90.91,2178.37,0
2798,90.91,2188.08,0
2809,90.91,2175.57,0
2821,83.33,2154.59,0
2832,90.91,2159.64,0
2844,83.33,2174.63,0
2855,90.91,2187.05,0
2867,83.33,2176.84,0
2878,90.91,2163.00,0
2889,90.91,2157.18,0
2900,90.91,2172.84,0
2913,76.92,2177.00,0
2924,90.91,2172.98,0
2935,90.91,2162.49,0
2947,83.33,2166.54,0
2958,90.91,2174.28,0
2969,90.91,2177.31,0
2981,90.91,2167.53,0
2993,76.92,2164.80,0
3004,90.91,2171.88,0
3015,90.91,2177.13,0
3026,90.91,2174.25,0
3038,83.33,2157.11,0
3050,90.91,2159.92,0
3061,83.33,2169.86,0
3073,83.33,2182.19,0
3084,90.91,2176.78,0
3095,90.91,2166.56,0
3106,90.91,2160.13,0
3119,83.33,2166.99,0
3130,83.33,2177.98,0
3141,90.91,2179.19,0
3152,90.91,2170.83,0
3164,83.33,2163.34,0
3175,90.91,2168.29,0
3186,90.91,2174.81,0
3198,83.33,2169.44,0
3210,83.33,2162.85,0
3221,90.91,2167.34,0
3232,90.91,2176.38,0
3244,83.33,2178.06,0
3255,90.91,2165.74,0
3267,83.33,2161.50,0
3278,90.91,2168.29,0
3290,83.33,2180.52,0
3301,90.91,2181.36,0
3312,90.91,2170.07,0
3323,90.91,2156.83,0
3336,76.92,2165.39,0
3347,90.91,2174.68,0
3358,90.91,2182.89,0
3369,90.91,2166.76,0
3381,83.33,2163.90,0
3392,90.91,2163.59,0
3404,83.33,2176.14,0
3416,83.33,2173.84,0
3427,90.91,2169.67,0
3438,90.91,2166.39,0
3449,90.91,2174.24,0
3461,83.33,2175.46,0
3473,83.33,2167.45,0
3484,90.91,2160.57,0
3495,90.91,2162.79,0
3507,83.33,2178.93,0
3518,90.91,2178.43,0
3529,90.91,2173.80,0
3542,76.92,2158.34,0
3553,90.91,2164.67,0
3564,90.91,2170.40,0
3575,90.91,2183.54,0
3587,83.33,2176.25,0
3598,90.91,2168.74,0
3610,83.33,2156.96,0
3621,90.91,2171.69,0
3633,83.33,2176.83,0
3644,90.91,2175.65,0
3655,90.91,2164.36,0
3666,90.91,2166.10,0
3679,76.92,2171.38,0
3690,90.91,2170.36,0
3701,90.91,2168.09,0
3713,83.33,2163.64,0
3724,90.91,2172.74,0
3735,90.91,2177.67,0
3747,83.33,2175.63,0
3759,83.33,2163.27,0
3770,90.91,2162.84,0
3781,90.91,2167.62,0
3792,90.91,2182.93,0
3804,83.33,2177.61,0
3816,83.33,2168.27,0
3827,90.91,2158.32,0
3838,90.91,2166.90,0
3850,83.33,2180.17,0
3861,90.91,2180.67,0
3872,90.91,2171.46,0
3885,83.33,2165.79,0
3896,83.33,2170.90,0
3907,90.91,2172.68,0
3918,90.91,2172.93,0
3930,83.33,2168.25,0
3941,90.91,2170.01,0
3953,90.91,2179.55,0
3964,83.33,2181.52,0
3976,83.33,2169.56,0
3987,90.91,2161.70,0
3998,90.91,2166.92,0
4009,90.91,2177.37,0
4021,83.33,2180.81,0
4033,83.33,2172.00,0
4044,90.91,2159.78,0
4056,83.33,2164.37,0
4067,90.91,2176.36,0
4078,90.91,2180.37,0
4089,90.91,2176.00,0
4102,76.92,2167.58,0
4113,90.91,2165.65,0
4124,90.91,2172.39,0
4135,90.91,2172.54,0
4147,83.33,2172.32,0
4158,90.91,2168.24,0
4170,83.33,2173.92,0
4182,83.33,2174.92,0
4193,90.91,2170.90,0
4204,90.91,2164.61,0
4215,90.91,2165.72,0
4227,83.33,2174.52,0
4239,83.33,2178.81,0
4250,90.91,2170.24,0
4261,90.91,2158.28,0
4273,83.33,2160.87,0
4284,90.91,2170.90,0
4295,90.91,2178.64,0
4307,83.33,2173.36,0
4319,83.33,2166.10,0
4330,90.91,2160.55,0
4341,90.91,2171.10,0
4353,83.33,2169.18,0
4364,90.91,2173.13,0
4376,83.33,2170.13,0
4387,90.91,2171.03,0
4399,83.33,2167.17,0
4410,90.91,2168.23,0
4421,90.91,2165.99,0
4432,90.91,2166.69,0
4445,76.92,2168.47,0
4456,90.91,2174.46,0
4467,90.91,2173.71,0
4478,90.91,2164.28,0
4490,83.33,2163.76,0
4501,90.91,2166.13,0
4513,83.33,2178.37,0
4525,83.33,2174.58,0
4536,90.91,2169.38,0
4547,90.91,2160.47,0
4558,90.91,2170.96,0
4570,83.33,2170.44,0
4582,83.33,2177.33,0
4593,90.91,2169.23,0
4604,90.91,2171.45,0
4616,83.33,2165.92,0
4627,90.91,2169.50,0
4638,90.91,2164.74,0
4651,76.92,2168.50,0
4662,90.91,2169.92,0
4673,90.91,2171.81,0
4684,90.91,2170.83,0
4696,83.33,2165.52,0
4707,90.91,2162.83,0
4719,83.33,2170.26,0
4730,90.91,2174.99,0
4742,83.33,2175.73,0
4753,90.91,2167.93,0
4764,90.91,2162.58,0
4775,90.91,2165.24,0
4788,76.92,2170.47,0
4799,90.91,2174.53,0
4810,90.91,2175.57,0
4822,83.33,2168.54,0
4833,90.91,2167.71,0
4844,90.91,2168.19,0
4856,90.91,2172.05,0
4868,76.92,2170.02,0
4879,90.91,2172.87,0
4890,90.91,2174.76,0
4901,90.91,2171.89,0
4913,83.33,2166.38,0
4925,90.91,2164.85,0
4936,83.33,2169.68,0
4947,90.91,2176.97,0
4959,83.33,2177.26,0
4970,90.91,2173.26,0
4981,90.91,2163.72,0
4994,83.33,2165.97,0
5005,83.33,2173.35,0
5016,90.91,2179.22,0
5027,90.91,2177.56,0
5039,83.33,2171.19,0
5050,90.91,2163.51,0
5061,90.91,2168.28,0
5073,83.33,2168.37,0
5085,83.33,2176.97,0
5096,90.91,2174.20,0
5107,90.91,2172.42,0
5118,90.91,2167.21,0
5130,83.33,2167.77,0
5142,83.33,2168.11,0
5153,90.91,2173.11,0
5165,83.33,2173.22,0
5176,90.91,2173.37,0
5187,90.91,2170.75,0
5198,90.91,2163.44,0
5211,76.92,2166.85,0
5222,90.91,2170.44,0
5233,90.91,2177.92,0
5244,90.91,2172.95,0
5256,83.33,2171.74,0
5267,90.91,2163.67,0
5279,83.33,2168.49,0
5291,83.33,2168.77,0
5302,90.91,2176.82,0
5313,90.91,2171.63,0
5324,90.91,2172.57,0
5336,83.33,2165.12,0
5348,83.33,2170.17,0
5359,90.91,2168.89,0
5370,90.91,2172.59,0
5382,83.33,2172.17,0
5393,90.91,2173.43,0
5404,90.91,2170.37,0
5416,83.33,2167.75,0
5428,83.33,2165.35,0
5439,90.91,2169.32,0
5450,90.91,2174.78,0
5462,83.33,2173.72,0
5473,90.91,2168.11,0
5485,83.33,2161.82,0
5496,90.91,2165.77,0
5508,83.33,2170.18,0
5519,90.91,2174.58,0
5530,90.91,2175.31,0
5541,90.91,2169.71,0
5554,76.92,2166.79,0
5565,90.91,2166.66,0
5576,90.91,2171.29,0
5587,90.91,2173.89,0
5599,83.33,2174.68,0
5610,90.91,2172.90,0
5622,83.33,2171.97,0
5634,83.33,2163.65,0
5645,90.91,2167.40,0
5656,90.91,2169.18,0
5667,90.91,2178.08,0
5679,83.33,2173.57,0
5691,83.33,2167.84,0
5702,90.91,2163.70,0
5713,90.91,2169.35,0
5725,83.33,2172.28,0
5736,90.91,2174.27,0
5747,90.91,2174.62,0
5760,90.91,2166.83,0
5771,76.92,2164.29,0
5782,90.91,2168.19,0
5793,90.91,2171.72,0
5805,83.33,2174.55,0
5816,90.91,2175.23,0
5828,90.91,2172.57,0
5839,83.33,2167.26,0
5851,83.33,2164.23,0
5862,90.91,2162.51,0
5873,90.91,2171.27,0
5884,90.91,2177.53,0
5897,83.33,2179.56,0
5908,83.33,2173.44,0
5919,90.91,2167.24,0
5931,83.33,2165.44,0
5942,90.91,2169.16,0
5953,90.91,2173.57,0
5964,90.91,2173.84,0
5977,76.92,2168.44,0
5988,90.91,2164.21,0
5999,90.91,2166.16,0
6010,90.91,2169.85,0
6022,83.33,2175.44,0
6033,90.91,2170.58,0
6045,83.33,2174.34,0
6056,90.91,2168.16,0
6068,83.33,2170.26,0
6079,90.91,2166.70,0
6090,90.91,2172.98,0
6102,83.33,2172.27,0
6114,83.33,2177.07,0
6125,90.91,2172.53,0
6136,90.91,2164.43,0
6148,83.33,2165.51,0
6159,90.91,2171.04,0
6170,90.91,2177.93,0
6182,83.33,2172.57,0
6194,83.33,2165.00,0
6205,90.91,2160.07,0
6216,90.91,2168.25,0
6227,90.91,2172.38,0
6239,83.33,2173.41,0
6251,83.33,2172.23,0
6262,90.91,2169.78,0
6274,83.33,2168.63,0
6285,90.91,2164.11,0
6296,90.91,2164.97,0
6307,90.91,2166.26,0
6320,76.92,2172.14,0
6331,90.91,2171.80,0
6342,90.91,2171.11,0
6353,90.91,2165.44,0
6365,83.33,2165.47,0
6376,90.91,2171.51,0
6388,83.33,2179.18,0
6400,83.33,2173.30,0
6411,90.91,2168.22,0
6422,90.91,2161.03,0
6433,90.91,2168.08,0
6445,83.33,2170.86,0
6457,83.33,2174.99,0
6468,90.91,2169.37,0
6479,90.91,2170.89,0
6491,83.33,2167.62,0
6502,90.91,2170.42,0
6513,90.91,2164.50,0
6525,83.33,2169.66,0
6537,83.33,2174.05,0
6548,90.91,2177.43,0
6559,90.91,2173.06,0
6571,83.33,2163.73,0
6582,90.91,2166.07,0
6594,83.33,2171.43,0
6605,90.91,2180.22,0
6617,83.33,2175.55,0
6628,90.91,2170.92,0
6639,90.91,2161.50,0
6650,90.91,2168.20,0
6663,76.92,2169.46,0
6674,90.91,2174.67,0
6685,90.91,2170.40,0
6696,90.91,2171.77,0
6708,83.33,2167.71,0
6719,90.91,2171.19,0
6731,90.91,2165.91,0
6743,76.92,2171.93,0
6754,90.91,2171.49,0
6765,90.91,2174.12,0
6776,90.91,2171.72,0
6788,83.33,2168.44,0
6800,90.91,2168.19,0
6811,83.33,2173.73,0
6822,90.91,2177.06,0
6834,83.33,2173.22,0
6845,90.91,2171.91,0
6856,90.91,2165.86,0
6868,90.91,2170.00,0
6880,76.92,2171.75,0
6891,90.91,2179.94,0
6902,90.91,2172.93,0
6914,83.33,2169.71,0
6925,90.91,2163.15,0
6936,90.91,2169.12,0
6948,83.33,2167.55,0
6960,83.33,2174.07,0
6971,90.91,2171.10,0
6982,90.91,2174.24,0
6993,90.91,2168.23,0
7005,83.33,2163.62,0
7017,83.33,2164.33,0
7028,90.91,2171.62,0
7040,83.33,2174.39,0
7051,90.91,2173.62,0
7062,90.91,2168.66,0
7073,90.91,2161.28,0
7086,76.92,2166.09,0
7097,90.91,2170.55,0
7108,90.91,2176.52,0
7119,90.91,2171.49,0
7131,83.33,2169.34,0
7142,90.91,2160.95,0
7154,83.33,2171.29,0
7165,90.91,2167.05,0
7177,83.33,2174.07,0
7188,90.91,2169.38,0
7199,90.91,2171.73,0
7211,83.33,2166.74,0
7223,83.33,2167.22,0
7234,90.91,2166.05,0
7245,90.91,2172.37,0
7257,83.33,2174.79,0
7268,90.91,2172.62,0
7279,90.91,2168.89,0
7291,83.33,2167.22,0
7303,83.33,2170.92,0
7314,90.91,2174.06,0
7325,90.91,2175.25,0
7336,90.91,2172.78,0
7348,83.33,2168.99,0
7360,83.33,2164.09,0
7371,90.91,2167.06,0
7383,83.33,2169.26,0
7394,90.91,2172.14,0
7405,90.91,2173.45,0
7416,90.91,2172.03,0
7429,76.92,2168.60,0
7440,90.91,2166.09,0
7451,90.91,2166.77,0
7462,90.91,2171.67,0
7474,83.33,2177.13,0
7485,90.91,2175.07,0
7497,83.33,2169.84,0
7508,90.91,2163.59,0
7520,83.33,2170.77,0
7531,90.91,2174.01,0
7542,90.91,2175.07,0
7554,83.33,2167.89,0
7566,83.33,2166.11,0
7577,90.91,2162.70,0
7588,90.91,2168.71,0
7600,83.33,2170.39,0
7611,90.91,2174.84,0
7622,90.91,2171.68,0
7634,90.91,2172.08,0
7646,76.92,2168.06,0
7657,90.91,2169.91,0
7668,90.91,2169.96,0
7680,83.33,2177.24,0
7691,90.91,2175.23,0
7703,90.91,2176.63,0
7714,83.33,2169.93,0
7726,83.33,2165.06,0
7737,90.91,2164.60,0
7748,90.91,2174.58,0
7759,90.91,2181.82,0
7772,83.33,2176.67,0
7783,83.33,2169.85,0
7794,90.91,2163.83,0
7805,90.91,2169.03,0
7817,83.33,2175.15,0
7828,90.91,2178.97,0
7839,90.91,2173.33,0
7852,76.92,2171.30,0
7863,90.91,2164.21,0
7874,90.91,2169.23,0
7885,90.91,2169.36,0
7897,83.33,2175.02,0
7908,90.91,2171.88,0
7920,83.33,2173.61,0
7931,90.91,2169.48,0
7943,83.33,2168.66,0
7954,90.91,2166.79,0
7965,90.91,2174.15,0
7976,90.91,2174.67,0
7989,76.92,2175.56,0
8000,90.91,2168.31,0
8011,90.91,2162.80,0
8023,83.33,2166.81,0
8034,90.91,2169.79,0
8045,90.91,2178.11,0
8057,83.33,2172.15,0
8069,83.33,2170.39,0
8080,90.91,2158.78,0
8091,90.91,2167.35,0
8102,90.91,2168.56,0
8114,83.33,2179.17,0
8126,83.33,2169.99,0
8137,90.91,2172.97,0
8148,90.91,2166.33,0
8160,83.33,2167.17,0
8171,90.91,2165.38,0
8182,90.91,2171.04,0
8195,76.92,2171.94,0
8206,90.91,2172.33,0
8217,90.91,2169.06,0
8228,90.91,2160.85,0
8240,83.33,2167.66,0
8251,90.91,2170.83,0
8263,83.33,2180.32,0
8274,90.91,2172.90,0
8286,83.33,2170.42,0
8297,90.91,2164.21,0
8308,90.91,2171.29,0
8320,83.33,2170.58,0
8332,83.33,2176.61,0
8343,90.91,2173.80,0
8354,90.91,2172.19,0
8366,83.33,2167.60,0
8377,90.91,2166.82,0
8388,90.91,2168.48,0
8400,90.91,2171.32,0
8412,83.33,2176.28,0
8423,90.91,2175.23,0
8434,90.91,2172.76,0
8445,90.91,2162.86,0
8457,83.33,2169.73,0
8469,90.91,2172.59,0
8480,83.33,2177.16,0
8492,83.33,2170.09,0
8503,90.91,2170.83,0
8514,90.91,2163.07,0
8525,90.91,2167.72,0
8538,83.33,2171.49,0
8549,83.33,2181.57,0
8560,90.91,2174.18,0
8571,90.91,2171.14,0
8583,83.33,2162.70,0
8594,90.91,2169.84,0
8605,90.91,2171.49,0
8617,83.33,2174.16,0
8629,83.33,2171.12,0
8640,90.91,2171.80,0
8651,90.91,2168.55,0
8663,83.33,2170.06,0
8674,90.91,2167.12,0
8686,83.33,2172.32,0
8697,90.91,2175.05,0
8709,83.33,2175.42,0
8720,90.91,2167.98,0
8731,90.91,2164.36,0
8742,90.91,2166.39,0
8755,76.92,2173.31,0
8766,90.91,2178.21,0
8777,90.91,2177.87,0
8788,90.91,2171.78,0
8800,83.33,2162.60,0
8811,90.91,2166.99,0
8823,83.33,2174.48,0
8835,83.33,2176.76,0
8846,90.91,2174.04,0
8857,90.91,2169.26,0
8868,90.91,2167.78,0
8880,83.33,2166.30,0
8892,83.33,2168.42,0
8903,90.91,2171.48,0
8914,90.91,2174.13,0
8926,83.33,2173.28,0
8937,90.91,2169.77,0
8948,90.91,2167.59,0
8961,76.92,2169.56,0
8972,90.91,2170.09,0
8983,90.91,2175.47,0
8994,90.91,2175.95,0
9006,83.33,2172.10,0
9017,90.91,2165.45,0
9029,83.33,2167.83,0
9040,90.91,2173.60,0
9052,83.33,2174.67,0
9063,90.91,2175.96,0
9074,90.91,2169.52,0
9085,90.91,2167.51,0
9098,83.33,2171.72,0
9109,83.33,2173.26,0
9120,90.91,2169.29,0
9132,83.33,2169.01,0
9143,90.91,2171.13,0
9154,90.91,2173.24,0
9166,90.91,2167.82,0
9178,76.92,2163.52,0
9189,90.91,2167.69,0
9200,90.91,2173.71,0
9211,90.91,2183.35,0
9223,83.33,2171.07,0
9234,90.91,2157.41,0
9246,83.33,2163.99,0
9257,90.91,2175.14,0
9269,83.33,2182.41,0
9280,90.91,2170.77,0
9291,90.91,2168.36,0
9303,83.33,2165.18,0
9315,83.33,2173.74,0
9326,90.91,2168.86,0
9337,90.91,2172.09,0
9349,83.33,2173.52,0
9360,90.91,2172.67,0
9371,90.91,2171.08,0
9383,83.33,2168.51,0
9395,83.33,2167.42,0
9406,90.91,2169.58,0
9417,90.91,2175.17,0
9428,90.91,2177.34,0
9440,83.33,2175.85,0
9452,83.33,2156.08,0
9463,90.91,2159.86,0
9475,83.33,2172.18,0
9486,90.91,2181.39,0
9497,90.91,2178.82,0
9508,90.91,2157.21,0
9521,76.92,2162.73,0
9532,90.91,2177.41,0
9543,90.91,2175.76,0
9554,90.91,2167.78,0
9566,83.33,2163.04,0
9577,90.91,2168.30,0
9589,83.33,2178.98,0
9601,83.33,2177.14,0
9612,90.91,2163.43,0
9623,90.91,2162.37,0
9634,90.91,2170.60,0
9646,83.33,2180.84,0
9658,83.33,2180.20,0
9669,90.91,2162.38,0
9680,90.91,2157.55,0
9692,83.33,2166.95,0
9703,90.91,2187.45,0
9714,90.91,2178.06,0
9726,83.33,2164.25,0
9738,83.33,2149.79,0
9749,90.91,2166.48,0
9760,90.91,2181.18,0
9772,83.33,2179.21,0
9783,90.91,2166.07,0
9795,83.33,2161.03,0
9806,90.91,2167.69,0
9818,83.33,2175.33,0
9829,90.91,2168.38,0
9840,90.91,2164.59,0
9851,90.91,2165.44,0
9864,83.33,2177.79,0
9875,83.33,2177.51,0
9886,90.91,2165.24,0
9897,90.91,2158.24,0
9909,83.33,2169.24,0
9920,90.91,2184.69,0
9932,90.91,2184.15,0
9944,76.92,2172.93,0
9955,90.91,2153.05,0
9966,90.91,2162.58,0
9977,90.91,2176.68,0
9989,83.33,2189.38,0
10001,90.91,2171.54,0
10012,83.33,2162.20,0
10023,90.91,2159.71,0
10035,83.33,2176.54,0
10046,90.91,2178.44,0
10057,90.91,2170.75,0
10068,90.91,2162.10,0
10081,76.92,2167.49,0
10092,90.91,2176.82,0
10103,90.91,2173.73,0
10115,83.33,2164.18,0
10126,90.91,2161.83,0
10137,90.91,2177.48,0
10149,83.33,2183.25,0
10161,83.33,2177.64,0
10172,90.91,2158.56,0
10183,90.91,2161.67,0
10194,90.91,2173.35,0
10206,83.33,2186.91,0
10218,83.33,2176.52,0
10229,90.91,2165.90,0
10241,83.33,2158.45,0
10252,90.91,2170.47,0
10263,90.91,2180.12,0
10274,90.91,2179.01,0
10287,76.92,2166.94,0
10298,90.91,2165.53,0
10309,90.91,2171.67,0
10320,90.91,2176.36,0
10332,83.33,2172.99,0
10343,90.91,2168.17,0
10355,83.33,2169.51,0
10366,90.91,2175.99,0
10378,83.33,2176.74,0
10389,90.91,2170.07,0
10400,90.91,2162.48,0
10412,83.33,2168.19,0
10424,83.33,2181.93,0
10435,90.91,2179.19,0
10446,90.91,2166.55,0
10458,83.33,2159.50,0
10469,90.91,2164.47,0
10480,90.91,2178.35,0
10492,83.33,2179.45,0
10504,83.33,2172.18,0
10515,90.91,2163.72,0
10526,90.91,2166.18,0
10537,90.91,2170.59,0
10549,83.33,2172.84,0
10561,83.33,2168.03,0
10572,90.91,2169.96,0
10584,83.33,2174.48,0
10595,90.91,2171.95,0
10606,90.91,2165.20,0
10617,90.91,2163.68,0
10630,76.92,2166.98,0
10641,90.91,2178.30,0
10652,90.91,2175.50,0
10663,90.91,2172.86,0
10675,83.33,2160.93,0
10686,90.91,2164.38,0
10698,90.91,2169.27,0
10710,76.92,2179.78,0
10721,90.91,2172.20,0
10732,90.91,2168.24,0
10743,90.91,2161.20,0
10755,83.33,2166.92,0
10767,90.91,2172.22,0
10778,83.33,2176.72,0
10789,90.91,2173.62,0
10801,83.33,2172.63,0
10812,90.91,2167.85,0
10823,90.91,2167.47,0
10835,90.91,2164.88,0
10847,76.92,2168.20,0
10858,90.91,2172.79,0
10869,90.91,2178.53,0
10881,83.33,2169.53,0
10892,90.91,2161.04,0
10903,90.91,2163.06,0
10915,83.33,2173.08,0
10927,83.33,2175.51,0
10938,90.91,2176.26,0
10949,90.91,2171.06,0
10960,90.91,2167.99,0
10972,83.33,2168.03,0
10984,83.33,2174.19,0
10995,90.91,2173.83,0
11006,90.91,2174.10,0
11018,83.33,2170.78,0
11029,90.91,2165.78,0
11040,90.91,2166.19,0
11053,76.92,2166.66,0
11064,90.91,2173.51,0
11075,90.91,2172.63,0
11086,90.91,2173.33,0
11098,83.33,2168.21,0
11109,90.91,2165.76,0
11121,83.33,2164.25,0
11132,90.91,2169.86,0
11144,83.33,2172.65,0
11155,90.91,2175.61,0
11166,90.91,2167.56,0
11177,90.91,2164.43,0
11190,76.92,2163.92,0
11201,90.91,2171.46,0
11212,90.91,2180.29,0
11224,83.33,2173.69,0
11235,90.91,2167.89,0
11246,90.91,2162.57,0
11258,83.33,2169.32,0
11270,83.33,2170.17,0
11281,90.91,2170.65,0
11292,90.91,2175.05,0
11303,90.91,2173.84,0
11315,83.33,2167.96,0
11327,83.33,2167.04,0
11338,90.91,2169.53,0
11350,83.33,2170.87,0
11361,90.91,2173.71,0
11372,90.91,2173.24,0
11383,90.91,2165.46,0
11396,76.92,2161.40,0
11407,90.91,2167.97,0
11418,90.91,2174.31,0
11429,90.91,2177.34,0
11441,83.33,2172.59,0
11452,90.91,2166.80,0
11464,83.33,2163.64,0
11475,90.91,2167.90,0
11487,83.33,2169.50,0
11498,90.91,2173.79,0
11509,90.91,2170.64,0
11521,83.33,2173.52,0
11533,83.33,2170.19,0
11544,90.91,2167.73,0
11555,90.91,2164.85,0
11567,83.33,2172.83,0
11578,90.91,2177.17,0
11589,90.91,2176.15,0
11601,83.33,2170.40,0
11613,83.33,2161.49,0
11624,90.91,2166.92,0
11635,90.91,2176.12,0
11646,90.91,2179.69,0
11658,83.33,2174.52,0
11670,90.91,2165.15,0
11681,83.33,2167.27,0
11693,83.33,2170.97,0
11704,90.91,2172.43,0
11715,90.91,2173.15,0
11726,90.91,2168.86,0
11739,83.33,2167.00,0
11750,83.33,2170.44,0
11761,90.91,2167.68,0
11772,90.91,2166.98,0
11784,83.33,2172.63,0
11795,90.91,2174.93,0
11807,90.91,2173.88,0
11819,76.92,2165.85,0
11830,90.91,2162.89,0
11841,90.91,2165.07,0
11852,90.91,2174.32,0
11864,83.33,2179.23,0
11875,90.91,2174.76,0
11887,83.33,2168.73,0
11898,90.91,2164.46,0
11910,83.33,2170.85,0
11921,90.91,2173.64,0
11932,90.91,2173.30,0
11943,90.91,2173.58,0
11956,76.92,2167.36,0
11967,90.91,2166.70,0
11978,90.91,2170.01,0
11990,83.33,2169.11,0
12001,90.91,2172.22,0
12012,90.91,2171.66,0
12024,83.33,2177.21,0
12036,83.33,2171.42,0
12047,90.91,2167.30,0
12058,90.91,2166.92,0
12069,90.91,2176.35,0
12081,83.33,2176.98,0
12093,83.33,2175.11,0
12104,90.91,2166.15,0
12115,90.91,2162.26,0
12127,83.33,2165.92,0
12138,90.91,2173.80,0
12149,90.91,2176.57,0
12162,76.92,2170.32,0
12173,90.91,2171.05,0
12184,90.91,2161.88,0
12195,90.91,2172.42,0
12207,83.33,2169.34,0
12218,90.91,2174.57,0
12230,83.33,2170.99,0
12241,90.91,2176.66,0
12253,83.33,2166.99,0
12264,90.91,2168.81,0
12275,90.91,2164.72,0
12286,90.91,2173.31,0
12299,76.92,2171.69,0
12310,90.91,2173.41,0
12321,90.91,2164.67,0
12333,83.33,2161.61,0
12344,90.91,2167.07,0
12355,90.91,2173.81,0
12367,90.91,2176.32,0
12379,83.33,2171.49,0
12390,90.91,2168.41,0
12401,90.91,2164.95,0
12412,90.91,2169.33,0
12424,83.33,2170.64,0
12436,90.91,2171.76,0
12447,83.33,2171.47,0
12459,83.33,2172.37,0
12470,90.91,2168.84,0
12481,90.91,2168.34,0
12492,90.91,2168.30,0
12505,83.33,2170.64,0
12516,83.33,2172.10,0
12527,90.91,2170.88,0
12538,90.91,2167.55,0
12550,83.33,2165.15,0
12561,90.91,2166.19,0
12572,90.91,2177.70,0
12584,83.33,2177.64,0
12596,83.33,2174.72,0
12607,90.91,2168.73,0
12618,90.91,2168.71,0
12630,83.33,2165.40,0
12641,90.91,2173.43,0
12653,83.33,2175.20,0
12664,90.91,2176.24,0
12676,83.33,2174.44,0
12687,90.91,2166.56,0
12698,90.91,2166.66,0
12709,90.91,2169.07,0
12722,76.92,2177.32,0
12733,90.91,2172.27,0
12744,90.91,2176.12,0
12755,90.91,2164.13,0
12767,83.33,2170.47,0
12778,90.91,2161.30,0
12790,83.33,2177.78,0
12802,83.33,2177.61,0
12813,90.91,2177.70,0
12824,90.91,2166.57,0
12835,90.91,2168.51,0
12847,83.33,2171.76,0
12859,83.33,2175.05,0
12870,90.91,2177.51,0
12881,90.91,2173.58,0
12893,83.33,2170.78,0
12904,90.91,2167.07,0
12915,90.91,2168.94,0
12928,76.92,2165.00,0
12939,90.91,2174.85,0
12950,90.91,2174.64,0
12961,90.91,2176.24,0
12973,83.33,2163.22,0
12984,90.91,2168.78,0
12996,83.33,2168.26,0
13007,90.91,2173.29,0
13019,83.33,2175.08,0
13030,90.91,2175.79,0
13041,90.91,2165.58,0
13052,90.91,2164.19,0
13065,76.92,2167.10,0
13076,90.91,2174.88,0
13087,90.91,2176.82,0
13099,83.33,2173.74,0
13110,90.91,2170.18,0
13121,90.91,2166.53,0
13133,83.33,2169.51,0
13145,83.33,2170.10,0
13156,90.91,2174.99,0
13167,90.91,2177.31,0
13178,90.91,2175.18,0
13190,83.33,2167.64,0
13202,83.33,2168.12,0
13213,90.91,2168.36,0
13224,90.91,2174.85,0
13236,83.33,2175.03,0
13247,90.91,2173.49,0
13258,90.91,2162.44,0
13271,83.33,2164.02,0
13282,83.33,2166.56,0
13293,90.91,2173.10,0
13304,90.91,2174.12,0
13316,83.33,2174.42,0
13327,90.91,2164.55,0
13339,90.91,2166.64,0
13350,83.33,2169.34,0
13362,83.33,2173.61,0
13373,90.91,2173.94,0
13384,90.91,2175.97,0
13395,90.91,2173.98,0
13408,83.33,2166.27,0
13419,83.33,2166.27,0
13430,90.91,2165.11,0
13442,83.33,2175.00,0
13453,90.91,2176.73,0
13464,90.91,2173.69,0
13475,90.91,2164.75,0
13488,76.92,2169.52,0
13499,90.91,2172.51,0
13510,90.91,2179.92,0
13521,90.91,2176.26,0
13533,83.33,2171.52,0
13544,90.91,2164.55,0
13556,83.33,2166.55,0
13568,83.33,2169.15,0
13579,90.91,2173.76,0
13590,90.91,2173.18,0
13601,90.91,2170.68,0
13613,83.33,2172.96,0
13625,83.33,2164.84,0
13636,90.91,2169.82,0
13647,90.91,2166.10,0
13659,83.33,2172.52,0
13670,90.91,2170.73,0
13681,90.91,2172.50,0
13693,83.33,2165.83,0
13705,83.33,2167.58,0
13716,90.91,2168.81,0
13727,90.91,2175.32,0
13739,83.33,2180.92,0
13750,90.91,2173.21,0
13762,83.33,2166.50,0
13773,90.91,2161.45,0
13785,83.33,2169.55,0
13796,90.91,2171.92,0
13807,90.91,2173.82,0
13818,90.91,2168.38,0
13831,76.92,2169.22,0
13842,90.91,2164.73,0
13853,90.91,2169.19,0
13864,90.91,2172.15,0
13876,83.33,2172.34,0
13887,90.91,2170.16,0
13899,83.33,2174.34,0
13911,83.33,2167.38,0
13922,90.91,2165.84,0
13933,90.91,2164.16,0
13944,90.91,2173.01,0
13956,83.33,2172.62,0
13968,83.33,2175.87,0
13979,90.91,2163.13,0
13990,90.91,2164.46,0
14002,83.33,2167.72,0
14013,90.91,2173.86,0
14024,90.91,2175.66,0
14036,83.33,2171.96,0
14048,83.33,2168.16,0
14059,90.91,2169.84,0
14070,90.91,2169.48,0
14082,83.33,2173.11,0
14093,90.91,2170.26,0
14105,90.91,2171.44,0
14116,83.33,2172.35,0
14128,83.33,2166.85,0
14139,90.91,2169.26,0
14150,90.91,2170.98,0
14161,90.91,2173.26,0
14174,83.33,2174.36,0
14185,83.33,2174.71,0
14196,90.91,2167.24,0
14208,83.33,2165.88,0
14219,90.91,2170.58,0
14230,90.91,2176.41,0
14241,90.91,2176.67,0
14254,76.92,2170.50,0
14265,90.91,2164.93,0
14276,90.91,2167.58,0
14287,90.91,2172.75,0
14299,83.33,2175.46,0
14310,90.91,2176.45,0
14322,83.33,2171.17,0
14333,90.91,2172.98,0
14345,83.33,2165.68,0
14356,90.91,2168.53,0
14367,90.91,2165.78,0
14379,83.33,2173.20,0
14391,83.33,2173.92,0
14402,90.91,2176.90,0
14413,90.91,2163.57,0
14425,83.33,2164.15,0
14436,90.91,2164.30,0
14447,90.91,2179.92,0
14459,83.33,2177.30,0
14471,83.33,2171.65,0
14482,90.91,2166.66,0
14493,90.91,2165.98,0
14504,90.91,2171.18,0
14516,83.33,2171.88,0
14528,83.33,2176.05,0
14539,90.91,2169.29,0
14551,83.33,2171.11,0
14562,90.91,2164.21,0
14573,90.91,2169.98,0
14584,90.91,2170.12,0
14597,76.92,2179.47,0
14608,90.91,2170.99,0
14619,90.91,2171.85,0
14630,90.91,2164.86,0
14642,83.33,2169.54,0
14653,90.91,2168.11,0
14665,83.33,2175.15,0
14676,90.91,2175.26,0
14688,83.33,2172.05,0
14699,90.91,2165.03,0
14710,90.91,2161.00,0
14722,83.33,2169.70,0
14734,83.33,2174.53,0
14745,90.91,2175.47,0
14756,90.91,2171.14,0
14768,83.33,2171.53,0
14779,90.91,2164.29,0
14790,90.91,2167.31,0
14802,83.33,2167.49,0
14814,83.33,2174.71,0
14825,90.91,2173.81,0
14836,90.91,2173.22,0
14848,83.33,2161.81,0
14859,90.91,2165.42,0
14871,90.91,2169.19,0
14882,83.33,2176.38,0
14894,83.33,2174.48,0
14905,90.91,2169.74,0
14916,90.91,2164.66,0
14927,90.91,2165.78,0
14940,83.33,2170.98,0
14951,83.33,2174.64,0
14962,90.91,2172.33,0
14973,90.91,2168.76,0
14985,83.33,2166.32,0
14996,90.91,2161.39,0
15007,90.91,2167.97,0
15020,76.92,2170.19,0
15031,90.91,2172.77,0
15042,90.91,2173.89,0
15053,90.91,2172.29,0
15065,83.33,2165.59,0
15076,90.91,2168.33,0
15088,83.33,2170.80,0
15099,90.91,2178.42,0
15111,83.33,2173.48,0
15122,90.91,2172.20,0
15133,90.91,2160.24,0
15144,90.91,2167.43,0
15157,76.92,2167.46,0
15168,90.91,2177.48,0
15179,90.91,2172.89,0
15191,83.33,2171.78,0
15202,90.91,2165.60,0
15213,90.91,2168.63,0
15225,83.33,2165.54,0
15237,83.33,2175.86,0
15248,90.91,2174.77,0
15259,90.91,2176.37,0
15270,90.91,2170.94,0
15282,83.33,2165.33,0
15294,83.33,2169.64,0
15305,90.91,2176.04,0
15316,90.91,2171.87,0
15328,83.33,2176.47,0
15339,90.91,2172.27,0
15350,90.91,2168.57,0
15363,76.92,2163.03,0
15374,90.91,2168.66,0
15385,90.91,2176.24,0
15396,90.91,2177.96,0
15408,83.33,2170.14,0
15419,90.91,2165.34,0
15431,83.33,2166.99,0
15442,90.91,2171.09,0
15454,83.33,2174.26,0
15465,90.91,2172.83,0
15476,90.91,2170.85,0
15488,83.33,2173.47,0
15500,83.33,2169.21,0
15511,90.91,2166.21,0
15522,90.91,2168.81,0
15534,83.33,2174.57,0
15545,90.91,2176.48,0
15556,90.91,2172.39,0
15568,90.91,2164.61,0
15580,83.33,2167.56,0
15591,90.91,2168.69,0
15602,90.91,2176.22,0
15613,90.91,2172.68,0
15625,83.33,2169.11,0
15637,90.91,2167.66,0
15648,83.33,2164.25,0
15660,83.33,2172.76,0
15671,90.91,2174.49,0
15682,90.91,2175.52,0
15693,90.91,2166.94,0
15705,83.33,2167.97,0
15717,83.33,2166.09,0
15728,90.91,2169.14,0
15739,90.91,2169.99,0
15751,83.33,2172.78,0
15762,90.91,2168.37,0
15773,90.91,2173.01,0
15785,83.33,2167.61,0
15797,83.33,2169.52,0
15808,90.91,2168.05,0
15819,90.91,2177.74,0
15831,83.33,2175.95,0
15842,90.91,2173.27,0
15854,83.33,2163.49,0
15865,90.91,2166.85,0
15877,83.33,2167.21,0
15888,90.91,2174.68,0
15899,90.91,2174.33,0
15910,90.91,2172.31,0
15923,76.92,2167.25,0
15934,90.91,2163.97,0
15945,90.91,2167.01,0
15956,90.91,2169.96,0
15968,83.33,2172.41,0
15979,90.91,2174.54,0
15991,83.33,2172.49,0
16003,83.33,2162.34,0
16014,90.91,2167.72,0
16025,90.91,2167.11,0
16036,90.91,2177.73,0
16048,83.33,2172.52,0
16060,83.33,2171.90,0
16071,90.91,2163.28,0
16082,90.91,2169.09,0
16094,83.33,2168.47,0
16105,90.91,2174.58,0
16116,90.91,2173.65,0
16129,76.92,2171.84,0
16140,90.91,2161.81,0
16151,90.91,2166.52,0
16162,90.91,2172.00,0
16174,83.33,2174.70,0
16185,90.91,2173.50,0
16197,83.33,2168.85,0
16208,90.91,2170.09,0
16220,83.33,2163.62,0
16231,90.91,2165.91,0
16242,90.91,2167.59,0
16253,90.91,2174.75,0
16266,83.33,2174.58,0
16277,83.33,2172.68,0
16288,90.91,2163.04,0
16300,83.33,2165.54,0
16311,90.91,2168.37,0
16322,90.91,2177.31,0
16334,90.91,2175.02,0
16346,76.92,2171.44,0
16357,90.91,2166.37,0
16368,90.91,2168.12,0
16379,90.91,2171.23,0
16391,83.33,2174.58,0
16402,90.91,2175.45,0
16414,83.33,2171.08,0
16425,90.91,2169.76,0
16437,83.33,2171.31,0
16448,90.91,2169.95,0
16459,90.91,2172.83,0
16471,83.33,2172.25,0
16483,83.33,2174.13,0
16494,90.91,2169.13,0
16505,90.91,2166.49,0
16517,83.33,2166.55,0
16528,90.91,2170.89,0
16539,90.91,2177.13,0
16551,83.33,2179.46,0
16563,83.33,2173.27,0
16574,90.91,2166.50,0
16585,90.91,2164.78,0
16596,90.91,2169.25,0
16608,83.33,2172.15,0
16620,83.33,2174.60,0
16631,90.91,2169.60,0
16643,83.33,2166.89,0
16654,90.91,2166.10,0
16665,90.91,2171.91,0
16676,90.91,2173.88,0
16689,76.92,2175.81,0
16700,90.91,2170.48,0
16711,90.91,2170.16,0
16722,90.91,2163.97,0
16734,83.33,2171.50,0
16745,90.91,2169.13,0
16757,83.33,2174.54,0
16769,83.33,2173.18,0
16780,90.91,2174.60,0
16791,90.91,2163.90,0
16802,90.91,2169.19,0
16814,83.33,2171.11,0
16826,83.33,2175.89,0
16837,90.91,2175.65,0
16848,90.91,2173.48,0
16860,83.33,2167.01,0
16871,90.91,2165.84,0
16882,90.91,2169.58,0
16894,90.91,2177.17,0
16906,76.92,2175.29,0
16917,90.91,2171.27,0
16928,90.91,2168.20,0
16940,83.33,2168.02,0
16951,90.91,2170.13,0
16963,90.91,2172.54,0
16974,83.33,2168.71,0
16986,83.33,2172.03,0
16997,90.91,2170.62,0
17008,90.91,2168.58,0
17019,90.91,2165.33,0
17031,83.33,2167.10,0
17043,83.33,2171.82,0
17054,90.91,2174.00,0
17065,90.91,2174.37,0
17077,83.33,2166.97,0
17088,90.91,2165.69,0
17099,90.91,2168.32,0
17112,76.92,2175.96,0
17123,90.91,2177.18,0
17134,90.91,2173.63,0
17145,90.91,2165.31,0
17157,83.33,2166.15,0
17168,90.91,2169.73,0
17180,83.33,2174.89,0
17191,90.91,2175.46,0
17203,83.33,2169.31,0
17214,90.91,2169.54,0
17225,90.91,2163.38,0
17236,90.91,2168.13,0
17249,76.92,2167.33,0
17260,90.91,2173.84,0
17271,90.91,2172.69,0
17283,83.33,2171.77,0
17294,90.91,2166.45,0
17305,90.91,2167.33,0
17317,83.33,2164.71,0
17329,83.33,2175.81,0
17340,90.91,2178.34,0
17351,90.91,2175.29,0
17362,90.91,2168.85,0
17374,83.33,2164.71,0
17386,83.33,2167.36,0
17397,90.91,2173.43,0
17409,83.33,2174.35,0
17420,90.91,2167.98,0
17431,90.91,2167.57,0
17442,90.91,2168.17,0
17455,83.33,2169.52,0
17466,83.33,2174.19,0
17477,90.91,2176.92,0
17488,90.91,2174.60,0
17500,83.33,2170.84,0
17511,90.91,2168.78,0
17523,90.91,2169.82,0
17534,83.33,2167.55,0
17546,83.33,2173.55,0
17557,90.91,2177.41,0
17568,90.91,2173.38,0
17580,83.33,2169.03,0
17592,90.91,2165.91,0
17603,83.33,2169.77,0
17614,90.91,2176.67,0
17626,83.33,2175.85,0
17637,90.91,2173.64,0
17648,90.91,2165.61,0
17659,90.91,2165.99,0
17672,76.92,2166.54,0
17683,90.91,2173.66,0
17694,90.91,2170.19,0
17705,90.91,2170.26,0
17717,83.33,2167.43,0
17728,90.91,2167.31,0
17740,83.33,2166.99,0
17752,83.33,2171.49,0
17763,90.91,2170.38,0
17774,90.91,2175.56,0
17785,90.91,2174.06,0
17797,83.33,2168.98,0
17809,83.33,2163.84,0
17820,90.91,2164.11,0
17831,90.91,2174.75,0
17843,83.33,2177.71,0
17854,90.91,2169.65,0
17865,90.91,2165.79,0
17878,76.92,2163.27,0
17889,90.91,2168.86,0
17900,90.91,2174.78,0
17911,90.91,2177.23,0
17923,83.33,2168.18,0
17934,90.91,2166.00,0
17946,83.33,2167.10,0
17957,90.91,2169.09,0
17969,83.33,2170.22,0
17980,90.91,2172.64,0
17991,90.91,2171.53,0
18002,90.91,2170.09,0
18015,76.92,2166.56,0
18026,90.91,2164.00,0
18037,90.91,2166.58,0
18049,83.33,2170.29,0
18060,90.91,2174.05,0
18071,90.91,2172.58,0
18083,83.33,2166.65,0
18095,83.33,2166.90,0
18106,90.91,2167.64,0
18117,90.91,2171.87,0
18128,90.91,2174.07,0
18140,83.33,2171.64,0
18152,83.33,2166.82,0
18163,90.91,2166.70,0
18174,90.91,2170.45,0
18186,83.33,2172.45,0
18197,90.91,2177.88,0
18208,90.91,2172.89,0
18221,83.33,2174.09,0
18232,83.33,2164.94,0
18243,90.91,2166.34,0
18254,90.91,2166.26,0
18266,83.33,2178.24,0
18277,90.91,2175.08,0
18289,90.91,2176.79,0
18300,83.33,2165.44,0
18312,83.33,2165.23,0
18323,90.91,2168.48,0
18334,90.91,2177.58,0
18345,90.91,2170.94,0
18358,83.33,2169.86,0
18369,83.33,2164.12,0
18380,90.91,2166.80,0
18392,83.33,2168.19,0
18403,90.91,2172.73,0
18414,90.91,2171.76,0
18425,90.91,2171.33,0
18438,76.92,2169.37,0
18449,90.91,2163.68,0
18460,90.91,2170.57,0
18471,90.91,2170.54,0
18483,83.33,2179.50,0
18494,90.91,2175.69,0
18506,83.33,2173.56,0
18518,83.33,2167.71,0
18529,90.91,2168.29,0
18540,90.91,2168.92,0
18551,90.91,2178.20,0
18563,83.33,2176.14,0
18575,83.33,2172.24,0
18586,90.91,2167.21,0
18597,90.91,2165.17,0
18609,83.33,2170.34,0
18620,90.91,2173.80,0
18631,90.91,2176.05,0
18643,83.33,2171.72,0
18655,83.33,2169.19,0
18666,90.91,2165.91,0
18677,90.91,2171.40,0
18689,83.33,2169.28,0
18700,90.91,2174.89,0
18712,83.33,2173.22,0
18723,90.91,2171.78,0
18735,83.33,2161.46,0
18746,90.91,2167.47,0
18757,90.91,2167.19,0
18768,90.91,2174.95,0
18781,76.92,2174.64,0
18792,90.91,2170.55,0
18803,90.91,2165.82,0
18814,90.91,2166.50,0
18826,83.33,2169.75,0
18837,90.91,2177.75,0
18849,83.33,2174.16,0
18861,83.33,2170.93,0
18872,90.91,2167.92,0
18883,90.91,2166.00,0
18894,90.91,2166.31,0
18906,83.33,2172.52,0
18918,83.33,2175.15,0
18929,90.91,2173.41,0
18940,90.91,2172.26,0
18952,83.33,2167.02,0
18963,90.91,2170.62,0
18974,90.91,2169.30,0
18987,76.92,2173.95,0
18998,90.91,2172.59,0
19009,90.91,2173.33,0
19020,90.91,2164.54,0
19032,83.33,2165.15,0
19043,90.91,2169.08,0
19055,83.33,2176.58,0
19066,90.91,2176.91,0
19078,83.33,2172.66,0
19089,90.91,2167.34,0
19100,90.91,2164.22,0
19111,90.91,2167.80,0
19124,83.33,2171.01,0
19135,83.33,2175.79,0
19146,90.91,2169.29,0
19158,83.33,2170.21,0
19169,90.91,2164.08,0
19180,90.91,2170.97,0
19192,90.91,2166.11,0
19204,76.92,2174.67,0
19215,90.91,2171.56,0
19226,90.91,2174.99,0
19237,90.91,2163.15,0
19249,83.33,2168.24,0
19261,90.91,2166.06,0
19272,83.33,2176.35,0
19283,90.91,2175.15,0
19295,83.33,2174.92,0
19306,90.91,2166.73,0
19317,90.91,2163.60,0
19329,83.33,2166.19,0
19341,83.33,2175.15,0
19352,90.91,2174.03,0
19363,90.91,2174.08,0
19375,83.33,2168.37,0
19386,90.91,2166.27,0
19397,90.91,2171.27,0
19409,83.33,2171.19,0
19421,83.33,2177.15,0
19432,90.91,2173.10,0
19443,90.91,2172.55,0
19454,90.91,2165.51,0
19466,83.33,2169.22,0
19478,83.33,2170.44,0
19489,90.91,2174.94,0
19501,83.33,2173.22,0
19512,90.91,2172.04,0
19523,90.91,2168.09,0
19534,90.91,2165.87,0
19547,76.92,2170.38,0
19558,90.91,2171.88,0
19569,90.91,2175.30,0
19580,90.91,2173.53,0
19592,83.33,2168.67,0
19603,90.91,2162.55,0
19615,83.33,2167.88,0
19627,83.33,2172.35,0
19638,90.91,2175.27,0
19649,90.91,2171.77,0
19660,90.91,2167.86,0
19672,83.33,2164.17,0
19684,83.33,2169.44,0
19695,90.91,2171.61,0
19706,90.91,2172.27,0
19718,83.33,2171.01,0
19729,90.91,2167.70,0
19740,90.91,2165.22,0
19752,83.33,2167.10,0
19764,83.33,2166.13,0
19775,90.91,2169.94,0
19786,90.91,2170.38,0
19798,83.33,2175.46,0
19809,90.91,2168.32,0
19821,90.91,2166.85,0
19832,83.33,2165.81,0
19844,83.33,2171.50,0
19855,90.91,2171.58,0
19866,90.91,2171.35,0
19877,90.91,2167.67,0
19890,83.33,2164.89,0
19901,83.33,2167.99,0
19912,90.91,2174.28,0
19923,90.91,2171.89,0
19935,83.33,2170.67,0
19946,90.91,2170.61,0
19957,90.91,2167.53,0
19970,76.92,2169.47,0
19981,90.91,2168.61,0
19992,90.91,2172.40,0
20003,90.91,2175.63,0
20015,83.33,2172.48,0
20026,90.91,2169.60,0
20038,83.33,2163.93,0
20049,90.91,2166.08,0
20061,83.33,2170.68,0
20072,90.91,2174.17,0
20083,90.91,2173.88,0
20094,90.91,2170.51,0
20107,76.92,2165.03,0
20118,90.91,2168.89,0
20129,90.91,2169.00,0
20141,83.33,2177.18,0
20152,90.91,2172.87,0
20163,90.91,2171.17,0
20175,83.33,2161.03,0
20187,83.33,2167.61,0
20198,90.91,2168.80,0
20209,90.91,2175.99,0
20220,90.91,2172.54,0
20232,83.33,2175.16,0
20244,83.33,2167.42,0
20255,90.91,2167.87,0
20267,83.33,2167.48,0
20278,90.91,2176.02,0
20289,90.91,2178.14,0
20300,90.91,2174.09,0
20313,76.92,2170.79,0
20324,90.91,2162.47,0
20335,90.91,2171.56,0
20346,90.91,2169.83,0
20358,83.33,2176.54,0
20369,90.91,2168.94,0
20381,83.33,2175.30,0
20392,90.91,2166.77,0
20404,83.33,2171.18,0
20415,90.91,2167.53,0
20426,90.91,2176.96,0
20438,83.33,2173.97,0
20450,83.33,2177.03,0
20461,90.91,2168.14,0
20472,90.91,2168.05,0
20484,83.33,2167.88,0
20495,90.91,2169.95,0
20506,90.91,2173.15,0
20518,90.91,2171.06,0
20530,76.92,2169.81,0
20541,90.91,2166.62,0
20552,90.91,2169.71,0
20563,90.91,2170.98,0
20575,83.33,2175.88,0
20587,90.91,2171.08,0
20598,83.33,2169.91,0
20610,83.33,2163.28,0
20621,90.91,2167.16,0
20632,90.91,2168.54,0
20643,90.91,2173.79,0
20655,83.33,2173.58,0
20667,83.33,2173.17,0
20678,90.91,2165.50,0
20689,90.91,2164.83,0
20701,83.33,2165.66,0
20712,90.91,2175.97,0
20723,90.91,2174.57,0
20736,76.92,2173.01,0
20747,90.91,2165.37,0
20758,90.91,2165.12,0
20769,90.91,2168.42,0
20781,83.33,2171.99,0
20792,90.91,2173.60,0
20804,83.33,2170.65,0
20815,90.91,2169.55,0
20827,83.33,2165.72,0
20838,90.91,2166.08,0
20849,90.91,2168.60,0
20860,90.91,2172.26,0
20873,76.92,2173.01,0
20884,90.91,2171.11,0
20895,90.91,2166.01,0
20907,83.33,2163.12,0
20918,90.91,2170.89,0
20929,90.91,2177.85,0
20941,83.33,2175.22,0
20953,83.33,2170.87,0
20964,90.91,2166.47,0
20975,90.91,2166.79,0
20986,90.91,2170.57,0
20998,83.33,2172.81,0
21010,83.33,2174.60,0
21021,90.91,2172.40,0
21032,90.91,2171.79,0
21044,83.33,2171.49,0
21055,90.91,2171.68,0
21066,90.91,2173.79,0
21079,76.92,2174.76,0
21090,90.91,2174.61,0
21101,90.91,2173.32,0
21112,90.91,2165.83,0
21124,83.33,2165.14,0
21135,90.91,2169.70,0
21147,90.91,2178.40,0
21158,83.33,2176.34,0
21170,83.33,2166.42,0
21181,90.91,2163.83,0
21192,90.91,2163.89,0
21203,90.91,2172.72,0
21216,83.33,2173.06,0
21227,83.33,2176.30,0
21238,90.91,2168.55,0
21250,83.33,2172.59,0
21261,90.91,2171.38,0
21272,90.91,2169.90,0
21284,90.91,2168.55,0
21296,76.92,2172.07,0
21307,90.91,2172.91,0
21318,90.91,2174.45,0
21329,90.91,2165.61,0
21341,83.33,2166.45,0
21352,90.91,2168.51,0
21364,83.33,2178.68,0
21376,83.33,2177.11,0
21387,90.91,2174.11,0
21398,90.91,2164.11,0
21409,90.91,2167.74,0
21421,83.33,2169.49,0
21433,83.33,2178.12,0
21444,90.91,2174.17,0
21455,90.91,2172.51,0
21467,83.33,2166.26,0
21478,90.91,2167.39,0
21489,90.91,2169.48,0
21501,83.33,2172.46,0
21513,83.33,2173.32,0
21524,90.91,2172.97,0
21535,90.91,2169.28,0
21547,83.33,2168.16,0
21558,90.91,2168.28,0
21570,83.33,2169.06,0
21581,90.91,2177.45,0
21593,83.33,2173.56,0
21604,90.91,2173.33,0
21615,90.91,2167.16,0
21626,90.91,2167.27,0
21639,76.92,2166.61,0
21650,90.91,2173.60,0
21661,90.91,2177.07,0
21672,90.91,2172.94,0
21684,83.33,2167.48,0
21695,90.91,2166.03,0
21707,83.33,2168.86,0
21719,83.33,2174.43,0
21730,90.91,2174.14,0
21741,90.91,2173.84,0
21752,90.91,2170.00,0
21764,83.33,2170.04,0
21776,83.33,2168.98,0
21787,90.91,2172.47,0
21798,90.91,2171.97,0
21810,83.33,2174.02,0
21821,90.91,2172.17,0
21832,90.91,2167.61,0
21844,90.91,2164.87,0
21856,83.33,2170.15,0
21867,90.91,2175.71,0
21878,90.91,2176.16,0
21890,83.33,2172.41,0
21901,90.91,2165.70,0
21913,90.91,2163.86,0
21924,83.33,2169.36,0
21936,83.33,2174.48,0
21947,90.91,2175.48,0
21958,90.91,2173.12,0
21969,90.91,2172.01,0
21982,83.33,2169.05,0
21993,83.33,2172.41,0
22004,90.91,2170.28,0
22016,83.33,2173.85,0
22027,90.91,2170.58,0
22038,90.91,2173.20,0
22049,90.91,2165.38,0
22062,76.92,2169.42,0
22073,90.91,2167.26,0
22084,90.91,2174.80,0
22095,90.91,2174.27,0
22107,83.33,2176.30,0
22118,90.91,2165.68,0
22130,83.33,2167.64,0
22141,90.91,2169.45,0
22153,83.33,2174.75,0
22164,90.91,2173.44,0
22175,90.91,2169.72,0
22187,83.33,2166.96,0
22199,83.33,2163.46,0
22210,90.91,2172.17,0
22221,90.91,2171.34,0
22233,83.33,2175.46,0
22244,90.91,2171.62,0
22255,90.91,2171.90,0
22267,83.33,2169.03,0
22279,83.33,2168.85,0
22290,90.91,2168.29,0
22301,90.91,2171.59,0
22312,90.91,2175.29,0
22324,83.33,2170.77,0
22336,83.33,2167.12,0
22347,90.91,2161.49,0
22359,83.33,2170.40,0
22370,90.91,2175.38,0
22381,90.91,2178.00,0
22392,90.91,2170.49,0
22405,76.92,2168.77,0
22416,90.91,2164.53,0
22427,90.91,2169.66,0
22438,90.91,2174.08,0
22450,83.33,2176.90,0
22461,90.91,2174.79,0
22473,83.33,2169.16,0
22484,90.91,2168.90,0
22496,83.33,2169.14,0
22507,90.91,2172.09,0
22518,90.91,2172.99,0
22530,83.33,2174.34,0
22542,83.33,2172.22,0
22553,90.91,2163.35,0
22564,90.91,2162.98,0
22576,83.33,2167.99,0
22587,90.91,2174.41,0
22598,90.91,2174.04,0
22610,83.33,2173.41,0
22622,83.33,2166.64,0
22633,90.91,2166.71,0
22644,90.91,2169.32,0
22656,83.33,2176.89,0
22667,90.91,2173.29,0
22679,90.91,2169.65,0
22690,83.33,2167.87,0
22702,83.33,2162.00,0
22713,90.91,2171.42,0
22724,90.91,2164.69,0
22735,90.91,2170.00,0
22748,83.33,2172.16,0
22759,83.33,2172.48,0
22770,90.91,2164.03,0
22781,90.91,2170.48,0
22793,83.33,2162.71,0
22804,90.91,2178.17,0
22815,90.91,2174.53,0
22828,76.92,2172.29,0
22839,90.91,2163.39,0
22850,90.91,2165.32,0
22861,90.91,2169.03,0
22873,83.33,2177.30,0
22884,90.91,2176.97,0
22896,83.33,2174.98,0
22907,90.91,2171.46,0
22919,83.33,2169.67,0
22930,90.91,2169.71,0
22941,90.91,2175.89,0
22952,90.91,2173.45,0
22965,76.92,2177.48,0
22976,90.91,2172.66,0
22987,90.91,2166.15,0
22999,83.33,2167.05,0
23010,90.91,2170.02,0
23021,90.91,2173.56,0
23033,83.33,2172.34,0
23045,83.33,2171.18,0
23056,90.91,2169.67,0
23067,90.91,2167.91,0
23078,90.91,2168.17,0
23090,83.33,2174.88,0
23102,83.33,2177.15,0
23113,90.91,2174.56,0
23124,90.91,2169.75,0
23136,83.33,2166.01,0
23147,90.91,2167.96,0
23158,90.91,2174.85,0
23171,76.92,2173.67,0
23182,90.91,2174.40,0
23193,90.91,2168.59,0
23204,90.91,2165.03,0
23216,83.33,2165.85,0
23227,90.91,2172.37,0
23239,83.33,2172.97,0
23250,90.91,2173.16,0
23262,83.33,2170.93,0
23273,90.91,2165.23,0
23284,90.91,2168.64,0
23296,83.33,2171.92,0
23308,83.33,2172.37,0
23319,90.91,2173.72,0
23330,90.91,2168.80,0
23342,83.33,2165.71,0
23353,90.91,2162.33,0
23364,90.91,2165.75,0
23376,83.33,2169.02,0
23388,83.33,2173.87,0
23399,90.91,2171.25,0
23410,90.91,2169.08,0
23421,90.91,2161.01,0
23433,83.33,2166.41,0
23445,90.91,2169.39,0
23456,83.33,2176.31,0
23468,83.33,2169.23,0
23479,90.91,2170.43,0
23490,90.91,2164.93,0
23501,90.91,2167.12,0
23514,83.33,2169.58,0
23525,83.33,2173.82,0
23536,90.91,2171.14,0
23547,90.91,2175.97,0
23559,83.33,2170.02,0
23570,90.91,2166.38,0
23581,90.91,2167.13,0
23593,83.33,2169.37,0
23605,83.33,2175.85,0
23616,90.91,2171.56,0
23627,90.91,2169.90,0
23639,83.33,2163.94,0
23650,90.91,2169.54,0
23662,83.33,2173.32,0
23673,90.91,2175.64,0
23685,83.33,2171.06,0
23696,90.91,2166.45,0
23707,90.91,2161.17,0
23718,90.91,2167.51,0
23731,76.92,2170.90,0
23742,90.91,2175.92,0
23753,90.91,2172.51,0
23764,90.91,2173.26,0
23776,83.33,2167.60,0
23787,90.91,2166.81,0
23799,83.33,2169.83,0
23811,83.33,2172.66,0
23822,90.91,2173.93,0
23833,90.91,2174.64,0
23844,90.91,2170.12,0
23856,83.33,2162.77,0
23868,83.33,2171.32,0
23879,90.91,2176.18,0
23890,90.91,2179.06,0
23902,83.33,2172.53,0
23913,90.91,2168.01,0
23924,90.91,2164.46,0
23937,76.92,2171.28,0
23948,90.91,2172.16,0
23959,90.91,2176.85,0
23970,90.91,2170.84,0
23982,83.33,2172.54,0
23993,90.91,2168.53,0
24005,83.33,2168.14,0
24016,90.91,2165.82,0
24028,83.33,2174.41,0
24039,90.91,2175.85,0
24050,90.91,2176.94,0
24061,90.91,2168.32,0
24074,83.33,2165.03,0
24085,83.33,2166.30,0
24096,90.91,2172.58,0
24108,83.33,2175.98,0
24119,90.91,2173.97,0
24130,90.91,2162.67,0
24142,90.91,2160.65,0
24154,76.92,2166.73,0
24165,90.91,2174.05,0
24176,90.91,2178.90,0
24187,90.91,2169.16,0
24199,83.33,2169.41,0
24210,90.91,2167.36,0
24222,83.33,2172.21,0
24233,90.91,2168.55,0
24245,83.33,2172.93,0
24256,90.91,2173.73,0
24267,90.91,2174.34,0
24279,83.33,2170.03,0
24291,83.33,2165.48,0
24302,90.91,2167.79,0
24313,90.91,2173.30,0
24325,83.33,2175.05,0
24336,90.91,2173.26,0
24347,90.91,2168.57,0
24359,83.33,2161.52,0
24371,83.33,2167.41,0
24382,90.91,2173.05,0
24393,90.91,2177.92,0
24404,90.91,2169.74,0
24416,83.33,2166.92,0
24428,83.33,2159.98,0
24439,90.91,2167.06,0
24451,83.33,2172.19,0
24462,90.91,2177.88,0
24473,90.91,2170.63,0
24484,90.91,2171.43,0
24497,76.92,2165.88,0
24508,90.91,2165.62,0
24519,90.91,2167.50,0
24530,90.91,2173.03,0
24542,83.33,2173.73,0
24553,90.91,2174.04,0
24565,83.33,2168.90,0
24577,83.33,2165.73,0
24588,90.91,2167.44,0
24599,90.91,2173.30,0
24610,90.91,2175.98,0
24622,83.33,2177.15,0
24634,83.33,2170.35,0
24645,90.91,2164.11,0
24656,90.91,2169.87,0
24668,83.33,2174.80,0
24679,90.91,2176.58,0
24690,90.91,2170.77,0
24702,90.91,2171.75,0
24714,76.92,2168.10,0
24725,90.91,2170.61,0
24736,90.91,2172.54,0
24748,83.33,2175.98,0
24759,90.91,2173.72,0
24771,90.91,2172.42,0
24782,83.33,2166.19,0
24794,83.33,2165.01,0
24805,90.91,2163.58,0
24816,90.91,2170.97,0
24827,90.91,2172.05,0
24839,83.33,2173.23,0
24851,83.33,2170.26,0
24862,90.91,2168.35,0
24873,90.91,2167.30,0
24885,83.33,2168.60,0
24896,90.91,2175.08,0
24907,90.91,2171.51,0
24920,76.92,2171.08,0
24931,90.91,2164.65,0
24942,90.91,2167.22,0
24953,90.91,2168.48,0
24965,83.33,2177.50,0
24976,90.91,2172.91,0
24988,83.33,2174.11,0
24999,90.91,2167.08,0
25011,83.33,2170.34,0
25022,90.91,2170.15,0
25033,90.91,2171.15,0
25044,90.91,2174.45,0
25057,76.92,2172.06,0
25068,90.91,2170.92,0
25079,90.91,2164.03,0
25091,83.33,2167.75,0
25102,90.91,2172.90,0
25113,90.91,2177.63,0
25125,83.33,2173.14,0
25137,83.33,2168.82,0
25148,90.91,2163.52,0
25159,90.91,2167.19,0
25170,90.91,2171.88,0
25182,83.33,2174.90,0
25194,83.33,2170.73,0
25205,90.91,2171.37,0
25217,83.33,2164.09,0
25228,90.91,2167.93,0
25239,90.91,2167.72,0
25250,90.91,2174.71,0
25263,76.92,2174.80,0
25274,90.91,2174.28,0
25285,90.91,2169.85,0
25296,90.91,2165.32,0
25308,83.33,2163.05,0
25319,90.91,2170.56,0
25331,90.91,2175.33,0
25342,83.33,2175.21,0
25354,83.33,2168.16,0
25365,90.91,2163.12,0
25376,90.91,2164.79,0
25388,83.33,2171.53,0
25400,90.91,2176.39,0
25411,83.33,2176.86,0
25422,90.91,2173.37,0
25434,83.33,2165.40,0
25445,90.91,2167.97,0
25456,90.91,2172.72,0
25467,90.91,2174.00,0
25480,76.92,2173.23,0
25491,90.91,2171.06,0
25502,90.91,2168.71,0
25513,90.91,2166.56,0
25525,83.33,2167.82,0
25536,90.91,2167.63,0
25548,83.33,2174.26,0
25560,83.33,2174.12,0
25571,90.91,2169.31,0
25582,90.91,2166.55,0
25593,90.91,2171.08,0
25605,83.33,2172.97,0
25617,83.33,2176.53,0
25628,90.91,2171.25,0
25639,90.91,2172.89,0
25651,83.33,2160.42,0
25662,90.91,2165.26,0
25673,90.91,2167.74,0
25686,76.92,2175.36,0
25697,90.91,2174.36,0
25708,90.91,2175.31,0
25719,90.91,2170.09,0
25731,83.33,2168.88,0
25742,90.91,2170.27,0
25754,83.33,2174.66,0
25765,90.91,2175.30,0
25777,83.33,2176.05,0
25788,90.91,2174.68,0
25799,90.91,2165.52,0
25810,90.91,2165.94,0
25823,76.92,2172.09,0
25834,90.91,2176.65,0
25845,90.91,2170.61,0
25857,83.33,2167.57,0
25868,90.91,2161.92,0
25879,90.91,2165.58,0
25891,83.33,2167.77,0
25903,83.33,2176.82,0
25914,90.91,2176.20,0
25925,90.91,2175.46,0
25936,90.91,2167.12,0
25948,83.33,2167.08,0
25960,83.33,2166.39,0
25971,90.91,2171.66,0
25982,90.91,2173.93,0
25994,83.33,2170.82,0
26005,90.91,2169.43,0
26016,90.91,2167.91,0
26029,83.33,2166.99,0
26040,83.33,2167.93,0
26051,90.91,2174.92,0
26062,90.91,2175.39,0
26074,83.33,2171.83,0
26085,90.91,2165.75,0
26097,90.91,2164.02,0
26108,83.33,2170.34,0
26120,83.33,2175.49,0
26131,90.91,2174.05,0
26142,90.91,2167.42,0
26153,90.91,2161.07,0
26165,83.33,2163.34,0
26177,83.33,2170.44,0
26188,90.91,2174.78,0
26200,83.33,2175.09,0
26211,90.91,2175.11,0
26222,90.91,2169.65,0
26233,90.91,2165.85,0
26246,76.92,2164.63,0
26257,90.91,2172.97,0
26268,90.91,2174.40,0
26279,90.91,2173.72,0
26291,83.33,2165.85,0
26302,90.91,2165.00,0
26314,83.33,2167.49,0
26326,83.33,2173.34,0
26337,90.91,2176.81,0
26348,90.91,2174.92,0
26359,90.91,2171.28,0
26371,83.33,2164.63,0
26383,83.33,2166.69,0
26394,90.91,2168.80,0
26405,90.91,2174.09,0
26417,83.33,2172.35,0
26428,90.91,2171.49,0
26439,90.91,2169.10,0
26451,83.33,2169.82,0
26463,83.33,2169.91,0
26474,90.91,2168.43,0
26485,90.91,2173.94,0
26497,83.33,2173.67,0
26508,90.91,2173.21,0
26520,83.33,2164.58,0
26531,90.91,2168.89,0
26543,83.33,2171.95,0
26554,90.91,2179.42,0
26565,90.91,2174.86,0
26576,90.91,2169.90,0
26589,76.92,2163.47,0
26600,90.91,2168.95,0
26611,90.91,2171.09,0
26622,90.91,2174.66,0
26634,83.33,2174.76,0
26645,90.91,2171.97,0
26657,90.91,2168.43,0
26669,76.92,2166.56,0
26680,90.91,2169.53,0
26691,90.91,2174.13,0
26702,90.91,2175.17,0
26714,83.33,2171.73,0
26726,90.91,2173.28,0
26737,83.33,2163.51,0
26748,90.91,2168.09,0
26760,83.33,2170.27,0
26771,90.91,2176.30,0
26782,90.91,2173.98,0
26793,90.91,2170.82,0
26806,76.92,2165.05,0
26817,90.91,2170.76,0
26828,90.91,2173.13,0
26840,83.33,2176.93,0
26851,90.91,2173.01,0
26862,90.91,2169.79,0
26874,83.33,2166.04,0
26886,83.33,2166.36,0
26897,90.91,2169.82,0
26908,90.91,2173.79,0
26919,90.91,2172.78,0
26931,83.33,2170.30,0
26943,83.33,2169.64,0
26954,90.91,2167.03,0
26966,83.33,2166.92,0
26977,90.91,2169.37,0
26988,90.91,2178.28,0
26999,90.91,2176.01,0
27012,76.92,2173.33,0
27023,90.91,2165.02,0
27034,90.91,2168.67,0
27045,90.91,2171.42,0
27057,83.33,2174.09,0
27068,90.91,2172.28,0
27080,83.33,2169.25,0
27091,90.91,2162.35,0
27103,83.33,2165.53,0
27114,90.91,2166.15,0
27125,90.91,2173.79,0
27137,83.33,2175.31,0
27149,83.33,2174.30,0
27160,90.91,2169.97,0
27171,90.91,2166.78,0
27183,83.33,2168.56,0
27194,90.91,2170.99,0
27205,90.91,2174.33,0
27217,83.33,2174.18,0
27229,83.33,2171.85,0
27240,90.91,2163.93,0
27251,90.91,2167.15,0
27262,90.91,2169.23,0
27274,83.33,2176.50,0
27286,90.91,2173.02,0
27297,83.33,2174.23,0
27309,83.33,2166.42,0
27320,90.91,2165.70,0
27331,90.91,2170.46,0
27342,90.91,2174.52,0
27355,83.33,2173.52,0
27366,83.33,2168.01,0
27377,90.91,2166.05,0
27388,90.91,2166.11,0
27400,83.33,2169.20,0
27411,90.91,2171.23,0
27423,90.91,2174.44,0
27435,76.92,2171.88,0
27446,90.91,2171.63,0
27457,90.91,2162.92,0
27468,90.91,2167.54,0
27480,83.33,2172.54,0
27491,90.91,2177.39,0
27503,83.33,2173.85,0
27514,90.91,2168.67,0
27526,83.33,2165.77,0
27537,90.91,2166.01,0
27548,90.91,2168.67,0
27559,90.91,2175.35,0
27572,76.92,2172.44,0
27583,90.91,2172.53,0
27594,90.91,2167.09,0
27606,83.33,2167.97,0
27617,90.91,2168.83,0
27628,90.91,2174.61,0
27640,83.33,2174.78,0
27652,83.33,2175.97,0
27663,90.91,2174.78,0
27674,90.91,2169.91,0
27685,90.91,2164.91,0
27697,83.33,2168.78,0
27709,83.33,2175.09,0
27720,90.91,2176.11,0
27731,90.91,2171.14,0
27743,83.33,2166.46,0
27754,90.91,2168.22,0
27765,90.91,2172.42,0
27778,76.92,2174.96,0
27789,90.91,2172.35,0
27800,90.91,2169.61,0
27811,90.91,2168.16,0
27823,83.33,2169.46,0
27834,90.91,2170.94,0
27846,83.33,2173.11,0
27857,90.91,2173.66,0
27869,83.33,2172.07,0
27880,90.91,2167.92,0
27891,90.91,2165.55,0
27902,90.91,2168.19,0
27915,76.92,2171.28,0
27926,90.91,2176.66,0
27937,90.91,2172.60,0
27949,83.33,2171.16,0
27960,90.91,2159.78,0
27971,90.91,2169.22,0
27983,83.33,2171.72,0
27995,83.33,2177.48,0
28006,90.91,2172.84,0
28017,90.91,2170.51,0
28028,90.91,2162.16,0
28040,83.33,2166.82,0
28052,83.33,2168.88,0
28063,90.91,2173.98,0
28075,83.33,2170.94,0
28086,90.91,2172.01,0
28097,90.91,2167.28,0
28108,90.91,2166.37,0
28121,83.33,2168.82,0
28132,83.33,2172.52,0
28143,90.91,2176.86,0
28154,90.91,2174.83,0
28166,83.33,2167.36,0
28177,90.91,2162.57,0
28189,90.91,2165.17,0
28200,83.33,2171.82,0
28212,83.33,2174.13,0
28223,90.91,2176.19,0
28234,90.91,2169.75,0
28246,83.33,2164.98,0
28258,90.91,2169.15,0
28269,83.33,2169.94,0
28280,90.91,2172.70,0
28292,83.33,2175.70,0
28303,90.91,2172.59,0
28314,90.91,2169.28,0
28325,90.91,2164.04,0
28338,76.92,2166.70,0
28349,90.91,2171.30,0
28360,90.91,2174.07,0
28371,90.91,2172.31,0
28383,83.33,2170.32,0
28394,90.91,2167.52,0
28406,83.33,2166.77,0
28418,83.33,2171.96,0
28429,90.91,2176.95,0
28440,90.91,2174.25,0
28451,90.91,2172.12,0
28463,83.33,2165.38,0
28475,83.33,2168.50,0
28486,90.91,2171.57,0
28497,90.91,2168.54,0
28509,83.33,2174.70,0
28520,90.91,2171.40,0
28531,90.91,2172.69,0
28544,76.92,2167.40,0
28555,90.91,2168.17,0
28566,90.91,2169.25,0
28577,90.91,2177.10,0
28589,83.33,2171.71,0
28600,90.91,2169.96,0
28612,83.33,2160.41,0
28623,90.91,2168.92,0
28635,83.33,2173.48,0
28646,90.91,2180.99,0
28657,90.91,2171.21,0
28668,90.91,2167.64,0
28681,76.92,2165.69,0
28692,90.91,2169.00,0
28703,90.91,2171.28,0
28715,83.33,2171.46,0
28726,90.91,2169.73,0
28737,90.91,2173.73,0
28749,83.33,2170.44,0
28761,83.33,2165.29,0
28772,90.91,2169.12,0
28783,90.91,2171.32,0
28794,90.91,2176.42,0
28806,83.33,2171.50,0
28818,83.33,2168.15,0
28829,90.91,2161.12,0
28840,90.91,2165.06,0
28852,83.33,2173.18,0
28863,90.91,2178.02,0
28874,90.91,2169.73,0
28887,76.92,2166.55,0
28898,90.91,2165.44,0
28909,90.91,2172.48,0
28920,90.91,2174.39,0
28932,83.33,2177.30,0
28943,90.91,2171.49,0
28955,90.91,2170.75,0
28966,83.33,2166.75,0
28978,83.33,2166.01,0
28989,90.91,2165.99,0
29000,90.91,2171.66,0
29011,90.91,2174.20,0
29024,83.33,2175.45,0
29035,83.33,2168.22,0
29046,90.91,2163.85,0
29058,83.33,2166.74,0
29069,90.91,2175.61,0
29080,90.91,2179.64,0
29091,90.91,2174.30,0
29104,76.92,2162.93,0
29115,90.91,2162.54,0
29126,90.91,2170.41,0
29137,90.91,2173.52,0
29149,83.33,2172.63,0
29160,90.91,2171.88,0
29172,83.33,2171.88,0
29184,83.33,2166.72,0
29195,90.91,2166.68,0
29206,90.91,2166.41,0
29217,90.91,2173.94,0
29229,83.33,2173.25,0
29241,83.33,2176.75,0
29252,90.91,2170.45,0
29263,90.91,2165.97,0
29275,83.33,2167.18,0
29286,90.91,2178.36,0
29297,90.91,2177.26,0
29309,83.33,2175.25,0
29321,83.33,2164.74,0
29332,90.91,2163.01,0
29343,90.91,2167.07,0
29355,83.33,2174.62,0
29366,90.91,2175.66,0
29378,83.33,2167.25,0
29389,90.91,2168.83,0
29401,83.33,2167.84,0
29412,90.91,2172.09,0
29423,90.91,2168.22,0
29434,90.91,2174.56,0
29447,76.92,2172.16,0
29458,90.91,2175.91,0
29469,90.91,2171.03,0
29480,90.91,2167.26,0
29492,83.33,2163.91,0
29503,90.91,2174.32,0
29515,83.33,2175.57,0
29527,83.33,2174.36,0
29538,90.91,2168.12,0
29549,90.91,2161.79,0
29560,90.91,2168.27,0
29572,83.33,2173.64,0
29584,83.33,2174.79,0
29595,90.91,2172.76,0
29606,90.91,2166.79,0
29618,83.33,2166.01,0
29629,90.91,2172.94,0
29640,90.91,2170.26,0
29652,83.33,2173.63,0
29664,83.33,2171.36,0
29675,90.91,2176.16,0
29686,90.91,2169.66,0
29698,83.33,2170.89,0
29709,90.91,2164.11,0
29721,90.91,2171.11,0
29732,83.33,2173.91,0
29744,83.33,2174.62,0
29755,90.91,2169.99,0
29766,90.91,2160.94,0
29777,90.91,2162.02,0
29790,83.33,2174.06,0
29801,83.33,2177.08,0
29812,90.91,2174.91,0
29824,83.33,2166.51,0
29835,90.91,2161.24,0
29846,90.91,2167.84,0
29857,90.91,2172.16,0
29870,76.92,2172.84,0
29881,90.91,2168.91,0
29892,90.91,2167.76,0
29903,90.91,2165.20,0
29915,83.33,2167.71,0
29926,90.91,2170.52,0
29938,83.33,2170.39,0
29949,90.91,2172.64,0
29961,83.33,2170.48,0
29972,90.91,2169.97,0
29983,90.91,2166.91,0
29995,83.33,2165.71,0
30007,83.33,2171.48,0
30018,90.91,2174.35,0
30029,90.91,2172.39,0
30041,83.33,2168.86,0
30052,90.91,2163.44,0
30063,90.91,2169.41,0
30075,83.33,2171.49,0
30087,83.33,2177.96,0
30098,90.91,2169.79,0
30109,90.91,2167.99,0
30120,90.91,2162.65,0
30132,83.33,2168.89,0
30144,83.33,2167.15,0
30155,90.91,2175.22,0
30167,83.33,2173.68,0
30178,90.91,2175.20,0
30189,90.91,2168.36,0
30200,90.91,2168.48,0
30213,76.92,2162.37,0
30224,90.91,2166.67,0
30235,90.91,2171.93,0
30246,90.91,2172.21,0
30258,83.33,2169.35,0
30269,90.91,2164.19,0
30281,83.33,2165.60,0
30292,90.91,2172.71,0
30304,83.33,2183.91,0
30315,90.91,2176.73,0
30326,90.91,2171.19,0
30338,83.33,2161.56,0
30350,83.33,2168.77,0
30361,90.91,2172.27,0
30372,90.91,2178.28,0
30384,83.33,2173.83,0
30395,90.91,2171.93,0
30406,90.91,2164.77,0
30418,90.91,2169.48,0
30430,83.33,2171.00,0
30441,90.91,2175.77,0
30452,90.91,2172.32,0
30464,83.33,2172.62,0
30475,90.91,2166.35,0
30487,90.91,2163.96,0
30498,83.33,2164.38,0
30510,83.33,2171.85,0
30521,90.91,2179.37,0
30532,90.91,2180.98,0
30543,90.91,2171.79,0
30555,83.33,2163.23,0
30567,83.33,2165.83,0
30578,90.91,2169.84,0
30589,90.91,2174.84,0
30601,83.33,2169.59,0
30612,90.91,2169.99,0
30623,90.91,2165.75,0
30636,76.92,2166.04,0
30647,90.91,2169.20,0
30658,90.91,2174.57,0
30669,90.91,2171.53,0
30681,83.33,2175.53,0
30692,90.91,2169.03,0
30704,83.33,2164.47,0
30715,90.91,2162.73,0
30727,83.33,2167.87,0
30738,90.91,2176.54,0
30749,90.91,2171.37,0
30760,90.91,2169.82,0
30773,76.92,2163.29,0
30784,90.91,2166.64,0
30795,90.91,2173.05,0
30807,83.33,2178.83,0
30818,90.91,2173.80,0
30829,90.91,2169.81,0
30841,83.33,2164.70,0
30853,83.33,2168.49,0
30864,90.91,2168.69,0
30875,90.91,2171.10,0
30886,90.91,2173.17,0
30898,83.33,2169.49,0
30910,83.33,2172.69,0
30921,90.91,2167.16,0
30932,90.91,2168.13,0
30944,83.33,2169.12,0
30955,90.91,2177.45,0
30966,90.91,2175.88,0
30979,76.92,2173.58,0
30990,90.91,2165.45,0
31001,90.91,2168.26,0
31012,90.91,2170.48,0
31024,83.33,2177.43,0
31035,90.91,2175.08,0
31047,83.33,2171.66,0
31058,90.91,2164.26,0
31070,83.33,2167.61,0
31081,90.91,2172.65,0
31092,90.91,2175.02,0
31104,83.33,2172.01,0
31116,90.91,2169.37,0
31127,90.91,2167.03,0
31138,90.91,2166.62,0
31150,83.33,2169.07,0
31161,90.91,2169.83,0
31172,90.91,2172.14,0
31184,90.91,2171.86,0
31196,76.92,2168.22,0
31207,90.91,2167.94,0
31218,90.91,2170.81,0
31229,90.91,2171.75,0
31241,83.33,2174.30,0
31253,90.91,2173.16,0
31264,83.33,2170.57,0
31276,83.33,2168.28,0
31287,90.91,2166.89,0
31298,90.91,2168.21,0
31309,90.91,2176.70,0
31321,83.33,2172.14,0
31333,83.33,2172.52,0
31344,90.91,2163.06,0
31355,90.91,2163.48,0
31367,83.33,2166.01,0
31378,90.91,2175.96,0
31389,90.91,2173.76,0
31401,83.33,2170.16,0
31413,83.33,2162.69,0
31424,90.91,2164.53,0
31435,90.91,2173.47,0
31447,83.33,2173.26,0
31458,90.91,2175.62,0
31470,83.33,2173.13,0
31481,90.91,2174.08,0
31493,83.33,2164.50,0
31504,90.91,2166.74,0
31515,90.91,2163.03,0
31526,90.91,2173.34,0
31539,76.92,2168.16,0
31550,90.91,2173.70,0
31561,90.91,2168.56,0
31572,90.91,2163.34,0
31584,83.33,2162.90,0
31595,90.91,2177.66,0
31607,83.33,2180.62,0
31619,83.33,2175.32,0
31630,90.91,2161.22,0
31641,90.91,2161.45,0
31652,90.91,2172.56,0
31664,83.33,2176.63,0
31676,83.33,2174.95,0
31687,90.91,2171.43,0
31698,90.91,2167.46,0
31710,83.33,2166.60,0
31721,90.91,2171.86,0
31732,90.91,2172.07,0
31745,76.92,2178.50,0
31756,90.91,2171.36,0
31767,90.91,2173.41,0
31778,90.91,2167.04,0
31790,83.33,2171.54,0
31801,90.91,2161.44,0
31813,83.33,2175.77,0
31824,90.91,2175.46,0
31836,83.33,2179.71,0
31847,90.91,2165.31,0
31858,90.91,2165.38,0
31869,90.91,2168.50,0
31882,83.33,2182.65,0
31893,83.33,2176.85,0
31904,90.91,2171.80,0
31916,83.33,2163.12,0
31927,90.91,2165.57,0
31938,90.91,2171.43,0
31949,90.91,2174.35,0
31962,76.92,2172.38,0
31973,90.91,2167.72,0
31984,90.91,2168.14,0
31995,90.91,2170.23,0
32007,83.33,2169.36,0
32018,90.91,2168.46,0
32030,83.33,2174.13,0
32041,90.91,2177.23,0
32053,83.33,2177.77,0
32064,90.91,2165.48,0
32075,90.91,2165.29,0
32087,83.33,2166.75,0
32099,83.33,2178.53,0
32110,90.91,2176.87,0
32121,90.91,2171.82,0
32133,83.33,2162.83,0
32144,90.91,2166.86,0
32155,90.91,2167.82,0
32167,83.33,2172.92,0
32179,83.33,2170.87,0
32190,90.91,2171.80,0
32201,90.91,2169.88,0
32212,90.91,2166.54,0
32224,83.33,2170.51,0
32236,83.33,2169.62,0
32247,90.91,2173.22,0
32259,83.33,2169.11,0
32270,90.91,2169.39,0
32281,90.91,2162.89,0
32292,90.91,2162.63,0
32305,76.92,2164.64,0
32316,90.91,2175.31,0
32327,90.91,2175.43,0
32338,90.91,2176.08,0
32350,83.33,2165.13,0
32361,90.91,2166.21,0
32373,83.33,2167.17,0
32385,83.33,2172.53,0
32396,90.91,2173.53,0
32407,90.91,2172.34,0
32418,90.91,2168.09,0
32430,83.33,2168.03,0
32442,90.91,2169.84,0
32453,83.33,2169.99,0
32464,90.91,2174.79,0
32476,83.33,2171.89,0
32487,90.91,2172.63,0
32498,90.91,2164.68,0
32510,90.91,2167.62,0
32522,76.92,2167.97,0
32533,90.91,2177.37,0
32544,90.91,2176.38,0
32556,83.33,2173.91,0
32567,90.91,2165.55,0
32579,90.91,2161.71,0
32590,83.33,2168.30,0
32602,83.33,2175.58,0
32613,90.91,2177.30,0
32624,90.91,2169.09,0
32635,90.91,2166.48,0
32647,83.33,2167.79,0
32659,83.33,2172.57,0
32670,90.91,2174.69,0
32681,90.91,2174.95,0
32693,83.33,2176.41,0
32704,90.91,2172.03,0
32715,90.91,2165.90,0
32728,76.92,2167.15,0
32739,90.91,2170.00,0
32750,90.91,2179.59,0
32761,90.91,2175.45,0
32773,83.33,2175.12,0
32784,90.91,2165.07,0
32796,83.33,2169.90,0
32807,90.91,2168.76,0
32819,83.33,2177.36,0
32830,90.91,2172.39,0
32841,90.91,2176.83,0
32852,90.91,2164.84,0
32865,76.92,2166.94,0
32876,90.91,2166.77,0
32887,90.91,2175.36,0
32899,83.33,2174.55,0
32910,90.91,2176.32,0
32921,90.91,2167.48,0
32933,83.33,2165.30,0
32945,83.33,2168.78,0
32956,90.91,2171.10,0
32967,90.91,2179.55,0
32978,90.91,2174.93,0
32990,83.33,2169.43,0
33002,83.33,2168.83,0
33013,90.91,2171.29,0
33025,83.33,2167.91,0
33036,90.91,2175.11,0
33047,90.91,2173.04,0
33058,90.91,2173.40,0
33071,76.92,2165.98,0
33082,90.91,2163.15,0
33093,90.91,2169.74,0
33104,90.91,2175.12,0
33116,83.33,2176.28,0
33127,90.91,2170.84,0
33139,83.33,2171.84,0
33150,90.91,2165.48,0
33162,83.33,2174.29,0
33173,90.91,2171.84,0
33184,90.91,2179.71,0
33196,83.33,2173.31,0
33208,83.33,2170.24,0
33219,90.91,2165.11,0
33230,90.91,2170.59,0
33242,83.33,2170.83,0
33253,90.91,2177.38,0
33264,90.91,2171.82,0
33276,90.91,2171.83,0
33288,76.92,2168.02,0
33299,90.91,2168.04,0
33310,90.91,2167.82,0
33321,90.91,2175.91,0
33333,83.33,2178.78,0
33345,90.91,2174.69,0
33356,83.33,2171.50,0
33368,83.33,2166.22,0
33379,90.91,2173.54,0
33390,90.91,2173.22,0
33401,90.91,2179.80,0
33413,83.33,2176.09,0
33425,83.33,2174.96,0
33436,90.91,2163.99,0
33447,90.91,2169.83,0
33459,83.33,2169.64,0
33470,90.91,2180.34,0
33481,90.91,2175.70,0
33494,76.92,2175.73,0
33505,90.91,2166.29,0
33516,90.91,2167.33,0
33527,90.91,2170.20,0
33539,83.33,2178.62,0
33550,90.91,2177.16,0
33562,83.33,2172.48,0
33573,90.91,2168.71,0
33585,83.33,2166.01,0
33596,90.91,2172.34,0
33607,90.91,2174.57,0
33618,90.91,2174.80,0
33631,76.92,2175.82,0
33642,90.91,2172.69,0
33653,90.91,2166.73,0
33665,83.33,2168.31,0
33676,90.91,2175.16,0
33687,90.91,2181.09,0
33699,83.33,2175.48,0
33711,83.33,2171.40,0
33722,90.91,2165.10,0
33733,90.91,2171.67,0
33744,90.91,2172.00,0
33756,83.33,2171.81,0
33768,83.33,2172.73,0
33779,90.91,2171.40,0
33790,90.91,2169.07,0
33802,83.33,2168.95,0
33813,90.91,2165.34,0
33824,90.91,2173.75,0
33837,76.92,2174.24,0
33848,90.91,2173.45,0
33859,90.91,2166.89,0
33870,90.91,2165.07,0
33882,83.33,2164.67,0
33893,90.91,2172.37,0
33905,90.91,2174.15,0
33916,83.33,2174.02,0
33928,83.33,2169.68,0
33939,90.91,2165.55,0
33950,90.91,2168.11,0
33961,90.91,2172.54,0
33974,83.33,2176.48,0
33985,83.33,2176.18,0
33996,90.91,2172.86,0
34008,83.33,2166.11,0
34019,90.91,2171.34,0
34030,90.91,2170.15,0
34042,90.91,2172.30,0
34054,76.92,2173.54,0
34065,90.91,2173.17,0
34076,90.91,2170.88,0
34087,90.91,2166.60,0
34099,83.33,2164.22,0
34110,90.91,2170.60,0
34122,83.33,2175.60,0
34134,83.33,2178.88,0
34145,90.91,2170.22,0
34156,90.91,2163.82,0
34167,90.91,2164.87,0
34179,83.33,2174.28,0
34191,83.33,2176.98,0
34202,90.91,2174.61,0
34213,90.91,2172.79,0
34225,83.33,2166.74,0
34236,90.91,2168.74,0
34247,90.91,2175.08,0
34259,83.33,2173.26,0
34271,83.33,2175.74,0
34282,90.91,2170.72,0
34293,90.91,2167.05,0
34305,83.33,2169.16,0
34316,90.91,2167.25,0
34328,83.33,2171.24,0
34339,90.91,2173.35,0
34351,83.33,2176.34,0
34362,90.91,2169.17,0
34373,90.91,2167.84,0
34384,90.91,2161.68,0
34397,76.92,2175.38,0
34408,90.91,2172.16,0
34419,90.91,2173.14,0
34430,90.91,2170.91,0
34442,83.33,2167.42,0
34453,90.91,2165.69,0
34465,83.33,2169.83,0
34477,83.33,2170.01,0
34488,90.91,2179.04,0
34499,90.91,2175.84,0
34510,90.91,2162.98,0
34522,83.33,2165.19,0
34534,83.33,2166.90,0
34545,90.91,2177.15,0
34556,90.91,2176.07,0
34568,83.33,2172.52,0
34579,90.91,2167.23,0
34590,90.91,2172.12,0
34603,90.91,2167.61,0
34614,76.92,2174.85,0
34625,90.91,2171.61,0
34636,90.91,2174.81,0
34648,83.33,2172.22,0
34659,90.91,2165.16,0
34671,90.91,2168.72,0
34682,83.33,2170.46,0
34694,83.33,2176.87,0
34705,90.91,2176.38,0
34716,90.91,2172.07,0
34727,90.91,2160.23,0
34739,83.33,2172.10,0
34751,83.33,2166.45,0
34762,90.91,2185.77,0
34774,83.33,2168.04,0
34785,90.91,2174.70,0
34796,90.91,2165.16,0
34807,90.91,2181.62,0
34820,76.92,2165.89,0
34831,90.91,2164.92,0
34842,90.91,2167.08,0
34853,90.91,2183.35,0
34865,83.33,2183.88,0
34876,90.91,2160.68,0
34888,83.33,2157.88,0
34899,90.91,2166.73,0
