66,15.15,3997.23,0
77,90.91,3998.20,0
89,83.33,3996.01,0
100,90.91,3990.62,0
111,90.91,3990.64,0
122,90.91,3995.88,0
135,76.92,3996.11,0
146,90.91,3993.29,0
157,90.91,3990.33,0
168,90.91,3991.16,0
180,83.33,3998.77,0
191,90.91,3996.59,0
202,90.91,3991.27,0
215,76.92,3990.70,0
226,90.91,3994.24,0
237,90.91,3994.88,0
248,90.91,3995.04,0
260,83.33,3995.91,0
271,90.91,3994.26,0
283,90.91,3993.67,0
294,83.33,3994.64,0
306,83.33,3993.24,0
317,90.91,3991.48,0
328,90.91,3994.66,0
339,90.91,3996.78,0
351,83.33,3995.62,0
363,83.33,3994.83,0
374,90.91,3994.62,0
386,83.33,3994.01,0
397,90.91,3994.31,0
408,90.91,3993.94,0
419,90.91,3993.59,0
431,83.33,3991.67,0
443,83.33,3993.52,0
454,90.91,3996.83,0
465,90.91,3993.36,0
477,83.33,3991.96,0
488,90.91,3992.58,0
499,90.91,3997.79,0
512,76.92,3995.98,0
523,90.91,3992.78,0
534,90.91,3996.66,0
545,90.91,3999.50,0
557,83.33,3999.25,0
568,90.91,3995.92,0
579,90.91,3991.71,0
591,83.33,3993.11,0
603,83.33,3998.06,0
614,90.91,3997.34,0
625,90.91,3995.90,0
636,90.91,3997.09,0
648,83.33,3999.03,0
660,90.91,3997.52,0
671,83.33,3993.35,0
683,83.33,3994.23,0
694,90.91,3993.41,0
705,90.91,3994.18,0
716,90.91,3993.69,0
728,83.33,3993.37,0
740,83.33,3992.08,0
751,90.91,3992.99,0
762,90.91,3995.70,0
774,83.33,3993.86,0
785,90.91,3991.21,0
796,90.91,3993.09,0
807,90.91,3995.61,0
820,76.92,3995.82,0
831,90.91,3995.24,0
842,90.91,3996.12,0
854,83.33,3994.36,0
865,90.91,3993.78,0
876,90.91,3994.56,0
888,83.33,3993.93,0
900,83.33,3995.68,0
911,90.91,3998.06,0
922,90.91,3998.33,0
933,90.91,3997.74,0
945,83.33,3993.50,0
956,90.91,3993.88,0
968,83.33,3992.72,0
979,90.91,3993.66,0
991,83.33,3994.66,0
1002,90.91,3995.11,0
1013,90.91,3995.53,0
1025,83.33,3995.73,0
1037,90.91,3994.46,0
1048,83.33,3991.43,0
1059,90.91,3989.03,0
1071,83.33,3991.50,0
1082,90.91,3999.03,0
1093,90.91,4002.03,0
1104,90.91,3997.09,0
1117,76.92,3994.29,0
1128,90.91,3993.41,0
1139,90.91,3994.59,0
1150,90.91,3993.39,0
1162,83.33,3993.03,0
1173,90.91,3995.62,0
1184,90.91,3999.55,0
1197,76.92,3998.75,0
1208,90.91,3996.94,0
1219,90.91,3995.29,0
1230,90.91,3997.14,0
1242,83.33,3995.47,0
1253,90.91,3992.10,0
1265,83.33,3991.96,0
1276,90.91,3992.58,0
1288,83.33,3994.59,0
1299,90.91,4001.22,0
1310,90.91,4000.05,0
1321,90.91,3994.82,0
1333,83.33,3993.09,0
1345,83.33,3995.38,0
1356,90.91,3993.97,0
1368,83.33,3994.15,0
1379,90.91,3995.64,0
1390,90.91,3995.21,0
1401,90.91,3997.40,0
1414,83.33,3995.39,0
1425,83.33,3996.18,0
1436,90.91,3994.95,0
1447,90.91,3994.43,0
1459,83.33,3997.77,0
1470,90.91,3996.46,0
1481,90.91,3995.69,0
1494,76.92,3994.41,0
1505,90.91,3996.53,0
1516,90.91,3999.06,0
1527,90.91,3995.36,0
1539,83.33,3995.17,0
1550,90.91,3993.32,0
1561,90.91,3996.64,0
1573,83.33,3998.09,0
1585,83.33,3995.02,0
1596,90.91,3996.60,0
1607,90.91,3994.57,0
1618,90.91,3994.35,0
1630,83.33,3994.01,0
1642,83.33,3996.16,0
1653,90.91,3995.65,0
1665,83.33,3993.20,0
1676,90.91,3992.24,0
1687,90.91,3993.87,0
1698,90.91,3994.48,0
1710,83.33,3995.28,0
1722,83.33,3991.32,0
1733,90.91,3992.01,0
1744,90.91,3992.37,0
1756,83.33,3992.75,0
1767,90.91,3993.09,0
1778,90.91,3993.48,0
1790,90.91,3996.64,0
1802,76.92,3996.06,0
1813,90.91,3994.42,0
1824,90.91,3992.90,0
1836,83.33,3989.67,0
1847,90.91,3993.22,0
1858,90.91,3997.54,0
1870,83.33,3996.94,0
1882,83.33,3996.35,0
1893,90.91,3997.63,0
1904,90.91,3995.97,0
1915,90.91,3995.66,0
1927,83.33,3994.43,0
1938,90.91,3993.81,0
1950,83.33,3992.52,0
1961,90.91,3996.21,0
1973,83.33,3996.14,0
1984,90.91,3994.50,0
1995,90.91,3989.59,0
2007,83.33,3991.61,0
2019,83.33,3992.51,0
2030,90.91,3991.55,0
2041,90.91,3994.32,0
2053,83.33,3996.61,0
2064,90.91,3998.93,0
2075,90.91,3996.68,0
2086,90.91,3994.29,0
2099,76.92,3994.78,0
2110,90.91,3994.95,0
2121,90.91,3995.35,0
2132,90.91,3994.51,0
2144,83.33,3993.05,0
2155,90.91,3998.34,0
2167,90.91,3997.88,0
2179,76.92,3998.15,0
2190,90.91,3992.49,0
2201,90.91,3991.09,0
2212,90.91,3990.94,0
2224,83.33,3995.71,0
2235,90.91,3994.55,0
2247,83.33,3994.00,0
2258,90.91,3994.76,0
2270,83.33,3993.95,0
2281,90.91,3990.86,0
2292,90.91,3990.42,0
2304,83.33,3989.58,0
2315,90.91,3995.34,0
2327,83.33,3995.56,0
2338,90.91,3995.22,0
2350,83.33,3997.24,0
2361,90.91,3996.20,0
2372,90.91,3991.76,0
2383,90.91,3993.97,0
2396,76.92,3994.06,0
2407,90.91,3992.79,0
2418,90.91,3992.16,0
2429,90.91,3993.00,0
2441,83.33,3995.08,0
2452,90.91,3996.00,0
2463,90.91,3994.46,0
2476,76.92,3993.86,0
2487,90.91,3993.48,0
2498,90.91,3996.69,0
2509,90.91,3997.75,0
2521,83.33,3994.36,0
2532,90.91,3995.80,0
2544,90.91,3994.28,0
2555,83.33,3996.51,0
2567,83.33,3993.86,0
2578,90.91,3992.26,0
2589,90.91,3992.90,0
2600,90.91,3996.38,0
2612,83.33,3995.94,0
2624,83.33,3995.60,0
2635,90.91,3996.33,0
2647,83.33,3995.48,0
2658,90.91,3997.04,0
2669,90.91,3996.15,0
2680,90.91,3995.46,0
2692,83.33,3995.35,0
2704,83.33,3994.97,0
2715,90.91,3994.39,0
2726,90.91,3995.92,0
2738,83.33,3992.94,0
2749,90.91,3994.26,0
2760,90.91,3993.39,0
2772,90.91,3991.88,0
2784,76.92,3989.82,0
2795,90.91,3991.57,0
2806,90.91,3995.76,0
2818,83.33,3996.62,0
2829,90.91,3996.68,0
2840,90.91,3997.43,0
2852,83.33,3994.77,0
2864,83.33,3995.90,0
2875,90.91,3994.76,0
2886,90.91,3991.68,0
2897,90.91,3992.35,0
2909,83.33,3994.14,0
2920,90.91,3996.27,0
2932,83.33,3993.91,0
2944,83.33,3995.29,0
2955,90.91,3994.45,0
2966,90.91,3994.31,0
2977,90.91,3992.12,0
2989,83.33,3993.37,0
3001,83.33,3994.06,0
3012,90.91,3996.98,0
3023,90.91,3998.14,0
3035,83.33,3996.66,0
3046,90.91,3994.58,0
3057,90.91,3992.52,0
3068,90.91,3990.06,0
3081,76.92,3994.85,0
3092,90.91,3995.23,0
3103,90.91,3996.33,0
3115,83.33,3995.03,0
3126,90.91,3993.00,0
3137,90.91,3993.96,0
3149,90.91,3994.23,0
3161,76.92,3994.05,0
3172,90.91,3995.09,0
3183,90.91,3994.16,0
3194,90.91,3998.60,0
3206,83.33,3996.84,0
3217,90.91,3995.10,0
3229,83.33,3992.03,0
3240,90.91,3993.01,0
3252,83.33,3994.19,0
3263,90.91,3990.25,0
3274,90.91,3992.09,0
3286,83.33,3994.09,0
3297,90.91,3995.93,0
3309,83.33,3997.04,0
3320,90.91,3994.92,0
3332,83.33,3993.61,0
3343,90.91,3993.40,0
3354,90.91,3992.87,0
3365,90.91,3997.83,0
3378,76.92,3994.49,0
3389,90.91,3993.53,0
3400,90.91,3996.15,0
3411,90.91,3999.25,0
3423,83.33,3997.40,0
3434,90.91,3994.76,0
3445,90.91,3995.78,0
3458,76.92,3996.89,0
3469,90.91,3996.96,0
3480,90.91,3996.24,0
3491,90.91,3994.72,0
3503,83.33,3992.87,0
3514,90.91,3988.88,0
3526,90.91,3992.50,0
3537,83.33,3994.02,0
3549,83.33,3993.31,0
3560,90.91,3993.91,0
3571,90.91,3993.86,0
3582,90.91,3995.27,0
3594,83.33,3993.44,0
3606,83.33,3991.43,0
3617,90.91,3992.34,0
3629,83.33,3990.90,0
3640,90.91,3990.82,0
3651,90.91,3991.40,0
3662,90.91,3991.12,0
3674,83.33,3995.83,0
3686,83.33,3997.11,0
3697,90.91,3994.51,0
3708,90.91,3994.13,0
3720,83.33,3996.18,0
3731,90.91,3993.81,0
3742,90.91,3996.27,0
3755,90.91,3997.46,0
3766,90.91,3995.66,0
3777,90.91,3998.71,0
3788,90.91,3997.22,0
3800,83.33,3995.40,0
3811,90.91,3994.33,0
3822,90.91,3994.21,0
3834,83.33,3993.41,0
3846,83.33,3994.42,0
3857,90.91,3994.23,0
3868,90.91,3992.86,0
3879,90.91,3995.26,0
3891,83.33,3997.61,0
3903,90.91,3996.76,0
3914,83.33,3995.38,0
3926,83.33,3989.93,0
3937,90.91,3992.76,0
3948,90.91,3992.02,0
3959,90.91,3994.68,0
3971,83.33,3997.55,0
3983,83.33,3995.03,0
3994,90.91,3992.21,0
4005,90.91,3993.95,0
4017,83.33,3995.33,0
4028,90.91,3990.49,0
4039,90.91,3993.84,0
4050,90.91,3994.22,0
4063,76.92,3993.78,0
4074,90.91,3993.16,0
4085,90.91,3993.46,0
4097,83.33,3997.84,0
4108,90.91,3997.57,0
4119,90.91,3997.31,0
4131,90.91,3994.78,0
4143,76.92,3994.64,0
4154,90.91,3999.64,0
4165,90.91,3998.07,0
4176,90.91,3995.05,0
4188,83.33,3992.52,0
4199,90.91,3994.49,0
4211,83.33,3994.31,0
4222,90.91,3994.89,0
4234,83.33,3993.22,0
4245,90.91,3995.19,0
4256,90.91,3997.05,0
4268,83.33,3997.07,0
4279,90.91,3995.17,0
4291,83.33,3994.86,0
4302,90.91,3996.53,0
4314,83.33,3997.28,0
4325,90.91,3998.77,0
4336,90.91,3994.52,0
4347,90.91,3991.30,0
4360,76.92,3995.59,0
4371,90.91,3996.37,0
4382,90.91,3996.71,0
4393,90.91,3998.58,0
4405,83.33,3994.72,0
4416,90.91,3993.50,0
4427,90.91,3994.07,0
4440,76.92,3998.69,0
4451,90.91,3996.74,0
4462,90.91,3995.50,0
4473,90.91,3994.11,0
4485,83.33,3992.80,0
4496,90.91,3992.90,0
4508,90.91,3991.77,0
4519,83.33,3997.80,0
4531,83.33,3998.81,0
4542,90.91,3994.93,0
4553,90.91,3996.60,0
4564,90.91,3994.71,0
4576,83.33,3995.52,0
4588,83.33,3996.19,0
4599,90.91,3993.24,0
4611,83.33,3993.94,0
4622,90.91,3994.67,0
4633,90.91,3995.81,0
4644,90.91,3993.23,0
4656,83.33,3988.48,0
4668,83.33,3991.71,0
4679,90.91,3994.14,0
4690,90.91,3993.56,0
4702,83.33,3992.68,0
4713,90.91,3993.75,0
4724,90.91,3994.63,0
4737,76.92,3994.41,0
4748,90.91,3992.69,0
4759,90.91,3993.06,0
4770,90.91,3993.42,0
4782,83.33,3993.64,0
4793,90.91,3997.00,0
4804,90.91,3993.69,0
4816,83.33,3992.43,0
4828,83.33,3994.87,0
4839,90.91,3996.81,0
4850,90.91,3991.77,0
4861,90.91,3992.09,0
4873,83.33,3992.59,0
4885,90.91,3992.59,0
4896,83.33,3995.33,0
4908,83.33,3994.56,0
4919,90.91,3992.95,0
4930,90.91,3994.33,0
4941,90.91,3994.82,0
4953,83.33,3994.34,0
4965,83.33,3992.30,0
4976,90.91,3994.41,0
4987,90.91,3992.56,0
4999,83.33,3994.63,0
5010,90.91,3995.58,0
5021,90.91,3993.82,0
5032,90.91,3992.51,0
5045,76.92,3995.10,0
5056,90.91,3997.14,0
5067,90.91,3995.79,0
5079,83.33,3993.30,0
5090,90.91,3993.40,0
5101,90.91,3997.42,0
5113,83.33,3997.73,0
5125,83.33,3998.30,0
5136,90.91,3994.89,0
5147,90.91,3992.95,0
5158,90.91,3992.80,0
5170,83.33,3995.11,0
5181,90.91,3993.87,0
5193,83.33,3993.46,0
5204,90.91,3995.97,0
5216,83.33,3994.14,0
5227,90.91,3990.25,0
5238,90.91,3992.16,0
5250,83.33,3995.79,0
5262,90.91,3999.75,0
5273,83.33,3998.50,0
5284,90.91,3995.56,0
5296,83.33,3997.04,0
5307,90.91,3996.07,0
5318,90.91,3994.03,0
5329,90.91,3985.63,0
5342,76.92,3985.25,0
5353,90.91,3991.11,0
5364,90.91,3998.45,0
5376,83.33,3998.25,0
5387,90.91,3998.68,0
5398,90.91,3995.98,0
5409,90.91,3992.69,0
5422,76.92,3990.71,0
5433,90.91,3993.54,0
5444,90.91,3992.34,0
5455,90.91,3991.29,0
5467,83.33,3990.60,0
5478,90.91,3998.03,0
5490,90.91,3998.55,0
5501,83.33,3992.40,0
5513,83.33,3990.05,0
5524,90.91,3994.32,0
5535,90.91,3998.06,0
5547,83.33,3997.95,0
5558,90.91,3995.68,0
5570,83.33,3995.37,0
5581,90.91,3996.21,0
5593,83.33,3995.98,0
5604,90.91,3994.37,0
5615,90.91,3992.62,0
5626,90.91,3993.91,0
5638,83.33,3995.89,0
5650,83.33,3994.44,0
5661,90.91,3992.17,0
5672,90.91,3993.93,0
5684,83.33,3997.12,0
5695,90.91,3997.68,0
5706,90.91,3993.51,0
5719,76.92,3992.47,0
5730,90.91,3992.05,0
5741,90.91,3992.61,0
5752,90.91,3991.74,0
5764,83.33,3991.70,0
5775,90.91,3994.28,0
5786,90.91,3996.31,0
5798,83.33,3996.86,0
5810,83.33,3995.17,0
5821,90.91,3990.94,0
5832,90.91,3993.01,0
5843,90.91,3995.19,0
5855,83.33,3995.36,0
5867,90.91,3992.37,0
5878,83.33,3991.58,0
5890,83.33,3991.75,0
5901,90.91,3999.08,0
5912,90.91,3997.20,0
5923,90.91,3993.60,0
5935,83.33,3992.68,0
5947,83.33,3994.69,0
5958,90.91,3998.85,0
5969,90.91,3994.82,0
5981,83.33,3991.71,0
5992,90.91,3992.39,0
6003,90.91,3994.52,0
6014,90.91,3996.51,0
6027,76.92,3991.66,0
6038,90.91,3990.53,0
6049,90.91,3997.43,0
6061,83.33,3997.89,0
6072,90.91,3997.23,0
6083,90.91,3993.66,0
6095,83.33,3990.03,0
6107,83.33,3991.74,0
6118,90.91,3997.03,0
6129,90.91,3994.19,0
6140,90.91,3990.00,0
6152,83.33,3992.47,0
6163,90.91,3994.31,0
6175,83.33,3995.36,0
6187,83.33,3993.64,0
6198,90.91,3990.63,0
6209,90.91,3992.84,0
6220,90.91,3997.47,0
6232,83.33,3997.39,0
6244,90.91,3996.14,0
6255,83.33,3993.01,0
6266,90.91,3991.96,0
6278,83.33,3993.93,0
6289,90.91,3994.99,0
6300,90.91,3994.80,0
6311,90.91,3994.65,0
6324,76.92,3996.68,0
6335,90.91,3998.62,0
6346,90.91,3996.64,0
6358,83.33,3994.00,0
6369,90.91,3991.19,0
6380,90.91,3993.17,0
6392,90.91,3995.21,0
6404,76.92,3992.33,0
6415,90.91,3991.76,0
6426,90.91,3992.56,0
6437,90.91,3996.33,0
6449,83.33,3995.67,0
6460,90.91,3991.69,0
6472,83.33,3991.34,0
6483,90.91,3993.92,0
6495,83.33,3997.21,0
6506,90.91,3990.99,0
6517,90.91,3989.28,0
6529,83.33,3991.53,0
6540,90.91,3995.42,0
6552,83.33,3998.58,0
6563,90.91,3995.72,0
6575,83.33,3993.31,0
6586,90.91,3994.89,0
6597,90.91,3997.72,0
6608,90.91,3998.79,0
6621,83.33,3996.70,0
6632,83.33,3994.07,0
6643,90.91,3994.49,0
6654,90.91,3992.87,0
6666,83.33,3990.96,0
6677,90.91,3990.30,0
6688,90.91,3994.15,0
6701,76.92,3998.03,0
6712,90.91,3998.25,0
6723,90.91,3997.05,0
6734,90.91,3992.66,0
6746,83.33,3992.40,0
6757,90.91,3994.97,0
6769,90.91,3993.15,0
6780,83.33,3992.60,0
6792,83.33,3991.97,0
6803,90.91,3994.13,0
6814,90.91,3999.03,0
6825,90.91,3994.93,0
6837,83.33,3994.11,0
6849,83.33,3990.04,0
6860,90.91,3994.12,0
6872,83.33,3998.00,0
6883,90.91,3994.94,0
6894,90.91,3994.01,0
6905,90.91,3994.13,0
6917,83.33,3997.66,0
6929,83.33,3998.00,0
6940,90.91,3991.31,0
6951,90.91,3989.47,0
6963,83.33,3992.64,0
6974,90.91,3995.70,0
6985,90.91,3995.25,0
6998,90.91,3995.98,0
7009,76.92,3997.71,0
7020,90.91,3999.99,0
7031,90.91,3998.61,0
7043,83.33,3993.15,0
7054,90.91,3991.29,0
7065,90.91,3991.96,0
7077,83.33,3997.68,0
7089,83.33,3994.08,0
7100,90.91,3996.93,0
7111,90.91,3998.74,0
7122,90.91,3997.43,0
7134,83.33,3997.42,0
7145,90.91,3997.73,0
7157,83.33,3995.76,0
7169,83.33,3994.24,0
7180,90.91,3995.93,0
7191,90.91,3996.88,0
7202,90.91,3993.86,0
7214,83.33,3994.76,0
7226,83.33,3991.70,0
7237,90.91,3991.25,0
7248,90.91,3992.27,0
7260,83.33,3993.72,0
7271,90.91,3994.22,0
7282,90.91,3995.61,0
7293,90.91,3996.96,0
7306,76.92,3997.40,0
7317,90.91,3994.69,0
7328,90.91,3993.97,0
7340,83.33,3995.18,0
7351,90.91,3995.70,0
7362,90.91,3991.14,0
7374,90.91,3990.26,0
7386,76.92,3991.90,0
7397,90.91,3992.45,0
7408,90.91,3994.63,0
7419,90.91,3994.90,0
7431,83.33,3996.42,0
7442,90.91,3994.55,0
7454,83.33,3995.65,0
7465,90.91,3994.28,0
7477,83.33,3994.22,0
7488,90.91,3994.29,0
7499,90.91,3996.16,0
7511,83.33,3997.15,0
7522,90.91,3993.02,0
7534,83.33,3991.62,0
7545,90.91,3993.98,0
7557,83.33,3996.08,0
7568,90.91,3995.41,0
7579,90.91,3994.42,0
7590,90.91,3992.60,0
7603,76.92,3993.42,0
7614,90.91,3992.66,0
7625,90.91,3989.68,0
7636,90.91,3991.21,0
7648,83.33,3991.29,0
7659,90.91,3994.31,0
7670,90.91,3997.85,0
7683,76.92,3997.91,0
7694,90.91,3995.13,0
7705,90.91,3992.21,0
7716,90.91,3998.42,0
7728,83.33,3998.53,0
7739,90.91,3994.69,0
7751,90.91,3989.00,0
7762,83.33,3991.54,0
7774,83.33,3994.63,0
7785,90.91,3991.89,0
7796,90.91,3991.89,0
7808,83.33,3991.96,0
7819,90.91,3993.18,0
7831,83.33,3996.52,0
7842,90.91,3993.78,0
7854,83.33,3994.28,0
7865,90.91,3996.90,0
7876,90.91,3999.01,0
7887,90.91,3999.13,0
7899,83.33,3994.90,0
7911,83.33,3991.12,0
7922,90.91,3993.55,0
7933,90.91,3996.69,0
7945,83.33,3993.94,0
7956,90.91,3995.08,0
7967,90.91,3992.80,0
7980,76.92,3993.68,0
7991,90.91,3997.15,0
8002,90.91,3997.04,0
8013,90.91,3989.75,0
8025,83.33,3987.91,0
8036,90.91,3989.79,0
8047,90.91,3994.05,0
8059,83.33,3994.15,0
8071,83.33,3990.42,0
8082,90.91,3989.53,0
8093,90.91,3995.03,0
8104,90.91,3993.60,0
8116,83.33,3995.41,0
8128,90.91,3992.18,0
8139,83.33,3996.24,0
8151,83.33,3997.32,0
8162,90.91,3995.66,0
8173,90.91,3993.11,0
8184,90.91,3992.08,0
8196,83.33,3994.85,0
8208,83.33,3995.10,0
8219,90.91,3992.91,0
8230,90.91,3990.92,0
8242,83.33,3993.27,0
8253,90.91,3997.07,0
8264,90.91,3995.34,0
8275,90.91,3992.98,0
8288,76.92,3993.37,0
8299,90.91,3993.93,0
8310,90.91,3995.32,0
8322,83.33,3993.99,0
8333,90.91,3994.58,0
8344,90.91,3996.30,0
8356,83.33,3999.26,0
8368,83.33,3994.48,0
8379,90.91,3993.89,0
8390,90.91,3994.42,0
8401,90.91,3993.19,0
8413,83.33,3994.08,0
8424,90.91,3994.00,0
8436,83.33,3994.85,0
8448,83.33,3995.97,0
8459,90.91,3993.76,0
8470,90.91,3996.50,0
8481,90.91,3992.19,0
8493,83.33,3990.11,0
8505,90.91,3993.68,0
8516,83.33,3995.85,0
8527,90.91,4000.36,0
8539,83.33,3998.24,0
8550,90.91,3996.11,0
8561,90.91,3992.86,0
8572,90.91,3994.81,0
8585,76.92,3993.87,0
8596,90.91,3994.59,0
8607,90.91,3990.92,0
8619,83.33,3994.76,0
8630,90.91,3997.03,0
8641,90.91,3992.74,0
8652,90.91,3992.60,0
8665,76.92,3994.86,0
8676,90.91,3998.02,0
8687,90.91,3999.31,0
8698,90.91,3996.91,0
8710,83.33,3994.37,0
8721,90.91,3995.46,0
8733,83.33,3996.82,0
8744,90.91,3995.33,0
8756,83.33,3994.65,0
8767,90.91,3990.42,0
8778,90.91,3991.59,0
8790,83.33,3997.09,0
8801,90.91,3993.60,0
8813,83.33,3994.70,0
8824,90.91,3998.64,0
8836,83.33,4000.40,0
8847,90.91,3997.03,0
8858,90.91,3992.10,0
8869,90.91,3990.27,0
8882,83.33,3991.92,0
8893,83.33,3996.87,0
8904,90.91,3995.87,0
8915,90.91,3993.66,0
8927,83.33,3992.61,0
8938,90.91,3992.84,0
8949,90.91,3994.41,0
8962,76.92,3992.70,0
8973,90.91,3991.60,0
8984,90.91,3994.87,0
8995,90.91,3998.02,0
9007,83.33,3997.67,0
9018,90.91,3997.33,0
9029,90.91,3992.11,0
9041,83.33,3991.68,0
9053,83.33,3993.60,0
9064,90.91,3995.53,0
9075,90.91,3996.51,0
9086,90.91,3996.63,0
9098,83.33,3997.01,0
9110,83.33,3995.20,0
9121,90.91,3994.02,0
9133,83.33,3993.65,0
9144,90.91,3993.14,0
9155,90.91,3994.51,0
9166,90.91,3992.16,0
9178,83.33,3989.11,0
9190,83.33,3994.62,0
9201,90.91,3994.64,0
9212,90.91,3994.37,0
9224,83.33,3998.42,0
9235,90.91,3994.72,0
9246,90.91,3995.05,0
9259,90.91,3993.79,0
9270,76.92,3994.80,0
9281,90.91,3995.47,0
9292,90.91,3993.30,0
9304,83.33,3991.64,0
9315,90.91,3991.18,0
9326,90.91,3997.21,0
9338,83.33,4000.48,0
9350,83.33,3996.13,0
9361,90.91,3993.05,0
9372,90.91,3995.40,0
9383,90.91,3997.22,0
9395,83.33,3998.09,0
9406,90.91,3994.65,0
9418,83.33,3991.48,0
9430,83.33,3989.95,0
9441,90.91,3991.32,0
9452,90.91,3993.06,0
9463,90.91,3993.22,0
9475,83.33,3994.67,0
9487,83.33,3998.93,0
9498,90.91,3999.08,0
9509,90.91,3995.49,0
9521,83.33,3991.25,0
9532,90.91,3991.48,0
9543,90.91,3994.97,0
9554,90.91,3997.60,0
9567,76.92,3996.33,0
9578,90.91,3995.92,0
9589,90.91,3993.90,0
9601,83.33,3992.56,0
9612,90.91,3993.81,0
9623,90.91,3995.24,0
9635,90.91,3994.88,0
9647,76.92,3996.59,0
9658,90.91,3994.35,0
9669,90.91,3993.71,0
9680,90.91,3996.51,0
9692,83.33,3995.68,0
9703,90.91,3991.23,0
9715,83.33,3992.04,0
9726,90.91,3993.96,0
9738,83.33,3994.63,0
9749,90.91,3994.25,0
9760,90.91,3993.42,0
9772,83.33,3994.05,0
9783,90.91,3995.37,0
9795,83.33,3996.76,0
9806,90.91,3996.00,0
9818,83.33,3996.30,0
9829,90.91,3993.51,0
9840,90.91,3991.48,0
9851,90.91,3991.34,0
9864,76.92,3997.61,0
9875,90.91,3998.40,0
9886,90.91,3992.57,0
9897,90.91,3990.61,0
9909,83.33,3993.87,0
9920,90.91,3996.94,0
9931,90.91,3999.20,0
9944,76.92,3995.35,0
9955,90.91,3993.78,0
9966,90.91,3990.25,0
9977,90.91,3991.17,0
9989,83.33,3991.62,0
10000,90.91,3991.72,0
10012,90.91,3994.23,0
10023,83.33,3994.12,0
10035,83.33,3997.05,0
10046,90.91,3997.88,0
10057,90.91,3995.17,0
10068,90.91,3995.76,0
10080,83.33,3997.89,0
10092,83.33,3995.25,0
10103,90.91,3992.72,0
10115,83.33,3994.41,0
10126,90.91,3994.39,0
10137,90.91,3993.21,0
10148,90.91,3995.43,0
10160,83.33,3994.78,0
10172,83.33,3993.74,0
10183,90.91,3995.18,0
10194,90.91,3995.75,0
10206,83.33,3994.91,0
10217,90.91,3994.10,0
10228,90.91,3994.42,0
10241,76.92,3993.80,0
10252,90.91,3992.70,0
10263,90.91,3993.08,0
10274,90.91,3992.44,0
10286,83.33,3996.50,0
10297,90.91,3998.30,0
10308,90.91,3999.44,0
10320,83.33,3998.80,0
10332,83.33,3997.97,0
10343,90.91,3997.50,0
10354,90.91,3992.41,0
10365,90.91,3992.50,0
10377,83.33,3992.85,0
10389,90.91,3997.30,0
10400,83.33,3997.91,0
10412,83.33,3992.11,0
10423,90.91,3994.02,0
10434,90.91,4001.79,0
10445,90.91,3999.69,0
10457,83.33,3995.89,0
10469,83.33,3996.13,0
10480,90.91,3995.91,0
10491,90.91,3992.46,0
10503,83.33,3992.73,0
10514,90.91,3995.33,0
10525,90.91,3995.31,0
10536,90.91,3994.85,0
10549,76.92,3995.53,0
10560,90.91,3994.03,0
10571,90.91,3990.54,0
10583,83.33,3990.29,0
10594,90.91,3991.41,0
10605,90.91,3992.12,0
10617,83.33,3996.72,0
10629,83.33,3996.91,0
10640,90.91,3994.23,0
10651,90.91,3991.27,0
10662,90.91,3992.16,0
10674,83.33,3994.37,0
10685,90.91,3993.69,0
10697,83.33,3992.41,0
10708,90.91,3991.63,0
10720,83.33,3995.07,0
10731,90.91,3996.43,0
10742,90.91,3996.55,0
10754,83.33,3991.99,0
10766,90.91,3992.50,0
10777,83.33,3995.62,0
10788,90.91,3994.23,0
10800,83.33,3991.99,0
10811,90.91,3993.05,0
10822,90.91,3994.11,0
10833,90.91,3994.74,0
10846,76.92,3990.51,0
10857,90.91,3990.50,0
10868,90.91,3991.66,0
10880,83.33,3997.44,0
10891,90.91,3995.21,0
10902,90.91,3996.27,0
10913,90.91,3995.83,0
10926,76.92,3995.12,0
10937,90.91,3994.47,0
10948,90.91,3993.35,0
10959,90.91,3993.35,0
10971,83.33,3995.15,0
10982,90.91,3993.66,0
10994,90.91,3995.85,0
11005,83.33,3997.34,0
11017,83.33,3997.88,0
11028,90.91,3995.75,0
11039,90.91,3994.95,0
11051,83.33,3994.17,0
11062,90.91,3995.35,0
11074,83.33,3995.29,0
11085,90.91,3994.40,0
11097,83.33,3994.96,0
11108,90.91,3994.71,0
11119,90.91,3995.10,0
11130,90.91,3993.14,0
11143,83.33,3991.41,0
11154,83.33,3994.61,0
11165,90.91,3996.36,0
11176,90.91,3995.23,0
11188,83.33,3994.49,0
11199,90.91,3995.74,0
11210,90.91,3993.94,0
11223,76.92,3993.17,0
11234,90.91,3995.76,0
11245,90.91,3995.63,0
11256,90.91,3998.27,0
11268,83.33,3994.01,0
11279,90.91,3993.42,0
11290,90.91,3997.05,0
11302,83.33,3997.45,0
11314,83.33,3996.20,0
11325,90.91,3994.43,0
11336,90.91,3993.95,0
11347,90.91,3992.29,0
11359,83.33,3992.71,0
11371,90.91,3996.58,0
11382,83.33,3995.51,0
11394,83.33,3995.96,0
11405,90.91,3995.92,0
11416,90.91,3993.39,0
11427,90.91,3992.26,0
11439,83.33,3991.04,0
11451,83.33,3990.83,0
11462,90.91,3988.86,0
11473,90.91,3991.76,0
11485,83.33,3991.97,0
11496,90.91,3994.86,0
11507,90.91,3996.69,0
11518,90.91,3996.05,0
11531,76.92,3994.05,0
11542,90.91,3991.79,0
11553,90.91,3994.37,0
11565,83.33,3991.43,0
11576,90.91,3996.46,0
11587,90.91,3998.92,0
11599,83.33,3996.50,0
11611,83.33,3994.11,0
11622,90.91,3997.02,0
11633,90.91,3995.27,0
11644,90.91,3993.84,0
11656,83.33,3993.60,0
11667,90.91,3997.42,0
11679,83.33,3998.13,0
11691,83.33,3998.43,0
11702,90.91,3994.71,0
11713,90.91,3993.56,0
11724,90.91,3991.41,0
11736,83.33,3990.60,0
11748,90.91,3991.53,0
11759,83.33,3992.52,0
11770,90.91,3997.66,0
11782,83.33,4002.21,0
11793,90.91,3997.70,0
11804,90.91,3993.77,0
11815,90.91,3996.14,0
11828,76.92,3995.38,0
11839,90.91,3996.36,0
11850,90.91,3993.27,0
11862,83.33,3994.14,0
11873,90.91,3996.11,0
11884,90.91,3996.81,0
11895,90.91,3997.71,0
11908,76.92,3993.24,0
11919,90.91,3992.37,0
11930,90.91,3990.26,0
11941,90.91,3993.77,0
11953,83.33,3996.43,0
11964,90.91,3994.18,0
11976,83.33,3995.67,0
11987,90.91,3997.95,0
11999,83.33,3997.36,0
12010,90.91,3996.07,0
12021,90.91,3992.26,0
12033,83.33,3992.74,0
12044,90.91,3997.38,0
12056,83.33,3999.97,0
12067,90.91,3995.93,0
12079,83.33,3993.31,0
12090,90.91,3995.89,0
12101,90.91,3996.25,0
12112,90.91,3996.63,0
12125,83.33,3994.02,0
12136,83.33,3990.86,0
12147,90.91,3995.01,0
12158,90.91,3995.94,0
12170,83.33,3992.83,0
12181,90.91,3989.42,0
12192,90.91,3990.52,0
12205,76.92,3991.69,0
12216,90.91,3994.92,0
12227,90.91,3995.72,0
12238,90.91,3995.15,0
12250,83.33,3994.77,0
12261,90.91,3998.14,0
12272,90.91,3999.21,0
12284,83.33,3993.55,0
12296,83.33,3990.22,0
12307,90.91,3990.73,0
12318,90.91,3992.84,0
12329,90.91,3993.69,0
12341,83.33,3994.34,0
12353,90.91,3996.04,0
12364,83.33,3996.39,0
12376,83.33,3998.41,0
12387,90.91,3994.78,0
12398,90.91,3990.63,0
12409,90.91,3993.64,0
12421,83.33,3997.22,0
12433,83.33,3997.59,0
12444,90.91,3993.69,0
12455,90.91,3992.73,0
12467,83.33,3994.62,0
12478,90.91,3995.83,0
12489,90.91,3995.74,0
12500,90.91,3994.53,0
12513,76.92,3996.09,0
12524,90.91,3998.64,0
12535,90.91,3997.02,0
12547,83.33,3991.89,0
12558,90.91,3989.03,0
12569,90.91,3992.95,0
12581,83.33,3995.46,0
12593,83.33,3997.30,0
12604,90.91,3993.90,0
12615,90.91,3995.50,0
12626,90.91,4000.59,0
12638,83.33,4001.00,0
12649,90.91,3998.37,0
12661,83.33,3992.86,0
12673,83.33,3990.58,0
12684,90.91,3994.87,0
12695,90.91,3994.45,0
12706,90.91,3991.54,0
12718,83.33,3993.35,0
12730,90.91,3994.36,0
12741,83.33,3994.63,0
12752,90.91,3992.37,0
12764,83.33,3992.83,0
12775,90.91,3993.63,0
12786,90.91,3992.69,0
12797,90.91,3995.00,0
12810,76.92,3997.25,0
12821,90.91,3995.92,0
12832,90.91,3994.57,0
12844,83.33,3993.89,0
12855,90.91,3994.97,0
12866,90.91,3990.56,0
12877,90.91,3993.52,0
12890,76.92,3993.75,0
12901,90.91,3996.79,0
12912,90.91,3997.68,0
12923,90.91,3995.16,0
12935,83.33,3995.13,0
12946,90.91,3993.35,0
12958,83.33,3995.97,0
12969,90.91,3993.77,0
12981,83.33,3992.63,0
12992,90.91,3995.45,0
13003,90.91,3995.31,0
13015,83.33,3995.63,0
13026,90.91,3995.92,0
13038,83.33,3989.29,0
13049,90.91,3991.76,0
13061,83.33,3994.31,0
13072,90.91,3996.56,0
13083,90.91,3991.94,0
13094,90.91,3992.23,0
13107,83.33,3996.22,0
13118,83.33,3997.60,0
13129,90.91,3996.80,0
13140,90.91,3991.30,0
13152,83.33,3990.87,0
13163,90.91,3996.89,0
13174,90.91,3998.32,0
13187,76.92,3993.51,0
13198,90.91,3992.61,0
13209,90.91,3995.38,0
13220,90.91,3992.76,0
13232,83.33,3992.97,0
13243,90.91,3989.99,0
13254,90.91,3990.70,0
13266,83.33,3994.40,0
13278,83.33,3996.32,0
13289,90.91,3998.26,0
13300,90.91,3993.50,0
13312,83.33,3994.86,0
13323,90.91,3997.05,0
13335,83.33,3997.89,0
13346,90.91,3994.22,0
13358,83.33,3991.08,0
13369,90.91,3993.79,0
13380,90.91,3997.18,0
13391,90.91,3996.69,0
13403,83.33,3994.26,0
13415,83.33,3990.71,0
13426,90.91,3992.34,0
13437,90.91,3995.82,0
13449,83.33,3994.01,0
13460,90.91,3994.97,0
13471,90.91,3995.85,0
13484,83.33,3998.82,0
13495,83.33,3998.65,0
13506,90.91,3993.73,0
13517,90.91,3991.50,0
13529,83.33,3992.53,0
13540,90.91,3997.06,0
13551,90.91,3997.91,0
13563,83.33,3993.78,0
13575,83.33,3993.45,0
13586,90.91,3994.57,0
13597,90.91,3998.11,0
13608,90.91,3995.06,0
13620,83.33,3990.28,0
13632,90.91,3991.61,0
13643,83.33,3997.41,0
13655,83.33,3998.43,0
13666,90.91,3996.33,0
13677,90.91,3991.48,0
13688,90.91,3994.66,0
13700,83.33,3998.53,0
13712,83.33,3998.16,0
13723,90.91,3993.49,0
13734,90.91,3993.15,0
13746,83.33,3995.20,0
13757,90.91,3995.77,0
13768,90.91,3994.16,0
13779,90.91,3991.37,0
13792,76.92,3993.22,0
13803,90.91,3997.41,0
13814,90.91,3997.71,0
13826,83.33,3993.72,0
13837,90.91,3991.80,0
13848,90.91,3994.88,0
13860,90.91,3999.14,0
13872,76.92,3999.33,0
13883,90.91,3994.83,0
13894,90.91,3994.62,0
13905,90.91,3997.14,0
13917,83.33,3995.51,0
13928,90.91,3994.05,0
13940,83.33,3989.92,0
13952,83.33,3992.68,0
13963,90.91,3997.60,0
13974,90.91,3998.93,0
13985,90.91,3992.71,0
13997,83.33,3992.90,0
14009,90.91,3998.42,0
14020,83.33,4000.25,0
14031,90.91,3995.39,0
14043,83.33,3995.01,0
14054,90.91,3996.42,0
14065,90.91,3994.09,0
14076,90.91,3993.94,0
14089,76.92,3991.42,0
14100,90.91,3992.40,0
14111,90.91,3995.34,0
14123,83.33,3994.87,0
14134,90.91,3997.27,0
14145,90.91,3994.37,0
14156,90.91,3993.11,0
14169,76.92,3994.58,0
14180,90.91,3994.26,0
14191,90.91,3996.35,0
14202,90.91,3992.91,0
14214,83.33,3991.91,0
14225,90.91,3990.97,0
14237,90.91,3997.10,0
14248,83.33,3997.92,0
14260,83.33,3991.25,0
14271,90.91,3993.82,0
14282,90.91,3996.29,0
14294,83.33,3998.34,0
14305,90.91,3998.19,0
14317,83.33,3991.68,0
14328,90.91,3991.12,0
14340,83.33,3997.07,0
14351,90.91,3996.62,0
14362,90.91,3990.62,0
14373,90.91,3990.50,0
14386,83.33,3995.65,0
14397,83.33,3996.79,0
14408,90.91,3997.05,0
14419,90.91,3992.13,0
14431,83.33,3993.26,0
14442,90.91,3997.60,0
14453,90.91,3998.06,0
14466,76.92,3989.91,0
14477,90.91,3987.36,0
14488,90.91,3992.93,0
14499,90.91,3997.37,0
14511,83.33,3992.14,0
14522,90.91,3992.94,0
14533,90.91,3995.67,0
14545,83.33,3996.67,0
14557,83.33,3998.00,0
14568,90.91,3995.02,0
14579,90.91,3993.29,0
14590,90.91,3992.93,0
14602,83.33,3995.35,0
14614,83.33,3998.57,0
14625,90.91,3996.61,0
14637,83.33,3995.32,0
14648,90.91,3992.23,0
14659,90.91,3993.55,0
14670,90.91,3993.72,0
14682,83.33,3990.16,0
14694,83.33,3991.96,0
14705,90.91,3994.05,0
14716,90.91,3998.01,0
14728,83.33,3999.40,0
14739,90.91,3995.68,0
14750,90.91,3993.99,0
14763,90.91,3995.46,0
14774,76.92,3994.56,0
14785,90.91,3994.51,0
14796,90.91,3991.74,0
14808,83.33,3994.86,0
14819,90.91,3998.38,0
14830,90.91,3995.03,0
14842,83.33,3992.82,0
14854,83.33,3993.47,0
14865,90.91,3993.28,0
14876,90.91,3994.09,0
14887,90.91,3992.05,0
14899,83.33,3991.05,0
14910,90.91,3992.57,0
14922,83.33,3995.68,0
14934,83.33,3994.19,0
14945,90.91,3991.61,0
14956,90.91,3991.27,0
14967,90.91,3992.69,0
14979,83.33,3995.69,0
14991,83.33,3998.16,0
15002,90.91,3997.97,0
15013,90.91,3995.61,0
15025,83.33,3995.39,0
15036,90.91,3996.59,0
15047,90.91,3993.85,0
15058,90.91,3990.95,0
15071,76.92,3990.07,0
15082,90.91,3990.63,0
15093,90.91,3995.52,0
15105,83.33,3994.99,0
15116,90.91,3993.73,0
15127,90.91,3993.72,0
15139,90.91,3997.87,0
15151,83.33,3995.20,0
15162,90.91,3990.19,0
15173,90.91,3991.76,0
15184,90.91,3995.44,0
15196,83.33,3995.19,0
15207,90.91,3994.27,0
15219,83.33,3991.96,0
15230,90.91,3992.17,0
15242,83.33,3994.05,0
15253,90.91,3999.77,0
15264,90.91,3996.40,0
15276,83.33,3993.19,0
15288,90.91,3997.10,0
15299,83.33,3996.76,0
15310,90.91,3997.69,0
15322,83.33,3993.73,0
15333,90.91,3991.03,0
15344,90.91,3991.39,0
15355,90.91,3992.86,0
15368,76.92,3994.19,0
15379,90.91,3995.96,0
15390,90.91,3997.52,0
15401,90.91,3998.26,0
15413,83.33,3995.60,0
15424,90.91,3993.97,0
15435,90.91,3991.19,0
15448,76.92,3991.79,0
15459,90.91,3995.07,0
15470,90.91,3997.03,0
15481,90.91,3996.59,0
15493,83.33,3995.71,0
15504,90.91,3991.47,0
15516,83.33,3994.24,0
15527,90.91,3993.35,0
15539,83.33,3992.46,0
15550,90.91,3996.35,0
15561,90.91,3997.93,0
15572,90.91,4001.74,0
15584,83.33,3997.18,0
15596,83.33,3992.35,0
15607,90.91,3991.96,0
15619,83.33,3992.90,0
15630,90.91,3995.40,0
15641,90.91,3993.16,0
15652,90.91,3993.65,0
15665,83.33,3996.34,0
15676,83.33,3997.56,0
15687,90.91,3996.09,0
15698,90.91,3992.75,0
15710,83.33,3991.62,0
15721,90.91,3992.35,0
15732,90.91,3992.34,0
15745,76.92,3990.93,0
15756,90.91,3992.66,0
15767,90.91,3994.39,0
15778,90.91,3997.87,0
15790,83.33,3996.88,0
15801,90.91,3993.26,0
15812,90.91,3994.13,0
15824,83.33,3994.08,0
15836,83.33,3997.27,0
15847,90.91,3999.38,0
15858,90.91,3997.98,0
15869,90.91,3994.03,0
15881,83.33,3994.08,0
15893,83.33,3994.17,0
15904,90.91,3993.22,0
15916,83.33,3994.66,0
15927,90.91,3995.47,0
15938,90.91,3994.71,0
15949,90.91,3997.24,0
15961,83.33,3995.26,0
15973,83.33,3996.41,0
15984,90.91,3994.84,0
15995,90.91,3994.43,0
16007,83.33,3993.89,0
16018,90.91,3992.94,0
16029,90.91,3992.80,0
16041,83.33,3997.03,0
16053,83.33,4000.87,0
16064,90.91,3998.88,0
16075,90.91,3994.24,0
16087,83.33,3994.91,0
16098,90.91,3993.84,0
16109,90.91,3993.15,0
16121,83.33,3991.80,0
16133,83.33,3992.76,0
16144,90.91,3993.06,0
16155,90.91,3992.54,0
16166,90.91,3992.78,0
16178,83.33,3990.96,0
16190,90.91,3993.41,0
16201,83.33,3991.68,0
16212,90.91,3993.35,0
16224,83.33,3992.04,0
16235,90.91,3991.92,0
16246,90.91,3992.14,0
16258,83.33,3993.52,0
16270,83.33,3993.22,0
16281,90.91,3992.53,0
16292,90.91,3992.22,0
16304,83.33,3994.81,0
16315,90.91,3994.17,0
16326,90.91,3995.20,0
16337,90.91,3997.55,0
16350,76.92,3996.16,0
16361,90.91,3991.33,0
16372,90.91,3991.14,0
16384,83.33,3996.56,0
16395,90.91,3996.96,0
16406,90.91,3998.12,0
16418,83.33,3996.36,0
16430,83.33,3997.25,0
16441,90.91,3993.63,0
16452,90.91,3993.88,0
16463,90.91,3993.96,0
16475,83.33,3993.63,0
16486,90.91,3996.29,0
16498,83.33,3995.37,0
16509,90.91,3996.15,0
16521,83.33,4001.17,0
16532,90.91,4000.03,0
16543,90.91,3995.20,0
16555,83.33,3993.25,0
16567,90.91,3990.87,0
16578,83.33,3993.46,0
16589,90.91,3994.86,0
16601,83.33,3997.28,0
16612,90.91,3998.94,0
16623,90.91,3996.75,0
16634,90.91,3996.26,0
16647,76.92,3996.32,0
16658,90.91,3993.32,0
16669,90.91,3993.97,0
16680,90.91,3994.29,0
16692,83.33,3993.35,0
16703,90.91,3994.57,0
16714,90.91,3999.23,0
16727,76.92,3995.50,0
16738,90.91,3993.30,0
16749,90.91,3993.17,0
16760,90.91,3995.07,0
16772,83.33,3994.16,0
16783,90.91,3999.34,0
16795,83.33,3994.56,0
16806,90.91,3993.44,0
16818,83.33,3994.16,0
16829,90.91,3993.22,0
16840,90.91,3990.13,0
16851,90.91,3988.71,0
16863,83.33,3991.21,0
16875,83.33,3994.41,0
16886,90.91,3994.07,0
16898,83.33,3996.07,0
16909,90.91,3995.52,0
16920,90.91,3996.35,0
16931,90.91,3994.86,0
16944,83.33,3991.66,0
16955,83.33,3991.81,0
16966,90.91,3991.14,0
16977,90.91,3991.56,0
16989,83.33,3992.55,0
17000,90.91,3996.16,0
17011,90.91,3994.00,0
17024,76.92,3994.16,0
17035,90.91,3995.62,0
17046,90.91,3994.56,0
17057,90.91,3996.76,0
17069,83.33,3995.72,0
17080,90.91,3995.33,0
17092,90.91,3998.22,0
17103,83.33,3995.83,0
17115,83.33,3995.35,0
17126,90.91,3990.48,0
17137,90.91,3990.71,0
17148,90.91,3991.42,0
17160,83.33,3997.40,0
17172,83.33,3993.81,0
17183,90.91,3994.87,0
17195,83.33,3995.06,0
17206,90.91,3995.93,0
17217,90.91,3995.77,0
17228,90.91,3994.32,0
17240,83.33,3990.77,0
17252,83.33,3991.68,0
17263,90.91,3994.19,0
17274,90.91,3993.14,0
17286,83.33,3995.08,0
17297,90.91,3996.45,0
17308,90.91,3996.12,0
17320,90.91,3997.26,0
17332,76.92,3995.53,0
17343,90.91,3990.84,0
17354,90.91,3991.66,0
17366,83.33,3993.36,0
17377,90.91,3995.33,0
17388,90.91,3993.58,0
17400,83.33,3991.40,0
17412,83.33,3992.03,0
17423,90.91,3993.80,0
17434,90.91,3993.92,0
17445,90.91,3992.26,0
17457,83.33,3992.16,0
17469,90.91,3996.03,0
17480,83.33,3998.75,0
17491,90.91,3997.27,0
17503,83.33,3995.21,0
17514,90.91,3994.34,0
17525,90.91,3993.78,0
17537,83.33,3995.31,0
17549,83.33,3994.51,0
17560,90.91,3989.15,0
17571,90.91,3994.42,0
17583,83.33,3996.93,0
17594,90.91,3997.84,0
17605,90.91,3997.60,0
17616,90.91,3997.12,0
17629,76.92,3995.57,0
17640,90.91,3994.97,0
17651,90.91,3995.64,0
17662,90.91,3993.21,0
17674,83.33,3992.78,0
17685,90.91,3992.44,0
17697,90.91,3996.94,0
17709,76.92,3997.60,0
17720,90.91,3995.13,0
17731,90.91,3994.72,0
17742,90.91,3996.28,0
17754,83.33,3998.93,0
17765,90.91,3994.57,0
17777,83.33,3992.21,0
17788,90.91,3991.92,0
17800,83.33,3993.17,0
17811,90.91,3994.03,0
17822,90.91,3994.48,0
17833,90.91,3992.85,0
17846,83.33,3994.01,0
17857,83.33,3998.45,0
17868,90.91,3997.76,0
17880,83.33,3992.40,0
17891,90.91,3990.42,0
17902,90.91,3994.17,0
17913,90.91,3995.15,0
17926,76.92,3992.22,0
17937,90.91,3989.08,0
17948,90.91,3993.57,0
17959,90.91,3995.62,0
17971,83.33,3996.26,0
17982,90.91,3991.32,0
17993,90.91,3994.76,0
18006,76.92,3995.51,0
18017,90.91,3996.70,0
18028,90.91,3993.06,0
18039,90.91,3992.10,0
18051,83.33,3995.08,0
18062,90.91,3994.11,0
18074,83.33,3995.39,0
18085,90.91,3993.58,0
18097,83.33,3992.78,0
18108,90.91,3995.76,0
18119,90.91,3996.77,0
18130,90.91,3997.05,0
18142,83.33,3995.12,0
18154,83.33,3991.28,0
18165,90.91,3992.34,0
18177,83.33,3994.22,0
18188,90.91,3992.97,0
18199,90.91,3992.95,0
18210,90.91,3995.08,0
18223,83.33,3997.03,0
18234,83.33,3998.10,0
18245,90.91,3995.20,0
18256,90.91,3992.47,0
18268,83.33,3991.72,0
18279,90.91,3992.08,0
18290,90.91,3992.06,0
18302,83.33,3988.36,0
18314,83.33,3991.81,0
18325,90.91,3998.49,0
18336,90.91,3996.67,0
18348,83.33,3994.75,0
18359,90.91,3993.23,0
18370,90.91,3991.76,0
18382,83.33,3992.76,0
18394,83.33,3995.81,0
18405,90.91,3995.05,0
18416,90.91,3997.52,0
18427,90.91,4000.84,0
18439,83.33,4000.81,0
18451,83.33,3998.64,0
18462,90.91,3994.01,0
18473,90.91,3992.68,0
18485,83.33,3991.96,0
18496,90.91,3994.74,0
18507,90.91,3993.00,0
18519,83.33,3993.71,0
18531,83.33,3995.04,0
18542,90.91,3996.65,0
18553,90.91,3996.49,0
18565,83.33,3995.84,0
18576,90.91,3994.94,0
18587,90.91,3994.13,0
18599,90.91,3991.73,0
18611,76.92,3991.49,0
18622,90.91,3993.65,0
18633,90.91,3994.85,0
18644,90.91,3996.42,0
18656,83.33,3996.03,0
18667,90.91,3991.64,0
18679,83.33,3992.95,0
18691,83.33,3993.95,0
18702,90.91,3993.60,0
18713,90.91,3997.23,0
18724,90.91,3998.62,0
18736,83.33,3995.19,0
18747,90.91,3992.69,0
18759,83.33,3994.06,0
18770,90.91,3994.36,0
18782,83.33,3994.67,0
18793,90.91,3994.40,0
18804,90.91,3996.05,0
18816,83.33,3994.00,0
18828,83.33,3993.17,0
18839,90.91,3994.02,0
18850,90.91,3995.05,0
18862,83.33,3992.09,0
18873,90.91,3990.34,0
18884,90.91,3990.66,0
18895,90.91,3994.29,0
18908,76.92,3995.18,0
18919,90.91,3996.06,0
18930,90.91,3995.43,0
18941,90.91,3994.36,0
18953,83.33,3993.76,0
18964,90.91,3994.61,0
18976,90.91,3997.25,0
18988,76.92,3993.69,0
18999,90.91,3995.45,0
19010,90.91,3995.84,0
19021,90.91,3992.13,0
19033,83.33,3991.60,0
19044,90.91,3990.35,0
19056,83.33,3991.95,0
19067,90.91,3995.23,0
19079,83.33,3995.66,0
19090,90.91,3995.96,0
19101,90.91,3995.83,0
19112,90.91,3995.55,0
19124,83.33,3995.40,0
19136,83.33,3994.68,0
19147,90.91,3991.06,0
19159,83.33,3990.28,0
19170,90.91,3991.22,0
19181,90.91,3993.37,0
19192,90.91,3993.43,0
19205,76.92,3991.21,0
19216,90.91,3989.45,0
19227,90.91,3989.44,0
19238,90.91,3992.21,0
19250,83.33,3995.13,0
19261,90.91,3990.82,0
19272,90.91,3993.54,0
19284,83.33,3996.47,0
19296,83.33,3996.46,0
19307,90.91,3996.02,0
19318,90.91,3991.36,0
19330,83.33,3991.92,0
19341,90.91,3998.26,0
19353,90.91,3995.64,0
19364,83.33,3992.74,0
19376,83.33,3995.97,0
19387,90.91,3995.08,0
19398,90.91,3993.22,0
19409,90.91,3991.83,0
19421,83.33,3993.52,0
19433,83.33,3991.57,0
19444,90.91,3989.76,0
19456,83.33,3992.66,0
19467,90.91,3998.07,0
19478,90.91,3995.88,0
19489,90.91,3993.30,0
19501,83.33,3992.35,0
19513,83.33,3994.57,0
19524,90.91,3993.82,0
19535,90.91,3991.43,0
19547,83.33,3994.16,0
19558,90.91,3997.06,0
19569,90.91,3997.89,0
19581,83.33,3993.94,0
19593,83.33,3992.19,0
19604,90.91,3991.02,0
19615,90.91,3992.35,0
19627,83.33,3995.60,0
19638,90.91,3993.30,0
19649,90.91,3995.25,0
19661,83.33,3997.11,0
19673,83.33,3996.77,0
19684,90.91,3995.52,0
19695,90.91,3990.94,0
19706,90.91,3992.24,0
19718,83.33,3996.32,0
19730,90.91,3994.46,0
19741,83.33,3994.69,0
19752,90.91,3995.38,0
19764,83.33,3995.60,0
19775,90.91,3991.79,0
19786,90.91,3990.16,0
19798,83.33,3991.08,0
19810,83.33,3991.30,0
19821,90.91,3994.27,0
19832,90.91,3995.82,0
19844,83.33,3992.13,0
19855,90.91,3994.25,0
19866,90.91,3994.80,0
19877,90.91,3992.44,0
19890,76.92,3994.93,0
19901,90.91,3994.20,0
19912,90.91,3994.13,0
19923,90.91,3993.83,0
19935,83.33,3997.19,0
19946,90.91,4000.47,0
19958,90.91,3996.77,0
19970,76.92,3992.04,0
19981,90.91,3991.87,0
19992,90.91,3995.11,0
20003,90.91,3991.66,0
20015,83.33,3992.76,0
20026,90.91,3993.91,0
20038,83.33,3996.65,0
20049,90.91,3997.78,0
20061,83.33,3997.88,0
20072,90.91,3991.99,0
20083,90.91,3992.68,0
20094,90.91,3994.45,0
20106,83.33,3994.08,0
20118,83.33,3989.34,0
20129,90.91,3989.82,0
20141,83.33,3993.49,0
20152,90.91,3996.30,0
20163,90.91,3993.74,0
20174,90.91,3993.88,0
20187,76.92,3991.32,0
20198,90.91,3992.62,0
20209,90.91,3991.45,0
20220,90.91,3991.73,0
20232,83.33,3991.85,0
20243,90.91,3991.98,0
20254,90.91,3992.68,0
20267,76.92,3991.62,0
20278,90.91,3992.95,0
20289,90.91,3993.20,0
20300,90.91,3995.12,0
20312,83.33,3997.48,0
20323,90.91,3994.97,0
20335,90.91,3995.03,0
20346,83.33,3994.76,0
20358,83.33,3995.86,0
20369,90.91,3995.86,0
20380,90.91,3991.55,0
20391,90.91,3992.02,0
20403,83.33,3993.39,0
20415,83.33,3994.81,0
20426,90.91,3995.75,0
20438,83.33,3993.78,0
20449,90.91,3993.00,0
20460,90.91,3996.96,0
20471,90.91,3998.21,0
20483,83.33,3995.90,0
20495,83.33,3993.95,0
20506,90.91,3994.57,0
20517,90.91,3996.66,0
20529,83.33,3996.35,0
20540,90.91,3995.24,0
20551,90.91,3993.67,0
20563,90.91,3997.00,0
20575,76.92,3995.93,0
20586,90.91,3995.99,0
20597,90.91,3995.47,0
20609,83.33,3991.29,0
20620,90.91,3990.09,0
20631,90.91,3994.05,0
20643,83.33,3993.95,0
20655,83.33,3995.99,0
20666,90.91,3992.27,0
20677,90.91,3994.83,0
20688,90.91,3997.56,0
20700,83.33,3999.59,0
20712,90.91,3996.78,0
20723,83.33,3994.17,0
20734,90.91,3995.64,0
20746,83.33,3993.14,0
20757,90.91,3994.77,0
20768,90.91,3994.83,0
20780,83.33,3994.31,0
20792,83.33,3998.69,0
20803,90.91,4000.60,0
20814,90.91,3995.80,0
20826,83.33,3990.82,0
20837,90.91,3993.29,0
20848,90.91,3996.71,0
20859,90.91,3994.76,0
20872,76.92,3991.19,0
20883,90.91,3994.96,0
20894,90.91,4000.62,0
20905,90.91,4002.34,0
20917,83.33,3997.25,0
20928,90.91,3990.05,0
20940,90.91,3989.30,0
20952,76.92,3995.52,0
20963,90.91,3998.36,0
20974,90.91,3993.44,0
20985,90.91,3993.84,0
20997,83.33,3996.63,0
21008,90.91,3997.94,0
21020,83.33,3997.27,0
21031,90.91,3993.63,0
21043,83.33,3990.90,0
21054,90.91,3994.84,0
21065,90.91,3997.39,0
21076,90.91,3996.63,0
21089,83.33,3993.93,0
21100,83.33,3996.61,0
21111,90.91,3994.74,0
21123,83.33,3993.65,0
21134,90.91,3993.00,0
21145,90.91,3996.12,0
21156,90.91,3995.86,0
21169,76.92,4000.31,0
21180,90.91,3998.53,0
21191,90.91,3992.31,0
21202,90.91,3989.98,0
21214,83.33,3992.51,0
21225,90.91,3991.48,0
21236,90.91,3993.87,0
21249,76.92,3995.15,0
21260,90.91,3996.93,0
21271,90.91,3999.23,0
21282,90.91,3997.04,0
21294,83.33,3994.79,0
21305,90.91,3993.55,0
21317,83.33,3996.31,0
21328,90.91,3994.49,0
21340,83.33,3993.26,0
21351,90.91,3992.58,0
21362,90.91,3992.25,0
21373,90.91,3995.25,0
21385,83.33,3994.73,0
21397,83.33,3994.48,0
21408,90.91,3992.24,0
21420,83.33,3995.46,0
21431,90.91,4000.50,0
21442,90.91,3997.80,0
21453,90.91,3996.68,0
21466,83.33,3993.91,0
21477,83.33,3996.24,0
21488,90.91,3996.08,0
21499,90.91,3991.00,0
21511,83.33,3993.36,0
21522,90.91,3994.11,0
21533,90.91,3995.94,0
21545,83.33,3991.80,0
21557,83.33,3991.52,0
21568,90.91,3997.48,0
21579,90.91,3996.42,0
21591,83.33,3993.06,0
21602,90.91,3992.25,0
21613,90.91,3993.15,0
21625,83.33,3991.82,0
21637,83.33,3994.43,0
21648,90.91,3996.57,0
21659,90.91,3995.96,0
21670,90.91,3993.41,0
21682,83.33,3990.73,0
21694,90.91,3995.77,0
21705,83.33,3998.06,0
21716,90.91,3994.75,0
21728,83.33,3992.66,0
21739,90.91,3993.17,0
21750,90.91,3995.81,0
21762,83.33,3994.16,0
21774,83.33,3992.96,0
21785,90.91,3993.02,0
21796,90.91,3997.16,0
21808,83.33,3992.52,0
21819,90.91,3992.45,0
21830,90.91,3993.61,0
21841,90.91,3995.98,0
21854,76.92,3996.15,0
21865,90.91,3994.52,0
21876,90.91,3994.17,0
21888,83.33,3991.75,0
21899,90.91,3993.03,0
21910,90.91,3996.09,0
21922,83.33,3993.17,0
21934,83.33,3994.56,0
21945,90.91,3996.54,0
21956,90.91,3994.07,0
21967,90.91,3990.66,0
21979,83.33,3990.42,0
21990,90.91,3993.41,0
22002,83.33,3991.72,0
22013,90.91,3993.75,0
22025,83.33,3994.43,0
22036,90.91,3992.43,0
22047,90.91,3992.12,0
22059,83.33,3995.87,0
22071,90.91,3996.62,0
22082,83.33,3992.40,0
22093,90.91,3991.09,0
22105,83.33,3992.73,0
22116,90.91,3994.03,0
22127,90.91,3995.43,0
22138,90.91,3993.44,0
22151,76.92,3992.17,0
22162,90.91,3990.81,0
22173,90.91,3995.95,0
22184,90.91,3996.42,0
22196,83.33,3993.89,0
22207,90.91,3995.60,0
22218,90.91,3996.61,0
22231,76.92,3996.90,0
22242,90.91,3992.12,0
22253,90.91,3991.41,0
22264,90.91,3993.58,0
22276,83.33,3993.99,0
22287,90.91,3993.18,0
22299,90.91,3992.01,0
22310,83.33,3995.68,0
22322,83.33,3998.90,0
22333,90.91,3997.28,0
22344,90.91,3990.50,0
22355,90.91,3987.09,0
22367,83.33,3990.71,0
22379,83.33,3994.22,0
22390,90.91,3998.57,0
22402,83.33,3997.04,0
22413,90.91,3994.73,0
22424,90.91,3993.62,0
22435,90.91,3995.07,0
22447,83.33,3990.84,0
22459,83.33,3990.20,0
22470,90.91,3994.20,0
22481,90.91,3994.79,0
22493,83.33,3991.64,0
22504,90.91,3993.33,0
22515,90.91,3994.34,0
22528,76.92,3995.52,0
22539,90.91,3994.76,0
22550,90.91,3993.06,0
22561,90.91,3992.20,0
22573,83.33,3996.30,0
22584,90.91,3994.50,0
22595,90.91,3992.54,0
22607,83.33,3994.82,0
22619,83.33,3995.43,0
22630,90.91,3993.44,0
22641,90.91,3990.66,0
22652,90.91,3987.73,0
22664,83.33,3988.78,0
22676,90.91,3992.12,0
22687,83.33,3997.83,0
22699,83.33,4001.08,0
22710,90.91,3996.94,0
22721,90.91,3992.47,0
22732,90.91,3994.69,0
22744,83.33,3998.23,0
22756,83.33,3997.47,0
22767,90.91,3991.89,0
22778,90.91,3990.21,0
22790,83.33,3993.63,0
22801,90.91,3998.72,0
22812,90.91,3999.84,0
22823,90.91,3992.28,0
22836,76.92,3991.93,0
22847,90.91,3993.91,0
22858,90.91,3993.71,0
22870,83.33,3993.17,0
22881,90.91,3991.33,0
22892,90.91,3994.92,0
22904,83.33,3996.16,0
22916,83.33,3996.04,0
22927,90.91,3992.16,0
22938,90.91,3993.68,0
22949,90.91,3996.21,0
22961,83.33,3996.91,0
22972,90.91,3998.64,0
22984,83.33,3997.38,0
22995,90.91,3997.14,0
23007,83.33,3993.92,0
23018,90.91,3993.43,0
23029,90.91,3991.76,0
23041,83.33,3991.97,0
23053,90.91,3993.73,0
23064,83.33,3995.47,0
23075,90.91,3999.81,0
23087,83.33,3998.29,0
23098,90.91,3992.81,0
23109,90.91,3991.79,0
23120,90.91,3992.27,0
23133,76.92,3994.02,0
23144,90.91,3992.73,0
23155,90.91,3993.66,0
23166,90.91,3995.52,0
23178,83.33,3995.67,0
23189,90.91,3996.43,0
23200,90.91,3993.80,0
23213,76.92,3993.18,0
23224,90.91,3993.69,0
23235,90.91,3994.23,0
23246,90.91,3995.36,0
23258,83.33,3994.43,0
23269,90.91,3995.73,0
23281,83.33,3997.70,0
23292,90.91,3996.87,0
23304,83.33,3993.41,0
23315,90.91,3994.38,0
23326,90.91,3994.09,0
23337,90.91,3994.18,0
23349,83.33,3993.49,0
23361,83.33,3994.69,0
23372,90.91,3995.72,0
23384,83.33,3995.52,0
23395,90.91,3995.98,0
23406,90.91,3993.51,0
23417,90.91,3992.04,0
23430,83.33,3994.68,0
23441,83.33,3995.10,0
23452,90.91,3999.14,0
23463,90.91,3998.02,0
23475,83.33,3994.75,0
23486,90.91,3994.45,0
23497,90.91,3993.89,0
23510,76.92,3996.48,0
23521,90.91,3992.24,0
23532,90.91,3992.64,0
23543,90.91,3995.86,0
23555,83.33,3996.48,0
23566,90.91,3993.86,0
23577,90.91,3991.49,0
23589,83.33,3993.50,0
23601,83.33,3993.54,0
23612,90.91,3994.64,0
23623,90.91,3994.56,0
23634,90.91,3991.74,0
23646,83.33,3993.70,0
23658,83.33,3996.56,0
23669,90.91,3996.48,0
23681,83.33,3989.01,0
23692,90.91,3993.08,0
23703,90.91,3997.01,0
23714,90.91,3996.02,0
23726,83.33,3993.53,0
23738,83.33,3993.13,0
23749,90.91,3990.94,0
23760,90.91,3992.46,0
23772,83.33,3996.34,0
23783,90.91,3997.69,0
23794,90.91,3995.90,0
23806,90.91,3996.36,0
23818,76.92,3995.72,0
23829,90.91,3991.99,0
23840,90.91,3993.73,0
23852,83.33,3999.70,0
23863,90.91,3997.35,0
23874,90.91,3996.39,0
23886,83.33,3994.84,0
23898,83.33,3993.16,0
23909,90.91,3997.69,0
23920,90.91,3998.56,0
23931,90.91,3997.52,0
23943,83.33,3994.49,0
23954,90.91,3996.55,0
23966,83.33,3995.29,0
23977,90.91,3993.66,0
23989,83.33,3992.64,0
24000,90.91,3991.38,0
24011,90.91,3993.83,0
24023,83.33,3995.28,0
24035,90.91,3995.49,0
24046,83.33,3993.56,0
24057,90.91,3992.24,0
24069,83.33,3990.66,0
24080,90.91,3992.07,0
24091,90.91,3993.40,0
24102,90.91,3990.70,0
24115,76.92,3993.56,0
24126,90.91,3995.76,0
24137,90.91,3997.37,0
24148,90.91,3997.70,0
24160,83.33,3994.96,0
24171,90.91,3994.10,0
24183,90.91,3992.03,0
24195,76.92,3994.91,0
24206,90.91,3995.86,0
24217,90.91,3994.79,0
24228,90.91,3995.71,0
24240,83.33,3995.91,0
24251,90.91,3994.83,0
24263,83.33,3993.15,0
24274,90.91,3997.22,0
24286,83.33,3997.12,0
24297,90.91,3994.90,0
24308,90.91,3993.88,0
24320,83.33,3991.53,0
24331,90.91,3991.49,0
24343,83.33,3991.67,0
24354,90.91,3992.39,0
24366,83.33,3992.93,0
24377,90.91,3995.62,0
24388,90.91,3993.23,0
24399,90.91,3994.77,0
24412,83.33,3997.50,0
24423,83.33,3993.61,0
24434,90.91,3993.81,0
24445,90.91,3994.33,0
24457,83.33,3992.43,0
24468,90.91,3991.69,0
24479,90.91,3989.45,0
24492,76.92,3992.85,0
24503,90.91,3994.76,0
24514,90.91,3997.75,0
24525,90.91,3996.21,0
24537,83.33,3990.21,0
24548,90.91,3991.52,0
24560,90.91,3995.72,0
24571,83.33,3994.26,0
24583,83.33,3992.29,0
24594,90.91,3996.91,0
24605,90.91,4000.18,0
24616,90.91,3996.38,0
24628,83.33,3989.06,0
24640,83.33,3991.55,0
24651,90.91,3996.21,0
24663,83.33,3996.56,0
24674,90.91,3997.44,0
24685,90.91,3994.91,0
24696,90.91,3993.91,0
24708,83.33,3997.29,0
24720,83.33,3996.76,0
24731,90.91,3991.41,0
24742,90.91,3989.72,0
24754,83.33,3992.79,0
24765,90.91,3995.78,0
24776,90.91,3997.43,0
24788,90.91,3996.93,0
24800,76.92,3993.03,0
24811,90.91,3995.08,0
24822,90.91,3994.11,0
24834,83.33,3996.97,0
24845,90.91,3992.62,0
24856,90.91,3992.38,0
24868,83.33,3998.68,0
24880,83.33,3997.15,0
24891,90.91,3993.58,0
24902,90.91,3992.98,0
24913,90.91,3993.13,0
24925,83.33,3996.25,0
24937,90.91,3998.50,0
24948,83.33,3995.41,0
24960,83.33,3994.11,0
24971,90.91,3999.68,0
24982,90.91,3999.16,0
24993,90.91,3994.60,0
25005,83.33,3990.77,0
25017,83.33,3989.50,0
25028,90.91,3994.07,0
25039,90.91,3997.19,0
25051,83.33,3993.94,0
25062,90.91,3990.24,0
25073,90.91,3992.73,0
25084,90.91,3998.84,0
25097,76.92,3998.54,0
25108,90.91,3993.30,0
25119,90.91,3991.99,0
25131,83.33,3997.65,0
25142,90.91,4001.23,0
25153,90.91,3999.11,0
25165,83.33,3993.69,0
25177,83.33,3993.41,0
25188,90.91,3997.41,0
25199,90.91,3999.38,0
25210,90.91,3998.14,0
25222,83.33,3992.48,0
25233,90.91,3994.05,0
25245,83.33,3995.10,0
25256,90.91,3999.32,0
25268,83.33,3995.96,0
25279,90.91,3992.41,0
25290,90.91,3995.22,0
25302,83.33,3996.14,0
25314,90.91,3992.45,0
25325,83.33,3991.37,0
25336,90.91,3995.43,0
25348,83.33,4000.53,0
25359,90.91,4000.94,0
25370,90.91,3995.32,0
25381,90.91,3991.43,0
25394,76.92,3992.04,0
25405,90.91,3997.51,0
25416,90.91,3996.79,0
25427,90.91,3993.37,0
25439,83.33,3993.03,0
25450,90.91,3995.69,0
25461,90.91,3997.63,0
25474,76.92,3997.70,0
25485,90.91,3990.44,0
25496,90.91,3990.34,0
25507,90.91,3993.87,0
25519,83.33,3997.74,0
25530,90.91,3998.25,0
25542,83.33,3995.26,0
25553,90.91,3994.09,0
25565,83.33,3997.73,0
25576,90.91,3997.05,0
25587,90.91,3993.26,0
25598,90.91,3989.40,0
25610,83.33,3994.89,0
25622,83.33,3996.75,0
25633,90.91,3995.20,0
25645,83.33,3994.85,0
25656,90.91,3994.41,0
25667,90.91,3995.06,0
25678,90.91,3995.08,0
25691,83.33,3991.23,0
25702,83.33,3989.41,0
25713,90.91,3991.38,0
25724,90.91,3993.36,0
25736,83.33,3996.01,0
25747,90.91,3995.18,0
25758,90.91,3990.30,0
25771,76.92,3993.66,0
25782,90.91,3999.57,0
25793,90.91,4000.29,0
25804,90.91,3993.31,0
25816,83.33,3990.29,0
25827,90.91,3994.95,0
25838,90.91,3998.89,0
25850,83.33,3995.80,0
25862,83.33,3990.52,0
25873,90.91,3989.93,0
25884,90.91,3994.32,0
25895,90.91,3997.94,0
25907,83.33,3992.76,0
25919,83.33,3989.13,0
25930,90.91,3995.31,0
25942,83.33,3998.93,0
25953,90.91,3997.91,0
25964,90.91,3989.63,0
25975,90.91,3987.46,0
25987,83.33,3992.50,0
25999,83.33,3999.20,0
26010,90.91,3995.49,0
26021,90.91,3991.71,0
26033,83.33,3995.87,0
26044,90.91,4000.62,0
26055,90.91,3998.99,0
26067,90.91,3992.13,0
26079,76.92,3989.76,0
26090,90.91,3992.93,0
26101,90.91,3997.10,0
26113,83.33,3996.44,0
26124,90.91,3992.80,0
26135,90.91,3992.53,0
26147,83.33,3993.08,0
26159,83.33,3994.74,0
26170,90.91,3992.78,0
26181,90.91,3989.15,0
26192,90.91,3992.67,0
26204,83.33,3999.13,0
26215,90.91,3997.66,0
26227,83.33,3991.75,0
26238,90.91,3989.13,0
26250,83.33,3991.75,0
26261,90.91,3996.91,0
26272,90.91,3997.84,0
26284,83.33,3988.28,0
26296,83.33,3989.01,0
26307,90.91,3997.61,0
26318,90.91,4001.26,0
26330,83.33,3999.90,0
26341,90.91,3991.63,0
26352,90.91,3989.85,0
26363,90.91,3994.99,0
26376,76.92,3998.84,0
26387,90.91,3994.23,0
26398,90.91,3991.37,0
26409,90.91,3993.44,0
26421,83.33,3996.87,0
26432,90.91,3991.54,0
26444,90.91,3988.84,0
26456,76.92,3990.02,0
26467,90.91,3996.41,0
26478,90.91,3998.70,0
26489,90.91,3995.22,0
26501,83.33,3990.61,0
26512,90.91,3990.29,0
26524,83.33,3995.26,0
26535,90.91,3996.31,0
26547,83.33,3990.74,0
26558,90.91,3991.08,0
26569,90.91,3995.43,0
26580,90.91,3996.21,0
26592,83.33,3999.62,0
26604,83.33,3997.87,0
26615,90.91,3993.31,0
26627,83.33,3992.27,0
26638,90.91,3998.62,0
26649,90.91,3993.66,0
26660,90.91,3989.54,0
26673,83.33,3994.60,0
26684,83.33,4000.92,0
26695,90.91,4001.07,0
26706,90.91,3993.56,0
26718,83.33,3990.96,0
26729,90.91,3997.21,0
26740,90.91,3998.36,0
26753,76.92,3996.77,0
26764,90.91,3990.96,0
26775,90.91,3993.03,0
26786,90.91,3999.20,0
26798,83.33,3997.76,0
26809,90.91,3990.92,0
26821,90.91,3987.48,0
26832,83.33,3993.43,0
26844,83.33,3997.99,0
26855,90.91,3999.62,0
26866,90.91,3996.26,0
26877,90.91,3995.54,0
26889,83.33,3996.58,0
26901,83.33,3996.94,0
26912,90.91,3994.60,0
26924,83.33,3990.48,0
26935,90.91,3992.48,0
26946,90.91,3998.94,0
26957,90.91,3995.48,0
26969,83.33,3990.96,0
26981,83.33,3990.32,0
26992,90.91,3993.91,0
27003,90.91,3992.74,0
27015,83.33,3994.49,0
27026,90.91,3993.49,0
27037,90.91,3994.15,0
27049,90.91,3994.62,0
27061,83.33,3992.62,0
27072,90.91,3993.52,0
27083,90.91,3990.49,0
27095,83.33,3991.20,0
27106,90.91,3994.36,0
27117,90.91,3996.45,0
27129,83.33,3992.81,0
27141,83.33,3990.69,0
27152,90.91,3996.58,0
27163,90.91,4002.43,0
27174,90.91,3997.27,0
27186,83.33,3990.29,0
27198,90.91,3988.95,0
27209,83.33,3992.17,0
27220,90.91,3994.27,0
27232,83.33,3992.74,0
27243,90.91,3989.82,0
27254,90.91,3993.73,0
27266,83.33,3998.14,0
27278,83.33,4000.28,0
27289,90.91,3996.05,0
27300,90.91,3992.98,0
27312,83.33,3995.08,0
27323,90.91,3996.08,0
27334,90.91,3993.40,0
27345,90.91,3990.52,0
27358,76.92,3995.32,0
27369,90.91,3998.03,0
27380,90.91,3994.69,0
27392,83.33,3992.11,0
27403,90.91,3990.37,0
27414,90.91,3993.29,0
27426,83.33,3993.03,0
27438,83.33,3994.41,0
27449,90.91,3997.45,0
27460,90.91,3994.05,0
27471,90.91,3993.36,0
27483,83.33,3990.77,0
27494,90.91,3994.09,0
27506,83.33,3991.84,0
27517,90.91,3990.75,0
27529,83.33,3994.50,0
27540,90.91,3999.02,0
27551,90.91,3996.99,0
27563,83.33,3995.02,0
27575,90.91,3993.49,0
27586,83.33,3993.09,0
27597,90.91,3992.62,0
27609,83.33,3994.45,0
27620,90.91,3993.96,0
27631,90.91,3995.91,0
27642,90.91,3996.56,0
27655,76.92,3992.76,0
27666,90.91,3993.50,0
27677,90.91,3994.36,0
27688,90.91,3992.63,0
27700,83.33,3992.26,0
27711,90.91,3994.20,0
27722,90.91,3997.03,0
27735,76.92,3998.10,0
27746,90.91,3995.04,0
27757,90.91,3993.06,0
27768,90.91,3994.25,0
27780,83.33,3996.73,0
27791,90.91,3994.03,0
27803,83.33,3991.40,0
27814,90.91,3992.42,0
27826,83.33,3996.40,0
27837,90.91,3996.31,0
27848,90.91,3993.37,0
27859,90.91,3988.87,0
27871,83.33,3992.36,0
27883,83.33,3994.22,0
27894,90.91,3996.40,0
27906,83.33,3994.47,0
27917,90.91,3995.12,0
27928,90.91,3995.81,0
27939,90.91,3992.85,0
27952,83.33,3991.40,0
27963,83.33,3991.21,0
27974,90.91,3994.50,0
27985,90.91,3994.51,0
27997,83.33,3994.95,0
28008,90.91,3996.08,0
28019,90.91,3994.53,0
28032,76.92,3996.15,0
28043,90.91,3994.23,0
28054,90.91,3993.81,0
28065,90.91,3993.49,0
28077,83.33,3992.04,0
28088,90.91,3995.88,0
28099,90.91,3996.87,0
28111,83.33,3997.01,0
28123,83.33,3994.03,0
28134,90.91,3993.02,0
28145,90.91,3992.34,0
28156,90.91,3994.04,0
28168,83.33,3998.17,0
28180,83.33,3994.22,0
28191,90.91,3992.44,0
28203,83.33,3994.81,0
28214,90.91,3994.94,0
28225,90.91,3991.69,0
28236,90.91,3990.31,0
28248,83.33,3992.22,0
28260,83.33,3993.05,0
28271,90.91,3992.02,0
28282,90.91,3992.61,0
28294,83.33,3995.52,0
28305,90.91,3997.07,0
28316,90.91,3995.67,0
28328,90.91,3991.86,0
28340,76.92,3993.50,0
28351,90.91,3995.98,0
28362,90.91,3992.79,0
28374,83.33,3992.84,0
28385,90.91,3991.38,0
28396,90.91,3994.36,0
28408,83.33,3994.36,0
28420,83.33,3994.70,0
28431,90.91,3995.40,0
28442,90.91,3996.38,0
28453,90.91,3996.00,0
28465,83.33,3992.10,0
28476,90.91,3992.20,0
28488,83.33,3993.34,0
28499,90.91,3995.18,0
28511,83.33,3999.33,0
28522,90.91,3994.85,0
28533,90.91,3993.24,0
28545,83.33,3992.23,0
28557,83.33,3995.05,0
28568,90.91,3995.47,0
28579,90.91,3995.56,0
28591,83.33,3994.08,0
28602,90.91,3993.44,0
28613,90.91,3992.47,0
28624,90.91,3991.51,0
28637,76.92,3990.65,0
28648,90.91,3991.10,0
28659,90.91,3992.43,0
28670,90.91,3994.54,0
28682,83.33,3998.96,0
28693,90.91,3995.81,0
28705,83.33,3993.70,0
28717,83.33,3993.89,0
28728,90.91,3993.41,0
28739,90.91,3992.24,0
28750,90.91,3991.06,0
28762,83.33,3990.33,0
28773,90.91,3992.08,0
28785,83.33,3990.72,0
28796,90.91,3993.01,0
28808,83.33,3994.60,0
28819,90.91,3993.10,0
28830,90.91,3995.43,0
28841,90.91,3994.61,0
28854,83.33,3989.16,0
28865,83.33,3993.65,0
28876,90.91,3995.27,0
28888,83.33,3991.60,0
28899,90.91,3988.61,0
28910,90.91,3992.59,0
28921,90.91,3990.55,0
28934,76.92,3989.02,0
28945,90.91,3991.77,0
28956,90.91,3995.59,0
28967,90.91,3998.15,0
28979,83.33,3996.75,0
28990,90.91,3995.24,0
29001,90.91,3993.43,0
29014,76.92,3990.88,0
29025,90.91,3993.22,0
29036,90.91,3995.67,0
29047,90.91,3992.27,0
29059,83.33,3993.00,0
29070,90.91,3994.93,0
29082,90.91,3994.70,0
29093,83.33,3996.89,0
29105,83.33,3997.52,0
29116,90.91,3992.52,0
29127,90.91,3991.23,0
29138,90.91,3993.29,0
29150,83.33,3996.01,0
29162,83.33,3993.90,0
29173,90.91,3991.28,0
29185,83.33,3991.72,0
29196,90.91,3996.08,0
29207,90.91,3996.38,0
29218,90.91,3994.36,0
29230,83.33,3993.64,0
29242,83.33,3996.03,0
29253,90.91,3999.70,0
29264,90.91,3999.26,0
29276,83.33,3992.02,0
29287,90.91,3991.03,0
29298,90.91,3995.66,0
29310,83.33,3994.35,0
29322,83.33,3990.91,0
29333,90.91,3991.89,0
29344,90.91,3994.38,0
29356,83.33,3996.14,0
29367,90.91,3997.98,0
29378,90.91,3994.75,0
29390,83.33,3993.13,0
29402,83.33,3995.56,0
29413,90.91,3996.96,0
29424,90.91,3996.86,0
29435,90.91,3994.86,0
29447,83.33,3995.46,0
29459,90.91,3994.35,0
29470,83.33,3991.26,0
29481,90.91,3991.78,0
29493,83.33,3993.78,0
29504,90.91,3996.84,0
29515,90.91,3997.55,0
29527,83.33,3998.73,0
29539,83.33,3996.10,0
29550,90.91,3994.88,0
29561,90.91,3993.37,0
29573,83.33,3992.96,0
29584,90.91,3991.88,0
29595,90.91,3991.00,0
29606,90.91,3992.34,0
29619,76.92,3994.84,0
29630,90.91,3996.86,0
29641,90.91,3996.10,0
29652,90.91,3996.42,0
29664,83.33,3996.22,0
29675,90.91,3996.57,0
29687,90.91,3993.41,0
29699,76.92,3992.25,0
29710,90.91,3992.68,0
29721,90.91,3996.11,0
29732,90.91,3998.65,0
29744,83.33,3993.84,0
29755,90.91,3991.73,0
29767,83.33,3993.54,0
29778,90.91,3996.25,0
29790,83.33,3993.71,0
29801,90.91,3991.51,0
29812,90.91,3992.80,0
29824,83.33,3995.41,0
29836,90.91,3998.63,0
29847,83.33,3996.10,0
29858,90.91,3992.46,0
29870,83.33,3990.14,0
29881,90.91,3994.69,0
29892,90.91,3998.63,0
29903,90.91,3999.50,0
29916,76.92,3994.98,0
29927,90.91,3992.88,0
29938,90.91,3994.24,0
29949,90.91,3995.88,0
29961,83.33,3992.98,0
29972,90.91,3991.88,0
29983,90.91,3991.41,0
29996,76.92,3993.12,0
30007,90.91,3995.71,0
30018,90.91,3991.58,0
30029,90.91,3990.28,0
30041,83.33,3993.51,0
30052,90.91,3999.02,0
30064,90.91,3996.45,0
30075,83.33,3992.02,0
30087,83.33,3991.91,0
30098,90.91,3995.47,0
30109,90.91,3998.26,0
30120,90.91,3995.60,0
30132,83.33,3990.45,0
30144,83.33,3991.50,0
30155,90.91,3996.38,0
30167,83.33,3996.70,0
30178,90.91,3994.48,0
30189,90.91,3989.53,0
30200,90.91,3990.50,0
30213,83.33,3994.70,0
30224,83.33,3993.66,0
30235,90.91,3991.58,0
30246,90.91,3992.60,0
30258,83.33,3994.70,0
30269,90.91,3991.04,0
30280,90.91,3988.05,0
30292,83.33,3992.18,0
30304,83.33,3994.46,0
30315,90.91,3995.76,0
30326,90.91,3995.17,0
30338,83.33,3991.63,0
30349,90.91,3990.43,0
30360,90.91,3994.71,0
30372,83.33,3995.99,0
30384,83.33,3997.06,0
30395,90.91,3993.22,0
30406,90.91,3992.85,0
30417,90.91,3994.22,0
30429,83.33,3990.45,0
30441,90.91,3990.50,0
30452,83.33,3992.33,0
30464,83.33,3991.09,0
30475,90.91,3998.49,0
30486,90.91,3997.44,0
30497,90.91,3994.14,0
30509,83.33,3991.33,0
30521,83.33,3990.22,0
30532,90.91,3994.13,0
30543,90.91,3994.28,0
30555,83.33,3991.31,0
30566,90.91,3994.23,0
30577,90.91,3999.61,0
30589,90.91,3999.77,0
30601,76.92,3993.28,0
30612,90.91,3992.89,0
30623,90.91,3994.62,0
30635,83.33,3997.42,0
30646,90.91,3999.33,0
30657,90.91,3994.41,0
30669,83.33,3992.80,0
30681,83.33,3991.77,0
30692,90.91,3994.45,0
30703,90.91,3991.53,0
30714,90.91,3992.72,0
30726,83.33,3996.50,0
30737,90.91,3999.47,0
30749,83.33,3996.87,0
30760,90.91,3996.54,0
30772,83.33,3994.73,0
30783,90.91,3993.33,0
30794,90.91,3991.30,0
30806,83.33,3990.94,0
30818,83.33,3991.49,0
30829,90.91,3989.95,0
