66,15.15,3992.84,0
77,90.91,4002.70,0
89,83.33,4004.00,0
100,90.91,3998.25,0
111,90.91,3995.69,0
122,90.91,3995.74,0
135,76.92,3990.61,0
146,90.91,3990.58,0
157,90.91,3992.88,0
168,90.91,3997.10,0
180,83.33,4000.97,0
191,90.91,3997.06,0
202,90.91,3993.40,0
215,76.92,3990.88,0
226,90.91,3993.08,0
237,90.91,3994.01,0
248,90.91,3993.79,0
260,83.33,3993.98,0
271,90.91,3996.22,0
283,90.91,3997.45,0
294,83.33,3997.56,0
306,83.33,3991.98,0
317,90.91,3987.46,0
328,90.91,3992.93,0
339,90.91,3998.39,0
351,83.33,4003.02,0
363,83.33,3998.62,0
374,90.91,3993.14,0
386,83.33,3994.65,0
397,90.91,3996.56,0
408,90.91,3993.55,0
419,90.91,3992.88,0
431,83.33,3995.29,0
443,83.33,3999.50,0
454,90.91,4002.43,0
465,90.91,3998.28,0
477,83.33,3995.84,0
488,90.91,3989.99,0
499,90.91,3989.88,0
512,76.92,3992.76,0
523,90.91,3996.75,0
534,90.91,3997.58,0
545,90.91,3995.68,0
557,83.33,3996.02,0
568,90.91,3993.84,0
579,90.91,3991.08,0
591,83.33,3989.52,0
603,83.33,3994.59,0
614,90.91,3999.85,0
625,90.91,3998.65,0
636,90.91,3997.44,0
648,83.33,3996.04,0
660,90.91,3994.17,0
671,83.33,3992.80,0
683,83.33,3989.80,0
694,90.91,3988.99,0
705,90.91,3998.10,0
716,90.91,4002.16,0
728,83.33,4001.50,0
740,83.33,3997.96,0
751,90.91,3991.20,0
762,90.91,3990.87,0
774,83.33,3993.34,0
785,90.91,3993.69,0
796,90.91,3996.26,0
807,90.91,3997.53,0
820,76.92,3993.27,0
831,90.91,3993.59,0
842,90.91,3990.80,0
854,83.33,3987.89,0
865,90.91,3994.69,0
876,90.91,4001.15,0
888,83.33,3999.77,0
900,83.33,3998.27,0
911,90.91,3996.70,0
922,90.91,3995.67,0
933,90.91,3994.72,0
945,83.33,3990.45,0
956,90.91,3987.32,0
968,83.33,3992.37,0
979,90.91,3996.71,0
991,83.33,4000.36,0
1002,90.91,3996.60,0
1013,90.91,3993.62,0
1025,83.33,3991.21,0
1037,90.91,3993.84,0
1048,83.33,3994.55,0
1059,90.91,3995.21,0
1071,83.33,3994.96,0
1082,90.91,3998.09,0
1093,90.91,3999.91,0
1104,90.91,3993.86,0
1117,76.92,3986.50,0
1128,90.91,3990.32,0
1139,90.91,3999.00,0
1150,90.91,4005.03,0
1162,83.33,3999.86,0
1173,90.91,3998.38,0
1184,90.91,3994.62,0
1197,76.92,3994.97,0
1208,90.91,3993.18,0
1219,90.91,3991.05,0
1230,90.91,3991.14,0
1242,83.33,3997.23,0
1253,90.91,3999.29,0
1265,83.33,3999.09,0
1276,90.91,3995.02,0
1288,83.33,3994.71,0
1299,90.91,3994.16,0
1310,90.91,3999.20,0
1321,90.91,3998.92,0
1333,83.33,3998.47,0
1345,83.33,3996.35,0
1356,90.91,3996.36,0
1368,83.33,3993.95,0
1379,90.91,3989.44,0
1390,90.91,3989.58,0
1401,90.91,3994.77,0
1414,83.33,3999.82,0
1425,83.33,4002.52,0
1436,90.91,4001.69,0
1447,90.91,3998.01,0
1459,83.33,3999.80,0
1470,90.91,3996.13,0
1481,90.91,3993.03,0
1494,76.92,3989.24,0
1505,90.91,3993.89,0
1516,90.91,4000.30,0
1527,90.91,4001.35,0
1539,83.33,3998.55,0
1550,90.91,3992.96,0
1561,90.91,3992.06,0
1573,83.33,3995.62,0
1585,83.33,3996.85,0
1596,90.91,3996.23,0
1607,90.91,3996.90,0
1618,90.91,3997.95,0
1630,83.33,3996.55,0
1642,83.33,3991.23,0
1653,90.91,3989.69,0
1665,83.33,3995.14,0
1676,90.91,3998.37,0
1687,90.91,3998.96,0
1698,90.91,4000.56,0
1710,83.33,3999.16,0
1722,83.33,3994.76,0
1733,90.91,3990.04,0
1744,90.91,3990.28,0
1756,83.33,3990.53,0
1767,90.91,3993.29,0
1778,90.91,3998.93,0
1790,90.91,3997.90,0
1802,76.92,3995.41,0
1813,90.91,3995.47,0
1824,90.91,3994.58,0
1836,83.33,3993.48,0
1847,90.91,3992.68,0
1858,90.91,3996.71,0
1870,83.33,3999.69,0
1882,83.33,3999.95,0
1893,90.91,3994.24,0
1904,90.91,3993.16,0
1915,90.91,3988.11,0
1927,83.33,3988.63,0
1938,90.91,3994.68,0
1950,83.33,3998.61,0
1961,90.91,3998.31,0
1973,83.33,3999.82,0
1984,90.91,3996.50,0
1995,90.91,3994.41,0
2007,83.33,3992.50,0
2019,83.33,3995.52,0
2030,90.91,3997.38,0
2041,90.91,3999.22,0
2053,83.33,3997.22,0
2064,90.91,3995.05,0
2075,90.91,3993.90,0
2086,90.91,3995.70,0
2099,76.92,3994.04,0
2110,90.91,3991.83,0
2121,90.91,3994.22,0
2132,90.91,3994.77,0
2144,83.33,3996.83,0
2155,90.91,3999.73,0
2167,90.91,3993.38,0
2179,76.92,3989.33,0
2190,90.91,3991.12,0
2201,90.91,3996.07,0
2212,90.91,3998.43,0
2224,83.33,4001.33,0
2235,90.91,4000.56,0
2247,83.33,3997.35,0
2258,90.91,3995.70,0
2270,83.33,3991.35,0
2281,90.91,3990.33,0
2292,90.91,3993.56,0
2304,83.33,3998.87,0
2315,90.91,3999.99,0
2327,83.33,3997.28,0
2338,90.91,3993.30,0
2350,83.33,3991.32,0
2361,90.91,3995.89,0
2372,90.91,3998.94,0
2383,90.91,4000.40,0
2396,83.33,4002.78,0
2407,83.33,3999.63,0
2418,90.91,3998.34,0
2429,90.91,3993.30,0
2441,83.33,3990.64,0
2452,90.91,3989.70,0
2463,90.91,3992.64,0
2476,76.92,3995.08,0
2487,90.91,3999.57,0
2498,90.91,3999.42,0
2509,90.91,3998.17,0
2521,83.33,3997.11,0
2532,90.91,3994.39,0
2543,90.91,3993.39,0
2555,83.33,3992.24,0
2567,83.33,3991.15,0
2578,90.91,3997.87,0
2589,90.91,3998.75,0
2600,90.91,3998.33,0
2612,83.33,3994.26,0
2624,83.33,3992.34,0
2635,90.91,3991.14,0
2647,83.33,3993.66,0
2658,90.91,4000.61,0
2669,90.91,4001.56,0
2680,90.91,3998.62,0
2692,83.33,3997.62,0
2704,83.33,3993.64,0
2715,90.91,3989.61,0
2726,90.91,3990.02,0
2738,83.33,3993.48,0
2749,90.91,3999.49,0
2760,90.91,4002.01,0
2772,90.91,4001.90,0
2784,76.92,3995.71,0
2795,90.91,3992.73,0
2806,90.91,3989.27,0
2818,83.33,3992.22,0
2829,90.91,3991.74,0
2840,90.91,3995.88,0
2852,83.33,4000.79,0
2864,83.33,4000.18,0
2875,90.91,3992.61,0
2886,90.91,3988.09,0
2897,90.91,3992.02,0
2909,83.33,3995.57,0
2920,90.91,3998.69,0
2932,83.33,3999.95,0
2944,83.33,3998.80,0
2955,90.91,4000.16,0
2966,90.91,3998.72,0
2977,90.91,3992.53,0
2989,83.33,3989.79,0
3001,83.33,3991.85,0
3012,90.91,3995.20,0
3023,90.91,4000.68,0
3035,83.33,4000.94,0
3046,90.91,3997.82,0
3057,90.91,3996.30,0
3068,90.91,3992.04,0
3081,76.92,3992.15,0
3092,90.91,3994.94,0
3103,90.91,3995.37,0
3115,83.33,3998.23,0
3126,90.91,3996.40,0
3137,90.91,3997.28,0
3149,90.91,3991.45,0
3161,76.92,3988.53,0
3172,90.91,3990.81,0
3183,90.91,3998.26,0
3194,90.91,4000.42,0
3206,83.33,3995.25,0
3217,90.91,3996.79,0
3229,83.33,3996.91,0
3240,90.91,3992.44,0
3252,83.33,3991.20,0
3263,90.91,3990.74,0
3274,90.91,3993.98,0
3286,83.33,3999.20,0
3297,90.91,4000.29,0
3309,83.33,3998.97,0
3320,90.91,3993.85,0
3332,83.33,3992.92,0
3343,90.91,3993.51,0
3354,90.91,3991.19,0
3365,90.91,3994.19,0
3378,83.33,3998.57,0
3389,90.91,3997.36,0
3400,90.91,3997.82,0
3411,90.91,3991.54,0
3423,83.33,3989.69,0
3434,90.91,3990.19,0
3445,90.91,3996.67,0
3458,76.92,4001.89,0
3469,90.91,3999.34,0
3480,90.91,3998.34,0
3491,90.91,3999.03,0
3503,83.33,3997.09,0
3514,90.91,3990.63,0
3526,90.91,3989.60,0
3537,83.33,3995.06,0
3549,83.33,3998.02,0
3560,90.91,3999.94,0
3571,90.91,3995.06,0
3582,90.91,3992.95,0
3594,83.33,3994.54,0
3606,83.33,3994.80,0
3617,90.91,3995.49,0
3629,83.33,3991.44,0
3640,90.91,3994.05,0
3651,90.91,3998.89,0
3662,90.91,3996.79,0
3674,83.33,3992.56,0
3686,83.33,3989.16,0
3697,90.91,3988.47,0
3708,90.91,3991.65,0
3720,83.33,3998.38,0
3731,90.91,3999.98,0
3742,90.91,3999.35,0
3755,90.91,3998.44,0
3766,76.92,3999.86,0
3777,90.91,3994.87,0
3788,90.91,3989.55,0
3800,83.33,3991.09,0
3811,90.91,3995.11,0
3822,90.91,4001.18,0
3834,83.33,3999.69,0
3846,83.33,3995.83,0
3857,90.91,3992.32,0
3868,90.91,3991.02,0
3879,90.91,3991.80,0
3891,83.33,3994.79,0
3902,90.91,3995.29,0
3914,83.33,3998.14,0
3926,83.33,3998.76,0
3937,90.91,3994.76,0
3948,90.91,3990.83,0
3959,90.91,3991.20,0
3971,83.33,3992.34,0
3983,83.33,3996.50,0
3994,90.91,4001.83,0
4005,90.91,4000.39,0
4017,83.33,3998.33,0
4028,90.91,3995.71,0
4039,90.91,3993.16,0
4050,90.91,3989.74,0
4063,76.92,3989.28,0
4074,90.91,3991.10,0
4085,90.91,4000.14,0
4097,83.33,4001.91,0
4108,90.91,3999.43,0
4119,90.91,3996.65,0
4131,90.91,3992.77,0
4143,76.92,3990.95,0
4154,90.91,3993.77,0
4165,90.91,3997.98,0
4176,90.91,4001.85,0
4188,83.33,3999.99,0
4199,90.91,3994.82,0
4211,83.33,3994.23,0
4222,90.91,3992.88,0
4234,83.33,3991.23,0
4245,90.91,3992.77,0
4256,90.91,3997.21,0
4268,83.33,3999.56,0
4279,90.91,4000.35,0
4291,83.33,4000.71,0
4302,90.91,3999.80,0
4314,83.33,3992.17,0
4325,90.91,3990.57,0
4336,90.91,3995.85,0
4347,90.91,3999.05,0
4360,83.33,4000.48,0
4371,90.91,3996.39,0
4382,90.91,3992.95,0
4393,90.91,3994.62,0
4405,83.33,3991.79,0
4416,90.91,3992.11,0
4427,90.91,3993.44,0
4440,76.92,3998.92,0
4451,90.91,4001.42,0
4462,90.91,3999.69,0
4473,90.91,3997.39,0
4485,83.33,3995.25,0
4496,90.91,3989.90,0
4507,90.91,3992.43,0
4519,83.33,3996.92,0
4531,83.33,3995.53,0
4542,90.91,3996.65,0
4553,90.91,4001.08,0
4564,90.91,3998.73,0
4576,83.33,3992.61,0
4588,83.33,3990.07,0
4599,90.91,3991.44,0
4611,83.33,3993.75,0
4622,90.91,3999.72,0
4633,90.91,3998.71,0
4644,90.91,3996.64,0
4656,83.33,3992.49,0
4668,83.33,3992.20,0
4679,90.91,3990.61,0
4690,90.91,3987.71,0
4702,83.33,3992.97,0
4713,90.91,3999.29,0
4724,90.91,3999.48,0
4737,83.33,3997.88,0
4748,83.33,3995.55,0
4759,90.91,3993.17,0
4770,90.91,3989.90,0
4782,83.33,3992.20,0
4793,90.91,3994.77,0
4804,90.91,3997.94,0
4816,83.33,4001.13,0
4828,83.33,3998.91,0
4839,90.91,3992.68,0
4850,90.91,3987.16,0
4861,90.91,3989.79,0
4873,83.33,3994.13,0
4884,90.91,4000.18,0
4896,83.33,4001.48,0
4908,83.33,3996.94,0
4919,90.91,3994.22,0
4930,90.91,3993.16,0
4941,90.91,3990.63,0
4953,83.33,3992.61,0
4965,90.91,3995.31,0
4976,83.33,3998.71,0
4987,90.91,4002.16,0
4999,83.33,4000.63,0
5010,90.91,3995.03,0
5021,90.91,3989.16,0
5032,90.91,3987.61,0
5045,76.92,3988.38,0
5056,90.91,3993.36,0
5067,90.91,3999.29,0
5079,83.33,4001.90,0
5090,90.91,3997.75,0
5101,90.91,3992.64,0
5112,90.91,3992.36,0
5125,76.92,3989.82,0
5136,90.91,3991.86,0
5147,90.91,3993.22,0
5158,90.91,3998.69,0
5170,83.33,3999.87,0
5181,90.91,3998.75,0
5193,83.33,3995.20,0
5204,90.91,3993.63,0
5216,83.33,3989.72,0
5227,90.91,3993.83,0
5238,90.91,3999.88,0
5250,83.33,4003.19,0
5261,90.91,3999.73,0
5273,83.33,3996.14,0
5284,90.91,3993.94,0
5296,83.33,3991.21,0
5307,90.91,3988.71,0
5318,90.91,3993.14,0
5329,90.91,3998.98,0
5342,83.33,4000.49,0
5353,83.33,3996.93,0
5364,90.91,3995.11,0
5376,83.33,3994.79,0
5387,90.91,3992.00,0
5398,90.91,3989.73,0
5409,90.91,3994.90,0
5422,76.92,3998.21,0
5433,90.91,3999.61,0
5444,90.91,3996.00,0
5455,90.91,3991.45,0
5467,83.33,3989.78,0
5478,90.91,3987.88,0
5489,90.91,3991.20,0
5501,83.33,3996.05,0
5513,83.33,4001.54,0
5524,90.91,4000.91,0
5535,90.91,3999.91,0
5547,83.33,3995.96,0
5558,90.91,3993.92,0
5570,90.91,3991.07,0
5581,83.33,3996.41,0
5593,83.33,3999.44,0
5604,90.91,4002.48,0
5615,90.91,4000.08,0
5626,90.91,3997.22,0
5638,83.33,3994.10,0
5650,83.33,3991.79,0
5661,90.91,3992.10,0
5672,90.91,3992.45,0
5684,83.33,3997.42,0
5695,90.91,4000.99,0
5706,90.91,3998.70,0
5718,83.33,3998.34,0
5730,83.33,3992.02,0
5741,90.91,3990.79,0
5752,90.91,3992.34,0
5764,83.33,3995.63,0
5775,90.91,3997.15,0
5786,90.91,3998.58,0
5798,83.33,4000.25,0
5810,83.33,3998.40,0
5821,90.91,3996.40,0
5832,90.91,3990.47,0
5843,90.91,3989.82,0
5855,83.33,3994.57,0
5866,90.91,4000.89,0
5878,83.33,3999.93,0
5890,83.33,3998.24,0
5901,90.91,3994.16,0
5912,90.91,3993.04,0
5923,90.91,3990.95,0
5935,83.33,3993.77,0
5947,90.91,3996.04,0
5958,83.33,4001.76,0
5969,90.91,4003.07,0
5981,83.33,4000.27,0
5992,90.91,3993.46,0
6003,90.91,3989.22,0
6014,90.91,3989.15,0
6027,76.92,3990.67,0
6038,90.91,3997.43,0
6049,90.91,4001.67,0
6061,83.33,3999.55,0
6072,90.91,3994.25,0
6083,90.91,3993.43,0
6094,90.91,3991.21,0
6107,76.92,3990.80,0
6118,90.91,3994.52,0
6129,90.91,3996.96,0
6140,90.91,4002.49,0
6152,83.33,3998.00,0
6163,90.91,3995.54,0
6175,90.91,3992.83,0
6187,76.92,3991.08,0
6198,90.91,3991.39,0
6209,90.91,3992.17,0
6220,90.91,3999.02,0
6232,83.33,4001.58,0
6243,90.91,3997.08,0
6255,83.33,3993.82,0
6266,90.91,3989.53,0
6278,83.33,3991.14,0
6289,90.91,3992.81,0
6300,90.91,3999.67,0
6311,90.91,4002.75,0
6323,83.33,4003.43,0
6335,83.33,3999.12,0
6346,90.91,3993.67,0
6358,83.33,3991.15,0
6369,90.91,3990.77,0
6380,90.91,3995.88,0
6391,90.91,3999.40,0
6404,76.92,3998.86,0
6415,90.91,3999.19,0
6426,90.91,3995.79,0
6437,90.91,3994.34,0
6449,83.33,3992.19,0
6460,90.91,3988.88,0
6471,90.91,3991.00,0
6483,83.33,3996.99,0
6495,83.33,4000.22,0
6506,90.91,3997.69,0
6517,90.91,3995.26,0
6529,83.33,3991.43,0
6540,90.91,3992.88,0
6552,90.91,3992.96,0
6563,83.33,3992.46,0
6575,83.33,3993.67,0
6586,90.91,3999.44,0
6597,90.91,3999.84,0
6608,90.91,3998.09,0
6620,83.33,3994.91,0
6632,83.33,3995.70,0
6643,90.91,3996.51,0
6654,90.91,3998.45,0
6666,83.33,3997.41,0
6677,90.91,3998.25,0
6688,90.91,3996.12,0
6700,83.33,3996.78,0
6712,83.33,3996.68,0
6723,90.91,3992.00,0
6734,90.91,3992.46,0
6746,83.33,3996.19,0
6757,90.91,4002.24,0
6768,90.91,4001.25,0
6780,83.33,3998.27,0
6792,83.33,3993.95,0
6803,90.91,3994.60,0
6814,90.91,3994.08,0
6825,90.91,3993.16,0
6837,83.33,3996.29,0
6848,90.91,3997.75,0
6860,83.33,3998.62,0
6872,83.33,3998.29,0
6883,90.91,3994.17,0
6894,90.91,3991.84,0
6905,90.91,3991.11,0
6917,83.33,3997.17,0
6929,90.91,3999.59,0
6940,83.33,4000.60,0
6951,90.91,3995.65,0
6963,83.33,3997.47,0
6974,90.91,3997.26,0
6985,90.91,3991.06,0
6996,90.91,3987.93,0
7009,76.92,3989.29,0
7020,90.91,3996.39,0
7031,90.91,4002.93,0
7043,83.33,4001.82,0
7054,90.91,3997.18,0
7065,90.91,3993.19,0
7076,90.91,3992.33,0
7089,76.92,3989.70,0
7100,90.91,3993.90,0
7111,90.91,4000.64,0
7122,90.91,4001.60,0
7134,83.33,4001.85,0
7145,90.91,3997.15,0
7157,90.91,3991.54,0
7169,76.92,3989.73,0
7180,90.91,3992.84,0
7191,90.91,3996.52,0
7202,90.91,4003.83,0
7214,83.33,4002.00,0
7225,90.91,3999.29,0
7237,83.33,3995.97,0
7248,90.91,3990.44,0
7260,83.33,3988.72,0
7271,90.91,3991.45,0
7282,90.91,3998.22,0
7293,90.91,4004.04,0
7305,83.33,3999.77,0
7317,83.33,3997.05,0
7328,90.91,3995.38,0
7340,83.33,3995.08,0
7351,90.91,3993.34,0
7362,90.91,3993.16,0
7373,90.91,3995.86,0
7386,76.92,4001.81,0
7397,90.91,3999.59,0
7408,90.91,3997.00,0
7419,90.91,3992.39,0
7431,83.33,3988.23,0
7442,90.91,3988.98,0
7453,90.91,3994.06,0
7465,83.33,3996.92,0
7477,83.33,4003.15,0
7488,90.91,4000.03,0
7499,90.91,3996.29,0
7511,83.33,3992.79,0
7522,90.91,3989.74,0
7533,90.91,3989.76,0
7545,83.33,3991.70,0
7557,83.33,3999.89,0
7568,90.91,4001.03,0
7579,90.91,3996.21,0
7590,90.91,3992.84,0
7602,83.33,3990.37,0
7614,83.33,3989.16,0
7625,90.91,3989.29,0
7636,90.91,3994.89,0
7648,83.33,3999.09,0
7659,90.91,4002.60,0
7670,90.91,4001.69,0
7682,83.33,3995.47,0
7694,83.33,3992.96,0
7705,90.91,3989.40,0
7716,90.91,3991.79,0
7728,83.33,3998.16,0
7739,90.91,4003.45,0
7750,90.91,4002.52,0
7762,90.91,4000.78,0
7774,76.92,3997.76,0
7785,90.91,3992.20,0
7796,90.91,3986.92,0
7808,83.33,3989.88,0
7819,90.91,3999.19,0
7830,90.91,4004.04,0
7842,83.33,3999.50,0
7854,83.33,3991.99,0
7865,90.91,3989.84,0
7876,90.91,3992.22,0
7887,90.91,3992.58,0
7899,83.33,3993.45,0
7910,90.91,3996.44,0
7922,83.33,4000.82,0
7933,90.91,4001.09,0
7945,83.33,3996.85,0
7956,90.91,3990.42,0
7967,90.91,3987.04,0
7979,83.33,3990.49,0
7991,90.91,3994.67,0
8002,83.33,3999.84,0
8013,90.91,4001.09,0
8025,83.33,3997.63,0
8036,90.91,3998.32,0
8047,90.91,3996.90,0
8058,90.91,3992.63,0
8071,76.92,3992.83,0
8082,90.91,3995.65,0
8093,90.91,4003.34,0
8104,90.91,3999.86,0
8116,83.33,3993.91,0
8127,90.91,3991.01,0
8138,90.91,3993.42,0
8151,76.92,3990.93,0
8162,90.91,3990.19,0
8173,90.91,3993.85,0
8184,90.91,4000.17,0
8196,83.33,4001.32,0
8207,90.91,4000.53,0
8219,83.33,3996.17,0
8230,90.91,3991.45,0
8242,83.33,3989.35,0
8253,90.91,3992.23,0
8264,90.91,3994.43,0
8275,90.91,3999.51,0
8287,83.33,4004.05,0
8299,83.33,4003.99,0
8310,90.91,3994.91,0
8322,83.33,3990.92,0
8333,90.91,3988.95,0
8344,90.91,3991.37,0
8355,90.91,3996.00,0
8368,83.33,3997.08,0
8379,83.33,3996.91,0
8390,90.91,3997.51,0
8401,90.91,3994.54,0
8413,83.33,3991.19,0
8424,90.91,3987.46,0
8435,90.91,3992.72,0
8448,76.92,3997.32,0
8459,90.91,4001.48,0
8470,90.91,4001.33,0
8481,90.91,3997.14,0
8493,83.33,3990.93,0
8504,90.91,3985.39,0
8515,90.91,3990.34,0
8527,83.33,3995.08,0
8539,83.33,4002.00,0
8550,90.91,4003.02,0
8561,90.91,4001.64,0
8572,90.91,4001.28,0
8584,83.33,3995.99,0
8596,90.91,3990.02,0
8607,83.33,3989.97,0
8619,83.33,3994.33,0
8630,90.91,3999.77,0
8641,90.91,3999.83,0
8652,90.91,3996.89,0
8664,83.33,3990.28,0
8676,83.33,3992.91,0
8687,90.91,3991.46,0
8698,90.91,3992.52,0
8710,83.33,3993.26,0
8721,90.91,4000.58,0
8732,90.91,4005.10,0
8743,90.91,3997.63,0
8756,76.92,3992.18,0
8767,90.91,3988.18,0
8778,90.91,3988.15,0
8790,83.33,3993.31,0
8801,90.91,3996.46,0
8812,90.91,4000.04,0
8824,90.91,3998.18,0
8836,76.92,3997.89,0
8847,90.91,3995.85,0
8858,90.91,3995.20,0
8869,90.91,3992.04,0
8881,83.33,3991.52,0
8892,90.91,3996.41,0
8904,83.33,4002.05,0
8915,90.91,3998.04,0
8927,83.33,3990.40,0
8938,90.91,3988.38,0
8949,90.91,3989.58,0
8961,83.33,3991.63,0
8972,90.91,3994.20,0
8984,83.33,3999.40,0
8995,90.91,4003.39,0
9007,83.33,4002.68,0
9018,90.91,3996.91,0
9029,90.91,3991.22,0
9040,90.91,3989.41,0
9053,83.33,3992.60,0
9064,83.33,3999.34,0
9075,90.91,4004.11,0
9086,90.91,3999.76,0
9098,83.33,3996.77,0
9109,90.91,3996.47,0
9120,90.91,3994.37,0
9133,76.92,3989.29,0
9144,90.91,3990.31,0
9155,90.91,3996.81,0
9166,90.91,3999.76,0
9178,83.33,3996.57,0
9189,90.91,3993.26,0
9200,90.91,3991.04,0
9212,83.33,3987.94,0
9224,83.33,3990.82,0
9235,90.91,3995.80,0
9246,90.91,4000.76,0
9257,90.91,4005.14,0
9269,83.33,4004.50,0
9281,83.33,3998.89,0
9292,90.91,3992.33,0
9304,83.33,3986.11,0
9315,90.91,3989.81,0
9326,90.91,3995.36,0
9337,90.91,3997.73,0
9349,83.33,3997.95,0
9361,83.33,4001.56,0
9372,90.91,4001.66,0
9383,90.91,3993.17,0
9395,83.33,3990.56,0
9406,90.91,3990.77,0
9417,90.91,3992.99,0
9428,90.91,3998.69,0
9441,76.92,3995.99,0
9452,90.91,3993.76,0
9463,90.91,3990.78,0
9475,83.33,3988.72,0
9486,90.91,3987.53,0
9497,90.91,3989.61,0
9509,83.33,3993.70,0
9521,83.33,4001.05,0
9532,90.91,4003.33,0
9543,90.91,3998.92,0
9554,90.91,3992.66,0
9566,83.33,3987.16,0
9577,90.91,3984.15,0
9589,83.33,3988.37,0
9601,83.33,3994.78,0
9612,90.91,3999.93,0
9623,90.91,3998.81,0
9634,90.91,3997.68,0
9646,83.33,3993.98,0
9657,90.91,3994.06,0
9669,83.33,3991.65,0
9680,90.91,3993.47,0
9692,83.33,3999.52,0
9703,90.91,4001.48,0
9714,90.91,3995.89,0
9725,90.91,3992.02,0
9738,76.92,3992.55,0
9749,90.91,3991.66,0
9760,90.91,3992.13,0
9772,83.33,3994.15,0
9783,90.91,3995.52,0
9794,90.91,3999.15,0
9805,90.91,3998.89,0
9818,76.92,3996.06,0
9829,90.91,3992.53,0
9840,90.91,3990.62,0
9851,90.91,3990.79,0
9863,83.33,3998.05,0
9874,90.91,4000.97,0
9886,90.91,3998.59,0
9897,83.33,3996.55,0
9909,83.33,3996.05,0
9920,90.91,3995.27,0
9931,90.91,3991.95,0
9943,83.33,3991.85,0
9954,90.91,3995.58,0
9966,83.33,4002.43,0
9977,90.91,4003.22,0
9989,83.33,3996.96,0
10000,90.91,3993.30,0
10011,90.91,3992.60,0
10022,90.91,3991.99,0
10034,83.33,3992.28,0
10046,83.33,3994.54,0
10057,90.91,3998.59,0
10068,90.91,3997.64,0
10080,83.33,3998.30,0
10091,90.91,3994.44,0
10102,90.91,3991.19,0
10115,83.33,3989.38,0
10126,83.33,3996.34,0
10137,90.91,4000.67,0
10148,90.91,3999.96,0
10160,83.33,3998.90,0
10171,90.91,3998.07,0
10182,90.91,3994.51,0
10194,83.33,3991.97,0
10206,83.33,3990.20,0
10217,90.91,3997.47,0
10228,90.91,4003.84,0
10240,83.33,4002.73,0
10251,90.91,3998.03,0
10262,90.91,3993.90,0
10274,83.33,3990.08,0
10286,83.33,3988.49,0
10297,90.91,3989.62,0
10308,90.91,3993.98,0
10319,90.91,3998.69,0
10331,83.33,4000.91,0
10343,90.91,3998.72,0
10354,83.33,3995.74,0
10365,90.91,3991.14,0
10377,83.33,3988.77,0
10388,90.91,3992.08,0
10399,90.91,3997.52,0
10411,83.33,3998.89,0
10423,83.33,3996.72,0
10434,90.91,3996.34,0
10445,90.91,3991.96,0
10457,83.33,3990.91,0
10468,90.91,3990.50,0
10479,90.91,3992.10,0
10490,90.91,3996.42,0
10503,76.92,4000.20,0
10514,90.91,4000.66,0
10525,90.91,3998.63,0
10536,90.91,3995.51,0
10548,83.33,3990.13,0
10559,90.91,3989.21,0
10571,83.33,3990.74,0
10583,83.33,3996.44,0
10594,90.91,4001.77,0
10605,90.91,4000.03,0
10616,90.91,3999.49,0
10628,83.33,3995.85,0
10639,90.91,3993.55,0
10651,83.33,3991.50,0
10662,90.91,3991.89,0
10674,83.33,3999.08,0
10685,90.91,3999.30,0
10696,90.91,3999.38,0
10707,90.91,3998.35,0
10720,83.33,3996.38,0
10731,83.33,3991.43,0
10742,90.91,3991.37,0
10754,83.33,3996.97,0
10765,90.91,4000.82,0
10776,90.91,4001.04,0
10787,90.91,3998.87,0
10800,76.92,3995.45,0
10811,90.91,3991.75,0
10822,90.91,3990.33,0
10833,90.91,3989.10,0
10845,83.33,3993.60,0
10856,90.91,3998.52,0
10867,90.91,3999.05,0
10880,76.92,4001.57,0
10891,90.91,3995.26,0
10902,90.91,3990.40,0
10913,90.91,3987.04,0
10925,83.33,3988.05,0
10936,90.91,3996.08,0
10948,90.91,4000.62,0
10959,83.33,3995.51,0
10971,83.33,3994.27,0
10982,90.91,3992.12,0
10993,90.91,3990.79,0
11004,90.91,3991.41,0
11016,83.33,3995.63,0
11028,83.33,3995.02,0
11039,90.91,3998.95,0
11051,83.33,4000.23,0
11062,90.91,3998.73,0
11073,90.91,3994.92,0
11084,90.91,3989.75,0
11096,83.33,3990.36,0
11108,83.33,3992.14,0
11119,90.91,3998.94,0
11130,90.91,4000.32,0
11142,83.33,3999.52,0
11153,90.91,3998.73,0
11164,90.91,3994.14,0
11176,90.91,3990.73,0
11188,83.33,3993.40,0
11199,90.91,3997.27,0
11210,90.91,4002.50,0
11222,83.33,4003.94,0
11233,90.91,3998.28,0
11244,90.91,3993.74,0
11256,83.33,3988.50,0
11268,83.33,3989.35,0
11279,90.91,3992.87,0
11290,90.91,3994.03,0
11301,90.91,3996.72,0
11313,83.33,4000.06,0
11324,90.91,3997.81,0
11336,83.33,3996.98,0
11347,90.91,3991.56,0
11359,83.33,3988.84,0
11370,90.91,3991.15,0
11381,90.91,3996.36,0
11393,83.33,3999.97,0
11405,83.33,3997.56,0
11416,90.91,3996.81,0
11427,90.91,3994.64,0
11439,83.33,3992.84,0
11450,90.91,3992.28,0
11461,90.91,3992.03,0
11472,90.91,3998.09,0
11485,76.92,4005.19,0
11496,90.91,4003.19,0
11507,90.91,3996.38,0
11518,90.91,3994.95,0
11530,83.33,3991.90,0
11541,90.91,3988.14,0
11553,90.91,3991.90,0
11565,76.92,3997.78,0
11576,90.91,4000.04,0
11587,90.91,3997.11,0
11598,90.91,3997.35,0
11610,83.33,3995.03,0
11621,90.91,3991.90,0
11633,83.33,3991.59,0
11644,90.91,3993.99,0
11656,83.33,3997.02,0
11667,90.91,3998.09,0
11678,90.91,3997.38,0
11689,90.91,3996.45,0
11701,83.33,3994.05,0
11713,83.33,3991.45,0
11724,90.91,3991.21,0
11736,83.33,3995.92,0
11747,90.91,3999.74,0
11758,90.91,4002.03,0
11769,90.91,3998.86,0
11782,83.33,3994.88,0
11793,83.33,3993.16,0
11804,90.91,3992.07,0
11815,90.91,3992.11,0
11827,83.33,3993.09,0
11838,90.91,3999.86,0
11849,90.91,3999.76,0
11862,76.92,3995.19,0
11873,90.91,3991.69,0
11884,90.91,3988.03,0
11895,90.91,3990.49,0
11907,83.33,3994.30,0
11918,90.91,3999.40,0
11929,90.91,4001.19,0
11941,83.33,3998.82,0
11953,83.33,3995.04,0
11964,90.91,3993.31,0
11975,90.91,3991.16,0
11986,90.91,3989.43,0
11998,83.33,3992.62,0
12010,90.91,3997.37,0
12021,83.33,4004.14,0
12033,83.33,4001.23,0
12044,90.91,3996.60,0
12055,90.91,3994.77,0
12066,90.91,3991.19,0
12078,83.33,3993.36,0
12090,83.33,3992.91,0
12101,90.91,3995.97,0
12112,90.91,3997.61,0
12124,83.33,3999.14,0
12135,90.91,3998.36,0
12146,90.91,3993.98,0
12157,90.91,3991.59,0
12170,76.92,3992.62,0
12181,90.91,3998.78,0
12192,90.91,4000.61,0
12204,83.33,4000.09,0
12215,90.91,3998.83,0
12226,90.91,3993.46,0
12238,83.33,3991.51,0
12250,83.33,3992.29,0
12261,90.91,3990.30,0
12272,90.91,3994.64,0
12283,90.91,3999.35,0
12295,83.33,4001.42,0
12306,90.91,4001.32,0
12318,83.33,3996.36,0
12329,90.91,3997.95,0
12341,83.33,3994.81,0
12352,90.91,3996.10,0
12363,90.91,3995.83,0
12375,83.33,3996.86,0
12387,90.91,3999.93,0
12398,83.33,3999.48,0
12409,90.91,3994.03,0
12421,83.33,3990.40,0
12432,90.91,3994.37,0
12443,90.91,3996.05,0
12454,90.91,3995.11,0
12467,76.92,3995.24,0
12478,90.91,3997.18,0
12489,90.91,3993.83,0
12500,90.91,3993.26,0
12512,83.33,3991.97,0
12523,90.91,3990.35,0
12534,90.91,3992.74,0
12547,76.92,3994.90,0
12558,90.91,3999.72,0
12569,90.91,4000.20,0
12580,90.91,3994.95,0
12592,83.33,3994.27,0
12603,90.91,3994.82,0
12615,90.91,3993.43,0
12626,83.33,3993.61,0
12638,83.33,3999.50,0
12649,90.91,4001.72,0
12660,90.91,3999.03,0
12672,83.33,3998.31,0
12683,90.91,3997.34,0
12695,83.33,3994.34,0
12706,90.91,3996.76,0
12718,83.33,4000.77,0
12729,90.91,4000.89,0
12740,90.91,3996.30,0
12751,90.91,3995.78,0
12763,83.33,3993.02,0
12775,83.33,3990.97,0
12786,90.91,3992.04,0
12797,90.91,3995.75,0
12809,83.33,3998.64,0
12820,90.91,4001.20,0
12831,90.91,3999.31,0
12844,83.33,3997.19,0
12855,83.33,3994.76,0
12866,90.91,3992.67,0
12877,90.91,3991.61,0
12889,83.33,3993.18,0
12900,90.91,3994.96,0
12911,90.91,3997.25,0
12923,83.33,3999.67,0
12935,83.33,3995.82,0
12946,90.91,3991.43,0
12957,90.91,3989.86,0
12968,90.91,3995.52,0
12980,83.33,3997.10,0
12991,90.91,4002.92,0
13003,83.33,3999.00,0
13015,83.33,3998.89,0
13026,90.91,3994.82,0
13037,90.91,3993.93,0
13048,90.91,3989.04,0
13060,83.33,3990.22,0
13072,83.33,3994.85,0
13083,90.91,3997.35,0
13094,90.91,4000.28,0
13106,83.33,3999.14,0
13117,90.91,3999.06,0
13128,90.91,3996.01,0
13139,90.91,3993.62,0
13152,76.92,3994.50,0
13163,90.91,3995.03,0
13174,90.91,3999.87,0
13186,83.33,3998.41,0
13197,90.91,3995.07,0
13208,90.91,3992.46,0
13219,90.91,3992.47,0
13232,76.92,3993.31,0
13243,90.91,3994.80,0
13254,90.91,4000.41,0
13265,90.91,3997.89,0
13277,83.33,3998.53,0
13288,90.91,3998.93,0
13300,83.33,3995.39,0
13312,83.33,3991.26,0
13323,90.91,3992.17,0
13334,90.91,3994.59,0
13345,90.91,3998.02,0
13357,83.33,3998.55,0
13368,90.91,4000.03,0
13380,83.33,3997.03,0
13391,90.91,3996.69,0
13403,83.33,3994.69,0
13414,90.91,3998.57,0
13425,90.91,3995.27,0
13436,90.91,3996.21,0
13449,83.33,3998.06,0
13460,83.33,3997.05,0
13471,90.91,3994.98,0
13483,83.33,3993.32,0
13494,90.91,3992.76,0
13505,90.91,3991.83,0
13516,90.91,3993.50,0
13529,76.92,3997.70,0
13540,90.91,4002.04,0
13551,90.91,4000.59,0
13562,90.91,3994.90,0
13574,83.33,3992.60,0
13585,90.91,3992.63,0
13596,90.91,3992.99,0
13608,83.33,3995.84,0
13620,83.33,3997.31,0
13631,90.91,3999.42,0
13642,90.91,3997.36,0
13654,83.33,3998.75,0
13665,90.91,3993.93,0
13677,83.33,3991.00,0
13688,90.91,3994.92,0
13700,83.33,3999.05,0
13711,90.91,3998.61,0
13722,90.91,3998.05,0
13733,90.91,3994.24,0
13745,83.33,3991.32,0
13757,83.33,3990.36,0
13768,90.91,3992.25,0
13779,90.91,3994.49,0
13791,83.33,3997.50,0
13802,90.91,3996.92,0
13813,90.91,3995.55,0
13825,83.33,3992.91,0
13837,83.33,3994.22,0
13848,90.91,3991.95,0
13859,90.91,3991.79,0
13871,83.33,3995.46,0
13882,90.91,3994.90,0
13893,90.91,3997.77,0
13905,83.33,3997.54,0
13917,83.33,3994.44,0
13928,90.91,3994.09,0
13939,90.91,3993.21,0
13950,90.91,3995.66,0
13962,83.33,3994.80,0
13973,90.91,3997.74,0
13985,83.33,3997.21,0
13997,83.33,3994.62,0
14008,90.91,3993.61,0
14019,90.91,3992.15,0
14030,90.91,3989.15,0
14042,83.33,3994.35,0
14054,90.91,4001.10,0
14065,83.33,4001.57,0
14076,90.91,4000.96,0
14088,83.33,3999.83,0
14099,90.91,3998.90,0
14110,90.91,3993.43,0
14121,90.91,3992.13,0
14134,76.92,3991.18,0
14145,90.91,3996.87,0
14156,90.91,3999.56,0
14168,83.33,3997.39,0
14179,90.91,3992.53,0
14190,90.91,3992.79,0
14201,90.91,3994.33,0
14214,76.92,3998.03,0
14225,90.91,3998.55,0
14236,90.91,3995.72,0
14247,90.91,4001.09,0
14259,83.33,3999.36,0
14270,90.91,3992.26,0
14282,90.91,3990.73,0
14294,83.33,3991.01,0
14305,90.91,3993.12,0
14316,90.91,3996.95,0
14327,90.91,4001.57,0
14339,83.33,3998.29,0
14350,90.91,3998.26,0
14362,83.33,3995.54,0
14373,90.91,3993.17,0
14385,83.33,3992.88,0
14396,90.91,3993.26,0
14407,90.91,3997.62,0
14418,90.91,4001.95,0
14431,83.33,3997.38,0
14442,83.33,3993.99,0
14453,90.91,3991.76,0
14465,83.33,3988.17,0
14476,90.91,3991.14,0
14487,90.91,3994.72,0
14498,90.91,3998.09,0
14511,76.92,4002.72,0
14522,90.91,4000.37,0
14533,90.91,3995.92,0
14544,90.91,3991.59,0
14556,83.33,3989.75,0
14567,90.91,3992.70,0
14578,90.91,3992.54,0
14590,83.33,3999.05,0
14602,83.33,4000.37,0
14613,90.91,3997.61,0
14624,90.91,3994.93,0
14636,83.33,3994.90,0
14647,90.91,3990.63,0
14659,90.91,3993.03,0
14670,83.33,3996.03,0
14682,83.33,3997.27,0
14693,90.91,3998.89,0
14704,90.91,3997.01,0
14715,90.91,3996.11,0
14727,83.33,3992.81,0
14739,83.33,3991.23,0
14750,90.91,3994.88,0
14761,90.91,3996.51,0
14773,83.33,3999.49,0
14784,90.91,3998.89,0
14795,90.91,3997.99,0
14807,83.33,3992.99,0
14819,83.33,3989.32,0
14830,90.91,3989.02,0
14841,90.91,3990.75,0
14853,83.33,3997.56,0
14864,90.91,4004.23,0
14875,90.91,4002.87,0
14887,90.91,3998.37,0
14899,76.92,3995.19,0
14910,90.91,3993.37,0
14921,90.91,3991.47,0
14932,90.91,3994.25,0
14944,83.33,3998.36,0
14955,90.91,3998.35,0
14967,83.33,3998.55,0
14979,83.33,3997.74,0
14990,90.91,3995.22,0
15001,90.91,3991.76,0
15012,90.91,3991.57,0
15024,83.33,3996.83,0
15035,90.91,4004.61,0
15047,83.33,4003.67,0
15058,90.91,3998.28,0
15070,83.33,3994.59,0
15081,90.91,3991.02,0
15092,90.91,3988.86,0
15104,83.33,3993.56,0
15116,83.33,3995.37,0
15127,90.91,3999.35,0
15138,90.91,4002.13,0
15150,83.33,3998.24,0
15161,90.91,3994.55,0
15172,90.91,3992.05,0
15183,90.91,3989.64,0
15196,76.92,3992.91,0
15207,90.91,3996.25,0
15218,90.91,3999.15,0
15229,90.91,3992.94,0
15241,83.33,3991.19,0
15252,90.91,3992.16,0
15264,90.91,3991.08,0
15276,76.92,3991.50,0
15287,90.91,3991.64,0
15298,90.91,3998.52,0
15309,90.91,4002.05,0
15321,83.33,3997.33,0
15332,90.91,3995.66,0
15344,83.33,3996.12,0
15355,90.91,3991.50,0
15367,83.33,3985.67,0
15378,90.91,3990.62,0
15389,90.91,3998.38,0
15400,90.91,3999.56,0
15412,83.33,4001.29,0
15424,83.33,3997.59,0
15435,90.91,3993.27,0
15447,83.33,3991.42,0
15458,90.91,3991.51,0
15469,90.91,3994.84,0
15480,90.91,3998.48,0
15493,83.33,3998.65,0
15504,90.91,3995.32,0
15515,90.91,3993.68,0
15526,90.91,3991.60,0
15538,83.33,3989.35,0
15549,90.91,3991.95,0
15560,90.91,3996.35,0
15572,83.33,4003.33,0
15584,83.33,4001.91,0
15595,90.91,4000.68,0
15606,90.91,3995.56,0
15618,83.33,3994.01,0
15629,90.91,3989.32,0
15640,90.91,3988.43,0
15652,83.33,3996.37,0
15664,83.33,3997.69,0
15675,90.91,3997.01,0
15686,90.91,3995.63,0
15697,90.91,3993.43,0
15709,83.33,3991.28,0
15721,83.33,3993.19,0
15732,90.91,3997.92,0
15744,83.33,3996.63,0
15755,90.91,3998.59,0
15766,90.91,3998.45,0
15777,90.91,3994.14,0
15789,83.33,3991.52,0
15801,83.33,3988.38,0
15812,90.91,3987.52,0
15823,90.91,3993.27,0
15835,83.33,4001.83,0
15846,90.91,4001.13,0
15857,90.91,3997.50,0
15869,90.91,3999.30,0
15881,76.92,3995.22,0
15892,90.91,3992.45,0
15903,90.91,3990.91,0
15915,83.33,3991.09,0
15926,90.91,3995.85,0
15937,90.91,3997.85,0
15949,83.33,3999.84,0
15961,83.33,3994.09,0
15972,90.91,3990.09,0
15983,90.91,3990.57,0
15994,90.91,3993.97,0
16006,83.33,3997.41,0
16017,90.91,4001.27,0
16029,83.33,3997.72,0
16040,90.91,3996.46,0
16052,83.33,3995.15,0
16063,90.91,3990.46,0
16074,90.91,3985.94,0
16086,83.33,3988.76,0
16098,90.91,3994.24,0
16109,83.33,4000.88,0
16120,90.91,3999.76,0
16132,83.33,3998.78,0
16143,90.91,3996.63,0
16154,90.91,3993.04,0
16165,90.91,3991.12,0
16178,76.92,3993.07,0
16189,90.91,3998.10,0
16200,90.91,3997.89,0
16211,90.91,3998.94,0
16223,83.33,3996.90,0
16234,90.91,3992.31,0
16245,90.91,3992.36,0
16258,76.92,3994.63,0
16269,90.91,3996.69,0
16280,90.91,3995.85,0
16291,90.91,3996.72,0
16303,83.33,3997.03,0
16314,90.91,3994.74,0
16326,83.33,3992.33,0
16337,90.91,3991.50,0
16349,83.33,3989.94,0
16360,90.91,3989.86,0
16371,90.91,3996.79,0
16382,90.91,4000.05,0
16394,83.33,4000.34,0
16406,83.33,3997.18,0
16417,90.91,3994.88,0
16429,83.33,3992.43,0
16440,90.91,3992.96,0
16451,90.91,3997.53,0
16462,90.91,4000.96,0
16475,83.33,4001.69,0
16486,83.33,3996.59,0
16497,90.91,3992.84,0
16508,90.91,3990.64,0
16520,83.33,3990.40,0
16531,90.91,3995.55,0
16542,90.91,3998.52,0
16555,76.92,3998.41,0
16566,90.91,3999.22,0
16577,90.91,3998.82,0
16588,90.91,3993.49,0
16600,83.33,3989.65,0
16611,90.91,3990.66,0
16622,90.91,3993.36,0
16634,83.33,3998.38,0
16646,83.33,4001.16,0
16657,90.91,3996.54,0
16668,90.91,3998.08,0
16679,90.91,3999.01,0
16691,83.33,3996.58,0
16703,90.91,3992.81,0
16714,83.33,3990.09,0
16726,83.33,3993.94,0
16737,90.91,3999.55,0
16748,90.91,3997.14,0
16759,90.91,3995.67,0
16771,83.33,3989.45,0
16783,83.33,3991.63,0
16794,90.91,3994.02,0
16805,90.91,3995.32,0
16817,83.33,3997.94,0
16828,90.91,3997.07,0
16839,90.91,3996.17,0
16850,90.91,3995.95,0
16863,76.92,3990.54,0
16874,90.91,3985.85,0
16885,90.91,3989.58,0
16897,83.33,4002.10,0
16908,90.91,4003.74,0
16919,90.91,3995.78,0
16931,90.91,3994.31,0
16943,76.92,3995.67,0
16954,90.91,3994.61,0
16965,90.91,3988.81,0
16976,90.91,3992.48,0
16988,83.33,3999.01,0
16999,90.91,4002.14,0
17011,83.33,3999.05,0
17022,90.91,3993.11,0
17034,83.33,3993.65,0
17045,90.91,3990.71,0
17056,90.91,3991.31,0
17068,83.33,3994.53,0
17079,90.91,3996.92,0
17091,83.33,3996.76,0
17102,90.91,3998.24,0
17114,83.33,4003.27,0
17125,90.91,3997.78,0
17136,90.91,3991.43,0
17147,90.91,3992.19,0
17160,76.92,3996.44,0
17171,90.91,4002.56,0
17182,90.91,4000.72,0
17193,90.91,3996.64,0
17205,83.33,3996.38,0
17216,90.91,3997.42,0
17227,90.91,3993.02,0
17240,76.92,3992.10,0
17251,90.91,3996.63,0
17262,90.91,4001.56,0
17273,90.91,3999.53,0
17285,83.33,3994.69,0
17296,90.91,3992.42,0
17307,90.91,3990.38,0
17319,83.33,3990.59,0
17331,83.33,3993.23,0
17342,90.91,3995.51,0
17353,90.91,4001.91,0
17364,90.91,4000.64,0
17376,83.33,4000.50,0
17388,83.33,3998.67,0
17399,90.91,3992.17,0
17411,83.33,3990.98,0
17422,90.91,3990.16,0
17433,90.91,3994.95,0
17444,90.91,3999.12,0
17456,83.33,4000.43,0
17468,83.33,3998.47,0
17479,90.91,3993.60,0
17490,90.91,3988.29,0
17502,83.33,3990.63,0
17513,90.91,3995.52,0
17524,90.91,3999.00,0
17537,83.33,4001.06,0
17548,83.33,3997.91,0
17559,90.91,3994.93,0
17570,90.91,3994.97,0
17582,83.33,3991.13,0
17593,90.91,3989.04,0
17604,90.91,3991.60,0
17616,83.33,3997.47,0
17628,83.33,3999.75,0
17639,90.91,3998.73,0
17650,90.91,3998.26,0
17661,90.91,3991.22,0
17673,83.33,3987.05,0
17684,90.91,3989.44,0
17696,83.33,3995.88,0
17708,83.33,3998.14,0
17719,90.91,3997.52,0
17730,90.91,3997.59,0
17741,90.91,3995.72,0
17753,83.33,3994.80,0
17765,90.91,3991.74,0
17776,83.33,3992.64,0
17787,90.91,3996.42,0
17799,83.33,4000.36,0
17810,90.91,4001.28,0
17821,90.91,3997.43,0
17832,90.91,3992.91,0
17845,76.92,3989.96,0
17856,90.91,3989.60,0
17867,90.91,3993.87,0
17879,83.33,3996.40,0
17890,90.91,3998.65,0
17901,90.91,3999.16,0
17912,90.91,3998.84,0
17925,76.92,3994.48,0
17936,90.91,3992.65,0
17947,90.91,3990.18,0
17958,90.91,3992.09,0
17970,83.33,3999.51,0
17981,90.91,3999.25,0
17993,83.33,3996.92,0
18004,90.91,3995.99,0
18016,83.33,3996.66,0
18027,90.91,3993.93,0
18038,90.91,3992.58,0
18050,83.33,3995.72,0
18061,90.91,3999.32,0
18073,83.33,4000.68,0
18084,90.91,4000.53,0
18096,83.33,3994.86,0
18107,90.91,3988.56,0
18118,90.91,3988.49,0
18129,90.91,3991.80,0
18142,83.33,3993.10,0
18153,83.33,3996.11,0
18164,90.91,3998.72,0
18176,83.33,4000.18,0
18187,90.91,4000.13,0
18198,90.91,3993.89,0
18209,90.91,3990.22,0
18222,76.92,3992.07,0
18233,90.91,3997.38,0
18244,90.91,4000.02,0
18255,90.91,4001.31,0
18267,83.33,3998.13,0
18278,90.91,3994.37,0
18289,90.91,3993.31,0
18301,83.33,3990.87,0
18313,83.33,3994.17,0
18324,90.91,3995.63,0
18335,90.91,3997.19,0
18347,83.33,4001.16,0
18358,90.91,4002.04,0
18370,90.91,3997.59,0
18381,83.33,3992.29,0
18393,83.33,3992.97,0
18404,90.91,3995.01,0
18415,90.91,3999.78,0
18426,90.91,3999.89,0
18438,83.33,4000.14,0
18450,83.33,3996.60,0
18461,90.91,3990.60,0
18472,90.91,3989.75,0
18484,83.33,3991.46,0
18495,90.91,3993.84,0
18506,90.91,3998.49,0
18518,83.33,3999.50,0
18530,83.33,3998.42,0
18541,90.91,3998.12,0
18552,90.91,3996.28,0
18564,83.33,3989.13,0
18575,90.91,3988.69,0
18586,90.91,3993.88,0
18598,83.33,3999.29,0
18610,83.33,4001.43,0
18621,90.91,3999.57,0
18632,90.91,3996.08,0
18643,90.91,3990.89,0
18655,83.33,3987.92,0
18666,90.91,3990.77,0
18678,83.33,3995.77,0
18690,83.33,3999.55,0
18701,90.91,4002.07,0
18712,90.91,4001.66,0
18723,90.91,3997.01,0
18735,83.33,3992.99,0
18747,90.91,3991.57,0
18758,83.33,3994.53,0
18769,90.91,3999.00,0
18781,83.33,4001.76,0
18792,90.91,3999.89,0
18803,90.91,3995.87,0
18814,90.91,3995.66,0
18827,76.92,3994.47,0
18838,90.91,3994.02,0
18849,90.91,3991.56,0
18861,83.33,3994.71,0
18872,90.91,4002.44,0
18883,90.91,4002.15,0
18894,90.91,3997.75,0
18907,76.92,3994.02,0
18918,90.91,3990.43,0
18929,90.91,3993.07,0
18940,90.91,3995.07,0
18952,83.33,3999.23,0
18963,90.91,3998.66,0
18975,83.33,3997.02,0
18987,83.33,3996.05,0
18998,90.91,3992.18,0
19009,90.91,3989.33,0
19020,90.91,3989.68,0
19032,83.33,3993.89,0
19043,90.91,3999.87,0
19055,83.33,3999.18,0
19066,90.91,3995.31,0
19078,83.33,3995.53,0
19089,90.91,3993.36,0
19100,90.91,3991.98,0
19111,90.91,3993.70,0
19124,83.33,3994.36,0
19135,83.33,3999.06,0
19146,90.91,3999.86,0
19158,83.33,3997.63,0
19169,90.91,3993.82,0
19180,90.91,3990.98,0
19191,90.91,3993.86,0
19204,76.92,3993.37,0
19215,90.91,3996.07,0
19226,90.91,4000.37,0
19237,90.91,3997.66,0
19249,83.33,3997.24,0
19260,90.91,3994.27,0
19271,90.91,3990.48,0
19283,83.33,3990.00,0
19295,83.33,3992.65,0
19306,90.91,3995.57,0
19317,90.91,3996.83,0
19329,83.33,3997.37,0
19340,90.91,3994.46,0
19352,90.91,3993.16,0
19363,83.33,3991.48,0
19375,83.33,3990.05,0
19386,90.91,3990.84,0
19397,90.91,3997.48,0
19408,90.91,4005.69,0
19420,83.33,3999.24,0
19432,83.33,3993.34,0
19443,90.91,3993.14,0
19454,90.91,3992.89,0
19466,83.33,3994.09,0
19477,90.91,3994.25,0
19488,90.91,3997.20,0
19500,83.33,3996.56,0
19512,83.33,3998.55,0
19523,90.91,3996.96,0
19534,90.91,3992.94,0
19546,83.33,3989.38,0
19557,90.91,3993.00,0
19568,90.91,3998.59,0
19580,90.91,4001.97,0
19592,76.92,4002.50,0
19603,90.91,3998.30,0
19614,90.91,3996.83,0
19625,90.91,3996.60,0
19637,83.33,3992.91,0
19648,90.91,3990.48,0
19660,83.33,3998.11,0
19672,83.33,4006.05,0
19683,90.91,4004.20,0
19694,90.91,4000.54,0
19705,90.91,3997.16,0
19717,83.33,3995.48,0
19728,90.91,3994.20,0
19740,83.33,3996.44,0
19751,90.91,4000.32,0
19763,83.33,3998.62,0
19774,90.91,4000.74,0
19785,90.91,4001.31,0
19796,90.91,3994.99,0
19809,76.92,3991.31,0
19820,90.91,3989.63,0
19831,90.91,3994.93,0
19843,83.33,3999.76,0
19854,90.91,4000.72,0
19865,90.91,3998.53,0
19876,90.91,3996.06,0
19889,76.92,3996.20,0
19900,90.91,3990.64,0
19911,90.91,3990.55,0
19922,90.91,3994.05,0
19934,83.33,3996.72,0
19945,90.91,4000.90,0
19957,90.91,4000.52,0
19969,76.92,3997.64,0
19980,90.91,3993.79,0
19991,90.91,3992.08,0
20002,90.91,3993.97,0
20014,83.33,3994.49,0
20025,90.91,3999.12,0
20037,83.33,3994.87,0
20048,90.91,3996.00,0
20060,83.33,3996.82,0
20071,90.91,3991.76,0
20082,90.91,3989.40,0
20093,90.91,3991.52,0
20105,83.33,3994.82,0
20117,83.33,3998.28,0
20128,90.91,3999.93,0
20140,83.33,3995.88,0
20151,90.91,3993.58,0
20162,90.91,3993.12,0
20173,90.91,3992.17,0
20186,83.33,3994.91,0
20197,83.33,3999.37,0
20208,90.91,4003.59,0
20219,90.91,4003.17,0
20231,83.33,3995.40,0
20242,90.91,3992.04,0
20253,90.91,3990.25,0
20265,83.33,3992.09,0
20277,83.33,3997.51,0
20288,90.91,3999.40,0
20299,90.91,3995.48,0
20311,83.33,3995.30,0
20322,90.91,3995.94,0
20333,90.91,3993.19,0
20345,83.33,3989.40,0
20357,83.33,3992.57,0
20368,90.91,3994.81,0
20379,90.91,3997.12,0
20390,90.91,3999.31,0
20402,83.33,3995.80,0
20414,90.91,3995.50,0
20425,83.33,3996.09,0
20436,90.91,3994.78,0
20448,83.33,3995.58,0
20459,90.91,3992.90,0
20470,90.91,3997.97,0
20482,83.33,3997.03,0
20494,83.33,3995.67,0
20505,90.91,3993.87,0
20516,90.91,3991.81,0
20528,83.33,3993.40,0
20539,90.91,3994.42,0
20550,90.91,4002.23,0
20561,90.91,4000.96,0
20574,76.92,3999.95,0
20585,90.91,3998.87,0
20596,90.91,3994.09,0
20608,83.33,3993.00,0
20619,90.91,3992.51,0
20630,90.91,3993.42,0
20642,90.91,3998.29,0
20654,83.33,4001.53,0
20665,90.91,4001.86,0
20676,90.91,3996.97,0
20687,90.91,3993.17,0
20699,83.33,3990.47,0
20710,90.91,3989.50,0
20722,83.33,3990.49,0
20733,90.91,3996.08,0
20745,83.33,3999.43,0
20756,90.91,3996.17,0
20767,90.91,3991.88,0
20779,83.33,3991.51,0
20791,90.91,3992.78,0
20802,83.33,3997.82,0
20813,90.91,3998.65,0
20825,83.33,3997.60,0
20836,90.91,3995.27,0
20847,90.91,3995.60,0
20858,90.91,3994.23,0
20871,76.92,3992.83,0
20882,90.91,3990.61,0
20893,90.91,3995.18,0
20904,90.91,3999.58,0
20916,83.33,3997.12,0
20927,90.91,3997.77,0
20938,90.91,3996.67,0
20951,76.92,3997.93,0
20962,90.91,3991.77,0
20973,90.91,3990.57,0
20984,90.91,3991.68,0
20996,83.33,3994.48,0
21007,90.91,4000.26,0
21019,90.91,3999.61,0
21030,83.33,3993.79,0
21042,83.33,3993.60,0
21053,90.91,3994.84,0
21064,90.91,3997.79,0
21075,90.91,3995.65,0
21087,83.33,3993.17,0
21099,83.33,3992.54,0
21110,90.91,3997.39,0
21122,83.33,3996.41,0
21133,90.91,3992.25,0
21144,90.91,3987.44,0
21155,90.91,3989.60,0
21167,83.33,3993.45,0
21179,83.33,3996.98,0
21190,90.91,3995.58,0
21201,90.91,3997.21,0
21213,83.33,3998.87,0
21224,90.91,3995.69,0
21235,90.91,3992.31,0
21248,76.92,3989.66,0
21259,90.91,3992.18,0
21270,90.91,3997.04,0
21281,90.91,3999.79,0
21293,83.33,3997.73,0
21304,90.91,3995.77,0
21315,90.91,3993.40,0
21327,83.33,3994.13,0
21339,83.33,3994.02,0
21350,90.91,3995.64,0
21361,90.91,3996.70,0
21372,90.91,3998.06,0
21384,83.33,3998.51,0
21396,90.91,3998.13,0
21407,83.33,3991.87,0
21419,83.33,3991.86,0
21430,90.91,3996.00,0
21441,90.91,4002.60,0
21452,90.91,4001.35,0
21464,83.33,3998.76,0
21476,83.33,3990.96,0
21487,90.91,3990.27,0
21498,90.91,3991.26,0
21510,83.33,3991.97,0
21521,90.91,3990.47,0
21532,90.91,3995.57,0
21543,90.91,3997.05,0
21556,76.92,3996.00,0
21567,90.91,3994.70,0
21578,90.91,3991.41,0
21590,83.33,3989.88,0
21601,90.91,3992.60,0
21612,90.91,3995.49,0
21624,90.91,3997.75,0
21636,76.92,3995.24,0
21647,90.91,3994.93,0
21658,90.91,3993.60,0
21669,90.91,3990.89,0
21681,83.33,3986.65,0
21692,90.91,3990.10,0
21704,83.33,3997.46,0
21715,90.91,3999.88,0
21727,83.33,4000.64,0
21738,90.91,3995.03,0
21749,90.91,3992.76,0
21761,83.33,3992.07,0
21772,90.91,3992.52,0
21784,83.33,3989.74,0
21795,90.91,3991.73,0
21807,83.33,3997.39,0
21818,90.91,3998.19,0
21829,90.91,3998.39,0
21840,90.91,3992.61,0
21853,76.92,3993.01,0
21864,90.91,3994.69,0
21875,90.91,3996.01,0
21886,90.91,3998.71,0
21898,83.33,3999.86,0
21909,90.91,4001.69,0
21920,90.91,3998.96,0
21933,76.92,3996.36,0
21944,90.91,3990.23,0
21955,90.91,3988.20,0
21966,90.91,3993.61,0
21978,83.33,3997.04,0
21989,90.91,3994.93,0
22000,90.91,3995.49,0
22012,83.33,3998.36,0
22024,83.33,3998.36,0
22035,90.91,3992.45,0
22046,90.91,3989.90,0
22057,90.91,3994.07,0
22069,83.33,3999.95,0
22081,83.33,4003.09,0
22092,90.91,4003.30,0
22104,83.33,3993.43,0
22115,90.91,3991.46,0
22126,90.91,3995.76,0
22137,90.91,3994.93,0
22149,83.33,3997.95,0
22161,83.33,3998.92,0
22172,90.91,3996.98,0
22183,90.91,3996.23,0
22195,83.33,3995.37,0
22206,90.91,3992.14,0
22217,90.91,3989.47,0
22228,90.91,3992.81,0
22241,76.92,3995.92,0
22252,90.91,3996.72,0
22263,90.91,3996.39,0
22275,83.33,3996.27,0
22286,90.91,3994.81,0
22297,90.91,3992.88,0
22309,83.33,3988.96,0
22321,83.33,3990.87,0
22332,90.91,3995.73,0
22343,90.91,4000.21,0
22354,90.91,3996.58,0
22366,83.33,3991.12,0
22377,90.91,3993.56,0
22389,83.33,3995.14,0
22401,83.33,3992.34,0
22412,90.91,3990.20,0
22423,90.91,3990.85,0
22434,90.91,3999.71,0
22446,83.33,4002.71,0
22458,90.91,3995.85,0
22469,83.33,3990.78,0
22480,90.91,3989.48,0
22492,83.33,3993.52,0
22503,90.91,3997.04,0
22514,90.91,4000.34,0
22525,90.91,3999.42,0
22538,76.92,3996.64,0
22549,90.91,3997.68,0
22560,90.91,3995.32,0
22572,83.33,3991.13,0
22583,90.91,3991.24,0
22594,90.91,3995.20,0
22605,90.91,3998.21,0
22618,76.92,3997.69,0
22629,90.91,3992.72,0
22640,90.91,3990.30,0
22651,90.91,3992.92,0
22663,83.33,3994.83,0
22674,90.91,3992.90,0
22686,90.91,3996.84,0
22697,83.33,3998.22,0
22709,83.33,3999.11,0
22720,90.91,3998.00,0
22731,90.91,3990.09,0
22743,83.33,3984.00,0
22754,90.91,3988.07,0
22766,83.33,3994.81,0
22777,90.91,3997.36,0
22789,83.33,3997.06,0
22800,90.91,3995.55,0
22811,90.91,3998.73,0
22822,90.91,4001.79,0
22834,83.33,3995.46,0
22846,83.33,3990.28,0
22857,90.91,3992.47,0
22868,90.91,4000.10,0
22880,83.33,4003.69,0
22891,90.91,3999.70,0
22902,90.91,3991.36,0
22915,83.33,3989.92,0
22926,83.33,3993.53,0
22937,90.91,3996.31,0
22948,90.91,3993.77,0
22960,83.33,3995.72,0
22971,90.91,4003.55,0
22982,90.91,4002.81,0
22994,83.33,3997.94,0
23006,83.33,3990.90,0
23017,90.91,3986.58,0
23028,90.91,3992.79,0
23040,83.33,3998.22,0
23051,90.91,3999.96,0
23062,90.91,3997.81,0
23074,83.33,3997.41,0
23086,83.33,3998.51,0
23097,90.91,3994.03,0
23108,90.91,3989.78,0
23119,90.91,3989.62,0
23131,83.33,3997.34,0
23143,90.91,4000.84,0
23154,83.33,3997.72,0
23165,90.91,3993.20,0
23177,83.33,3988.37,0
23188,90.91,3992.51,0
23199,90.91,3994.00,0
23211,83.33,3993.52,0
23223,83.33,3996.80,0
23234,90.91,3998.85,0
23245,90.91,4002.15,0
23257,83.33,3999.96,0
23268,90.91,3989.96,0
23279,90.91,3984.60,0
23290,90.91,3991.27,0
23303,76.92,3997.16,0
23314,90.91,3998.26,0
23325,90.91,3995.33,0
23336,90.91,3992.38,0
23348,83.33,3997.33,0
23359,90.91,3998.81,0
23371,83.33,3993.70,0
23383,83.33,3989.69,0
23394,90.91,3994.48,0
23405,90.91,4005.97,0
23416,90.91,4004.94,0
23428,83.33,3995.74,0
23439,90.91,3991.69,0
23451,83.33,3991.43,0
23462,90.91,3993.11,0
23474,83.33,3991.93,0
23485,90.91,3992.04,0
23496,90.91,3994.75,0
23507,90.91,3999.13,0
23520,83.33,4000.49,0
23531,83.33,3994.44,0
23542,90.91,3988.89,0
23554,83.33,3990.43,0
23565,90.91,3997.79,0
23576,90.91,3999.49,0
23587,90.91,3998.60,0
23600,76.92,3993.86,0
23611,90.91,3998.16,0
23622,90.91,3997.94,0
23633,90.91,3993.81,0
23645,83.33,3989.60,0
23656,90.91,3992.17,0
23667,90.91,4004.50,0
23680,76.92,4007.36,0
23691,90.91,3997.22,0
23702,90.91,3990.36,0
23713,90.91,3992.73,0
23725,83.33,3996.18,0
23736,90.91,3996.59,0
23748,90.91,3994.36,0
23759,83.33,3996.07,0
23771,83.33,4003.82,0
23782,90.91,4004.85,0
23793,90.91,3999.69,0
23804,90.91,3987.56,0
23816,83.33,3985.07,0
23828,83.33,3994.23,0
23839,90.91,3998.84,0
23851,83.33,3998.75,0
23862,90.91,3992.29,0
23873,90.91,3993.28,0
23884,90.91,3993.15,0
23896,83.33,3992.09,0
23908,83.33,3988.28,0
23919,90.91,3987.13,0
23930,90.91,3997.65,0
23942,83.33,4004.34,0
23953,90.91,3999.83,0
23964,90.91,3990.48,0
23976,90.91,3988.33,0
23988,76.92,3994.18,0
23999,90.91,3995.01,0
24010,90.91,3993.29,0
24022,83.33,3994.94,0
24033,90.91,3998.04,0
24044,90.91,4000.29,0
24056,83.33,4000.59,0
24068,83.33,3992.89,0
24079,90.91,3987.37,0
24090,90.91,3987.93,0
24101,90.91,3997.05,0
24113,83.33,4001.07,0
24124,90.91,3998.99,0
24136,83.33,3994.65,0
24147,90.91,3996.41,0
24159,83.33,3999.08,0
24170,90.91,3995.34,0
24181,90.91,3989.50,0
24193,83.33,3994.99,0
24205,83.33,4002.98,0
24216,90.91,4005.18,0
24227,90.91,3998.08,0
24239,83.33,3991.60,0
24250,90.91,3989.76,0
24261,90.91,3989.85,0
24272,90.91,3994.58,0
24285,76.92,3992.78,0
24296,90.91,3996.63,0
24307,90.91,4000.86,0
24318,90.91,4000.01,0
24330,83.33,3995.39,0
24341,90.91,3988.51,0
24353,90.91,3990.69,0
24365,76.92,3997.38,0
24376,90.91,4000.94,0
24387,90.91,3999.31,0
24398,90.91,3993.83,0
24410,83.33,3995.57,0
24421,90.91,3994.35,0
24433,83.33,3991.86,0
24444,90.91,3990.03,0
24456,83.33,3991.79,0
24467,90.91,4000.52,0
24478,90.91,4003.80,0
24489,90.91,3999.59,0
24501,83.33,3993.70,0
24513,83.33,3991.63,0
24524,90.91,3992.41,0
24536,83.33,3992.71,0
24547,90.91,3996.35,0
24558,90.91,3998.42,0
24569,90.91,3999.96,0
24582,76.92,4003.78,0
24593,90.91,4002.17,0
24604,90.91,3993.61,0
24615,90.91,3987.99,0
24627,83.33,3990.24,0
24638,90.91,3994.97,0
24649,90.91,4002.44,0
24662,76.92,3996.69,0
24673,90.91,3990.75,0
24684,90.91,3991.53,0
24695,90.91,3992.30,0
24707,83.33,3992.04,0
24718,90.91,3989.42,0
24730,90.91,3995.50,0
24741,83.33,4003.94,0
24753,83.33,4002.94,0
24764,90.91,3996.39,0
24775,90.91,3988.63,0
24786,90.91,3990.62,0
24798,83.33,3991.75,0
24810,83.33,3991.97,0
24821,90.91,3992.43,0
24833,83.33,3996.96,0
24844,90.91,3999.34,0
24855,90.91,3999.82,0
24866,90.91,3998.39,0
24878,83.33,3991.78,0
24890,83.33,3991.89,0
24901,90.91,3994.50,0
24912,90.91,3999.94,0
24924,83.33,4002.14,0
24935,90.91,3996.99,0
24946,90.91,3992.54,0
24958,90.91,3992.55,0
24970,76.92,3989.84,0
24981,90.91,3985.67,0
24992,90.91,3993.16,0
25004,83.33,4000.40,0
25015,90.91,4006.64,0
25026,90.91,4002.90,0
25038,83.33,3994.62,0
25050,83.33,3992.08,0
25061,90.91,3990.52,0
25072,90.91,3990.40,0
25083,90.91,3995.25,0
25095,83.33,3998.70,0
25106,90.91,3997.10,0
25118,83.33,3999.73,0
25129,90.91,3998.46,0
25141,83.33,3992.90,0
25152,90.91,3991.45,0
25163,90.91,3993.10,0
25175,83.33,3997.01,0
25187,90.91,3999.35,0
25198,83.33,3994.86,0
25209,90.91,3994.05,0
25221,83.33,3995.10,0
25232,90.91,3991.30,0
25243,90.91,3984.44,0
25254,90.91,3986.75,0
25267,76.92,3996.08,0
25278,90.91,4005.96,0
25289,90.91,4004.67,0
25300,90.91,3998.65,0
25312,83.33,3992.66,0
25323,90.91,3992.49,0
25334,90.91,3992.40,0
25347,76.92,3996.96,0
25358,90.91,3996.65,0
25369,90.91,3998.06,0
25380,90.91,3997.89,0
25392,83.33,3997.16,0
25403,90.91,3992.49,0
25415,83.33,3989.71,0
25426,90.91,3989.45,0
25438,83.33,3994.33,0
25449,90.91,4004.95,0
25460,90.91,4003.41,0
25472,83.33,3998.58,0
25483,90.91,3994.91,0
25495,83.33,3993.96,0
25506,90.91,3991.61,0
25518,83.33,3988.19,0
25529,90.91,3992.25,0
25540,90.91,4000.42,0
25551,90.91,4004.59,0
25564,83.33,4001.01,0
25575,83.33,3995.69,0
25586,90.91,3994.10,0
25597,90.91,3990.83,0
25609,83.33,3993.41,0
25620,90.91,3994.42,0
25631,90.91,3998.51,0
25644,76.92,4002.06,0
25655,90.91,3998.30,0
25666,90.91,3995.27,0
25677,90.91,3989.30,0
25689,83.33,3989.40,0
25700,90.91,3993.26,0
25711,90.91,4001.21,0
25723,83.33,4004.23,0
25735,83.33,3995.93,0
25746,90.91,3995.07,0
25757,90.91,3994.76,0
25768,90.91,3991.82,0
25780,83.33,3988.57,0
25792,83.33,3990.33,0
25803,90.91,3998.47,0
25815,83.33,4002.25,0
25826,90.91,3999.67,0
25837,90.91,3995.98,0
25848,90.91,3994.00,0
25860,83.33,3994.83,0
25872,83.33,3993.67,0
25883,90.91,3993.82,0
25894,90.91,3995.99,0
25906,83.33,3995.78,0
25917,90.91,3994.11,0
25928,90.91,3993.50,0
25940,90.91,3991.97,0
25952,76.92,3987.95,0
25963,90.91,3988.27,0
25974,90.91,3995.75,0
25986,83.33,4004.27,0
25997,90.91,4003.39,0
26008,90.91,3997.56,0
26020,83.33,3994.52,0
26032,83.33,3995.15,0
26043,90.91,3988.80,0
26054,90.91,3989.84,0
26065,90.91,3996.66,0
26077,83.33,3998.40,0
26088,90.91,4001.22,0
26100,83.33,3998.31,0
26112,83.33,3996.16,0
26123,90.91,3994.67,0
26134,90.91,3992.79,0
26145,90.91,3993.89,0
26157,83.33,3997.24,0
26169,83.33,4001.45,0
26180,90.91,4000.90,0
26191,90.91,3998.00,0
26203,83.33,3992.30,0
26214,90.91,3988.60,0
26225,90.91,3989.75,0
26236,90.91,3990.97,0
26249,76.92,3993.64,0
26260,90.91,4001.51,0
26271,90.91,4000.91,0
26283,83.33,3999.49,0
26294,90.91,3994.11,0
26305,90.91,3989.67,0
26317,90.91,3987.10,0
26329,76.92,3993.31,0
26340,90.91,4002.26,0
26351,90.91,4005.86,0
26362,90.91,3998.59,0
26374,83.33,3992.92,0
26385,90.91,3992.18,0
26397,83.33,3992.35,0
26408,90.91,3995.68,0
26420,83.33,3997.34,0
26431,90.91,4001.43,0
26442,90.91,3999.43,0
26454,83.33,3994.75,0
26465,90.91,3991.47,0
26477,83.33,3988.59,0
26488,90.91,3989.06,0
26500,83.33,3990.91,0
26511,90.91,3996.39,0
26522,90.91,4000.42,0
26533,90.91,3997.60,0
26546,76.92,3994.80,0
26557,90.91,3994.93,0
26568,90.91,3995.42,0
26579,90.91,3991.07,0
26591,83.33,3993.61,0
26602,90.91,3999.04,0
26613,90.91,3999.90,0
26626,76.92,3995.82,0
26637,90.91,3995.79,0
26648,90.91,3996.83,0
26659,90.91,3996.63,0
26671,83.33,3993.44,0
26682,90.91,3994.88,0
26694,90.91,3999.38,0
26705,83.33,4001.65,0
26717,83.33,3999.71,0
26728,90.91,3995.39,0
26739,90.91,3990.10,0
26750,90.91,3987.34,0
26762,83.33,3988.64,0
26774,83.33,3994.77,0
26785,90.91,4000.69,0
26797,83.33,4003.01,0
26808,90.91,4002.30,0
26819,90.91,3996.00,0
26830,90.91,3993.38,0
26842,83.33,3991.07,0
26854,83.33,3988.57,0
26865,90.91,3994.04,0
26876,90.91,3999.85,0
26888,83.33,4002.95,0
26899,90.91,3995.19,0
26910,90.91,3992.78,0
26923,90.91,3991.38,0
26934,76.92,3987.47,0
26945,90.91,3985.79,0
26956,90.91,3993.16,0
26968,83.33,4003.27,0
26979,90.91,4004.58,0
26990,90.91,4000.21,0
27002,83.33,3993.80,0
27014,83.33,3989.61,0
27025,90.91,3989.27,0
27036,90.91,3988.51,0
27047,90.91,3994.33,0
27059,83.33,4000.95,0
27070,90.91,3999.10,0
27082,83.33,3996.08,0
27094,83.33,3996.76,0
27105,90.91,3992.73,0
27116,90.91,3989.01,0
27127,90.91,3988.18,0
27139,83.33,3995.16,0
27151,83.33,4002.22,0
27162,90.91,3999.03,0
27173,90.91,3996.35,0
27185,83.33,3992.59,0
27196,90.91,3992.16,0
27207,90.91,3992.30,0
27218,90.91,3998.31,0
27231,76.92,4001.64,0
27242,90.91,4001.63,0
27253,90.91,4001.06,0
27265,83.33,3997.53,0
27276,90.91,3992.35,0
27287,90.91,3988.85,0
27299,90.91,3990.25,0
27311,76.92,3993.34,0
27322,90.91,3999.16,0
27333,90.91,4003.11,0
27344,90.91,3997.55,0
27356,83.33,3994.23,0
27367,90.91,3997.73,0
27379,83.33,3992.59,0
27390,90.91,3992.22,0
27402,83.33,3995.40,0
27413,90.91,4000.80,0
27424,90.91,4001.93,0
27436,83.33,3998.07,0
27447,90.91,3992.66,0
27459,83.33,3990.49,0
27470,90.91,3993.79,0
27482,83.33,3997.74,0
27493,90.91,4000.23,0
27504,90.91,3999.48,0
27515,90.91,3998.24,0
27528,76.92,3998.90,0
27539,90.91,3991.65,0
27550,90.91,3989.26,0
27561,90.91,3986.49,0
27573,83.33,3993.98,0
27584,90.91,4001.78,0
27595,90.91,4003.34,0
27608,76.92,3999.29,0
27619,90.91,3992.63,0
27630,90.91,3992.48,0
27641,90.91,3992.80,0
27653,83.33,3989.79,0
27664,90.91,3992.25,0
27676,90.91,3995.66,0
27687,83.33,4002.83,0
27699,83.33,4001.70,0
27710,90.91,3993.46,0
27721,90.91,3989.16,0
27732,90.91,3988.69,0
27744,83.33,3993.46,0
27756,83.33,3999.87,0
27767,90.91,4002.76,0
27779,83.33,4001.16,0
27790,90.91,4001.04,0
27801,90.91,3999.75,0
27812,90.91,3993.84,0
27824,83.33,3986.30,0
27836,83.33,3985.11,0
27847,90.91,3993.96,0
27858,90.91,4003.92,0
27870,83.33,4001.21,0
27881,90.91,3995.65,0
27892,90.91,3993.53,0
27905,76.92,3993.18,0
27916,90.91,3992.04,0
27927,90.91,3992.15,0
27938,90.91,3994.99,0
27950,83.33,4004.94,0
27961,90.91,4002.59,0
27972,90.91,3997.73,0
27984,83.33,3991.05,0
27996,83.33,3987.99,0
28007,90.91,3989.30,0
28018,90.91,3993.90,0
28029,90.91,3996.17,0
28041,83.33,3999.45,0
28053,90.91,4001.23,0
28064,83.33,3998.17,0
28076,83.33,3994.35,0
28087,90.91,3988.82,0
28098,90.91,3985.75,0
28109,90.91,3992.70,0
28121,83.33,3998.57,0
28133,83.33,4000.67,0
28144,90.91,3996.86,0
28155,90.91,3993.39,0
28167,83.33,3995.44,0
28178,90.91,3994.39,0
28189,90.91,3989.17,0
28200,90.91,3993.18,0
28213,76.92,3997.16,0
28224,90.91,4005.09,0
28235,90.91,4003.21,0
28247,83.33,3994.69,0
28258,90.91,3985.80,0
28269,90.91,3985.57,0
28281,90.91,3990.56,0
28293,76.92,3996.36,0
28304,90.91,4002.20,0
28315,90.91,3998.75,0
28326,90.91,3997.87,0
28338,83.33,3996.95,0
28349,90.91,3992.66,0
28361,83.33,3986.24,0
28372,90.91,3990.95,0
28384,83.33,3998.44,0
28395,90.91,4002.07,0
28406,90.91,4000.54,0
28418,83.33,3996.35,0
28429,90.91,3994.17,0
28441,83.33,3995.73,0
28452,90.91,3992.42,0
28464,83.33,3994.09,0
28475,90.91,3997.02,0
28486,90.91,4004.50,0
28497,90.91,4002.38,0
28510,76.92,3994.47,0
28521,90.91,3988.76,0
28532,90.91,3989.56,0
28544,83.33,3993.01,0
28555,90.91,3995.98,0
28566,90.91,3996.87,0
28577,90.91,3998.56,0
28590,76.92,3998.83,0
28601,90.91,3997.19,0
28612,90.91,3993.38,0
28623,90.91,3986.69,0
28635,83.33,3985.69,0
28646,90.91,3995.31,0
28658,90.91,4004.46,0
28669,83.33,4001.96,0
28681,83.33,3998.46,0
28692,90.91,3995.84,0
28703,90.91,3996.61,0
28715,83.33,3992.17,0
28726,90.91,3989.12,0
28738,83.33,3993.75,0
28749,90.91,4004.98,0
28761,83.33,4005.08,0
28772,90.91,4000.05,0
28783,90.91,3991.05,0
28794,90.91,3989.75,0
28806,83.33,3991.87,0
28818,83.33,3995.07,0
28829,90.91,3996.07,0
28840,90.91,3999.72,0
28852,83.33,4001.64,0
28863,90.91,4003.29,0
28874,90.91,3999.99,0
28887,76.92,3992.62,0
28898,90.91,3986.34,0
28909,90.91,3994.72,0
28920,90.91,4000.72,0
28932,83.33,4004.47,0
28943,90.91,3997.32,0
28954,90.91,3993.54,0
28966,83.33,3994.18,0
28978,83.33,3991.27,0
28989,90.91,3989.64,0
29000,90.91,3991.11,0
29011,90.91,3995.52,0
29023,83.33,4003.65,0
29035,90.91,4002.55,0
29046,83.33,3997.20,0
29058,83.33,3990.35,0
29069,90.91,3989.90,0
29080,90.91,3990.85,0
29091,90.91,3991.57,0
29103,83.33,3997.54,0
29115,83.33,4002.57,0
29126,90.91,4000.85,0
29137,90.91,3996.92,0
29149,83.33,3995.39,0
29160,90.91,3989.20,0
29171,90.91,3993.12,0
29182,90.91,3997.55,0
29195,76.92,4000.87,0
29206,90.91,3999.35,0
29217,90.91,3992.15,0
29229,83.33,3992.50,0
29240,90.91,3988.03,0
29251,90.91,3986.34,0
29263,90.91,3991.21,0
29275,76.92,3995.84,0
29286,90.91,4003.51,0
29297,90.91,4004.04,0
29308,90.91,3996.02,0
29320,83.33,3991.74,0
29331,90.91,3990.20,0
29343,83.33,3990.46,0
29355,83.33,3995.19,0
29366,90.91,3996.64,0
29377,90.91,4000.38,0
29388,90.91,4000.03,0
29400,83.33,3995.33,0
29411,90.91,3995.13,0
29423,83.33,3991.98,0
29434,90.91,3989.72,0
29446,83.33,3992.69,0
29457,90.91,4000.63,0
29468,90.91,4003.63,0
29479,90.91,3999.74,0
29492,76.92,3993.25,0
29503,90.91,3990.13,0
29514,90.91,3989.61,0
29526,83.33,3989.46,0
29537,90.91,3990.55,0
29548,90.91,3996.64,0
29559,90.91,4002.58,0
29572,76.92,4002.27,0
29583,90.91,3998.31,0
29594,90.91,3994.87,0
29605,90.91,3993.26,0
29617,83.33,3991.03,0
29628,90.91,3996.64,0
29640,90.91,4000.87,0
29651,83.33,4000.85,0
29663,83.33,4000.82,0
29674,90.91,3996.79,0
29685,90.91,3994.44,0
29697,83.33,3992.32,0
29708,90.91,3991.98,0
29720,83.33,3999.89,0
29731,90.91,4003.90,0
29743,83.33,3996.85,0
29754,90.91,3994.38,0
29765,90.91,3992.40,0
29776,90.91,3991.47,0
29788,83.33,3991.51,0
29800,83.33,3992.99,0
29811,90.91,3997.61,0
29822,90.91,4001.08,0
29834,83.33,3999.09,0
29845,90.91,3997.11,0
29856,90.91,3994.24,0
29869,76.92,3990.59,0
29880,90.91,3987.92,0
29891,90.91,3992.25,0
29902,90.91,4000.13,0
29914,83.33,4003.12,0
29925,90.91,3996.97,0
29936,90.91,3993.67,0
29948,83.33,3994.19,0
29960,83.33,3990.16,0
29971,90.91,3991.69,0
29982,90.91,3994.98,0
29993,90.91,4001.04,0
30005,83.33,4005.02,0
30017,90.91,4000.65,0
30028,83.33,3996.72,0
30040,83.33,3994.84,0
30051,90.91,3992.67,0
30062,90.91,3991.37,0
30073,90.91,3994.39,0
30085,83.33,3997.82,0
30097,83.33,4000.04,0
30108,90.91,3999.13,0
30119,90.91,3995.73,0
30131,83.33,3994.08,0
30142,90.91,3993.37,0
30153,90.91,3993.98,0
30164,90.91,3997.06,0
30177,76.92,3998.30,0
30188,90.91,3998.27,0
30199,90.91,3999.04,0
30211,83.33,3994.13,0
30222,90.91,3992.86,0
30233,90.91,3991.78,0
30245,90.91,3994.27,0
30257,76.92,3999.83,0
30268,90.91,4005.18,0
30279,90.91,4001.92,0
30290,90.91,3999.76,0
30302,83.33,3994.08,0
30313,90.91,3989.54,0
30325,83.33,3988.77,0
30337,83.33,3991.51,0
30348,90.91,3995.42,0
30359,90.91,4000.63,0
30370,90.91,4000.88,0
30382,83.33,3998.03,0
30393,90.91,3992.03,0
30405,83.33,3987.45,0
30416,90.91,3988.76,0
30428,83.33,3995.06,0
30439,90.91,4000.22,0
30450,90.91,4001.71,0
30461,90.91,3998.80,0
30474,76.92,3997.15,0
30485,90.91,3994.32,0
30496,90.91,3990.66,0
30508,83.33,3990.76,0
30519,90.91,3995.00,0
30530,90.91,4001.42,0
30541,90.91,4001.56,0
30554,76.92,3997.72,0
30565,90.91,3992.41,0
30576,90.91,3990.74,0
30587,90.91,3990.09,0
30599,83.33,3989.70,0
30610,90.91,3992.47,0
30622,90.91,4000.05,0
30633,83.33,4003.36,0
30645,83.33,4000.30,0
30656,90.91,3994.10,0
30667,90.91,3992.94,0
30679,83.33,3991.47,0
30690,90.91,3993.98,0
30702,83.33,3998.96,0
30713,90.91,4000.28,0
30725,83.33,3996.63,0
30736,90.91,3993.09,0
30747,90.91,3993.71,0
30758,90.91,3993.97,0
30770,83.33,3991.05,0
30782,83.33,3995.79,0
30793,90.91,3999.89,0
30804,90.91,4002.85,0
30816,83.33,3998.14,0
30827,90.91,3997.71,0
30838,90.91,3997.11,0
30851,83.33,3994.49,0
30862,83.33,3993.12,0
30873,90.91,3992.99,0
30884,90.91,3994.58,0
30896,83.33,3998.16,0
30907,90.91,4002.44,0
30918,90.91,3998.89,0
30930,83.33,3990.37,0
30942,83.33,3990.21,0
30953,90.91,3990.75,0
30964,90.91,3994.82,0
30976,83.33,3997.24,0
30987,90.91,3999.23,0
30998,90.91,4000.10,0
31010,83.33,3998.24,0
31022,83.33,3993.53,0
31033,90.91,3989.65,0
31044,90.91,3991.47,0
31055,90.91,3993.98,0
31067,83.33,4001.80,0
31079,83.33,4004.76,0
31090,90.91,4001.68,0
31101,90.91,3999.23,0
31113,83.33,3996.14,0
31124,90.91,3993.69,0
31135,90.91,3992.96,0
31147,83.33,3996.31,0
31159,83.33,4000.96,0
31170,90.91,4002.62,0
31181,90.91,3999.96,0
31193,83.33,3993.95,0
31204,90.91,3993.39,0
31215,90.91,3991.75,0
31227,90.91,3995.10,0
31239,76.92,3995.78,0
31250,90.91,4002.00,0
31261,90.91,4004.03,0
31272,90.91,3998.78,0
31284,83.33,3992.24,0
31295,90.91,3988.49,0
31307,83.33,3991.57,0
31319,83.33,3994.87,0
31330,90.91,4003.26,0
31341,90.91,4003.92,0
31352,90.91,4002.19,0
31364,83.33,4003.16,0
31375,90.91,3996.96,0
31387,83.33,3994.70,0
31398,90.91,3991.18,0
31410,83.33,3992.89,0
31421,90.91,3998.51,0
31432,90.91,4002.13,0
31443,90.91,3999.14,0
31456,83.33,3995.94,0
31467,83.33,3995.20,0
31478,90.91,3994.62,0
31490,83.33,3995.72,0
31501,90.91,3996.26,0
31512,90.91,3999.02,0
31523,90.91,4001.38,0
31536,76.92,3998.02,0
31547,90.91,3991.57,0
31558,90.91,3987.90,0
31569,90.91,3987.93,0
31581,83.33,3990.61,0
31592,90.91,3998.11,0
31603,90.91,4003.81,0
31616,76.92,4001.32,0
31627,90.91,4001.37,0
31638,90.91,4002.30,0
31649,90.91,3997.22,0
31661,83.33,3990.91,0
31672,90.91,3990.00,0
31684,83.33,3997.40,0
31695,90.91,4002.37,0
31707,83.33,4001.39,0
31718,90.91,3996.69,0
31729,90.91,3992.13,0
31740,90.91,3991.20,0
31752,83.33,3993.40,0
31764,83.33,3994.68,0
31775,90.91,3996.51,0
31787,83.33,3998.16,0
31798,90.91,3996.30,0
31809,90.91,3996.78,0
31820,90.91,3992.91,0
31833,83.33,3988.22,0
31844,83.33,3989.81,0
31855,90.91,3995.28,0
31866,90.91,4000.39,0
31878,83.33,4000.32,0
31889,90.91,3998.88,0
31900,90.91,3998.68,0
31912,83.33,3996.85,0
31924,83.33,3990.18,0
31935,90.91,3990.05,0
31946,90.91,3996.28,0
31958,83.33,4001.97,0
31969,90.91,4001.14,0
31980,90.91,3996.87,0
31992,83.33,3992.39,0
32004,83.33,3988.72,0
32015,90.91,3988.65,0
32026,90.91,3991.72,0
32037,90.91,3992.22,0
32049,83.33,4003.00,0
32061,83.33,4004.98,0
32072,90.91,4001.33,0
32083,90.91,3997.88,0
32095,83.33,3991.84,0
32106,90.91,3987.47,0
32117,90.91,3988.95,0
32129,83.33,3996.33,0
32141,83.33,3999.37,0
32152,90.91,3997.30,0
32163,90.91,3996.60,0
32175,83.33,3997.22,0
32186,90.91,3993.16,0
32197,90.91,3989.84,0
32209,90.91,3992.05,0
32221,76.92,3997.66,0
32232,90.91,4003.78,0
32243,90.91,4000.61,0
32254,90.91,3993.29,0
32266,83.33,3991.37,0
32277,90.91,3989.72,0
32289,83.33,3990.00,0
32301,83.33,3991.41,0
32312,90.91,3996.57,0
32323,90.91,3999.84,0
32334,90.91,4001.00,0
32346,83.33,3998.87,0
32357,90.91,3996.67,0
32369,83.33,3990.71,0
32380,90.91,3990.42,0
32392,83.33,3993.97,0
32403,90.91,3998.86,0
32414,90.91,4002.15,0
32425,90.91,3997.62,0
32438,83.33,3994.15,0
32449,83.33,3992.59,0
32460,90.91,3989.13,0
32472,83.33,3992.96,0
32483,90.91,3995.15,0
32494,90.91,3996.54,0
32505,90.91,3999.93,0
32518,76.92,3998.40,0
32529,90.91,3996.17,0
32540,90.91,3992.69,0
32551,90.91,3989.61,0
32563,83.33,3992.84,0
32574,90.91,3998.06,0
32585,90.91,4003.80,0
32598,76.92,4002.38,0
32609,90.91,3997.76,0
32620,90.91,3998.15,0
32631,90.91,3997.09,0
32643,83.33,3990.79,0
32654,90.91,3992.86,0
32666,83.33,3996.86,0
32677,90.91,3998.51,0
32689,83.33,4002.63,0
32700,90.91,3998.72,0
32711,90.91,3993.59,0
32722,90.91,3989.76,0
32734,83.33,3990.87,0
32746,83.33,3992.75,0
32757,90.91,3996.10,0
32769,83.33,3999.73,0
32780,90.91,3999.40,0
32791,90.91,3996.47,0
32802,90.91,3991.93,0
32815,83.33,3987.93,0
32826,83.33,3987.95,0
32837,90.91,3994.08,0
32848,90.91,4000.94,0
32860,83.33,4001.45,0
32871,90.91,4001.16,0
32882,90.91,3995.55,0
32894,83.33,3992.36,0
32906,83.33,3989.77,0
32917,90.91,3989.76,0
32928,90.91,3992.57,0
32940,83.33,3995.69,0
32951,90.91,3995.94,0
32962,90.91,3998.10,0
32974,83.33,3997.44,0
32986,83.33,3996.56,0
32997,90.91,3993.84,0
33008,90.91,3993.81,0
33019,90.91,3998.33,0
33031,83.33,4003.03,0
33043,90.91,4000.73,0
33054,83.33,3996.43,0
33065,90.91,3992.31,0
33077,83.33,3989.84,0
33088,90.91,3990.85,0
33099,90.91,3994.36,0
33111,83.33,3997.26,0
33123,83.33,4000.45,0
33134,90.91,3998.53,0
33145,90.91,4000.78,0
33157,83.33,3997.15,0
33168,90.91,3992.53,0
33179,90.91,3988.63,0
33191,90.91,3993.21,0
33203,76.92,3999.64,0
33214,90.91,4001.55,0
33225,90.91,3999.52,0
33236,90.91,3996.37,0
33248,83.33,3994.86,0
33259,90.91,3992.72,0
33271,83.33,3992.22,0
33283,83.33,3992.17,0
33294,90.91,3997.95,0
33305,90.91,4002.72,0
33316,90.91,3999.85,0
33328,83.33,3996.45,0
33339,90.91,3994.34,0
33351,83.33,3989.78,0
33362,90.91,3989.09,0
33374,83.33,3993.05,0
33385,90.91,3996.10,0
33396,90.91,4001.40,0
33408,83.33,4000.32,0
33420,90.91,3997.12,0
33431,83.33,3993.60,0
33442,90.91,3989.22,0
33454,83.33,3989.80,0
33465,90.91,3990.63,0
33476,90.91,3995.66,0
33487,90.91,3999.11,0
33500,76.92,3998.88,0
33511,90.91,3999.27,0
33522,90.91,3993.50,0
33533,90.91,3989.28,0
33545,83.33,3989.85,0
33556,90.91,3995.51,0
33567,90.91,4000.41,0
33580,76.92,3999.70,0
33591,90.91,3998.35,0
33602,90.91,3995.05,0
33613,90.91,3991.48,0
33625,83.33,3988.50,0
33636,90.91,3989.77,0
33648,90.91,3995.99,0
33659,90.91,4003.17,0
33671,83.33,4000.40,0
33682,90.91,3998.57,0
33693,90.91,3995.06,0
33704,90.91,3990.89,0
33716,83.33,3985.35,0
33728,83.33,3990.25,0
33739,90.91,3997.46,0
33751,83.33,3999.55,0
33762,90.91,3997.05,0
33773,90.91,3993.93,0
33784,90.91,3992.94,0
33797,83.33,3991.58,0
33808,83.33,3992.43,0
33819,90.91,3996.12,0
33830,90.91,4002.60,0
33842,83.33,4002.59,0
33853,90.91,4000.11,0
33864,90.91,3995.10,0
33876,83.33,3993.15,0
33888,83.33,3991.77,0
33899,90.91,3991.98,0
33910,90.91,3993.19,0
33922,83.33,3999.03,0
33933,90.91,4003.69,0
33944,90.91,4001.57,0
33956,83.33,3995.83,0
33968,83.33,3996.10,0
33979,90.91,3994.26,0
33990,90.91,3996.68,0
34001,90.91,3996.82,0
34013,83.33,3998.91,0
34025,90.91,3999.03,0
34036,83.33,3997.30,0
34048,83.33,3995.36,0
34059,90.91,3994.05,0
34070,90.91,3990.61,0
34081,90.91,3994.12,0
34093,83.33,4000.56,0
34105,83.33,4002.08,0
34116,90.91,3998.43,0
34127,90.91,3994.75,0
34139,83.33,3993.79,0
34150,90.91,3994.19,0
34161,90.91,3991.41,0
34172,90.91,3989.73,0
34185,76.92,3993.16,0
34196,90.91,3998.11,0
34207,90.91,4001.60,0
34219,83.33,3996.88,0
34230,90.91,3994.28,0
34241,90.91,3992.70,0
34253,90.91,3993.78,0
34265,76.92,3996.89,0
34276,90.91,3997.09,0
34287,90.91,3998.35,0
34298,90.91,3994.73,0
34310,83.33,3992.14,0
34321,90.91,3990.44,0
34333,83.33,3992.92,0
34344,90.91,3992.67,0
34356,83.33,3996.71,0
34367,90.91,4003.33,0
34378,90.91,4000.94,0
34390,83.33,4001.20,0
34401,90.91,4000.06,0
34413,83.33,3993.08,0
34424,90.91,3988.14,0
34436,83.33,3989.69,0
34447,90.91,3991.50,0
34458,90.91,3997.22,0
34469,90.91,4001.79,0
34482,76.92,4001.36,0
34493,90.91,3998.01,0
34504,90.91,3993.82,0
34515,90.91,3990.52,0
34527,83.33,3994.29,0
34538,90.91,3997.90,0
34549,90.91,3998.89,0
34562,76.92,3997.07,0
34573,90.91,3995.19,0
34584,90.91,3997.11,0
34595,90.91,3992.98,0
34607,83.33,3988.32,0
34618,90.91,3992.28,0
34630,90.91,3998.51,0
34641,83.33,4002.28,0
34653,83.33,4002.12,0
34664,90.91,3999.10,0
34675,90.91,3996.02,0
34686,90.91,3996.89,0
34698,83.33,3992.38,0
34710,83.33,3990.04,0
34721,90.91,3993.07,0
34733,83.33,3997.90,0
34744,90.91,4000.29,0
34755,90.91,3997.00,0
34766,90.91,3995.65,0
34778,83.33,3990.42,0
34790,83.33,3991.63,0
34801,90.91,3993.00,0
34812,90.91,3997.48,0
34824,83.33,3996.56,0
34835,90.91,3998.62,0
34846,90.91,3998.87,0
34859,76.92,3994.07,0
34870,90.91,3992.45,0
34881,90.91,3994.43,0
34892,90.91,3998.06,0
34904,83.33,4003.10,0
34915,90.91,4000.97,0
34926,90.91,3999.50,0
34938,83.33,3994.40,0
34950,83.33,3991.06,0
34961,90.91,3986.84,0
34972,90.91,3988.68,0
34983,90.91,3994.98,0
34995,83.33,3999.69,0
35006,90.91,4001.76,0
35018,83.33,4001.35,0
35030,83.33,3995.08,0
35041,90.91,3991.66,0
35052,90.91,3996.20,0
35063,90.91,3996.07,0
35075,83.33,3994.89,0
35087,83.33,3998.39,0
35098,90.91,3999.12,0
35109,90.91,3996.90,0
35121,83.33,3993.94,0
35132,90.91,3989.26,0
35143,90.91,3990.98,0
35154,90.91,3997.63,0
35167,76.92,3999.22,0
35178,90.91,4000.89,0
35189,90.91,3998.20,0
35201,83.33,3995.63,0
35212,90.91,3998.05,0
35223,90.91,3995.73,0
35235,90.91,3991.17,0
35247,76.92,3994.46,0
35258,90.91,3997.02,0
35269,90.91,4000.15,0
35280,90.91,4000.60,0
35292,83.33,3994.01,0
35303,90.91,3992.10,0
35315,83.33,3992.49,0
35326,90.91,3995.30,0
35338,83.33,3999.33,0
35349,90.91,4002.06,0
35360,90.91,4001.02,0
35372,83.33,4002.28,0
35383,90.91,3998.16,0
35395,83.33,3992.73,0
35406,90.91,3986.79,0
35418,83.33,3991.00,0
35429,90.91,3995.93,0
35440,90.91,3996.93,0
35451,90.91,3995.94,0
35464,83.33,3998.17,0
35475,83.33,3997.80,0
35486,90.91,3995.30,0
35497,90.91,3990.36,0
35509,83.33,3988.53,0
35520,90.91,3991.46,0
35531,90.91,4002.50,0
35544,76.92,3999.57,0
35555,90.91,3996.60,0
35566,90.91,3991.01,0
35577,90.91,3991.38,0
35589,83.33,3994.01,0
35600,90.91,3994.30,0
35611,90.91,3999.32,0
35623,83.33,4001.00,0
35635,83.33,4001.41,0
35646,90.91,4000.13,0
35657,90.91,3996.61,0
35668,90.91,3990.08,0
35680,83.33,3985.64,0
35692,83.33,3989.22,0
35703,90.91,3994.86,0
35715,83.33,3997.05,0
35726,90.91,3999.51,0
35737,90.91,3996.79,0
35748,90.91,3997.21,0
35760,83.33,3989.78,0
35772,83.33,3988.82,0
35783,90.91,3994.56,0
35794,90.91,3999.55,0
35806,83.33,3996.92,0
35817,90.91,3993.58,0
35828,90.91,3990.64,0
35841,83.33,3992.05,0
35852,83.33,3994.42,0
35863,90.91,3993.31,0
35874,90.91,3992.35,0
35886,83.33,4002.50,0
35897,90.91,4005.56,0
35908,90.91,4002.19,0
35920,83.33,3994.25,0
35932,83.33,3991.88,0
35943,90.91,3991.92,0
35954,90.91,3992.07,0
35965,90.91,3993.80,0
35977,83.33,3995.55,0
35988,90.91,3996.44,0
36000,83.33,3996.77,0
36012,83.33,3997.71,0
36023,90.91,3992.86,0
36034,90.91,3990.51,0
36045,90.91,3993.21,0
36057,83.33,3999.46,0
36069,90.91,3999.20,0
36080,83.33,3994.23,0
36091,90.91,3992.09,0
36103,83.33,3989.40,0
36114,90.91,3990.86,0
36125,90.91,3994.76,0
36136,90.91,3991.92,0
36149,76.92,3997.24,0
36160,90.91,4002.10,0
36171,90.91,4004.40,0
36183,83.33,4000.81,0
36194,90.91,3995.89,0
36205,90.91,3991.07,0
36217,90.91,3992.13,0
36229,76.92,3997.33,0
36240,90.91,3997.84,0
36251,90.91,3999.16,0
36262,90.91,3997.93,0
36274,83.33,3996.74,0
36285,90.91,3995.02,0
36297,83.33,3989.07,0
36308,90.91,3989.03,0
36320,83.33,3994.63,0
36331,90.91,3999.86,0
36342,90.91,3999.75,0
36354,83.33,3993.42,0
36365,90.91,3991.20,0
36377,83.33,3990.28,0
36388,90.91,3990.82,0
36400,83.33,3990.92,0
36411,90.91,3995.61,0
36422,90.91,4003.50,0
36433,90.91,4005.13,0
36446,83.33,3996.33,0
36457,83.33,3989.31,0
36468,90.91,3989.59,0
36480,83.33,3992.04,0
36491,90.91,3997.13,0
36502,90.91,3997.82,0
36513,90.91,3996.69,0
36526,76.92,3994.47,0
36537,90.91,3994.75,0
36548,90.91,3993.42,0
36559,90.91,3991.63,0
36571,83.33,3994.20,0
36582,90.91,3994.54,0
36594,90.91,3998.18,0
36605,83.33,4001.26,0
36617,83.33,3996.91,0
36628,90.91,3994.06,0
36639,90.91,3992.25,0
36651,83.33,3992.43,0
36662,90.91,3989.90,0
36674,83.33,3990.33,0
36685,90.91,3994.48,0
36697,83.33,3999.71,0
36708,90.91,3998.88,0
36719,90.91,3991.83,0
36730,90.91,3989.04,0
36742,83.33,3989.22,0
36754,83.33,3995.84,0
36765,90.91,3997.30,0
36776,90.91,3992.97,0
36788,83.33,3991.12,0
36799,90.91,3994.73,0
36810,90.91,3997.28,0
36823,83.33,3992.16,0
36834,83.33,3986.84,0
36845,90.91,3993.89,0
36856,90.91,4000.10,0
36868,83.33,4001.38,0
36879,90.91,3998.8