66,15.15,-184.50,0
77,90.91,-181.06,0
89,83.33,-177.61,0
100,90.91,-177.51,0
111,90.91,-181.11,0
123,83.33,-184.35,0
135,83.33,-183.93,0
146,90.91,-180.41,0
157,90.91,-176.40,0
168,90.91,-176.61,0
180,83.33,-180.12,0
192,83.33,-183.85,0
203,90.91,-184.64,0
215,83.33,-180.94,0
226,90.91,-176.78,0
237,90.91,-175.86,0
248,90.91,-180.17,0
261,76.92,-184.07,0
272,90.91,-184.33,0
283,90.91,-181.20,0
294,90.91,-177.66,0
306,83.33,-177.03,0
317,90.91,-179.71,0
329,90.91,-183.58,0
340,90.91,-184.55,0
352,83.33,-180.86,0
363,90.91,-177.62,0
374,90.91,-176.50,0
386,83.33,-179.96,0
398,90.91,-183.86,0
409,83.33,-185.13,0
420,90.91,-182.31,0
432,83.33,-177.86,0
443,90.91,-176.89,0
454,90.91,-179.76,0
466,90.91,-184.06,0
478,76.92,-185.30,0
489,90.91,-182.36,0
500,90.91,-178.18,0
512,83.33,-176.40,0
523,90.91,-178.47,0
535,90.91,-182.72,0
546,83.33,-185.16,0
558,83.33,-182.84,0
569,90.91,-178.40,0
580,90.91,-176.38,0
591,90.91,-179.11,0
604,83.33,-183.37,0
615,83.33,-185.37,0
626,90.91,-183.43,0
637,90.91,-178.99,0
649,83.33,-176.69,0
660,90.91,-179.39,0
672,90.91,-182.88,0
684,76.92,-185.15,0
695,90.91,-182.89,0
706,90.91,-179.47,0
717,90.91,-176.03,0
729,83.33,-178.35,0
741,90.91,-182.55,0
752,83.33,-185.15,0
763,90.91,-183.24,0
775,83.33,-179.44,0
786,90.91,-176.84,0
797,90.91,-177.92,0
809,90.91,-182.23,0
821,76.92,-184.51,0
832,90.91,-183.20,0
843,90.91,-179.07,0
855,83.33,-175.92,0
866,90.91,-177.49,0
878,90.91,-181.87,0
889,83.33,-184.99,0
901,83.33,-183.76,0
912,90.91,-180.38,0
923,90.91,-176.72,0
934,90.91,-177.97,0
947,83.33,-182.11,0
958,83.33,-185.34,0
969,90.91,-184.35,0
980,90.91,-180.36,0
992,83.33,-177.09,0
1003,90.91,-177.83,0
1015,90.91,-181.60,0
1027,76.92,-185.44,0
1038,90.91,-184.11,0
1049,90.91,-179.50,0
1060,90.91,-176.00,0
1072,83.33,-177.11,0
1084,90.91,-181.61,0
1095,83.33,-184.60,0
1106,90.91,-184.14,0
1118,83.33,-180.12,0
1129,90.91,-176.97,0
1140,90.91,-177.14,0
1152,83.33,-181.16,0
1164,83.33,-184.77,0
1175,90.91,-185.07,0
1186,90.91,-181.44,0
1198,83.33,-177.76,0
1209,90.91,-177.68,0
1220,90.91,-180.76,0
1232,83.33,-184.49,0
1244,83.33,-184.43,0
1255,90.91,-181.03,0
1266,90.91,-176.84,0
1277,90.91,-176.56,0
1289,83.33,-180.42,0
1301,83.33,-184.24,0
1312,90.91,-184.01,0
1324,83.33,-181.41,0
1335,90.91,-177.87,0
1346,90.91,-176.71,0
1357,90.91,-180.41,0
1370,76.92,-184.48,0
1381,90.91,-184.84,0
1392,90.91,-181.89,0
1403,90.91,-178.00,0
1415,83.33,-177.21,0
1426,90.91,-179.76,0
1438,83.33,-183.09,0
1449,90.91,-184.58,0
1461,83.33,-181.48,0
1472,90.91,-177.27,0
1483,90.91,-177.32,0
1495,83.33,-180.21,0
1507,83.33,-183.63,0
1518,90.91,-183.98,0
1529,90.91,-181.05,0
1541,83.33,-176.78,0
1552,90.91,-176.05,0
1563,90.91,-179.60,0
1575,83.33,-183.64,0
1587,83.33,-185.75,0
1598,90.91,-183.63,0
1609,90.91,-178.68,0
1620,90.91,-176.39,0
1632,83.33,-178.69,0
1644,83.33,-183.09,0
1655,90.91,-184.39,0
1667,83.33,-181.71,0
1678,90.91,-177.49,0
1689,90.91,-175.90,0
1700,90.91,-178.03,0
1713,76.92,-182.45,0
1724,90.91,-185.29,0
1735,90.91,-182.95,0
1746,90.91,-178.98,0
1758,83.33,-176.76,0
1769,90.91,-179.57,0
1781,83.33,-183.30,0
1793,83.33,-185.77,0
1804,90.91,-183.89,0
1815,90.91,-179.51,0
1826,90.91,-176.98,0
1838,83.33,-178.42,0
1850,83.33,-182.49,0
1861,90.91,-184.60,0
1872,90.91,-182.56,0
1884,83.33,-178.99,0
1895,90.91,-175.86,0
1906,90.91,-177.45,0
1918,83.33,-181.85,0
1930,83.33,-185.00,0
1941,90.91,-183.89,0
1952,90.91,-179.49,0
1964,83.33,-176.89,0
1975,90.91,-178.28,0
1987,83.33,-182.48,0
1998,90.91,-185.32,0
2010,83.33,-184.15,0
2021,90.91,-180.76,0
2032,90.91,-177.47,0
2043,90.91,-177.71,0
2056,76.92,-180.90,0
2067,90.91,-183.97,0
2078,90.91,-182.78,0
2089,90.91,-179.59,0
2101,83.33,-177.19,0
2112,90.91,-178.22,0
2124,83.33,-181.93,0
2136,83.33,-183.33,0
2147,90.91,-181.98,0
2158,90.91,-178.20,0
2169,90.91,-177.88,0
2181,83.33,-180.27,0
2193,83.33,-184.49,0
2204,90.91,-186.58,0
2215,90.91,-183.92,0
2227,83.33,-177.59,0
2238,90.91,-174.44,0
2249,90.91,-177.86,0
2262,76.92,-182.16,0
2273,90.91,-185.23,0
2284,90.91,-185.73,0
2295,90.91,-182.00,0
2307,83.33,-176.34,0
2318,90.91,-175.07,0
2330,83.33,-179.29,0
2341,90.91,-183.38,0
2353,83.33,-183.54,0
2364,90.91,-180.87,0
2375,90.91,-179.25,0
2386,90.91,-179.67,0
2399,76.92,-181.04,0
2410,90.91,-182.96,0
2421,90.91,-184.18,0
2433,83.33,-181.43,0
2444,90.91,-176.74,0
2455,90.91,-176.45,0
2467,83.33,-181.21,0
2479,83.33,-184.62,0
2490,90.91,-184.82,0
2501,90.91,-180.79,0
2512,90.91,-177.32,0
2524,83.33,-175.87,0
2536,83.33,-178.27,0
2547,90.91,-182.38,0
2558,90.91,-184.97,0
2570,83.33,-182.50,0
2581,90.91,-178.32,0
2592,90.91,-177.89,0
2605,76.92,-180.46,0
2616,90.91,-182.91,0
2627,90.91,-183.78,0
2638,90.91,-181.94,0
2650,83.33,-178.60,0
2661,90.91,-175.58,0
2673,83.33,-178.51,0
2684,90.91,-183.88,0
2696,83.33,-185.23,0
2707,90.91,-181.73,0
2718,90.91,-177.08,0
2729,90.91,-176.36,0
2742,76.92,-178.80,0
2753,90.91,-181.64,0
2764,90.91,-183.73,0
2776,83.33,-183.25,0
2787,90.91,-180.24,0
2798,90.91,-177.15,0
2810,83.33,-178.90,0
2822,83.33,-182.41,0
2833,90.91,-183.58,0
2844,90.91,-181.30,0
2855,90.91,-178.43,0
2867,83.33,-177.13,0
2879,83.33,-179.34,0
2890,90.91,-182.38,0
2902,83.33,-184.70,0
2913,90.91,-183.42,0
2924,90.91,-178.74,0
2935,90.91,-176.09,0
2948,76.92,-179.06,0
2959,90.91,-183.01,0
2970,90.91,-185.06,0
2981,90.91,-183.39,0
2993,83.33,-180.12,0
3004,90.91,-177.99,0
3016,83.33,-178.34,0
3027,90.91,-182.31,0
3039,83.33,-185.51,0
3050,90.91,-183.61,0
3061,90.91,-178.70,0
3073,83.33,-176.66,0
3085,83.33,-178.99,0
3096,90.91,-182.45,0
3107,90.91,-184.72,0
3119,83.33,-183.61,0
3130,90.91,-179.70,0
3141,90.91,-177.20,0
3153,90.91,-177.61,0
3165,76.92,-182.36,0
3176,90.91,-186.23,0
3187,90.91,-183.75,0
3198,90.91,-179.55,0
3210,83.33,-177.14,0
3222,90.91,-177.89,0
3233,83.33,-181.16,0
3245,83.33,-183.42,0
3256,90.91,-184.50,0
3267,90.91,-181.89,0
3278,90.91,-177.13,0
3291,83.33,-177.67,0
3302,83.33,-181.74,0
3313,90.91,-184.83,0
3324,90.91,-183.97,0
3336,83.33,-180.59,0
3347,90.91,-177.66,0
3359,90.91,-177.89,0
3371,76.92,-181.14,0
3382,90.91,-185.08,0
3393,90.91,-185.72,0
3404,90.91,-181.42,0
3416,83.33,-177.53,0
3427,90.91,-177.49,0
3439,83.33,-180.62,0
3450,90.91,-183.97,0
3462,83.33,-184.32,0
3473,90.91,-181.46,0
3484,90.91,-177.67,0
3495,90.91,-176.68,0
3508,76.92,-179.35,0
3519,90.91,-182.57,0
3530,90.91,-183.58,0
3542,83.33,-180.15,0
3553,90.91,-177.51,0
3564,90.91,-177.10,0
3576,83.33,-179.76,0
3588,83.33,-183.65,0
3599,90.91,-184.34,0
3610,90.91,-181.67,0
3621,90.91,-177.76,0
3633,83.33,-177.26,0
3645,83.33,-179.33,0
3656,90.91,-183.59,0
3667,90.91,-184.82,0
3679,83.33,-180.89,0
3690,90.91,-177.09,0
3701,90.91,-176.29,0
3714,76.92,-178.84,0
3725,90.91,-182.53,0
3736,90.91,-184.05,0
3747,90.91,-182.60,0
3759,83.33,-178.10,0
3770,90.91,-175.76,0
3782,83.33,-179.01,0
3793,90.91,-183.69,0
3805,83.33,-185.53,0
3816,90.91,-182.29,0
3827,90.91,-178.62,0
3838,90.91,-177.66,0
3851,76.92,-179.77,0
3862,90.91,-183.21,0
3873,90.91,-185.56,0
3885,83.33,-183.51,0
3896,90.91,-178.88,0
3907,90.91,-176.19,0
3919,83.33,-178.71,0
3931,83.33,-183.13,0
3942,90.91,-184.65,0
3953,90.91,-182.72,0
3964,90.91,-179.04,0
3976,83.33,-176.39,0
3988,83.33,-178.21,0
3999,90.91,-182.95,0
4011,83.33,-185.82,0
4022,90.91,-183.48,0
4033,90.91,-179.34,0
4044,90.91,-177.05,0
4057,76.92,-178.63,0
4068,90.91,-182.95,0
4079,90.91,-184.76,0
4090,90.91,-184.14,0
4102,83.33,-179.90,0
4113,90.91,-176.15,0
4125,83.33,-177.75,0
4136,90.91,-182.00,0
4148,83.33,-184.35,0
4159,90.91,-182.45,0
4170,90.91,-178.66,0
4182,83.33,-177.11,0
4194,83.33,-177.89,0
4205,90.91,-181.39,0
4216,90.91,-184.90,0
4228,83.33,-184.30,0
4239,90.91,-180.13,0
4250,90.91,-177.11,0
4262,83.33,-178.62,0
4274,83.33,-182.85,0
4285,90.91,-184.94,0
4296,90.91,-183.48,0
4307,90.91,-179.92,0
4319,83.33,-176.61,0
4331,83.33,-177.41,0
4342,90.91,-180.71,0
4354,83.33,-184.67,0
4365,90.91,-184.09,0
4376,90.91,-180.27,0
4387,90.91,-176.56,0
4400,76.92,-177.09,0
4411,90.91,-181.42,0
4422,90.91,-185.03,0
4433,90.91,-184.48,0
4445,83.33,-180.69,0
4456,90.91,-177.72,0
4468,83.33,-177.60,0
4480,83.33,-181.17,0
4491,90.91,-184.77,0
4502,90.91,-185.27,0
4513,90.91,-180.81,0
4525,83.33,-176.73,0
4537,83.33,-175.97,0
4548,90.91,-180.16,0
4559,90.91,-184.08,0
4571,83.33,-184.18,0
4582,90.91,-181.13,0
4593,90.91,-177.19,0
4605,83.33,-176.81,0
4617,83.33,-180.26,0
4628,90.91,-184.55,0
4639,90.91,-185.06,0
4651,83.33,-181.16,0
4662,90.91,-177.70,0
4674,83.33,-177.40,0
4685,90.91,-180.64,0
4697,83.33,-184.24,0
4708,90.91,-185.50,0
4719,90.91,-181.97,0
4730,90.91,-177.56,0
4743,76.92,-176.44,0
4754,90.91,-179.54,0
4765,90.91,-184.33,0
4776,90.91,-185.00,0
4788,83.33,-181.55,0
4799,90.91,-177.52,0
4811,83.33,-176.21,0
4823,83.33,-179.24,0
4834,90.91,-183.41,0
4845,90.91,-185.64,0
4856,90.91,-182.52,0
4868,83.33,-178.83,0
4880,83.33,-176.79,0
4891,90.91,-180.07,0
4902,90.91,-184.14,0
4914,83.33,-185.25,0
4925,90.91,-182.62,0
4936,90.91,-178.10,0
4948,83.33,-176.44,0
4960,83.33,-178.91,0
4971,90.91,-182.99,0
4982,90.91,-184.84,0
4994,83.33,-181.68,0
5005,90.91,-177.36,0
5017,90.91,-176.31,0
5028,83.33,-178.94,0
5040,83.33,-182.62,0
5051,90.91,-185.14,0
5062,90.91,-183.82,0
5073,90.91,-179.29,0
5086,83.33,-176.99,0
5097,83.33,-178.88,0
5108,90.91,-183.20,0
5120,83.33,-185.73,0
5131,90.91,-184.07,0
5142,90.91,-179.41,0
5154,90.91,-176.49,0
5166,76.92,-178.40,0
5177,90.91,-182.14,0
5188,90.91,-185.01,0
5199,90.91,-183.58,0
5211,83.33,-178.77,0
5223,90.91,-175.76,0
5234,83.33,-177.20,0
5245,90.91,-181.82,0
5257,83.33,-184.82,0
5268,90.91,-183.02,0
5279,90.91,-179.42,0
5292,83.33,-176.77,0
5303,83.33,-178.25,0
5314,90.91,-181.69,0
5325,90.91,-185.09,0
5337,83.33,-184.80,0
5348,90.91,-181.47,0
5359,90.91,-177.90,0
5371,83.33,-178.09,0
5383,83.33,-182.07,0
5394,90.91,-184.92,0
5405,90.91,-184.52,0
5416,90.91,-180.15,0
5428,83.33,-176.63,0
5440,83.33,-177.22,0
5451,90.91,-180.60,0
5463,83.33,-184.56,0
5474,90.91,-184.48,0
5485,90.91,-181.04,0
5496,90.91,-176.72,0
5509,76.92,-176.97,0
5520,90.91,-180.97,0
5531,90.91,-184.54,0
5542,90.91,-184.76,0
5554,83.33,-181.40,0
5565,90.91,-177.80,0
5577,83.33,-177.79,0
5588,90.91,-181.57,0
5600,83.33,-184.97,0
5611,90.91,-184.77,0
5622,90.91,-181.06,0
5634,83.33,-176.46,0
5646,83.33,-176.30,0
5657,90.91,-180.36,0
5668,90.91,-184.27,0
5680,83.33,-185.01,0
5691,90.91,-181.58,0
5702,90.91,-177.53,0
5714,83.33,-177.10,0
5726,83.33,-180.40,0
5737,90.91,-184.59,0
5748,90.91,-185.41,0
5760,83.33,-182.06,0
5771,90.91,-178.48,0
5783,83.33,-178.41,0
5794,90.91,-180.41,0
5806,83.33,-183.89,0
5817,90.91,-184.94,0
5828,90.91,-182.45,0
5839,90.91,-177.99,0
5852,76.92,-176.39,0
5863,90.91,-179.64,0
5874,90.91,-183.51,0
5885,90.91,-184.63,0
5897,83.33,-181.91,0
5908,90.91,-178.25,0
5920,83.33,-177.03,0
5932,83.33,-179.28,0
5943,90.91,-183.95,0
5954,90.91,-186.21,0
5965,90.91,-184.46,0
5977,83.33,-179.41,0
5989,83.33,-177.13,0
6000,90.91,-179.03,0
6011,90.91,-182.66,0
6023,83.33,-184.79,0
6034,90.91,-182.90,0
6045,90.91,-179.46,0
6057,83.33,-176.65,0
6069,83.33,-178.38,0
6080,90.91,-182.06,0
6091,90.91,-183.86,0
6103,83.33,-182.75,0
6114,90.91,-178.76,0
6126,83.33,-176.52,0
6137,90.91,-179.00,0
6149,83.33,-182.51,0
6160,90.91,-185.98,0
6171,90.91,-184.43,0
6182,90.91,-180.12,0
6195,76.92,-176.71,0
6206,90.91,-178.56,0
6217,90.91,-182.15,0
6228,90.91,-184.95,0
6240,83.33,-183.79,0
6251,90.91,-179.40,0
6263,83.33,-176.21,0
6275,83.33,-177.39,0
6286,90.91,-180.74,0
6297,90.91,-182.79,0
6308,90.91,-182.63,0
6320,83.33,-178.90,0
6332,83.33,-176.23,0
6343,90.91,-177.49,0
6354,90.91,-181.76,0
6366,83.33,-185.42,0
6377,90.91,-184.97,0
6388,90.91,-181.37,0
6401,76.92,-178.14,0
6412,90.91,-178.40,0
6423,90.91,-181.78,0
6434,90.91,-184.79,0
6446,83.33,-184.53,0
6457,90.91,-180.78,0
6469,83.33,-177.13,0
6480,90.91,-177.38,0
6492,83.33,-180.77,0
6503,90.91,-183.42,0
6514,90.91,-183.56,0
6525,90.91,-180.54,0
6538,76.92,-176.62,0
6549,90.91,-176.48,0
6560,90.91,-181.43,0
6572,83.33,-185.49,0
6583,90.91,-185.70,0
6594,90.91,-182.09,0
6606,83.33,-178.71,0
6618,83.33,-178.29,0
6629,90.91,-181.76,0
6640,90.91,-184.74,0
6651,90.91,-185.37,0
6663,83.33,-181.35,0
6675,90.91,-176.97,0
6686,83.33,-176.50,0
6697,90.91,-179.30,0
6709,83.33,-182.92,0
6720,90.91,-183.44,0
6731,90.91,-181.37,0
6744,83.33,-177.36,0
6755,83.33,-176.37,0
6766,90.91,-179.76,0
6777,90.91,-184.16,0
6789,83.33,-185.89,0
6800,90.91,-183.54,0
6812,90.91,-178.62,0
6823,83.33,-177.56,0
6835,83.33,-180.81,0
6846,90.91,-184.13,0
6857,90.91,-185.32,0
6868,90.91,-183.09,0
6881,83.33,-177.81,0
6892,83.33,-176.00,0
6903,90.91,-178.84,0
6915,83.33,-182.43,0
6926,90.91,-183.70,0
6937,90.91,-181.31,0
6949,90.91,-177.36,0
6961,76.92,-175.33,0
6972,90.91,-178.56,0
6983,90.91,-183.54,0
6994,90.91,-185.95,0
7006,83.33,-183.62,0
7018,90.91,-180.12,0
7029,83.33,-177.57,0
7041,83.33,-179.65,0
7052,90.91,-183.87,0
7063,90.91,-185.49,0
7074,90.91,-183.44,0
7086,83.33,-178.90,0
7098,83.33,-176.19,0
7109,90.91,-177.17,0
7120,90.91,-181.12,0
7132,83.33,-183.53,0
7143,90.91,-181.72,0
7154,90.91,-178.95,0
7166,83.33,-175.53,0
7178,83.33,-177.39,0
7189,90.91,-182.34,0
7200,90.91,-185.42,0
7212,83.33,-184.20,0
7223,90.91,-180.15,0
7235,83.33,-177.18,0
7246,90.91,-178.35,0
7258,83.33,-182.66,0
7269,90.91,-185.61,0
7280,90.91,-183.36,0
7291,90.91,-179.20,0
7304,76.92,-175.87,0
7315,90.91,-176.76,0
7326,90.91,-180.87,0
7337,90.91,-183.78,0
7349,83.33,-182.64,0
7360,90.91,-178.55,0
7372,83.33,-175.39,0
7384,83.33,-176.13,0
7395,90.91,-180.84,0
7406,90.91,-184.39,0
7417,90.91,-184.52,0
7429,83.33,-181.13,0
7441,83.33,-178.58,0
7452,90.91,-178.50,0
7463,90.91,-181.91,0
7475,83.33,-185.24,0
7486,90.91,-185.29,0
7497,90.91,-181.24,0
7510,76.92,-177.45,0
7521,90.91,-177.91,0
7532,90.91,-180.54,0
7543,90.91,-183.54,0
7555,83.33,-183.86,0
7566,90.91,-180.03,0
7578,83.33,-176.30,0
7589,90.91,-176.80,0
7601,83.33,-180.31,0
7612,90.91,-183.91,0
7623,90.91,-184.53,0
7634,90.91,-180.94,0
7647,76.92,-177.64,0
7658,90.91,-177.16,0
7669,90.91,-180.15,0
7681,83.33,-184.56,0
7692,90.91,-185.41,0
7703,90.91,-181.36,0
7715,83.33,-177.10,0
7727,83.33,-176.34,0
7738,90.91,-180.00,0
7749,90.91,-183.70,0
7760,90.91,-185.16,0
7772,83.33,-181.57,0
7784,83.33,-177.14,0
7795,90.91,-175.88,0
7806,90.91,-179.73,0
7818,83.33,-183.91,0
7829,90.91,-185.05,0
7840,90.91,-182.22,0
7853,76.92,-178.53,0
7864,90.91,-177.34,0
7875,90.91,-179.63,0
7886,90.91,-183.61,0
7898,83.33,-185.59,0
7909,90.91,-182.76,0
7921,83.33,-178.00,0
7932,90.91,-175.96,0
7944,83.33,-179.55,0
7955,90.91,-183.14,0
7966,90.91,-184.58,0
7977,90.91,-183.15,0
7990,76.92,-178.74,0
8001,90.91,-176.61,0
8012,90.91,-179.16,0
8024,83.33,-183.95,0
8035,90.91,-185.96,0
8046,90.91,-183.52,0
8058,83.33,-179.64,0
8070,83.33,-177.18,0
8081,90.91,-178.99,0
8092,90.91,-182.93,0
8103,90.91,-185.09,0
8115,83.33,-183.70,0
8127,83.33,-178.71,0
8138,90.91,-176.32,0
8150,83.33,-178.18,0
8161,90.91,-182.67,0
8172,90.91,-184.33,0
8183,90.91,-182.81,0
8196,76.92,-179.22,0
8207,90.91,-176.27,0
8218,90.91,-177.81,0
8229,90.91,-182.19,0
8241,83.33,-185.71,0
8252,90.91,-184.62,0
8264,83.33,-180.85,0
8275,90.91,-177.83,0
8287,83.33,-178.57,0
8298,90.91,-181.62,0
8309,90.91,-184.70,0
8321,83.33,-183.91,0
8333,83.33,-179.75,0
8344,90.91,-176.57,0
8355,90.91,-177.58,0
8367,83.33,-181.71,0
8378,90.91,-184.18,0
8389,90.91,-183.04,0
8401,83.33,-180.10,0
8413,83.33,-176.88,0
8424,90.91,-176.63,0
8435,90.91,-181.28,0
8446,90.91,-184.84,0
8458,83.33,-184.19,0
8470,83.33,-180.77,0
8481,90.91,-177.92,0
8493,83.33,-178.43,0
8504,90.91,-181.57,0
8515,90.91,-184.78,0
8526,90.91,-184.87,0
8539,76.92,-181.65,0
8550,90.91,-178.06,0
8561,90.91,-178.38,0
8572,90.91,-181.38,0
8584,83.33,-185.43,0
8595,90.91,-185.29,0
8607,90.91,-181.48,0
8619,83.33,-177.87,0
8630,90.91,-177.82,0
8641,90.91,-181.37,0
8652,90.91,-185.27,0
8664,83.33,-185.67,0
8676,90.91,-182.37,0
8687,83.33,-177.67,0
8698,90.91,-176.74,0
8710,83.33,-180.28,0
8721,90.91,-183.67,0
8732,90.91,-185.04,0
8744,90.91,-181.81,0
8756,76.92,-177.51,0
8767,90.91,-176.30,0
8778,90.91,-179.26,0
8790,83.33,-183.34,0
8801,90.91,-184.22,0
8813,90.91,-181.62,0
8824,83.33,-177.20,0
8836,83.33,-176.47,0
8847,90.91,-179.82,0
8858,90.91,-183.87,0
8869,90.91,-185.06,0
8882,83.33,-182.58,0
8893,83.33,-178.55,0
8904,90.91,-177.05,0
8915,90.91,-179.47,0
8927,83.33,-183.89,0
8938,90.91,-184.99,0
8949,90.91,-182.83,0
8962,76.92,-178.76,0
8973,90.91,-176.54,0
8984,90.91,-178.66,0
8995,90.91,-182.94,0
9007,83.33,-184.69,0
9018,90.91,-182.31,0
9030,83.33,-178.36,0
9041,90.91,-177.09,0
9053,83.33,-178.99,0
9064,90.91,-182.95,0
9075,90.91,-184.79,0
9086,90.91,-182.66,0
9099,76.92,-178.73,0
9110,90.91,-176.62,0
9121,90.91,-178.18,0
9133,83.33,-182.67,0
9144,90.91,-185.02,0
9155,90.91,-183.77,0
9167,83.33,-179.61,0
9179,83.33,-176.15,0
9190,90.91,-178.24,0
9201,90.91,-182.58,0
9212,90.91,-185.31,0
9224,83.33,-183.55,0
9236,83.33,-179.44,0
9247,90.91,-176.97,0
9259,83.33,-178.17,0
9270,90.91,-182.49,0
9281,90.91,-184.98,0
9292,90.91,-183.38,0
9305,76.92,-179.78,0
9316,90.91,-176.82,0
9327,90.91,-178.18,0
9338,90.91,-182.11,0
9350,83.33,-185.60,0
9361,90.91,-184.69,0
9373,83.33,-180.49,0
9384,90.91,-176.84,0
9396,83.33,-177.69,0
9407,90.91,-181.89,0
9418,90.91,-185.01,0
9430,83.33,-184.74,0
9442,83.33,-180.81,0
9453,90.91,-178.10,0
9464,90.91,-177.77,0
9476,83.33,-181.21,0
9487,90.91,-184.70,0
9498,90.91,-184.32,0
9510,83.33,-181.01,0
9522,83.33,-178.12,0
9533,90.91,-178.02,0
9544,90.91,-181.24,0
9555,90.91,-184.41,0
9567,83.33,-185.21,0
9579,83.33,-181.34,0
9590,90.91,-177.07,0
9602,83.33,-177.02,0
9613,90.91,-180.16,0
9624,90.91,-183.40,0
9635,90.91,-183.61,0
9648,76.92,-180.94,0
9659,90.91,-177.30,0
9670,90.91,-177.32,0
9681,90.91,-180.62,0
9693,83.33,-183.64,0
9704,90.91,-184.16,0
9716,83.33,-181.33,0
9728,83.33,-177.40,0
9739,90.91,-176.62,0
9750,90.91,-180.41,0
9761,90.91,-184.28,0
9773,83.33,-184.86,0
9785,83.33,-181.06,0
9796,90.91,-176.94,0
9807,90.91,-175.86,0
9819,83.33,-179.15,0
9830,90.91,-183.42,0
9841,90.91,-183.71,0
9853,83.33,-181.76,0
9865,83.33,-178.18,0
9876,90.91,-176.41,0
9887,90.91,-179.77,0
9899,83.33,-183.61,0
9910,90.91,-184.81,0
9922,83.33,-182.37,0
9933,90.91,-178.70,0
9945,83.33,-177.90,0
9956,90.91,-181.34,0
9967,90.91,-184.96,0
9978,90.91,-185.51,0
9991,76.92,-183.02,0
10002,90.91,-178.48,0
10013,90.91,-176.90,0
10024,90.91,-179.56,0
10036,83.33,-183.73,0
10047,90.91,-185.33,0
10059,90.91,-182.54,0
10071,76.92,-179.00,0
10082,90.91,-177.68,0
10093,90.91,-179.77,0
10104,90.91,-183.36,0
10116,83.33,-185.17,0
10128,90.91,-183.17,0
10139,83.33,-178.95,0
10150,90.91,-177.86,0
10162,83.33,-179.38,0
10173,90.91,-183.29,0
10184,90.91,-185.31,0
10196,90.91,-183.22,0
10208,76.92,-178.95,0
10219,90.91,-176.38,0
10230,90.91,-178.37,0
10242,83.33,-183.06,0
10253,90.91,-185.69,0
10265,90.91,-184.05,0
10276,83.33,-179.71,0
10288,83.33,-177.25,0
10299,90.91,-178.46,0
10310,90.91,-182.42,0
10321,90.91,-184.87,0
10334,83.33,-184.05,0
10345,83.33,-180.82,0
10356,90.91,-177.53,0
10368,83.33,-178.57,0
10379,90.91,-183.12,0
10390,90.91,-185.16,0
10401,90.91,-184.11,0
10414,76.92,-180.06,0
10425,90.91,-177.41,0
10436,90.91,-178.75,0
10447,90.91,-182.70,0
10459,83.33,-184.92,0
10470,90.91,-184.44,0
10482,83.33,-180.46,0
10493,90.91,-177.01,0
10505,83.33,-177.36,0
10516,90.91,-181.02,0
10527,90.91,-184.24,0
10539,83.33,-184.22,0
10551,83.33,-180.38,0
10562,90.91,-176.42,0
10573,90.91,-176.96,0
10585,83.33,-181.12,0
10596,90.91,-184.66,0
10607,90.91,-184.54,0
10619,83.33,-180.88,0
10631,83.33,-177.25,0
10642,90.91,-177.51,0
10653,90.91,-180.96,0
10664,90.91,-184.27,0
10676,83.33,-183.87,0
10688,83.33,-180.89,0
10699,90.91,-177.04,0
10711,83.33,-176.88,0
10722,90.91,-179.99,0
10733,90.91,-183.88,0
10744,90.91,-184.92,0
10757,76.92,-180.95,0
10768,90.91,-177.34,0
10779,90.91,-177.18,0
10790,90.91,-180.14,0
10802,83.33,-183.66,0
10813,90.91,-184.40,0
10825,83.33,-181.73,0
10836,90.91,-177.88,0
10848,83.33,-177.13,0
10859,90.91,-181.29,0
10870,90.91,-185.24,0
10882,83.33,-185.33,0
10894,83.33,-182.07,0
10905,90.91,-177.53,0
10916,90.91,-176.56,0
10928,83.33,-179.94,0
10939,90.91,-183.61,0
10950,90.91,-184.93,0
10962,83.33,-182.23,0
10974,83.33,-177.41,0
10985,90.91,-175.68,0
10996,90.91,-179.21,0
11008,83.33,-183.84,0
11019,90.91,-185.00,0
11031,83.33,-182.48,0
11042,90.91,-178.83,0
11054,83.33,-176.61,0
11065,90.91,-179.12,0
11076,90.91,-182.77,0
11087,90.91,-184.50,0
11100,76.92,-181.97,0
11111,90.91,-178.09,0
11122,90.91,-176.49,0
11133,90.91,-179.23,0
11145,83.33,-182.90,0
11156,90.91,-184.68,0
11168,83.33,-182.45,0
11180,83.33,-178.46,0
11191,90.91,-176.01,0
11202,90.91,-178.20,0
11213,90.91,-182.73,0
11225,83.33,-185.08,0
11237,90.91,-183.69,0
11248,83.33,-179.83,0
11259,90.91,-177.06,0
11271,83.33,-178.63,0
11282,90.91,-182.87,0
11293,90.91,-185.36,0
11305,90.91,-183.14,0
11317,76.92,-179.00,0
11328,90.91,-176.26,0
11339,90.91,-177.82,0
11351,83.33,-183.08,0
11362,90.91,-184.74,0
11374,90.91,-182.75,0
11385,83.33,-178.91,0
11397,83.33,-175.74,0
11408,90.91,-177.62,0
11419,90.91,-182.37,0
11430,90.91,-184.93,0
11443,83.33,-183.98,0
11454,83.33,-180.70,0
11465,90.91,-177.70,0
11476,90.91,-178.48,0
11488,83.33,-181.77,0
11499,90.91,-185.14,0
11510,90.91,-185.03,0
11523,76.92,-180.80,0
11534,90.91,-177.65,0
11545,90.91,-177.95,0
11556,90.91,-181.68,0
11568,83.33,-184.60,0
11579,90.91,-184.12,0
11591,83.33,-180.72,0
11602,90.91,-176.91,0
11614,83.33,-177.15,0
11625,90.91,-180.64,0
11636,90.91,-184.42,0
11648,83.33,-184.20,0
11660,83.33,-180.47,0
11671,90.91,-177.22,0
11682,90.91,-177.79,0
11694,83.33,-181.08,0
11705,90.91,-184.67,0
11716,90.91,-184.83,0
11728,83.33,-180.57,0
11740,83.33,-176.27,0
11751,90.91,-176.68,0
11762,90.91,-180.58,0
11773,90.91,-184.01,0
11785,83.33,-184.01,0
11797,83.33,-180.72,0
11808,90.91,-176.57,0
11820,83.33,-175.78,0
11831,90.91,-179.33,0
11842,90.91,-184.07,0
11853,90.91,-185.17,0
11866,76.92,-181.13,0
11877,90.91,-177.49,0
11888,90.91,-177.69,0
11899,90.91,-180.79,0
11911,83.33,-184.61,0
11922,90.91,-185.51,0
11934,83.33,-182.37,0
11945,90.91,-177.78,0
11957,83.33,-176.92,0
11968,90.91,-180.11,0
11979,90.91,-184.39,0
11991,83.33,-185.20,0
12003,83.33,-181.94,0
12014,90.91,-177.47,0
12025,90.91,-175.66,0
12037,83.33,-179.75,0
12048,90.91,-183.54,0
12059,90.91,-185.23,0
12071,83.33,-182.27,0
12083,83.33,-177.89,0
12094,90.91,-176.71,0
12105,90.91,-179.23,0
12116,90.91,-183.89,0
12128,83.33,-186.19,0
12140,83.33,-183.91,0
12151,90.91,-179.23,0
12163,83.33,-177.31,0
12174,90.91,-179.64,0
12185,90.91,-183.51,0
12196,90.91,-184.70,0
12209,76.92,-181.90,0
12220,90.91,-178.45,0
12231,90.91,-176.44,0
12242,90.91,-178.55,0
12254,83.33,-182.28,0
12265,90.91,-184.39,0
12277,83.33,-182.30,0
12289,83.33,-177.87,0
12300,90.91,-176.23,0
12311,90.91,-179.26,0
12322,90.91,-183.05,0
12334,83.33,-185.03,0
12346,83.33,-183.17,0
12357,90.91,-179.21,0
12368,90.91,-176.65,0
12380,83.33,-178.03,0
12391,90.91,-182.37,0
12402,90.91,-184.57,0
12414,83.33,-183.64,0
12426,83.33,-179.72,0
12437,90.91,-176.60,0
12448,90.91,-177.25,0
12460,83.33,-181.42,0
12471,90.91,-184.65,0
12483,83.33,-183.04,0
12494,90.91,-178.99,0
12506,83.33,-176.44,0
12517,90.91,-178.41,0
12528,90.91,-183.03,0
12539,90.91,-185.77,0
12552,76.92,-184.16,0
12563,90.91,-180.21,0
12574,90.91,-177.77,0
12585,90.91,-178.51,0
12597,83.33,-182.31,0
12608,90.91,-184.66,0
12620,83.33,-183.24,0
12632,83.33,-179.59,0
12643,90.91,-176.73,0
12654,90.91,-177.40,0
12665,90.91,-180.44,0
12677,83.33,-183.86,0
12689,83.33,-183.12,0
12700,90.91,-179.65,0
12711,90.91,-176.24,0
12723,83.33,-177.13,0
12734,90.91,-181.48,0
12745,90.91,-185.59,0
12758,76.92,-185.76,0
12769,90.91,-182.18,0
12780,90.91,-178.28,0
12791,90.91,-177.41,0
12803,83.33,-181.08,0
12814,90.91,-184.69,0
12826,90.91,-185.39,0
12837,83.33,-181.87,0
12849,83.33,-177.77,0
12860,90.91,-176.51,0
12871,90.91,-179.42,0
12882,90.91,-182.84,0
12895,83.33,-183.35,0
12906,83.33,-180.01,0
12917,90.91,-176.76,0
12929,83.33,-176.77,0
12940,90.91,-181.18,0
12951,90.91,-184.93,0
12963,90.91,-185.61,0
12975,76.92,-182.42,0
12986,90.91,-178.01,0
12997,90.91,-177.61,0
13008,90.91,-180.84,0
13020,83.33,-184.41,0
13032,90.91,-185.70,0
13043,83.33,-182.68,0
13054,90.91,-177.71,0
13066,83.33,-175.73,0
13077,90.91,-178.21,0
13088,90.91,-182.58,0
13101,83.33,-184.16,0
13112,83.33,-181.53,0
13123,90.91,-177.44,0
13134,90.91,-176.81,0
13146,83.33,-179.52,0
13157,90.91,-183.92,0
13168,90.91,-186.12,0
13180,83.33,-183.27,0
13192,83.33,-179.09,0
13203,90.91,-177.36,0
13214,90.91,-179.54,0
13225,90.91,-183.72,0
13237,83.33,-185.69,0
13249,83.33,-182.75,0
13260,90.91,-178.32,0
13272,83.33,-176.13,0
13283,90.91,-178.71,0
13294,90.91,-182.68,0
13305,90.91,-183.99,0
13318,76.92,-182.11,0
13329,90.91,-177.81,0
13340,90.91,-176.15,0
13351,90.91,-178.69,0
13363,83.33,-182.93,0
13374,90.91,-185.51,0
13386,83.33,-183.52,0
13398,83.33,-179.52,0
13409,90.91,-177.51,0
13420,90.91,-179.33,0
13431,90.91,-183.03,0
13443,83.33,-185.42,0
13455,83.33,-183.54,0
13466,90.91,-179.14,0
13477,90.91,-176.20,0
13489,83.33,-177.79,0
13500,90.91,-181.38,0
13511,90.91,-183.96,0
13523,83.33,-182.80,0
13535,83.33,-179.31,0
13546,90.91,-176.16,0
13557,90.91,-177.59,0
13569,83.33,-182.13,0
13580,90.91,-185.37,0
13592,83.33,-184.70,0
13603,90.91,-180.22,0
13615,83.33,-177.11,0
13626,90.91,-178.75,0
13637,90.91,-181.81,0
13648,90.91,-184.55,0
13661,76.92,-183.87,0
13672,90.91,-179.78,0
13683,90.91,-176.39,0
13694,90.91,-176.81,0
13706,83.33,-180.87,0
13717,90.91,-184.16,0
13729,83.33,-182.96,0
13741,83.33,-179.42,0
13752,90.91,-176.19,0
13763,90.91,-177.12,0
13774,90.91,-181.12,0
13786,83.33,-185.17,0
13798,83.33,-184.95,0
13809,90.91,-181.15,0
13820,90.91,-177.37,0
13832,83.33,-177.83,0
13843,90.91,-181.59,0
13854,90.91,-185.00,0
13867,76.92,-184.74,0
13878,90.91,-181.63,0
13889,90.91,-177.62,0
13900,90.91,-176.98,0
13912,83.33,-180.49,0
13923,90.91,-184.03,0
13935,83.33,-184.19,0
13946,90.91,-180.99,0
13958,83.33,-176.67,0
13969,90.91,-176.77,0
13980,90.91,-180.50,0
13991,90.91,-184.27,0
14004,76.92,-185.40,0
14015,90.91,-182.23,0
14026,90.91,-178.86,0
14038,83.33,-178.19,0
14049,90.91,-181.18,0
14060,90.91,-184.38,0
14072,83.33,-184.50,0
14084,83.33,-181.61,0
14095,90.91,-177.59,0
14106,90.91,-176.46,0
14117,90.91,-179.72,0
14129,83.33,-183.55,0
14141,83.33,-184.32,0
14152,90.91,-180.91,0
14163,90.91,-176.43,0
14175,83.33,-176.25,0
14186,90.91,-179.85,0
14197,90.91,-184.02,0
14210,76.92,-185.22,0
14221,90.91,-182.46,0
14232,90.91,-179.05,0
14243,90.91,-177.91,0
14255,83.33,-180.78,0
14266,90.91,-184.07,0
14278,83.33,-185.30,0
14289,90.91,-182.59,0
14301,83.33,-177.80,0
14312,90.91,-176.24,0
14323,90.91,-179.13,0
14334,90.91,-183.04,0
14347,76.92,-184.51,0
14358,90.91,-182.22,0
14369,90.91,-178.33,0
14381,83.33,-175.82,0
14392,90.91,-178.23,0
14403,90.91,-183.14,0
14415,83.33,-184.98,0
14427,83.33,-182.80,0
14438,90.91,-178.86,0
14449,90.91,-176.91,0
14460,90.91,-179.33,0
14472,83.33,-183.38,0
14484,83.33,-185.71,0
14495,90.91,-183.58,0
14507,83.33,-179.07,0
14518,90.91,-176.09,0
14529,90.91,-178.40,0
14540,90.91,-182.05,0
14553,76.92,-183.91,0
14564,90.91,-182.77,0
14575,90.91,-178.23,0
14586,90.91,-175.68,0
14598,83.33,-177.56,0
14609,90.91,-182.09,0
14621,83.33,-185.15,0
14632,90.91,-184.29,0
14644,83.33,-180.06,0
14655,90.91,-177.59,0
14666,90.91,-178.74,0
14678,83.33,-183.04,0
14690,83.33,-185.89,0
14701,90.91,-184.31,0
14712,90.91,-180.51,0
14724,83.33,-176.74,0
14735,90.91,-178.35,0
14746,90.91,-182.35,0
14758,83.33,-184.84,0
14770,83.33,-183.52,0
14781,90.91,-179.28,0
14792,90.91,-176.71,0
14803,90.91,-177.39,0
14815,83.33,-182.39,0
14827,83.33,-185.29,0
14838,90.91,-184.32,0
14850,83.33,-180.21,0
14861,90.91,-177.41,0
14872,90.91,-178.09,0
14883,90.91,-182.10,0
14896,76.92,-186.21,0
14907,90.91,-184.68,0
14918,90.91,-180.16,0
14929,90.91,-176.35,0
14941,83.33,-176.64,0
14952,90.91,-180.65,0
14964,83.33,-183.43,0
14976,83.33,-182.82,0
14987,90.91,-179.79,0
14998,90.91,-176.13,0
15009,90.91,-176.50,0
15021,83.33,-181.10,0
15033,83.33,-185.53,0
15044,90.91,-184.82,0
15055,90.91,-180.90,0
15067,83.33,-178.08,0
15078,90.91,-177.73,0
15089,90.91,-181.22,0
15101,90.91,-184.79,0
15113,76.92,-185.54,0
15124,90.91,-182.02,0
15135,90.91,-177.78,0
15147,83.33,-176.72,0
15158,90.91,-179.77,0
15170,90.91,-183.05,0
15181,83.33,-183.53,0
15193,83.33,-180.26,0
15204,90.91,-176.97,0
15215,90.91,-177.15,0
15226,90.91,-180.41,0
15239,83.33,-184.07,0
15250,83.33,-184.94,0
15261,90.91,-181.89,0
15272,90.91,-178.16,0
15284,83.33,-177.20,0
15295,90.91,-180.69,0
15307,90.91,-184.45,0
15319,76.92,-185.03,0
15330,90.91,-182.26,0
15341,90.91,-178.03,0
15352,90.91,-176.26,0
15364,83.33,-178.87,0
15376,90.91,-182.46,0
15387,83.33,-184.25,0
15398,90.91,-182.16,0
15410,83.33,-177.61,0
15421,90.91,-176.19,0
15432,90.91,-179.64,0
15444,90.91,-183.46,0
15456,76.92,-184.89,0
15467,90.91,-182.59,0
15478,90.91,-178.39,0
15490,83.33,-176.36,0
15501,90.91,-178.88,0
15512,90.91,-183.52,0
15524,83.33,-185.28,0
15536,83.33,-183.06,0
15547,90.91,-178.20,0
15558,90.91,-175.86,0
15569,90.91,-178.51,0
15581,83.33,-182.47,0
15593,83.33,-183.90,0
15604,90.91,-181.84,0
15616,83.33,-178.13,0
15627,90.91,-176.67,0
15638,90.91,-178.64,0
15649,90.91,-182.71,0
15662,76.92,-184.59,0
15673,90.91,-183.05,0
15684,90.91,-179.46,0
15695,90.91,-176.92,0
15707,83.33,-178.69,0
15718,90.91,-182.93,0
15730,83.33,-185.16,0
15741,90.91,-183.55,0
15753,83.33,-179.21,0
15764,90.91,-176.03,0
15775,90.91,-177.22,0
15787,83.33,-181.63,0
15799,83.33,-184.28,0
15810,90.91,-182.81,0
15821,90.91,-179.29,0
15833,83.33,-176.72,0
15844,90.91,-178.18,0
15855,90.91,-181.93,0
15867,83.33,-184.94,0
15879,83.33,-184.10,0
15890,90.91,-180.45,0
15901,90.91,-177.45,0
15912,90.91,-178.83,0
15924,83.33,-182.56,0
15936,83.33,-185.12,0
15947,90.91,-184.04,0
15959,83.33,-179.86,0
15970,90.91,-176.51,0
15981,90.91,-178.00,0
15992,90.91,-181.79,0
16005,76.92,-184.76,0
16016,90.91,-184.03,0
16027,90.91,-180.20,0
16038,90.91,-177.12,0
16050,83.33,-177.93,0
16061,90.91,-182.05,0
16073,83.33,-185.56,0
16084,90.91,-185.16,0
16096,83.33,-181.53,0
16107,90.91,-177.71,0
16118,90.91,-177.76,0
16130,83.33,-181.64,0
16142,83.33,-184.62,0
16153,90.91,-184.35,0
16164,90.91,-180.53,0
16176,83.33,-176.96,0
16187,90.91,-176.92,0
16198,90.91,-180.71,0
16210,83.33,-184.46,0
16222,83.33,-184.25,0
16233,90.91,-180.36,0
16244,90.91,-176.80,0
16256,83.33,-176.71,0
16267,90.91,-180.35,0
16279,83.33,-184.46,0
16290,90.91,-184.64,0
16302,83.33,-181.65,0
16313,90.91,-177.99,0
16324,90.91,-177.14,0
16335,90.91,-180.35,0
16348,76.92,-183.83,0
16359,90.91,-184.21,0
16370,90.91,-181.42,0
16381,90.91,-177.40,0
16393,83.33,-176.65,0
16404,90.91,-180.03,0
16416,83.33,-183.66,0
16428,83.33,-184.74,0
16439,90.91,-181.56,0
16450,90.91,-177.81,0
16461,90.91,-177.11,0
16473,83.33,-180.25,0
16485,83.33,-183.79,0
16496,90.91,-184.88,0
16507,90.91,-181.96,0
16519,83.33,-178.00,0
16530,90.91,-177.12,0
16541,90.91,-180.52,0
16553,83.33,-183.35,0
16565,83.33,-184.39,0
16576,90.91,-181.45,0
16587,90.91,-177.31,0
16599,83.33,-175.69,0
16610,90.91,-178.78,0
16622,83.33,-183.43,0
16633,90.91,-184.60,0
16645,83.33,-181.94,0
16656,90.91,-178.27,0
16667,90.91,-177.04,0
16678,90.91,-179.81,0
16691,76.92,-183.78,0
16702,90.91,-185.36,0
16713,90.91,-183.09,0
16724,90.91,-178.57,0
16736,83.33,-176.28,0
16747,90.91,-178.94,0
16759,83.33,-182.87,0
16771,83.33,-184.57,0
16782,90.91,-182.28,0
16793,90.91,-178.06,0
16804,90.91,-175.86,0
16816,83.33,-177.91,0
16828,83.33,-181.89,0
16839,90.91,-184.66,0
16850,90.91,-183.56,0
16862,83.33,-179.12,0
16873,90.91,-176.57,0
16884,90.91,-178.92,0
16897,76.92,-182.92,0
16908,90.91,-185.71,0
16919,90.91,-183.87,0
16930,90.91,-179.71,0
16942,83.33,-176.87,0
16953,90.91,-178.25,0
16965,83.33,-182.31,0
16976,90.91,-184.83,0
16988,83.33,-182.77,0
16999,90.91,-178.58,0
17010,90.91,-175.96,0
17021,90.91,-177.74,0
17034,76.92,-180.77,0
17045,90.91,-183.41,0
17056,90.91,-182.56,0
17068,83.33,-179.41,0
17079,90.91,-176.70,0
17090,90.91,-177.98,0
17102,83.33,-182.28,0
17114,83.33,-185.26,0
17125,90.91,-184.18,0
17136,90.91,-179.86,0
17147,90.91,-176.60,0
17159,83.33,-177.76,0
17171,83.33,-181.64,0
17182,90.91,-184.90,0
17193,90.91,-183.47,0
17205,83.33,-179.49,0
17216,90.91,-175.85,0
17227,90.91,-176.63,0
17240,76.92,-180.73,0
17251,90.91,-184.77,0
17262,90.91,-184.06,0
17273,90.91,-180.21,0
17285,83.33,-176.81,0
17296,90.91,-177.19,0
17308,83.33,-181.05,0
17319,90.91,-185.11,0
17331,83.33,-185.64,0
17342,90.91,-182.04,0
17353,90.91,-177.84,0
17364,90.91,-177.75,0
17377,76.92,-181.24,0
17388,90.91,-184.75,0
17399,90.91,-184.19,0
17411,83.33,-180.82,0
17422,90.91,-177.00,0
17433,90.91,-176.77,0
17445,83.33,-180.75,0
17457,83.33,-184.48,0
17468,90.91,-183.81,0
17479,90.91,-180.29,0
17490,90.91,-176.68,0
17502,83.33,-177.14,0
17514,83.33,-180.37,0
17525,90.91,-183.94,0
17537,83.33,-184.82,0
17548,90.91,-181.52,0
17559,90.91,-177.74,0
17570,90.91,-177.05,0
17583,76.92,-180.66,0
17594,90.91,-184.47,0
17605,90.91,-184.89,0
17616,90.91,-182.24,0
17628,83.33,-177.81,0
17639,90.91,-176.50,0
17651,83.33,-179.10,0
17662,90.91,-183.39,0
17674,83.33,-184.89,0
17685,90.91,-181.81,0
17696,90.91,-177.27,0
17708,83.33,-176.04,0
17720,83.33,-179.46,0
17731,90.91,-183.24,0
17742,90.91,-184.94,0
17754,83.33,-182.43,0
17765,90.91,-177.96,0
17776,90.91,-176.81,0
17788,83.33,-179.77,0
17800,83.33,-183.66,0
17811,90.91,-184.48,0
17822,90.91,-181.67,0
17833,90.91,-178.03,0
17845,83.33,-176.39,0
17857,83.33,-179.01,0
17868,90.91,-182.35,0
17880,83.33,-183.21,0
17891,90.91,-181.73,0
17902,90.91,-178.36,0
17913,90.91,-177.32,0
17926,83.33,-180.15,0
17937,83.33,-183.61,0
17948,90.91,-185.34,0
17959,90.91,-183.13,0
17971,83.33,-179.00,0
17982,90.91,-176.63,0
17994,90.91,-178.97,0
18006,76.92,-183.30,0
18017,90.91,-184.75,0
18028,90.91,-182.32,0
18039,90.91,-178.22,0
18051,83.33,-176.24,0
18063,90.91,-179.08,0
18074,83.33,-183.37,0
18085,90.91,-184.39,0
18097,83.33,-182.91,0
18108,90.91,-179.58,0
18119,90.91,-176.86,0
18131,90.91,-178.42,0
18143,76.92,-183.32,0
18154,90.91,-185.96,0
18165,90.91,-183.76,0
18177,83.33,-179.45,0
18188,90.91,-176.92,0
18200,90.91,-178.62,0
18211,83.33,-182.59,0
18223,83.33,-184.73,0
18234,90.91,-183.11,0
18245,90.91,-178.69,0
18256,90.91,-176.01,0
18269,83.33,-177.18,0
18280,83.33,-181.79,0
18291,90.91,-184.67,0
18302,90.91,-183.91,0
18314,83.33,-180.31,0
18325,90.91,-177.09,0
18337,90.91,-178.28,0
18349,76.92,-182.44,0
18360,90.91,-185.65,0
18371,90.91,-184.11,0
18382,90.91,-180.04,0
18394,83.33,-176.50,0
18406,90.91,-177.27,0
18417,83.33,-181.68,0
18428,90.91,-184.70,0
18440,83.33,-183.85,0
18451,90.91,-179.48,0
18462,90.91,-176.14,0
18475,90.91,-175.81,0
18486,76.92,-180.31,0
18497,90.91,-184.74,0
18508,90.91,-183.85,0
18520,83.33,-180.29,0
18531,90.91,-176.80,0
18543,90.91,-177.38,0
18554,83.33,-181.81,0
18566,83.33,-185.44,0
18577,90.91,-184.90,0
18588,90.91,-181.34,0
18599,90.91,-177.75,0
18612,83.33,-177.42,0
18623,83.33,-180.74,0
18634,90.91,-184.45,0
18646,83.33,-184.62,0
18657,90.91,-180.59,0
18668,90.91,-176.74,0
18679,90.91,-176.99,0
18692,76.92,-180.15,0
18703,90.91,-183.61,0
18714,90.91,-183.79,0
18725,90.91,-181.23,0
18737,83.33,-177.64,0
18748,90.91,-176.71,0
18760,83.33,-180.46,0
18771,90.91,-184.03,0
18783,83.33,-184.36,0
18794,90.91,-181.38,0
18805,90.91,-178.13,0
18817,83.33,-176.74,0
18829,83.33,-180.12,0
18840,90.91,-183.56,0
18851,90.91,-184.40,0
18863,83.33,-181.65,0
18874,90.91,-176.79,0
18885,90.91,-176.73,0
18897,83.33,-180.29,0
18909,83.33,-184.11,0
18920,90.91,-184.74,0
18931,90.91,-181.76,0
18942,90.91,-177.19,0
18954,83.33,-176.49,0
18966,83.33,-180.28,0
18977,90.91,-183.91,0
18989,83.33,-185.27,0
19000,90.91,-182.22,0
19011,90.91,-177.53,0
19022,90.91,-176.22,0
19035,76.92,-179.27,0
19046,90.91,-183.48,0
19057,90.91,-184.78,0
19068,90.91,-181.93,0
19080,83.33,-177.75,0
19091,90.91,-176.21,0
19103,83.33,-178.99,0
19115,83.33,-183.15,0
19126,90.91,-184.55,0
19137,90.91,-182.26,0
19148,90.91,-178.62,0
19160,83.33,-176.87,0
19172,83.33,-179.04,0
19183,90.91,-183.20,0
19194,90.91,-185.05,0
19206,83.33,-182.03,0
19217,90.91,-178.61,0
19228,90.91,-176.77,0
19240,83.33,-178.81,0
19252,83.33,-182.62,0
19263,90.91,-184.54,0
19274,90.91,-182.59,0
19286,83.33,-178.44,0
19297,90.91,-176.63,0
19309,83.33,-178.59,0
19320,90.91,-182.69,0
19332,83.33,-185.19,0
19343,90.91,-182.44,0
19354,90.91,-178.04,0
19365,90.91,-175.68,0
19378,76.92,-177.77,0
19389,90.91,-182.06,0
19400,90.91,-185.02,0
19411,90.91,-183.47,0
19423,83.33,-178.35,0
19434,90.91,-176.14,0
19446,83.33,-178.70,0
19458,83.33,-183.00,0
19469,90.91,-184.88,0
19480,90.91,-183.09,0
19491,90.91,-179.37,0
19503,83.33,-176.32,0
19515,83.33,-178.17,0
19526,90.91,-182.18,0
19537,90.91,-184.86,0
19549,83.33,-182.86,0
19560,90.91,-178.72,0
19571,90.91,-176.89,0
19584,76.92,-178.09,0
19595,90.91,-181.60,0
19606,90.91,-184.44,0
19617,90.91,-183.43,0
19629,83.33,-179.57,0
19640,90.91,-177.04,0
19652,83.33,-178.00,0
19663,90.91,-181.81,0
19675,83.33,-184.86,0
19686,90.91,-183.44,0
19697,90.91,-179.59,0
19708,90.91,-176.55,0
19721,76.92,-177.32,0
19732,90.91,-181.22,0
19743,90.91,-184.51,0
19755,83.33,-183.99,0
19766,90.91,-179.46,0
19777,90.91,-175.93,0
19789,83.33,-176.82,0
19801,83.33,-180.69,0
19812,90.91,-184.20,0
19823,90.91,-183.45,0
19834,90.91,-179.71,0
19846,83.33,-176.45,0
19858,83.33,-177.26,0
19869,90.91,-180.99,0
19880,90.91,-184.82,0
19892,83.33,-184.93,0
19903,90.91,-181.28,0
19914,90.91,-176.89,0
19927,76.92,-176.62,0
19938,90.91,-181.30,0
19949,90.91,-185.22,0
19960,90.91,-184.31,0
19972,83.33,-181.24,0
19983,90.91,-176.78,0
19995,83.33,-177.08,0
20006,90.91,-180.76,0
20018,83.33,-184.13,0
20029,90.91,-184.10,0
20040,90.91,-180.38,0
20051,90.91,-176.82,0
20064,76.92,-177.15,0
20075,90.91,-180.81,0
20086,90.91,-184.41,0
20098,83.33,-184.62,0
20109,90.91,-180.76,0
20120,90.91,-177.28,0
20132,83.33,-176.73,0
20144,83.33,-179.89,0
20155,90.91,-184.24,0
20166,90.91,-184.58,0
20177,90.91,-180.63,0
20189,83.33,-176.38,0
20201,83.33,-176.32,0
20212,90.91,-180.25,0
20224,83.33,-183.77,0
20235,90.91,-184.70,0
20246,90.91,-181.45,0
20257,90.91,-177.53,0
20270,76.92,-176.98,0
20281,90.91,-181.17,0
20292,90.91,-184.87,0
20303,90.91,-185.36,0
20315,83.33,-182.39,0
20326,90.91,-178.76,0
20338,83.33,-177.66,0
20349,90.91,-180.56,0
20361,83.33,-184.55,0
20372,90.91,-185.30,0
20383,90.91,-182.24,0
20395,83.33,-177.26,0
20407,83.33,-176.09,0
20418,90.91,-178.89,0
20429,90.91,-183.39,0
20441,83.33,-184.62,0
20452,90.91,-181.79,0
20463,90.91,-177.83,0
20475,83.33,-177.02,0
20487,83.33,-180.77,0
20498,90.91,-184.72,0
20509,90.91,-186.03,0
20520,90.91,-183.08,0
20532,83.33,-178.32,0
20544,83.33,-176.61,0
20555,90.91,-179.62,0
20567,83.33,-184.15,0
20578,90.91,-185.16,0
20589,90.91,-182.48,0
20600,90.91,-178.17,0
20613,76.92,-175.76,0
20624,90.91,-177.89,0
20635,90.91,-182.95,0
20646,90.91,-184.19,0
20658,83.33,-181.79,0
20669,90.91,-177.54,0
20681,83.33,-176.16,0
20692,90.91,-178.80,0
20704,83.33,-183.21,0
20715,90.91,-184.76,0
20726,90.91,-183.03,0
20738,83.33,-179.27,0
20750,83.33,-176.71,0
20761,90.91,-178.44,0
20772,90.91,-182.38,0
20784,83.33,-184.42,0
20795,90.91,-182.92,0
20806,90.91,-178.02,0
20818,83.33,-175.87,0
20830,83.33,-178.29,0
20841,90.91,-182.17,0
20852,90.91,-184.62,0
20864,83.33,-182.71,0
20875,90.91,-178.54,0
20887,83.33,-176.65,0
20898,90.91,-179.20,0
20910,83.33,-183.06,0
20921,90.91,-185.30,0
20932,90.91,-183.82,0
20943,90.91,-179.98,0
20956,83.33,-177.31,0
20967,83.33,-178.97,0
20978,90.91,-183.22,0
20989,90.91,-185.34,0
21001,83.33,-183.52,0
21012,90.91,-179.08,0
21024,90.91,-176.30,0
21036,76.92,-177.67,0
21047,90.91,-181.42,0
21058,90.91,-183.72,0
21069,90.91,-182.54,0
21081,83.33,-179.55,0
21093,90.91,-176.26,0
21104,83.33,-177.95,0
21115,90.91,-182.32,0
21127,83.33,-184.56,0
21138,90.91,-183.44,0
21149,90.91,-180.41,0
21161,90.91,-177.64,0
21173,76.92,-178.38,0
21184,90.91,-181.44,0
21195,90.91,-184.34,0
21207,83.33,-183.27,0
21218,90.91,-179.65,0
21230,90.91,-176.17,0
21241,83.33,-176.72,0
21253,83.33,-180.75,0
21264,90.91,-183.75,0
21275,90.91,-182.84,0
21286,90.91,-179.09,0
21299,83.33,-176.41,0
21310,83.33,-177.57,0
21321,90.91,-181.04,0
21332,90.91,-184.35,0
21344,83.33,-184.61,0
21355,90.91,-180.64,0
21367,90.91,-177.00,0
21379,76.92,-177.43,0
21390,90.91,-180.98,0
21401,90.91,-184.50,0
21412,90.91,-184.01,0
21424,83.33,-179.76,0
21435,90.91,-176.42,0
21447,83.33,-177.13,0
21458,90.91,-181.01,0
21470,83.33,-184.32,0
21481,90.91,-184.11,0
21492,90.91,-180.17,0
21504,83.33,-176.58,0
21516,83.33,-177.04,0
21527,90.91,-181.08,0
21538,90.91,-184.84,0
21550,83.33,-184.55,0
21561,90.91,-181.02,0
21572,90.91,-177.15,0
21584,83.33,-176.95,0
21596,83.33,-181.10,0
21607,90.91,-184.60,0
21618,90.91,-184.92,0
21629,90.91,-180.62,0
21641,83.33,-176.67,0
21653,83.33,-176.36,0
21664,90.91,-180.24,0
21676,83.33,-184.31,0
21687,90.91,-184.71,0
21698,90.91,-180.82,0
21709,90.91,-176.86,0
21722,76.92,-176.47,0
21733,90.91,-179.67,0
21744,90.91,-184.05,0
21755,90.91,-185.07,0
21767,83.33,-181.88,0
21778,90.91,-178.08,0
21790,83.33,-177.19,0
21801,90.91,-180.06,0
21813,83.33,-184.17,0
21824,90.91,-185.39,0
21835,90.91,-182.11,0
21847,83.33,-177.73,0
21859,83.33,-176.55,0
21870,90.91,-179.56,0
21881,90.91,-183.26,0
21893,83.33,-184.38,0
21904,90.91,-181.51,0
21915,90.91,-177.82,0
21927,83.33,-176.73,0
21939,83.33,-179.35,0
21950,90.91,-183.11,0
21961,90.91,-184.73,0
21972,90.91,-182.26,0
21984,83.33,-178.34,0
21996,83.33,-176.95,0
22007,90.91,-179.46,0
22019,83.33,-183.98,0
22030,90.91,-184.79,0
22041,90.91,-182.36,0
22052,90.91,-177.45,0
22065,76.92,-175.64,0
22076,90.91,-178.90,0
22087,90.91,-182.81,0
22098,90.91,-183.88,0
22110,83.33,-181.39,0
22121,90.91,-177.74,0
22133,83.33,-176.18,0
22145,83.33,-178.51,0
22156,90.91,-182.63,0
22167,90.91,-184.81,0
22178,90.91,-183.20,0
22190,83.33,-179.05,0
22202,83.33,-177.12,0
22213,90.91,-179.54,0
22224,90.91,-183.37,0
22236,83.33,-184.34,0
22247,90.91,-182.76,0
22258,90.91,-179.11,0
22270,83.33,-176.78,0
22282,83.33,-178.57,0
22293,90.91,-182.82,0
22304,90.91,-184.42,0
22316,83.33,-182.07,0
22327,90.91,-178.38,0
22339,83.33,-176.58,0
22350,90.91,-178.92,0
22362,83.33,-183.20,0
22373,90.91,-185.03,0
22384,90.91,-183.39,0
22395,90.91,-179.59,0
22408,76.92,-177.50,0
22419,90.91,-179.28,0
22430,90.91,-183.29,0
22441,90.91,-185.40,0
22453,83.33,-183.35,0
22464,90.91,-179.59,0
22476,83.33,-176.96,0
22488,83.33,-178.01,0
22499,90.91,-181.38,0
22510,90.91,-183.99,0
22521,90.91,-182.47,0
22533,83.33,-178.58,0
22545,83.33,-175.87,0
22556,90.91,-177.91,0
22567,90.91,-182.46,0
22579,83.33,-184.85,0
22590,90.91,-183.34,0
22601,90.91,-179.67,0
22614,76.92,-176.71,0
22625,90.91,-177.96,0
22636,90.91,-181.67,0
22647,90.91,-184.63,0
22659,83.33,-183.82,0
22670,90.91,-179.99,0
22682,83.33,-176.45,0
22693,90.91,-177.24,0
22705,83.33,-181.19,0
22716,90.91,-184.35,0
22727,90.91,-183.03,0
22738,90.91,-179.57,0
22751,76.92,-177.03,0
22762,90.91,-176.71,0
22773,90.91,-181.12,0
22785,83.33,-185.09,0
22796,90.91,-183.77,0
22807,90.91,-179.44,0
22819,83.33,-176.92,0
22831,83.33,-177.75,0
22842,90.91,-181.31,0
22853,90.91,-185.05,0
22864,90.91,-184.38,0
22876,83.33,-180.01,0
22888,83.33,-176.18,0
22899,90.91,-176.56,0
22910,90.91,-180.56,0
22922,83.33,-183.93,0
22933,90.91,-183.72,0
22944,90.91,-179.70,0
22957,76.92,-176.50,0
22968,90.91,-176.83,0
22979,90.91,-180.07,0
22990,90.91,-183.63,0
23002,83.33,-184.12,0
23013,90.91,-180.51,0
23025,83.33,-176.61,0
23036,90.91,-176.87,0
23048,83.33,-180.39,0
23059,90.91,-183.83,0
23070,90.91,-184.87,0
23081,90.91,-182.39,0
23094,76.92,-178.27,0
23105,90.91,-177.44,0
23116,90.91,-180.87,0
23128,83.33,-184.00,0
23139,90.91,-184.89,0
23150,90.91,-180.75,0
23162,83.33,-176.98,0
23174,83.33,-177.16,0
23185,90.91,-180.04,0
23196,90.91,-183.62,0
23207,90.91,-184.14,0
23219,83.33,-181.53,0
23231,83.33,-177.72,0
23242,90.91,-177.01,0
23254,83.33,-180.41,0
23265,90.91,-184.84,0
23276,90.91,-184.79,0
23287,90.91,-181.81,0
23300,76.92,-178.36,0
23311,90.91,-177.53,0
23322,90.91,-179.76,0
23333,90.91,-183.59,0
23345,83.33,-184.16,0
23356,90.91,-180.68,0
23368,83.33,-176.80,0
23379,90.91,-175.69,0
23391,83.33,-178.22,0
23402,90.91,-182.11,0
23413,90.91,-183.42,0
23425,83.33,-180.99,0
23437,83.33,-177.56,0
23448,90.91,-176.06,0
23459,90.91,-179.44,0
23471,83.33,-183.65,0
23482,90.91,-184.92,0
23493,90.91,-182.49,0
23505,83.33,-178.58,0
23517,83.33,-176.72,0
23528,90.91,-179.36,0
23539,90.91,-183.28,0
23550,90.91,-184.99,0
23562,83.33,-181.91,0
23574,83.33,-177.92,0
23585,90.91,-175.95,0
23597,83.33,-178.95,0
23608,90.91,-183.14,0
23619,90.91,-184.55,0
23630,90.91,-182.00,0
23643,76.92,-178.40,0
23654,90.91,-176.81,0
23665,90.91,-178.90,0
23676,90.91,-183.04,0
23688,83.33,-185.01,0
23699,90.91,-183.33,0
23711,83.33,-178.80,0
23723,83.33,-176.87,0
23734,90.91,-179.14,0
23745,90.91,-183.14,0
23756,90.91,-184.89,0
23768,83.33,-182.53,0
23780,83.33,-178.82,0
23791,90.91,-177.12,0
23802,90.91,-179.12,0
23814,83.33,-182.74,0
23825,90.91,-184.72,0
23836,90.91,-182.27,0
23848,90.91,-178.51,0
23860,76.92,-176.19,0
23871,90.91,-178.35,0
23882,90.91,-182.49,0
23894,83.33,-184.91,0
23905,90.91,-183.85,0
23917,90.91,-179.56,0
23928,83.33,-175.43,0
23940,83.33,-177.41,0
23951,90.91,-182.42,0
23962,90.91,-184.83,0
23973,90.91,-183.08,0
23986,83.33,-179.21,0
23997,83.33,-176.26,0
24008,90.91,-177.91,0
24019,90.91,-182.05,0
24031,83.33,-184.78,0
24042,90.91,-183.47,0
24054,90.91,-179.14,0
24066,76.92,-176.00,0
24077,90.91,-177.43,0
24088,90.91,-181.54,0
24099,90.91,-184.49,0
24111,83.33,-183.45,0
24123,90.91,-179.63,0
24134,83.33,-176.28,0
24145,90.91,-177.41,0
24157,83.33,-181.82,0
24168,90.91,-184.92,0
24179,90.91,-184.06,0
24192,90.91,-179.99,0
24203,76.92,-177.60,0
24214,90.91,-177.68,0
24225,90.91,-180.78,0
24237,83.33,-184.05,0
24248,90.91,-183.65,0
24260,90.91,-180.12,0
24271,83.33,-176.95,0
24283,83.33,-177.56,0
24294,90.91,-181.32,0
24305,90.91,-184.45,0
24316,90.91,-183.10,0
24329,83.33,-179.77,0
24340,83.33,-177.38,0
24351,90.91,-177.53,0
24363,83.33,-181.32,0
24374,90.91,-185.03,0
24385,90.91,-184.46,0
24397,90.91,-180.53,0
24409,76.92,-177.42,0
24420,90.91,-178.27,0
24431,90.91,-181.11,0
24442,90.91,-184.00,0
24454,83.33,-184.34,0
24466,90.91,-180.57,0
24477,83.33,-177.15,0
24488,90.91,-177.39,0
24500,83.33,-180.87,0
24511,90.91,-184.29,0
24522,90.91,-183.92,0
24535,83.33,-180.21,0
24546,83.33,-177.02,0
24557,90.91,-177.28,0
24568,90.91,-181.52,0
24580,83.33,-184.74,0
24591,90.91,-184.88,0
24603,90.91,-181.80,0
24614,83.33,-177.74,0
24626,83.33,-176.69,0
24637,90.91,-179.87,0
24648,90.91,-183.85,0
24659,90.91,-184.58,0
24672,83.33,-181.28,0
24683,83.33,-177.17,0
24694,90.91,-176.69,0
24706,83.33,-179.75,0
24717,90.91,-184.08,0
24728,90.91,-184.06,0
24740,90.91,-181.25,0
24752,76.92,-177.46,0
24763,90.91,-176.53,0
24774,90.91,-179.71,0
24785,90.91,-184.30,0
24797,83.33,-185.68,0
24809,90.91,-182.61,0
24820,83.33,-178.01,0
24832,83.33,-176.76,0
24843,90.91,-179.60,0
24854,90.91,-183.11,0
24865,90.91,-184.49,0
24878,83.33,-181.47,0
24889,83.33,-177.35,0
24900,90.91,-175.81,0
24911,90.91,-178.06,0
24923,83.33,-183.40,0
24934,90.91,-184.87,0
24946,90.91,-181.87,0
24957,83.33,-177.86,0
24969,83.33,-177.69,0
24980,90.91,-180.00,0
24991,90.91,-184.11,0
25003,83.33,-185.69,0
25015,90.91,-182.76,0
25026,83.33,-179.03,0
25037,90.91,-176.98,0
25049,83.33,-179.35,0
25060,90.91,-183.36,0
25071,90.91,-185.23,0
25083,90.91,-182.48,0
25095,76.92,-178.25,0
25106,90.91,-175.88,0
25117,90.91,-178.28,0
25128,90.91,-182.46,0
25140,83.33,-184.50,0
25152,90.91,-182.96,0
25163,83.33,-178.60,0
25175,83.33,-176.55,0
25186,90.91,-179.11,0
25197,90.91,-183.73,0
25208,90.91,-186.14,0
25221,83.33,-183.21,0
25232,83.33,-179.05,0
25243,90.91,-177.00,0
25254,90.91,-178.66,0
25266,83.33,-182.41,0
25277,90.91,-184.26,0
25289,90.91,-182.15,0
25300,83.33,-177.60,0
25312,83.33,-175.67,0
25323,90.91,-178.42,0
25334,90.91,-182.18,0
25346,83.33,-184.48,0
25358,90.91,-182.92,0
25369,83.33,-178.48,0
25380,90.91,-176.73,0
25392,83.33,-179.07,0
25403,90.91,-183.98,0
25414,90.91,-185.75,0
25426,90.91,-183.13,0
25438,76.92,-179.18,0
25449,90.91,-176.74,0
25460,90.91,-178.38,0
25472,83.33,-182.15,0
25483,90.91,-183.86,0
25495,90.91,-183.09,0
25506,83.33,-178.71,0
25518,83.33,-174.85,0
25529,90.91,-176.90,0
25540,90.91,-181.55,0
25551,90.91,-184.00,0
25563,83.33,-183.22,0
25575,83.33,-179.67,0
25586,90.91,-177.03,0
25597,90.91,-178.16,0
25609,83.33,-182.55,0
25620,90.91,-185.66,0
25631,90.91,-184.38,0
25644,76.92,-179.97,0
25655,90.91,-177.05,0
25666,90.91,-178.26,0
25677,90.91,-182.49,0
25689,83.33,-185.04,0
25700,90.91,-184.08,0
25712,83.33,-179.48,0
25723,90.91,-176.01,0
25735,83.33,-176.76,0
25746,90.91,-181.39,0
25757,90.91,-184.64,0
25768,90.91,-183.62,0
25781,76.92,-179.81,0
25792,90.91,-177.31,0
25803,90.91,-178.16,0
25815,83.33,-182.43,0
25826,90.91,-185.75,0
25837,90.91,-184.95,0
25849,83.33,-181.35,0
25861,83.33,-177.88,0
25872,90.91,-178.08,0
25883,90.91,-181.32,0
25894,90.91,-184.44,0
25906,83.33,-182.80,0
25918,83.33,-178.92,0
25929,90.91,-175.80,0
25940,90.91,-176.44,0
25952,83.33,-180.34,0
25963,90.91,-183.45,0
25974,90.91,-183.35,0
25987,76.92,-179.83,0
25998,90.91,-176.73,0
26009,90.91,-177.55,0
26020,90.91,-181.68,0
26032,83.33,-185.40,0
26043,90.91,-185.21,0
26055,83.33,-181.55,0
26066,90.91,-177.53,0
26078,83.33,-177.41,0
26089,90.91,-180.90,0
26100,90.91,-183.98,0
26112,83.33,-184.07,0
26124,83.33,-180.32,0
26135,90.91,-176.24,0
26146,90.91,-175.95,0
26158,83.33,-179.11,0
26169,90.91,-183.04,0
26180,90.91,-183.18,0
26192,83.33,-180.59,0
26204,83.33,-178.34,0
26215,90.91,-177.89,0
26226,90.91,-180.61,0
26237,90.91,-184.63,0
26249,83.33,-185.61,0
26261,83.33,-182.65,0
26272,90.91,-178.35,0
26284,83.33,-178.42,0
26295,90.91,-180.77,0
26306,90.91,-184.59,0
26317,90.91,-183.99,0
26330,76.92,-180.22,0
26341,90.91,-175.94,0
26352,90.91,-175.55,0
26363,90.91,-179.28,0
26375,83.33,-183.09,0
26386,90.91,-183.77,0
26398,83.33,-181.41,0
26409,90.91,-177.42,0
26421,83.33,-177.02,0
26432,90.91,-180.72,0
26443,90.91,-184.52,0
26455,83.33,-185.46,0
26467,83.33,-182.73,0
26478,90.91,-178.12,0
26489,90.91,-177.19,0
26501,83.33,-179.82,0
26512,90.91,-182.88,0
26523,90.91,-183.86,0
26535,83.33,-180.80,0
26547,83.33,-176.29,0
26558,90.91,-175.29,0
26569,90.91,-178.65,0
26580,90.91,-182.25,0
26592,83.33,-183.66,0
26604,83.33,-181.30,0
26615,90.91,-177.58,0
26627,83.33,-176.41,0
26638,90.91,-179.59,0
26649,90.91,-184.11,0
26660,90.91,-185.36,0
26673,76.92,-183.18,0
26684,90.91,-178.68,0
26695,90.91,-176.84,0
26706,90.91,-179.39,0
26718,83.33,-183.34,0
26729,90.91,-184.55,0
26741,83.33,-181.88,0
26753,83.33,-177.26,0
26764,90.91,-175.49,0
26775,90.91,-178.08,0
26786,90.91,-182.62,0
26798,83.33,-184.22,0
26810,83.33,-182.50,0
26821,90.91,-178.85,0
26832,90.91,-176.82,0
26844,83.33,-179.46,0
26855,90.91,-184.01,0
26866,90.91,-185.84,0
26878,83.33,-183.95,0
26890,83.33,-179.32,0
26901,90.91,-176.82,0
26912,90.91,-178.58,0
26924,83.33,-182.56,0
26935,90.91,-184.69,0
26947,83.33,-183.31,0
26958,90.91,-178.96,0
26970,83.33,-175.67,0
26981,90.91,-178.58,0
26992,90.91,-182.86,0
27003,90.91,-184.89,0
27016,76.92,-182.52,0
27027,90.91,-178.83,0
27038,90.91,-176.72,0
27049,90.91,-178.89,0
27061,83.33,-182.79,0
27072,90.91,-186.17,0
27084,83.33,-184.68,0
27096,83.33,-180.13,0
27107,90.91,-177.46,0
27118,90.91,-179.12,0
27129,90.91,-182.61,0
27141,83.33,-184.81,0
27153,83.33,-183.48,0
27164,90.91,-179.23,0
27175,90.91,-175.83,0
27187,83.33,-177.00,0
27198,90.91,-181.03,0
27209,90.91,-184.23,0
27222,76.92,-182.92,0
27233,90.91,-179.47,0
27244,90.91,-176.76,0
27255,90.91,-178.48,0
27267,83.33,-182.62,0
27278,90.91,-185.88,0
27290,83.33,-184.83,0
27301,90.91,-180.43,0
27313,83.33,-176.97,0
27324,90.91,-178.23,0
27335,90.91,-181.56,0
27346,90.91,-184.08,0
27359,76.92,-183.26,0
27370,90.91,-179.04,0
27381,90.91,-175.49,0
27393,83.33,-176.24,0
27404,90.91,-180.62,0
27415,90.91,-184.27,0
27427,83.33,-183.56,0
27439,83.33,-179.33,0
27450,90.91,-176.33,0
27461,90.91,-177.73,0
27472,90.91,-181.39,0
27484,83.33,-185.05,0
27496,83.33,-184.27,0
27507,90.91,-180.13,0
27518,90.91,-176.26,0
27530,83.33,-177.29,0
27541,90.91,-180.90,0
27552,90.91,-184.17,0
27565,76.92,-183.75,0
27576,90.91,-180.45,0
27587,90.91,-176.10,0
27598,90.91,-176.39,0
27610,83.33,-179.95,0
27621,90.91,-183.77,0
27633,83.33,-184.56,0
27644,90.91,-181.22,0
27656,83.33,-177.58,0
27667,90.91,-177.50,0
27678,90.91,-180.95,0
27689,90.91,-184.51,0
27702,76.92,-185.33,0
27713,90.91,-181.72,0
27724,90.91,-177.59,0
27736,83.33,-177.41,0
27747,90.91,-181.21,0
27758,90.91,-184.86,0
27770,83.33,-184.80,0
27782,83.33,-181.16,0
27793,90.91,-177.85,0
27804,90.91,-176.52,0
27815,90.91,-179.36,0
27827,83.33,-183.59,0
27839,83.33,-183.91,0
27850,90.91,-180.80,0
27862,83.33,-177.44,0
27873,90.91,-177.08,0
27884,90.91,-180.36,0
27895,90.91,-184.02,0
27908,76.92,-185.36,0
27919,90.91,-182.79,0
27930,90.91,-177.74,0
27941,90.91,-176.44,0
27953,83.33,-179.73,0
27964,90.91,-183.32,0
27976,83.33,-184.29,0
27987,90.91,-181.60,0
27999,83.33,-177.52,0
28010,90.91,-176.57,0
28021,90.91,-179.71,0
28033,83.33,-183.58,0
28045,83.33,-184.77,0
28056,90.91,-182.15,0
28067,90.91,-178.00,0
28079,83.33,-176.74,0
28090,90.91,-179.73,0
28101,90.91,-183.91,0
28113,83.33,-185.64,0
28125,83.33,-182.48,0
28136,90.91,-177.56,0
28147,90.91,-175.79,0
28158,90.91,-179.45,0
28170,83.33,-184.13,0
28182,83.33,-184.94,0
28193,90.91,-181.28,0
28205,83.33,-177.37,0
28216,90.91,-175.46,0
28227,90.91,-178.21,0
28238,90.91,-182.98,0
28251,76.92,-184.80,0
28262,90.91,-181.93,0
28273,90.91,-177.84,0
28284,90.91,-176.66,0
28296,83.33,-179.35,0
28307,90.91,-183.55,0
28319,83.33,-185.49,0
28331,83.33,-182.40,0
28342,90.91,-177.72,0
28353,90.91,-175.83,0
28364,90.91,-178.58,0
28376,83.33,-183.08,0
28388,83.33,-184.90,0
28399,90.91,-181.91,0
28410,90.91,-177.98,0
28422,83.33,-176.19,0
28433,90.91,-178.19,0
28444,90.91,-182.36,0
28456,83.33,-184.67,0
28468,83.33,-182.76,0
28479,90.91,-178.56,0
28490,90.91,-176.58,0
28502,83.33,-178.98,0
28513,90.91,-182.82,0
28525,83.33,-185.46,0
28536,90.91,-183.27,0
28548,83.33,-178.97,0
28559,90.91,-176.35,0
28570,90.91,-178.28,0
28581,90.91,-182.13,0
28594,76.92,-184.29,0
28605,90.91,-183.36,0
28616,90.91,-178.41,0
28627,90.91,-176.15,0
28639,83.33,-177.90,0
28650,90.91,-182.26,0
28662,83.33,-185.18,0
28674,83.33,-183.57,0
28685,90.91,-179.64,0
28696,90.91,-176.75,0
28707,90.91,-178.41,0
28719,83.33,-182.59,0
28731,83.33,-184.27,0
28742,90.91,-182.99,0
28753,90.91,-179.44,0
28765,83.33,-176.34,0
28776,90.91,-177.67,0
28787,90.91,-182.08,0
28800,76.92,-184.59,0
28811,90.91,-183.56,0
28822,90.91,-179.62,0
28833,90.91,-176.71,0
28845,83.33,-177.50,0
28856,90.91,-181.18,0
28868,83.33,-184.54,0
28879,90.91,-183.43,0
28891,83.33,-179.50,0
28902,90.91,-176.89,0
28913,90.91,-177.60,0
28924,90.91,-180.90,0
28937,76.92,-184.16,0
28948,90.91,-183.85,0
28959,90.91,-179.93,0
28971,83.33,-176.19,0
28982,90.91,-177.89,0
28993,90.91,-181.74,0
29005,83.33,-184.95,0
29017,83.33,-183.77,0
29028,90.91,-179.68,0
29039,90.91,-176.14,0
29050,90.91,-177.24,0
29062,83.33,-181.37,0
29074,83.33,-184.57,0
29085,90.91,-184.22,0
29096,90.91,-180.61,0
29108,83.33,-176.67,0
29119,90.91,-177.52,0
29130,90.91,-181.44,0
29143,76.92,-184.72,0
29154,90.91,-183.90,0
29165,90.91,-180.85,0
29176,90.91,-176.73,0
29188,83.33,-176.91,0
29199,90.91,-180.82,0
29211,83.33,-184.32,0
29222,90.91,-184.27,0
29234,83.33,-180.59,0
29245,90.91,-177.09,0
29256,90.91,-177.18,0
29267,90.91,-181.11,0
29280,76.92,-184.60,0
29291,90.91,-184.64,0
29302,90.91,-180.25,0
29314,83.33,-176.99,0
29325,90.91,-177.28,0
29336,90.91,-180.42,0
29348,83.33,-184.54,0
29360,83.33,-184.15,0
29371,90.91,-180.44,0
29382,90.91,-176.23,0
29393,90.91,-176.26,0
29405,83.33,-179.93,0
29417,83.33,-184.01,0
29428,90.91,-184.35,0
29440,83.33,-180.63,0
29451,90.91,-176.42,0
29462,90.91,-176.36,0
29473,90.91,-179.55,0
29486,76.92,-184.54,0
29497,90.91,-184.96,0
29508,90.91,-181.82,0
29519,90.91,-177.98,0
29531,83.33,-177.18,0
29542,90.91,-180.05,0
29554,90.91,-183.72,0
29565,83.33,-185.08,0
29577,83.33,-181.88,0
29588,90.91,-177.95,0
29599,90.91,-177.07,0
29611,83.33,-180.52,0
29623,90.91,-184.21,0
29634,83.33,-185.26,0
29645,90.91,-181.35,0
29657,83.33,-177.12,0
29668,90.91,-176.29,0
29679,90.91,-180.04,0
29691,90.91,-183.43,0
29703,76.92,-184.30,0
29714,90.91,-182.13,0
29725,90.91,-178.09,0
29736,90.91,-176.41,0
29748,83.33,-179.39,0
29760,90.91,-184.26,0
29771,83.33,-185.09,0
29783,83.33,-181.78,0
29794,90.91,-176.94,0
29805,90.91,-175.86,0
29816,90.91,-178.98,0
29829,83.33,-183.58,0
29840,83.33,-184.56,0
29851,90.91,-182.05,0
29862,90.91,-177.93,0
29874,83.33,-176.75,0
29885,90.91,-179.27,0
29897,90.91,-183.38,0
29908,83.33,-184.97,0
29920,83.33,-182.69,0
29931,90.91,-178.36,0
29942,90.91,-176.63,0
29954,83.33,-179.55,0
29966,90.91,-183.83,0
29977,83.33,-185.05,0
29988,90.91,-182.51,0
30000,83.33,-178.74,0
30011,90.91,-177.46,0
30022,90.91,-178.77,0
30034,90.91,-183.49,0
30046,76.92,-184.94,0
30057,90.91,-182.57,0
30068,90.91,-178.43,0
30080,83.33,-176.69,0
30091,90.91,-177.98,0
30103,90.91,-182.68,0
30114,83.33,-184.64,0
30126,83.33,-182.04,0
30137,90.91,-178.22,0
30148,90.91,-176.95,0
30159,90.91,-179.34,0
30172,83.33,-183.40,0
30183,83.33,-185.40,0
30194,90.91,-183.61,0
30205,90.91,-179.11,0
30217,83.33,-176.71,0
30228,90.91,-178.51,0
30240,90.91,-182.63,0
30252,76.92,-184.79,0
30263,90.91,-181.69,0
30274,90.91,-177.58,0
30285,90.91,-175.81,0
30297,83.33,-177.85,0
30308,90.91,-182.17,0
30320,83.33,-185.14,0
30331,90.91,-183.40,0
30343,83.33,-178.70,0
30354,90.91,-177.00,0
30365,90.91,-178.83,0
30376,90.91,-183.20,0
30389,76.92,-186.21,0
30400,90.91,-183.53,0
30411,90.91,-179.37,0
30423,83.33,-176.43,0
30434,90.91,-178.05,0
30445,90.91,-182.35,0
30457,83.33,-184.35,0
30469,83.33,-182.84,0
30480,90.91,-178.44,0
30491,90.91,-175.57,0
30502,90.91,-177.10,0
30514,83.33,-180.68,0
30526,83.33,-183.77,0
30537,90.91,-182.64,0
30548,90.91,-179.49,0
30560,83.33,-176.98,0
30571,90.91,-178.17,0
30582,90.91,-182.54,0
30595,76.92,-184.99,0
30606,90.91,-183.89,0
30617,90.91,-179.89,0
30628,90.91,-176.99,0
30640,83.33,-178.14,0
30651,90.91,-182.26,0
30663,83.33,-185.03,0
30674,90.91,-183.62,0
30686,83.33,-179.54,0
30697,90.91,-176.07,0
30708,90.91,-177.73,0
30720,83.33,-180.74,0
30732,83.33,-184.01,0
30743,90.91,-183.68,0
30754,90.91,-179.33,0
30766,83.33,-176.15,0
30777,90.91,-177.78,0
30788,90.91,-182.41,0
30800,83.33,-184.91,0
30812,83.33,-184.07,0
30823,90.91,-180.41,0
30834,90.91,-177.13,0
30845,90.91,-178.03,0
30857,83.33,-181.57,0
30869,83.33,-184.20,0
30880,90.91,-183.75,0
30892,83.33,-179.32,0
30903,90.91,-176.14,0
30914,90.91,-176.80,0
30925,90.91,-180.87,0
30938,76.92,-184.36,0
30949,90.91,-183.95,0
30960,90.91,-180.49,0
30971,90.91,-177.73,0
30983,83.33,-178.33,0
30994,90.91,-182.17,0
31006,83.33,-185.41,0
31017,90.91,-184.95,0
31029,83.33,-181.44,0
31040,90.91,-177.17,0
31051,90.91,-177.43,0
31063,83.33,-181.20,0
31075,83.33,-183.94,0
31086,90.91,-183.20,0
31097,90.91,-179.53,0
31109,83.33,-176.04,0
31120,90.91,-176.15,0
31131,90.91,-179.61,0
31143,83.33,-183.40,0
31155,83.33,-183.87,0
31166,90.91,-180.81,0
31177,90.91,-176.75,0
31188,90.91,-176.80,0
31200,83.33,-181.15,0
31212,83.33,-184.65,0
31223,90.91,-184.50,0
31235,83.33,-181.19,0
31246,90.91,-177.25,0
31257,90.91,-177.11,0
31268,90.91,-179.79,0
31281,76.92,-183.39,0
31292,90.91,-183.57,0
31303,90.91,-179.34,0
31314,90.91,-175.19,0
31326,83.33,-175.22,0
31337,90.91,-179.01,0
31349,83.33,-183.07,0
31361,83.33,-183.72,0
31372,90.91,-180.67,0
31383,90.91,-176.59,0
31394,90.91,-177.51,0
31406,83.33,-181.42,0
31418,83.33,-185.10,0
31429,90.91,-184.91,0
31440,90.91,-181.56,0
31452,83.33,-178.10,0
31463,90.91,-177.91,0
31474,90.91,-180.28,0
31486,83.33,-184.00,0
31498,83.33,-184.20,0
31509,90.91,-180.32,0
31520,90.91,-175.96,0
31532,83.33,-175.33,0
31543,90.91,-178.83,0
31555,83.33,-183.51,0
31566,90.91,-183.96,0
31578,83.33,-180.91,0
31589,90.91,-177.77,0
31600,90.91,-176.87,0
31611,90.91,-180.32,0
31624,76.92,-184.94,0
31635,90.91,-185.07,0
31646,90.91,-182.39,0
31657,90.91,-178.77,0
31669,83.33,-178.03,0
31680,90.91,-180.71,0
31692,83.33,-183.32,0
31704,83.33,-184.13,0
31715,90.91,-180.64,0
31726,90.91,-175.92,0
31737,90.91,-174.82,0
31749,83.33,-178.59,0
31761,83.33,-182.42,0
31772,90.91,-183.78,0
31783,90.91,-180.81,0
31795,83.33,-177.29,0
31806,90.91,-176.43,0
31817,90.91,-179.83,0
31830,76.92,-184.25,0
31841,90.91,-186.20,0
31852,90.91,-183.02,0
31863,90.91,-177.98,0
31875,83.33,-177.58,0
31886,90.91,-180.39,0
31898,83.33,-183.73,0
31909,90.91,-184.71,0
31921,83.33,-180.98,0
31932,90.91,-176.80,0
31943,90.91,-175.29,0
31954,90.91,-178.32,0
31967,76.92,-182.77,0
31978,90.91,-183.84,0
31989,90.91,-181.44,0
32001,83.33,-177.88,0
32012,90.91,-177.63,0
32023,90.91,-180.02,0
32035,83.33,-183.92,0
32047,83.33,-185.52,0
32058,90.91,-183.77,0
32069,90.91,-178.44,0
32080,90.91,-176.65,0
32092,83.33,-179.33,0
32104,83.33,-183.78,0
32115,90.91,-184.98,0
32126,90.91,-181.97,0
32138,83.33,-177.20,0
32149,90.91,-175.61,0
32160,90.91,-178.00,0
32173,76.92,-182.14,0
32184,90.91,-184.69,0
32195,90.91,-182.49,0
32206,90.91,-178.64,0
32218,83.33,-177.26,0
32229,90.91,-180.51,0
32241,90.91,-184.85,0
32252,83.33,-186.76,0
32264,83.33,-184.04,0
32275,90.91,-179.46,0
32286,90.91,-177.55,0
32297,90.91,-178.90,0
32310,83.33,-182.99,0
32321,83.33,-184.53,0
32332,90.91,-182.00,0
32344,83.33,-177.67,0
32355,90.91,-175.70,0
32366,90.91,-178.33,0
32378,90.91,-182.23,0
32390,76.92,-184.20,0
32401,90.91,-182.62,0
32412,90.91,-178.22,0
32423,90.91,-176.61,0
32435,83.33,-179.65,0
32447,90.91,-183.79,0
32458,83.33,-185.83,0
32470,83.33,-183.85,0
32481,90.91,-179.19,0
32492,90.91,-176.96,0
32503,90.91,-178.10,0
32516,83.33,-182.18,0
32527,83.33,-183.74,0
32538,90.91,-181.49,0
32549,90.91,-177.78,0
32561,83.33,-175.49,0
32572,90.91,-177.56,0
32584,90.91,-182.43,0
32595,83.33,-184.55,0
32607,83.33,-183.09,0
32618,90.91,-179.36,0
32629,90.91,-177.65,0
32641,83.33,-179.80,0
32653,90.91,-184.20,0
32664,83.33,-186.81,0
32675,90.91,-184.72,0
32687,83.33,-179.38,0
32698,90.91,-176.79,0
32709,90.91,-178.37,0
32721,90.91,-181.84,0
32733,76.92,-183.48,0
32744,90.91,-181.41,0
32755,90.91,-177.92,0
32766,90.91,-175.74,0
32778,83.33,-177.69,0
32790,90.91,-181.78,0
32801,83.33,-183.81,0
32813,83.33,-182.83,0
32824,90.91,-178.56,0
32835,90.91,-176.58,0
32846,90.91,-178.99,0
32859,83.33,-183.09,0
32870,83.33,-186.35,0
32881,90.91,-184.04,0
32892,90.91,-179.03,0
32904,83.33,-176.19,0
32915,90.91,-177.58,0
32927,90.91,-182.45,0
32939,76.92,-185.20,0
32950,90.91,-182.77,0
32961,90.91,-177.95,0
32972,90.91,-175.75,0
32984,83.33,-177.29,0
32996,90.91,-181.83,0
33007,83.33,-184.49,0
33018,90.91,-183.27,0
33030,83.33,-179.51,0
33041,90.91,-177.13,0
33052,90.91,-178.94,0
33064,90.91,-183.78,0
33076,76.92,-186.02,0
33087,90.91,-183.85,0
33098,90.91,-179.63,0
33110,83.33,-177.08,0
33121,90.91,-177.90,0
33132,90.91,-181.17,0
33144,83.33,-183.10,0
33156,83.33,-182.27,0
33167,90.91,-178.32,0
33178,90.91,-175.65,0
33189,90.91,-177.69,0
33201,83.33,-181.63,0
33213,83.33,-184.80,0
33224,90.91,-183.29,0
33235,90.91,-179.47,0
33247,83.33,-176.84,0
33258,90.91,-178.13,0
33269,90.91,-183.32,0
33282,76.92,-186.23,0
33293,90.91,-184.34,0
33304,90.91,-180.19,0
33315,90.91,-177.10,0
33327,83.33,-178.55,0
33338,90.91,-181.41,0
33350,83.33,-184.21,0
33361,90.91,-183.34,0
33373,83.33,-179.71,0
33384,90.91,-176.55,0
33395,90.91,-176.95,0
33406,90.91,-181.34,0
33419,76.92,-183.82,0
33430,90.91,-183.67,0
33441,90.91,-180.35,0
33453,83.33,-177.00,0
33464,90.91,-178.30,0
33475,90.91,-182.27,0
33487,83.33,-185.55,0
33499,83.33,-185.21,0
33510,90.91,-181.14,0
33521,90.91,-177.38,0
33532,90.91,-178.08,0
33544,83.33,-181.68,0
33556,83.33,-184.69,0
33567,90.91,-183.29,0
33579,83.33,-179.05,0
33590,90.91,-176.21,0
33601,90.91,-176.78,0
33612,90.91,-180.05,0
33625,76.92,-183.60,0
33636,90.91,-183.08,0
33647,90.91,-179.91,0
33658,90.91,-176.62,0
33670,83.33,-177.99,0
33681,90.91,-182.14,0
33693,83.33,-185.50,0
33704,90.91,-185.15,0
33716,83.33,-180.72,0
33727,90.91,-176.94,0
33738,90.91,-177.18,0
33750,83.33,-181.33,0
33762,83.33,-185.06,0
33773,90.91,-183.99,0
33784,90.91,-180.16,0
33796,83.33,-176.45,0
33807,90.91,-177.02,0
33818,90.91,-181.00,0
33830,83.33,-184.42,0
33842,83.33,-184.38,0
33853,90.91,-180.61,0
33864,90.91,-176.68,0
33875,90.91,-177.68,0
33887,83.33,-181.73,0
33899,83.33,-184.94,0
33910,90.91,-184.60,0
33922,83.33,-180.92,0
33933,90.91,-177.57,0
33944,90.91,-177.79,0
33955,90.91,-180.64,0
33968,76.92,-183.93,0
33979,90.91,-183.71,0
33990,90.91,-180.64,0
34001,90.91,-176.74,0
34013,83.33,-176.45,0
34024,90.91,-180.03,0
34036,83.33,-183.63,0
34048,83.33,-183.30,0
34059,90.91,-180.27,0
34070,90.91,-177.13,0
34081,90.91,-177.41,0
34093,83.33,-180.72,0
34105,83.33,-184.53,0
34116,90.91,-185.26,0
34127,90.91,-181.36,0
34139,83.33,-176.94,0
34150,90.91,-177.32,0
34161,90.91,-180.67,0
34173,83.33,-183.88,0
34185,83.33,-183.53,0
34196,90.91,-180.24,0
34207,90.91,-176.99,0
34219,83.33,-176.67,0
34230,90.91,-179.53,0
34242,83.33,-183.46,0
34253,90.91,-184.38,0
34265,83.33,-181.16,0
34276,90.91,-176.76,0
34287,90.91,-176.65,0
34298,90.91,-179.93,0
34311,76.92,-184.18,0
34322,90.91,-184.77,0
34333,90.91,-181.87,0
34344,90.91,-177.68,0
34356,83.33,-176.59,0
34367,90.91,-179.87,0
34379,83.33,-183.60,0
34391,83.33,-184.71,0
34402,90.91,-181.58,0
34413,90.91,-178.08,0
34424,90.91,-176.51,0
34436,83.33,-179.20,0
34448,83.33,-183.04,0
34459,90.91,-183.85,0
34470,90.91,-181.77,0
34482,83.33,-177.94,0
34493,90.91,-176.88,0
34504,90.91,-180.39,0
34516,83.33,-183.74,0
34528,83.33,-184.53,0
34539,90.91,-182.05,0
34550,90.91,-177.73,0
34562,83.33,-176.43,0
34573,90.91,-180.00,0
34585,83.33,-184.11,0
34596,90.91,-185.24,0
34608,83.33,-181.91,0
34619,90.91,-177.66,0
34630,90.91,-176.47,0
34641,90.91,-179.41,0
34654,76.92,-184.54,0
34665,90.91,-185.90,0
34676,90.91,-182.86,0
34688,83.33,-178.33,0
34699,90.91,-177.12,0
34710,90.91,-179.40,0
34722,83.33,-183.39,0
34734,83.33,-185.80,0
34745,90.91,-182.81,0
34756,90.91,-177.60,0
34767,90.91,-176.20,0
34779,83.33,-179.34,0
34791,83.33,-183.80,0
34802,90.91,-184.91,0
34813,90.91,-182.60,0
34825,83.33,-178.14,0
34836,90.91,-176.74,0
34847,90.91,-178.66,0
34860,76.92,-182.46,0
34871,90.91,-184.53,0
34882,90.91,-181.85,0
34893,90.91,-178.28,0
34905,83.33,-176.61,0
34916,90.91,-178.27,0
34928,83.33,-182.04,0
34939,90.91,-183.59,0
34951,83.33,-181.75,0
34962,90.91,-177.72,0
34973,90.91,-176.14,0
34984,90.91,-179.35,0
34997,76.92,-183.15,0
35008,90.91,-184.50,0
35019,90.91,-181.57,0
35031,83.33,-178.01,0
35042,90.91,-176.52,0
35053,90.91,-178.86,0
35065,83.33,-183.10,0
35077,83.33,-184.87,0
35088,90.91,-182.72,0
35099,90.91,-178.61,0
35110,90.91,-176.13,0
35122,83.33,-178.38,0
35134,83.33,-183.30,0
35145,90.91,-184.80,0
35156,90.91,-182.51,0
35168,83.33,-178.14,0
35179,90.91,-176.28,0
35190,90.91,-179.42,0
35203,83.33,-182.96,0
35214,83.33,-184.81,0
35225,90.91,-182.67,0
35236,90.91,-178.27,0
35248,83.33,-176.26,0
35259,90.91,-178.71,0
35271,90.91,-182.89,0
35282,83.33,-185.33,0
35294,83.33,-183.64,0
35305,90.91,-179.37,0
35316,90.91,-176.46,0
35328,83.33,-178.61,0
35340,90.91,-182.75,0
35351,83.33,-185.03,0
35362,90.91,-183.00,0
35374,83.33,-178.39,0
35385,90.91,-176.50,0
35396,90.91,-178.09,0
35408,90.91,-182.38,0
35420,76.92,-185.04,0
35431,90.91,-183.80,0
35442,90.91,-179.55,0
35453,90.91,-176.95,0
35465,83.33,-178.79,0
35477,90.91,-182.69,0
35488,83.33,-184.91,0
35500,83.33,-183.15,0
35511,90.91,-179.81,0
35522,90.91,-177.17,0
35533,90.91,-178.23,0
35546,83.33,-182.57,0
35557,83.33,-184.96,0
35568,90.91,-183.17,0
35579,90.91,-179.24,0
35591,83.33,-176.21,0
35602,90.91,-177.28,0
35614,90.91,-181.50,0
35625,83.33,-184.40,0
35637,83.33,-182.76,0
35648,90.91,-178.46,0
35659,90.91,-176.04,0
35671,83.33,-177.96,0
35683,90.91,-182.42,0
35694,83.33,-184.68,0
35705,90.91,-183.69,0
35717,83.33,-179.94,0
35728,90.91,-177.02,0
35739,90.91,-177.68,0
35751,90.91,-181.98,0
35763,76.92,-184.94,0
35774,90.91,-183.64,0
35785,90.91,-179.16,0
35796,90.91,-175.99,0
35808,83.33,-177.38,0
35820,90.91,-181.57,0
35831,83.33,-184.65,0
35843,83.33,-183.11,0
35854,90.91,-179.26,0
35865,90.91,-176.10,0
35876,90.91,-177.45,0
35889,83.33,-182.01,0
35900,83.33,-185.00,0
35911,90.91,-183.86,0
35922,90.91,-180.39,0
35934,83.33,-177.01,0
35945,90.91,-177.56,0
35957,90.91,-181.80,0
35969,76.92,-185.34,0
35980,90.91,-184.22,0
35991,90.91,-180.32,0
36002,90.91,-177.22,0
36014,83.33,-178.03,0
36026,90.91,-181.39,0
36037,83.33,-184.17,0
36048,90.91,-183.71,0
36060,83.33,-179.68,0
36071,90.91,-176.72,0
36082,90.91,-177.64,0
36093,90.91,-181.86,0
36106,76.92,-185.38,0
36117,90.91,-184.33,0
36128,90.91,-180.46,0
36140,83.33,-177.17,0
36151,90.91,-178.04,0
36162,90.91,-181.39,0
36174,83.33,-185.05,0
36186,83.33,-184.44,0
36197,90.91,-180.63,0
36208,90.91,-176.84,0
36219,90.91,-176.47,0
36231,83.33,-179.71,0
36243,83.33,-183.73,0
36254,90.91,-184.01,0
36265,90.91,-180.25,0
36277,83.33,-176.86,0
36288,90.91,-177.65,0
36299,90.91,-180.86,0
36312,76.92,-184.73,0
36323,90.91,-184.85,0
36334,90.91,-180.86,0
36345,90.91,-177.47,0
36357,83.33,-177.09,0
36368,90.91,-180.69,0
36380,83.33,-184.39,0
36391,90.91,-185.07,0
36403,83.33,-181.92,0
36414,90.91,-177.25,0
36425,90.91,-177.24,0
36436,90.91,-179.75,0
36449,76.92,-183.65,0
36460,90.91,-183.98,0
36471,90.91,-181.07,0
36483,83.33,-176.99,0
36494,90.91,-177.01,0
36505,90.91,-180.46,0
36517,83.33,-184.13,0
36529,83.33,-184.97,0
36540,90.91,-181.96,0
36551,90.91,-177.53,0
36562,90.91,-176.28,0
36574,83.33,-180.26,0
36586,83.33,-184.47,0
36597,90.91,-185.25,0
36609,83.33,-181.97,0
36620,90.91,-177.98,0
36631,90.91,-176.73,0
36642,90.91,-179.87,0
36655,76.92,-183.45,0
36666,90.91,-184.11,0
36677,90.91,-180.84,0
36688,90.91,-177.68,0
36700,83.33,-177.23,0
36711,90.91,-179.63,0
36723,83.33,-183.43,0
36734,90.91,-184.93,0
36746,83.33,-181.94,0
36757,90.91,-177.65,0
36768,90.91,-176.60,0
36780,83.33,-179.79,0
36792,83.33,-183.96,0
36803,90.91,-185.80,0
36814,90.91,-183.10,0
36826,83.33,-178.02,0
36837,90.91,-175.93,0
36848,90.91,-179.13,0
36860,83.33,-183.38,0
36872,83.33,-184.53,0
36883,90.91,-181.62,0
36894,90.91,-177.32,0
36905,90.91,-175.88,0
36917,83.33,-178.92,0
36929,83.33,-182.90,0
36940,90.91,-183.66,0
36952,83.33,-181.60,0
36963,90.91,-177.54,0
36974,90.91,-176.35,0
36985,90.91,-179.32,0
36998,76.92,-183.38,0
37009,90.91,-185.37,0
37020,90.91,-182.58,0
37031,90.91,-178.50,0
37043,83.33,-176.24,0
37054,90.91,-178.29,0
37066,83.33,-182.96,0
37078,83.33,-184.69,0
37089,90.91,-182.53,0
37100,90.91,-178.35,0
37111,90.91,-176.52,0
37123,83.33,-179.32,0
37135,83.33,-182.64,0
37146,90.91,-184.62,0
37157,90.91,-182.69,0
37169,83.33,-178.34,0
37180,90.91,-175.49,0
37191,90.91,-178.31,0
37203,83.33,-183.44,0
37215,83.33,-185.14,0
37226,90.91,-183.41,0
37237,90.91,-179.54,0
37249,83.33,-176.27,0
37260,90.91,-178.58,0
37272,83.33,-182.23,0
37283,90.91,-184.86,0
37295,83.33,-183.24,0
37306,90.91,-178.78,0
37317,90.91,-176.67,0
37328,90.91,-178.24,0
37341,76.92,-182.49,0
37352,90.91,-184.56,0
37363,90.91,-183.18,0
37374,90.91,-179.31,0
37386,83.33,-176.99,0
37397,90.91,-178.37,0
37409,83.33,-182.81,0
37421,83.33,-184.44,0
37432,90.91,-183.61,0
37443,90.91,-179.14,0
37454,90.91,-176.16,0
37466,83.33,-178.05,0
37478,83.33,-182.43,0
37489,90.91,-185.26,0
37500,90.91,-183.87,0
37512,83.33,-178.84,0
37523,90.91,-175.86,0
37534,90.91,-176.76,0
37547,76.92,-181.60,0
37558,90.91,-184.62,0
37569,90.91,-183.46,0
37580,90.91,-180.24,0
37592,83.33,-177.45,0
37603,90.91,-178.22,0
37615,83.33,-182.82,0
37626,90.91,-186.34,0
37638,83.33,-184.67,0
37649,90.91,-179.56,0
37660,90.91,-176.11,0
37671,90.91,-176.93,0
37684,76.92,-181.10,0
37695,90.91,-184.82,0
37706,90.91,-184.57,0
37718,83.33,-179.78,0
37729,90.91,-176.21,0
37740,90.91,-177.22,0
37752,83.33,-181.37,0
37764,83.33,-184.63,0
37775,90.91,-184.12,0
37786,90.91,-180.38,0
37797,90.91,-176.96,0
37809,83.33,-178.16,0
37821,83.33,-181.61,0
37832,90.91,-184.80,0
37843,90.91,-183.94,0
37855,83.33,-180.10,0
37866,90.91,-176.82,0
37877,90.91,-176.94,0
37890,76.92,-181.08,0
37901,90.91,-184.13,0
37912,90.91,-183.93,0
37923,90.91,-179.80,0
37935,83.33,-176.10,0
37946,90.91,-176.10,0
37958,83.33,-180.46,0
37969,90.91,-184.22,0
37981,83.33,-184.11,0
37992,90.91,-181.21,0
38003,90.91,-177.13,0
38014,90.91,-177.49,0
38027,76.92,-181.10,0
38038,90.91,-184.81,0
38049,90.91,-185.62,0
38061,83.33,-181.87,0
38072,90.91,-176.99,0
38083,90.91,-176.45,0
38095,83.33,-179.98,0
38107,83.33,-184.29,0
38118,90.91,-184.87,0
38129,90.91,-181.15,0
38140,90.91,-177.34,0
38152,83.33,-177.01,0
38164,83.33,-180.47,0
38175,90.91,-184.46,0
38187,83.33,-185.01,0
38198,90.91,-181.18,0
38209,90.91,-177.45,0
38220,90.91,-177.11,0
38233,76.92,-180.13,0
38244,90.91,-183.16,0
38255,90.91,-184.32,0
38266,90.91,-181.09,0
38278,83.33,-176.56,0
38289,90.91,-175.72,0
38301,83.33,-179.90,0
38312,90.91,-184.42,0
38324,83.33,-184.90,0
38335,90.91,-180.81,0
38346,90.91,-175.99,0
38358,83.33,-175.84,0
38370,83.33,-179.88,0
38381,90.91,-183.84,0
38392,90.91,-185.25,0
38404,83.33,-182.69,0
38415,90.91,-177.78,0
38426,90.91,-176.66,0
38438,83.33,-179.65,0
38450,83.33,-183.81,0
38461,90.91,-184.78,0
38472,90.91,-182.27,0
38483,90.91,-178.22,0
38495,83.33,-176.27,0
38507,83.33,-179.07,0
38518,90.91,-183.46,0
38530,83.33,-184.64,0
38541,90.91,-181.20,0
38552,90.91,-177.10,0
38563,90.91,-176.17,0
38576,76.92,-178.37,0
38587,90.91,-182.34,0
38598,90.91,-184.61,0
38609,90.91,-182.24,0
38621,83.33,-177.79,0
38632,90.91,-175.85,0
38644,83.33,-178.87,0
38656,83.33,-182.53,0
38667,90.91,-184.43,0
38678,90.91,-181.78,0
38689,90.91,-177.87,0
38701,83.33,-176.10,0
38713,83.33,-178.25,0
38724,90.91,-182.44,0
