66,15.15,-197.06,0
77,90.91,-196.38,0
89,83.33,-195.95,0
100,90.91,-196.62,0
111,90.91,-197.67,0
123,83.33,-198.14,0
135,83.33,-199.25,0
146,90.91,-199.70,0
157,90.91,-200.30,0
168,90.91,-199.69,0
180,83.33,-199.42,0
192,83.33,-199.11,0
203,90.91,-198.17,0
215,83.33,-197.13,0
226,90.91,-196.41,0
237,90.91,-196.58,0
248,90.91,-196.79,0
261,76.92,-197.33,0
272,90.91,-198.14,0
283,90.91,-199.33,0
294,90.91,-199.92,0
306,83.33,-200.03,0
317,90.91,-199.49,0
329,83.33,-199.20,0
340,90.91,-198.66,0
352,83.33,-198.28,0
363,90.91,-197.66,0
374,90.91,-196.72,0
387,83.33,-196.92,0
398,83.33,-197.13,0
409,90.91,-197.30,0
420,90.91,-198.42,0
432,83.33,-198.67,0
443,90.91,-199.40,0
455,90.91,-200.09,0
466,83.33,-199.70,0
478,83.33,-198.70,0
489,90.91,-197.71,0
500,90.91,-197.05,0
512,83.33,-196.99,0
524,83.33,-196.75,0
535,90.91,-196.68,0
546,90.91,-196.91,0
558,83.33,-197.94,0
569,90.91,-199.03,0
580,90.91,-200.61,0
592,83.33,-200.75,0
604,83.33,-199.92,0
615,90.91,-199.14,0
626,90.91,-198.17,0
637,90.91,-197.15,0
649,83.33,-196.37,0
661,83.33,-195.76,0
672,90.91,-196.24,0
684,83.33,-196.96,0
695,90.91,-198.32,0
706,90.91,-199.50,0
717,90.91,-199.91,0
730,76.92,-200.06,0
741,90.91,-199.79,0
752,90.91,-199.14,0
763,90.91,-198.30,0
775,83.33,-197.22,0
786,90.91,-196.95,0
798,83.33,-196.79,0
809,90.91,-196.52,0
821,83.33,-196.55,0
832,90.91,-197.45,0
843,90.91,-198.50,0
855,83.33,-198.97,0
867,83.33,-199.46,0
878,90.91,-199.54,0
889,90.91,-199.31,0
901,83.33,-198.63,0
912,90.91,-197.95,0
923,90.91,-197.43,0
935,83.33,-197.15,0
947,83.33,-196.76,0
958,90.91,-197.10,0
969,90.91,-197.56,0
980,90.91,-197.83,0
993,83.33,-198.48,0
1004,83.33,-199.32,0
1015,90.91,-199.10,0
1027,83.33,-199.15,0
1038,90.91,-199.32,0
1049,90.91,-199.24,0
1061,90.91,-198.36,0
1073,76.92,-197.65,0
1084,90.91,-197.25,0
1095,90.91,-197.28,0
1106,90.91,-197.09,0
1118,83.33,-197.41,0
1130,83.33,-198.15,0
1141,90.91,-198.48,0
1153,83.33,-198.90,0
1164,90.91,-199.09,0
1175,90.91,-199.86,0
1186,90.91,-199.54,0
1199,76.92,-198.73,0
1210,90.91,-198.02,0
1221,90.91,-197.33,0
1232,90.91,-196.11,0
1244,83.33,-196.14,0
1255,90.91,-196.44,0
1267,83.33,-197.26,0
1278,90.91,-198.16,0
1290,83.33,-198.70,0
1301,90.91,-199.31,0
1312,90.91,-199.47,0
1324,83.33,-199.12,0
1336,83.33,-198.42,0
1347,90.91,-198.08,0
1358,90.91,-197.47,0
1370,83.33,-197.25,0
1381,90.91,-196.38,0
1392,90.91,-197.21,0
1404,83.33,-198.38,0
1416,83.33,-198.38,0
1427,90.91,-198.93,0
1438,90.91,-199.31,0
1449,90.91,-199.53,0
1461,83.33,-199.43,0
1473,83.33,-198.55,0
1484,90.91,-197.71,0
1496,83.33,-197.49,0
1507,90.91,-197.01,0
1518,90.91,-196.91,0
1529,90.91,-197.27,0
1542,76.92,-197.61,0
1553,90.91,-197.87,0
1564,90.91,-198.64,0
1575,90.91,-199.32,0
1587,83.33,-199.81,0
1599,90.91,-199.37,0
1610,83.33,-198.48,0
1622,83.33,-198.22,0
1633,90.91,-198.58,0
1644,90.91,-197.73,0
1655,90.91,-197.35,0
1668,83.33,-196.90,0
1679,83.33,-197.79,0
1690,90.91,-198.01,0
1701,90.91,-197.88,0
1713,83.33,-198.18,0
1724,90.91,-198.50,0
1736,83.33,-199.09,0
1747,90.91,-199.44,0
1759,83.33,-198.59,0
1770,90.91,-198.34,0
1781,90.91,-198.54,0
1793,83.33,-198.13,0
1805,83.33,-197.90,0
1816,90.91,-197.18,0
1827,90.91,-197.20,0
1839,83.33,-197.83,0
1850,90.91,-198.17,0
1861,90.91,-199.03,0
1873,83.33,-199.33,0
1885,83.33,-199.92,0
1896,90.91,-199.73,0
1907,90.91,-198.94,0
1918,90.91,-197.89,0
1930,83.33,-197.76,0
1942,83.33,-197.23,0
1953,90.91,-196.84,0
1965,83.33,-196.72,0
1976,90.91,-197.03,0
1987,90.91,-197.86,0
1998,90.91,-198.98,0
2011,76.92,-199.82,0
2022,90.91,-199.59,0
2033,90.91,-199.06,0
2044,90.91,-199.28,0
2056,83.33,-198.27,0
2067,90.91,-197.38,0
2079,83.33,-197.17,0
2091,83.33,-196.93,0
2102,90.91,-197.00,0
2113,90.91,-197.24,0
2124,90.91,-197.96,0
2136,83.33,-198.41,0
2148,83.33,-199.14,0
2159,90.91,-199.46,0
2170,90.91,-198.93,0
2182,83.33,-198.88,0
2193,90.91,-198.28,0
2204,90.91,-197.51,0
2216,83.33,-197.08,0
2228,83.33,-197.45,0
2239,90.91,-197.09,0
2250,90.91,-198.00,0
2262,83.33,-198.58,0
2273,90.91,-198.79,0
2285,83.33,-199.19,0
2296,90.91,-199.41,0
2308,83.33,-198.83,0
2319,90.91,-198.71,0
2330,90.91,-198.67,0
2342,90.91,-198.02,0
2354,76.92,-197.29,0
2365,90.91,-197.12,0
2376,90.91,-197.50,0
2387,90.91,-197.33,0
2399,83.33,-197.89,0
2411,90.91,-198.20,0
2422,83.33,-198.30,0
2434,83.33,-198.75,0
2445,90.91,-198.84,0
2456,90.91,-199.09,0
2467,90.91,-198.75,0
2480,83.33,-198.44,0
2491,83.33,-198.22,0
2502,90.91,-197.81,0
2513,90.91,-197.42,0
2525,83.33,-197.15,0
2536,90.91,-197.28,0
2548,83.33,-197.61,0
2560,83.33,-197.69,0
2571,90.91,-198.45,0
2582,90.91,-198.36,0
2593,90.91,-198.91,0
2605,83.33,-198.67,0
2617,83.33,-198.55,0
2628,90.91,-198.28,0
2639,90.91,-197.93,0
2651,83.33,-198.24,0
2662,90.91,-197.93,0
2673,90.91,-196.88,0
2685,83.33,-197.11,0
2697,83.33,-198.19,0
2708,90.91,-198.67,0
2719,90.91,-198.98,0
2731,83.33,-200.03,0
2742,90.91,-199.87,0
2754,83.33,-198.70,0
2765,90.91,-198.08,0
2777,83.33,-197.30,0
2788,90.91,-196.85,0
2799,90.91,-197.06,0
2810,90.91,-196.83,0
2823,76.92,-197.28,0
2834,90.91,-197.46,0
2845,90.91,-198.19,0
2856,90.91,-199.57,0
2868,83.33,-199.87,0
2879,90.91,-199.22,0
2891,83.33,-198.60,0
2903,83.33,-198.85,0
2914,90.91,-197.89,0
2925,90.91,-197.45,0
2936,90.91,-196.86,0
2948,83.33,-196.84,0
2960,83.33,-197.06,0
2971,90.91,-197.33,0
2982,90.91,-198.37,0
2994,83.33,-199.71,0
3005,90.91,-199.43,0
3016,90.91,-198.13,0
3028,83.33,-198.37,0
3040,83.33,-197.49,0
3051,90.91,-197.73,0
3062,90.91,-197.47,0
3074,83.33,-197.40,0
3086,90.91,-197.43,0
3097,83.33,-197.65,0
3108,90.91,-197.97,0
3120,83.33,-198.36,0
3131,90.91,-198.42,0
3142,90.91,-198.64,0
3154,90.91,-198.75,0
3166,76.92,-198.50,0
3177,90.91,-198.06,0
3188,90.91,-197.88,0
3200,83.33,-197.53,0
3211,90.91,-197.33,0
3223,90.91,-197.17,0
3234,83.33,-197.18,0
3246,83.33,-197.17,0
3257,90.91,-197.40,0
3268,90.91,-198.07,0
3279,90.91,-198.48,0
3292,76.92,-198.56,0
3303,90.91,-199.16,0
3314,90.91,-199.42,0
3325,90.91,-199.67,0
3337,83.33,-198.87,0
3348,90.91,-198.72,0
3360,83.33,-198.13,0
3372,83.33,-197.62,0
3383,90.91,-196.93,0
3394,90.91,-197.13,0
3405,90.91,-197.84,0
3417,83.33,-198.90,0
3429,83.33,-199.30,0
3440,90.91,-199.49,0
3451,90.91,-199.37,0
3463,83.33,-198.99,0
3474,90.91,-198.51,0
3485,90.91,-198.09,0
3497,83.33,-197.18,0
3509,83.33,-196.30,0
3520,90.91,-196.44,0
3531,90.91,-197.29,0
3543,83.33,-197.28,0
3554,90.91,-197.84,0
3566,83.33,-199.09,0
3577,90.91,-200.03,0
3589,83.33,-200.14,0
3600,90.91,-199.39,0
3611,90.91,-198.51,0
3622,90.91,-198.63,0
3635,76.92,-198.09,0
3646,90.91,-197.83,0
3657,90.91,-197.21,0
3668,90.91,-197.10,0
3680,83.33,-197.16,0
3691,90.91,-197.31,0
3703,83.33,-197.76,0
3715,83.33,-198.45,0
3726,90.91,-198.97,0
3737,90.91,-199.16,0
3748,90.91,-199.03,0
3760,83.33,-198.64,0
3772,83.33,-197.76,0
3783,90.91,-197.54,0
3794,90.91,-196.98,0
3806,83.33,-197.06,0
3817,90.91,-197.53,0
3829,90.91,-196.78,0
3841,76.92,-196.93,0
3852,90.91,-197.50,0
3863,90.91,-198.18,0
3874,90.91,-198.96,0
3886,83.33,-199.20,0
3898,90.91,-199.31,0
3909,83.33,-198.53,0
3920,90.91,-198.11,0
3932,83.33,-198.00,0
3943,90.91,-197.09,0
3954,90.91,-196.58,0
3966,90.91,-196.28,0
3978,76.92,-196.83,0
3989,90.91,-197.61,0
4000,90.91,-198.88,0
4012,83.33,-199.81,0
4023,90.91,-200.05,0
4035,83.33,-199.89,0
4046,90.91,-199.24,0
4058,83.33,-198.83,0
4069,90.91,-198.00,0
4080,90.91,-196.99,0
4091,90.91,-196.68,0
4104,76.92,-196.50,0
4115,90.91,-196.91,0
4126,90.91,-197.27,0
4137,90.91,-198.21,0
4149,83.33,-199.07,0
4160,90.91,-199.11,0
4172,83.33,-199.89,0
4184,83.33,-199.95,0
4195,90.91,-199.40,0
4206,90.91,-198.15,0
4217,90.91,-197.45,0
4229,83.33,-197.28,0
4241,83.33,-196.70,0
4252,90.91,-196.69,0
4263,90.91,-197.72,0
4275,83.33,-198.26,0
4286,90.91,-199.14,0
4297,90.91,-199.96,0
4310,76.92,-199.82,0
4321,90.91,-199.33,0
4332,90.91,-198.66,0
4343,90.91,-197.75,0
4355,83.33,-197.62,0
4366,90.91,-197.74,0
4378,83.33,-197.42,0
4389,90.91,-197.62,0
4401,83.33,-197.50,0
4412,90.91,-198.22,0
4423,90.91,-198.37,0
4434,90.91,-198.40,0
4447,76.92,-198.75,0
4458,90.91,-198.78,0
4469,90.91,-198.64,0
4481,83.33,-198.25,0
4492,90.91,-198.19,0
4503,90.91,-198.08,0
4515,83.33,-197.52,0
4527,83.33,-196.94,0
4538,90.91,-196.90,0
4549,90.91,-196.75,0
4560,90.91,-197.52,0
4573,83.33,-198.10,0
4584,83.33,-198.63,0
4595,90.91,-198.95,0
4606,90.91,-198.85,0
4618,83.33,-199.03,0
4629,90.91,-198.42,0
4641,90.91,-198.14,0
4653,76.92,-198.11,0
4664,90.91,-197.40,0
4675,90.91,-196.86,0
4686,90.91,-196.45,0
4698,83.33,-196.99,0
4710,90.91,-197.83,0
4721,83.33,-198.13,0
4732,90.91,-198.24,0
4744,83.33,-198.97,0
4755,90.91,-199.35,0
4766,90.91,-199.17,0
4779,76.92,-198.87,0
4790,90.91,-198.03,0
4801,90.91,-196.86,0
4812,90.91,-196.57,0
4824,83.33,-197.04,0
4835,90.91,-197.79,0
4847,83.33,-198.09,0
4858,90.91,-198.33,0
4870,83.33,-198.53,0
4881,90.91,-199.53,0
4892,90.91,-199.77,0
4903,90.91,-199.22,0
4916,76.92,-198.40,0
4927,90.91,-198.02,0
4938,90.91,-197.68,0
4950,83.33,-197.58,0
4961,90.91,-196.59,0
4972,90.91,-196.73,0
4984,83.33,-198.00,0
4996,83.33,-198.28,0
5007,90.91,-198.66,0
5018,90.91,-198.84,0
5029,90.91,-199.38,0
5041,83.33,-198.76,0
5053,83.33,-198.44,0
5064,90.91,-197.78,0
5075,90.91,-197.41,0
5087,83.33,-197.65,0
5098,90.91,-197.87,0
5109,90.91,-197.76,0
5122,76.92,-197.80,0
5133,90.91,-198.48,0
5144,90.91,-198.10,0
5155,90.91,-197.89,0
5167,83.33,-198.48,0
5178,90.91,-198.31,0
5190,83.33,-198.21,0
5201,90.91,-197.94,0
5213,83.33,-198.18,0
5224,90.91,-198.39,0
5235,90.91,-197.58,0
5246,90.91,-197.40,0
5259,76.92,-197.68,0
5270,90.91,-197.67,0
5281,90.91,-197.84,0
5293,83.33,-197.58,0
5304,90.91,-197.62,0
5316,90.91,-198.00,0
5327,83.33,-198.49,0
5339,83.33,-198.54,0
5350,90.91,-198.23,0
5361,90.91,-198.88,0
5372,90.91,-198.40,0
5385,83.33,-197.70,0
5396,83.33,-196.79,0
5407,90.91,-196.89,0
5419,83.33,-196.97,0
5430,90.91,-196.99,0
5441,90.91,-197.47,0
5453,90.91,-198.13,0
5465,76.92,-198.97,0
5476,90.91,-199.42,0
5487,90.91,-199.59,0
5498,90.91,-199.14,0
5510,83.33,-198.31,0
5522,83.33,-197.76,0
5533,90.91,-196.89,0
5544,90.91,-197.42,0
5556,83.33,-197.79,0
5567,90.91,-198.13,0
5578,90.91,-198.64,0
5591,76.92,-199.21,0
5602,90.91,-198.96,0
5613,90.91,-199.17,0
5624,90.91,-198.91,0
5636,83.33,-198.47,0
5647,90.91,-197.78,0
5659,83.33,-197.37,0
5670,90.91,-197.59,0
5682,83.33,-198.05,0
5693,90.91,-197.86,0
5704,90.91,-198.66,0
5715,90.91,-198.44,0
5728,76.92,-198.63,0
5739,90.91,-198.96,0
5750,90.91,-198.69,0
5762,83.33,-198.51,0
5773,90.91,-198.38,0
5784,90.91,-198.15,0
5796,83.33,-197.92,0
5808,83.33,-197.98,0
5819,90.91,-197.71,0
5830,90.91,-197.57,0
5841,90.91,-197.40,0
5853,83.33,-197.81,0
5865,83.33,-198.48,0
5876,90.91,-198.60,0
5888,83.33,-198.62,0
5899,90.91,-198.28,0
5910,90.91,-198.97,0
5921,90.91,-198.28,0
5934,76.92,-197.88,0
5945,90.91,-198.30,0
5956,90.91,-197.67,0
5967,90.91,-197.37,0
5979,83.33,-197.84,0
5990,90.91,-198.25,0
6002,83.33,-197.88,0
6013,90.91,-198.07,0
6025,83.33,-198.41,0
6036,90.91,-198.43,0
6047,90.91,-199.40,0
6059,83.33,-199.16,0
6071,83.33,-198.99,0
6082,90.91,-198.08,0
6093,90.91,-197.88,0
6105,83.33,-197.35,0
6116,90.91,-196.87,0
6128,90.91,-196.88,0
6139,83.33,-196.91,0
6151,83.33,-197.66,0
6162,90.91,-198.30,0
6173,90.91,-199.35,0
6184,90.91,-199.48,0
6197,83.33,-199.64,0
6208,83.33,-199.16,0
6219,90.91,-198.75,0
6231,83.33,-198.39,0
6242,90.91,-197.43,0
6253,90.91,-197.55,0
6265,83.33,-197.08,0
6277,83.33,-196.79,0
6288,90.91,-197.88,0
6299,90.91,-198.75,0
6310,90.91,-198.64,0
6322,83.33,-199.22,0
6334,83.33,-198.76,0
6345,90.91,-198.50,0
6356,90.91,-198.22,0
6368,83.33,-197.58,0
6379,90.91,-196.86,0
6390,90.91,-197.07,0
6403,76.92,-196.85,0
6414,90.91,-197.33,0
6425,90.91,-198.13,0
6436,90.91,-198.15,0
6448,83.33,-198.79,0
6459,90.91,-198.92,0
6471,83.33,-198.91,0
6482,90.91,-198.37,0
6494,83.33,-197.81,0
6505,90.91,-198.04,0
6516,90.91,-198.01,0
6528,83.33,-198.41,0
6540,83.33,-197.82,0
6551,90.91,-197.89,0
6562,90.91,-198.27,0
6574,83.33,-198.39,0
6585,90.91,-198.59,0
6596,90.91,-198.37,0
6608,83.33,-198.45,0
6620,83.33,-198.34,0
6631,90.91,-198.09,0
6642,90.91,-198.28,0
6653,90.91,-197.80,0
6665,83.33,-197.56,0
6677,83.33,-197.93,0
6688,90.91,-197.37,0
6700,83.33,-197.38,0
6711,90.91,-197.67,0
6722,90.91,-197.96,0
6733,90.91,-198.13,0
6746,76.92,-198.64,0
6757,90.91,-198.59,0
6768,90.91,-198.61,0
6779,90.91,-199.10,0
6791,83.33,-198.05,0
6803,90.91,-197.52,0
6814,83.33,-197.44,0
6825,90.91,-197.33,0
6837,83.33,-198.05,0
6848,90.91,-197.27,0
6859,90.91,-197.22,0
6872,83.33,-198.48,0
6883,83.33,-199.29,0
6894,90.91,-198.70,0
6905,90.91,-199.02,0
6917,83.33,-198.86,0
6928,90.91,-198.20,0
6940,90.91,-197.59,0
6951,83.33,-197.46,0
6963,83.33,-196.99,0
6974,90.91,-197.09,0
6985,90.91,-198.02,0
6996,90.91,-198.27,0
7009,76.92,-198.58,0
7020,90.91,-198.87,0
7031,90.91,-199.16,0
7043,83.33,-199.62,0
7054,90.91,-199.16,0
7065,90.91,-198.62,0
7077,83.33,-197.90,0
7089,83.33,-197.40,0
7100,90.91,-196.90,0
7111,90.91,-197.43,0
7122,90.91,-197.78,0
7134,83.33,-198.14,0
7146,83.33,-198.93,0
7157,90.91,-199.37,0
7169,83.33,-198.94,0
7180,90.91,-198.94,0
7191,90.91,-198.80,0
7202,90.91,-199.04,0
7215,76.92,-198.26,0
7226,90.91,-197.75,0
7237,90.91,-197.02,0
7248,90.91,-196.90,0
7260,83.33,-197.57,0
7271,90.91,-197.66,0
7283,83.33,-198.21,0
7294,90.91,-198.66,0
7306,83.33,-199.12,0
7317,90.91,-198.46,0
7328,90.91,-198.31,0
7340,83.33,-198.76,0
7352,83.33,-198.87,0
7363,90.91,-198.25,0
7374,90.91,-197.74,0
7386,83.33,-197.86,0
7397,90.91,-197.67,0
7408,90.91,-197.66,0
7420,83.33,-198.06,0
7432,83.33,-197.96,0
7443,90.91,-197.93,0
7454,90.91,-198.34,0
7465,90.91,-198.39,0
7477,83.33,-198.40,0
7489,83.33,-198.50,0
7500,90.91,-197.81,0
7512,83.33,-197.52,0
7523,90.91,-197.90,0
7534,90.91,-197.89,0
7546,90.91,-197.92,0
7558,76.92,-197.19,0
7569,90.91,-197.25,0
7580,90.91,-198.08,0
7591,90.91,-198.60,0
7603,83.33,-198.71,0
7615,90.91,-198.74,0
7626,83.33,-199.26,0
7638,83.33,-198.59,0
7649,90.91,-197.92,0
7660,90.91,-197.40,0
7671,90.91,-197.06,0
7684,83.33,-197.56,0
7695,90.91,-197.83,0
7706,90.91,-197.84,0
7717,90.91,-198.68,0
7729,83.33,-198.95,0
7740,90.91,-198.69,0
7752,83.33,-198.98,0
7763,90.91,-198.91,0
7775,83.33,-198.17,0
7786,90.91,-197.47,0
7797,90.91,-197.21,0
7809,83.33,-197.24,0
7821,83.33,-197.59,0
7832,90.91,-197.97,0
7843,90.91,-198.45,0
7855,83.33,-198.28,0
7866,90.91,-198.18,0
7877,90.91,-198.63,0
7889,83.33,-198.35,0
7901,83.33,-198.41,0
7912,90.91,-198.35,0
7923,90.91,-197.97,0
7934,90.91,-197.60,0
7946,83.33,-197.34,0
7958,83.33,-197.10,0
7969,90.91,-197.64,0
7981,83.33,-198.00,0
7992,90.91,-198.40,0
8003,90.91,-198.37,0
8014,90.91,-198.37,0
8027,76.92,-197.90,0
8038,90.91,-198.28,0
8049,90.91,-198.25,0
8060,90.91,-198.77,0
8072,83.33,-198.02,0
8083,90.91,-197.99,0
8095,83.33,-197.62,0
8107,83.33,-197.56,0
8118,90.91,-198.34,0
8129,90.91,-198.07,0
8140,90.91,-198.03,0
8152,83.33,-197.83,0
8164,83.33,-198.02,0
8175,90.91,-198.62,0
8186,90.91,-198.62,0
8198,83.33,-198.33,0
8209,90.91,-198.32,0
8220,90.91,-198.36,0
8232,83.33,-197.72,0
8244,83.33,-197.02,0
8255,90.91,-196.84,0
8266,90.91,-196.95,0
8278,83.33,-197.60,0
8289,90.91,-198.20,0
8301,83.33,-198.68,0
8312,90.91,-198.87,0
8324,83.33,-198.49,0
8335,90.91,-198.74,0
8346,90.91,-198.37,0
8358,90.91,-197.79,0
8370,76.92,-197.95,0
8381,90.91,-197.24,0
8392,90.91,-197.33,0
8403,90.91,-197.71,0
8415,83.33,-197.85,0
8427,90.91,-198.41,0
8438,83.33,-198.60,0
8450,83.33,-198.99,0
8461,90.91,-199.39,0
8472,90.91,-199.43,0
8483,90.91,-198.71,0
8496,76.92,-198.14,0
8507,90.91,-197.69,0
8518,90.91,-196.84,0
8529,90.91,-197.26,0
8541,83.33,-197.23,0
8552,90.91,-197.40,0
8564,83.33,-198.15,0
8576,83.33,-199.14,0
8587,90.91,-198.84,0
8598,90.91,-198.79,0
8609,90.91,-198.70,0
8621,83.33,-198.30,0
8633,83.33,-197.66,0
8644,90.91,-197.97,0
8655,90.91,-197.27,0
8667,83.33,-197.55,0
8678,90.91,-198.07,0
8689,90.91,-197.90,0
8701,83.33,-198.12,0
8713,83.33,-198.92,0
8724,90.91,-199.08,0
8735,90.91,-198.74,0
8747,83.33,-198.96,0
8758,90.91,-198.28,0
8770,83.33,-197.28,0
8781,90.91,-197.93,0
8793,83.33,-198.18,0
8804,90.91,-197.32,0
8815,90.91,-197.22,0
8826,90.91,-197.59,0
8839,76.92,-198.26,0
8850,90.91,-198.09,0
8861,90.91,-197.95,0
8872,90.91,-198.01,0
8884,83.33,-198.49,0
8895,90.91,-198.50,0
8907,83.33,-199.04,0
8919,83.33,-198.51,0
8930,90.91,-197.69,0
8941,90.91,-197.51,0
8952,90.91,-197.57,0
8964,83.33,-197.15,0
8976,83.33,-197.45,0
8987,90.91,-197.53,0
8998,90.91,-197.18,0
9010,83.33,-197.55,0
9021,90.91,-198.17,0
9032,90.91,-198.96,0
9044,83.33,-199.15,0
9056,83.33,-198.24,0
9067,90.91,-198.44,0
9078,90.91,-197.70,0
9090,83.33,-197.16,0
9102,90.91,-196.99,0
9113,83.33,-197.51,0
9124,90.91,-197.95,0
9136,83.33,-198.07,0
9147,90.91,-198.59,0
9158,90.91,-199.29,0
9170,90.91,-199.59,0
9182,76.92,-199.86,0
9193,90.91,-198.95,0
9204,90.91,-198.56,0
9216,83.33,-198.19,0
9227,90.91,-198.01,0
9239,90.91,-197.45,0
9250,83.33,-197.54,0
9262,83.33,-198.59,0
9273,90.91,-198.60,0
9284,90.91,-199.35,0
9295,90.91,-199.15,0
9308,76.92,-198.89,0
9319,90.91,-198.41,0
9330,90.91,-198.21,0
9341,90.91,-197.67,0
9353,83.33,-197.15,0
9364,90.91,-197.47,0
9376,83.33,-197.13,0
9388,83.33,-197.78,0
9399,90.91,-198.35,0
9410,90.91,-198.49,0
9421,90.91,-198.38,0
9433,83.33,-198.63,0
9445,83.33,-198.69,0
9456,90.91,-198.44,0
9467,90.91,-198.56,0
9479,83.33,-198.16,0
9490,90.91,-197.48,0
9501,90.91,-197.17,0
9513,83.33,-197.11,0
9525,83.33,-197.56,0
9536,90.91,-197.98,0
9547,90.91,-198.62,0
9559,83.33,-198.67,0
9570,90.91,-198.82,0
9582,83.33,-198.97,0
9593,90.91,-198.43,0
9605,83.33,-198.29,0
9616,90.91,-198.42,0
9627,90.91,-198.33,0
9638,90.91,-198.11,0
9651,76.92,-198.15,0
9662,90.91,-198.11,0
9673,90.91,-197.54,0
9684,90.91,-197.52,0
9696,83.33,-197.77,0
9707,90.91,-198.12,0
9719,83.33,-198.50,0
9731,83.33,-198.89,0
9742,90.91,-199.83,0
9753,90.91,-198.86,0
9764,90.91,-198.54,0
9776,83.33,-198.38,0
9788,83.33,-197.87,0
9799,90.91,-197.49,0
9810,90.91,-197.34,0
9822,83.33,-197.64,0
9833,90.91,-197.45,0
9845,90.91,-197.91,0
9857,76.92,-198.70,0
9868,90.91,-199.19,0
9879,90.91,-198.95,0
9890,90.91,-198.92,0
9902,83.33,-198.71,0
9914,90.91,-198.15,0
9925,83.33,-197.74,0
9936,90.91,-197.64,0
9948,83.33,-197.60,0
9959,90.91,-197.82,0
9970,90.91,-198.17,0
9982,83.33,-198.23,0
9994,83.33,-198.62,0
10005,90.91,-198.61,0
10016,90.91,-198.81,0
10028,83.33,-198.78,0
10039,90.91,-198.85,0
10051,83.33,-197.98,0
10062,90.91,-197.69,0
10074,83.33,-197.52,0
10085,90.91,-197.64,0
10096,90.91,-197.73,0
10107,90.91,-197.44,0
10120,76.92,-197.77,0
10131,90.91,-197.98,0
10142,90.91,-198.96,0
10153,90.91,-198.68,0
10165,83.33,-198.66,0
10176,90.91,-197.83,0
10188,83.33,-197.72,0
10200,83.33,-197.67,0
10211,90.91,-197.59,0
10222,90.91,-197.73,0
10233,90.91,-198.13,0
10245,83.33,-197.68,0
10257,83.33,-197.70,0
10268,90.91,-198.10,0
10279,90.91,-197.99,0
10291,83.33,-198.17,0
10302,90.91,-198.26,0
10313,90.91,-198.80,0
10326,76.92,-198.56,0
10337,90.91,-198.79,0
10348,90.91,-198.76,0
10359,90.91,-198.16,0
10371,83.33,-197.86,0
10382,90.91,-197.81,0
10394,83.33,-196.94,0
10405,90.91,-197.25,0
10417,83.33,-198.18,0
10428,90.91,-198.11,0
10439,90.91,-198.24,0
10450,90.91,-198.58,0
10463,76.92,-198.78,0
10474,90.91,-198.89,0
10485,90.91,-199.05,0
10497,83.33,-198.28,0
10508,90.91,-197.54,0
10519,90.91,-197.48,0
10531,83.33,-196.99,0
10543,83.33,-197.23,0
10554,90.91,-197.37,0
10565,90.91,-198.03,0
10576,90.91,-198.46,0
10588,83.33,-199.23,0
10600,83.33,-199.33,0
10611,90.91,-198.85,0
10622,90.91,-198.48,0
10634,83.33,-197.56,0
10645,90.91,-198.03,0
10657,90.91,-197.74,0
10669,76.92,-197.41,0
10680,90.91,-197.55,0
10691,90.91,-198.10,0
10702,90.91,-198.37,0
10714,83.33,-198.84,0
10726,90.91,-199.67,0
10737,83.33,-199.10,0
10748,90.91,-198.42,0
10760,83.33,-197.90,0
10771,90.91,-198.03,0
10782,90.91,-197.65,0
10795,76.92,-197.22,0
10806,90.91,-197.56,0
10817,90.91,-197.44,0
10828,90.91,-198.06,0
10840,83.33,-198.70,0
10851,90.91,-198.66,0
10863,83.33,-198.80,0
10874,90.91,-199.21,0
10886,83.33,-198.97,0
10897,90.91,-198.16,0
10908,90.91,-197.51,0
10919,90.91,-198.11,0
10932,76.92,-198.35,0
10943,90.91,-197.87,0
10954,90.91,-198.09,0
10966,83.33,-198.05,0
10977,90.91,-198.27,0
10988,90.91,-198.72,0
11000,83.33,-198.60,0
11012,83.33,-198.92,0
11023,90.91,-199.02,0
11034,90.91,-198.69,0
11045,90.91,-198.45,0
11057,83.33,-198.34,0
11069,83.33,-198.78,0
11080,90.91,-198.26,0
11091,90.91,-197.55,0
11103,83.33,-197.43,0
11114,90.91,-197.47,0
11125,90.91,-197.68,0
11138,76.92,-197.93,0
11149,90.91,-198.12,0
11160,90.91,-198.78,0
11171,90.91,-199.18,0
11183,83.33,-198.82,0
11194,90.91,-198.27,0
11206,83.33,-198.21,0
11217,90.91,-197.87,0
11229,83.33,-197.63,0
11240,90.91,-197.13,0
11251,90.91,-196.76,0
11262,90.91,-196.87,0
11275,76.92,-197.65,0
11286,90.91,-198.32,0
11297,90.91,-199.04,0
11309,83.33,-199.49,0
11320,90.91,-199.75,0
11331,90.91,-198.74,0
11343,83.33,-198.31,0
11355,83.33,-197.67,0
11366,90.91,-197.32,0
11377,90.91,-197.09,0
11388,90.91,-197.38,0
11401,83.33,-197.50,0
11412,83.33,-197.78,0
11423,90.91,-198.42,0
11435,83.33,-198.90,0
11446,90.91,-199.67,0
11457,90.91,-199.14,0
11469,90.91,-199.04,0
11481,76.92,-199.12,0
11492,90.91,-198.23,0
11503,90.91,-197.90,0
11514,90.91,-197.72,0
11526,83.33,-197.75,0
11538,83.33,-197.67,0
11549,90.91,-197.85,0
11560,90.91,-198.67,0
11572,83.33,-198.72,0
11583,90.91,-198.83,0
11594,90.91,-198.99,0
11607,76.92,-198.93,0
11618,90.91,-198.61,0
11629,90.91,-198.76,0
11640,90.91,-198.62,0
11652,83.33,-198.35,0
11663,90.91,-198.18,0
11675,83.33,-197.76,0
11686,90.91,-198.38,0
11698,83.33,-198.08,0
11709,90.91,-197.68,0
11720,90.91,-198.26,0
11731,90.91,-199.10,0
11744,76.92,-198.88,0
11755,90.91,-198.87,0
11766,90.91,-199.41,0
11778,83.33,-198.88,0
11789,90.91,-198.46,0
11800,90.91,-197.86,0
11812,83.33,-197.37,0
11824,83.33,-197.26,0
11835,90.91,-197.57,0
11846,90.91,-197.75,0
11857,90.91,-197.63,0
11869,83.33,-197.99,0
11881,83.33,-198.50,0
11892,90.91,-198.88,0
11904,83.33,-199.66,0
11915,90.91,-199.33,0
11926,90.91,-199.29,0
11937,90.91,-198.17,0
11950,76.92,-197.50,0
11961,90.91,-197.57,0
11972,90.91,-197.30,0
11983,90.91,-197.17,0
11995,83.33,-197.27,0
12006,90.91,-197.85,0
12018,83.33,-198.54,0
12029,90.91,-199.03,0
12041,83.33,-199.19,0
12052,90.91,-198.70,0
12063,90.91,-197.98,0
12075,83.33,-197.68,0
12087,83.33,-197.38,0
12098,90.91,-197.50,0
12109,90.91,-197.80,0
12121,83.33,-198.11,0
12132,90.91,-198.47,0
12144,90.91,-198.61,0
12155,83.33,-199.69,0
12167,83.33,-199.92,0
12178,90.91,-199.06,0
12189,90.91,-198.65,0
12200,90.91,-198.30,0
12213,83.33,-197.99,0
12224,83.33,-197.79,0
12235,90.91,-197.78,0
12247,83.33,-197.84,0
12258,90.91,-197.20,0
12269,90.91,-197.30,0
12281,83.33,-198.30,0
12293,83.33,-198.27,0
12304,90.91,-198.17,0
12315,90.91,-198.28,0
12326,90.91,-198.16,0
12338,83.33,-198.35,0
12350,83.33,-198.23,0
12361,90.91,-198.35,0
12372,90.91,-198.50,0
12384,83.33,-197.82,0
12395,90.91,-197.59,0
12406,90.91,-197.54,0
12419,76.92,-197.69,0
12430,90.91,-198.40,0
12441,90.91,-197.88,0
12452,90.91,-198.13,0
12464,83.33,-198.72,0
12475,90.91,-198.62,0
12487,83.33,-198.21,0
12498,90.91,-198.36,0
12510,83.33,-198.38,0
12521,90.91,-198.70,0
12532,90.91,-197.87,0
12544,83.33,-197.34,0
12556,83.33,-197.29,0
12567,90.91,-197.44,0
12578,90.91,-197.53,0
12590,83.33,-198.09,0
12601,90.91,-198.48,0
12612,90.91,-198.62,0
12624,83.33,-199.23,0
12636,83.33,-198.76,0
12647,90.91,-198.30,0
12658,90.91,-197.67,0
12669,90.91,-197.57,0
12682,83.33,-197.42,0
12693,83.33,-196.83,0
12704,90.91,-197.48,0
12716,83.33,-197.49,0
12727,90.91,-197.97,0
12738,90.91,-198.11,0
12750,90.91,-198.34,0
12762,76.92,-198.85,0
12773,90.91,-199.04,0
12784,90.91,-198.39,0
12795,90.91,-197.32,0
12807,83.33,-197.32,0
12819,90.91,-197.68,0
12830,83.33,-197.63,0
12841,90.91,-197.57,0
12853,83.33,-198.06,0
12864,90.91,-198.63,0
12875,90.91,-198.86,0
12888,76.92,-198.45,0
12899,90.91,-197.97,0
12910,90.91,-198.34,0
12921,90.91,-198.27,0
12933,83.33,-198.06,0
12944,90.91,-198.20,0
12956,83.33,-198.39,0
12967,90.91,-198.40,0
12979,83.33,-197.43,0
12990,90.91,-197.35,0
13001,90.91,-198.43,0
13012,90.91,-198.06,0
13025,76.92,-198.08,0
13036,90.91,-198.35,0
13047,90.91,-198.62,0
13059,83.33,-198.47,0
13070,90.91,-198.42,0
13081,90.91,-198.55,0
13093,83.33,-198.30,0
13105,83.33,-198.11,0
13116,90.91,-198.07,0
13127,90.91,-197.46,0
13138,90.91,-197.53,0
13150,83.33,-197.29,0
13162,83.33,-197.93,0
13173,90.91,-198.18,0
13185,83.33,-198.55,0
13196,90.91,-198.62,0
13207,90.91,-198.79,0
13218,90.91,-198.77,0
13231,76.92,-197.84,0
13242,90.91,-198.02,0
13253,90.91,-197.87,0
13264,90.91,-197.16,0
13276,83.33,-197.15,0
13287,90.91,-197.71,0
13299,83.33,-198.56,0
13310,90.91,-198.53,0
13322,83.33,-198.69,0
13333,90.91,-199.32,0
13344,90.91,-199.69,0
13357,83.33,-199.93,0
13368,83.33,-198.86,0
13379,90.91,-197.92,0
13390,90.91,-197.18,0
13402,83.33,-197.33,0
13413,90.91,-197.83,0
13425,90.91,-197.50,0
13436,83.33,-197.64,0
13448,83.33,-198.00,0
13459,90.91,-198.88,0
13470,90.91,-199.06,0
13481,90.91,-198.59,0
13494,76.92,-198.53,0
13505,90.91,-198.44,0
13516,90.91,-197.80,0
13528,83.33,-197.37,0
13539,90.91,-197.38,0
13550,90.91,-197.85,0
13562,83.33,-197.94,0
13574,83.33,-197.85,0
13585,90.91,-198.23,0
13596,90.91,-199.08,0
13607,90.91,-198.99,0
13619,83.33,-198.37,0
13631,83.33,-198.15,0
13642,90.91,-197.82,0
13654,83.33,-197.54,0
13665,90.91,-197.97,0
13676,90.91,-198.15,0
13687,90.91,-198.26,0
13700,76.92,-198.24,0
13711,90.91,-198.66,0
13722,90.91,-198.18,0
13733,90.91,-197.36,0
13745,83.33,-197.50,0
13756,90.91,-197.85,0
13768,83.33,-197.50,0
13779,90.91,-197.80,0
13791,83.33,-198.06,0
13802,90.91,-198.85,0
13813,90.91,-198.43,0
13825,83.33,-198.28,0
13837,83.33,-198.20,0
13848,90.91,-198.02,0
13859,90.91,-198.37,0
13871,83.33,-198.09,0
13882,90.91,-197.68,0
13893,90.91,-198.23,0
13905,83.33,-198.25,0
13917,83.33,-198.35,0
13928,90.91,-198.22,0
13939,90.91,-198.85,0
13950,90.91,-198.48,0
13963,83.33,-198.06,0
13974,83.33,-198.12,0
13985,90.91,-198.04,0
13997,83.33,-198.09,0
14008,90.91,-198.32,0
14019,90.91,-198.24,0
14031,90.91,-198.43,0
14043,76.92,-198.54,0
14054,90.91,-198.66,0
14065,90.91,-198.35,0
14076,90.91,-197.80,0
14088,83.33,-198.37,0
14100,83.33,-197.94,0
14111,90.91,-197.81,0
14123,83.33,-197.55,0
14134,90.91,-198.08,0
14145,90.91,-198.69,0
14156,90.91,-198.46,0
14169,76.92,-198.10,0
14180,90.91,-198.96,0
14191,90.91,-199.00,0
14202,90.91,-198.56,0
14214,83.33,-198.41,0
14225,90.91,-197.75,0
14237,83.33,-197.25,0
14248,90.91,-197.73,0
14260,83.33,-197.58,0
14271,90.91,-198.38,0
14282,90.91,-198.76,0
14294,83.33,-198.72,0
14306,83.33,-198.77,0
14317,90.91,-198.48,0
14328,90.91,-197.77,0
14340,83.33,-197.73,0
14351,90.91,-197.57,0
14362,90.91,-197.26,0
14374,83.33,-197.43,0
14386,83.33,-197.71,0
14397,90.91,-198.06,0
14408,90.91,-198.73,0
14419,90.91,-199.32,0
14431,83.33,-199.23,0
14443,83.33,-198.43,0
14454,90.91,-198.11,0
14466,83.33,-197.92,0
14477,90.91,-197.61,0
14488,90.91,-197.56,0
14499,90.91,-197.61,0
14512,76.92,-197.80,0
14523,90.91,-198.16,0
14534,90.91,-198.69,0
14545,90.91,-199.48,0
14557,83.33,-198.51,0
14568,90.91,-198.17,0
14580,83.33,-198.30,0
14592,83.33,-198.19,0
14603,90.91,-197.59,0
14614,90.91,-197.58,0
14625,90.91,-197.39,0
14638,83.33,-197.86,0
14649,83.33,-198.39,0
14660,90.91,-198.90,0
14671,90.91,-198.67,0
14683,83.33,-198.61,0
14694,90.91,-198.23,0
14706,90.91,-198.32,0
14717,83.33,-198.15,0
14729,83.33,-198.16,0
14740,90.91,-198.60,0
14751,90.91,-198.23,0
14763,83.33,-198.20,0
14775,83.33,-197.60,0
14786,90.91,-197.91,0
14797,90.91,-198.47,0
14809,83.33,-198.03,0
14820,90.91,-197.68,0
14831,90.91,-197.79,0
14843,83.33,-197.85,0
14855,83.33,-198.74,0
14866,90.91,-198.88,0
14877,90.91,-198.62,0
14888,90.91,-198.47,0
14900,83.33,-198.84,0
14912,83.33,-198.22,0
14923,90.91,-197.39,0
14935,83.33,-197.57,0
14946,90.91,-197.73,0
14957,90.91,-197.21,0
14968,90.91,-198.37,0
14981,76.92,-198.72,0
14992,90.91,-198.70,0
15003,90.91,-198.91,0
15014,90.91,-198.84,0
15026,83.33,-198.34,0
15037,90.91,-198.12,0
15049,83.33,-197.92,0
15060,90.91,-197.80,0
15072,83.33,-197.95,0
15083,90.91,-197.85,0
15094,90.91,-198.34,0
15106,83.33,-198.45,0
15118,83.33,-198.78,0
15129,90.91,-199.30,0
15140,90.91,-199.40,0
15152,83.33,-199.02,0
15163,90.91,-198.58,0
15174,90.91,-197.39,0
15186,83.33,-197.36,0
15198,83.33,-197.82,0
15209,90.91,-197.80,0
15220,90.91,-197.58,0
15232,83.33,-198.45,0
15243,90.91,-198.46,0
15255,83.33,-198.28,0
15266,90.91,-198.18,0
15278,83.33,-198.95,0
15289,90.91,-198.86,0
15300,90.91,-198.21,0
15312,90.91,-197.88,0
15324,76.92,-197.89,0
15335,90.91,-197.99,0
15346,90.91,-198.40,0
15357,90.91,-198.17,0
15369,83.33,-197.99,0
15381,90.91,-198.19,0
15392,83.33,-198.30,0
15404,83.33,-199.05,0
15415,90.91,-199.10,0
15426,90.91,-197.81,0
15437,90.91,-197.92,0
15450,83.33,-198.44,0
15461,90.91,-198.21,0
15472,90.91,-197.62,0
15483,90.91,-198.01,0
15495,83.33,-198.23,0
15506,90.91,-197.77,0
15518,83.33,-197.84,0
15529,90.91,-197.92,0
15541,83.33,-197.83,0
15552,90.91,-198.47,0
15563,90.91,-198.44,0
15575,83.33,-198.24,0
15587,83.33,-198.15,0
15598,90.91,-198.32,0
15609,90.91,-198.08,0
15621,83.33,-197.93,0
15632,90.91,-197.62,0
15643,90.91,-197.64,0
15655,83.33,-197.78,0
15667,83.33,-198.26,0
15678,90.91,-197.96,0
15689,90.91,-198.42,0
15700,90.91,-199.03,0
15712,83.33,-199.00,0
15724,83.33,-198.74,0
15735,90.91,-198.33,0
15747,83.33,-197.78,0
15758,90.91,-197.79,0
15769,90.91,-197.00,0
15780,90.91,-196.86,0
15793,76.92,-197.89,0
15804,90.91,-198.03,0
15815,90.91,-198.17,0
15826,90.91,-198.40,0
15838,83.33,-199.14,0
15849,90.91,-199.38,0
15861,83.33,-199.03,0
15873,83.33,-198.52,0
15884,90.91,-198.02,0
15895,90.91,-197.60,0
15906,90.91,-197.95,0
15918,83.33,-197.38,0
15930,83.33,-197.84,0
15941,90.91,-198.08,0
15952,90.91,-198.31,0
15964,83.33,-198.99,0
15975,90.91,-199.10,0
15986,90.91,-198.76,0
15998,83.33,-198.57,0
16010,83.33,-198.66,0
16021,90.91,-198.19,0
16032,90.91,-198.05,0
16044,83.33,-197.65,0
16056,90.91,-197.79,0
16067,83.33,-198.04,0
16078,90.91,-197.80,0
16090,83.33,-197.93,0
16101,90.91,-198.58,0
16112,90.91,-198.82,0
16124,90.91,-199.04,0
16136,76.92,-198.68,0
16147,90.91,-198.45,0
16158,90.91,-198.17,0
16169,90.91,-197.92,0
16181,83.33,-198.03,0
16193,83.33,-197.39,0
16204,90.91,-197.38,0
16216,83.33,-197.16,0
16227,90.91,-197.37,0
16238,90.91,-197.46,0
16249,90.91,-198.18,0
16262,76.92,-198.68,0
16273,90.91,-198.65,0
16284,90.91,-198.94,0
16295,90.91,-198.39,0
16307,83.33,-198.36,0
16318,90.91,-198.30,0
16330,83.33,-198.33,0
16342,83.33,-197.63,0
16353,90.91,-197.27,0
16364,90.91,-197.05,0
16375,90.91,-198.01,0
16387,83.33,-198.01,0
16399,83.33,-198.13,0
16410,90.91,-198.43,0
16421,90.91,-198.85,0
16433,83.33,-198.49,0
16444,90.91,-198.13,0
16455,90.91,-198.00,0
16467,83.33,-198.12,0
16479,83.33,-197.30,0
16490,90.91,-197.13,0
16501,90.91,-197.44,0
16513,83.33,-197.53,0
16524,90.91,-198.58,0
16536,83.33,-199.03,0
16547,90.91,-199.13,0
16559,83.33,-199.37,0
16570,90.91,-198.94,0
16581,90.91,-198.88,0
16592,90.91,-198.62,0
16605,76.92,-197.61,0
16616,90.91,-197.28,0
16627,90.91,-196.97,0
16638,90.91,-197.81,0
16650,83.33,-198.18,0
16661,90.91,-198.07,0
16673,83.33,-198.51,0
16685,83.33,-198.99,0
16696,90.91,-198.61,0
16707,90.91,-198.76,0
16718,90.91,-198.96,0
16730,83.33,-198.46,0
16742,83.33,-197.47,0
16753,90.91,-197.01,0
16764,90.91,-197.46,0
16776,83.33,-197.50,0
16787,90.91,-197.90,0
16798,90.91,-198.72,0
16811,76.92,-199.56,0
16822,90.91,-199.33,0
16833,90.91,-199.30,0
16844,90.91,-198.79,0
16856,83.33,-198.45,0
16868,90.91,-198.37,0
16879,83.33,-198.31,0
16890,90.91,-197.43,0
16902,83.33,-197.41,0
16913,90.91,-197.90,0
16924,90.91,-197.63,0
16936,90.91,-197.95,0
16948,76.92,-198.15,0
16959,90.91,-198.87,0
16970,90.91,-198.31,0
16982,83.33,-198.61,0
16993,90.91,-198.56,0
17005,90.91,-198.20,0
17016,83.33,-197.92,0
17028,83.33,-197.81,0
17039,90.91,-197.53,0
17050,90.91,-197.19,0
17061,90.91,-196.94,0
17074,76.92,-196.62,0
17085,90.91,-197.66,0
17096,90.91,-197.90,0
17107,90.91,-198.29,0
17119,83.33,-198.92,0
17130,90.91,-199.00,0
17142,83.33,-198.47,0
17154,83.33,-198.09,0
17165,90.91,-198.15,0
17176,90.91,-197.81,0
17187,90.91,-197.45,0
17199,83.33,-197.21,0
17211,83.33,-197.45,0
17222,90.91,-197.42,0
17233,90.91,-197.97,0
17245,83.33,-198.42,0
17256,90.91,-198.90,0
17267,90.91,-199.51,0
17280,76.92,-199.43,0
17291,90.91,-199.16,0
17302,90.91,-198.74,0
17313,90.91,-197.61,0
17325,83.33,-197.09,0
17336,90.91,-197.09,0
17348,83.33,-197.15,0
17359,90.91,-197.56,0
17371,83.33,-197.93,0
17382,90.91,-199.05,0
17393,90.91,-199.29,0
17404,90.91,-198.99,0
17417,76.92,-198.98,0
17428,90.91,-199.03,0
17439,90.91,-198.13,0
17451,83.33,-197.63,0
17462,90.91,-196.86,0
17473,90.91,-196.67,0
17485,83.33,-197.31,0
17497,83.33,-197.97,0
17508,90.91,-198.46,0
17519,90.91,-198.54,0
17530,90.91,-199.19,0
17542,83.33,-198.91,0
17554,83.33,-198.71,0
17565,90.91,-198.64,0
17576,90.91,-197.74,0
17588,83.33,-197.70,0
17599,90.91,-197.26,0
17610,90.91,-197.05,0
17623,76.92,-197.29,0
17634,90.91,-197.90,0
17645,90.91,-198.83,0
17656,90.91,-198.87,0
17668,83.33,-198.48,0
17680,90.91,-198.60,0
17691,83.33,-198.78,0
17702,90.91,-199.13,0
17714,83.33,-198.19,0
17725,90.91,-198.30,0
17736,90.91,-198.08,0
17748,90.91,-197.67,0
17760,76.92,-197.44,0
17771,90.91,-197.71,0
17782,90.91,-197.61,0
17794,83.33,-197.90,0
17805,90.91,-198.33,0
17817,90.91,-198.87,0
17828,83.33,-198.39,0
17840,83.33,-198.87,0
17851,90.91,-198.81,0
17862,90.91,-199.13,0
17873,90.91,-198.74,0
17886,76.92,-197.53,0
17897,90.91,-197.39,0
17908,90.91,-197.35,0
17920,83.33,-197.65,0
17931,90.91,-197.92,0
17942,90.91,-198.37,0
17954,83.33,-198.72,0
17966,83.33,-199.56,0
17977,90.91,-199.37,0
17988,90.91,-198.67,0
17999,90.91,-197.62,0
18011,83.33,-197.91,0
18023,83.33,-197.80,0
18034,90.91,-197.06,0
18045,90.91,-196.73,0
18057,83.33,-197.55,0
18068,90.91,-197.98,0
18079,90.91,-198.83,0
18092,76.92,-199.32,0
18103,90.91,-199.37,0
18114,90.91,-199.61,0
18125,90.91,-199.73,0
18137,83.33,-199.00,0
18148,90.91,-197.65,0
18160,83.33,-197.11,0
18171,90.91,-196.55,0
18183,83.33,-196.96,0
18194,90.91,-197.86,0
18205,90.91,-198.41,0
18216,90.91,-198.30,0
18229,76.92,-198.78,0
18240,90.91,-199.70,0
18251,90.91,-199.35,0
18263,83.33,-198.85,0
18274,90.91,-198.49,0
18285,90.91,-197.81,0
18297,83.33,-197.44,0
18309,83.33,-197.25,0
18320,90.91,-196.89,0
18331,90.91,-197.17,0
18342,90.91,-198.15,0
18354,83.33,-198.95,0
18366,83.33,-198.54,0
18377,90.91,-198.78,0
18388,90.91,-198.34,0
18400,83.33,-198.34,0
18411,90.91,-198.17,0
18422,90.91,-198.09,0
18435,76.92,-197.79,0
18446,90.91,-197.75,0
18457,90.91,-197.66,0
18468,90.91,-197.57,0
18480,83.33,-197.68,0
18491,90.91,-197.96,0
18503,83.33,-198.01,0
18514,90.91,-198.01,0
18526,83.33,-198.35,0
18537,90.91,-198.61,0
18548,90.91,-199.02,0
18560,83.33,-198.41,0
18572,83.33,-197.98,0
18583,90.91,-198.49,0
18594,90.91,-198.38,0
18606,83.33,-198.17,0
18617,90.91,-198.25,0
18629,90.91,-197.61,0
18640,83.33,-197.68,0
18652,83.33,-197.76,0
18663,90.91,-198.34,0
18674,90.91,-199.23,0
18685,90.91,-198.66,0
18698,83.33,-199.23,0
18709,83.33,-198.92,0
18720,90.91,-198.52,0
18732,83.33,-198.14,0
18743,90.91,-197.85,0
18754,90.91,-197.41,0
18766,90.91,-197.14,0
18778,76.92,-197.53,0
18789,90.91,-197.68,0
18800,90.91,-198.42,0
18811,90.91,-199.01,0
18823,83.33,-199.38,0
18835,83.33,-199.00,0
18846,90.91,-198.02,0
18857,90.91,-197.61,0
18869,83.33,-197.65,0
18880,90.91,-197.58,0
18891,90.91,-196.82,0
18904,76.92,-196.82,0
18915,90.91,-197.41,0
18926,90.91,-198.44,0
18937,90.91,-198.78,0
18949,83.33,-199.20,0
18960,90.91,-199.24,0
18972,83.33,-198.90,0
18983,90.91,-197.97,0
18995,83.33,-198.04,0
19006,90.91,-197.83,0
19017,90.91,-197.43,0
19028,90.91,-197.73,0
19041,76.92,-198.20,0
19052,90.91,-198.13,0
19063,90.91,-197.80,0
19075,83.33,-198.40,0
19086,90.91,-198.84,0
19097,90.91,-198.29,0
19109,83.33,-198.44,0
19121,83.33,-198.22,0
19132,90.91,-197.61,0
19143,90.91,-197.42,0
19154,90.91,-197.41,0
19166,83.33,-197.31,0
19178,83.33,-197.70,0
19189,90.91,-198.45,0
19201,83.33,-197.85,0
19212,90.91,-197.65,0
19223,90.91,-197.99,0
19234,90.91,-198.07,0
19247,76.92,-198.60,0
19258,90.91,-198.43,0
19269,90.91,-198.80,0
19280,90.91,-198.64,0
19292,83.33,-198.16,0
19303,90.91,-197.86,0
19315,83.33,-197.72,0
19326,90.91,-197.61,0
19338,83.33,-197.27,0
19349,90.91,-197.73,0
19360,90.91,-198.29,0
19372,83.33,-198.45,0
19384,83.33,-198.73,0
19395,90.91,-199.24,0
19406,90.91,-198.73,0
19418,83.33,-198.50,0
19429,90.91,-198.45,0
19440,90.91,-198.38,0
19452,83.33,-197.26,0
19464,83.33,-196.57,0
19475,90.91,-197.23,0
19486,90.91,-197.45,0
19497,90.91,-197.55,0
19509,83.33,-198.18,0
19521,83.33,-198.85,0
19532,90.91,-199.08,0
19544,83.33,-199.17,0
19555,90.91,-199.18,0
19566,90.91,-197.96,0
19578,90.91,-197.75,0
19590,76.92,-197.88,0
19601,90.91,-197.44,0
19612,90.91,-197.33,0
19623,90.91,-197.22,0
19635,83.33,-197.83,0
19647,90.91,-199.04,0
19658,83.33,-198.94,0
19670,83.33,-199.46,0
19681,90.91,-199.88,0
19692,90.91,-199.12,0
19703,90.91,-198.62,0
19716,83.33,-198.36,0
19727,83.33,-198.00,0
19738,90.91,-197.48,0
19749,90.91,-197.26,0
19761,83.33,-197.39,0
19772,90.91,-197.97,0
19784,83.33,-198.79,0
19795,90.91,-199.00,0
19807,83.33,-198.91,0
19818,90.91,-198.82,0
19829,90.91,-198.92,0
19841,83.33,-198.80,0
19853,83.33,-198.23,0
19864,90.91,-197.83,0
19875,90.91,-197.48,0
19887,83.33,-197.83,0
19898,90.91,-198.19,0
19909,90.91,-197.80,0
19921,83.33,-197.75,0
19933,83.33,-197.91,0
19944,90.91,-198.59,0
19955,90.91,-198.78,0
19966,90.91,-198.43,0
19978,83.33,-198.86,0
19990,83.33,-198.53,0
20001,90.91,-197.93,0
20013,83.33,-198.10,0
20024,90.91,-197.48,0
20035,90.91,-197.34,0
20046,90.91,-197.47,0
20059,76.92,-198.23,0
20070,90.91,-198.83,0
20081,90.91,-198.52,0
20092,90.91,-199.14,0
20104,83.33,-198.95,0
20115,90.91,-198.76,0
20127,83.33,-198.59,0
20139,83.33,-198.10,0
20150,90.91,-197.81,0
20161,90.91,-197.46,0
20172,90.91,-196.95,0
20184,83.33,-196.96,0
20196,83.33,-197.17,0
20207,90.91,-197.77,0
20218,90.91,-198.61,0
20230,83.33,-199.63,0
20241,90.91,-199.88,0
20252,90.91,-199.59,0
20264,83.33,-199.06,0
20276,83.33,-198.28,0
20287,90.91,-197.60,0
20298,90.91,-197.32,0
20310,83.33,-197.14,0
20321,90.91,-196.89,0
20333,83.33,-196.61,0
20344,90.91,-197.43,0
20356,83.33,-198.28,0
20367,90.91,-198.78,0
20378,90.91,-199.88,0
20389,90.91,-199.46,0
20402,76.92,-198.91,0
20413,90.91,-197.62,0
20424,90.91,-196.80,0
20435,90.91,-196.45,0
20447,83.33,-196.62,0
20459,90.91,-196.52,0
20470,83.33,-197.10,0
20482,83.33,-197.84,0
20493,90.91,-198.23,0
20504,90.91,-198.63,0
20515,90.91,-198.87,0
20528,83.33,-199.24,0
20539,83.33,-198.22,0
20550,90.91,-197.79,0
20561,90.91,-197.50,0
20573,83.33,-197.27,0
20584,90.91,-197.22,0
20596,90.91,-197.10,0
20608,76.92,-196.90,0
20619,90.91,-197.35,0
20630,90.91,-197.94,0
20641,90.91,-198.35,0
20653,83.33,-198.25,0
20665,83.33,-198.14,0
20676,90.91,-198.02,0
20687,90.91,-198.15,0
20699,83.33,-198.02,0
20710,90.91,-197.99,0
20721,90.91,-198.30,0
20733,83.33,-197.70,0
20745,83.33,-197.68,0
20756,90.91,-198.10,0
20767,90.91,-197.61,0
20779,83.33,-198.12,0
20790,90.91,-198.72,0
20802,83.33,-199.01,0
20813,90.91,-199.57,0
20825,83.33,-199.66,0
20836,90.91,-198.94,0
20847,90.91,-198.37,0
20858,90.91,-198.39,0
20871,76.92,-198.16,0
20882,90.91,-197.44,0
20893,90.91,-196.99,0
20904,90.91,-197.21,0
20916,83.33,-197.22,0
20927,90.91,-198.25,0
20939,83.33,-198.72,0
20951,83.33,-198.93,0
20962,90.91,-199.20,0
20973,90.91,-199.06,0
20984,90.91,-198.55,0
20996,83.33,-197.78,0
21008,83.33,-197.27,0
21019,90.91,-197.58,0
21030,90.91,-197.26,0
21042,83.33,-196.99,0
21053,90.91,-197.74,0
21064,90.91,-198.57,0
21076,83.33,-199.08,0
21088,83.33,-199.34,0
21099,90.91,-199.84,0
21110,90.91,-199.57,0
21122,83.33,-198.63,0
21133,90.91,-198.48,0
21145,83.33,-197.98,0
21156,90.91,-197.67,0
21168,83.33,-197.34,0
21179,90.91,-197.57,0
21190,90.91,-197.64,0
21201,90.91,-198.10,0
21214,76.92,-199.00,0
21225,90.91,-199.55,0
21236,90.91,-199.56,0
21248,83.33,-198.73,0
21259,90.91,-198.66,0
21271,90.91,-197.72,0
21282,83.33,-197.51,0
21294,83.33,-197.13,0
21305,90.91,-197.23,0
21316,90.91,-198.07,0
21327,90.91,-198.46,0
21340,83.33,-198.29,0
21351,83.33,-198.45,0
21362,90.91,-198.29,0
21373,90.91,-198.42,0
21385,83.33,-198.49,0
21396,90.91,-198.48,0
21408,90.91,-198.65,0
21420,83.33,-198.40,0
21431,90.91,-197.84,0
21442,90.91,-197.57,0
21453,90.91,-197.38,0
21465,83.33,-197.83,0
21477,83.33,-197.81,0
21488,90.91,-198.13,0
21499,90.91,-198.41,0
21511,83.33,-198.73,0
21522,90.91,-198.54,0
21533,90.91,-198.36,0
21545,83.33,-199.10,0
21557,83.33,-199.23,0
21568,90.91,-198.49,0
21579,90.91,-197.92,0
21591,83.33,-197.47,0
21602,90.91,-197.34,0
21614,83.33,-197.66,0
21625,90.91,-197.72,0
21637,83.33,-197.68,0
21648,90.91,-198.20,0
21659,90.91,-199.00,0
21670,90.91,-199.14,0
21683,76.92,-199.54,0
21694,90.91,-198.97,0
21705,90.91,-198.59,0
21716,90.91,-198.08,0
21728,83.33,-197.94,0
21739,90.91,-197.92,0
21751,83.33,-197.01,0
21763,83.33,-197.39,0
21774,90.91,-197.58,0
21785,90.91,-198.57,0
21796,90.91,-199.45,0
21808,83.33,-199.54,0
21820,83.33,-199.01,0
21831,90.91,-198.41,0
21842,90.91,-198.14,0
21854,83.33,-198.06,0
21865,90.91,-197.03,0
21876,90.91,-196.75,0
21889,76.92,-197.66,0
21900,90.91,-197.56,0
21911,90.91,-197.49,0
21922,90.91,-198.23,0
21934,83.33,-199.13,0
21945,90.91,-199.02,0
21957,83.33,-198.69,0
21968,90.91,-198.11,0
21980,83.33,-197.44,0
21991,90.91,-197.37,0
22002,90.91,-196.69,0
22014,90.91,-197.22,0
22026,76.92,-197.64,0
22037,90.91,-198.53,0
22048,90.91,-198.16,0
22060,83.33,-198.36,0
22071,90.91,-198.73,0
22083,90.91,-198.73,0
22094,83.33,-198.57,0
22106,83.33,-198.29,0
22117,90.91,-198.35,0
22128,90.91,-198.09,0
22139,90.91,-198.16,0
22152,76.92,-197.87,0
22163,90.91,-197.59,0
22174,90.91,-197.63,0
22185,90.91,-197.92,0
22197,83.33,-197.64,0
22208,90.91,-198.20,0
22220,83.33,-197.89,0
22232,83.33,-198.23,0
22243,90.91,-198.33,0
22254,90.91,-198.68,0
22265,90.91,-198.59,0
22277,83.33,-198.40,0
22289,83.33,-198.17,0
22300,90.91,-197.86,0
22311,90.91,-197.01,0
22323,83.33,-196.66,0
22334,90.91,-196.94,0
22345,90.91,-197.85,0
22358,76.92,-198.07,0
22369,90.91,-198.51,0
22380,90.91,-198.85,0
22391,90.91,-198.80,0
22403,83.33,-198.98,0
22414,90.91,-198.51,0
22426,83.33,-198.18,0
22437,90.91,-197.89,0
22449,83.33,-197.09,0
22460,90.91,-196.58,0
22471,90.91,-196.96,0
22482,90.91,-197.49,0
22495,76.92,-197.91,0
22506,90.91,-198.49,0
22517,90.91,-198.74,0
22529,83.33,-198.69,0
22540,90.91,-198.31,0
22551,90.91,-198.31,0
22563,83.33,-197.92,0
22575,83.33,-197.74,0
22586,90.91,-196.92,0
22597,90.91,-197.61,0
22608,90.91,-198.03,0
22620,83.33,-198.62,0
22632,83.33,-198.06,0
22643,90.91,-198.01,0
22654,90.91,-198.23,0
22666,83.33,-198.67,0
22677,90.91,-198.37,0
22688,90.91,-197.73,0
22701,76.92,-197.02,0
22712,90.91,-197.38,0
22723,90.91,-197.63,0
22734,90.91,-198.01,0
22746,83.33,-198.67,0
22758,90.91,-198.19,0
22769,83.33,-198.50,0
22780,90.91,-198.42,0
22792,83.33,-198.17,0
22803,90.91,-198.11,0
22814,90.91,-198.03,0
22827,90.91,-198.00,0
22838,76.92,-198.21,0
22849,90.91,-198.22,0
22860,90.91,-198.25,0
22872,83.33,-198.27,0
22883,90.91,-198.09,0
22895,90.91,-198.03,0
22906,83.33,-198.12,0
22918,83.33,-197.92,0
22929,90.91,-197.99,0
22940,90.91,-197.60,0
22951,90.91,-197.82,0
22964,76.92,-198.07,0
22975,90.91,-198.93,0
22986,90.91,-198.94,0
22998,83.33,-198.30,0
23009,90.91,-198.21,0
23020,90.91,-197.83,0
23032,83.33,-198.05,0
23044,83.33,-198.02,0
23055,90.91,-197.74,0
23066,90.91,-198.00,0
23077,90.91,-198.43,0
23089,83.33,-198.54,0
23101,83.33,-198.39,0
23112,90.91,-198.31,0
23123,90.91,-197.93,0
23135,83.33,-198.16,0
23146,90.91,-198.24,0
23157,90.91,-198.07,0
23170,76.92,-198.05,0
23181,90.91,-197.73,0
23192,90.91,-197.74,0
23203,90.91,-197.81,0
23215,83.33,-198.36,0
23226,90.91,-199.19,0
23238,83.33,-199.27,0
23249,90.91,-198.53,0
23261,83.33,-197.40,0
23272,90.91,-197.68,0
23283,90.91,-197.57,0
23294,90.91,-197.14,0
23307,76.92,-197.26,0
23318,90.91,-197.70,0
23329,90.91,-197.39,0
23341,83.33,-198.30,0
23352,90.91,-198.47,0
23363,90.91,-198.37,0
23375,83.33,-198.36,0
23387,83.33,-198.28,0
23398,90.91,-197.87,0
23409,90.91,-197.34,0
23420,90.91,-197.28,0
23432,83.33,-197.91,0
23444,83.33,-197.69,0
23455,90.91,-198.08,0
23467,83.33,-198.92,0
23478,90.91,-199.17,0
23489,90.91,-198.66,0
23500,90.91,-198.25,0
23513,76.92,-197.93,0
23524,90.91,-197.73,0
23535,90.91,-196.98,0
23546,90.91,-197.28,0
23558,83.33,-197.35,0
23570,90.91,-198.21,0
23581,83.33,-198.50,0
23592,90.91,-198.61,0
23604,83.33,-198.44,0
23615,90.91,-198.30,0
23626,90.91,-198.36,0
23639,83.33,-198.34,0
23650,83.33,-198.53,0
23661,90.91,-198.12,0
23672,90.91,-198.33,0
23684,83.33,-198.26,0
23695,90.91,-198.32,0
23707,83.33,-198.43,0
23718,90.91,-198.47,0
23730,83.33,-199.02,0
23741,90.91,-199.04,0
23752,90.91,-198.81,0
23763,90.91,-198.75,0
23776,76.92,-198.78,0
23787,90.91,-198.73,0
23798,90.91,-198.06,0
23810,83.33,-198.82,0
23821,90.91,-198.64,0
23832,90.91,-198.02,0
23844,83.33,-198.36,0
23856,83.33,-197.97,0
23867,90.91,-197.68,0
23878,90.91,-198.15,0
23889,90.91,-198.36,0
23901,83.33,-197.98,0
23913,83.33,-198.09,0
23924,90.91,-198.10,0
23936,83.33,-198.11,0
23947,90.91,-198.49,0
23958,90.91,-198.17,0
23969,90.91,-197.87,0
23982,76.92,-197.80,0
23993,90.91,-197.46,0
24004,90.91,-197.42,0
24015,90.91,-197.60,0
24027,83.33,-197.85,0
24038,90.91,-198.16,0
24050,83.33,-198.43,0
24061,90.91,-198.52,0
24073,83.33,-198.43,0
24084,90.91,-198.40,0
24095,90.91,-197.98,0
24107,83.33,-197.65,0
24119,83.33,-197.40,0
24130,90.91,-197.05,0
24141,90.91,-197.28,0
24153,83.33,-197.63,0
24164,90.91,-197.87,0
24175,90.91,-198.18,0
24187,83.33,-198.76,0
24199,83.33,-198.94,0
24210,90.91,-198.85,0
24221,90.91,-198.95,0
24232,90.91,-198.00,0
24245,83.33,-196.87,0
24256,83.33,-196.97,0
24267,90.91,-197.19,0
24279,83.33,-197.77,0
24290,90.91,-198.68,0
24301,90.91,-198.78,0
24313,90.91,-198.73,0
24325,76.92,-199.01,0
24336,90.91,-198.52,0
24347,90.91,-198.17,0
24358,90.91,-197.72,0
24370,83.33,-197.57,0
24382,90.91,-197.95,0
24393,83.33,-198.26,0
24404,90.91,-198.24,0
24416,83.33,-197.53,0
24427,90.91,-197.86,0
24438,90.91,-197.94,0
24451,76.92,-198.80,0
24462,90.91,-198.92,0
24473,90.91,-198.78,0
24484,90.91,-198.85,0
24496,83.33,-198.22,0
24507,90.91,-197.85,0
24519,83.33,-198.10,0
24530,90.91,-198.28,0
24542,83.33,-198.06,0
24553,90.91,-197.97,0
24564,90.91,-198.29,0
24576,83.33,-198.49,0
24588,83.33,-197.93,0
24599,90.91,-197.93,0
24610,90.91,-198.01,0
24622,83.33,-197.94,0
24633,90.91,-198.15,0
24644,90.91,-198.59,0
24656,83.33,-198.59,0
24668,83.33,-198.48,0
24679,90.91,-198.13,0
24690,90.91,-197.63,0
24701,90.91,-197.74,0
24713,83.33,-197.77,0
24725,83.33,-197.94,0
24736,90.91,-198.66,0
24748,83.33,-198.79,0
24759,90.91,-198.10,0
24770,90.91,-198.56,0
24781,90.91,-198.89,0
24794,76.92,-198.49,0
24805,90.91,-198.69,0
24816,90.91,-198.53,0
24827,90.91,-198.05,0
24839,83.33,-197.82,0
24850,90.91,-197.41,0
24862,83.33,-197.55,0
24873,90.91,-198.06,0
24885,83.33,-198.68,0
24896,90.91,-198.50,0
24907,90.91,-198.02,0
24919,83.33,-198.25,0
24931,83.33,-198.28,0
24942,90.91,-197.77,0
24953,90.91,-197.69,0
24965,83.33,-197.27,0
24976,90.91,-196.92,0
24987,90.91,-197.39,0
24999,83.33,-197.83,0
25011,83.33,-198.50,0
25022,90.91,-198.15,0
25033,90.91,-198.32,0
25044,90.91,-198.37,0
25056,83.33,-197.91,0
25068,83.33,-197.62,0
25079,90.91,-197.92,0
25091,83.33,-197.80,0
25102,90.91,-196.98,0
25113,90.91,-197.31,0
25125,90.91,-198.08,0
25137,76.92,-198.42,0
25148,90.91,-198.67,0
25159,90.91,-198.97,0
25170,90.91,-199.15,0
25182,83.33,-198.37,0
25194,90.91,-198.41,0
25205,83.33,-198.10,0
25217,83.33,-197.69,0
25228,90.91,-197.52,0
25239,90.91,-197.79,0
25250,90.91,-198.75,0
25263,83.33,-198.87,0
25274,83.33,-198.88,0
25285,90.91,-198.49,0
25296,90.91,-197.68,0
25308,83.33,-198.27,0
25319,90.91,-198.00,0
25331,83.33,-197.81,0
25342,90.91,-197.94,0
25354,83.33,-197.85,0
25365,90.91,-197.57,0
25376,90.91,-197.42,0
25388,83.33,-197.57,0
25400,83.33,-198.23,0
25411,90.91,-198.55,0
25422,90.91,-198.54,0
25434,83.33,-198.20,0
25445,90.91,-198.14,0
25456,90.91,-198.23,0
25468,83.33,-198.13,0
25480,83.33,-198.34,0
25491,90.91,-198.32,0
25502,90.91,-198.40,0
25513,90.91,-198.54,0
25525,83.33,-198.11,0
25537,83.33,-197.83,0
25548,90.91,-198.19,0
25560,83.33,-198.04,0
25571,90.91,-197.96,0
25582,90.91,-198.17,0
25593,90.91,-197.95,0
25606,76.92,-198.05,0
25617,90.91,-197.80,0
25628,90.91,-198.10,0
25639,90.91,-198.57,0
25651,83.33,-198.89,0
25662,90.91,-198.23,0
25674,83.33,-198.19,0
25686,83.33,-198.50,0
25697,90.91,-198.39,0
25708,90.91,-198.18,0
25719,90.91,-198.66,0
25731,83.33,-198.72,0
25743,83.33,-199.04,0
25754,90.91,-198.33,0
25765,90.91,-198.16,0
25777,83.33,-198.64,0
25788,90.91,-197.89,0
25799,90.91,-197.51,0
25811,83.33,-197.72,0
25823,83.33,-198.45,0
25834,90.91,-198.84,0
25845,90.91,-198.88,0
25857,83.33,-198.49,0
25868,90.91,-199.02,0
25880,83.33,-199.10,0
25891,90.91,-198.70,0
25903,83.33,-197.83,0
25914,90.91,-197.70,0
25925,90.91,-197.48,0
25937,90.91,-197.62,0
25949,76.92,-198.38,0
25960,90.91,-198.45,0
25971,90.91,-198.59,0
25982,90.91,-198.68,0
25994,83.33,-198.71,0
26006,90.91,-198.74,0
26017,83.33,-197.67,0
26029,83.33,-197.33,0
26040,90.91,-196.95,0
26051,90.91,-197.28,0
26062,90.91,-197.66,0
26075,83.33,-197.71,0
26086,83.33,-197.87,0
26097,90.91,-197.97,0
26108,90.91,-198.23,0
26120,83.33,-198.18,0
26131,90.91,-198.18,0
26143,83.33,-198.34,0
26155,83.33,-198.11,0
26166,90.91,-197.53,0
26177,90.91,-197.68,0
26188,90.91,-197.83,0
26200,83.33,-197.96,0
26212,83.33,-198.00,0
26223,90.91,-197.96,0
26234,90.91,-198.11,0
26246,83.33,-198.72,0
26257,90.91,-198.14,0
26268,90.91,-198.00,0
26280,83.33,-198.14,0
26292,83.33,-198.32,0
26303,90.91,-197.90,0
26314,90.91,-198.09,0
26326,83.33,-198.14,0
26337,90.91,-197.48,0
26349,83.33,-197.94,0
26360,90.91,-197.93,0
26372,83.33,-197.87,0
26383,90.91,-197.74,0
26394,90.91,-197.87,0
26405,90.91,-198.31,0
26418,76.92,-198.69,0
26429,90.91,-198.37,0
26440,90.91,-197.69,0
26451,90.91,-197.99,0
26463,83.33,-198.42,0
26474,90.91,-198.17,0
26486,83.33,-197.81,0
26498,83.33,-198.10,0
26509,90.91,-197.60,0
26520,90.91,-197.73,0
26531,90.91,-197.63,0
26543,83.33,-197.89,0
26555,83.33,-199.01,0
26566,90.91,-198.74,0
26577,90.91,-198.40,0
26589,83.33,-198.65,0
26600,90.91,-198.44,0
26611,90.91,-198.40,0
26624,76.92,-198.08,0
26635,90.91,-197.68,0
26646,90.91,-197.71,0
26657,90.91,-198.09,0
26669,83.33,-198.34,0
26680,90.91,-198.19,0
26692,83.33,-198.20,0
26703,90.91,-198.59,0
26715,83.33,-198.37,0
26726,90.91,-198.48,0
26737,90.91,-198.30,0
26749,90.91,-198.27,0
26761,76.92,-197.63,0
26772,90.91,-197.32,0
26783,90.91,-197.64,0
26795,83.33,-198.21,0
26806,90.91,-197.75,0
26818,90.91,-198.45,0
26829,83.33,-198.50,0
26841,83.33,-198.26,0
26852,90.91,-198.06,0
26863,90.91,-197.89,0
26874,90.91,-197.55,0
26887,83.33,-197.33,0
26898,83.33,-198.11,0
26909,90.91,-198.16,0
26920,90.91,-198.49,0
26932,83.33,-198.13,0
26943,90.91,-198.13,0
26955,83.33,-198.16,0
26967,83.33,-198.32,0
26978,90.91,-198.36,0
26989,90.91,-198.61,0
27000,90.91,-198.82,0
27012,83.33,-198.45,0
27024,83.33,-198.61,0
27035,90.91,-198.74,0
27046,90.91,-198.08,0
27058,83.33,-198.16,0
27069,90.91,-198.22,0
27080,90.91,-197.98,0
27092,83.33,-197.92,0
27104,83.33,-197.84,0
27115,90.91,-198.12,0
27126,90.91,-198.53,0
27138,83.33,-198.94,0
27149,90.91,-198.61,0
27161,83.33,-198.38,0
27172,90.91,-198.28,0
27184,83.33,-198.59,0
27195,90.91,-198.18,0
27206,90.91,-197.68,0
27217,90.91,-197.75,0
27230,76.92,-197.73,0
27241,90.91,-197.60,0
27252,90.91,-197.81,0
27264,83.33,-198.37,0
27275,90.91,-198.28,0
27286,90.91,-198.88,0
27298,83.33,-199.13,0
27310,83.33,-198.72,0
27321,90.91,-197.98,0
27332,90.91,-197.94,0
27343,90.91,-197.97,0
27355,83.33,-198.22,0
27367,83.33,-198.29,0
27378,90.91,-198.29,0
27389,90.91,-198.41,0
27401,83.33,-198.34,0
27412,90.91,-198.37,0
27423,90.91,-197.92,0
27436,76.92,-198.11,0
27447,90.91,-198.48,0
27458,90.91,-198.60,0
27469,90.91,-198.47,0
27481,83.33,-197.94,0
27492,90.91,-197.21,0
27504,83.33,-198.10,0
27515,90.91,-197.97,0
27527,83.33,-198.00,0
27538,90.91,-198.27,0
27549,90.91,-198.38,0
27561,90.91,-198.12,0
27573,76.92,-198.39,0
27584,90.91,-198.35,0
27595,90.91,-198.23,0
27607,83.33,-197.81,0
27618,90.91,-197.69,0
27630,90.91,-198.51,0
27641,83.33,-198.27,0
27653,83.33,-198.83,0
27664,90.91,-198.64,0
27675,90.91,-198.45,0
27686,90.91,-198.01,0
27699,76.92,-197.86,0
27710,90.91,-197.76,0
27721,90.91,-198.11,0
27732,90.91,-197.78,0
27744,83.33,-198.27,0
27755,90.91,-198.64,0
27767,83.33,-198.33,0
27779,83.33,-198.11,0
27790,90.91,-198.25,0
27801,90.91,-197.54,0
27812,90.91,-196.97,0
27824,83.33,-197.28,0
27836,83.33,-197.81,0
27847,90.91,-198.67,0
27858,90.91,-199.00,0
27870,83.33,-198.37,0
27881,90.91,-198.21,0
27892,90.91,-198.09,0
27905,76.92,-197.90,0
27916,90.91,-198.07,0
27927,90.91,-197.83,0
27938,90.91,-197.61,0
27950,83.33,-197.23,0
27961,90.91,-197.40,0
27973,83.33,-198.17,0
27984,90.91,-198.87,0
27996,83.33,-198.62,0
28007,90.91,-198.58,0
28018,90.91,-197.83,0
28029,90.91,-198.53,0
28042,76.92,-197.77,0
28053,90.91,-198.24,0
28064,90.91,-197.56,0
28076,83.33,-197.69,0
28087,90.91,-198.08,0
28098,90.91,-198.27,0
28110,83.33,-198.80,0
28122,83.33,-198.65,0
28133,90.91,-198.79,0
28144,90.91,-198.14,0
28155,90.91,-198.52,0
28167,83.33,-197.96,0
28179,83.33,-197.43,0
28190,90.91,-197.77,0
28201,90.91,-197.93,0
28213,83.33,-198.35,0
28224,90.91,-198.21,0
28236,90.91,-198.62,0
28248,76.92,-198.99,0
28259,90.91,-198.50,0
28270,90.91,-197.86,0
28281,90.91,-198.15,0
28293,83.33,-197.62,0
28305,90.91,-197.81,0
28316,83.33,-198.02,0
28327,90.91,-198.66,0
28339,83.33,-199.10,0
28350,90.91,-198.89,0
28361,90.91,-198.71,0
28374,76.92,-198.68,0
28385,90.91,-198.36,0
28396,90.91,-198.41,0
28407,90.91,-198.24,0
28419,83.33,-197.94,0
28430,90.91,-198.40,0
28442,83.33,-198.59,0
28453,90.91,-198.69,0
28465,83.33,-198.25,0
28476,90.91,-198.52,0
28487,90.91,-198.76,0
28498,90.91,-199.08,0
28511,76.92,-198.56,0
28522,90.91,-198.28,0
28533,90.91,-198.68,0
28545,83.33,-198.75,0
28556,90.91,-198.48,0
28567,90.91,-198.55,0
28579,83.33,-198.52,0
28591,83.33,-198.42,0
28602,90.91,-198.86,0
28613,90.91,-198.63,0
28624,90.91,-197.94,0
28636,83.33,-198.12,0
28648,83.33,-197.97,0
28659,90.91,-197.53,0
28670,90.91,-197.79,0
28682,83.33,-197.57,0
28693,90.91,-198.37,0
28704,90.91,-198.35,0
28717,76.92,-198.37,0
28728,90.91,-198.27,0
28739,90.91,-198.57,0
28750,90.91,-198.43,0
28762,83.33,-198.35,0
28773,90.91,-198.68,0
28785,83.33,-198.32,0
28796,90.91,-197.91,0
28808,83.33,-198.23,0
28819,90.91,-198.38,0
28830,90.91,-198.83,0
28841,90.91,-198.27,0
28854,76.92,-198.47,0
28865,90.91,-198.32,0
28876,90.91,-197.76,0
28888,83.33,-197.70,0
28899,90.91,-197.54,0
28910,90.91,-197.88,0
28922,83.33,-198.00,0
28934,83.33,-197.96,0
28945,90.91,-197.71,0
28956,90.91,-198.14,0
28967,90.91,-198.37,0
28980,83.33,-197.93,0
28991,83.33,-198.51,0
29002,90.91,-198.34,0
29014,83.33,-197.59,0
29025,90.91,-197.80,0
29036,90.91,-198.46,0
29048,90.91,-198.53,0
29060,76.92,-198.00,0
29071,90.91,-198.79,0
29082,90.91,-198.38,0
29093,90.91,-198.36,0
29105,83.33,-198.50,0
29117,83.33,-198.28,0
29128,90.91,-197.88,0
29139,90.91,-197.82,0
29151,83.33,-197.55,0
29162,90.91,-197.95,0
29173,90.91,-198.54,0
29186,76.92,-198.29,0
29197,90.91,-198.03,0
29208,90.91,-198.37,0
29219,90.91,-198.43,0
29231,83.33,-198.68,0
29242,90.91,-198.66,0
29254,83.33,-198.53,0
29265,90.91,-198.17,0
29277,83.33,-197.60,0
29288,90.91,-198.22,0
29299,90.91,-198.50,0
29310,90.91,-198.08,0
29323,76.92,-197.88,0
29334,90.91,-197.64,0
29345,90.91,-197.88,0
29357,83.33,-198.32,0
29368,90.91,-197.56,0
29379,90.91,-197.72,0
29391,83.33,-198.30,0
29403,83.33,-198.02,0
29414,90.91,-198.08,0
29425,90.91,-198.28,0
29436,90.91,-198.51,0
29448,83.33,-198.81,0
29460,83.33,-198.26,0
29471,90.91,-198.04,0
29483,83.33,-198.29,0
29494,90.91,-198.02,0
29505,90.91,-197.69,0
29516,90.91,-198.09,0
29529,76.92,-197.85,0
29540,90.91,-198.04,0
29551,90.91,-198.39,0
29562,90.91,-198.75,0
29574,83.33,-198.89,0
29585,90.91,-198.15,0
29597,83.33,-197.91,0
29608,90.91,-198.27,0
29620,83.33,-198.33,0
29631,90.91,-198.28,0
29642,90.91,-198.17,0
29654,83.33,-198.56,0
29666,83.33,-198.74,0
29677,90.91,-198.04,0
29688,90.91,-198.60,0
29700,83.33,-199.06,0
29711,90.91,-198.27,0
29722,90.91,-197.47,0
29734,83.33,-196.84,0
29746,83.33,-197.77,0
29757,90.91,-197.88,0
29768,90.91,-198.11,0
29779,90.91,-198.45,0
29791,83.33,-199.03,0
29803,83.33,-199.11,0
29814,90.91,-199.50,0
29826,83.33,-198.51,0
29837,90.91,-198.24,0
29848,90.91,-198.33,0
29859,90.91,-197.94,0
29872,76.92,-197.53,0
29883,90.91,-198.13,0
29894,90.91,-198.10,0
29905,90.91,-198.02,0
29917,83.33,-198.38,0
29929,90.91,-198.59,0
29940,83.33,-198.40,0
29952,83.33,-198.06,0
29963,90.91,-198.15,0
29974,90.91,-197.65,0
29985,90.91,-197.43,0
29998,83.33,-197.87,0
30009,83.33,-197.77,0
30020,90.91,-198.02,0
30031,90.91,-198.80,0
30043,83.33,-198.78,0
30054,90.91,-198.57,0
30066,83.33,-197.92,0
30077,90.91,-198.06,0
30089,83.33,-198.32,0
30100,90.91,-198.75,0
30111,90.91,-198.22,0
30123,83.33,-197.98,0
30135,83.33,-198.46,0
30146,90.91,-198.76,0
30157,90.91,-199.15,0
30169,83.33,-198.97,0
30180,90.91,-198.51,0
30191,90.91,-198.78,0
30203,83.33,-198.35,0
30215,83.33,-197.74,0
30226,90.91,-197.51,0
30237,90.91,-197.93,0
30248,90.91,-198.23,0
30260,83.33,-198.39,0
30272,83.33,-198.82,0
30283,90.91,-198.96,0
30295,83.33,-198.91,0
30306,90.91,-198.13,0
30317,90.91,-198.14,0
30328,90.91,-198.58,0
30341,76.92,-198.32,0
30352,90.91,-197.94,0
30363,90.91,-198.42,0
30374,90.91,-198.76,0
30386,83.33,-198.35,0
30397,90.91,-198.79,0
30409,83.33,-198.78,0
30420,90.91,-198.30,0
30432,83.33,-198.04,0
30443,90.91,-197.77,0
30454,90.91,-198.41,0
30466,83.33,-198.58,0
30478,83.33,-198.84,0
30489,90.91,-198.55,0
30500,90.91,-198.25,0
30512,83.33,-198.08,0
30523,90.91,-198.26,0
30534,90.91,-198.05,0
30546,83.33,-197.67,0
30558,83.33,-197.43,0
30569,90.91,-197.30,0
30580,90.91,-197.23,0
30592,83.33,-197.85,0
30604,90.91,-198.71,0
30615,83.33,-198.43,0
30626,90.91,-198.75,0
30638,83.33,-198.57,0
30649,90.91,-198.65,0
30660,90.91,-198.43,0
30672,90.91,-198.08,0
30684,76.92,-197.42,0
30695,90.91,-197.26,0
30706,90.91,-197.38,0
30717,90.91,-197.58,0
30729,83.33,-197.82,0
30741,90.91,-198.77,0
30752,90.91,-198.55,0
30764,83.33,-198.52,0
30775,90.91,-199.12,0
30786,90.91,-198.92,0
30797,90.91,-197.89,0
30810,76.92,-197.65,0
30821,90.91,-198.05,0
30832,90.91,-197.51,0
30843,90.91,-197.93,0
30855,83.33,-198.46,0
30866,90.91,-198.80,0
30878,83.33,-199.01,0
30889,90.91,-198.75,0
30901,83.33,-198.42,0
30912,90.91,-198.58,0
30923,90.91,-198.59,0
30935,83.33,-198.46,0
30947,83.33,-198.38,0
30958,90.91,-198.40,0
30969,90.91,-198.30,0
30981,83.33,-198.03,0
30992,90.91,-198.09,0
31003,90.91,-198.29,0
31015,83.33,-198.18,0
31027,83.33,-198.72,0
31038,90.91,-198.84,0
31049,90.91,-198.51,0
31060,90.91,-198.20,0
31072,83.33,-198.01,0
31084,83.33,-198.01,0
31095,90.91,-198.41,0
31107,83.33,-198.13,0
31118,90.91,-198.05,0
31129,90.91,-197.86,0
31140,90.91,-198.31,0
31153,76.92,-197.23,0
31164,90.91,-198.07,0
31175,90.91,-198.25,0
31186,90.91,-198.11,0
31198,83.33,-198.35,0
31209,90.91,-198.18,0
31221,83.33,-197.97,0
31233,83.33,-198.10,0
31244,90.91,-198.14,0
31255,90.91,-197.82,0
31266,90.91,-197.56,0
31278,83.33,-197.89,0
31290,83.33,-198.43,0
31301,90.91,-198.59,0
31312,90.91,-198.57,0
31324,83.33,-199.16,0
31335,90.91,-198.83,0
31347,90.91,-199.29,0
31358,83.33,-199.42,0
31370,83.33,-198.32,0
31381,90.91,-197.70,0
31392,90.91,-197.03,0
31404,83.33,-197.13,0
31416,90.91,-197.78,0
31427,83.33,-198.70,0
31438,90.91,-198.33,0
31450,83.33,-199.24,0
31461,90.91,-199.71,0
31472,90.91,-199.24,0
31484,83.33,-198.74,0
31496,83.33,-197.79,0
31507,90.91,-197.51,0
31518,90.91,-197.23,0
31529,90.91,-197.43,0
31541,83.33,-197.35,0
31553,83.33,-197.63,0
31564,90.91,-197.65,0
31576,83.33,-198.43,0
31587,90.91,-199.21,0
31598,90.91,-199.33,0
31609,90.91,-199.22,0
31622,76.92,-198.86,0
31633,90.91,-198.46,0
31644,90.91,-197.45,0
31655,90.91,-197.13,0
31667,83.33,-196.93,0
31678,90.91,-197.82,0
31690,83.33,-198.24,0
31702,83.33,-198.58,0
31713,90.91,-198.76,0
31724,90.91,-199.38,0
31735,90.91,-199.47,0
31747,83.33,-199.32,0
31759,83.33,-198.62,0
31770,90.91,-198.17,0
31781,90.91,-198.11,0
31793,83.33,-198.21,0
31804,90.91,-198.51,0
31815,90.91,-198.70,0
31827,83.33,-198.99,0
31839,83.33,-198.26,0
31850,90.91,-198.38,0
31861,90.91,-198.68,0
31873,83.33,-199.11,0
31884,90.91,-198.74,0
31896,83.33,-198.88,0
31907,90.91,-198.54,0
31919,83.33,-198.07,0
31930,90.91,-198.53,0
31941,90.91,-197.88,0
31952,90.91,-197.53,0
31965,76.92,-197.94,0
31976,90.91,-198.08,0
31987,90.91,-198.09,0
31998,90.91,-198.06,0
32010,83.33,-198.62,0
32021,90.91,-198.99,0
32033,83.33,-199.00,0
32045,83.33,-199.01,0
32056,90.91,-198.91,0
32067,90.91,-198.64,0
32078,90.91,-198.27,0
32091,83.33,-197.94,0
32102,83.33,-197.61,0
32113,90.91,-197.49,0
32124,90.91,-197.48,0
32136,83.33,-198.47,0
32147,90.91,-198.65,0
32159,90.91,-199.36,0
32171,76.92,-199.00,0
32182,90.91,-199.03,0
32193,90.91,-199.23,0
32204,90.91,-198.52,0
32216,83.33,-198.25,0
32228,90.91,-197.72,0
32239,83.33,-197.80,0
32250,90.91,-198.35,0
32262,83.33,-198.35,0
32273,90.91,-198.51,0
32284,90.91,-199.32,0
32296,83.33,-199.90,0
32308,83.33,-199.89,0
32319,90.91,-199.08,0
32330,90.91,-198.50,0
32342,83.33,-197.80,0
32353,90.91,-197.23,0
32365,83.33,-197.45,0
32376,90.91,-197.54,0
32388,83.33,-197.91,0
32399,90.91,-198.51,0
32410,90.91,-198.70,0
32421,90.91,-198.78,0
32434,76.92,-198.65,0
32445,90.91,-198.49,0
32456,90.91,-198.41,0
32467,90.91,-198.42,0
32479,83.33,-198.23,0
32490,90.91,-198.27,0
32502,83.33,-197.47,0
32514,83.33,-197.50,0
32525,90.91,-197.69,0
32536,90.91,-197.50,0
32547,90.91,-198.49,0
32559,83.33,-199.12,0
32571,83.33,-199.54,0
32582,90.91,-199.28,0
32593,90.91,-198.64,0
32605,83.33,-198.08,0
32616,90.91,-198.65,0
32627,90.91,-198.53,0
32640,76.92,-198.06,0
32651,90.91,-197.57,0
32662,90.91,-197.62,0
32673,90.91,-197.77,0
32685,83.33,-197.81,0
32696,90.91,-198.28,0
32708,83.33,-198.58,0
32719,90.91,-199.08,0
32731,83.33,-198.79,0
32742,90.91,-198.86,0
32753,90.91,-198.68,0
32764,90.91,-198.35,0
32777,76.92,-198.19,0
32788,90.91,-197.64,0
32799,90.91,-197.94,0
32811,83.33,-197.97,0
32822,90.91,-197.54,0
32833,90.91,-197.52,0
32845,83.33,-197.93,0
32857,83.33,-198.62,0
32868,90.91,-199.61,0
32879,90.91,-198.98,0
32890,90.91,-199.24,0
32902,83.33,-198.94,0
32914,83.33,-197.85,0
32925,90.91,-197.24,0
32936,90.91,-197.15,0
32948,83.33,-197.04,0
32959,90.91,-198.05,0
32970,90.91,-198.13,0
32983,76.92,-198.91,0
32994,90.91,-199.23,0
33005,90.91,-198.96,0
33016,90.91,-199.51,0
33028,83.33,-199.94,0
33040,90.91,-199.16,0
33051,83.33,-198.84,0
33062,90.91,-197.97,0
33074,83.33,-197.81,0
33085,90.91,-197.78,0
33096,90.91,-198.06,0
33108,90.91,-198.29,0
33120,76.92,-198.71,0
33131,90.91,-199.41,0
33142,90.91,-199.55,0
33154,83.33,-199.55,0
33165,90.91,-199.28,0
33177,90.91,-198.97,0
33188,83.33,-197.90,0
33200,83.33,-198.03,0
33211,90.91,-197.16,0
33222,90.91,-197.92,0
33233,90.91,-197.86,0
33246,83.33,-198.28,0
33257,83.33,-198.36,0
33268,90.91,-199.16,0
33280,83.33,-198.90,0
33291,90.91,-199.04,0
33302,90.91,-199.07,0
33314,83.33,-198.53,0
33326,83.33,-198.46,0
33337,90.91,-198.50,0
33348,90.91,-197.93,0
33359,90.91,-197.88,0
33371,83.33,-198.07,0
33383,83.33,-198.36,0
33394,90.91,-198.59,0
33405,90.91,-198.54,0
33417,83.33,-198.64,0
33428,90.91,-198.79,0
33439,90.91,-199.00,0
33452,76.92,-198.64,0
33463,90.91,-198.60,0
33474,90.91,-198.38,0
33485,90.91,-198.55,0
33497,83.33,-198.25,0
33508,90.91,-197.99,0
33520,83.33,-197.30,0
33531,90.91,-197.55,0
33543,83.33,-197.95,0
33554,90.91,-198.21,0
33565,90.91,-198.68,0
33576,90.91,-199.23,0
33589,76.92,-199.76,0
33600,90.91,-198.97,0
33611,90.91,-198.65,0
33623,83.33,-198.34,0
33634,90.91,-197.34,0
33645,90.91,-196.94,0
33657,83.33,-196.70,0
33669,83.33,-196.91,0
33680,90.91,-197.53,0
33691,90.91,-197.80,0
33702,90.91,-198.29,0
33714,83.33,-198.48,0
33726,83.33,-199.61,0
33737,90.91,-199.78,0
33748,90.91,-199.08,0
33760,83.33,-198.36,0
33771,90.91,-197.98,0
33782,90.91,-196.96,0
33795,76.92,-197.00,0
33806,90.91,-197.12,0
33817,90.91,-197.37,0
33828,90.91,-198.21,0
33840,83.33,-198.59,0
33851,90.91,-199.43,0
33863,83.33,-200.03,0
33874,90.91,-199.73,0
33886,83.33,-199.31,0
33897,90.91,-198.63,0
33908,90.91,-197.86,0
33920,83.33,-197.28,0
33932,83.33,-197.24,0
33943,90.91,-197.86,0
33954,90.91,-198.34,0
33966,83.33,-198.21,0
33977,90.91,-198.73,0
33988,90.91,-199.16,0
34000,83.33,-199.50,0
34012,83.33,-199.40,0
34023,90.91,-198.07,0
34034,90.91,-198.72,0
34045,90.91,-198.89,0
34057,83.33,-198.07,0
34069,83.33,-197.53,0
34080,90.91,-197.73,0
34092,83.33,-197.24,0
34103,90.91,-197.63,0
34114,90.91,-198.00,0
34125,90.91,-198.73,0
34138,76.92,-198.62,0
34149,90.91,-198.22,0
34160,90.91,-198.45,0
34171,90.91,-198.84,0
34183,83.33,-198.78,0
34195,90.91,-197.76,0
34206,83.33,-197.91,0
34217,90.91,-197.77,0
34229,83.33,-197.59,0
34240,90.91,-197.53,0
34251,90.91,-196.74,0
34264,83.33,-197.76,0
34275,83.33,-198.28,0
34286,90.91,-198.75,0
34297,90.91,-199.52,0
34309,83.33,-199.38,0
34320,90.91,-199.13,0
34332,90.91,-198.89,0
34343,83.33,-198.01,0
34355,83.33,-197.24,0
34366,90.91,-197.19,0
34377,90.91,-197.42,0
34388,90.91,-197.56,0
34401,76.92,-197.94,0
34412,90.91,-198.47,0
34423,90.91,-199.51,0
34435,83.33,-200.05,0
34446,90.91,-199.76,0
34457,90.91,-199.59,0
34469,83.33,-199.31,0
34481,83.33,-198.42,0
34492,90.91,-197.39,0
34503,90.91,-196.48,0
34514,90.91,-196.24,0
34526,83.33,-197.09,0
34538,83.33,-197.67,0
34549,90.91,-198.66,0
34561,83.33,-199.29,0
34572,90.91,-199.54,0
34583,90.91,-199.48,0
34594,90.91,-199.18,0
34607,76.92,-198.63,0
34618,90.91,-198.19,0
34629,90.91,-198.08,0
34640,90.91,-198.03,0
34652,83.33,-197.79,0
34663,90.91,-198.00,0
34675,83.33,-197.91,0
34686,90.91,-198.46,0
34698,83.33,-198.63,0
34709,90.91,-198.86,0
34720,90.91,-199.17,0
34732,83.33,-198.56,0
34744,83.33,-198.85,0
34755,90.91,-198.79,0
34766,90.91,-197.86,0
34778,83.33,-197.38,0
34789,90.91,-197.80,0
34800,90.91,-197.81,0
34812,83.33,-198.10,0
34824,83.33,-198.38,0
34835,90.91,-197.96,0
34846,90.91,-198.27,0
34857,90.91,-199.01,0
34869,83.33,-199.40,0
34881,83.33,-198.96,0
34892,90.91,-198.54,0
34904,83.33,-198.27,0
34915,90.91,-197.84,0
34926,90.91,-197.97,0
34937,90.91,-198.33,0
34950,76.92,-197.84,0
34961,90.91,-197.45,0
34972,90.91,-197.90,0
34983,90.91,-198.45,0
34995,83.33,-199.00,0
35007,90.91,-198.80,0
35018,83.33,-199.00,0
35030,83.33,-199.37,0
35041,90.91,-199.17,0
35052,90.91,-198.53,0
35063,90.91,-197.97,0
35076,83.33,-197.72,0
35087,83.33,-197.98,0
35098,90.91,-197.87,0
35109,90.91,-197.79,0
35121,83.33,-198.35,0
35132,90.91,-198.65,0
35144,90.91,-199.28,0
35155,83.33,-199.21,0
35167,83.33,-198.35,0
35178,90.91,-198.38,0
35189,90.91,-198.25,0
35201,83.33,-197.60,0
35213,83.33,-197.54,0
35224,90.91,-197.89,0
35235,90.91,-197.37,0
35247,83.33,-198.36,0
35258,90.91,-198.87,0
35269,90.91,-198.82,0
35281,83.33,-199.08,0
35293,83.33,-199.14,0
35304,90.91,-198.92,0
35315,90.91,-198.33,0
35326,90.91,-198.35,0
35338,83.33,-197.71,0
35350,83.33,-197.10,0
35361,90.91,-198.22,0
35373,83.33,-198.18,0
35384,90.91,-198.13,0
35395,90.91,-198.87,0
35406,90.91,-199.47,0
35419,76.92,-199.52,0
35430,90.91,-199.16,0
35441,90.91,-199.22,0
35452,90.91,-198.60,0
35464,83.33,-198.13,0
35475,90.91,-197.92,0
35487,83.33,-197.79,0
35499,83.33,-198.64,0
35510,90.91,-198.65,0
35521,90.91,-198.79,0
35532,90.91,-198.57,0
35544,83.33,-198.04,0
35556,83.33,-198.00,0
35567,90.91,-198.33,0
35578,90.91,-198.44,0
35590,83.33,-198.70,0
35601,90.91,-198.71,0
35612,90.91,-198.45,0
35624,83.33,-198.41,0
35636,83.33,-198.13,0
35647,90.91,-198.24,0
35658,90.91,-197.82,0
35670,83.33,-197.72,0
35681,90.91,-198.54,0
35693,83.33,-198.46,0
35704,90.91,-198.19,0
35716,83.33,-198.70,0
35727,90.91,-198.42,0
35738,90.91,-198.85,0
35749,90.91,-198.59,0
35762,76.92,-198.01,0
35773,90.91,-197.79,0
35784,90.91,-197.20,0
35795,90.91,-196.63,0
35807,83.33,-197.19,0
35819,90.91,-197.38,0
35830,83.33,-198.00,0
35842,83.33,-198.69,0
35853,90.91,-198.56,0
35864,90.91,-198.36,0
35875,90.91,-198.96,0
35888,83.33,-198.98,0
35899,83.33,-198.02,0
35910,90.91,-197.55,0
35921,90.91,-196.99,0
35933,83.33,-196.62,0
35944,90.91,-197.07,0
35956,83.33,-197.96,0
35968,83.33,-198.20,0
35979,90.91,-198.38,0
35990,90.91,-198.60,0
36001,90.91,-198.81,0
36013,83.33,-198.84,0
36025,83.33,-198.53,0
36036,90.91,-198.63,0
36047,90.91,-198.06,0
36059,83.33,-197.84,0
36070,90.91,-197.51,0
36081,90.91,-197.78,0
36093,83.33,-198.04,0
36105,83.33,-198.49,0
36116,90.91,-198.76,0
36127,90.91,-198.86,0
36139,83.33,-199.66,0
36150,90.91,-199.07,0
36162,83.33,-198.65,0
36173,90.91,-198.09,0
36185,83.33,-198.42,0
36196,90.91,-198.29,0
36207,90.91,-198.25,0
36218,90.91,-197.57,0
36231,76.92,-197.87,0
36242,90.91,-198.20,0
36253,90.91,-198.20,0
36264,90.91,-198.82,0
36276,83.33,-198.55,0
36287,90.91,-198.40,0
36299,83.33,-198.57,0
36311,83.33,-198.90,0
36322,90.91,-198.75,0
36333,90.91,-197.92,0
36344,90.91,-197.90,0
36356,83.33,-197.62,0
36368,83.33,-197.19,0
36379,90.91,-198.06,0
36390,90.91,-198.61,0
36402,83.33,-198.30,0
36413,90.91,-198.54,0
36424,90.91,-198.98,0
36436,83.33,-199.42,0
36448,83.33,-199.06,0
36459,90.91,-198.75,0
36470,90.91,-198.14,0
36482,83.33,-197.89,0
36494,90.91,-198.32,0
36505,83.33,-198.11,0
36516,90.91,-197.94,0
36528,83.33,-197.97,0
36539,90.91,-198.49,0
36550,90.91,-199.39,0
36562,90.91,-199.31,0
36574,76.92,-199.12,0
36585,90.91,-198.89,0
36596,90.91,-198.73,0
36608,83.33,-198.69,0
36619,90.91,-198.55,0
36631,90.91,-197.92,0
36642,83.33,-197.75,0
36654,83.33,-197.82,0
36665,90.91,-197.75,0
36676,90.91,-198.01,0
36687,90.91,-198.65,0
36700,76.92,-198.60,0
36711,90.91,-198.79,0
36722,90.91,-199.83,0
36733,90.91,-198.78,0
36745,83.33,-197.76,0
36756,90.91,-197.53,0
36768,83.33,-197.16,0
36780,83.33,-197.16,0
36791,90.91,-197.78,0
36802,90.91,-197.78,0
36813,90.91,-198.17,0
36825,83.33,-198.40,0
36837,83.33,-199.03,0
36848,90.91,-199.56,0
36859,90.91,-199.23,0
36871,83.33,-198.33,0
36882,90.91,-197.95,0
36893,90.91,-197.68,0
36905,83.33,-197.17,0
36917,83.33,-197.23,0
36928,90.91,-197.84,0
36939,90.91,-198.58,0
36951,83.33,-198.98,0
36962,90.91,-199.38,0
36974,83.33,-199.19,0
36985,90.91,-199.53,0
36997,83.33,-198.53,0
37008,90.91,-198.15,0
37019,90.91,-198.00,0
37030,90.91,-197.52,0
37043,76.92,-197.55,0
37054,90.91,-197.68,0
37065,90.91,-198.39,0
37076,90.91,-198.33,0
37088,83.33,-198.43,0
37099,90.91,-198.84,0
37111,83.33,-199.00,0
37123,83.33,-198.50,0
37134,90.91,-198.25,0
37145,90.91,-197.88,0
37156,90.91,-198.64,0
37169,83.33,-198.68,0
37180,83.33,-198.45,0
37191,90.91,-198.17,0
37202,90.91,-197.85,0
37214,83.33,-198.84,0
37225,90.91,-198.94,0
37237,90.91,-198.42,0
37249,76.92,-198.30,0
37260,90.91,-198.45,0
37271,90.91,-198.44,0
37282,90.91,-198.85,0
37294,83.33,-198.80,0
37306,83.33,-198.31,0
37317,90.91,-198.28,0
37328,90.91,-197.73,0
37340,83.33,-197.76,0
37351,90.91,-197.80,0
37362,90.91,-197.63,0
37374,83.33,-198.04,0
37386,83.33,-198.82,0
37397,90.91,-199.07,0
37408,90.91,-199.07,0
37420,83.33,-198.94,0
37431,90.91,-198.69,0
37443,83.33,-198.48,0
37454,90.91,-197.83,0
37466,83.33,-197.19,0
37477,90.91,-197.13,0
37488,90.91,-197.21,0
37499,90.91,-197.56,0
37512,76.92,-198.81,0
37523,90.91,-198.76,0
37534,90.91,-198.83,0
37545,90.91,-198.54,0
37557,83.33,-198.65,0
37568,90.91,-198.74,0
37580,83.33,-199.08,0
37592,83.33,-198.40,0
37603,90.91,-197.71,0
37614,90.91,-197.38,0
37625,90.91,-197.36,0
37637,83.33,-197.68,0
37649,83.33,-198.29,0
37660,90.91,-199.24,0
37671,90.91,-199.53,0
37683,83.33,-199.14,0
37694,90.91,-198.93,0
37705,90.91,-198.18,0
37718,76.92,-197.83,0
37729,90.91,-197.55,0
37740,90.91,-197.75,0
37751,90.91,-197.61,0
37763,83.33,-198.52,0
37775,90.91,-198.40,0
37786,83.33,-198.99,0
37797,90.91,-198.88,0
37809,83.33,-199.22,0
37820,90.91,-198.70,0
37831,90.91,-198.39,0
37843,90.91,-198.17,0
37855,76.92,-198.45,0
37866,90.91,-198.89,0
37877,90.91,-198.21,0
37889,83.33,-198.22,0
37900,90.91,-198.41,0
37912,83.33,-198.84,0
37923,90.91,-198.71,0
37935,83.33,-198.51,0
37946,90.91,-199.17,0
37957,90.91,-198.22,0
37968,90.91,-198.09,0
37981,76.92,-198.86,0
37992,90.91,-198.59,0
38003,90.91,-198.34,0
38014,90.91,-198.27,0
38026,83.33,-198.41,0
38037,90.91,-198.61,0
