.91,-198.166,15.15,-197.88,0
77,90.91,-198.10,0
89,83.33,-198.22,0
100,90.91,-197.62,0
111,90.91,-196.98,0
123,83.33,-196.83,0
135,83.33,-196.71,0
146,90.91,-197.65,0
157,90.91,-197.71,0
168,90.91,-197.47,0
180,83.33,-196.98,0
192,83.33,-197.54,0
203,90.91,-197.42,0
215,83.33,-196.59,0
226,90.91,-196.62,0
237,90.91,-197.32,0
248,90.91,-198.00,0
261,76.92,-198.23,0
272,90.91,-198.06,0
283,90.91,-198.09,0
294,90.91,-197.50,0
306,83.33,-196.70,0
317,90.91,-196.19,0
329,83.33,-195.28,0
340,90.91,-194.99,0
352,83.33,-196.48,0
363,90.91,-197.71,0
374,90.91,-198.30,0
386,83.33,-198.83,0
398,83.33,-198.78,0
409,90.91,-199.33,0
420,90.91,-198.14,0
432,83.33,-197.11,0
443,90.91,-195.97,0
454,90.91,-195.60,0
466,83.33,-195.96,0
478,83.33,-196.28,0
489,90.91,-196.93,0
500,90.91,-198.11,0
512,83.33,-197.92,0
523,90.91,-198.31,0
535,83.33,-197.83,0
546,90.91,-197.24,0
558,83.33,-196.65,0
569,90.91,-196.60,0
580,90.91,-196.45,0
592,90.91,-197.25,0
604,76.92,-198.15,0
615,90.91,-197.93,0
626,90.91,-197.97,0
637,90.91,-197.94,0
649,83.33,-197.71,0
661,90.91,-197.43,0
672,83.33,-196.83,0
684,83.33,-197.20,0
695,90.91,-197.73,0
706,90.91,-197.62,0
717,90.91,-197.42,0
730,76.92,-197.58,0
741,90.91,-197.46,0
752,90.91,-196.88,0
763,90.91,-196.87,0
775,83.33,-196.37,0
786,90.91,-196.54,0
798,83.33,-197.17,0
809,90.91,-197.87,0
821,83.33,-198.18,0
832,90.91,-198.48,0
843,90.91,-198.26,0
855,83.33,-197.30,0
867,83.33,-196.23,0
878,90.91,-195.81,0
889,90.91,-195.07,0
901,83.33,-195.76,0
912,90.91,-197.03,0
923,90.91,-197.64,0
935,83.33,-198.32,0
947,83.33,-198.45,0
958,90.91,-198.64,0
969,90.91,-197.78,0
980,90.91,-196.55,0
992,83.33,-196.24,0
1004,83.33,-196.56,0
1015,90.91,-195.89,0
1027,83.33,-196.64,0
1038,90.91,-197.14,0
1049,90.91,-197.80,0
1060,90.91,-197.93,0
1073,76.92,-198.16,0
1084,90.91,-198.02,0
1095,90.91,-197.48,0
1106,90.91,-196.90,0
1118,83.33,-197.57,0
1129,90.91,-197.44,0
1141,83.33,-196.72,0
1153,83.33,-196.91,0
1164,90.91,-197.06,0
1175,90.91,-197.27,0
1186,90.91,-196.51,0
1198,83.33,-196.07,0
1210,83.33,-196.01,0
1221,90.91,-196.44,0
1232,90.91,-197.26,0
1244,83.33,-198.29,0
1255,90.91,-198.62,0
1266,90.91,-198.96,0
1278,83.33,-198.94,0
1290,83.33,-197.89,0
1301,90.91,-196.92,0
1312,90.91,-196.16,0
1324,83.33,-195.88,0
1336,90.91,-195.28,0
1347,83.33,-196.21,0
1358,90.91,-197.17,0
1370,83.33,-198.35,0
1381,90.91,-199.40,0
1392,90.91,-199.01,0
1404,90.91,-198.31,0
1416,76.92,-197.56,0
1427,90.91,-196.53,0
1438,90.91,-195.65,0
1449,90.91,-195.58,0
1461,83.33,-196.13,0
1473,90.91,-196.73,0
1484,83.33,-197.63,0
1496,83.33,-198.37,0
1507,90.91,-198.29,0
1518,90.91,-198.22,0
1529,90.91,-198.38,0
1542,76.92,-197.40,0
1553,90.91,-196.14,0
1564,90.91,-196.23,0
1575,90.91,-196.49,0
1587,83.33,-197.08,0
1598,90.91,-197.13,0
1610,83.33,-197.58,0
1622,83.33,-198.11,0
1633,90.91,-197.86,0
1644,90.91,-197.44,0
1655,90.91,-197.38,0
1667,83.33,-196.88,0
1679,83.33,-197.30,0
1690,90.91,-197.98,0
1701,90.91,-197.93,0
1713,83.33,-197.56,0
1724,90.91,-197.69,0
1735,90.91,-197.25,0
1747,83.33,-196.93,0
1759,83.33,-196.47,0
1770,90.91,-195.85,0
1781,90.91,-196.26,0
1793,83.33,-197.36,0
1804,90.91,-197.76,0
1816,83.33,-198.51,0
1827,90.91,-198.55,0
1839,83.33,-198.27,0
1850,90.91,-197.45,0
1861,90.91,-196.49,0
1872,90.91,-196.08,0
1885,76.92,-196.32,0
1896,90.91,-195.93,0
1907,90.91,-196.64,0
1918,90.91,-197.54,0
1930,83.33,-198.18,0
1941,90.91,-198.89,0
1953,83.33,-198.35,0
1965,83.33,-197.75,0
1976,90.91,-196.90,0
1987,90.91,-195.91,0
1998,90.91,-195.50,0
2010,83.33,-195.67,0
2022,83.33,-196.70,0
2033,90.91,-197.02,0
2044,90.91,-197.63,0
2056,83.33,-197.92,0
2067,90.91,-197.51,0
2078,90.91,-197.03,0
2091,76.92,-196.22,0
2102,90.91,-196.45,0
2113,90.91,-197.09,0
2124,90.91,-197.03,0
2136,83.33,-197.35,0
2147,90.91,-198.08,0
2159,83.33,-198.22,0
2170,90.91,-197.81,0
2182,83.33,-196.94,0
2193,90.91,-196.10,0
2204,90.91,-196.16,0
2215,90.91,-196.26,0
2228,76.92,-196.96,0
2239,90.91,-197.73,0
2250,90.91,-198.43,0
2262,83.33,-198.50,0
2273,90.91,-198.25,0
2285,90.91,-197.71,0
2296,83.33,-196.55,0
2308,83.33,-195.71,0
2319,90.91,-195.91,0
2330,90.91,-195.88,0
2341,90.91,-196.49,0
2354,83.33,-197.62,0
2365,83.33,-198.56,0
2376,90.91,-199.23,0
2387,90.91,-198.98,0
2399,83.33,-198.63,0
2410,90.91,-197.99,0
2422,90.91,-196.90,0
2434,76.92,-195.68,0
2445,90.91,-195.62,0
2456,90.91,-195.62,0
2467,90.91,-196.46,0
2479,83.33,-197.82,0
2491,83.33,-198.23,0
2502,90.91,-198.74,0
2513,90.91,-198.25,0
2525,83.33,-198.01,0
2536,90.91,-197.80,0
2547,90.91,-197.37,0
2560,76.92,-196.99,0
2571,90.91,-196.88,0
2582,90.91,-197.26,0
2593,90.91,-197.11,0
2605,83.33,-197.13,0
2616,90.91,-197.25,0
2628,83.33,-197.19,0
2639,90.91,-196.65,0
2651,83.33,-196.89,0
2662,90.91,-197.17,0
2673,90.91,-197.50,0
2684,90.91,-198.03,0
2697,76.92,-198.17,0
2708,90.91,-198.66,0
2719,90.91,-197.81,0
2731,83.33,-197.46,0
2742,90.91,-196.53,0
2753,90.91,-195.60,0
2765,83.33,-195.74,0
2777,83.33,-196.16,0
2788,90.91,-196.94,0
2799,90.91,-198.18,0
2810,90.91,-198.93,0
2822,83.33,-199.29,0
2834,83.33,-198.95,0
2845,90.91,-197.73,0
2856,90.91,-196.49,0
2868,83.33,-195.62,0
2879,90.91,-195.33,0
2890,90.91,-195.83,0
2903,76.92,-196.48,0
2914,90.91,-197.23,0
2925,90.91,-197.97,0
2936,90.91,-198.93,0
2948,83.33,-199.13,0
2959,90.91,-198.20,0
2971,83.33,-196.83,0
2982,90.91,-196.19,0
2994,83.33,-196.13,0
3005,90.91,-196.71,0
3016,90.91,-196.92,0
3027,90.91,-197.42,0
3040,76.92,-197.80,0
3051,90.91,-197.89,0
3062,90.91,-197.94,0
3074,83.33,-197.32,0
3085,90.91,-196.92,0
3096,90.91,-197.07,0
3108,83.33,-197.14,0
3120,83.33,-197.67,0
3131,90.91,-198.35,0
3142,90.91,-197.78,0
3153,90.91,-197.31,0
3165,83.33,-197.09,0
3177,83.33,-196.41,0
3188,90.91,-195.42,0
3200,83.33,-195.52,0
3211,90.91,-196.20,0
3222,90.91,-197.28,0
3234,90.91,-197.78,0
3246,76.92,-197.91,0
3257,90.91,-198.10,0
3268,90.91,-198.08,0
3279,90.91,-197.51,0
3291,83.33,-197.10,0
3303,90.91,-196.12,0
3314,83.33,-195.96,0
3325,90.91,-195.59,0
3337,83.33,-196.32,0
3348,90.91,-197.23,0
3359,90.91,-198.03,0
3372,83.33,-198.42,0
3383,83.33,-198.37,0
3394,90.91,-198.34,0
3405,90.91,-197.68,0
3417,83.33,-196.86,0
3428,90.91,-196.92,0
3440,83.33,-196.25,0
3451,90.91,-195.74,0
3463,83.33,-196.18,0
3474,90.91,-196.70,0
3485,90.91,-197.65,0
3496,90.91,-197.63,0
3509,76.92,-197.60,0
3520,90.91,-197.62,0
3531,90.91,-197.51,0
3543,83.33,-197.84,0
3554,90.91,-197.11,0
3565,90.91,-197.57,0
3577,83.33,-198.02,0
3589,83.33,-197.88,0
3600,90.91,-197.04,0
3611,90.91,-196.81,0
3622,90.91,-196.57,0
3634,83.33,-196.19,0
3646,83.33,-196.18,0
3657,90.91,-196.48,0
3668,90.91,-197.30,0
3680,83.33,-198.14,0
3691,90.91,-199.06,0
3702,90.91,-198.80,0
3715,76.92,-198.37,0
3726,90.91,-197.13,0
3737,90.91,-195.91,0
3748,90.91,-195.83,0
3760,83.33,-194.99,0
3771,90.91,-195.38,0
3783,83.33,-196.54,0
3794,90.91,-197.40,0
3806,83.33,-198.63,0
3817,90.91,-199.07,0
3828,90.91,-198.98,0
3840,83.33,-198.55,0
3852,83.33,-196.94,0
3863,90.91,-195.78,0
3874,90.91,-195.69,0
3886,83.33,-195.34,0
3897,90.91,-196.22,0
3908,90.91,-197.44,0
3920,83.33,-197.72,0
3932,83.33,-197.87,0
3943,90.91,-198.22,0
3954,90.91,-198.50,0
3965,90.91,-198.14,0
3977,83.33,-197.42,0
3989,83.33,-197.19,0
4000,90.91,-196.29,0
4012,83.33,-196.61,0
4023,90.91,-197.59,0
4034,90.91,-197.16,0
4045,90.91,-196.86,0
4058,76.92,-197.17,0
4069,90.91,-196.75,0
4080,90.91,-196.90,0
4091,90.91,-197.17,0
4103,83.33,-198.01,0
4115,90.91,-198.43,0
4126,83.33,-198.45,0
4137,90.91,-198.07,0
4149,83.33,-197.68,0
4160,90.91,-197.25,0
4171,90.91,-196.87,0
4184,83.33,-196.11,0
4195,83.33,-195.72,0
4206,90.91,-196.46,0
4217,90.91,-197.73,0
4229,83.33,-198.21,0
4240,90.91,-198.63,0
4252,83.33,-199.32,0
4263,90.91,-198.92,0
4275,83.33,-197.79,0
4286,90.91,-196.75,0
4297,90.91,-195.56,0
4308,90.91,-195.15,0
4321,76.92,-195.04,0
4332,90.91,-195.78,0
4343,90.91,-196.54,0
4355,83.33,-197.74,0
4366,90.91,-198.69,0
4377,90.91,-199.25,0
4389,83.33,-198.39,0
4401,83.33,-197.49,0
4412,90.91,-196.82,0
4423,90.91,-196.25,0
4434,90.91,-196.27,0
4446,83.33,-196.98,0
4458,83.33,-197.43,0
4469,90.91,-197.96,0
4481,83.33,-197.46,0
4492,90.91,-197.40,0
4503,90.91,-197.55,0
4514,90.91,-197.72,0
4527,76.92,-197.76,0
4538,90.91,-197.47,0
4549,90.91,-197.36,0
4560,90.91,-197.14,0
4572,83.33,-197.15,0
4583,90.91,-197.20,0
4595,83.33,-196.88,0
4606,90.91,-197.05,0
4618,83.33,-196.53,0
4629,90.91,-196.42,0
4640,90.91,-196.65,0
4652,83.33,-196.86,0
4664,83.33,-197.75,0
4675,90.91,-198.64,0
4686,90.91,-198.94,0
4698,83.33,-198.24,0
4709,90.91,-197.67,0
4720,90.91,-196.43,0
4732,83.33,-195.63,0
4744,83.33,-195.35,0
4755,90.91,-195.43,0
4766,90.91,-196.07,0
4777,90.91,-197.01,0
4789,83.33,-198.29,0
4801,83.33,-198.74,0
4812,90.91,-198.35,0
4824,83.33,-198.42,0
4835,90.91,-197.43,0
4846,90.91,-196.52,0
4857,90.91,-196.03,0
4870,76.92,-195.52,0
4881,90.91,-195.87,0
4892,90.91,-196.61,0
4903,90.91,-197.45,0
4915,83.33,-197.12,0
4926,90.91,-197.51,0
4938,83.33,-197.87,0
4950,83.33,-197.63,0
4961,90.91,-196.66,0
4972,90.91,-196.45,0
4983,90.91,-196.22,0
4996,83.33,-196.93,0
5007,83.33,-197.04,0
5018,90.91,-197.04,0
5029,90.91,-197.88,0
5041,83.33,-198.03,0
5052,90.91,-197.49,0
5064,90.91,-196.55,0
5075,83.33,-196.82,0
5087,83.33,-197.44,0
5098,90.91,-196.90,0
5109,90.91,-197.50,0
5121,83.33,-197.95,0
5133,90.91,-197.94,0
5144,83.33,-197.56,0
5155,90.91,-197.08,0
5167,83.33,-197.00,0
5178,90.91,-195.95,0
5189,90.91,-195.97,0
5201,83.33,-196.39,0
5213,83.33,-197.01,0
5224,90.91,-197.83,0
5235,90.91,-198.13,0
5246,90.91,-198.70,0
5258,83.33,-198.33,0
5270,83.33,-197.87,0
5281,90.91,-196.41,0
5293,83.33,-195.68,0
5304,90.91,-195.62,0
5315,90.91,-195.35,0
5326,90.91,-195.70,0
5339,76.92,-196.59,0
5350,90.91,-197.47,0
5361,90.91,-198.58,0
5372,90.91,-198.69,0
5384,83.33,-198.36,0
5395,90.91,-197.44,0
5407,83.33,-196.89,0
5419,83.33,-195.91,0
5430,90.91,-196.24,0
5441,90.91,-197.19,0
5452,90.91,-198.26,0
5464,83.33,-198.40,0
5476,83.33,-198.43,0
5487,90.91,-197.89,0
5498,90.91,-198.19,0
5510,83.33,-197.49,0
5521,90.91,-197.47,0
5532,90.91,-197.57,0
5544,83.33,-197.42,0
5556,83.33,-197.48,0
5567,90.91,-197.67,0
5578,90.91,-197.24,0
5590,83.33,-196.55,0
5601,90.91,-196.57,0
5613,83.33,-196.61,0
5624,90.91,-196.47,0
5636,83.33,-196.43,0
5647,90.91,-197.23,0
5658,90.91,-197.87,0
5669,90.91,-198.09,0
5682,76.92,-197.72,0
5693,90.91,-198.25,0
5704,90.91,-197.85,0
5715,90.91,-196.77,0
5727,83.33,-195.68,0
5739,90.91,-195.75,0
5750,83.33,-195.78,0
5762,83.33,-195.94,0
5773,90.91,-196.98,0
5784,90.91,-198.22,0
5795,90.91,-199.16,0
5808,83.33,-199.20,0
5819,83.33,-198.17,0
5830,90.91,-197.68,0
5841,90.91,-196.94,0
5853,83.33,-196.64,0
5864,90.91,-195.93,0
5876,83.33,-196.20,0
5888,83.33,-196.36,0
5899,90.91,-197.40,0
5910,90.91,-198.35,0
5921,90.91,-198.84,0
5933,83.33,-198.54,0
5945,83.33,-197.86,0
5956,90.91,-197.28,0
5967,90.91,-196.55,0
5979,83.33,-196.65,0
5990,90.91,-197.54,0
6001,90.91,-198.03,0
6013,83.33,-198.05,0
6025,83.33,-197.94,0
6036,90.91,-197.38,0
6047,90.91,-196.53,0
6059,83.33,-195.66,0
6070,90.91,-195.83,0
6082,83.33,-196.53,0
6093,90.91,-197.57,0
6105,83.33,-197.87,0
6116,90.91,-198.19,0
6127,90.91,-198.87,0
6138,90.91,-197.84,0
6151,76.92,-197.01,0
6162,90.91,-196.39,0
6173,90.91,-196.01,0
6184,90.91,-195.78,0
6196,83.33,-196.30,0
6207,90.91,-196.82,0
6219,83.33,-196.89,0
6231,83.33,-197.58,0
6242,90.91,-198.46,0
6253,90.91,-198.14,0
6264,90.91,-197.68,0
6276,83.33,-196.98,0
6288,83.33,-196.51,0
6299,90.91,-196.40,0
6310,90.91,-196.04,0
6322,83.33,-196.25,0
6333,90.91,-197.21,0
6344,90.91,-197.20,0
6356,83.33,-197.56,0
6368,83.33,-197.79,0
6379,90.91,-197.34,0
6390,90.91,-197.10,0
6402,83.33,-197.15,0
6413,90.91,-197.22,0
6425,83.33,-197.05,0
6436,90.91,-197.50,0
6448,83.33,-197.78,0
6459,90.91,-197.30,0
6470,90.91,-197.42,0
6481,90.91,-197.42,0
6494,76.92,-196.79,0
6505,90.91,-196.80,0
6516,90.91,-197.08,0
6528,83.33,-197.34,0
6539,90.91,-197.79,0
6551,90.91,-198.16,0
6562,83.33,-198.56,0
6574,83.33,-197.95,0
6585,90.91,-197.44,0
6596,90.91,-197.07,0
6607,90.91,-196.15,0
6620,83.33,-195.87,0
6631,83.33,-195.87,0
6642,90.91,-196.16,0
6653,90.91,-197.55,0
6665,83.33,-197.74,0
6676,90.91,-198.29,0
6688,83.33,-198.63,0
6700,83.33,-198.45,0
6711,90.91,-196.97,0
6722,90.91,-195.86,0
6733,90.91,-195.08,0
6745,83.33,-195.95,0
6757,83.33,-196.29,0
6768,90.91,-197.03,0
6779,90.91,-197.41,0
6791,83.33,-198.07,0
6802,90.91,-198.58,0
6813,90.91,-198.08,0
6825,83.33,-197.71,0
6837,83.33,-197.30,0
6848,90.91,-196.41,0
6859,90.91,-196.56,0
6871,83.33,-197.47,0
6882,90.91,-197.57,0
6894,83.33,-197.61,0
6905,90.91,-197.34,0
6917,83.33,-197.71,0
6928,90.91,-197.08,0
6939,90.91,-196.73,0
6950,90.91,-196.77,0
6963,76.92,-196.86,0
6974,90.91,-197.11,0
6985,90.91,-197.42,0
6996,90.91,-197.77,0
7008,83.33,-197.85,0
7019,90.91,-197.50,0
7031,83.33,-197.10,0
7043,83.33,-196.30,0
7054,90.91,-195.94,0
7065,90.91,-196.56,0
7076,90.91,-196.65,0
7088,83.33,-197.72,0
7100,83.33,-198.42,0
7111,90.91,-198.98,0
7122,90.91,-198.19,0
7134,83.33,-197.88,0
7145,90.91,-197.63,0
7156,90.91,-196.88,0
7169,76.92,-195.88,0
7180,90.91,-195.46,0
7191,90.91,-196.34,0
7202,90.91,-196.79,0
7214,83.33,-198.27,0
7225,90.91,-198.52,0
7237,83.33,-199.12,0
7248,90.91,-198.33,0
7260,83.33,-197.87,0
7271,90.91,-197.32,0
7282,90.91,-196.50,0
7293,90.91,-196.31,0
7306,76.92,-196.37,0
7317,90.91,-197.61,0
7328,90.91,-197.50,0
7340,83.33,-197.64,0
7351,90.91,-198.33,0
7362,90.91,-198.07,0
7374,83.33,-197.56,0
7386,83.33,-197.26,0
7397,90.91,-197.36,0
7408,90.91,-197.31,0
7419,90.91,-197.65,0
7432,83.33,-197.43,0
7443,83.33,-197.79,0
7454,90.91,-198.26,0
7465,90.91,-197.65,0
7477,83.33,-196.88,0
7488,90.91,-196.64,0
7500,90.91,-196.52,0
7512,76.92,-196.70,0
7523,90.91,-196.95,0
7534,90.91,-197.66,0
7545,90.91,-198.27,0
7557,83.33,-198.32,0
7569,90.91,-197.86,0
7580,83.33,-197.43,0
7591,90.91,-196.18,0
7603,83.33,-195.13,0
7614,90.91,-194.59,0
7625,90.91,-195.70,0
7638,76.92,-196.44,0
7649,90.91,-197.45,0
7660,90.91,-198.08,0
7671,90.91,-198.79,0
7683,83.33,-199.05,0
7694,90.91,-198.66,0
7706,83.33,-196.77,0
7717,90.91,-196.50,0
7729,83.33,-195.79,0
7740,90.91,-195.95,0
7751,90.91,-196.34,0
7762,90.91,-196.46,0
7775,76.92,-196.88,0
7786,90.91,-197.11,0
7797,90.91,-197.90,0
7809,83.33,-197.99,0
7820,90.91,-197.33,0
7831,90.91,-197.43,0
7843,83.33,-196.79,0
7855,83.33,-196.66,0
7866,90.91,-196.60,0
7877,90.91,-196.90,0
7888,90.91,-196.70,0
7900,83.33,-196.18,0
7912,83.33,-196.34,0
7923,90.91,-196.21,0
7934,90.91,-197.02,0
7946,83.33,-197.71,0
7957,90.91,-197.76,0
7968,90.91,-198.43,0
7981,76.92,-198.52,0
7992,90.91,-198.63,0
8003,90.91,-197.97,0
8014,90.91,-197.49,0
8026,83.33,-196.99,0
8037,90.91,-196.39,0
8049,83.33,-195.76,0
8060,90.91,-195.27,0
8072,83.33,-195.91,0
8083,90.91,-197.71,0
8094,90.91,-199.06,0
8105,90.91,-199.37,0
8118,76.92,-199.17,0
8129,90.91,-198.21,0
8140,90.91,-196.97,0
8152,83.33,-196.21,0
8163,90.91,-195.54,0
8174,90.91,-195.01,0
8186,83.33,-195.45,0
8198,83.33,-196.67,0
8209,90.91,-197.11,0
8220,90.91,-198.47,0
8231,90.91,-198.89,0
8243,83.33,-198.40,0
8255,83.33,-197.83,0
8266,90.91,-197.19,0
8278,83.33,-196.43,0
8289,90.91,-196.00,0
8300,90.91,-196.19,0
8311,90.91,-196.21,0
8324,76.92,-196.86,0
8335,90.91,-197.30,0
8346,90.91,-197.37,0
8357,90.91,-196.71,0
8369,83.33,-196.66,0
8380,90.91,-197.25,0
8392,83.33,-197.49,0
8403,90.91,-197.60,0
8415,83.33,-198.15,0
8426,90.91,-198.29,0
8437,90.91,-198.08,0
8449,83.33,-197.47,0
8461,83.33,-197.19,0
8472,90.91,-196.50,0
8483,90.91,-196.00,0
8495,83.33,-196.05,0
8506,90.91,-196.69,0
8517,90.91,-197.39,0
8529,83.33,-198.05,0
8541,83.33,-199.10,0
8552,90.91,-199.21,0
8563,90.91,-198.42,0
8574,90.91,-197.43,0
8587,83.33,-196.21,0
8598,83.33,-194.95,0
8609,90.91,-194.80,0
8621,83.33,-194.79,0
8632,90.91,-195.78,0
8643,90.91,-197.29,0
8655,90.91,-198.56,0
8667,76.92,-199.16,0
8678,90.91,-198.94,0
8689,90.91,-198.50,0
8700,90.91,-197.39,0
8712,83.33,-196.36,0
8724,90.91,-195.78,0
8735,83.33,-195.25,0
8747,83.33,-195.78,0
8758,90.91,-196.18,0
8769,90.91,-197.16,0
8780,90.91,-197.31,0
8793,76.92,-197.84,0
8804,90.91,-197.92,0
8815,90.91,-197.47,0
8826,90.91,-197.51,0
8838,83.33,-197.36,0
8849,90.91,-197.49,0
8861,83.33,-197.98,0
8872,90.91,-197.97,0
8884,83.33,-197.22,0
8895,90.91,-197.29,0
8906,90.91,-197.20,0
8918,83.33,-196.41,0
8930,83.33,-196.31,0
8941,90.91,-196.52,0
8952,90.91,-197.50,0
8964,83.33,-198.29,0
8975,90.91,-198.45,0
8986,90.91,-198.27,0
8998,83.33,-197.96,0
9010,83.33,-197.77,0
9021,90.91,-196.86,0
9032,90.91,-196.41,0
9043,90.91,-195.85,0
9055,83.33,-195.81,0
9067,83.33,-196.11,0
9078,90.91,-197.24,0
9090,83.33,-198.47,0
9101,90.91,-198.54,0
9112,90.91,-198.52,0
9123,90.91,-197.95,0
9136,76.92,-196.81,0
9147,90.91,-195.72,0
9158,90.91,-195.25,0
9169,90.91,-195.06,0
9181,83.33,-195.78,0
9192,90.91,-197.06,0
9204,83.33,-197.40,0
9216,83.33,-198.14,0
9227,90.91,-198.80,0
9238,90.91,-198.11,0
9249,90.91,-197.60,0
9261,83.33,-197.34,0
9273,83.33,-197.27,0
9284,90.91,-196.98,0
9295,90.91,-196.83,0
9307,83.33,-197.04,0
9318,90.91,-197.59,0
9329,90.91,-197.54,0
9341,83.33,-197.38,0
9353,83.33,-197.12,0
9364,90.91,-196.97,0
9375,90.91,-197.06,0
9387,83.33,-197.11,0
9398,90.91,-197.63,0
9410,83.33,-198.74,0
9421,90.91,-198.33,0
9433,83.33,-197.74,0
9444,90.91,-197.83,0
9455,90.91,-197.23,0
9466,90.91,-196.22,0
9479,76.92,-195.65,0
9490,90.91,-195.85,0
9501,90.91,-196.33,0
9512,90.91,-197.75,0
9524,83.33,-198.82,0
9535,90.91,-199.25,0
9547,83.33,-199.08,0
9559,83.33,-198.52,0
9570,90.91,-197.50,0
9581,90.91,-196.30,0
9592,90.91,-195.49,0
9604,83.33,-195.23,0
9616,83.33,-195.63,0
9627,90.91,-196.20,0
9638,90.91,-197.12,0
9650,83.33,-197.85,0
9661,90.91,-198.30,0
9673,90.91,-198.96,0
9684,83.33,-198.17,0
9696,83.33,-197.59,0
9707,90.91,-196.58,0
9718,90.91,-195.77,0
9730,83.33,-195.57,0
9742,90.91,-196.22,0
9753,83.33,-196.86,0
9764,90.91,-197.27,0
9776,83.33,-197.60,0
9787,90.91,-197.73,0
9798,90.91,-197.87,0
9810,90.91,-198.07,0
9822,76.92,-197.62,0
9833,90.91,-197.43,0
9844,90.91,-196.91,0
9856,83.33,-197.24,0
9867,90.91,-197.54,0
9879,83.33,-197.56,0
9890,90.91,-197.53,0
9902,83.33,-196.46,0
9913,90.91,-196.01,0
9924,90.91,-195.93,0
9935,90.91,-196.26,0
9948,76.92,-197.35,0
9959,90.91,-198.30,0
9970,90.91,-198.54,0
9981,90.91,-198.61,0
9993,83.33,-198.34,0
10004,90.91,-197.41,0
10016,83.33,-196.66,0
10028,83.33,-195.65,0
10039,90.91,-195.07,0
10050,90.91,-195.96,0
10061,90.91,-196.13,0
10073,83.33,-196.91,0
10085,83.33,-198.57,0
10096,90.91,-199.28,0
10107,90.91,-199.38,0
10119,83.33,-198.75,0
10130,90.91,-197.75,0
10141,90.91,-196.56,0
10153,83.33,-195.94,0
10165,83.33,-195.83,0
10176,90.91,-196.73,0
10187,90.91,-196.87,0
10199,83.33,-197.14,0
10210,90.91,-197.35,0
10222,83.33,-198.34,0
10233,90.91,-199.10,0
10245,83.33,-197.97,0
10256,90.91,-197.07,0
10267,90.91,-196.43,0
10278,90.91,-196.52,0
10291,76.92,-196.29,0
10302,90.91,-196.80,0
10313,90.91,-196.74,0
10324,90.91,-197.07,0
10336,83.33,-197.21,0
10347,90.91,-197.26,0
10359,83.33,-197.16,0
10371,83.33,-197.02,0
10382,90.91,-197.03,0
10393,90.91,-197.85,0
10404,90.91,-198.34,0
10416,83.33,-198.03,0
10428,83.33,-197.84,0
10439,90.91,-197.47,0
10450,90.91,-196.94,0
10462,83.33,-195.98,0
10473,90.91,-195.31,0
10484,90.91,-195.98,0
10497,76.92,-196.55,0
10508,90.91,-197.48,0
10519,90.91,-198.31,0
10530,90.91,-198.67,0
10542,83.33,-197.98,0
10554,90.91,-197.83,0
10565,83.33,-196.79,0
10576,90.91,-195.87,0
10588,83.33,-194.98,0
10599,90.91,-195.68,0
10610,90.91,-196.38,0
10622,90.91,-197.25,0
10634,76.92,-198.11,0
10645,90.91,-198.68,0
10656,90.91,-199.12,0
10668,83.33,-198.42,0
10679,90.91,-197.48,0
10691,90.91,-196.20,0
10702,83.33,-196.11,0
10714,83.33,-195.69,0
10725,90.91,-195.87,0
10736,90.91,-196.40,0
10747,90.91,-196.96,0
10760,76.92,-197.93,0
10771,90.91,-198.47,0
10782,90.91,-197.53,0
10793,90.91,-197.85,0
10805,83.33,-197.42,0
10816,90.91,-197.30,0
10828,83.33,-196.89,0
10840,83.33,-197.07,0
10851,90.91,-197.43,0
10862,90.91,-197.58,0
10873,90.91,-197.16,0
10885,83.33,-197.16,0
10897,83.33,-197.09,0
10908,90.91,-196.62,0
10919,90.91,-196.89,0
10931,83.33,-197.03,0
10942,90.91,-197.71,0
10953,90.91,-198.60,0
10966,76.92,-198.52,0
10977,90.91,-198.26,0
10988,90.91,-197.72,0
10999,90.91,-196.59,0
11011,83.33,-195.92,0
11022,90.91,-195.77,0
11034,83.33,-196.09,0
11045,90.91,-196.81,0
11057,83.33,-197.64,0
11068,90.91,-199.05,0
11079,90.91,-198.89,0
11090,90.91,-199.04,0
11103,76.92,-198.33,0
11114,90.91,-197.69,0
11125,90.91,-196.56,0
11137,83.33,-196.04,0
11148,90.91,-195.23,0
11159,90.91,-194.95,0
11171,83.33,-196.13,0
11183,83.33,-197.17,0
11194,90.91,-197.87,0
11205,90.91,-198.59,0
11216,90.91,-199.07,0
11228,83.33,-197.99,0
11240,83.33,-196.45,0
11251,90.91,-195.98,0
11262,90.91,-196.19,0
11274,83.33,-196.37,0
11285,90.91,-197.02,0
11296,90.91,-197.05,0
11309,76.92,-196.91,0
11320,90.91,-197.30,0
11331,90.91,-197.38,0
11342,90.91,-197.36,0
11354,83.33,-197.51,0
11365,90.91,-197.49,0
11377,83.33,-197.35,0
11388,90.91,-197.95,0
11400,83.33,-198.62,0
11411,90.91,-198.48,0
11422,90.91,-198.40,0
11435,90.91,-197.55,0
11446,76.92,-196.56,0
11457,90.91,-195.60,0
11468,90.91,-196.04,0
11480,83.33,-196.92,0
11491,90.91,-197.43,0
11503,90.91,-198.02,0
11514,83.33,-199.11,0
11526,83.33,-199.23,0
11537,90.91,-198.91,0
11548,90.91,-198.41,0
11559,90.91,-197.02,0
11572,76.92,-195.87,0
11583,90.91,-195.71,0
11594,90.91,-195.65,0
11606,83.33,-196.55,0
11617,90.91,-197.48,0
11628,90.91,-198.22,0
11640,83.33,-199.21,0
11652,83.33,-199.49,0
11663,90.91,-198.64,0
11674,90.91,-197.67,0
11685,90.91,-196.47,0
11697,83.33,-195.30,0
11709,83.33,-195.61,0
11720,90.91,-196.22,0
11731,90.91,-196.45,0
11743,83.33,-197.37,0
11754,90.91,-198.02,0
11765,90.91,-197.48,0
11778,76.92,-197.43,0
11789,90.91,-197.05,0
11800,90.91,-196.50,0
11811,90.91,-196.41,0
11823,83.33,-196.98,0
11834,90.91,-196.87,0
11846,83.33,-196.64,0
11857,90.91,-196.96,0
11869,83.33,-197.05,0
11880,90.91,-197.36,0
11891,90.91,-196.84,0
11902,90.91,-196.03,0
11915,76.92,-196.13,0
11926,90.91,-196.55,0
11937,90.91,-197.09,0
11949,83.33,-197.34,0
11960,90.91,-197.41,0
11971,90.91,-197.29,0
11983,83.33,-197.45,0
11995,83.33,-196.70,0
12006,90.91,-196.63,0
12017,90.91,-196.43,0
12028,90.91,-196.23,0
12040,83.33,-196.79,0
12052,83.33,-197.39,0
12063,90.91,-197.90,0
12075,83.33,-197.96,0
12086,90.91,-197.77,0
12097,90.91,-197.07,0
12108,90.91,-196.19,0
12121,76.92,-195.69,0
12132,90.91,-195.76,0
12143,90.91,-195.41,0
12154,90.91,-196.15,0
12166,83.33,-196.98,0
12178,90.91,-197.85,0
12189,83.33,-198.22,0
12200,90.91,-198.33,0
12212,83.33,-197.81,0
12223,90.91,-196.89,0
12234,90.91,-196.04,0
12247,83.33,-195.97,0
12258,83.33,-196.53,0
12269,90.91,-196.43,0
12280,90.91,-196.47,0
12292,83.33,-197.49,0
12303,90.91,-197.98,0
12315,83.33,-197.87,0
12326,90.91,-196.82,0
12338,83.33,-197.11,0
12349,90.91,-196.64,0
12360,90.91,-196.48,0
12371,90.91,-196.56,0
12384,76.92,-196.35,0
12395,90.91,-196.86,0
12406,90.91,-197.06,0
12418,83.33,-197.69,0
12429,90.91,-197.53,0
12440,90.91,-197.10,0
12452,83.33,-196.91,0
12464,83.33,-196.88,0
12475,90.91,-197.19,0
12486,90.91,-197.74,0
12497,90.91,-198.12,0
12509,83.33,-197.84,0
12521,83.33,-197.91,0
12532,90.91,-197.59,0
12544,83.33,-196.53,0
12555,90.91,-196.06,0
12566,90.91,-195.83,0
12577,90.91,-195.73,0
12590,76.92,-195.89,0
12601,90.91,-197.39,0
12612,90.91,-198.51,0
12623,90.91,-199.22,0
12635,83.33,-199.32,0
12646,90.91,-199.19,0
12658,83.33,-197.43,0
12669,90.91,-196.21,0
12681,83.33,-195.68,0
12692,90.91,-195.83,0
12703,90.91,-196.02,0
12715,83.33,-196.68,0
12727,83.33,-197.29,0
12738,90.91,-198.31,0
12749,90.91,-198.59,0
12761,83.33,-197.86,0
12772,90.91,-197.07,0
12783,90.91,-196.74,0
12795,83.33,-196.55,0
12807,83.33,-196.21,0
12818,90.91,-196.69,0
12829,90.91,-197.18,0
12840,90.91,-198.27,0
12852,83.33,-198.26,0
12864,83.33,-197.74,0
12875,90.91,-197.49,0
12887,83.33,-196.38,0
12898,90.91,-195.86,0
12909,90.91,-196.11,0
12921,90.91,-197.37,0
12933,76.92,-197.41,0
12944,90.91,-197.67,0
12955,90.91,-198.40,0
12966,90.91,-198.81,0
12978,83.33,-198.72,0
12990,90.91,-197.33,0
13001,83.33,-196.69,0
13012,90.91,-195.77,0
13024,83.33,-196.01,0
13035,90.91,-196.38,0
13046,90.91,-198.02,0
13059,83.33,-198.58,0
13070,83.33,-198.97,0
13081,90.91,-198.47,0
13092,90.91,-198.00,0
13104,83.33,-197.33,0
13115,90.91,-196.71,0
13127,83.33,-195.51,0
13138,90.91,-195.92,0
13150,83.33,-196.06,0
13161,90.91,-196.95,0
13172,90.91,-197.88,0
13184,83.33,-198.14,0
13196,83.33,-198.00,0
13207,90.91,-197.65,0
13218,90.91,-196.83,0
13230,83.33,-196.68,0
13241,90.91,-196.49,0
13252,90.91,-196.48,0
13264,83.33,-197.24,0
13276,83.33,-197.44,0
13287,90.91,-197.62,0
13298,90.91,-197.42,0
13309,90.91,-197.43,0
13321,83.33,-196.93,0
13333,83.33,-196.52,0
13344,90.91,-196.70,0
13356,83.33,-197.00,0
13367,90.91,-197.73,0
13378,90.91,-198.06,0
13389,90.91,-198.19,0
13402,76.92,-197.77,0
13413,90.91,-197.29,0
13424,90.91,-197.07,0
13435,90.91,-196.60,0
13447,83.33,-195.54,0
13458,90.91,-196.06,0
13470,83.33,-197.50,0
13481,90.91,-197.80,0
13493,83.33,-198.26,0
13504,90.91,-198.46,0
13515,90.91,-198.54,0
13527,83.33,-198.26,0
13539,83.33,-196.94,0
13550,90.91,-196.20,0
13561,90.91,-195.49,0
13573,83.33,-194.93,0
13584,90.91,-195.78,0
13595,90.91,-196.62,0
13607,83.33,-197.71,0
13619,83.33,-199.16,0
13630,90.91,-198.92,0
13641,90.91,-198.88,0
13652,90.91,-198.00,0
13664,83.33,-196.89,0
13676,83.33,-196.37,0
13687,90.91,-196.04,0
13699,83.33,-196.15,0
13710,90.91,-196.47,0
13721,90.91,-197.11,0
13732,90.91,-197.31,0
13745,76.92,-197.21,0
13756,90.91,-197.07,0
13767,90.91,-197.07,0
13778,90.91,-196.86,0
13790,83.33,-196.74,0
13801,90.91,-197.09,0
13813,83.33,-196.68,0
13825,83.33,-196.81,0
13836,90.91,-197.67,0
13847,90.91,-197.55,0
13858,90.91,-197.10,0
13871,83.33,-197.37,0
13882,83.33,-196.55,0
13893,90.91,-196.13,0
13904,90.91,-196.67,0
13916,83.33,-197.62,0
13927,90.91,-198.19,0
13939,90.91,-198.15,0
13950,83.33,-198.58,0
13962,83.33,-198.30,0
13973,90.91,-197.22,0
13984,90.91,-196.44,0
13996,83.33,-196.15,0
14008,90.91,-195.68,0
14019,83.33,-196.49,0
14030,90.91,-197.02,0
14042,83.33,-197.65,0
14053,90.91,-198.64,0
14064,90.91,-199.36,0
14076,83.33,-198.85,0
14088,83.33,-197.88,0
14099,90.91,-196.83,0
14110,90.91,-195.70,0
14121,90.91,-195.72,0
14133,83.33,-196.62,0
14145,83.33,-196.82,0
14156,90.91,-197.26,0
14168,83.33,-197.93,0
14179,90.91,-198.16,0
14190,90.91,-198.56,0
14201,90.91,-198.55,0
14214,76.92,-197.60,0
14225,90.91,-196.81,0
14236,90.91,-196.95,0
14247,90.91,-196.94,0
14259,83.33,-197.27,0
14270,90.91,-197.05,0
14282,83.33,-197.71,0
14294,83.33,-197.55,0
14305,90.91,-197.59,0
14316,90.91,-197.38,0
14327,90.91,-196.72,0
14339,83.33,-196.63,0
14351,83.33,-196.51,0
14362,90.91,-197.20,0
14373,90.91,-197.72,0
14385,83.33,-197.83,0
14396,90.91,-197.53,0
14407,90.91,-197.03,0
14419,83.33,-196.24,0
14431,83.33,-195.99,0
14442,90.91,-195.61,0
14453,90.91,-196.02,0
14465,83.33,-196.95,0
14476,90.91,-197.88,0
14488,83.33,-197.98,0
14499,90.91,-198.35,0
14511,83.33,-197.85,0
14522,90.91,-197.46,0
14533,90.91,-196.90,0
14544,90.91,-195.66,0
14557,76.92,-195.21,0
14568,90.91,-195.00,0
14579,90.91,-195.90,0
14590,90.91,-197.18,0
14602,83.33,-198.86,0
14613,90.91,-198.92,0
14625,83.33,-199.13,0
14637,83.33,-199.12,0
14648,90.91,-198.02,0
14659,90.91,-196.84,0
14670,90.91,-196.45,0
14682,83.33,-196.09,0
14694,83.33,-196.17,0
14705,90.91,-196.78,0
14716,90.91,-198.09,0
14728,83.33,-198.74,0
14739,90.91,-198.29,0
14750,90.91,-197.96,0
14763,76.92,-198.06,0
14774,90.91,-197.12,0
14785,90.91,-197.05,0
14796,90.91,-197.22,0
14808,83.33,-196.97,0
14820,90.91,-197.51,0
14831,83.33,-197.51,0
14842,90.91,-197.62,0
14854,83.33,-197.63,0
14865,90.91,-196.90,0
14876,90.91,-196.53,0
14888,90.91,-196.70,0
14900,76.92,-197.23,0
14911,90.91,-197.72,0
14922,90.91,-198.45,0
14934,83.33,-199.18,0
14945,90.91,-198.47,0
14957,90.91,-197.58,0
14968,83.33,-196.40,0
14980,83.33,-196.03,0
14991,90.91,-194.97,0
15002,90.91,-194.99,0
15013,90.91,-195.83,0
15026,83.33,-196.93,0
15037,83.33,-198.01,0
15048,90.91,-199.03,0
15059,90.91,-199.38,0
15071,83.33,-199.21,0
15082,90.91,-197.90,0
15094,83.33,-196.32,0
15106,83.33,-195.10,0
15117,90.91,-194.40,0
15128,90.91,-195.60,0
15139,90.91,-196.80,0
15151,83.33,-197.42,0
15163,83.33,-197.92,0
15174,90.91,-198.41,0
15185,90.91,-198.67,0
15197,83.33,-197.59,0
15208,90.91,-197.17,0
15219,90.91,-196.95,0
15232,76.92,-196.74,0
15243,90.91,-197.04,0
15254,90.91,-197.11,0
15265,90.91,-197.05,0
15277,83.33,-197.75,0
15288,90.91,-197.97,0
15300,83.33,-198.08,0
15311,90.91,-197.85,0
15323,83.33,-197.33,0
15334,90.91,-197.35,0
15345,90.91,-197.68,0
15356,90.91,-198.15,0
15369,76.92,-198.06,0
15380,90.91,-198.34,0
15391,90.91,-197.40,0
15403,83.33,-196.45,0
15414,90.91,-195.91,0
15425,90.91,-195.84,0
15437,83.33,-195.66,0
15449,83.33,-196.27,0
15460,90.91,-197.63,0
15471,90.91,-198.43,0
15482,90.91,-198.45,0
15494,83.33,-198.96,0
15506,83.33,-198.48,0
15517,90.91,-197.34,0
15528,90.91,-196.18,0
15540,83.33,-195.85,0
15551,90.91,-195.23,0
15562,90.91,-195.64,0
15575,76.92,-196.81,0
15586,90.91,-198.36,0
15597,90.91,-198.79,0
15608,90.91,-199.21,0
15620,83.33,-199.04,0
15631,90.91,-197.83,0
15643,83.33,-197.17,0
15654,90.91,-196.46,0
15666,83.33,-195.96,0
15677,90.91,-195.68,0
15688,90.91,-196.04,0
15699,90.91,-197.27,0
15712,76.92,-197.87,0
15723,90.91,-198.19,0
15734,90.91,-198.29,0
15746,83.33,-197.94,0
15757,90.91,-197.39,0
15768,90.91,-197.26,0
15780,83.33,-197.21,0
15792,83.33,-196.97,0
15803,90.91,-197.66,0
15814,90.91,-197.57,0
15825,90.91,-197.56,0
15837,83.33,-196.70,0
15849,83.33,-196.63,0
15860,90.91,-196.30,0
15872,83.33,-196.22,0
15883,90.91,-196.75,0
15894,90.91,-197.81,0
15906,90.91,-198.59,0
15918,76.92,-199.08,0
15929,90.91,-198.47,0
15940,90.91,-198.05,0
15951,90.91,-197.38,0
15963,83.33,-196.68,0
15975,90.91,-195.28,0
15986,83.33,-194.86,0
15997,90.91,-195.83,0
16009,83.33,-196.73,0
16020,90.91,-197.98,0
16031,90.91,-199.25,0
16044,83.33,-199.16,0
16055,83.33,-199.15,0
16066,90.91,-199.15,0
16077,90.91,-198.00,0
16089,83.33,-196.67,0
16100,90.91,-195.42,0
16112,83.33,-195.04,0
16123,90.91,-196.24,0
16135,83.33,-197.50,0
16146,90.91,-198.25,0
16157,90.91,-198.19,0
16168,90.91,-198.51,0
16181,76.92,-198.93,0
16192,90.91,-197.99,0
16203,90.91,-197.26,0
16215,83.33,-196.51,0
16226,90.91,-196.33,0
16237,90.91,-196.95,0
16249,83.33,-196.67,0
16261,83.33,-196.68,0
16272,90.91,-197.28,0
16283,90.91,-197.52,0
16294,90.91,-197.08,0
16306,83.33,-197.17,0
16318,83.33,-197.30,0
16329,90.91,-198.03,0
16340,90.91,-198.09,0
16352,83.33,-197.65,0
16363,90.91,-198.01,0
16374,90.91,-197.83,0
16387,76.92,-197.40,0
16398,90.91,-196.84,0
16409,90.91,-196.01,0
16420,90.91,-195.52,0
16432,83.33,-196.19,0
16443,90.91,-197.18,0
16455,83.33,-197.94,0
16466,90.91,-198.15,0
16478,83.33,-198.58,0
16489,90.91,-198.29,0
16500,90.91,-197.63,0
16512,83.33,-196.73,0
16524,83.33,-195.64,0
16535,90.91,-194.57,0
16546,90.91,-195.07,0
16558,83.33,-196.10,0
16569,90.91,-196.76,0
16580,90.91,-198.60,0
16592,83.33,-199.06,0
16604,83.33,-199.51,0
16615,90.91,-198.34,0
16626,90.91,-197.75,0
16637,90.91,-196.92,0
16649,83.33,-196.01,0
16661,83.33,-195.44,0
16672,90.91,-195.33,0
16684,83.33,-196.63,0
16695,90.91,-197.11,0
16706,90.91,-197.66,0
16717,90.91,-198.32,0
16730,76.92,-198.18,0
16741,90.91,-197.96,0
16752,90.91,-197.36,0
16763,90.91,-197.35,0
16775,83.33,-197.28,0
16786,90.91,-197.68,0
16798,83.33,-197.64,0
16809,90.91,-197.04,0
16821,83.33,-197.32,0
16832,90.91,-196.83,0
16843,90.91,-196.49,0
16855,83.33,-196.35,0
16867,83.33,-196.62,0
16878,90.91,-197.06,0
16889,90.91,-197.54,0
16901,83.33,-198.29,0
16912,90.91,-198.10,0
16923,90.91,-198.30,0
16935,83.33,-198.05,0
16947,83.33,-197.28,0
16958,90.91,-196.31,0
16969,90.91,-195.38,0
16980,90.91,-195.57,0
16993,83.33,-195.61,0
17004,83.33,-196.79,0
17015,90.91,-198.84,0
17027,83.33,-199.15,0
17038,90.91,-199.00,0
17049,90.91,-198.82,0
17061,90.91,-198.16,0
17073,76.92,-196.50,0
17084,90.91,-195.75,0
17095,90.91,-195.39,0
17106,90.91,-195.48,0
17118,83.33,-196.16,0
17130,90.91,-197.15,0
17141,83.33,-198.00,0
17153,83.33,-199.00,0
17164,90.91,-198.73,0
17175,90.91,-198.38,0
17186,90.91,-197.41,0
17199,76.92,-196.43,0
17210,90.91,-196.10,0
17221,90.91,-196.21,0
17232,90.91,-196.23,0
17244,83.33,-196.88,0
17255,90.91,-197.15,0
17267,83.33,-197.63,0
17278,90.91,-197.78,0
17290,83.33,-196.88,0
17301,90.91,-197.18,0
17312,90.91,-197.48,0
17324,83.33,-197.10,0
17336,83.33,-197.12,0
17347,90.91,-197.19,0
17358,90.91,-197.15,0
17370,83.33,-197.19,0
17381,90.91,-196.74,0
17392,90.91,-196.85,0
17404,83.33,-197.00,0
17416,83.33,-196.41,0
17427,90.91,-196.41,0
17438,90.91,-197.03,0
17449,90.91,-198.01,0
17461,83.33,-198.76,0
17473,83.33,-198.88,0
17484,90.91,-198.34,0
17496,83.33,-197.87,0
17507,90.91,-196.61,0
17518,90.91,-195.42,0
17529,90.91,-194.75,0
17542,76.92,-194.93,0
17553,90.91,-196.33,0
17564,90.91,-197.85,0
17575,90.91,-198.55,0
17587,83.33,-199.37,0
17598,90.91,-199.04,0
17610,83.33,-198.41,0
17622,83.33,-197.55,0
17633,90.91,-196.61,0
17644,90.91,-196.11,0
17655,90.91,-195.99,0
17667,83.33,-196.13,0
17679,83.33,-196.84,0
17690,90.91,-197.47,0
17701,90.91,-198.36,0
17713,83.33,-198.61,0
17724,90.91,-198.63,0
17735,90.91,-197.73,0
17747,83.33,-197.30,0
17759,83.33,-197.34,0
17770,90.91,-197.93,0
17781,90.91,-197.32,0
17793,83.33,-197.39,0
17804,90.91,-197.18,0
17816,83.33,-197.05,0
17827,90.91,-196.83,0
17839,83.33,-196.62,0
17850,90.91,-196.08,0
17861,90.91,-195.75,0
17873,90.91,-196.67,0
17885,76.92,-198.36,0
17896,90.91,-198.90,0
17907,90.91,-198.88,0
17918,90.91,-198.15,0
17930,83.33,-197.62,0
17942,90.91,-196.51,0
17953,83.33,-195.93,0
17965,83.33,-195.70,0
17976,90.91,-195.65,0
17987,90.91,-196.53,0
17998,90.91,-197.78,0
18011,83.33,-198.85,0
18022,83.33,-199.24,0
18033,90.91,-198.73,0
18044,90.91,-198.70,0
18056,83.33,-198.00,0
18067,90.91,-197.08,0
18079,83.33,-195.47,0
18091,83.33,-195.34,0
18102,90.91,-195.37,0
18113,90.91,-196.41,0
18124,90.91,-198.02,0
18136,83.33,-198.20,0
18148,83.33,-198.40,0
18159,90.91,-198.48,0
18170,90.91,-198.56,0
18182,83.33,-197.51,0
18193,90.91,-196.80,0
18204,90.91,-196.47,0
18216,83.33,-196.64,0
18228,83.33,-196.53,0
18239,90.91,-197.08,0
18250,90.91,-197.33,0
18262,83.33,-197.62,0
18273,90.91,-197.31,0
18285,83.33,-197.30,0
18296,90.91,-196.68,0
18308,83.33,-196.92,0
18319,90.91,-197.75,0
18330,90.91,-198.04,0
18341,90.91,-198.23,0
18354,76.92,-198.23,0
18365,90.91,-198.00,0
18376,90.91,-197.18,0
18387,90.91,-195.99,0
18399,83.33,-194.52,0
18410,90.91,-195.39,0
18422,83.33,-196.06,0
18434,83.33,-197.00,0
18445,90.91,-198.55,0
18456,90.91,-199.39,0
18467,90.91,-199.49,0
18479,83.33,-198.47,0
18491,83.33,-197.40,0
18502,90.91,-197.09,0
18513,90.91,-195.91,0
18525,83.33,-195.05,0
18536,90.91,-194.79,0
18547,90.91,-195.29,0
18560,76.92,-196.58,0
18571,90.91,-198.20,0
18582,90.91,-199.00,0
18593,90.91,-198.97,0
18605,83.33,-199.09,0
18616,90.91,-198.01,0
18628,83.33,-196.73,0
18639,90.91,-195.91,0
18651,83.33,-195.71,0
18662,90.91,-196.10,0
18673,90.91,-196.91,0
18684,90.91,-196.92,0
18697,76.92,-197.08,0
18708,90.91,-197.72,0
18719,90.91,-197.66,0
18731,83.33,-197.22,0
18742,90.91,-197.45,0
18753,90.91,-197.75,0
18765,83.33,-197.89,0
18777,83.33,-198.13,0
18788,90.91,-197.81,0
18799,90.91,-197.91,0
18810,90.91,-196.99,0
18822,83.33,-196.68,0
18834,83.33,-196.35,0
18845,90.91,-195.78,0
18856,90.91,-195.92,0
18868,83.33,-196.94,0
18879,90.91,-198.37,0
18890,90.91,-198.87,0
18903,76.92,-199.25,0
18914,90.91,-199.24,0
18925,90.91,-198.42,0
18936,90.91,-197.37,0
18948,83.33,-196.13,0
18960,90.91,-195.57,0
18971,83.33,-195.69,0
18982,90.91,-196.37,0
18994,83.33,-196.77,0
19005,90.91,-197.53,0
19016,90.91,-198.39,0
19028,90.91,-199.10,0
19040,76.92,-199.04,0
19051,90.91,-197.94,0
19062,90.91,-196.73,0
19074,83.33,-196.45,0
19085,90.91,-195.30,0
19097,90.91,-195.44,0
19108,83.33,-196.08,0
19120,83.33,-197.30,0
19131,90.91,-198.31,0
19142,90.91,-198.92,0
19153,90.91,-198.16,0
19166,76.92,-197.38,0
19177,90.91,-197.13,0
19188,90.91,-196.83,0
19200,83.33,-196.55,0
19211,90.91,-196.62,0
19222,90.91,-196.67,0
19234,83.33,-196.50,0
19246,83.33,-197.08,0
19257,90.91,-197.32,0
19268,90.91,-196.98,0
19279,90.91,-196.35,0
19291,83.33,-196.62,0
19303,83.33,-197.56,0
19314,90.91,-197.89,0
19325,90.91,-197.92,0
19337,83.33,-198.18,0
19348,90.91,-198.42,0
19359,90.91,-197.78,0
19372,76.92,-196.93,0
19383,90.91,-196.50,0
19394,90.91,-195.70,0
19405,90.91,-195.59,0
19417,83.33,-195.84,0
19428,90.91,-197.36,0
19440,83.33,-198.01,0
19451,90.91,-198.78,0
19463,83.33,-199.11,0
19474,90.91,-198.83,0
19485,90.91,-198.10,0
19496,90.91,-196.79,0
19509,76.92,-195.94,0
19520,90.91,-195.44,0
19531,90.91,-195.52,0
19543,83.33,-196.78,0
19554,90.91,-197.70,0
19565,90.91,-198.13,0
19577,83.33,-198.79,0
19589,83.33,-199.17,0
19600,90.91,-197.98,0
19611,90.91,-196.97,0
19622,90.91,-196.60,0
19634,83.33,-195.96,0
19646,83.33,-196.17,0
19657,90.91,-197.09,0
19668,90.91,-197.01,0
19680,83.33,-197.36,0
19691,90.91,-197.27,0
19702,90.91,-198.15,0
19715,76.92,-197.83,0
19726,90.91,-198.06,0
19737,90.91,-197.57,0
19748,90.91,-197.23,0
19760,83.33,-197.22,0
19771,90.91,-197.36,0
19783,83.33,-197.07,0
19794,90.91,-196.78,0
19806,83.33,-196.54,0
19817,90.91,-196.39,0
19828,90.91,-196.47,0
19840,83.33,-196.57,0
19852,83.33,-197.29,0
19863,90.91,-197.84,0
19874,90.91,-198.67,0
19886,83.33,-199.06,0
19897,90.91,-199.17,0
19909,90.91,-198.33,0
19920,83.33,-197.79,0
19932,83.33,-196.50,0
19943,90.91,-195.48,0
19954,90.91,-195.57,0
19965,90.91,-195.80,0
19978,83.33,-196.56,0
19989,83.33,-197.74,0
20000,90.91,-198.21,0
20012,83.33,-198.94,0
20023,90.91,-199.36,0
20034,90.91,-198.51,0
20046,90.91,-197.39,0
20058,76.92,-196.73,0
20069,90.91,-196.27,0
20080,90.91,-195.62,0
20091,90.91,-196.40,0
20103,83.33,-197.12,0
20115,83.33,-197.62,0
20126,90.91,-198.26,0
20137,90.91,-198.81,0
20149,83.33,-198.22,0
20160,90.91,-197.74,0
20171,90.91,-197.54,0
20184,76.92,-197.19,0
20195,90.91,-197.20,0
20206,90.91,-197.56,0
20217,90.91,-197.79,0
20229,83.33,-197.50,0
20240,90.91,-197.18,0
20252,83.33,-197.22,0
20263,90.91,-197.28,0
20275,83.33,-197.44,0
20286,90.91,-197.58,0
20297,90.91,-197.40,0
20308,90.91,-197.70,0
20321,76.92,-198.52,0
20332,90.91,-198.62,0
20343,90.91,-198.48,0
20355,83.33,-197.81,0
20366,90.91,-197.21,0
20377,90.91,-196.51,0
20389,83.33,-196.18,0
20401,83.33,-195.76,0
20412,90.91,-196.14,0
20423,90.91,-196.37,0
20434,90.91,-197.40,0
20446,83.33,-198.82,0
20458,83.33,-198.83,0
20469,90.91,-198.50,0
20481,83.33,-197.04,0
20492,90.91,-195.87,0
20503,90.91,-195.18,0
20514,90.91,-195.28,0
20527,76.92,-196.07,0
20538,90.91,-197.25,0
20549,90.91,-198.01,0
20560,90.91,-198.55,0
20572,83.33,-198.11,0
20583,90.91,-198.31,0
20595,83.33,-197.60,0
20606,90.91,-196.92,0
20618,83.33,-196.11,0
20629,90.91,-195.81,0
20640,90.91,-196.61,0
20652,83.33,-197.05,0
20664,83.33,-197.28,0
20675,90.91,-197.61,0
20686,90.91,-197.62,0
20698,83.33,-197.42,0
20709,90.91,-197.27,0
20720,90.91,-196.58,0
20732,83.33,-196.44,0
20744,83.33,-196.74,0
20755,90.91,-198.08,0
20766,90.91,-198.25,0
20777,90.91,-197.45,0
20790,83.33,-196.99,0
20801,83.33,-197.28,0
20812,90.91,-196.71,0
20824,83.33,-196.04,0
20835,90.91,-195.97,0
20846,90.91,-196.51,0
20858,90.91,-197.22,0
20870,76.92,-197.36,0
20881,90.91,-198.81,0
20892,90.91,-198.70,0
20903,90.91,-198.75,0
20915,83.33,-197.73,0
20927,90.91,-196.52,0
20938,83.33,-196.25,0
20950,83.33,-196.23,0
20961,90.91,-196.78,0
20972,90.91,-196.55,0
20983,90.91,-196.90,0
20996,83.33,-198.33,0
21007,83.33,-199.21,0
21018,90.91,-198.69,0
21029,90.91,-197.87,0
21041,83.33,-197.26,0
21052,90.91,-196.79,0
21064,83.33,-195.97,0
21075,90.91,-196.17,0
21087,83.33,-197.16,0
21098,90.91,-197.40,0
21109,90.91,-197.60,0
21121,83.33,-197.81,0
21133,83.33,-197.38,0
21144,90.91,-197.80,0
21155,90.91,-197.58,0
21167,83.33,-197.23,0
21178,90.91,-197.38,0
21189,90.91,-197.38,0
21201,83.33,-197.78,0
21213,83.33,-197.83,0
21224,90.91,-197.57,0
21235,90.91,-197.40,0
21246,90.91,-196.91,0
21258,83.33,-195.76,0
21270,83.33,-195.92,0
21281,90.91,-196.11,0
21293,83.33,-196.79,0
21304,90.91,-197.75,0
21315,90.91,-197.55,0
21326,90.91,-198.18,0
21339,76.92,-198.24,0
21350,90.91,-197.19,0
21361,90.91,-196.80,0
21372,90.91,-196.59,0
21384,83.33,-195.91,0
21395,90.91,-196.13,0
21407,83.33,-196.57,0
21419,83.33,-197.11,0
21430,90.91,-197.85,0
21441,90.91,-198.22,0
21452,90.91,-198.67,0
21464,83.33,-198.96,0
21476,83.33,-197.97,0
21487,90.91,-196.60,0
21498,90.91,-195.17,0
21510,83.33,-195.67,0
21521,90.91,-196.58,0
21532,90.91,-197.59,0
21544,83.33,-198.25,0
21556,83.33,-198.66,0
21567,90.91,-198.30,0
21578,90.91,-197.08,0
21590,83.33,-196.62,0
21601,90.91,-196.98,0
21613,83.33,-197.01,0
21624,90.91,-197.34,0
21636,83.33,-197.19,0
21647,90.91,-197.25,0
21658,90.91,-198.02,0
21669,90.91,-198.18,0
21682,76.92,-197.42,0
21693,90.91,-196.96,0
21704,90.91,-196.82,0
21715,90.91,-196.60,0
21727,83.33,-196.87,0
21738,90.91,-197.14,0
21750,83.33,-197.92,0
21762,83.33,-198.96,0
21773,90.91,-198.81,0
21784,90.91,-197.82,0
21795,90.91,-197.66,0
21808,83.33,-196.40,0
21819,83.33,-195.88,0
21830,90.91,-195.84,0
21841,90.91,-196.58,0
21853,83.33,-197.67,0
21864,90.91,-198.32,0
21876,90.91,-198.97,0
21888,76.92,-198.90,0
21899,90.91,-198.29,0
21910,90.91,-197.53,0
21921,90.91,-196.47,0
21933,83.33,-195.46,0
21945,90.91,-195.43,0
21956,90.91,-196.38,0
21967,90.91,-197.45,0
21979,83.33,-197.71,0
21990,90.91,-198.63,0
22001,90.91,-199.10,0
22013,83.33,-198.60,0
22025,83.33,-198.24,0
22036,90.91,-197.22,0
22047,90.91,-196.11,0
22059,83.33,-195.86,0
22070,90.91,-196.37,0
22082,83.33,-197.34,0
22093,90.91,-197.57,0
22105,83.33,-197.96,0
22116,90.91,-198.42,0
22127,90.91,-198.39,0
22138,90.91,-197.78,0
22151,76.92,-197.29,0
22162,90.91,-196.77,0
22173,90.91,-197.12,0
22184,90.91,-197.96,0
22196,83.33,-198.42,0
22207,90.91,-198.54,0
22219,83.33,-197.58,0
22231,83.33,-196.99,0
22242,90.91,-195.83,0
22253,90.91,-195.82,0
22264,90.91,-196.20,0
22276,83.33,-196.96,0
22288,83.33,-197.70,0
22299,90.91,-198.06,0
22310,90.91,-198.46,0
22322,83.33,-198.45,0
22333,90.91,-198.42,0
22344,90.91,-197.68,0
22356,83.33,-196.55,0
22368,83.33,-195.91,0
22379,90.91,-195.20,0
22390,90.91,-195.44,0
22402,83.33,-196.10,0
22413,90.91,-197.30,0
22425,83.33,-198.94,0
22436,90.91,-199.38,0
22448,83.33,-198.92,0
22459,90.91,-197.89,0
22470,90.91,-196.89,0
22481,90.91,-196.73,0
22494,76.92,-195.83,0
22505,90.91,-195.48,0
22516,90.91,-196.61,0
22528,83.33,-197.46,0
22539,90.91,-198.07,0
22550,90.91,-198.21,0
22562,83.33,-198.42,0
22574,83.33,-197.90,0
22585,90.91,-197.05,0
22596,90.91,-197.27,0
22607,90.91,-197.08,0
22619,83.33,-197.10,0
22631,83.33,-197.18,0
22642,90.91,-197.19,0
22653,90.91,-197.12,0
22665,83.33,-197.46,0
22676,90.91,-196.74,0
22687,90.91,-196.32,0
22700,76.92,-196.59,0
22711,90.91,-196.62,0
22722,90.91,-197.74,0
22733,90.91,-198.79,0
22745,83.33,-199.00,0
22756,90.91,-198.65,0
22768,83.33,-198.51,0
22779,90.91,-197.62,0
22791,83.33,-196.51,0
22802,90.91,-195.89,0
22813,90.91,-195.88,0
22825,90.91,-196.00,0
22837,76.92,-196.24,0
22848,90.91,-197.82,0
22859,90.91,-198.42,0
22871,83.33,-198.57,0
22882,90.91,-198.66,0
22894,90.91,-198.17,0
22905,83.33,-197.36,0
22917,83.33,-196.29,0
22928,90.91,-195.49,0
22939,90.91,-195.15,0
22950,90.91,-196.06,0
22963,76.92,-196.83,0
22974,90.91,-197.59,0
22985,90.91,-197.75,0
22996,90.91,-198.49,0
23008,83.33,-198.77,0
23019,90.91,-197.96,0
23031,83.33,-197.35,0
23043,83.33,-196.42,0
23054,90.91,-196.20,0
23065,90.91,-196.10,0
23076,90.91,-196.40,0
23088,83.33,-197.18,0
23100,83.33,-197.50,0
23111,90.91,-198.08,0
23122,90.91,-197.53,0
23134,83.33,-197.14,0
23145,90.91,-197.12,0
23156,90.91,-197.49,0
23169,76.92,-197.59,0
23180,90.91,-197.48,0
23191,90.91,-198.07,0
23202,90.91,-197.56,0
23214,83.33,-196.57,0
23225,90.91,-196.99,0
23237,83.33,-196.21,0
23248,90.91,-196.16,0
23260,83.33,-196.10,0
23271,90.91,-197.24,0
23282,90.91,-198.61,0
23293,90.91,-199.51,0
23306,76.92,-199.63,0
23317,90.91,-198.68,0
23328,90.91,-197.94,0
23340,83.33,-196.95,0
23351,90.91,-196.32,0
23362,90.91,-195.26,0
23374,83.33,-195.23,0
23386,83.33,-196.22,0
23397,90.91,-196.68,0
23408,90.91,-198.17,0
23419,90.91,-199.50,0
23431,83.33,-199.39,0
23443,83.33,-198.98,0
23454,90.91,-197.90,0
23465,90.91,-196.79,0
23477,83.33,-196.51,0
23488,90.91,-195.74,0
23499,90.91,-195.65,0
23512,76.92,-196.17,0
23523,90.91,-197.40,0
23534,90.91,-198.19,0
23545,90.91,-197.74,0
23557,83.33,-197.70,0
23568,90.91,-197.88,0
23580,83.33,-197.47,0
23591,90.91,-197.15,0
23603,83.33,-197.05,0
23614,90.91,-197.38,0
23625,90.91,-197.50,0
23638,90.91,-197.47,0
23649,76.92,-197.45,0
23660,90.91,-197.18,0
23671,90.91,-196.91,0
23683,83.33,-196.81,0
23694,90.91,-196.90,0
23706,90.91,-197.04,0
23717,83.33,-197.45,0
23729,83.33,-198.09,0
23740,90.91,-198.77,0
23751,90.91,-198.21,0
23762,90.91,-198.08,0
23775,83.33,-197.33,0
23786,90.91,-196.28,0
23797,90.91,-195.91,0
23809,83.33,-196.64,0
23820,90.91,-196.20,0
23831,90.91,-196.82,0
23843,83.33,-197.81,0
23855,83.33,-198.61,0
23866,90.91,-199.37,0
23877,90.91,-198.95,0
23888,90.91,-197.79,0
23900,83.33,-196.66,0
23912,83.33,-195.79,0
23923,90.91,-195.07,0
23934,90.91,-195.57,0
23946,83.33,-196.64,0
23957,90.91,-197.00,0
23968,90.91,-197.72,0
23981,76.92,-198.53,0
23992,90.91,-198.42,0
24003,90.91,-197.93,0
24014,90.91,-196.82,0
24026,83.33,-196.48,0
24037,90.91,-196.22,0
24049,83.33,-196.03,0
24060,90.91,-197.26,0
24072,83.33,-197.72,0
24083,90.91,-197.74,0
24094,90.91,-197.74,0
24105,90.91,-197.69,0
24118,76.92,-197.72,0
24129,90.91,-197.44,0
24140,90.91,-196.94,0
24152,83.33,-196.45,0
24163,90.91,-197.00,0
24174,90.91,-197.26,0
24186,83.33,-197.36,0
24198,83.33,-197.62,0
24209,90.91,-197.75,0
24220,90.91,-197.35,0
24231,90.91,-196.96,0
24243,83.33,-196.45,0
24255,83.33,-196.82,0
24266,90.91,-196.85,0
24278,83.33,-197.55,0
24289,90.91,-198.75,0
24300,90.91,-199.03,0
24312,90.91,-198.35,0
24324,76.92,-197.58,0
24335,90.91,-196.86,0
24346,90.91,-196.12,0
24357,90.91,-195.57,0
24369,83.33,-195.36,0
24381,90.91,-196.39,0
24392,83.33,-197.65,0
24403,90.91,-198.73,0
24415,83.33,-199.11,0
24426,90.91,-198.59,0
24437,90.91,-198.12,0
24450,83.33,-197.12,0
24461,83.33,-196.90,0
24472,90.91,-196.78,0
24483,90.91,-196.70,0
24495,83.33,-196.61,0
24506,90.91,-197.38,0
24518,83.33,-197.61,0
24529,90.91,-198.53,0
24541,83.33,-198.69,0
24552,90.91,-197.51,0
24563,90.91,-197.10,0
24574,90.91,-197.05,0
24587,76.92,-196.33,0
24598,90.91,-196.84,0
24609,90.91,-197.05,0
24621,83.33,-197.40,0
24632,90.91,-197.52,0
24643,90.91,-196.87,0
24655,83.33,-196.88,0
24667,83.33,-196.67,0
24678,90.91,-196.49,0
24689,90.91,-196.79,0
24700,90.91,-197.06,0
24712,83.33,-198.12,0
24724,83.33,-197.82,0
24735,90.91,-198.13,0
24747,83.33,-198.16,0
24758,90.91,-197.87,0
24769,90.91,-197.34,0
24780,90.91,-196.68,0
24793,76.92,-195.84,0
24804,90.91,-195.74,0
24815,90.91,-196.88,0
24826,90.91,-197.87,0
24838,83.33,-198.38,0
24849,90.91,-199.15,0
24861,83.33,-199.25,0
24872,90.91,-198.34,0
24884,83.33,-197.63,0
24895,90.91,-197.16,0
24906,90.91,-196.28,0
24918,83.33,-196.25,0
24930,83.33,-196.78,0
24941,90.91,-196.96,0
24952,90.91,-197.91,0
24964,83.33,-198.45,0
24975,90.91,-198.64,0
24986,90.91,-198.52,0
24998,83.33,-197.28,0
25010,83.33,-196.36,0
25021,90.91,-196.42,0
25032,90.91,-196.48,0
25043,90.91,-196.87,0
25055,83.33,-197.45,0
25067,83.33,-197.46,0
25078,90.91,-197.81,0
25090,83.33,-197.89,0
25101,90.91,-197.49,0
25112,90.91,-196.47,0
25123,90.91,-195.70,0
25136,76.92,-195.12,0
25147,90.91,-196.11,0
25158,90.91,-197.39,0
25169,90.91,-197.78,0
25181,83.33,-197.84,0
25192,90.91,-197.66,0
25204,83.33,-197.63,0
25216,83.33,-196.94,0
25227,90.91,-196.17,0
25238,90.91,-196.15,0
25249,90.91,-195.84,0
25262,83.33,-196.60,0
25273,83.33,-197.24,0
25284,90.91,-197.58,0
25295,90.91,-197.90,0
25307,83.33,-198.11,0
25318,90.91,-197.66,0
25330,90.91,-196.48,0
25341,83.33,-195.85,0
25353,83.33,-195.70,0
25364,90.91,-195.99,0
25375,90.91,-196.62,0
25387,83.33,-197.34,0
25399,90.91,-197.39,0
25410,83.33,-197.99,0
25421,90.91,-198.22,0
25433,83.33,-197.82,0
25444,90.91,-197.77,0
25455,90.91,-197.28,0
25467,83.33,-195.98,0
25479,83.33,-196.57,0
25490,90.91,-197.35,0
25501,90.91,-197.82,0
25512,90.91,-198.32,0
25524,83.33,-198.05,0
25536,83.33,-197.67,0
25547,90.91,-197.49,0
25559,83.33,-197.13,0
25570,90.91,-196.67,0
25581,90.91,-196.82,0
25592,90.91,-197.09,0
25605,76.92,-197.92,0
25616,90.91,-198.51,0
25627,90.91,-198.40,0
25638,90.91,-197.68,0
25650,83.33,-197.31,0
25661,90.91,-196.87,0
25673,83.33,-196.07,0
25684,90.91,-196.28,0
25696,83.33,-196.82,0
25707,90.91,-197.64,0
25718,90.91,-198.52,0
25730,83.33,-198.91,0
25742,83.33,-198.70,0
25753,90.91,-197.82,0
25764,90.91,-196.77,0
25776,83.33,-196.43,0
25787,90.91,-196.59,0
25798,90.91,-196.52,0
25810,83.33,-196.30,0
25822,83.33,-197.13,0
25833,90.91,-198.30,0
25844,90.91,-198.30,0
25856,83.33,-198.56,0
25867,90.91,-197.63,0
25879,83.33,-196.62,0
25890,90.91,-196.40,0
25902,83.33,-196.33,0
25913,90.91,-196.23,0
25924,90.91,-196.87,0
25935,90.91,-197.74,0
25948,76.92,-198.23,0
25959,90.91,-198.24,0
25970,90.91,-197.84,0
25981,90.91,-197.77,0
25993,83.33,-197.57,0
26005,90.91,-196.78,0
26016,83.33,-196.14,0
26028,83.33,-196.33,0
26039,90.91,-197.00,0
26050,90.91,-197.42,0
26061,90.91,-197.41,0
26074,83.33,-197.85,0
26085,83.33,-197.22,0
26096,90.91,-196.76,0
26107,90.91,-196.59,0
26119,83.33,-197.00,0
26130,90.91,-197.26,0
26142,83.33,-197.44,0
26153,90.91,-197.95,0
26165,83.33,-198.05,0
26176,90.91,-198.00,0
26187,90.91,-197.55,0
26199,83.33,-197.22,0
26211,83.33,-196.56,0
26222,90.91,-196.12,0
26233,90.91,-196.37,0
26245,83.33,-196.27,0
26256,90.91,-197.13,0
26267,90.91,-198.02,0
26279,83.33,-198.16,0
26291,83.33,-199.01,0
26302,90.91,-198.74,0
26313,90.91,-198.03,0
26324,90.91,-197.24,0
26336,83.33,-196.91,0
26348,83.33,-196.31,0
26359,90.91,-196.16,0
26371,83.33,-196.26,0
26382,90.91,-197.32,0
26393,90.91,-197.94,0
26404,90.91,-197.94,0
26417,76.92,-197.73,0
26428,90.91,-197.54,0
26439,90.91,-196.68,0
26450,90.91,-196.84,0
26462,83.33,-196.55,0
26473,90.91,-197.13,0
26485,83.33,-198.02,0
26497,83.33,-198.21,0
26508,90.91,-197.99,0
26519,90.91,-197.38,0
26530,90.91,-197.13,0
26542,83.33,-197.25,0
26554,83.33,-197.06,0
26565,90.91,-196.95,0
26576,90.91,-197.58,0
26588,83.33,-198.33,0
26599,90.91,-198.75,0
26611,90.91,-198.54,0
26622,83.33,-197.99,0
26634,83.33,-197.68,0
26645,90.91,-196.88,0
26656,90.91,-196.60,0
26668,83.33,-195.71,0
26680,90.91,-195.70,0
26691,90.91,-196.63,0
26702,90.91,-197.83,0
26714,83.33,-198.28,0
26725,90.91,-198.93,0
26736,90.91,-199.29,0
26748,83.33,-198.56,0
26760,83.33,-196.56,0
26771,90.91,-195.98,0
26782,90.91,-195.65,0
26793,90.91,-195.92,0
26805,83.33,-196.70,0
26817,83.33,-197.07,0
26828,90.91,-198.15,0
26840,83.33,-198.53,0
26851,90.91,-198.25,0
26862,90.91,-197.57,0
26873,90.91,-196.91,0
26886,76.92,-196.19,0
26897,90.91,-196.62,0
26908,90.91,-197.09,0
26919,90.91,-197.45,0
26931,83.33,-197.35,0
26942,90.91,-197.47,0
26954,83.33,-197.94,0
26966,83.33,-197.11,0
26977,90.91,-196.87,0
26988,90.91,-197.08,0
26999,90.91,-197.01,0
27011,83.33,-196.74,0
27023,83.33,-197.25,0
27034,90.91,-197.36,0
27045,90.91,-197.79,0
27057,83.33,-197.54,0
27068,90.91,-197.47,0
27079,90.91,-196.86,0
27091,83.33,-196.71,0
27103,83.33,-195.87,0
27114,90.91,-195.43,0
27125,90.91,-196.46,0
27137,83.33,-197.16,0
27148,90.91,-198.36,0
27160,83.33,-199.00,0
27171,90.91,-199.07,0
27183,83.33,-198.39,0
27194,90.91,-197.88,0
27205,90.91,-196.42,0
27217,90.91,-195.38,0
27229,76.92,-194.88,0
27240,90.91,-195.70,0
27251,90.91,-197.00,0
27262,90.91,-198.18,0
27274,83.33,-199.13,0
27286,90.91,-198.77,0
27297,83.33,-198.40,0
27309,83.33,-197.90,0
27320,90.91,-197.20,0
27331,90.91,-197.10,0
27342,90.91,-196.30,0
27355,83.33,-196.16,0
27366,83.33,-196.49,0
27377,90.91,-196.98,0
27388,90.91,-197.50,0
27400,83.33,-197.69,0
27411,90.91,-197.22,0
27423,83.33,-196.71,0
27435,83.33,-196.81,0
27446,90.91,-196.82,0
27457,90.91,-197.15,0
27468,90.91,-197.42,0
27480,83.33,-197.30,0
27492,83.33,-197.85,0
27503,90.91,-197.97,0
27514,90.91,-197.11,0
27526,83.33,-196.10,0
27537,90.91,-195.71,0
27548,90.91,-195.86,0
27560,83.33,-196.10,0
27572,83.33,-197.04,0
27583,90.91,-197.69,0
27594,90.91,-198.32,0
27606,83.33,-198.71,0
27617,90.91,-198.21,0
27629,83.33,-197.51,0
27640,90.91,-196.35,0
27652,83.33,-196.29,0
27663,90.91,-196.05,0
27674,90.91,-195.97,0
27685,90.91,-196.53,0
27698,76.92,-197.56,0
27709,90.91,-198.13,0
27720,90.91,-198.33,0
27731,90.91,-198.58,0
27743,83.33,-198.53,0
27754,90.91,-197.21,0
27766,83.33,-195.80,0
27778,83.33,-195.66,0
27789,90.91,-195.92,0
27800,90.91,-196.68,0
27811,90.91,-196.63,0
27823,83.33,-196.90,0
27835,83.33,-197.73,0
27846,90.91,-198.02,0
27857,90.91,-197.95,0
27869,83.33,-198.07,0
27880,90.91,-197.55,0
27891,90.91,-197.71,0
27904,76.92,-196.80,0
27915,90.91,-197.16,0
27926,90.91,-197.09,0
27937,90.91,-197.36,0
27949,83.33,-196.87,0
27961,90.91,-196.55,0
27972,83.33,-196.12,0
27983,90.91,-196.45,0
27995,83.33,-196.59,0
28006,90.91,-197.54,0
28017,90.91,-198.41,0
28029,90.91,-198.42,0
28041,76.92,-198.45,0
28052,90.91,-198.28,0
28063,90.91,-197.36,0
28075,83.33,-196.47,0
28086,90.91,-195.90,0
28098,83.33,-195.34,0
28109,90.91,-195.72,0
28121,83.33,-196.68,0
28132,90.91,-197.95,0
28143,90.91,-198.87,0
28154,90.91,-198.91,0
28167,76.92,-198.84,0
28178,90.91,-198.22,0
28189,90.91,-196.65,0
28200,90.91,-195.83,0
28212,83.33,-195.14,0
28223,90.91,-194.58,0
28235,83.33,-195.89,0
28247,83.33,-197.02,0
28258,90.91,-198.00,0
28269,90.91,-198.80,0
28280,90.91,-198.57,0
28292,83.33,-198.16,0
28304,83.33,-197.63,0
28315,90.91,-197.16,0
28326,90.91,-197.11,0
28338,83.33,-196.95,0
28349,90.91,-196.95,0
28360,90.91,-197.27,0
28372,83.33,-197.20,0
28384,83.33,-197.55,0
28395,90.91,-197.74,0
28406,90.91,-197.35,0
28418,83.33,-196.85,0
28429,90.91,-197.07,0
28441,83.33,-197.39,0
28452,90.91,-197.68,0
28464,83.33,-198.63,0
28475,90.91,-198.73,0
28486,90.91,-198.66,0
28497,90.91,-197.77,0
28510,76.92,-196.96,0
28521,90.91,-196.16,0
28532,90.91,-195.37,0
28544,83.33,-194.92,0
28555,90.91,-195.74,0
28566,90.91,-197.56,0
28578,83.33,-199.21,0
28590,83.33,-200.16,0
28601,90.91,-199.77,0
28612,90.91,-198.60,0
28623,90.91,-197.58,0
28636,83.33,-196.34,0
28647,83.33,-195.64,0
28658,90.91,-195.91,0
28669,90.91,-196.15,0
28681,83.33,-196.28,0
28692,90.91,-197.16,0
28704,90.91,-197.63,0
28716,76.92,-198.17,0
28727,90.91,-198.13,0
28738,90.91,-197.88,0
28749,90.91,-197.31,0
28761,83.33,-196.93,0
28773,83.33,-196.63,0
28784,90.91,-196.39,0
28795,90.91,-196.50,0
28807,83.33,-196.72,0
28818,90.91,-196.95,0
28829,90.91,-196.41,0
28841,83.33,-196.20,0
28853,83.33,-196.19,0
28864,90.91,-196.60,0
28875,90.91,-197.16,0
28887,83.33,-198.16,0
28898,90.91,-198.71,0
28910,83.33,-198.87,0
28921,90.91,-198.61,0
28933,83.33,-197.45,0
28944,90.91,-196.64,0
28955,90.91,-195.83,0
28966,90.91,-195.18,0
28979,76.92,-194.98,0
28990,90.91,-195.78,0
29001,90.91,-197.20,0
29012,90.91,-198.46,0
29024,83.33,-199.17,0
29035,90.91,-199.24,0
29047,83.33,-198.62,0
29059,83.33,-198.00,0
29070,90.91,-196.63,0
29081,90.91,-195.64,0
29092,90.91,-195.55,0
29104,83.33,-195.76,0
29116,83.33,-195.77,0
29127,90.91,-196.90,0
29138,90.91,-198.15,0
29150,83.33,-198.80,0
29161,90.91,-198.87,0
29172,90.91,-199.10,0
29185,76.92,-198.15,0
29196,90.91,-197.27,0
29207,90.91,-196.44,0
29218,90.91,-196.10,0
29230,83.33,-196.32,0
29241,90.91,-196.96,0
29253,83.33,-197.23,0
29264,90.91,-197.53,0
29276,83.33,-197.70,0
29287,90.91,-197.29,0
29298,90.91,-196.85,0
29310,90.91,-197.15,0
29322,76.92,-197.67,0
29333,90.91,-198.36,0
29344,90.91,-198.22,0
29356,83.33,-198.42,0
29367,90.91,-198.30,0
29379,90.91,-197.06,0
29390,83.33,-196.44,0
29402,83.33,-195.87,0
29413,90.91,-195.91,0
29424,90.91,-195.74,0
29435,90.91,-196.65,0
29448,83.33,-197.73,0
29459,90.91,-198.47,0
29470,90.91,-198.82,0
29481,90.91,-198.76,0
29493,83.33,-198.44,0
29504,90.91,-197.33,0
29516,83.33,-196.41,0
29528,83.33,-195.63,0
29539,90.91,-195.64,0
29550,90.91,-196.00,0
29561,90.91,-197.16,0
29573,83.33,-197.99,0
29585,83.33,-198.54,0
29596,90.91,-198.74,0
29607,90.91,-198.95,0
29619,83.33,-197.80,0
29630,90.91,-196.38,0
29641,90.91,-196.08,0
29654,76.92,-196.55,0
29665,90.91,-196.93,0
29676,90.91,-196.98,0
29687,90.91,-196.89,0
29699,83.33,-197.82,0
29710,90.91,-197.78,0
29722,83.33,-197.60,0
29733,90.91,-198.11,0
29745,83.33,-197.73,0
29756,90.91,-197.10,0
29767,90.91,-197.18,0
29778,90.91,-197.09,0
29791,76.92,-197.18,0
29802,90.91,-197.42,0
29813,90.91,-197.75,0
29825,83.33,-197.14,0
29836,90.91,-196.55,0
29847,90.91,-196.29,0
29859,83.33,-196.07,0
29871,83.33,-196.90,0
29882,90.91,-197.50,0
29893,90.91,-197.84,0
29904,90.91,-198.16,0
29916,83.33,-198.16,0
29928,83.33,-197.56,0
29939,90.91,-197.06,0
29950,90.91,-195.86,0
29962,83.33,-195.76,0
29973,90.91,-194.98,0
29984,90.91,-195.37,0
29997,76.92,-196.73,0
30008,90.91,-197.35,0
30019,90.91,-198.74,0
30030,90.91,-199.10,0
30042,83.33,-198.59,0
30054,90.91,-198.31,0
30065,83.33,-197.42,0
30076,90.91,-196.31,0
30088,83.33,-196.33,0
30099,90.91,-196.71,0
30110,90.91,-196.73,0
30123,90.91,-196.79,0
30134,76.92,-197.38,0
30145,90.91,-197.47,0
30156,90.91,-198.21,0
30168,83.33,-197.74,0
30179,90.91,-196.82,0
30191,83.33,-196.07,0
30202,90.91,-196.39,0
30214,83.33,-196.84,0
30225,90.91,-197.36,0
30236,90.91,-197.62,0
30247,90.91,-197.36,0
30260,76.92,-197.42,0
30271,90.91,-196.96,0
30282,90.91,-196.73,0
30294,83.33,-197.01,0
30305,90.91,-196.99,0
30316,90.91,-197.48,0
30328,83.33,-197.66,0
30340,83.33,-197.84,0
30351,90.91,-197.92,0
30362,90.91,-198.37,0
30373,90.91,-197.71,0
30385,83.33,-197.04,0
30397,83.33,-196.83,0
30408,90.91,-195.96,0
30419,90.91,-196.70,0
30431,83.33,-197.08,0
30442,90.91,-198.28,0
30453,90.91,-198.86,0
30466,76.92,-199.11,0
30477,90.91,-198.95,0
30488,90.91,-198.03,0
30499,90.91,-196.83,0
30511,83.33,-196.09,0
30522,90.91,-195.65,0
30534,83.33,-195.84,0
30545,90.91,-196.46,0
30557,83.33,-197.95,0
30568,90.91,-198.42,0
30579,90.91,-198.57,0
30590,90.91,-198.31,0
30603,76.92,-197.82,0
30614,90.91,-196.74,0
30625,90.91,-195.88,0
30637,83.33,-196.42,0
30648,90.91,-196.76,0
30659,90.91,-196.93,0
30671,83.33,-197.25,0
30683,83.33,-197.46,0
30694,90.91,-197.50,0
30705,90.91,-197.78,0
30716,90.91,-197.26,0
30728,83.33,-196.94,0
30740,83.33,-196.92,0
30751,90.91,-196.95,0
30763,83.33,-197.56,0
30774,90.91,-197.76,0
30785,90.91,-197.72,0
30797,90.91,-197.98,0
30809,76.92,-197.46,0
30820,90.91,-196.88,0
30831,90.91,-196.50,0
30842,90.91,-196.38,0
30854,83.33,-196.89,0
30866,90.91,-196.94,0
30877,83.33,-197.91,0
30888,90.91,-198.52,0
30900,83.33,-198.40,0
30911,90.91,-198.43,0
30922,90.91,-198.05,0
30935,76.92,-196.88,0
30946,90.91,-195.68,0
30957,90.91,-195.37,0
30968,90.91,-195.71,0
30980,83.33,-196.95,0
30991,90.91,-197.85,0
31003,83.33,-197.92,0
31014,90.91,-198.26,0
31026,83.33,-198.49,0
31037,90.91,-198.00,0
31048,90.91,-196.88,0
31059,90.91,-195.90,0
31072,76.92,-195.23,0
31083,90.91,-195.50,0
31094,90.91,-196.41,0
31106,83.33,-197.29,0
31117,90.91,-198.38,0
31128,90.91,-198.17,0
31140,83.33,-197.90,0
31152,83.33,-197.72,0
31163,90.91,-196.94,0
31174,90.91,-196.54,0
31185,90.91,-196.39,0
31197,83.33,-196.43,0
31209,83.33,-197.05,0
31220,90.91,-197.52,0
31232,83.33,-197.91,0
31243,90.91,-197.57,0
31254,90.91,-198.00,0
31265,90.91,-197.36,0
31278,76.92,-197.34,0
31289,90.91,-196.97,0
31300,90.91,-196.53,0
31311,90.91,-197.06,0
31323,83.33,-197.85,0
31334,90.91,-198.43,0
31346,83.33,-198.43,0
31357,90.91,-198.04,0
31369,83.33,-197.33,0
31380,90.91,-197.16,0
31391,90.91,-196.82,0
31403,83.33,-196.64,0
31415,83.33,-197.22,0
31426,90.91,-197.98,0
31437,90.91,-197.75,0
31449,83.33,-197.95,0
31460,90.91,-198.33,0
31472,90.91,-197.78,0
31483,83.33,-197.47,0
31495,83.33,-197.14,0
31506,90.91,-195.85,0
31517,90.91,-196.02,0
31528,90.91,-197.05,0
31541,83.33,-197.53,0
31552,83.33,-197.22,0
31563,90.91,-198.50,0
31575,83.33,-198.84,0
31586,90.91,-197.78,0
31597,90.91,-197.08,0
31609,83.33,-196.57,0
31621,83.33,-196.09,0
31632,90.91,-195.80,0
31643,90.91,-196.56,0
31654,90.91,-197.41,0
31666,83.33,-197.77,0
31678,83.33,-198.67,0
31689,90.91,-198.82,0
31700,90.91,-198.14,0
31712,83.33,-197.14,0
31723,90.91,-196.19,0
31734,90.91,-196.20,0
31747,76.92,-196.43,0
31758,90.91,-196.72,0
31769,90.91,-197.52,0
31780,90.91,-197.76,0
31792,83.33,-197.99,0
31803,90.91,-197.93,0
31815,83.33,-196.77,0
31826,90.91,-195.91,0
31838,83.33,-195.88,0
31849,90.91,-196.12,0
31860,90.91,-196.76,0
31872,83.33,-197.56,0
31884,83.33,-198.18,0
31895,90.91,-198.14,0
31906,90.91,-198.26,0
31918,83.33,-197.62,0
31929,90.91,-196.45,0
31940,90.91,-195.76,0
31952,83.33,-195.44,0
31964,83.33,-196.35,0
31975,90.91,-197.73,0
31986,90.91,-198.01,0
31997,90.91,-198.86,0
32009,83.33,-198.92,0
32021,83.33,-199.11,0
32032,90.91,-198.16,0
32044,83.33,-197.03,0
32055,90.91,-196.36,0
32066,90.91,-195.72,0
32077,90.91,-195.35,0
32090,76.92,-196.60,0
32101,90.91,-197.76,0
32112,90.91,-198.44,0
32123,90.91,-198.42,0
32135,83.33,-197.99,0
32147,90.91,-197.11,0
32158,83.33,-196.71,0
32169,90.91,-196.41,0
32181,83.33,-196.26,0
32192,90.91,-196.67,0
32203,90.91,-197.81,0
32216,83.33,-198.28,0
32227,83.33,-197.93,0
32238,90.91,-197.95,0
32249,90.91,-197.74,0
32261,83.33,-197.41,0
32272,90.91,-197.04,0
32284,83.33,-196.71,0
32295,90.91,-196.00,0
32307,83.33,-197.39,0
32318,90.91,-197.79,0
32329,90.91,-197.90,0
32340,90.91,-198.08,0
32353,76.92,-197.67,0
32364,90.91,-196.92,0
32375,90.91,-196.21,0
32387,83.33,-196.08,0
32398,90.91,-196.52,0
32409,90.91,-197.07,0
32421,83.33,-197.70,0
32433,83.33,-198.17,0
32444,90.91,-198.93,0
32455,90.91,-198.78,0
32466,90.91,-197.49,0
32478,83.33,-196.96,0
32490,83.33,-196.21,0
32501,90.91,-196.61,0
32513,83.33,-196.95,0
32524,90.91,-197.39,0
32535,90.91,-198.10,0
32546,90.91,-199.41,0
32559,76.92,-198.96,0
32570,90.91,-198.81,0
32581,90.91,-198.13,0
32592,90.91,-197.02,0
32604,83.33,-196.38,0
32615,90.91,-195.83,0
32627,83.33,-196.33,0
32638,90.91,-196.85,0
32650,83.33,-197.57,0
32661,90.91,-198.73,0
32672,90.91,-198.59,0
32684,83.33,-197.86,0
32696,83.33,-197.54,0
32707,90.91,-196.95,0
32718,90.91,-196.12,0
32730,83.33,-195.81,0
32741,90.91,-196.79,0
32752,90.91,-197.28,0
32764,83.33,-196.67,0
32776,83.33,-197.93,0
32787,90.91,-197.76,0
32798,90.91,-198.09,0
32809,90.91,-197.45,0
32822,83.33,-197.18,0
32833,83.33,-196.47,0
32844,90.91,-196.91,0
32856,83.33,-197.07,0
32867,90.91,-197.30,0
32878,90.91,-198.13,0
32890,90.91,-197.95,0
32902,76.92,-197.20,0
32913,90.91,-196.28,0
32924,90.91,-196.31,0
32935,90.91,-196.67,0
32947,83.33,-196.71,0
32959,83.33,-197.14,0
32970,90.91,-197.31,0
32982,83.33,-197.62,0
32993,90.91,-198.45,0
33004,90.91,-198.34,0
33015,90.91,-197.20,0
33028,76.92,-196.51,0
33039,90.91,-196.45,0
33050,90.91,-195.53,0
33061,90.91,-196.02,0
33073,83.33,-197.30,0
33084,90.91,-198.50,0
33096,83.33,-198.96,0
33107,90.91,-199.00,0
33119,83.33,-198.68,0
33130,90.91,-198.24,0
33141,90.91,-196.82,0
33153,83.33,-196.04,0
33165,83.33,-195.83,0
33176,90.91,-196.21,0
33187,90.91,-196.51,0
33199,83.33,-197.23,0
33210,90.91,-198.17,0
33221,90.91,-198.57,0
33233,83.33,-198.71,0
33245,83.33,-197.83,0
33256,90.91,-196.77,0
33267,90.91,-195.93,0
33278,90.91,-196.41,0
33290,83.33,-196.40,0
33302,83.33,-196.98,0
33313,90.91,-197.56,0
33325,83.33,-198.48,0
33336,90.91,-198.04,0
33347,90.91,-197.62,0
33358,90.91,-197.03,0
33371,76.92,-196.68,0
33382,90.91,-197.03,0
33393,90.91,-197.13,0
33404,90.91,-197.51,0
33416,83.33,-198.23,0
33428,90.91,-198.13,0
33439,83.33,-197.65,0
33451,83.33,-197.99,0
33462,90.91,-197.52,0
33473,90.91,-196.66,0
33484,90.91,-196.54,0
33497,83.33,-196.33,0
33508,83.33,-196.29,0
33519,90.91,-197.08,0
33530,90.91,-198.02,0
33542,83.33,-198.12,0
33553,90.91,-198.27,0
33565,83.33,-198.22,0
33576,90.91,-197.07,0
33588,83.33,-196.15,0
33599,90.91,-196.06,0
33610,90.91,-196.18,0
33622,83.33,-196.82,0
33634,83.33,-197.65,0
33645,90.91,-198.35,0
33656,90.91,-198.33,0
33668,83.33,-197.92,0
33679,90.91,-198.18,0
33690,90.91,-197.30,0
33702,83.33,-196.19,0
33714,83.33,-195.33,0
33725,90.91,-196.04,0
33736,90.91,-196.36,0
33747,90.91,-196.90,0
33759,83.33,-197.60,0
33771,83.33,-198.22,0
33782,90.91,-198.42,0
33794,83.33,-198.18,0
33805,90.91,-197.23,0
33816,90.91,-196.17,0
33827,90.91,-196.49,0
33840,76.92,-196.37,0
33851,90.91,-197.04,0
33862,90.91,-197.56,0
33873,90.91,-197.69,0
33885,83.33,-198.12,0
33896,90.91,-198.11,0
33908,83.33,-197.23,0
33920,83.33,-196.94,0
33931,90.91,-196.74,0
33942,90.91,-196.40,0
33953,90.91,-196.60,0
33965,83.33,-196.88,0
33977,83.33,-197.19,0
33988,90.91,-198.03,0
33999,90.91,-197.81,0
34011,83.33,-197.43,0
34022,90.91,-196.92,0
34034,90.91,-196.52,0
34045,83.33,-196.38,0
34057,83.33,-197.50,0
34068,90.91,-197.79,0
34079,90.91,-198.21,0
34091,83.33,-198.66,0
34103,90.91,-198.79,0
34114,83.33,-198.51,0
34125,90.91,-197.18,0
34137,83.33,-195.91,0
34148,90.91,-195.97,0
34159,90.91,-196.41,0
34171,83.33,-197.11,0
34183,83.33,-197.65,0
34194,90.91,-197.86,0
34205,90.91,-198.61,0
34216,90.91,-198.54,0
34228,83.33,-198.53,0
34240,83.33,-197.31,0
34251,90.91,-196.91,0
34263,83.33,-196.61,0
34274,90.91,-195.99,0
34285,90.91,-196.48,0
34296,90.91,-197.79,0
34309,76.92,-197.92,0
34320,90.91,-198.27,0
34331,90.91,-197.99,0
34342,90.91,-197.41,0
34354,83.33,-197.49,0
34365,90.91,-196.82,0
34377,83.33,-196.75,0
34388,90.91,-196.97,0
34400,83.33,-197.66,0
34411,90.91,-198.15,0
34422,90.91,-199.11,0
34434,83.33,-198.60,0
34446,83.33,-198.37,0
34457,90.91,-197.44,0
34468,90.91,-196.78,0
34480,83.33,-196.48,0
34491,90.91,-196.20,0
34502,90.91,-196.70,0
34514,83.33,-197.54,0
34526,83.33,-198.50,0
34537,90.91,-198.04,0
34548,90.91,-198.51,0
34560,83.33,-197.76,0
34571,90.91,-196.78,0
34583,83.33,-196.16,0
34594,90.91,-195.33,0
34606,83.33,-195.78,0
34617,90.91,-197.27,0
34628,90.91,-198.13,0
34640,90.91,-198.53,0
34652,76.92,-198.77,0
34663,90.91,-198.35,0
34674,90.91,-197.73,0
34685,90.91,-197.11,0
34697,83.33,-196.57,0
34709,83.33,-196.21,0
34720,90.91,-196.47,0
34732,83.33,-196.38,0
34743,90.91,-197.41,0
34754,90.91,-198.30,0
34765,90.91,-198.26,0
34778,76.92,-198.36,0
34789,90.91,-197.48,0
34800,90.91,-197.40,0
34811,90.91,-197.59,0
34823,83.33,-196.90,0
34834,90.91,-196.52,0
34846,83.33,-196.68,0
34857,90.91,-197.33,0
34869,83.33,-198.00,0
34880,90.91,-197.25,0
34891,90.91,-196.96,0
34903,83.33,-197.00,0
34915,83.33,-195.82,0
34926,90.91,-196.37,0
34937,90.91,-196.96,0
34949,83.33,-197.30,0
34960,90.91,-198.53,0
34971,90.91,-198.39,0
34983,83.33,-198.22,0
34995,83.33,-197.64,0
35006,90.91,-196.41,0
35017,90.91,-196.09,0
35028,90.91,-195.82,0
35040,83.33,-195.97,0
35052,83.33,-196.87,0
35063,90.91,-197.51,0
35075,83.33,-198.35,0
35086,90.91,-199.11,0
35097,90.91,-198.94,0
35108,90.91,-198.26,0
35121,76.92,-197.34,0
35132,90.91,-196.70,0
35143,90.91,-195.79,0
35154,90.91,-195.67,0
35166,83.33,-196.48,0
35178,90.91,-197.68,0
35189,83.33,-198.55,0
35201,83.33,-199.13,0
35212,90.91,-199.02,0
35223,90.91,-198.94,0
35234,90.91,-198.40,0
35247,83.33,-197.25,0
35258,83.33,-196.68,0
35269,90.91,-196.70,0
35280,90.91,-197.00,0
35292,83.33,-197.14,0
35303,90.91,-197.72,0
35315,83.33,-197.79,0
35326,90.91,-197.91,0
35338,83.33,-197.34,0
35349,90.91,-196.69,0
35360,90.91,-197.14,0
35372,83.33,-197.40,0
35384,83.33,-197.72,0
35395,90.91,-197.86,0
35406,90.91,-197.86,0
35418,83.33,-197.53,0
35429,90.91,-197.42,0
35440,90.91,-196.79,0
35452,83.33,-196.14,0
35464,83.33,-195.53,0
35475,90.91,-195.87,0
35486,90.91,-196.04,0
35497,90.91,-196.75,0
35509,83.33,-197.88,0
35521,83.33,-198.12,0
35532,90.91,-198.62,0
35544,83.33,-198.29,0
35555,90.91,-197.02,0
35566,90.91,-196.50,0
35577,90.91,-196.07,0
35590,76.92,-195.18,0
35601,90.91,-195.45,0
35612,90.91,-196.79,0
35623,90.91,-197.98,0
35635,83.33,-198.71,0
35646,90.91,-199.18,0
35658,83.33,-199.00,0
35670,83.33,-198.26,0
35681,90.91,-196.94,0
35692,90.91,-195.47,0
35703,90.91,-195.43,0
35716,83.33,-196.25,0
35727,83.33,-196.47,0
35738,90.91,-197.19,0
35749,90.91,-197.57,0
35761,83.33,-197.91,0
35772,90.91,-197.24,0
35784,90.91,-197.09,0
35795,83.33,-196.98,0
35807,83.33,-197.02,0
35818,90.91,-196.72,0
35829,90.91,-196.53,0
35841,83.33,-197.14,0
35853,83.33,-197.74,0
35864,90.91,-197.56,0
35875,90.91,-197.33,0
35887,83.33,-196.61,0
35898,90.91,-196.37,0
35909,90.91,-196.18,0
35921,83.33,-196.81,0
35933,83.33,-197.18,0
35944,90.91,-197.94,0
35955,90.91,-198.89,0
35966,90.91,-198.92,0
35978,83.33,-198.27,0
35990,83.33,-197.40,0
36001,90.91,-197.03,0
36013,83.33,-196.24,0
36024,90.91,-196.05,0
36035,90.91,-196.09,0
36046,90.91,-197.06,0
36059,76.92,-198.03,0
36070,90.91,-199.20,0
36081,90.91,-199.86,0
36092,90.91,-199.06,0
36104,83.33,-198.25,0
36115,90.91,-197.34,0
36127,83.33,-196.36,0
36139,83.33,-195.71,0
36150,90.91,-195.72,0
36161,90.91,-196.54,0
36172,90.91,-196.82,0
36184,83.33,-198.01,0
36196,83.33,-198.10,0
36207,90.91,-198.09,0
36218,90.91,-198.33,0
36230,83.33,-198.03,0
36241,90.91,-197.78,0
36252,90.91,-197.11,0
36264,83.33,-197.25,0
36276,83.33,-196.78,0
36287,90.91,-197.27,0
36298,90.91,-197.37,0
36310,83.33,-197.31,0
36322,90.91,-197.23,0
36333,83.33,-196.79,0
36344,90.91,-195.85,0
36356,83.33,-196.38,0
36367,90.91,-196.89,0
36378,90.91,-198.10,0
36390,90.91,-198.14,0
36402,76.92,-198.53,0
36413,90.91,-198.32,0
36424,90.91,-197.73,0
36435,90.91,-196.83,0
36447,83.33,-196.08,0
36459,83.33,-196.01,0
36470,90.91,-195.78,0
36482,83.33,-196.30,0
36493,90.91,-198.04,0
36504,90.91,-199.26,0
36515,90.91,-199.09,0
36528,76.92,-198.76,0
36539,90.91,-198.01,0
36550,90.91,-197.43,0
36561,90.91,-196.75,0
36573,83.33,-195.65,0
36584,90.91,-195.54,0
36596,83.33,-195.75,0
36608,83.33,-197.09,0
36619,90.91,-198.30,0
36630,90.91,-199.14,0
36641,90.91,-199.19,0
36653,83.33,-198.31,0
36665,83.33,-197.99,0
36676,90.91,-197.30,0
36687,90.91,-196.06,0
36699,83.33,-196.44,0
36710,90.91,-196.39,0
36721,90.91,-196.95,0
36733,83.33,-197.47,0
36745,83.33,-197.55,0
36756,90.91,-197.94,0
36767,90.91,-197.62,0
36779,83.33,-197.77,0
36790,90.91,-197.58,0
36802,83.33,-197.70,0
36813,90.91,-197.31,0
36825,83.33,-197.11,0
36836,90.91,-197.33,0
36847,90.91,-197.88,0
36858,90.91,-197.63,0
36871,76.92,-196.86,0
36882,90.91,-196.79,0
36893,90.91,-197.01,0
36904,90.91,-196.46,0
36916,83.33,-196.75,0
36928,90.91,-197.86,0
36939,83.33,-198.56,0
36951,83.33,-198.50,0
36962,90.91,-198.58,0
36973,90.91,-197.82,0
36984,90.91,-197.79,0
36997,83.33,-196.46,0
37008,83.33,-196.09,0
37019,90.91,-195.47,0
37030,90.91,-195.62,0
37042,83.33,-196.65,0
37053,90.91,-197.60,0
37065,83.33,-199.35,0
37076,90.91,-199.13,0
37088,83.33,-198.89,0
37099,90.91,-197.54,0
37110,90.91,-196.41,0
37122,83.33,-196.25,0
37134,83.33,-195.62,0
37145,90.91,-195.82,0
37156,90.91,-196.61,0
37168,83.33,-197.57,0
37179,90.91,-198.06,0
37190,90.91,-197.97,0
37202,83.33,-197.49,0
37214,83.33,-197.24,0
37225,90.91,-197.02,0
37236,90.91,-197.16,0
37248,83.33,-197.32,0
37259,90.91,-197.32,0
37271,83.33,-197.83,0
37282,90.91,-197.73,0
37294,83.33,-197.07,0
37305,90.91,-197.80,0
37316,90.91,-197.28,0
37327,90.91,-196.74,0
37340,76.92,-196.95,0
37351,90.91,-196.52,0
37362,90.91,-197.09,0
37373,90.91,-198.09,0
37385,83.33,-198.59,0
37396,90.91,-198.78,0
37408,83.33,-198.13,0
37420,83.33,-197.67,0
37431,90.91,-196.96,0
37442,90.91,-196.22,0
37453,90.91,-195.83,0
37465,83.33,-195.83,0
37477,83.33,-196.93,0
37488,90.91,-198.06,0
37499,90.91,-198.64,0
37511,83.33,-198.33,0
37522,90.91,-199.09,0
37534,90.91,-198.51,0
37545,83.33,-197.46,0
37557,83.33,-196.40,0
37568,90.91,-196.36,0
37579,90.91,-196.11,0
37591,83.33,-196.68,0
37603,90.91,-197.55,0
37614,83.33,-197.76,0
37625,90.91,-197.98,0
37637,83.33,-198.08,0
37648,90.91,-197.63,0
37659,90.91,-197.18,0
37671,83.33,-196.81,0
37683,83.33,-197.20,0
37694,90.91,-197.10,0
37705,90.91,-197.43,0
37716,90.91,-197.36,0
37728,83.33,-197.67,0
37740,83.33,-198.01,0
37751,90.91,-197.15,0
37763,83.33,-196.78,0
37774,90.91,-196.38,0
37785,90.91,-196.20,0
37796,90.91,-196.54,0
37809,76.92,-197.26,0
37820,90.91,-197.16,0
37831,90.91,-197.80,0
37842,90.91,-198.13,0
37854,83.33,-198.34,0
37865,90.91,-198.34,0
37877,83.33,-196.98,0
37889,83.33,-197.09,0
37900,90.91,-196.31,0
37911,90.91,-196.12,0
37922,90.91,-197.17,0
37934,83.33,-197.49,0
37946,83.33,-198.03,0
37957,90.91,-198.51,0
37968,90.91,-198.57,0
37980,83.33,-197.98,0
37991,90.91,-197.17,0
38002,90.91,-196.43,0
38014,83.33,-196.76,0
38026,83.33,-197.05,0
38037,90.91,-196.95,0
38048,90.91,-197.59,0
38060,83.33,-198.00,0
38071,90.91,-198.76,0
38083,83.33,-198.48,0
38094,90.91,-198.36,0
38106,83.33,-197.65,0
38117,90.91,-196.39,0
38128,90.91,-196.35,0
38140,90.91,-196.75,0
38152,76.92,-197.12,0
38163,90.91,-197.73,0
38174,90.91,-197.67,0
38185,90.91,-197.83,0
38197,83.33,-197.76,0
38209,90.91,-197.40,0
38220,83.33,-197.07,0
38232,83.33,-196.67,0
38243,90.91,-197.01,0
38254,90.91,-197.16,0
38265,90.91,-198.03,0
38278,76.92,-198.01,0
38289,90.91,-198.07,0
38300,90.91,-197.90,0
38311,90.91,-