66,15.15,595.61,0
77,90.91,601.58,0
89,83.33,600.93,0
100,90.91,593.23,0
111,90.91,587.49,0
123,83.33,583.32,0
135,83.33,583.74,0
146,90.91,591.46,0
157,90.91,598.71,0
168,90.91,598.48,0
180,83.33,595.75,0
192,83.33,587.23,0
203,90.91,579.19,0
215,83.33,582.82,0
226,90.91,590.88,0
237,90.91,594.73,0
248,90.91,600.98,0
261,76.92,597.66,0
272,90.91,586.47,0
283,90.91,580.78,0
294,90.91,587.99,0
306,83.33,588.31,0
317,90.91,592.26,0
329,83.33,599.52,0
340,90.91,597.87,0
352,83.33,591.06,0
363,90.91,591.30,0
374,90.91,585.89,0
386,83.33,583.37,0
398,83.33,588.46,0
409,90.91,595.62,0
420,90.91,597.80,0
432,83.33,600.70,0
443,90.91,592.14,0
454,90.91,584.55,0
466,83.33,579.16,0
478,83.33,586.29,0
489,90.91,592.68,0
500,90.91,600.96,0
512,83.33,601.21,0
523,90.91,594.57,0
535,83.33,584.75,0
546,90.91,582.67,0
558,83.33,583.39,0
569,90.91,589.93,0
580,90.91,598.45,0
591,90.91,599.60,0
604,76.92,596.27,0
615,90.91,592.55,0
626,90.91,585.89,0
637,90.91,582.28,0
649,83.33,585.55,0
660,90.91,593.83,0
672,83.33,598.52,0
684,83.33,600.66,0
695,90.91,594.37,0
706,90.91,584.55,0
717,90.91,582.54,0
729,83.33,588.12,0
741,83.33,591.45,0
752,90.91,596.97,0
763,90.91,603.32,0
775,83.33,596.94,0
786,90.91,590.69,0
797,90.91,588.54,0
809,90.91,583.65,0
821,83.33,584.39,0
832,90.91,596.34,0
843,90.91,604.19,0
855,83.33,599.36,0
866,90.91,592.58,0
878,90.91,584.18,0
889,83.33,580.54,0
901,83.33,584.33,0
912,90.91,596.64,0
923,90.91,598.61,0
934,90.91,599.68,0
947,83.33,594.72,0
958,83.33,586.29,0
969,90.91,584.06,0
980,90.91,587.02,0
992,83.33,591.54,0
1003,90.91,595.10,0
1015,90.91,599.06,0
1027,76.92,597.19,0
1038,90.91,592.03,0
1049,90.91,586.18,0
1060,90.91,583.31,0
1072,83.33,583.51,0
1084,90.91,591.81,0
1095,83.33,601.44,0
1106,90.91,604.43,0
1118,83.33,596.60,0
1129,90.91,586.42,0
1140,90.91,577.85,0
1153,83.33,579.47,0
1164,83.33,591.74,0
1175,90.91,598.00,0
1186,90.91,597.93,0
1198,83.33,594.99,0
1209,90.91,587.86,0
1221,90.91,585.16,0
1232,83.33,589.23,0
1244,83.33,587.01,0
1255,90.91,590.98,0
1266,90.91,595.21,0
1277,90.91,600.08,0
1290,83.33,595.53,0
1301,83.33,587.55,0
1312,90.91,585.14,0
1324,83.33,580.88,0
1335,90.91,586.21,0
1346,90.91,601.40,0
1358,90.91,607.90,0
1370,76.92,601.96,0
1381,90.91,591.00,0
1392,90.91,582.23,0
1403,90.91,580.53,0
1415,83.33,592.61,0
1426,90.91,601.58,0
1438,83.33,601.42,0
1449,90.91,597.22,0
1461,83.33,587.97,0
1472,90.91,584.13,0
1483,90.91,585.21,0
1495,83.33,587.83,0
1507,83.33,593.46,0
1518,90.91,597.49,0
1529,90.91,599.82,0
1541,83.33,594.91,0
1552,90.91,590.22,0
1563,90.91,585.60,0
1575,83.33,580.26,0
1587,83.33,585.15,0
1598,90.91,598.80,0
1609,90.91,603.45,0
1620,90.91,598.17,0
1632,83.33,591.51,0
1644,83.33,584.41,0
1655,90.91,580.85,0
1667,83.33,589.71,0
1678,90.91,599.09,0
1689,90.91,600.33,0
1700,90.91,598.08,0
1713,76.92,592.97,0
1724,90.91,585.94,0
1735,90.91,585.99,0
1746,90.91,587.73,0
1758,83.33,591.76,0
1769,90.91,597.78,0
1781,83.33,602.81,0
1793,83.33,595.63,0
1804,90.91,589.95,0
1815,90.91,585.21,0
1826,90.91,582.17,0
1838,83.33,585.12,0
1850,83.33,596.52,0
1861,90.91,602.80,0
1872,90.91,601.17,0
1884,83.33,596.78,0
1895,90.91,587.59,0
1906,90.91,579.80,0
1918,83.33,585.30,0
1930,83.33,596.40,0
1941,90.91,597.68,0
1952,90.91,600.29,0
1964,83.33,598.46,0
1975,90.91,587.20,0
1987,83.33,582.59,0
1998,90.91,585.31,0
2010,83.33,589.54,0
2021,90.91,593.97,0
2032,90.91,601.52,0
2043,90.91,600.28,0
2056,76.92,591.99,0
2067,90.91,584.62,0
2078,90.91,580.52,0
2089,90.91,579.57,0
2101,83.33,589.17,0
2112,90.91,602.15,0
2124,83.33,600.99,0
2136,83.33,591.47,0
2147,90.91,586.21,0
2158,90.91,581.67,0
2169,90.91,582.01,0
2181,83.33,594.73,0
2193,83.33,601.69,0
2204,90.91,599.32,0
2215,90.91,595.41,0
2227,83.33,588.10,0
2238,90.91,582.43,0
2249,90.91,585.76,0
2262,76.92,592.02,0
2273,90.91,593.86,0
2284,90.91,595.80,0
2295,90.91,601.62,0
2307,83.33,596.15,0
2318,90.91,587.80,0
2330,83.33,582.60,0
2341,90.91,582.60,0
2353,83.33,586.25,0
2364,90.91,595.85,0
2375,90.91,607.28,0
2386,90.91,603.03,0
2399,76.92,588.37,0
2410,90.91,580.55,0
2421,90.91,578.85,0
2433,83.33,587.51,0
2444,90.91,600.66,0
2455,90.91,604.41,0
2467,83.33,598.51,0
2479,83.33,588.56,0
2490,90.91,583.69,0
2501,90.91,583.78,0
2512,90.91,589.18,0
2524,83.33,591.72,0
2536,83.33,595.60,0
2547,90.91,600.09,0
2558,90.91,594.78,0
2570,83.33,590.95,0
2581,90.91,585.00,0
2592,90.91,581.83,0
2605,76.92,586.60,0
2616,90.91,595.90,0
2627,90.91,602.48,0
2638,90.91,605.29,0
2650,83.33,596.38,0
2661,90.91,585.73,0
2673,83.33,580.81,0
2684,90.91,585.92,0
2696,83.33,594.91,0
2707,90.91,602.62,0
2718,90.91,605.25,0
2729,90.91,595.41,0
2742,76.92,585.30,0
2753,90.91,586.47,0
2764,90.91,587.49,0
2776,83.33,590.11,0
2787,90.91,593.25,0
2798,90.91,601.85,0
2810,83.33,597.93,0
2822,83.33,591.44,0
2833,90.91,585.87,0
2844,90.91,579.26,0
2855,90.91,581.79,0
2867,83.33,593.98,0
2879,83.33,604.91,0
2890,90.91,607.54,0
2902,83.33,592.12,0
2913,90.91,581.69,0
2924,90.91,578.30,0
2935,90.91,584.55,0
2948,76.92,595.16,0
2959,90.91,603.53,0
2970,90.91,604.36,0
2981,90.91,593.60,0
2993,83.33,586.45,0
3004,90.91,585.05,0
3016,83.33,586.64,0
3027,90.91,589.14,0
3039,83.33,596.31,0
3050,90.91,598.36,0
3061,90.91,600.13,0
3073,83.33,595.78,0
3085,83.33,589.31,0
3096,90.91,581.74,0
3107,90.91,578.70,0
3119,83.33,588.89,0
3130,90.91,601.61,0
3141,90.91,603.78,0
3153,83.33,597.69,0
3165,83.33,587.70,0
3176,90.91,580.83,0
3187,90.91,581.27,0
3198,90.91,588.38,0
3210,83.33,596.50,0
3222,83.33,598.65,0
3233,90.91,595.14,0
3245,83.33,589.70,0
3256,90.91,586.05,0
3267,90.91,584.92,0
3278,90.91,588.95,0
3291,76.92,595.26,0
3302,90.91,599.02,0
3313,90.91,598.50,0
3324,90.91,592.26,0
3336,83.33,585.80,0
3347,90.91,582.42,0
3359,83.33,581.91,0
3371,83.33,587.42,0
3382,90.91,599.12,0
3393,90.91,605.74,0
3404,90.91,600.22,0
3416,83.33,590.43,0
3428,83.33,585.06,0
3439,90.91,580.54,0
3450,90.91,586.61,0
3462,83.33,595.12,0
3473,90.91,602.20,0
3484,90.91,601.63,0
3496,90.91,593.31,0
3508,76.92,585.74,0
3519,90.91,580.47,0
3530,90.91,583.40,0
3542,83.33,592.09,0
3553,90.91,598.76,0
3565,90.91,601.95,0
3576,83.33,599.58,0
3588,83.33,588.84,0
3599,90.91,582.12,0
3610,90.91,584.98,0
3621,90.91,589.81,0
3634,83.33,594.85,0
3645,83.33,601.70,0
3656,90.91,601.04,0
3667,90.91,591.80,0
3679,83.33,587.27,0
3690,90.91,585.97,0
3702,90.91,585.04,0
3714,76.92,590.37,0
3725,90.91,597.46,0
3736,90.91,597.33,0
3747,90.91,598.00,0
3759,83.33,592.62,0
3771,90.91,584.77,0
3782,83.33,581.49,0
3793,90.91,589.50,0
3805,83.33,598.61,0
3816,90.91,600.89,0
3827,90.91,597.97,0
3838,90.91,591.46,0
3851,76.92,583.82,0
3862,90.91,583.40,0
3873,90.91,588.72,0
3885,83.33,593.51,0
3896,90.91,596.71,0
3907,90.91,600.45,0
3919,83.33,593.51,0
3931,83.33,585.14,0
3942,90.91,585.50,0
3953,90.91,586.98,0
3964,90.91,586.80,0
3976,83.33,594.50,0
3988,83.33,601.07,0
3999,90.91,597.43,0
4011,83.33,592.07,0
4022,90.91,587.65,0
4033,90.91,582.73,0
4044,90.91,585.80,0
4057,76.92,594.88,0
4068,90.91,603.87,0
4079,90.91,601.63,0
4090,90.91,594.50,0
4102,83.33,587.23,0
4113,90.91,580.56,0
4125,83.33,583.61,0
4136,90.91,594.51,0
4148,83.33,598.65,0
4159,90.91,599.39,0
4170,90.91,596.37,0
4182,83.33,588.11,0
4194,83.33,585.56,0
4205,90.91,585.18,0
4216,90.91,586.04,0
4228,83.33,591.59,0
4239,90.91,598.98,0
4250,90.91,598.87,0
4262,83.33,591.85,0
4274,83.33,585.72,0
4285,90.91,583.21,0
4296,90.91,583.44,0
4307,90.91,592.27,0
4319,83.33,604.39,0
4331,83.33,606.66,0
4342,90.91,595.68,0
4354,83.33,586.10,0
4365,90.91,582.45,0
4376,90.91,580.15,0
4387,90.91,589.09,0
4400,76.92,596.55,0
4411,90.91,601.50,0
4422,90.91,600.03,0
4433,90.91,593.06,0
4445,83.33,584.64,0
4456,90.91,579.14,0
4468,83.33,582.83,0
4480,83.33,590.75,0
4491,90.91,600.21,0
4502,90.91,601.48,0
4513,90.91,591.97,0
4525,83.33,585.24,0
4537,83.33,579.47,0
4548,90.91,579.76,0
4559,90.91,591.27,0
4571,83.33,599.73,0
4582,90.91,603.38,0
4593,90.91,596.15,0
4605,83.33,588.62,0
4617,83.33,585.79,0
4628,90.91,584.95,0
4639,90.91,589.98,0
4651,83.33,597.36,0
4662,90.91,597.34,0
4674,83.33,595.75,0
4685,90.91,595.22,0
4697,83.33,589.14,0
4708,90.91,584.87,0
4719,90.91,586.59,0
4730,90.91,590.13,0
4743,76.92,595.73,0
4754,90.91,601.07,0
4765,90.91,599.85,0
4776,90.91,589.34,0
4788,83.33,581.24,0
4799,90.91,580.78,0
4811,83.33,587.18,0
4823,83.33,595.91,0
4834,90.91,603.32,0
4845,90.91,600.05,0
4856,90.91,590.36,0
4868,83.33,585.88,0
4880,83.33,583.61,0
4891,90.91,583.84,0
4902,90.91,592.89,0
4914,83.33,600.00,0
4925,90.91,600.04,0
4936,90.91,595.09,0
4948,83.33,588.64,0
4960,83.33,582.84,0
4971,90.91,582.96,0
4982,90.91,588.01,0
4994,83.33,592.51,0
5005,90.91,598.03,0
5017,83.33,599.77,0
5028,90.91,591.41,0
5040,83.33,586.48,0
5051,90.91,587.60,0
5062,90.91,589.05,0
5073,90.91,592.60,0
5086,76.92,601.18,0
5097,90.91,601.46,0
5108,90.91,592.98,0
5120,83.33,587.90,0
5131,90.91,587.50,0
5142,90.91,583.90,0
5154,83.33,587.86,0
5166,83.33,596.62,0
5177,90.91,600.69,0
5188,90.91,598.87,0
5199,90.91,594.62,0
5211,83.33,587.47,0
5223,83.33,580.81,0
5234,90.91,581.78,0
5245,90.91,593.79,0
5257,83.33,601.68,0
5268,90.91,602.79,0
5279,90.91,595.19,0
5292,76.92,583.16,0
5303,90.91,583.18,0
5314,90.91,583.82,0
5325,90.91,590.24,0
5337,83.33,599.88,0
5348,90.91,599.60,0
5360,83.33,593.23,0
5371,90.91,586.17,0
5383,83.33,585.80,0
5394,90.91,583.73,0
5405,90.91,586.04,0
5416,90.91,593.11,0
5429,83.33,596.05,0
5440,90.91,602.20,0
5451,90.91,599.13,0
5463,83.33,588.57,0
5474,90.91,580.34,0
5485,90.91,582.41,0
5497,90.91,589.61,0
5509,76.92,595.22,0
5520,90.91,602.91,0
5531,90.91,601.78,0
5542,90.91,585.12,0
5554,83.33,583.23,0
5566,90.91,584.44,0
5577,83.33,588.78,0
5588,90.91,598.54,0
5600,83.33,605.83,0
5611,90.91,597.68,0
5622,90.91,587.59,0
5635,83.33,585.99,0
5646,83.33,587.58,0
5657,90.91,585.17,0
5668,90.91,594.11,0
5680,83.33,599.69,0
5691,90.91,599.08,0
5703,90.91,595.67,0
5714,83.33,594.97,0
5726,83.33,584.74,0
5737,90.91,581.62,0
5748,90.91,589.60,0
5760,83.33,598.32,0
5772,90.91,602.05,0
5783,83.33,599.68,0
5794,90.91,588.21,0
5806,83.33,581.86,0
5817,90.91,584.72,0
5828,90.91,588.53,0
5839,90.91,594.75,0
5852,76.92,602.14,0
5863,90.91,599.90,0
5874,90.91,590.55,0
5885,90.91,585.14,0
5897,83.33,586.76,0
5908,90.91,589.12,0
5920,83.33,592.06,0
5932,83.33,597.83,0
5943,90.91,599.69,0
5954,90.91,596.88,0
5965,90.91,594.01,0
5977,83.33,588.43,0
5989,83.33,582.91,0
6000,90.91,583.43,0
6011,90.91,590.17,0
6023,83.33,598.57,0
6034,90.91,602.20,0
6045,90.91,593.99,0
6057,83.33,584.68,0
6069,83.33,579.06,0
6080,90.91,581.28,0
6091,90.91,593.48,0
6103,83.33,605.77,0
6114,90.91,608.89,0
6126,83.33,592.29,0
6137,90.91,582.96,0
6149,83.33,583.80,0
6160,90.91,588.85,0
6171,90.91,592.81,0
6182,90.91,597.32,0
6195,76.92,595.22,0
6206,90.91,592.16,0
6217,90.91,592.21,0
6228,90.91,592.81,0
6240,83.33,582.76,0
6251,90.91,581.66,0
6263,83.33,589.62,0
6275,83.33,598.43,0
6286,90.91,602.40,0
6297,90.91,601.19,0
6308,90.91,589.92,0
6320,83.33,578.69,0
6332,83.33,578.54,0
6343,90.91,590.03,0
6354,90.91,599.20,0
6366,83.33,608.82,0
6377,90.91,599.12,0
6388,90.91,582.20,0
6401,76.92,582.03,0
6412,90.91,583.77,0
6423,90.91,589.32,0
6434,90.91,595.85,0
6446,83.33,599.28,0
6457,90.91,594.83,0
6469,83.33,592.69,0
6480,90.91,590.03,0
6492,83.33,584.44,0
6503,90.91,583.96,0
6514,90.91,590.90,0
6525,90.91,592.58,0
6538,76.92,600.36,0
6549,90.91,603.73,0
6560,90.91,594.09,0
6572,83.33,585.35,0
6583,90.91,583.33,0
6594,90.91,587.16,0
6606,83.33,595.39,0
6618,83.33,604.59,0
6629,90.91,602.07,0
6640,90.91,587.80,0
6651,90.91,581.83,0
6663,83.33,585.11,0
6675,83.33,588.86,0
6686,90.91,592.51,0
6697,90.91,602.62,0
6709,83.33,600.96,0
6720,90.91,593.17,0
6731,90.91,591.94,0
6744,76.92,586.88,0
6755,90.91,583.37,0
6766,90.91,587.35,0
6777,90.91,594.82,0
6789,83.33,601.21,0
6800,90.91,602.88,0
6812,83.33,596.82,0
6823,90.91,583.90,0
6835,83.33,578.48,0
6846,90.91,582.27,0
6857,90.91,593.92,0
6868,90.91,600.44,0
6881,76.92,604.90,0
6892,90.91,597.12,0
6903,90.91,586.39,0
6915,83.33,585.95,0
6926,90.91,588.86,0
6937,90.91,591.32,0
6949,83.33,597.16,0
6961,83.33,600.27,0
6972,90.91,598.90,0
6983,90.91,593.45,0
6994,90.91,587.82,0
7006,83.33,583.25,0
7018,83.33,587.05,0
7029,90.91,596.25,0
7041,83.33,601.78,0
7052,90.91,600.95,0
7063,90.91,596.37,0
7074,90.91,582.86,0
7087,76.92,580.80,0
7098,90.91,585.72,0
7109,90.91,592.64,0
7120,90.91,595.16,0
7132,83.33,597.47,0
7143,90.91,594.20,0
7155,83.33,587.26,0
7166,90.91,585.28,0
7178,83.33,588.59,0
7189,90.91,590.78,0
7200,90.91,595.09,0
7212,83.33,597.65,0
7224,83.33,598.50,0
7235,90.91,594.54,0
7246,90.91,589.35,0
7258,83.33,582.74,0
7269,90.91,583.03,0
7280,90.91,590.16,0
7292,83.33,599.12,0
7304,83.33,605.58,0
7315,90.91,601.80,0
7326,90.91,586.31,0
7337,90.91,577.98,0
7349,83.33,580.66,0
7361,90.91,590.73,0
7372,90.91,600.54,0
7384,83.33,602.20,0
7395,90.91,595.63,0
7406,90.91,588.78,0
7417,90.91,587.75,0
7430,76.92,589.41,0
7441,90.91,587.37,0
7452,90.91,590.82,0
7463,90.91,595.15,0
7475,83.33,595.05,0
7486,90.91,595.58,0
7498,90.91,592.52,0
7510,83.33,582.44,0
7521,90.91,580.87,0
7532,90.91,588.34,0
7543,90.91,595.30,0
7555,83.33,599.58,0
7567,90.91,600.75,0
7578,90.91,591.03,0
7589,90.91,579.72,0
7601,83.33,582.57,0
7612,90.91,591.45,0
7623,90.91,597.17,0
7635,90.91,602.42,0
7647,83.33,604.02,0
7658,90.91,593.14,0
7669,90.91,583.85,0
7681,83.33,584.27,0
7692,90.91,583.93,0
7704,90.91,587.77,0
7715,83.33,595.71,0
7727,83.33,595.74,0
7738,90.91,594.10,0
7749,90.91,593.19,0
7760,90.91,585.69,0
7773,83.33,582.89,0
7784,83.33,586.36,0
7795,90.91,594.63,0
7806,90.91,599.87,0
7818,83.33,602.89,0
7829,90.91,597.11,0
7841,90.91,585.50,0
7853,76.92,580.06,0
7864,90.91,583.97,0
7875,90.91,592.44,0
7886,90.91,598.09,0
7898,83.33,601.09,0
7910,90.91,591.63,0
7921,83.33,584.16,0
7932,90.91,583.85,0
7944,83.33,583.15,0
7955,90.91,587.61,0
7966,90.91,593.73,0
7979,90.91,597.84,0
7990,76.92,595.30,0
8001,90.91,592.37,0
8012,90.91,589.89,0
8024,83.33,584.54,0
8035,90.91,581.86,0
8047,90.91,588.93,0
8058,83.33,596.73,0
8070,83.33,600.57,0
8081,90.91,597.35,0
8092,90.91,588.04,0
8103,90.91,580.03,0
8116,83.33,583.79,0
8127,83.33,588.81,0
8138,90.91,598.78,0
8150,83.33,602.98,0
8161,90.91,597.03,0
8172,90.91,587.48,0
8184,90.91,582.63,0
8196,76.92,584.28,0
8207,90.91,586.67,0
8218,90.91,592.89,0
8229,90.91,601.68,0
8241,83.33,601.52,0
8253,90.91,591.52,0
8264,83.33,587.52,0
8275,90.91,583.26,0
8287,83.33,583.61,0
8298,90.91,590.69,0
8309,90.91,599.78,0
8322,83.33,599.78,0
8333,83.33,598.39,0
8344,90.91,591.18,0
8355,90.91,584.29,0
8367,83.33,581.20,0
8378,90.91,589.11,0
8390,90.91,596.04,0
8401,83.33,598.95,0
8413,83.33,599.29,0
8424,90.91,591.93,0
8435,90.91,585.23,0
8446,90.91,588.30,0
8459,83.33,587.16,0
8470,83.33,588.44,0
8481,90.91,596.11,0
8493,83.33,600.87,0
8504,90.91,596.46,0
8515,90.91,589.35,0
8527,90.91,585.45,0
8539,76.92,584.49,0
8550,90.91,586.48,0
8561,90.91,594.94,0
8572,90.91,599.55,0
8584,83.33,595.74,0
8596,90.91,591.73,0
8607,83.33,583.43,0
8619,83.33,581.88,0
8630,90.91,589.27,0
8641,90.91,597.35,0
8652,90.91,598.42,0
8665,83.33,598.11,0
8676,83.33,594.39,0
8687,90.91,589.02,0
8698,90.91,587.26,0
8710,83.33,587.43,0
8721,90.91,589.05,0
8733,90.91,591.61,0
8744,83.33,597.79,0
8756,83.33,600.06,0
8767,90.91,593.64,0
8778,90.91,590.51,0
8790,83.33,584.40,0
8801,90.91,580.61,0
8813,83.33,590.28,0
8824,90.91,602.47,0
8836,83.33,603.60,0
8847,90.91,595.25,0
8858,90.91,586.90,0
8869,90.91,579.29,0
8882,76.92,580.97,0
8893,90.91,592.92,0
8904,90.91,600.07,0
8915,90.91,600.26,0
8927,83.33,595.26,0
8938,90.91,588.05,0
8950,83.33,581.53,0
8962,83.33,585.52,0
8973,90.91,592.44,0
8984,90.91,594.90,0
8995,90.91,598.79,0
9007,83.33,598.26,0
9019,83.33,592.25,0
9030,90.91,588.55,0
9041,90.91,586.09,0
9053,83.33,583.05,0
9064,90.91,590.20,0
9075,90.91,598.05,0
9088,76.92,599.42,0
9099,90.91,599.34,0
9110,90.91,591.94,0
9121,90.91,582.62,0
9133,83.33,582.34,0
9144,90.91,588.47,0
9156,83.33,594.41,0
9167,90.91,596.69,0
9179,83.33,600.65,0
9190,90.91,595.11,0
9201,90.91,587.34,0
9212,90.91,584.64,0
9225,76.92,585.90,0
9236,90.91,590.87,0
9247,90.91,598.54,0
9259,83.33,604.39,0
9270,90.91,598.76,0
9281,90.91,589.65,0
9293,83.33,584.13,0
9305,83.33,582.26,0
9316,90.91,589.32,0
9327,90.91,598.49,0
9338,90.91,601.99,0
9350,83.33,598.21,0
9362,83.33,587.58,0
9373,90.91,582.94,0
9384,90.91,585.88,0
9396,83.33,589.15,0
9407,90.91,594.73,0
9418,90.91,598.62,0
9431,76.92,598.87,0
9442,90.91,590.58,0
9453,90.91,587.00,0
9464,90.91,588.28,0
9476,83.33,585.04,0
9487,90.91,583.91,0
9499,83.33,588.67,0
9510,90.91,602.02,0
9522,83.33,604.20,0
9533,90.91,595.26,0
9544,90.91,584.41,0
9555,90.91,578.20,0
9568,76.92,581.29,0
9579,90.91,592.14,0
9590,90.91,603.38,0
9602,83.33,603.90,0
9613,90.91,594.85,0
9624,90.91,582.27,0
9636,83.33,581.28,0
9648,83.33,586.76,0
9659,90.91,596.53,0
9670,90.91,599.76,0
9681,90.91,596.85,0
9693,83.33,591.00,0
9705,83.33,584.01,0
9716,90.91,584.84,0
9728,83.33,592.08,0
9739,90.91,593.35,0
9750,90.91,590.43,0
9761,90.91,597.34,0
9774,76.92,599.63,0
9785,90.91,596.05,0
9796,90.91,593.04,0
9807,90.91,586.75,0
9819,83.33,581.27,0
9830,90.91,586.42,0
9842,83.33,596.42,0
9853,90.91,602.76,0
9865,83.33,599.41,0
9876,90.91,588.58,0
9887,90.91,578.58,0
9899,83.33,580.33,0
9911,83.33,587.27,0
9922,90.91,596.58,0
9933,90.91,601.34,0
9945,83.33,598.75,0
9956,90.91,588.02,0
9967,90.91,586.20,0
9979,83.33,588.96,0
9991,83.33,588.66,0
10002,90.91,590.00,0
10013,90.91,595.94,0
10024,90.91,598.59,0
10036,83.33,596.58,0
10048,83.33,590.77,0
10059,90.91,586.10,0
10071,83.33,579.07,0
10082,90.91,584.22,0
10093,90.91,596.65,0
10104,90.91,605.93,0
10117,76.92,603.98,0
10128,90.91,593.82,0
10139,90.91,583.07,0
10150,90.91,579.17,0
10162,83.33,587.10,0
10173,90.91,596.61,0
10185,83.33,602.12,0
10196,90.91,597.47,0
10208,83.33,592.74,0
10219,90.91,584.34,0
10230,90.91,585.08,0
10242,83.33,589.65,0
10254,83.33,589.47,0
10265,90.91,591.01,0
10276,90.91,597.66,0
10288,83.33,594.80,0
10299,90.91,589.70,0
10310,90.91,585.26,0
10322,83.33,584.71,0
10334,83.33,584.69,0
10345,90.91,593.27,0
10356,90.91,600.38,0
10368,83.33,600.40,0
10379,90.91,593.46,0
10391,83.33,584.56,0
10402,90.91,579.97,0
10414,83.33,585.75,0
10425,90.91,592.82,0
10436,90.91,595.78,0
10447,90.91,596.16,0
10460,76.92,597.62,0
10471,90.91,591.54,0
10482,90.91,585.82,0
10493,90.91,584.80,0
10505,83.33,589.54,0
10516,90.91,595.30,0
10528,83.33,600.64,0
10540,83.33,603.85,0
10551,90.91,596.41,0
10562,90.91,588.41,0
10573,90.91,583.72,0
10585,83.33,579.42,0
10597,83.33,587.68,0
10608,90.91,600.85,0
10619,90.91,600.84,0
10631,83.33,594.24,0
10642,90.91,588.70,0
10653,90.91,584.80,0
10665,83.33,584.35,0
10677,83.33,593.24,0
10688,90.91,595.91,0
10699,90.91,597.27,0
10711,83.33,598.85,0
10722,90.91,592.96,0
10734,83.33,585.91,0
10745,90.91,584.56,0
10757,83.33,584.24,0
10768,90.91,585.63,0
10779,90.91,596.33,0
10790,90.91,603.77,0
10803,76.92,597.51,0
10814,90.91,588.26,0
10825,90.91,583.09,0
10836,90.91,576.98,0
10848,83.33,584.71,0
10859,90.91,597.12,0
10871,83.33,605.04,0
10883,83.33,596.57,0
10894,90.91,587.93,0
10905,90.91,582.87,0
10916,90.91,583.27,0
10928,83.33,591.27,0
10940,83.33,600.59,0
10951,90.91,599.13,0
10962,90.91,598.74,0
10974,83.33,595.42,0
10985,90.91,589.32,0
10996,90.91,587.45,0
11009,76.92,589.69,0
11020,90.91,585.74,0
11031,90.91,591.20,0
11042,90.91,599.90,0
11054,83.33,598.67,0
11065,90.91,591.56,0
11077,83.33,588.58,0
11088,90.91,581.27,0
11100,83.33,582.51,0
11111,90.91,592.41,0
11122,90.91,602.01,0
11133,90.91,600.21,0
11146,76.92,592.66,0
11157,90.91,587.26,0
11168,90.91,582.18,0
11180,83.33,584.92,0
11191,90.91,596.34,0
11202,90.91,601.03,0
11214,83.33,601.40,0
11226,83.33,598.51,0
11237,90.91,589.55,0
11248,90.91,586.28,0
11259,90.91,588.56,0
11271,83.33,589.25,0
11283,83.33,589.32,0
11294,90.91,598.11,0
11305,90.91,599.09,0
11317,83.33,592.66,0
11328,90.91,587.68,0
11339,90.91,586.90,0
11352,76.92,582.55,0
11363,90.91,589.35,0
11374,90.91,599.82,0
11385,90.91,601.69,0
11397,83.33,594.85,0
11408,90.91,591.48,0
11420,83.33,585.41,0
11431,90.91,582.34,0
11443,83.33,589.80,0
11454,90.91,597.68,0
11465,90.91,594.05,0
11476,90.91,597.24,0
11489,76.92,593.05,0
11500,90.91,584.86,0
11511,90.91,584.58,0
11523,83.33,586.60,0
11534,90.91,587.87,0
11545,90.91,598.32,0
11557,83.33,607.08,0
11569,83.33,597.18,0
11580,90.91,583.03,0
11591,90.91,584.56,0
11602,90.91,584.90,0
11614,83.33,586.37,0
11626,83.33,599.33,0
11637,90.91,601.78,0
11649,83.33,592.64,0
11660,90.91,590.14,0
11671,90.91,588.11,0
11682,90.91,585.61,0
11695,76.92,589.09,0
11706,90.91,594.55,0
11717,90.91,597.46,0
11728,90.91,597.95,0
11740,83.33,597.70,0
11751,90.91,586.76,0
11763,83.33,581.81,0
11774,90.91,587.81,0
11786,83.33,593.28,0
11797,90.91,592.83,0
11808,90.91,597.26,0
11820,83.33,594.27,0
11832,90.91,587.64,0
11843,83.33,583.95,0
11854,90.91,582.05,0
11866,83.33,584.09,0
11877,90.91,595.45,0
11888,90.91,604.17,0
11900,90.91,601.03,0
11912,76.92,593.72,0
11923,90.91,587.05,0
11934,90.91,583.69,0
11945,90.91,585.74,0
11957,83.33,595.02,0
11969,90.91,598.38,0
11980,83.33,597.23,0
11992,83.33,597.24,0
12003,90.91,588.60,0
12014,90.91,582.22,0
12025,90.91,585.75,0
12038,83.33,587.99,0
12049,83.33,589.82,0
12060,90.91,598.80,0
12071,90.91,599.30,0
12083,83.33,592.16,0
12094,90.91,586.43,0
12106,90.91,585.64,0
12118,76.92,582.20,0
12129,90.91,585.44,0
12140,90.91,598.42,0
12151,90.91,601.24,0
12163,83.33,596.23,0
12175,90.91,590.05,0
12186,83.33,583.99,0
12197,90.91,580.03,0
12209,83.33,589.62,0
12220,90.91,600.16,0
12231,90.91,603.96,0
12243,90.91,599.09,0
12255,76.92,589.43,0
12266,90.91,581.53,0
12277,90.91,584.87,0
12289,83.33,590.77,0
12300,90.91,594.06,0
12312,90.91,599.65,0
12323,83.33,601.40,0
12335,83.33,591.49,0
12346,90.91,587.75,0
12357,90.91,588.65,0
12368,90.91,583.98,0
12381,83.33,585.50,0
12392,83.33,598.85,0
12403,90.91,601.50,0
12414,90.91,597.74,0
12426,83.33,591.74,0
12437,90.91,585.75,0
12449,90.91,580.07,0
12461,76.92,585.46,0
12472,90.91,596.15,0
12483,90.91,600.34,0
12494,90.91,599.89,0
12506,83.33,595.39,0
12518,90.91,587.37,0
12529,83.33,582.90,0
12540,90.91,585.21,0
12552,83.33,588.66,0
12563,90.91,593.40,0
12574,90.91,599.54,0
12587,90.91,597.16,0
12598,76.92,591.04,0
12609,90.91,588.26,0
12620,90.91,586.79,0
12632,83.33,584.94,0
12643,90.91,593.87,0
12655,90.91,600.65,0
12666,83.33,601.55,0
12678,83.33,598.77,0
12689,90.91,591.13,0
12700,90.91,581.43,0
12711,90.91,581.54,0
12724,83.33,591.60,0
12735,83.33,598.18,0
12746,90.91,600.24,0
12758,83.33,598.51,0
12769,90.91,587.18,0
12780,90.91,579.59,0
12792,90.91,587.37,0
12804,76.92,590.20,0
12815,90.91,594.29,0
12826,90.91,602.00,0
12837,90.91,601.14,0
12849,83.33,591.22,0
12861,90.91,585.89,0
12872,83.33,588.64,0
12883,90.91,585.59,0
12895,83.33,590.42,0
12906,90.91,598.56,0
12917,90.91,598.77,0
12930,83.33,595.52,0
12941,83.33,593.16,0
12952,90.91,585.77,0
12963,90.91,581.86,0
12975,83.33,591.53,0
12986,90.91,598.34,0
12998,90.91,598.05,0
13009,83.33,599.70,0
13021,83.33,593.10,0
13032,90.91,582.86,0
13043,90.91,584.02,0
13054,90.91,587.39,0
13067,83.33,590.60,0
13078,83.33,598.47,0
13089,90.91,603.09,0
13101,83.33,594.81,0
13112,90.91,589.85,0
13123,90.91,587.33,0
13135,90.91,583.81,0
13147,76.92,583.21,0
13158,90.91,595.75,0
13169,90.91,601.60,0
13180,90.91,593.82,0
13192,83.33,589.03,0
13204,90.91,585.90,0
13215,83.33,580.53,0
13227,83.33,583.82,0
13238,90.91,595.64,0
13249,90.91,598.14,0
13260,90.91,597.58,0
13273,83.33,596.52,0
13284,83.33,590.41,0
13295,90.91,585.44,0
13306,90.91,586.35,0
13318,83.33,590.52,0
13329,90.91,591.67,0
13341,90.91,596.86,0
13352,83.33,600.33,0
13364,83.33,591.25,0
13375,90.91,582.44,0
13386,90.91,583.05,0
13398,83.33,586.39,0
13409,90.91,593.20,0
13421,83.33,601.21,0
13432,90.91,605.77,0
13444,83.33,591.96,0
13455,90.91,583.19,0
13466,90.91,582.12,0
13477,90.91,581.97,0
13490,76.92,589.49,0
13501,90.91,596.55,0
13512,90.91,596.58,0
13523,90.91,593.97,0
13535,83.33,590.61,0
13546,90.91,585.98,0
13558,83.33,584.55,0
13570,83.33,589.16,0
13581,90.91,593.37,0
13592,90.91,596.72,0
13603,90.91,597.00,0
13615,83.33,594.37,0
13627,83.33,585.83,0
13638,90.91,580.96,0
13649,90.91,583.71,0
13661,83.33,590.73,0
13672,90.91,597.19,0
13683,90.91,602.22,0
13696,76.92,594.57,0
13707,90.91,589.13,0
13718,90.91,583.63,0
13729,90.91,584.73,0
13741,83.33,587.97,0
13752,90.91,595.27,0
13764,83.33,602.16,0
13775,90.91,596.60,0
13787,83.33,591.89,0
13798,90.91,583.94,0
13809,90.91,583.34,0
13820,90.91,586.15,0
13833,76.92,590.36,0
13844,90.91,596.40,0
13855,90.91,600.12,0
13867,83.33,594.52,0
13878,90.91,588.94,0
13889,90.91,585.30,0
13901,83.33,585.28,0
13913,83.33,589.58,0
13924,90.91,597.66,0
13935,90.91,600.13,0
13946,90.91,596.37,0
13958,83.33,590.44,0
13970,83.33,585.36,0
13981,90.91,584.42,0
13992,90.91,587.72,0
14004,83.33,595.73,0
14015,90.91,603.39,0
14026,90.91,603.36,0
14039,76.92,595.93,0
14050,90.91,587.52,0
14061,90.91,582.03,0
14072,90.91,583.05,0
14084,83.33,590.54,0
14095,90.91,593.92,0
14107,83.33,597.93,0
14118,90.91,596.52,0
14130,83.33,588.17,0
14141,90.91,583.29,0
14152,90.91,583.84,0
14163,90.91,587.96,0
14176,76.92,594.04,0
14187,90.91,598.81,0
14198,90.91,597.88,0
14210,83.33,592.08,0
14221,90.91,589.32,0
14232,90.91,583.51,0
14244,83.33,582.33,0
14256,83.33,591.98,0
14267,90.91,597.39,0
14278,90.91,599.38,0
14289,90.91,598.11,0
14301,83.33,590.75,0
14313,83.33,583.33,0
14324,90.91,585.71,0
14336,83.33,590.60,0
14347,90.91,592.99,0
14358,90.91,597.69,0
14369,90.91,600.20,0
14382,76.92,589.93,0
14393,90.91,584.11,0
14404,90.91,584.69,0
14415,90.91,586.42,0
14427,83.33,589.68,0
14438,90.91,599.00,0
14450,83.33,602.17,0
14461,90.91,593.35,0
14473,83.33,589.06,0
14484,90.91,587.82,0
14495,90.91,580.74,0
14507,83.33,589.82,0
14519,83.33,598.18,0
14530,90.91,597.80,0
14541,90.91,594.53,0
14553,83.33,594.46,0
14564,90.91,586.78,0
14575,90.91,583.86,0
14587,83.33,590.08,0
14599,83.33,595.60,0
14610,90.91,594.41,0
14621,90.91,601.63,0
14632,90.91,596.10,0
14644,83.33,584.70,0
14656,83.33,585.92,0
14667,90.91,588.39,0
14679,83.33,584.51,0
14690,90.91,594.28,0
14701,90.91,604.09,0
14712,90.91,597.04,0
14725,76.92,590.10,0
14736,90.91,587.57,0
14747,90.91,581.60,0
14758,90.91,581.81,0
14770,83.33,598.16,0
14781,90.91,603.60,0
14793,83.33,597.94,0
14804,90.91,595.32,0
14816,83.33,587.78,0
14827,90.91,580.82,0
14838,90.91,583.74,0
14850,83.33,594.07,0
14862,83.33,596.18,0
14873,90.91,599.87,0
14884,90.91,599.14,0
14896,83.33,592.40,0
14907,90.91,583.92,0
14918,90.91,582.36,0
14930,83.33,584.04,0
14942,83.33,593.04,0
14953,90.91,600.84,0
14964,90.91,599.45,0
14976,83.33,591.18,0
14987,90.91,585.73,0
14999,83.33,582.61,0
15010,90.91,584.80,0
15022,83.33,594.67,0
15033,90.91,602.21,0
15044,90.91,598.22,0
15055,90.91,595.97,0
15068,76.92,592.13,0
15079,90.91,585.91,0
15090,90.91,582.88,0
15101,90.91,588.96,0
15113,83.33,592.46,0
15124,90.91,596.57,0
15136,83.33,599.35,0
15148,83.33,596.97,0
15159,90.91,585.67,0
15170,90.91,581.81,0
15181,90.91,583.16,0
15193,83.33,592.32,0
15205,83.33,602.50,0
15216,90.91,602.66,0
15227,90.91,593.56,0
15239,83.33,587.88,0
15250,90.91,585.78,0
15261,90.91,584.77,0
15273,83.33,587.60,0
15285,83.33,595.92,0
15296,90.91,598.10,0
15307,90.91,594.38,0
15319,83.33,590.88,0
15330,90.91,584.77,0
15342,90.91,583.71,0
15353,83.33,588.19,0
15365,83.33,591.20,0
15376,90.91,598.64,0
15387,90.91,600.89,0
15398,90.91,594.05,0
15411,83.33,584.22,0
15422,83.33,580.39,0
15433,90.91,583.05,0
15444,90.91,591.75,0
15456,83.33,597.98,0
15467,90.91,601.36,0
15479,90.91,594.20,0
15491,76.92,589.13,0
15502,90.91,584.12,0
15513,90.91,584.33,0
15524,90.91,589.03,0
15536,83.33,595.11,0
15548,90.91,596.87,0
15559,83.33,600.05,0
15570,90.91,595.99,0
15582,83.33,587.17,0
15593,90.91,581.55,0
15604,90.91,582.76,0
15616,83.33,586.61,0
15628,83.33,596.00,0
15639,90.91,605.82,0
15650,90.91,600.17,0
15662,83.33,587.39,0
15673,90.91,584.49,0
15684,90.91,583.76,0
15696,83.33,587.65,0
15708,83.33,599.79,0
15719,90.91,605.59,0
15730,90.91,596.93,0
15741,90.91,588.10,0
15753,83.33,585.52,0
15765,83.33,586.63,0
15776,90.91,588.09,0
15788,83.33,594.77,0
15799,90.91,594.91,0
15810,90.91,598.28,0
15821,90.91,595.94,0
15834,76.92,592.65,0
15845,90.91,585.10,0
15856,90.91,585.56,0
15867,90.91,586.11,0
15879,83.33,593.16,0
15890,90.91,601.78,0
15902,83.33,600.68,0
15913,90.91,589.24,0
15925,83.33,581.40,0
15936,90.91,582.15,0
15947,90.91,584.19,0
15959,83.33,595.65,0
15971,83.33,603.01,0
15982,90.91,600.46,0
15993,90.91,594.00,0
16005,83.33,588.22,0
16016,90.91,582.03,0
16027,90.91,583.66,0
16039,83.33,593.40,0
16051,83.33,599.41,0
16062,90.91,595.62,0
16073,90.91,595.03,0
16084,90.91,591.47,0
16096,83.33,583.18,0
16108,83.33,582.26,0
16119,90.91,587.54,0
16131,83.33,593.46,0
16142,90.91,599.16,0
16153,90.91,601.37,0
16164,90.91,595.22,0
16177,76.92,588.04,0
16188,90.91,586.25,0
16199,90.91,582.35,0
16210,90.91,588.32,0
16222,83.33,600.66,0
16233,90.91,603.04,0
16245,83.33,596.05,0
16257,83.33,588.58,0
16268,90.91,583.66,0
16279,90.91,583.74,0
16290,90.91,586.93,0
16302,83.33,595.01,0
16314,83.33,600.32,0
16325,90.91,598.26,0
16336,90.91,594.50,0
16348,83.33,589.52,0
16359,90.91,582.44,0
16370,90.91,582.92,0
16382,83.33,592.43,0
16394,83.33,598.39,0
16405,90.91,604.14,0
16416,90.91,599.36,0
16428,83.33,586.95,0
16439,90.91,580.59,0
16451,83.33,581.62,0
16462,90.91,588.15,0
16474,83.33,600.98,0
16485,90.91,603.68,0
16496,90.91,598.34,0
16507,90.91,588.70,0
16520,76.92,585.48,0
16531,90.91,584.57,0
16542,90.91,588.29,0
16553,90.91,597.71,0
16565,83.33,601.21,0
16576,90.91,595.91,0
16588,83.33,594.75,0
16600,83.33,592.98,0
16611,90.91,585.77,0
16622,90.91,582.43,0
16633,90.91,588.48,0
16645,83.33,595.08,0
16657,83.33,600.00,0
16668,90.91,604.24,0
16679,90.91,595.08,0
16691,83.33,581.30,0
16702,90.91,578.09,0
16713,90.91,584.82,0
16726,76.92,594.27,0
16737,90.91,604.22,0
16748,90.91,604.37,0
16759,90.91,593.99,0
16771,83.33,587.52,0
16782,90.91,583.79,0
16794,83.33,584.98,0
16805,90.91,591.41,0
16817,83.33,597.26,0
16828,90.91,597.95,0
16839,90.91,595.24,0
16850,90.91,588.63,0
16863,76.92,582.37,0
16874,90.91,583.26,0
16885,90.91,590.17,0
16897,83.33,597.45,0
16908,90.91,599.13,0
16919,90.91,599.79,0
16931,83.33,590.12,0
16943,83.33,581.80,0
16954,90.91,586.51,0
16965,90.91,587.02,0
16976,90.91,590.64,0
16988,83.33,598.96,0
17000,83.33,600.97,0
17011,90.91,591.78,0
17022,90.91,587.37,0
17034,83.33,585.80,0
17045,90.91,583.60,0
17056,90.91,590.09,0
17069,76.92,595.39,0
17080,90.91,595.81,0
17091,90.91,601.05,0
17102,90.91,596.54,0
17114,83.33,585.27,0
17125,90.91,581.03,0
17137,83.33,582.81,0
17148,90.91,588.01,0
17160,83.33,601.02,0
17171,90.91,604.46,0
17182,90.91,593.54,0
17193,90.91,583.05,0
17206,76.92,583.00,0
17217,90.91,585.21,0
17228,90.91,589.52,0
17240,83.33,598.74,0
17251,90.91,603.30,0
17262,90.91,592.45,0
17274,83.33,590.72,0
17286,83.33,587.54,0
17297,90.91,580.90,0
17308,90.91,585.15,0
17319,90.91,592.76,0
17331,83.33,591.64,0
17343,83.33,597.38,0
17354,90.91,597.75,0
17366,83.33,592.60,0
17377,90.91,584.00,0
17388,90.91,580.35,0
17399,90.91,587.92,0
17412,76.92,595.45,0
17423,90.91,605.58,0
17434,90.91,603.99,0
17445,90.91,588.91,0
17457,83.33,580.59,0
17468,90.91,580.69,0
17480,83.33,586.85,0
17491,90.91,596.18,0
17503,83.33,606.35,0
17514,90.91,599.72,0
17525,90.91,586.01,0
17537,83.33,582.20,0
17549,83.33,584.80,0
17560,90.91,586.61,0
17571,90.91,596.37,0
17583,83.33,599.17,0
17594,90.91,595.60,0
17605,90.91,592.23,0
17617,83.33,592.18,0
17629,83.33,588.15,0
17640,90.91,586.76,0
17651,90.91,588.32,0
17662,90.91,590.47,0
17674,83.33,592.69,0
17686,83.33,598.90,0
17697,90.91,596.04,0
17709,83.33,585.08,0
17720,90.91,581.03,0
17731,90.91,584.17,0
17742,90.91,592.94,0
17755,76.92,602.10,0
17766,90.91,604.81,0
17777,90.91,595.13,0
17788,90.91,587.28,0
17800,83.33,579.98,0
17811,90.91,581.80,0
17823,83.33,590.29,0
17835,83.33,601.29,0
17846,90.91,602.77,0
17857,90.91,596.04,0
17868,90.91,588.47,0
17880,83.33,585.32,0
17892,83.33,587.91,0
17903,90.91,591.82,0
17914,90.91,596.13,0
17926,83.33,598.93,0
17937,90.91,596.12,0
17948,90.91,597.92,0
17960,83.33,591.03,0
17972,83.33,583.53,0
17983,90.91,584.09,0
17994,90.91,586.92,0
18006,83.33,591.26,0
18017,90.91,599.55,0
18029,83.33,597.90,0
18040,90.91,590.49,0
18052,83.33,581.80,0
18063,90.91,581.23,0
18074,90.91,586.67,0
18085,90.91,592.91,0
18098,76.92,600.03,0
18109,90.91,600.44,0
18120,90.91,590.64,0
18131,90.91,586.52,0
18143,83.33,581.68,0
18154,90.91,584.58,0
18166,83.33,593.73,0
18178,83.33,600.16,0
18189,90.91,600.72,0
18200,90.91,594.39,0
18211,90.91,587.21,0
18223,83.33,583.99,0
18235,83.33,583.90,0
18246,90.91,589.87,0
18257,90.91,594.42,0
18269,83.33,596.77,0
18280,90.91,598.81,0
18291,90.91,593.70,0
18304,76.92,585.46,0
18315,90.91,585.32,0
18326,90.91,586.24,0
18337,90.91,591.35,0
18349,83.33,598.12,0
18360,90.91,604.16,0
18372,90.91,597.43,0
18383,83.33,586.19,0
18395,83.33,580.94,0
18406,90.91,584.55,0
18417,90.91,587.90,0
18428,90.91,595.69,0
18441,83.33,601.93,0
18452,83.33,595.03,0
18463,90.91,587.40,0
18475,83.33,586.14,0
18486,90.91,586.37,0
18497,90.91,590.44,0
18509,90.91,595.84,0
18521,76.92,593.25,0
18532,90.91,594.21,0
18543,90.91,591.55,0
18554,90.91,587.25,0
18566,83.33,585.96,0
18578,90.91,585.88,0
18589,83.33,586.69,0
18600,90.91,591.63,0
18612,83.33,598.71,0
18623,90.91,601.80,0
18634,90.91,593.70,0
18647,83.33,586.87,0
18658,83.33,582.64,0
18669,90.91,585.93,0
18680,90.91,595.16,0
18692,83.33,601.91,0
18703,90.91,600.15,0
18715,90.91,594.88,0
18726,83.33,588.68,0
18738,83.33,584.18,0
18749,90.91,586.96,0
18760,90.91,594.25,0
18771,90.91,597.25,0
18783,83.33,597.62,0
18795,83.33,593.79,0
18806,90.91,590.30,0
18818,83.33,588.19,0
18829,90.91,589.04,0
18840,90.91,586.64,0
18851,90.91,589.05,0
18864,76.92,598.14,0
18875,90.91,599.17,0
18886,90.91,595.92,0
18897,90.91,592.92,0
18909,83.33,584.58,0
18920,90.91,576.73,0
18932,83.33,586.14,0
18944,83.33,600.40,0
18955,90.91,604.06,0
18966,90.91,601.12,0
18977,90.91,589.38,0
18989,83.33,576.70,0
19001,83.33,575.80,0
19012,90.91,586.51,0
19023,90.91,595.44,0
19035,83.33,601.13,0
19046,90.91,600.24,0
19057,90.91,588.24,0
19069,83.33,581.20,0
19081,83.33,584.18,0
19092,90.91,586.02,0
19103,90.91,594.31,0
19115,83.33,598.54,0
19126,90.91,595.49,0
19138,83.33,594.40,0
19149,90.91,591.94,0
19161,83.33,588.64,0
19172,90.91,584.52,0
19183,90.91,589.76,0
19194,90.91,591.20,0
19207,76.92,595.36,0
19218,90.91,601.67,0
19229,90.91,597.17,0
19240,90.91,583.94,0
19252,83.33,577.36,0
19263,90.91,581.90,0
19275,83.33,589.49,0
19287,83.33,602.10,0
19298,90.91,606.99,0
19309,90.91,592.86,0
19320,90.91,584.33,0
19332,83.33,584.22,0
19344,83.33,588.16,0
19355,90.91,593.49,0
19366,90.91,598.34,0
19378,83.33,598.59,0
19389,90.91,594.36,0
19400,90.91,590.55,0
19412,83.33,584.78,0
19424,83.33,585.26,0
19435,90.91,589.43,0
19446,90.91,590.92,0
19458,83.33,596.02,0
19469,90.91,602.33,0
19481,83.33,597.30,0
19492,90.91,588.37,0
19504,83.33,582.84,0
19515,90.91,582.55,0
19526,90.91,588.50,0
19537,90.91,599.73,0
19550,76.92,605.39,0
19561,90.91,596.00,0
19572,90.91,586.63,0
19584,83.33,583.91,0
19595,90.91,582.92,0
19606,90.91,587.95,0
19618,83.33,597.88,0
19630,83.33,600.72,0
19641,90.91,597.02,0
19652,90.91,591.43,0
19663,90.91,590.36,0
19675,83.33,585.72,0
19687,83.33,586.14,0
19698,90.91,590.57,0
19709,90.91,595.16,0
19721,83.33,598.83,0
19732,90.91,599.75,0
19743,90.91,594.14,0
19756,76.92,587.90,0
19767,90.91,584.74,0
19778,90.91,585.55,0
19789,90.91,591.84,0
19801,83.33,601.39,0
19812,90.91,600.46,0
19824,83.33,592.22,0
19835,90.91,587.18,0
19847,83.33,583.86,0
19858,90.91,586.78,0
19869,90.91,596.66,0
19880,90.91,598.80,0
19893,76.92,598.39,0
19904,90.91,594.56,0
19915,90.91,588.93,0
19927,83.33,586.75,0
19938,90.91,586.60,0
19949,90.91,589.97,0
19961,83.33,593.72,0
19973,83.33,599.00,0
19984,90.91,601.62,0
19995,90.91,594.45,0
20006,90.91,588.49,0
20018,83.33,586.06,0
20030,83.33,581.47,0
20041,90.91,589.26,0
20052,90.91,602.11,0
20064,83.33,605.82,0
20075,90.91,595.34,0
20086,90.91,587.56,0
20099,76.92,582.23,0
20110,90.91,581.79,0
20121,90.91,593.53,0
20132,90.91,602.49,0
20144,83.33,598.66,0
20155,90.91,596.17,0
20167,83.33,590.71,0
20178,90.91,584.51,0
20190,83.33,588.20,0
20201,90.91,591.91,0
20212,90.91,592.04,0
20224,83.33,596.59,0
20236,83.33,601.14,0
20247,90.91,597.67,0
20258,90.91,589.67,0
20270,83.33,587.31,0
20281,90.91,581.99,0
20292,90.91,587.72,0
20304,83.33,601.00,0
20316,83.33,604.19,0
20327,90.91,593.36,0
20338,90.91,587.18,0
20349,90.91,583.04,0
20361,83.33,582.74,0
20373,83.33,590.04,0
20384,90.91,600.36,0
20396,83.33,600.73,0
20407,90.91,596.33,0
20418,90.91,591.16,0
20429,90.91,588.01,0
20442,76.92,586.19,0
20453,90.91,588.99,0
20464,90.91,591.36,0
20475,90.91,593.20,0
20487,83.33,599.49,0
20498,90.91,601.31,0
20510,83.33,588.47,0
20521,90.91,582.09,0
20533,83.33,582.44,0
20544,90.91,585.45,0
20555,90.91,595.60,0
20567,83.33,607.20,0
20579,83.33,599.72,0
20590,90.91,588.88,0
20601,90.91,586.32,0
20613,83.33,586.69,0
20624,90.91,588.73,0
20635,90.91,595.19,0
20647,83.33,597.91,0
20659,83.33,593.21,0
20670,90.91,595.28,0
20681,90.91,592.54,0
20692,90.91,587.63,0
20704,83.33,583.87,0
20716,83.33,587.58,0
20727,90.91,590.39,0
20739,83.33,597.95,0
20750,90.91,604.84,0
20761,90.91,594.98,0
20772,90.91,583.76,0
20785,83.33,583.67,0
20796,83.33,584.71,0
20807,90.91,593.78,0
20818,90.91,602.77,0
20830,83.33,603.41,0
20841,90.91,589.73,0
20853,90.91,584.15,0
20865,76.92,584.82,0
20876,90.91,588.87,0
20887,90.91,592.79,0
20898,90.91,594.76,0
20910,83.33,592.28,0
20922,90.91,591.65,0
20933,83.33,591.22,0
20944,90.91,591.89,0
20956,83.33,584.21,0
20967,90.91,585.68,0
20978,90.91,588.06,0
20990,90.91,596.32,0
21002,76.92,604.61,0
21013,90.91,601.78,0
21024,90.91,588.82,0
21036,83.33,582.57,0
21047,90.91,580.76,0
21059,90.91,587.08,0
21070,83.33,599.86,0
21082,83.33,606.94,0
21093,90.91,595.98,0
21104,90.91,585.70,0
21115,90.91,581.66,0
21128,83.33,584.91,0
21139,83.33,588.79,0
21150,90.91,597.29,0
21161,90.91,599.24,0
21173,83.33,594.54,0
21184,90.91,592.15,0
21195,90.91,590.75,0
21208,76.92,585.61,0
21219,90.91,584.14,0
21230,90.91,588.23,0
21241,90.91,594.45,0
21253,83.33,599.34,0
21264,90.91,597.71,0
21276,83.33,590.24,0
21287,90.91,584.66,0
21299,83.33,582.56,0
21310,90.91,587.05,0
21321,90.91,597.46,0
21332,90.91,606.03,0
21345,76.92,600.59,0
21356,90.91,588.31,0
21367,90.91,582.11,0
21379,83.33,583.79,0
21390,90.91,587.54,0
21401,90.91,591.70,0
21413,83.33,596.78,0
21425,83.33,598.49,0
21436,90.91,595.99,0
21447,90.91,592.17,0
21458,90.91,584.87,0
21470,83.33,580.05,0
21482,83.33,586.19,0
21493,90.91,595.44,0
21505,83.33,600.24,0
21516,90.91,599.41,0
21527,90.91,594.37,0
21538,90.91,585.13,0
21551,76.92,584.17,0
21562,90.91,585.74,0
21573,90.91,592.77,0
21584,90.91,602.18,0
21596,83.33,601.38,0
21607,90.91,592.91,0
21619,83.33,586.13,0
21630,90.91,584.18,0
21642,83.33,582.40,0
21653,90.91,589.61,0
21664,90.91,595.05,0
21676,83.33,594.01,0
21688,83.33,595.36,0
21699,90.91,594.20,0
21710,90.91,587.71,0
21722,83.33,581.77,0
21733,90.91,584.52,0
21744,90.91,594.24,0
21756,83.33,598.86,0
21768,83.33,603.16,0
21779,90.91,597.29,0
21790,90.91,584.53,0
21801,90.91,578.18,0
21813,83.33,585.71,0
21825,83.33,589.93,0
21836,90.91,596.96,0
21848,83.33,604.14,0
21859,90.91,595.75,0
21870,90.91,583.47,0
21881,90.91,582.74,0
21894,76.92,586.27,0
21905,90.91,586.90,0
21916,90.91,596.71,0
21927,90.91,599.71,0
21939,83.33,594.14,0
21950,90.91,595.12,0
21962,83.33,591.38,0
21974,83.33,584.04,0
21985,90.91,585.09,0
21996,90.91,593.26,0
22007,90.91,598.16,0
22019,83.33,601.75,0
22031,83.33,599.38,0
22042,90.91,585.93,0
22053,90.91,581.25,0
22065,83.33,587.91,0
22076,90.91,591.57,0
22087,90.91,595.57,0
22099,83.33,598.83,0
22111,83.33,596.37,0
22122,90.91,588.78,0
22133,90.91,587.91,0
22145,83.33,587.25,0
22156,90.91,585.39,0
22168,83.33,589.81,0
22179,90.91,599.27,0
22191,83.33,599.47,0
22202,90.91,594.67,0
22213,90.91,592.63,0
22224,90.91,586.06,0
22237,76.92,578.42,0
22248,90.91,591.44,0
22259,90.91,601.21,0
22270,90.91,603.09,0
22282,83.33,600.59,0
22293,90.91,591.39,0
22305,83.33,582.95,0
22317,83.33,580.42,0
22328,90.91,586.85,0
22339,90.91,595.14,0
22350,90.91,602.38,0
22362,83.33,601.93,0
22374,83.33,591.95,0
22385,90.91,585.53,0
22396,90.91,584.24,0
22408,83.33,584.45,0
22419,90.91,589.65,0
22430,90.91,594.99,0
22443,76.92,599.87,0
22454,90.91,598.23,0
22465,90.91,593.77,0
22476,90.91,587.47,0
22488,83.33,581.01,0
22499,90.91,584.87,0
22511,83.33,591.23,0
22522,90.91,595.72,0
22534,83.33,599.74,0
22545,90.91,597.71,0
22556,90.91,585.82,0
22567,90.91,578.70,0
22580,76.92,586.02,0
22591,90.91,593.17,0
22602,90.91,598.77,0
22614,83.33,602.12,0
22625,90.91,592.44,0
22636,90.91,580.61,0
22648,83.33,583.10,0
22660,83.33,586.79,0
22671,90.91,590.26,0
22682,90.91,597.66,0
22693,90.91,600.40,0
22705,83.33,595.17,0
22717,83.33,588.63,0
22728,90.91,587.79,0
22739,90.91,584.26,0
22751,83.33,584.32,0
22762,90.91,590.83,0
22773,90.91,596.79,0
22786,76.92,600.90,0
22797,90.91,600.34,0
22808,90.91,589.38,0
22819,90.91,582.60,0
22831,83.33,585.46,0
22842,90.91,588.44,0
22854,83.33,595.72,0
22865,90.91,603.19,0
22877,83.33,599.84,0
22888,90.91,590.31,0
22899,90.91,584.08,0
22910,90.91,582.36,0
22923,76.92,584.47,0
22934,90.91,592.38,0
22945,90.91,601.67,0
22957,83.33,598.97,0
22968,90.91,594.50,0
22979,90.91,590.05,0
22991,83.33,583.16,0
23003,83.33,579.36,0
23014,90.91,589.91,0
23025,90.91,597.62,0
23036,90.91,601.29,0
23048,83.33,600.08,0
23060,83.33,591.40,0
23071,90.91,585.51,0
23083,83.33,584.53,0
23094,90.91,587.39,0
23105,90.91,594.99,0
23116,90.91,600.81,0
23129,76.92,601.17,0
23140,90.91,592.93,0
23151,90.91,585.70,0
23162,90.91,584.77,0
23174,83.33,584.90,0
23185,90.91,591.77,0
23197,83.33,599.93,0
23208,90.91,599.51,0
23220,83.33,594.55,0
23231,90.91,591.76,0
23242,90.91,586.08,0
23254,83.33,584.17,0
23266,83.33,587.35,0
23277,90.91,594.10,0
23288,90.91,598.43,0
23300,83.33,602.28,0
23311,90.91,596.62,0
23322,90.91,586.09,0
23334,83.33,583.01,0
23346,83.33,586.04,0
23357,90.91,588.27,0
23368,90.91,597.00,0
23379,90.91,602.58,0
23391,83.33,598.00,0
23403,83.33,585.66,0
23414,90.91,586.87,0
23426,83.33,586.75,0
23437,90.91,584.12,0
23448,90.91,596.52,0
23459,90.91,600.47,0
23472,76.92,599.88,0
23483,90.91,591.58,0
23494,90.91,589.28,0
23505,90.91,586.84,0
23517,83.33,587.56,0
23528,90.91,594.99,0
23540,83.33,602.75,0
23552,83.33,602.80,0
23563,90.91,598.47,0
23574,90.91,590.56,0
23585,90.91,585.71,0
23597,83.33,585.32,0
23609,83.33,587.37,0
23620,90.91,591.68,0
23631,90.91,598.22,0
23643,83.33,601.92,0
23654,90.91,594.00,0
23665,90.91,587.70,0
23677,83.33,584.26,0
23689,83.33,579.78,0
23700,90.91,588.07,0
23711,90.91,599.52,0
23723,83.33,602.95,0
23734,90.91,597.10,0
23746,83.33,590.00,0
23757,90.91,581.82,0
23769,83.33,581.74,0
23780,90.91,591.39,0
23791,90.91,602.13,0
23802,90.91,603.36,0
23815,76.92,600.97,0
23826,90.91,590.50,0
23837,90.91,583.07,0
23848,90.91,582.84,0
23860,83.33,586.79,0
23871,90.91,596.09,0
23883,83.33,600.72,0
23895,83.33,599.39,0
23906,90.91,590.81,0
23917,90.91,589.08,0
23928,90.91,587.77,0
23940,83.33,588.24,0
23952,83.33,589.98,0
23963,90.91,592.24,0
23974,90.91,597.04,0
23986,83.33,595.48,0
23997,90.91,592.10,0
24008,90.91,588.94,0
24020,83.33,583.85,0
24032,83.33,583.40,0
24043,90.91,591.99,0
24054,90.91,599.96,0
24066,83.33,599.54,0
24077,90.91,593.01,0
24089,83.33,584.30,0
24100,90.91,584.95,0
24112,83.33,587.59,0
24123,90.91,595.33,0
24134,90.91,601.49,0
24145,90.91,597.06,0
24158,76.92,591.21,0
24169,90.91,586.39,0
24180,90.91,586.66,0
24192,83.33,587.77,0
24203,90.91,590.33,0
24214,90.91,593.73,0
24226,83.33,596.96,0
24238,83.33,596.12,0
24249,90.91,595.42,0
24260,90.91,590.47,0
24271,90.91,585.37,0
24283,83.33,584.65,0
24295,83.33,592.11,0
24306,90.91,598.78,0
24317,90.91,604.21,0
24329,83.33,598.23,0
24340,90.91,589.11,0
24351,90.91,582.82,0
24364,76.92,583.07,0
24375,90.91,590.84,0
24386,90.91,600.32,0
24397,90.91,599.52,0
24409,83.33,593.54,0
24420,90.91,589.42,0
24432,83.33,584.25,0
24443,90.91,582.19,0
24455,83.33,586.91,0
24466,90.91,591.68,0
24477,90.91,596.99,0
24488,90.91,599.02,0
24501,76.92,594.35,0
24512,90.91,588.41,0
24523,90.91,584.21,0
24535,83.33,583.36,0
24546,90.91,590.81,0
24557,90.91,595.45,0
24569,83.33,599.37,0
24581,83.33,597.06,0
24592,90.91,590.66,0
24603,90.91,583.27,0
24614,90.91,582.21,0
24626,83.33,588.31,0
24638,83.33,593.11,0
24649,90.91,600.98,0
24660,90.91,601.69,0
24672,83.33,594.25,0
24683,90.91,588.39,0
24694,90.91,585.79,0
24707,76.92,584.36,0
24718,90.91,589.80,0
24729,90.91,596.49,0
24740,90.91,597.24,0
24752,83.33,594.34,0
24763,90.91,589.14,0
24775,83.33,584.88,0
24786,90.91,581.33,0
24798,83.33,586.65,0
24809,90.91,596.04,0
24820,90.91,599.66,0
24833,83.33,597.22,0
24844,83.33,593.43,0
24855,90.91,589.29,0
24866,90.91,586.57,0
24878,83.33,584.23,0
24889,90.91,591.15,0
24901,90.91,598.65,0
24912,83.33,602.59,0
24924,83.33,598.86,0
24935,90.91,592.49,0
24946,90.91,586.06,0
24957,90.91,582.60,0
24970,83.33,590.18,0
24981,83.33,597.64,0
24992,90.91,601.68,0
25004,83.33,599.03,0
25015,90.91,589.03,0
25026,90.91,583.85,0
25038,90.91,585.70,0
25050,76.92,584.39,0
25061,90.91,590.15,0
25072,90.91,597.94,0
25083,90.91,597.69,0
25095,83.33,594.55,0
25107,90.91,594.08,0
25118,83.33,588.85,0
25129,90.91,581.96,0
25141,83.33,587.40,0
25152,90.91,595.94,0
25163,90.91,600.48,0
25176,83.33,601.93,0
25187,83.33,597.56,0
25198,90.91,584.59,0
25209,90.91,579.97,0
25221,83.33,586.17,0
25232,90.91,592.93,0
25244,90.91,599.01,0
25255,83.33,602.23,0
25267,83.33,592.70,0
25278,90.91,583.81,0
25289,90.91,584.72,0
25300,90.91,585.64,0
25313,83.33,590.39,0
25324,83.33,596.27,0
25335,90.91,602.24,0
25347,83.33,596.10,0
25358,90.91,591.68,0
25369,90.91,590.32,0
25381,90.91,583.08,0
25393,76.92,583.23,0
25404,90.91,591.90,0
25415,90.91,597.37,0
25426,90.91,597.23,0
25438,83.33,595.89,0
25450,90.91,589.29,0
25461,83.33,580.22,0
25473,83.33,584.20,0
25484,90.91,595.54,0
25495,90.91,599.60,0
25506,90.91,602.12,0
25519,76.92,598.80,0
25530,90.91,587.15,0
25541,90.91,581.61,0
25552,90.91,583.84,0
25564,83.33,587.77,0
25575,90.91,592.72,0
25587,83.33,598.98,0
25598,90.91,596.98,0
25610,83.33,590.00,0
25621,90.91,589.83,0
25632,90.91,585.65,0
25644,83.33,583.44,0
25656,83.33,591.25,0
25667,90.91,597.55,0
25678,90.91,602.22,0
25690,83.33,598.53,0
25701,90.91,591.23,0
25712,90.91,581.37,0
25724,83.33,581.30,0
25736,83.33,594.11,0
25747,90.91,599.58,0
25758,90.91,597.29,0
25769,90.91,600.04,0
25781,83.33,594.26,0
25793,83.33,585.70,0
25804,90.91,586.79,0
25816,83.33,587.11,0
25827,90.91,588.48,0
25838,90.91,597.46,0
25849,90.91,606.13,0
25862,76.92,598.23,0
25873,90.91,587.27,0
25884,90.91,583.47,0
25895,90.91,582.07,0
25907,83.33,586.68,0
25918,90.91,596.62,0
25930,83.33,602.16,0
25942,83.33,596.58,0
25953,90.91,590.71,0
25964,90.91,583.90,0
25975,90.91,583.78,0
25987,83.33,590.60,0
25999,83.33,597.35,0
26010,90.91,598.65,0
26021,90.91,600.08,0
26033,83.33,595.10,0
26044,90.91,586.59,0
26055,90.91,580.94,0
26067,83.33,583.27,0
26079,83.33,586.51,0
26090,90.91,594.46,0
26101,90.91,601.66,0
26113,83.33,600.31,0
26124,90.91,589.49,0
26136,83.33,584.45,0
26147,90.91,584.37,0
26159,83.33,585.52,0
26170,90.91,595.69,0
26181,90.91,605.21,0
26192,90.91,599.86,0
26205,76.92,590.62,0
26216,90.91,585.42,0
26227,90.91,584.51,0
26238,90.91,586.46,0
26250,83.33,593.28,0
26261,90.91,596.76,0
26273,83.33,598.00,0
26285,83.33,597.41,0
26296,90.91,591.08,0
26307,90.91,585.54,0
26318,90.91,583.38,0
26330,83.33,588.70,0
26342,83.33,595.09,0
26353,90.91,598.52,0
26364,90.91,599.52,0
26376,83.33,593.19,0
26387,90.91,584.26,0
26398,90.91,583.33,0
26411,76.92,586.07,0
26422,90.91,596.62,0
26433,90.91,600.62,0
26444,90.91,597.86,0
26456,83.33,591.89,0
26467,90.91,589.12,0
26479,83.33,586.04,0
26490,90.91,587.98,0
26502,83.33,593.25,0
26513,90.91,595.71,0
26524,90.91,596.96,0
26535,90.91,598.06,0
26548,76.92,594.95,0
26559,90.91,589.33,0
26570,90.91,582.79,0
26582,83.33,582.88,0
26593,90.91,590.21,0
26604,90.91,602.05,0
26616,83.33,603.26,0
26628,83.33,596.57,0
26639,90.91,586.60,0
26650,90.91,583.45,0
26661,90.91,582.73,0
26673,83.33,590.40,0
26685,83.33,601.24,0
26696,90.91,605.79,0
26707,90.91,595.76,0
26719,83.33,588.34,0
26730,90.91,587.30,0
26741,90.91,585.52,0
26754,76.92,587.52,0
26765,90.91,592.66,0
26776,90.91,595.62,0
26787,90.91,596.49,0
26799,83.33,596.67,0
26810,90.91,590.01,0
26822,83.33,583.04,0
26833,90.91,581.30,0
26845,83.33,586.78,0
26856,90.91,595.65,0
26867,90.91,603.87,0
26878,90.91,602.20,0
26891,76.92,589.63,0
26902,90.91,580.79,0
26913,90.91,582.71,0
26925,83.33,588.81,0
26936,90.91,596.09,0
26947,90.91,602.60,0
26959,83.33,600.07,0
26971,83.33,590.11,0
26982,90.91,587.15,0
26993,90.91,585.23,0
27004,90.91,589.79,0
27016,83.33,591.15,0
27028,83.33,593.82,0
27039,90.91,595.15,0
27051,83.33,597.07,0
27062,90.91,592.18,0
27073,90.91,585.51,0
27084,90.91,582.93,0
27097,76.92,586.90,0
27108,90.91,594.20,0
27119,90.91,604.45,0
27130,90.91,604.81,0
27142,83.33,593.77,0
27153,90.91,580.77,0
27165,83.33,579.35,0
27176,90.91,586.82,0
27188,83.33,595.08,0
27199,90.91,598.63,0
27210,90.91,597.78,0
27222,83.33,592.95,0
27234,83.33,585.82,0
27245,90.91,586.77,0
27256,90.91,587.82,0
27268,83.33,588.94,0
27279,90.91,593.69,0
27290,90.91,597.94,0
27302,83.33,596.87,0
27314,83.33,595.79,0
27325,90.91,588.54,0
27336,90.91,582.06,0
27347,90.91,581.36,0
27359,83.33,593.37,0
27371,83.33,602.42,0
27382,90.91,602.69,0
27394,83.33,594.83,0
27405,90.91,584.67,0
27416,90.91,580.76,0
27427,90.91,584.04,0
27440,76.92,591.05,0
27451,90.91,598.53,0
27462,90.91,599.46,0
27473,90.91,593.24,0
27485,83.33,585.25,0
27496,90.91,583.72,0
27508,83.33,587.61,0
27520,83.33,588.93,0
27531,90.91,593.68,0
27542,90.91,596.74,0
27553,90.91,596.67,0
27565,83.33,592.26,0
27577,83.33,588.68,0
27588,90.91,585.96,0
27599,90.91,584.84,0
27611,83.33,587.27,0
27622,90.91,596.95,0
27633,90.91,602.19,0
27645,83.33,601.22,0
27657,83.33,591.20,0
27668,90.91,582.26,0
27679,90.91,583.40,0
27691,83.33,587.20,0
27702,90.91,594.44,0
27714,83.33,600.08,0
27725,90.91,600.01,0
27737,83.33,592.13,0
27748,90.91,584.22,0
27759,90.91,583.55,0
27770,90.91,584.97,0
27783,76.92,590.68,0
27794,90.91,599.96,0
27805,90.91,599.73,0
27816,90.91,593.84,0
27828,83.33,584.90,0
27839,90.91,582.93,0
27851,83.33,584.26,0
27863,83.33,589.10,0
27874,90.91,597.06,0
27885,90.91,597.65,0
27896,90.91,595.50,0
27908,83.33,592.57,0
27920,83.33,588.23,0
27931,90.91,586.32,0
27942,90.91,587.27,0
27954,83.33,593.12,0
27965,90.91,595.49,0
27976,90.91,599.40,0
27988,83.33,599.28,0
28000,83.33,590.94,0
28011,90.91,581.91,0
28022,90.91,580.49,0
28034,83.33,588.13,0
28045,90.91,597.56,0
28057,83.33,603.69,0
28068,90.91,600.47,0
28080,83.33,591.41,0
28091,90.91,587.08,0
28102,90.91,584.55,0
28113,90.91,588.16,0
28126,76.92,593.78,0
28137,90.91,597.89,0
28148,90.91,597.71,0
28160,83.33,594.04,0
28171,90.91,589.59,0
28182,90.91,584.90,0
28194,83.33,586.56,0
28206,83.33,594.87,0
28217,90.91,599.94,0
28228,90.91,599.38,0
28239,90.91,598.21,0
28251,83.33,591.66,0
28263,83.33,587.01,0
28274,90.91,584.34,0
28285,90.91,586.99,0
28297,83.33,595.81,0
28308,90.91,601.54,0
28319,90.91,597.62,0
28332,76.92,592.96,0
28343,90.91,585.87,0
28354,90.91,584.68,0
28365,90.91,588.49,0
28377,83.33,593.19,0
28388,90.91,596.38,0
28400,83.33,597.46,0
28411,90.91,595.03,0
28423,83.33,590.02,0
28434,90.91,590.14,0
28445,90.91,589.48,0
28456,90.91,586.74,0
28469,76.92,590.73,0
28480,90.91,598.10,0
28491,90.91,602.23,0
28503,83.33,596.30,0
28514,90.91,588.83,0
28525,90.91,582.54,0
28537,83.33,580.33,0
28549,83.33,591.73,0
28560,90.91,604.61,0
28571,90.91,603.82,0
28582,90.91,595.64,0
28594,83.33,587.72,0
28606,83.33,581.34,0
28617,90.91,583.46,0
28628,90.91,593.25,0
28640,83.33,595.54,0
28651,90.91,597.51,0
28662,90.91,596.37,0
28675,76.92,588.48,0
28686,90.91,586.31,0
28697,90.91,584.91,0
28708,90.91,587.27,0
28720,83.33,590.25,0
28731,90.91,595.98,0
28743,83.33,601.15,0
28754,90.91,597.79,0
28766,83.33,590.09,0
28777,90.91,583.74,0
28788,90.91,579.07,0
28800,83.33,583.52,0
28812,83.33,594.13,0
28823,90.91,603.92,0
28834,90.91,598.67,0
28846,83.33,589.76,0
28857,90.91,582.60,0
28868,90.91,582.72,0
28880,83.33,587.51,0
28892,83.33,594.97,0
28903,90.91,599.81,0
28914,90.91,601.01,0
28925,90.91,594.44,0
28937,83.33,588.99,0
28949,83.33,586.82,0
28960,90.91,589.35,0
28972,83.33,591.66,0
28983,90.91,596.15,0
28994,90.91,599.17,0
29005,90.91,597.65,0
29018,76.92,591.13,0
29029,90.91,587.16,0
29040,90.91,581.75,0
29051,90.91,583.71,0
29063,83.33,592.43,0
29074,90.91,601.84,0
29086,83.33,601.58,0
29097,90.91,596.58,0
29109,83.33,587.15,0
29120,90.91,581.02,0
29131,90.91,581.95,0
29143,83.33,592.15,0
29155,83.33,602.08,0
29166,90.91,599.94,0
29177,90.91,592.93,0
29189,83.33,586.76,0
29200,90.91,582.44,0
29211,90.91,583.25,0
29223,83.33,588.05,0
29235,83.33,592.88,0
29246,90.91,596.20,0
29257,90.91,597.53,0
29268,90.91,592.22,0
29280,83.33,586.81,0
29292,83.33,585.90,0
29303,90.91,585.59,0
29315,83.33,588.38,0
29326,90.91,595.03,0
29337,90.91,599.71,0
29348,90.91,595.93,0
29361,76.92,589.17,0
29372,90.91,586.19,0
29383,90.91,580.25,0
29394,90.91,587.19,0
29406,83.33,597.86,0
29417,90.91,600.08,0
29429,83.33,596.07,0
29441,83.33,591.91,0
29452,90.91,585.68,0
29463,90.91,583.50,0
29474,90.91,586.19,0
29486,83.33,592.77,0
29498,83.33,594.89,0
29509,90.91,596.47,0
29520,90.91,594.78,0
29532,83.33,590.09,0
29543,90.91,584.54,0
29554,90.91,584.72,0
29566,83.33,586.26,0
29578,83.33,595.56,0
29589,90.91,604.25,0
29600,90.91,603.07,0
29612,83.33,592.26,0
29623,90.91,584.21,0
29635,83.33,581.00,0
29646,90.91,586.27,0
29658,83.33,593.12,0
29669,90.91,599.62,0
29680,90.91,598.33,0
29691,90.91,592.28,0
29704,76.92,588.45,0
29715,90.91,587.02,0
29726,90.91,587.02,0
29737,90.91,589.84,0
29749,83.33,591.64,0
29760,90.91,596.31,0
29772,83.33,600.80,0
29784,83.33,593.00,0
29795,90.91,586.36,0
29806,90.91,583.60,0
29817,90.91,584.95,0
29829,83.33,592.13,0
29841,83.33,602.18,0
29852,90.91,601.99,0
29863,90.91,593.30,0
29875,83.33,581.91,0
29886,90.91,583.18,0
29897,90.91,584.53,0
29910,76.92,591.39,0
29921,90.91,600.30,0
29932,90.91,600.24,0
29943,90.91,595.70,0
29955,83.33,590.63,0
29966,90.91,586.41,0
29978,83.33,586.16,0
29989,90.91,587.50,0
30001,83.33,592.12,0
30012,90.91,595.86,0
30023,90.91,601.67,0
30034,90.91,596.40,0
30047,76.92,588.01,0
30058,90.91,582.39,0
30069,90.91,581.19,0
30081,83.33,586.75,0
30092,90.91,598.87,0
30103,90.91,606.00,0
30115,83.33,597.04,0
30127,83.33,584.95,0
30138,90.91,582.34,0
30149,90.91,583.57,0
30160,90.91,590.21,0
30172,83.33,598.00,0
30184,83.33,599.35,0
30195,90.91,594.13,0
30206,90.91,594.11,0
30218,83.33,588.26,0
30229,90.91,585.15,0
30240,90.91,588.40,0
30253,76.92,590.70,0
30264,90.91,590.20,0
30275,90.91,596.87,0
30286,90.91,598.75,0
30298,83.33,593.45,0
30309,90.91,586.85,0
30321,83.33,582.62,0
30332,90.91,583.51,0
30344,83.33,593.10,0
30355,90.91,604.42,0
30366,90.91,601.15,0
30377,90.91,588.81,0
30390,76.92,583.33,0
30401,90.91,578.39,0
30412,90.91,586.66,0
30424,83.33,601.30,0
30435,90.91,600.34,0
30446,90.91,596.59,0
30458,83.33,594.54,0
30470,83.33,589.25,0
30481,90.91,584.84,0
30492,90.91,587.01,0
30503,90.91,589.46,0
30515,83.33,592.62,0
30527,83.33,599.44,0
30538,90.91,598.22,0
30550,83.33,589.95,0
30561,90.91,586.68,0
30572,90.91,585.70,0
30583,90.91,582.12,0
30596,76.92,592.09,0
30607,90.91,606.64,0
30618,90.91,603.42,0
30629,90.91,592.70,0
30641,83.33,589.44,0
30652,90.91,583.71,0
30664,83.33,580.24,0
30675,90.91,592.68,0
30687,83.33,600.01,0
30698,90.91,597.71,0
30709,90.91,592.39,0
30721,83.33,588.39,0
30733,83.33,585.71,0
30744,90.91,585.01,0
30755,90.91,588.39,0
30767,83.33,595.88,0
30778,90.91,597.50,0
30789,90.91,598.25,0
30801,83.33,596.47,0
30813,83.33,587.32,0
30824,90.91,581.07,0
30835,90.91,581.77,0
30846,90.91,588.80,0
30858,83.33,599.54,0
30870,83.33,603.35,0
30881,90.91,596.95,0
30893,83.33,590.85,0
30904,90.91,584.11,0
30915,90.91,585.93,0
30926,90.91,592.19,0
30939,76.92,596.10,0
30950,90.91,595.65,0
30961,90.91,597.29,0
30972,90.91,593.35,0
30984,83.33,587.09,0
30995,90.91,583.38,0
31007,83.33,584.29,0
31019,83.33,587.05,0
31030,90.91,593.99,0
31041,90.91,601.60,0
31052,90.91,601.00,0
31064,83.33,591.70,0
31076,83.33,585.69,0
31087,90.91,582.74,0
31098,90.91,586.27,0
31110,83.33,597.75,0
31121,90.91,604.64,0
31132,90.91,600.75,0
31144,83.33,591.52,0
31156,83.33,579.59,0
31167,90.91,578.62,0
31178,90.91,584.08,0
31190,83.33,591.98,0
31201,90.91,596.24,0
31213,83.33,598.40,0
31224,90.91,593.68,0
31236,83.33,588.12,0
31247,90.91,585.70,0
31258,90.91,585.08,0
31269,90.91,587.91,0
31282,76.92,590.40,0
31293,90.91,596.57,0
31304,90.91,598.89,0
31315,90.91,591.01,0
31327,83.33,585.73,0
31338,90.91,581.95,0
31350,83.33,581.65,0
31362,83.33,591.77,0
31373,90.91,601.78,0
31384,90.91,600.66,0
31395,90.91,593.36,0
31407,83.33,587.13,0
31419,83.33,580.97,0
31430,90.91,583.31,0
31441,90.91,591.99,0
31453,83.33,598.13,0
31464,90.91,601.04,0
31475,90.91,594.01,0
31488,76.92,586.05,0
31499,90.91,584.56,0
31510,90.91,587.99,0
31521,90.91,586.63,0
31533,83.33,588.84,0
31544,90.91,596.66,0
31556,83.33,600.32,0
31567,90.91,595.92,0
31579,83.33,589.85,0
31590,90.91,584.00,0
31601,90.91,579.81,0
31612,90.91,589.67,0
31625,76.92,599.23,0
31636,90.91,598.78,0
31647,90.91,599.45,0
31659,83.33,591.60,0
31670,90.91,580.58,0
31681,90.91,582.14,0
31693,83.33,592.72,0
31705,83.33,597.06,0
31716,90.91,600.14,0
31727,90.91,600.17,0
31738,90.91,592.23,0
31750,83.33,583.50,0
31762,83.33,582.94,0
31773,90.91,586.69,0
31784,90.91,591.35,0
31796,83.33,595.52,0
31807,90.91,600.11,0
31818,90.91,595.45,0
31831,76.92,591.21,0
31842,90.91,590.00,0
31853,90.91,583.16,0
31864,90.91,586.56,0
31876,83.33,596.59,0
31887,90.91,599.25,0
31899,83.33,597.34,0
31910,90.91,595.21,0
31922,83.33,588.01,0
31933,90.91,578.97,0
31944,90.91,583.72,0
31955,90.91,593.92,0
31968,76.92,594.48,0
31979,90.91,600.36,0
31990,90.91,600.19,0
32002,83.33,589.77,0
32013,90.91,583.52,0
32024,90.91,584.06,0
32036,83.33,587.22,0
32048,83.33,593.97,0
32059,90.91,604.74,0
32070,90.91,603.18,0
32081,90.91,590.50,0
32093,83.33,584.25,0
32105,83.33,581.51,0
32116,90.91,583.56,0
32128,83.33,592.07,0
32139,90.91,602.16,0
32150,90.91,600.48,0
32161,90.91,593.11,0
32174,76.92,587.83,0
32185,90.91,582.45,0
32196,90.91,583.60,0
32207,90.91,591.01,0
32219,83.33,598.38,0
32230,90.91,596.45,0
32242,83.33,595.40,0
32253,90.91,592.83,0
32265,83.33,589.61,0
32276,90.91,587.76,0
32287,90.91,587.71,0
32299,83.33,588.54,0
32311,83.33,597.72,0
32322,90.91,601.35,0
32333,90.91,595.79,0
32345,83.33,587.55,0
32356,90.91,585.61,0
32367,90.91,585.36,0
32379,83.33,590.84,0
32391,83.33,596.91,0
32402,90.91,600.91,0
32413,90.91,597.27,0
32424,90.91,591.75,0
32436,83.33,585.94,0
32448,83.33,583.82,0
32459,90.91,588.46,0
32471,83.33,599.04,0
32482,90.91,601.73,0
32493,90.91,597.48,0
32504,90.91,590.46,0
32517,76.92,585.85,0
32528,90.91,584.83,0
32539,90.91,588.90,0
32550,90.91,594.03,0
32562,83.33,596.55,0
32573,90.91,597.39,0
32585,83.33,595.36,0
32596,90.91,590.79,0
32608,83.33,587.87,0
32619,90.91,585.68,0
32630,90.91,585.53,0
32642,83.33,590.82,0
32654,83.33,599.32,0
32665,90.91,601.80,0
32676,90.91,597.92,0
32688,83.33,588.13,0
32699,90.91,578.89,0
32710,90.91,580.20,0
32722,83.33,592.90,0
32734,83.33,604.93,0
32745,90.91,605.52,0
32756,90.91,595.75,0
32768,83.33,585.50,0
32779,90.91,580.47,0
32791,83.33,584.71,0
32802,90.91,592.65,0
32814,83.33,599.83,0
32825,90.91,601.80,0
32836,90.91,593.29,0
32848,90.91,588.39,0
32860,76.92,587.55,0
32871,90.91,586.95,0
32882,90.91,584.65,0
32893,90.91,588.32,0
32905,83.33,594.38,0
32917,90.91,601.06,0
32928,83.33,600.46,0
32940,83.33,589.86,0
32951,90.91,581.71,0
32962,90.91,580.78,0
32973,90.91,589.92,0
32985,83.33,598.21,0
32997,83.33,602.86,0
33008,90.91,596.80,0
33019,90.91,586.21,0
33031,83.33,580.57,0
33042,90.91,587.14,0
33053,90.91,591.07,0
33065,83.33,596.64,0
33077,83.33,597.72,0
33088,90.91,595.80,0
33099,90.91,590.67,0
33111,83.33,590.87,0
33122,90.91,588.73,0
33134,83.33,585.32,0
33145,90.91,589.21,0
33157,83.33,594.81,0
33168,90.91,596.37,0
33179,90.91,600.19,0
33190,90.91,596.17,0
33203,76.92,587.56,0
33214,90.91,581.84,0
33225,90.91,588.95,0
33236,90.91,593.04,0
33248,83.33,599.93,0
33259,90.91,601.95,0
33271,83.33,592.10,0
33283,83.33,583.30,0
33294,90.91,583.70,0
33305,90.91,584.72,0
33316,90.91,588.71,0
33329,83.33,594.92,0
33340,83.33,602.04,0
33351,90.91,598.02,0
33362,90.91,593.09,0
33374,83.33,586.12,0
33385,90.91,582.86,0
33397,90.91,587.37,0
33409,76.92,595.40,0
33420,90.91,597.71,0
33431,90.91,597.65,0
33442,90.91,595.38,0
33454,83.33,589.57,0
33466,90.91,582.80,0
33477,83.33,586.96,0
33488,90.91,592.36,0
33500,83.33,595.58,0
33511,90.91,598.47,0
33522,90.91,596.39,0
33534,90.91,584.68,0
33546,76.92,583.19,0
33557,90.91,589.30,0
33568,90.91,588.47,0
33580,83.33,593.22,0
33591,90.91,600.22,0
33603,90.91,597.15,0
33614,83.33,593.33,0
33626,83.33,590.24,0
33637,90.91,584.00,0
33648,90.91,581.36,0
33659,90.91,587.61,0
33672,83.33,596.22,0
33683,83.33,602.06,0
33694,90.91,599.62,0
33705,90.91,591.11,0
33717,83.33,579.68,0
33728,90.91,576.35,0
33740,90.91,589.93,0
33752,76.92,598.09,0
33763,90.91,597.26,0
33774,90.91,596.45,0
33785,90.91,590.15,0
33797,83.33,583.54,0
33809,90.91,587.46,0
33820,83.33,590.49,0
33831,90.91,593.02,0
33843,83.33,595.88,0
33854,90.91,599.22,0
33865,90.91,594.10,0
33878,90.91,589.88,0
33889,76.92,588.45,0
33900,90.91,583.31,0
33911,90.91,586.93,0
33923,83.33,596.34,0
33934,90.91,603.36,0
33946,90.91,602.16,0
33957,83.33,591.48,0
33969,83.33,581.13,0
33980,90.91,579.71,0
33991,90.91,588.13,0
34002,90.91,598.33,0
34015,83.33,602.03,0
34026,83.33,599.39,0
34037,90.91,591.92,0
34049,83.33,586.92,0
34060,90.91,588.28,0
34071,90.91,589.19,0
34083,90.91,591.28,0
34095,76.92,594.37,0
34106,90.91,596.77,0
34117,90.91,598.21,0
34128,90.91,593.78,0
34140,83.33,587.36,0
34152,90.91,581.66,0
34163,83.33,587.30,0
34174,90.91,593.21,0
34186,83.33,600.60,0
34197,90.91,600.96,0
34208,90.91,595.98,0
34221,83.33,583.90,0
34232,83.33,583.63,0
34243,90.91,587.36,0
34254,90.91,592.26,0
34266,83.33,596.49,0
34277,90.91,600.39,0
34289,90.91,595.05,0
34300,83.33,588.51,0
34312,83.33,587.62,0
34323,90.91,585.80,0
34334,90.91,584.65,0
34345,90.91,593.11,0
34358,76.92,598.84,0
34369,90.91,600.25,0
34380,90.91,596.20,0
34392,83.33,591.43,0
34403,90.91,582.20,0
34414,90.91,581.56,0
34426,83.33,592.14,0
34438,83.33,599.37,0
34449,90.91,604.06,0
34460,90.91,602.80,0
34471,90.91,587.37,0
34483,83.33,580.42,0
34495,83.33,586.97,0
34506,90.91,591.70,0
34518,83.33,598.15,0
34529,90.91,601.74,0
34540,90.91,597.85,0
34551,90.91,590.59,0
34564,76.92,588.18,0
34575,90.91,590.05,0
34586,90.91,586.58,0
34597,90.91,589.02,0
34609,83.33,593.81,0
34620,90.91,599.08,0
34632,83.33,597.74,0
34643,90.91,594.22,0
34655,83.33,586.46,0
34666,90.91,577.00,0
34677,90.91,587.23,0
34689,83.33,599.23,0
34701,83.33,603.49,0
34712,90.91,602.13,0
34723,90.91,594.22,0
34735,83.33,582.49,0
34746,90.91,580.65,0
34757,90.91,588.61,0
34769,83.33,594.36,0
34781,83.33,597.70,0
34792,90.91,598.82,0
34803,90.91,591.24,0
34814,90.91,586.49,0
34826,83.33,587.06,0
34838,83.33,588.33,0
34849,90.91,588.98,0
34861,83.33,592.88,0
34872,90.91,599.29,0
34883,90.91,597.61,0
34894,90.91,593.95,0
34907,76.92,589.46,0
34918,90.91,580.96,0
34929,90.91,582.44,0
34940,90.91,596.45,0
34952,83.33,603.29,0
34963,90.91,603.09,0
34975,83.33,591.80,0
34987,83.33,585.55,0
34998,90.91,579.63,0
35009,90.91,585.30,0
35020,90.91,594.31,0
35032,83.33,595.16,0
35044,83.33,596.15,0
35055,90.91,596.30,0
35066,90.91,592.64,0
35078,83.33,588.71,0
35089,90.91,585.88,0
35100,90.91,583.42,0
35112,83.33,589.92,0
35124,83.33,597.40,0
35135,90.91,599.78,0
35146,90.91,596.00,0
35158,83.33,589.75,0
35169,90.91,583.07,0
35181,83.33,583.19,0
35192,90.91,590.02,0
35204,83.33,600.06,0
35215,90.91,602.05,0
35226,90.91,594.33,0
35237,90.91,588.59,0
35250,76.92,585.36,0
35261,90.91,584.89,0
35272,90.91,593.58,0
35283,90.91,597.81,0
35295,83.33,596.09,0
35306,90.91,595.39,0
35318,83.33,596.96,0
35330,83.33,591.38,0
35341,90.91,584.42,0
35352,90.91,583.94,0
35363,90.91,587.54,0
35375,83.33,594.10,0
35387,83.33,605.41,0
35398,90.91,604.15,0
35409,90.91,591.49,0
35421,83.33,578.73,0
35432,90.91,580.10,0
35443,90.91,587.63,0
35456,76.92,597.83,0
35467,90.91,605.46,0
35478,90.91,597.94,0
35489,90.91,586.67,0
35501,83.33,582.06,0
35512,90.91,586.57,0
35524,83.33,587.16,0
35535,90.91,591.06,0
35547,83.33,596.21,0
35558,90.91,595.44,0
35569,90.91,596.48,0
35580,90.91,595.79,0
35593,76.92,586.06,0
35604,90.91,580.82,0
35615,90.91,583.17,0
35627,83.33,593.94,0
35638,90.91,598.09,0
35649,90.91,601.35,0
35661,83.33,596.27,0
35673,83.33,580.37,0
35684,90.91,575.86,0
35695,90.91,586.45,0
35706,90.91,595.61,0
35718,83.33,601.05,0
35730,83.33,604.12,0
35741,90.91,592.36,0
35752,90.91,583.03,0
35764,83.33,585.57,0
35775,90.91,586.60,0
35786,90.91,591.65,0
35799,76.92,598.27,0
35810,90.91,596.49,0
35821,90.91,592.47,0
35832,90.91,596.85,0
35844,83.33,593.58,0
35855,90.91,586.91,0
35867,83.33,585.75,0
35878,90.91,588.61,0
35890,83.33,592.48,0
35901,90.91,600.97,0
35912,90.91,600.51,0
35923,90.91,589.43,0
35936,76.92,581.46,0
35947,90.91,584.15,0
35958,90.91,586.99,0
35970,83.33,597.32,0
35981,90.91,605.66,0
35992,90.91,601.18,0
36004,83.33,588.32,0
36016,83.33,585.48,0
36027,90.91,586.28,0
36038,90.91,587.71,0
36049,90.91,595.02,0
36061,83.33,598.26,0
36073,83.33,598.58,0
36084,90.91,593.33,0
36096,83.33,588.42,0
36107,90.91,585.36,0
36118,90.91,584.20,0
36129,90.91,587.56,0
36142,76.92,596.08,0
36153,90.91,600.97,0
36164,90.91,601.39,0
36175,90.91,597.06,0
36187,83.33,586.94,0
36198,90.91,580.78,0
36210,83.33,583.52,0
36221,90.91,592.24,0
36233,83.33,600.00,0
36244,90.91,602.15,0
36255,90.91,596.42,0
36267,83.33,587.59,0
36279,83.33,583.04,0
36290,90.91,583.62,0
36301,90.91,592.65,0
36313,83.33,596.85,0
36324,90.91,597.84,0
36335,90.91,597.65,0
36347,83.33,589.10,0
36359,83.33,584.08,0
36370,90.91,584.02,0
36381,90.91,587.65,0
36392,90.91,593.48,0
36404,83.33,598.71,0
36416,83.33,600.72,0
36427,90.91,595.14,0
36439,83.33,590.43,0
36450,90.91,585.89,0
36461,90.91,583.57,0
36472,90.91,587.76,0
36485,76.92,596.03,0
36496,90.91,602.33,0
36507,90.91,600.07,0
36518,90.91,590.08,0
36530,83.33,582.37,0
36541,90.91,580.72,0
36553,83.33,589.53,0
36564,90.91,599.88,0
36576,83.33,602.48,0
36587,90.91,597.95,0
36598,90.91,588.27,0
36610,83.33,587.10,0
36622,83.33,587.59,0
36633,90.91,590.31,0
36644,90.91,595.18,0
36656,83.33,596.75,0
36667,90.91,597.75,0
36678,90.91,596.62,0
36690,83.33,590.48,0
36702,83.33,586.41,0
36713,90.91,585.89,0
36724,90.91,589.31,0
36736,83.33,596.07,0
36747,90.91,599.49,0
36759,83.33,600.87,0
36770,90.91,594.33,0
36782,83.33,586.35,0
36793,90.91,584.95,0
36804,90.91,587.85,0
36815,90.91,591.61,0
36828,76.92,599.39,0
36839,90.91,599.69,0
36850,90.91,594.37,0
36861,90.91,586.50,0
36873,83.33,584.35,0
36884,90.91,586.32,0
36896,83.33,592.42,0
36908,83.33,598.21,0
36919,90.91,597.54,0
36930,90.91,593.68,0
36941,90.91,588.79,0
36953,83.33,590.01,0
36965,83.33,589.37,0
36976,90.91,588.42,0
36987,90.91,591.56,0
36999,83.33,600.06,0
37010,90.91,604.41,0
37021,90.91,598.79,0
37033,83.33,588.78,0
37045,83.33,585.31,0
37056,90.91,585.73,0
37067,90.91,593.35,0
37079,83.33,603.54,0
37090,90.91,604.63,0
37102,83.33,598.43,0
37113,90.91,588.51,0
37125,83.33,581.08,0
37136,90.91,585.28,0
37147,90.91,593.32,0
37158,90.91,598.03,0
37171,76.92,596.07,0
37182,90.91,596.17,0
37193,90.91,596.65,0
37204,90.91,590.66,0
37216,83.33,586.81,0
37227,90.91,585.74,0
37239,83.33,588.07,0
37251,83.33,593.66,0
37262,90.91,600.47,0
37273,90.91,601.52,0
37284,90.91,594.45,0
37296,83.33,586.68,0
37308,83.33,579.78,0
37319,90.91,582.40,0
37330,90.91,596.03,0
37342,83.33,605.66,0
37353,90.91,602.36,0
37364,90.91,591.68,0
37377,76.92,584.51,0
37388,90.91,583.65,0
37399,90.91,586.71,0
37410,90.91,596.71,0
37422,83.33,603.29,0
37433,90.91,597.70,0
37445,83.33,593.92,0
37456,90.91,590.53,0
37468,83.33,589.82,0
37479,90.91,590.79,0
37490,90.91,589.28,0
37501,90.91,589.41,0
37514,76.92,592.94,0
37525,90.91,601.07,0
37536,90.91,600.90,0
37548,83.33,591.55,0
37559,90.91,583.01,0
37570,90.91,582.05,0
37582,83.33,588.43,0
37594,83.33,601.02,0
37605,90.91,606.91,0
37616,90.91,595.30,0
37627,90.91,585.35,0
37639,83.33,583.31,0
37651,83.33,586.56,0
37662,90.91,592.90,0
37673,90.91,599.20,0
37685,83.33,598.69,0
37696,90.91,595.13,0
37707,90.91,593.76,0
37720,76.92,590.20,0
37731,90.91,585.71,0
37742,90.91,586.66,0
37753,90.91,592.44,0
37765,83.33,599.34,0
37776,90.91,603.21,0
37788,83.33,600.02,0
37799,90.91,590.59,0
37811,83.33,582.34,0
37822,90.91,582.36,0
37833,90.91,591.34,0
37844,90.91,598.69,0
37857,76.92,606.02,0
37868,90.91,601.16,0
37879,90.91,588.86,0
37891,83.33,583.93,0
37902,90.91,587.06,0
37913,90.91,589.66,0
37925,83.33,595.18,0
37937,83.33,600.84,0
37948,90.91,599.57,0
37959,90.91,595.28,0
37970,90.91,591.02,0
37982,83.33,587.87,0
37994,83.33,584.96,0
38005,90.91,591.22,0
38017,83.33,600.41,0
38028,90.91,604.19,0
38039,90.91,601.51,0
38050,90.91,593.87,0
38063,76.92,585.50,0
38074,90.91,582.39,0
38085,90.91,588.13,0
38096,90.91,597.58,0
38108,83.33,598.50,0
38119,90.91,596.63,0
38131,83.33,591.89,0
38142,90.91,586.61,0
38154,83.33,585.85,0
38165,90.91,587.37,0
38176,90.91,592.59,0
38188,83.33,594.84,0
38200,83.33,599.08,0
38211,90.91,596.50,0
38222,90.91,592.97,0
38234,83.33,590.18,0
38245,90.91,585.99,0
38256,90.91,584.88,0
38268,83.33,591.81,0
38280,83.33,601.39,0
38291,90.91,605.00,0
38302,90.91,598.31,0
38313,90.91,589.75,0
38325,83.33,582.49,0
38337,83.33,586.04,0
38348,90.91,593.17,0
38360,83.33,599.64,0
38371,90.91,602.30,0
38382,90.91,598.17,0
38393,90.91,589.81,0
38406,76.92,585.66,0
38417,90.91,585.42,0
38428,90.91,588.87,0
38439,90.91,593.67,0
38451,83.33,596.93,0
38462,90.91,598.10,0
38474,83.33,595.57,0
38486,83.33,590.68,0
38497,90.91,587.65,0
38508,90.91,584.09,0
38519,90.91,587.57,0
38531,83.33,597.94,0
