66,15.15,-202.84,0
77,90.91,-202.38,0
89,83.33,-201.83,0
100,90.91,-201.96,0
111,90.91,-201.94,0
123,83.33,-202.18,0
135,83.33,-202.29,0
146,90.91,-202.87,0
157,90.91,-203.08,0
168,90.91,-202.87,0
181,83.33,-202.82,0
192,83.33,-203.26,0
203,90.91,-202.93,0
215,83.33,-202.64,0
226,90.91,-202.21,0
237,90.91,-202.27,0
249,83.33,-202.43,0
261,83.33,-202.47,0
272,90.91,-202.99,0
283,90.91,-202.51,0
294,90.91,-202.60,0
306,83.33,-203.06,0
318,83.33,-203.28,0
329,90.91,-203.14,0
340,90.91,-202.75,0
352,83.33,-202.85,0
363,90.91,-202.54,0
374,90.91,-201.77,0
387,76.92,-202.17,0
398,90.91,-201.82,0
409,90.91,-201.88,0
420,90.91,-202.43,0
432,83.33,-202.63,0
444,90.91,-202.45,0
455,83.33,-202.37,0
466,90.91,-203.47,0
478,83.33,-203.65,0
489,90.91,-203.08,0
500,90.91,-202.74,0
513,76.92,-201.86,0
524,90.91,-201.93,0
535,90.91,-202.02,0
546,90.91,-201.67,0
558,83.33,-202.23,0
569,90.91,-202.54,0
581,83.33,-203.02,0
592,90.91,-203.53,0
604,83.33,-203.68,0
615,90.91,-202.71,0
626,90.91,-203.03,0
637,90.91,-202.99,0
650,76.92,-202.19,0
661,90.91,-202.04,0
672,90.91,-202.07,0
684,83.33,-202.28,0
695,90.91,-202.67,0
707,83.33,-202.26,0
718,90.91,-202.15,0
730,83.33,-202.81,0
741,90.91,-203.11,0
752,90.91,-203.07,0
763,90.91,-203.04,0
776,76.92,-202.82,0
787,90.91,-202.75,0
798,90.91,-202.68,0
809,90.91,-202.51,0
821,83.33,-202.88,0
832,90.91,-202.30,0
844,83.33,-202.44,0
856,83.33,-202.95,0
867,90.91,-203.30,0
878,90.91,-203.35,0
889,90.91,-203.61,0
902,83.33,-202.94,0
913,83.33,-202.60,0
924,90.91,-202.57,0
935,90.91,-202.79,0
947,83.33,-202.89,0
958,90.91,-202.53,0
970,83.33,-201.64,0
982,83.33,-202.33,0
993,90.91,-203.01,0
1004,90.91,-203.38,0
1015,90.91,-203.80,0
1027,83.33,-203.84,0
1039,83.33,-203.67,0
1050,90.91,-202.54,0
1061,90.91,-202.50,0
1073,83.33,-202.60,0
1084,90.91,-201.96,0
1095,90.91,-201.68,0
1107,83.33,-202.38,0
1119,83.33,-203.03,0
1130,90.91,-202.39,0
1141,90.91,-202.18,0
1153,83.33,-202.47,0
1165,90.91,-202.98,0
1176,83.33,-203.07,0
1187,90.91,-202.90,0
1199,83.33,-203.04,0
1210,90.91,-202.71,0
1221,90.91,-202.13,0
1233,83.33,-201.97,0
1245,83.33,-202.12,0
1256,90.91,-202.56,0
1267,90.91,-202.61,0
1278,90.91,-203.32,0
1290,83.33,-203.81,0
1302,83.33,-203.16,0
1313,90.91,-202.81,0
1325,83.33,-202.83,0
1336,90.91,-202.74,0
1347,90.91,-202.39,0
1359,90.91,-202.53,0
1371,76.92,-202.23,0
1382,90.91,-201.67,0
1393,90.91,-202.13,0
1404,90.91,-202.46,0
1416,83.33,-202.90,0
1428,83.33,-203.06,0
1439,90.91,-203.58,0
1451,83.33,-203.06,0
1462,90.91,-203.06,0
1473,90.91,-203.31,0
1484,90.91,-202.99,0
1497,76.92,-203.10,0
1508,90.91,-202.40,0
1519,90.91,-202.18,0
1530,90.91,-201.94,0
1542,83.33,-202.57,0
1553,90.91,-202.79,0
1565,83.33,-202.82,0
1576,90.91,-202.58,0
1588,83.33,-203.09,0
1599,90.91,-202.90,0
1610,90.91,-202.58,0
1623,83.33,-202.52,0
1634,83.33,-202.59,0
1645,90.91,-202.90,0
1656,90.91,-202.19,0
1668,83.33,-202.16,0
1679,90.91,-202.63,0
1691,83.33,-202.16,0
1702,90.91,-202.01,0
1714,83.33,-202.57,0
1725,90.91,-202.89,0
1736,90.91,-202.45,0
1747,90.91,-202.80,0
1760,76.92,-202.67,0
1771,90.91,-202.78,0
1782,90.91,-202.54,0
1794,83.33,-202.35,0
1805,90.91,-202.11,0
1816,90.91,-201.80,0
1828,83.33,-202.53,0
1840,83.33,-202.56,0
1851,90.91,-202.72,0
1862,90.91,-202.50,0
1873,90.91,-203.13,0
1886,83.33,-203.03,0
1897,83.33,-202.97,0
1908,90.91,-202.90,0
1920,83.33,-202.63,0
1931,90.91,-202.65,0
1942,90.91,-201.98,0
1954,83.33,-202.46,0
1966,83.33,-202.76,0
1977,90.91,-202.59,0
1988,90.91,-203.22,0
1999,90.91,-203.26,0
2011,83.33,-203.01,0
2023,83.33,-202.64,0
2034,90.91,-202.76,0
2045,90.91,-202.73,0
2057,83.33,-202.58,0
2068,90.91,-202.21,0
2079,90.91,-202.26,0
2092,76.92,-202.39,0
2103,90.91,-202.09,0
2114,90.91,-202.36,0
2125,90.91,-202.67,0
2137,83.33,-202.93,0
2149,90.91,-202.76,0
2160,83.33,-202.76,0
2171,90.91,-203.11,0
2183,83.33,-203.33,0
2194,90.91,-202.87,0
2205,90.91,-202.80,0
2217,83.33,-202.22,0
2229,83.33,-201.85,0
2240,90.91,-202.09,0
2251,90.91,-203.00,0
2263,83.33,-203.18,0
2274,90.91,-202.80,0
2286,83.33,-202.96,0
2297,90.91,-203.03,0
2309,83.33,-202.76,0
2320,90.91,-202.69,0
2331,90.91,-202.82,0
2342,90.91,-203.03,0
2355,76.92,-202.60,0
2366,90.91,-202.59,0
2377,90.91,-202.48,0
2388,90.91,-202.50,0
2400,83.33,-202.81,0
2412,83.33,-202.60,0
2423,90.91,-202.99,0
2435,83.33,-202.75,0
2446,90.91,-202.95,0
2457,90.91,-202.75,0
2468,90.91,-202.55,0
2481,76.92,-202.22,0
2492,90.91,-201.92,0
2503,90.91,-202.08,0
2514,90.91,-202.53,0
2526,83.33,-202.52,0
2537,90.91,-202.69,0
2549,83.33,-202.55,0
2561,83.33,-202.99,0
2572,90.91,-202.64,0
2583,90.91,-202.38,0
2594,90.91,-202.75,0
2607,83.33,-202.83,0
2618,83.33,-202.62,0
2629,90.91,-202.53,0
2640,90.91,-202.53,0
2652,83.33,-202.38,0
2663,90.91,-202.45,0
2675,83.33,-202.43,0
2686,90.91,-202.48,0
2698,83.33,-202.33,0
2709,90.91,-202.61,0
2720,90.91,-202.52,0
2732,83.33,-202.96,0
2744,83.33,-202.77,0
2755,90.91,-202.90,0
2766,90.91,-202.60,0
2778,83.33,-202.49,0
2789,90.91,-202.40,0
2800,90.91,-202.44,0
2812,83.33,-202.71,0
2824,83.33,-202.97,0
2835,90.91,-202.64,0
2846,90.91,-202.77,0
2857,90.91,-203.47,0
2870,83.33,-203.60,0
2881,83.33,-203.48,0
2892,90.91,-202.61,0
2904,83.33,-202.56,0
2915,90.91,-202.48,0
2926,90.91,-202.38,0
2938,83.33,-202.59,0
2950,83.33,-202.80,0
2961,90.91,-202.43,0
2972,90.91,-202.46,0
2983,90.91,-203.17,0
2995,83.33,-203.25,0
3007,83.33,-203.14,0
3018,90.91,-203.22,0
3030,83.33,-203.32,0
3041,90.91,-202.97,0
3052,90.91,-202.77,0
3063,90.91,-202.68,0
3076,76.92,-202.61,0
3087,90.91,-202.79,0
3098,90.91,-202.45,0
3109,90.91,-202.44,0
3121,83.33,-202.70,0
3133,90.91,-202.40,0
3144,83.33,-202.85,0
3155,90.91,-203.26,0
3167,83.33,-202.99,0
3178,90.91,-202.45,0
3189,90.91,-202.41,0
3202,76.92,-202.71,0
3213,90.91,-202.06,0
3224,90.91,-202.13,0
3235,90.91,-201.85,0
3247,83.33,-202.48,0
3258,90.91,-202.71,0
3270,83.33,-202.55,0
3281,90.91,-202.97,0
3293,83.33,-203.13,0
3304,90.91,-203.18,0
3315,90.91,-202.78,0
3326,90.91,-202.77,0
3339,76.92,-202.47,0
3350,90.91,-202.71,0
3361,90.91,-202.22,0
3373,83.33,-202.70,0
3384,90.91,-202.86,0
3396,83.33,-202.65,0
3407,90.91,-202.98,0
3419,83.33,-202.66,0
3430,90.91,-203.25,0
3441,90.91,-203.33,0
3452,90.91,-202.95,0
3465,76.92,-202.41,0
3476,90.91,-202.39,0
3487,90.91,-202.36,0
3499,83.33,-202.24,0
3510,90.91,-201.86,0
3521,90.91,-202.25,0
3533,83.33,-202.70,0
3545,83.33,-203.01,0
3556,90.91,-202.92,0
3567,90.91,-203.33,0
3578,90.91,-203.13,0
3591,83.33,-202.43,0
3602,83.33,-202.31,0
3613,90.91,-202.66,0
3624,90.91,-202.40,0
3636,83.33,-202.29,0
3647,90.91,-202.55,0
3659,83.33,-202.96,0
3671,83.33,-203.03,0
3682,90.91,-202.41,0
3693,90.91,-202.51,0
3704,90.91,-202.58,0
3716,83.33,-202.82,0
3728,83.33,-202.81,0
3739,90.91,-202.47,0
3750,90.91,-202.29,0
3762,83.33,-202.18,0
3773,90.91,-202.21,0
3784,90.91,-202.18,0
3796,83.33,-202.35,0
3808,83.33,-202.87,0
3819,90.91,-202.36,0
3830,90.91,-203.25,0
3842,83.33,-202.85,0
3854,90.91,-202.54,0
3865,83.33,-203.06,0
3876,90.91,-202.82,0
3888,83.33,-202.32,0
3899,90.91,-202.27,0
3910,90.91,-202.28,0
3922,83.33,-202.40,0
3934,83.33,-202.00,0
3945,90.91,-202.60,0
3956,90.91,-202.64,0
3968,83.33,-203.17,0
3979,90.91,-202.80,0
3991,83.33,-203.35,0
4002,90.91,-203.30,0
4014,83.33,-203.22,0
4025,90.91,-202.77,0
4036,90.91,-202.77,0
4047,90.91,-202.54,0
4060,76.92,-202.51,0
4071,90.91,-202.28,0
4082,90.91,-202.16,0
4093,90.91,-202.27,0
4105,83.33,-202.60,0
4117,90.91,-202.86,0
4128,83.33,-202.54,0
4140,83.33,-203.34,0
4151,90.91,-203.27,0
4162,90.91,-202.42,0
4173,90.91,-201.98,0
4186,76.92,-202.22,0
4197,90.91,-202.61,0
4208,90.91,-203.15,0
4219,90.91,-202.78,0
4231,83.33,-202.50,0
4242,90.91,-202.70,0
4254,83.33,-202.71,0
4265,90.91,-202.68,0
4277,83.33,-203.17,0
4288,90.91,-203.08,0
4299,90.91,-202.88,0
4311,83.33,-202.77,0
4323,83.33,-202.50,0
4334,90.91,-202.74,0
4345,90.91,-202.55,0
4357,83.33,-202.33,0
4368,90.91,-202.71,0
4380,90.91,-202.64,0
4391,83.33,-202.97,0
4403,83.33,-202.87,0
4414,90.91,-202.94,0
4425,90.91,-203.32,0
4436,90.91,-203.21,0
4449,76.92,-202.92,0
4460,90.91,-202.60,0
4471,90.91,-202.15,0
4483,83.33,-202.53,0
4494,90.91,-202.20,0
4505,90.91,-202.06,0
4517,83.33,-202.07,0
4529,83.33,-202.56,0
4540,90.91,-202.25,0
4551,90.91,-202.55,0
4562,90.91,-203.35,0
4574,83.33,-203.41,0
4586,83.33,-202.97,0
4597,90.91,-202.97,0
4609,83.33,-203.02,0
4620,90.91,-203.13,0
4631,90.91,-202.53,0
4643,90.91,-202.21,0
4655,76.92,-202.38,0
4666,90.91,-202.63,0
4677,90.91,-202.01,0
4688,90.91,-201.85,0
4700,83.33,-202.21,0
4712,83.33,-202.97,0
4723,90.91,-202.98,0
4734,90.91,-203.03,0
4746,83.33,-203.01,0
4757,90.91,-202.13,0
4768,90.91,-202.86,0
4781,76.92,-203.20,0
4792,90.91,-202.72,0
4803,90.91,-202.43,0
4814,90.91,-202.70,0
4826,83.33,-202.97,0
4837,90.91,-203.67,0
4849,83.33,-203.25,0
4860,90.91,-203.25,0
4872,83.33,-202.71,0
4883,90.91,-202.42,0
4894,90.91,-202.56,0
4907,90.91,-202.74,0
4918,76.92,-202.69,0
4929,90.91,-202.85,0
4940,90.91,-202.29,0
4952,83.33,-202.15,0
4963,90.91,-202.64,0
4975,83.33,-203.07,0
4986,90.91,-202.68,0
4998,83.33,-202.97,0
5009,90.91,-202.71,0
5020,90.91,-202.80,0
5031,90.91,-202.71,0
5044,76.92,-202.89,0
5055,90.91,-202.25,0
5066,90.91,-202.39,0
5078,83.33,-202.66,0
5089,90.91,-202.26,0
5100,90.91,-202.51,0
5112,83.33,-202.98,0
5124,83.33,-203.10,0
5135,90.91,-203.04,0
5146,90.91,-202.31,0
5157,90.91,-202.88,0
5170,83.33,-202.86,0
5181,83.33,-202.21,0
5192,90.91,-202.41,0
5203,90.91,-202.25,0
5215,83.33,-202.07,0
5226,90.91,-202.55,0
5238,83.33,-202.92,0
5250,83.33,-202.27,0
5261,90.91,-202.18,0
5272,90.91,-202.87,0
5283,90.91,-202.24,0
5295,83.33,-202.74,0
5307,83.33,-202.83,0
5318,90.91,-202.54,0
5329,90.91,-202.25,0
5341,83.33,-202.28,0
5352,90.91,-202.37,0
5363,90.91,-202.00,0
5376,76.92,-202.15,0
5387,90.91,-202.79,0
5398,90.91,-202.78,0
5409,90.91,-203.17,0
5421,83.33,-202.86,0
5433,90.91,-202.49,0
5444,83.33,-202.32,0
5455,90.91,-202.84,0
5467,83.33,-203.05,0
5478,90.91,-203.07,0
5489,90.91,-202.91,0
5501,83.33,-202.70,0
5513,83.33,-202.51,0
5524,90.91,-203.06,0
5535,90.91,-203.02,0
5547,83.33,-203.01,0
5558,90.91,-203.06,0
5570,83.33,-202.71,0
5581,90.91,-202.25,0
5593,83.33,-202.76,0
5604,90.91,-202.50,0
5615,90.91,-201.81,0
5626,90.91,-202.22,0
5639,76.92,-202.16,0
5650,90.91,-201.64,0
5661,90.91,-202.73,0
5672,90.91,-203.07,0
5684,83.33,-203.53,0
5696,90.91,-203.40,0
5707,83.33,-202.69,0
5719,83.33,-203.26,0
5730,90.91,-202.90,0
5741,90.91,-202.70,0
5752,90.91,-202.56,0
5765,76.92,-202.64,0
5776,90.91,-202.40,0
5787,90.91,-202.56,0
5798,90.91,-202.48,0
5810,83.33,-202.85,0
5821,90.91,-202.87,0
5833,83.33,-202.87,0
5844,90.91,-202.77,0
5856,83.33,-202.62,0
5867,90.91,-203.15,0
5878,90.91,-202.75,0
5890,83.33,-202.57,0
5902,83.33,-202.28,0
5913,90.91,-202.13,0
5924,90.91,-202.46,0
5936,83.33,-202.45,0
5947,90.91,-202.08,0
5959,90.91,-202.36,0
5970,83.33,-202.80,0
5982,83.33,-202.62,0
5993,90.91,-202.37,0
6004,90.91,-202.60,0
6016,83.33,-202.72,0
6028,83.33,-202.75,0
6039,90.91,-202.71,0
6050,90.91,-202.66,0
6062,83.33,-202.92,0
6073,90.91,-202.88,0
6084,90.91,-202.94,0
6096,83.33,-202.49,0
6108,83.33,-202.73,0
6119,90.91,-203.11,0
6130,90.91,-203.21,0
6141,90.91,-203.07,0
6153,83.33,-203.15,0
6165,83.33,-203.11,0
6176,90.91,-202.71,0
6188,83.33,-202.79,0
6199,90.91,-202.77,0
6210,90.91,-202.53,0
6222,90.91,-202.69,0
6234,76.92,-203.19,0
6245,90.91,-202.77,0
6256,90.91,-202.32,0
6267,90.91,-202.23,0
6279,83.33,-202.51,0
6291,83.33,-202.82,0
6302,90.91,-202.39,0
6313,90.91,-202.01,0
6325,83.33,-202.14,0
6336,90.91,-202.64,0
6347,90.91,-202.84,0
6360,76.92,-202.83,0
6371,90.91,-202.57,0
6382,90.91,-202.60,0
6393,90.91,-202.62,0
6405,83.33,-202.57,0
6416,90.91,-202.36,0
6428,83.33,-202.39,0
6439,90.91,-202.46,0
6451,83.33,-202.51,0
6462,90.91,-202.84,0
6473,90.91,-202.76,0
6486,90.91,-202.25,0
6497,76.92,-203.09,0
6508,90.91,-202.99,0
6519,90.91,-203.22,0
6531,83.33,-203.29,0
6542,90.91,-203.19,0
6554,83.33,-203.07,0
6565,90.91,-203.03,0
6577,83.33,-202.61,0
6588,90.91,-201.81,0
6599,90.91,-201.77,0
6610,90.91,-202.44,0
6623,76.92,-202.28,0
6634,90.91,-202.70,0
6645,90.91,-202.44,0
6657,83.33,-202.54,0
6668,90.91,-202.55,0
6679,90.91,-202.39,0
6691,83.33,-202.63,0
6703,83.33,-202.99,0
6714,90.91,-203.03,0
6725,90.91,-202.71,0
6736,90.91,-202.42,0
6749,83.33,-202.15,0
6760,83.33,-201.84,0
6771,90.91,-202.73,0
6782,90.91,-202.73,0
6794,83.33,-203.00,0
6805,90.91,-202.67,0
6817,83.33,-202.49,0
6829,83.33,-202.48,0
6840,90.91,-202.37,0
6851,90.91,-202.72,0
6862,90.91,-203.07,0
6874,83.33,-202.71,0
6886,83.33,-203.07,0
6897,90.91,-202.87,0
6908,90.91,-202.94,0
6920,83.33,-202.59,0
6931,90.91,-202.67,0
6942,90.91,-202.33,0
6955,76.92,-203.41,0
6966,90.91,-203.70,0
6977,90.91,-203.49,0
6988,90.91,-202.97,0
7000,83.33,-202.93,0
7012,90.91,-203.01,0
7023,83.33,-202.62,0
7034,90.91,-202.20,0
7046,83.33,-201.84,0
7057,90.91,-202.35,0
7068,90.91,-202.55,0
7080,83.33,-202.67,0
7092,83.33,-202.55,0
7103,90.91,-202.84,0
7114,90.91,-202.71,0
7126,83.33,-202.68,0
7137,90.91,-202.65,0
7149,83.33,-202.59,0
7160,90.91,-202.41,0
7172,83.33,-202.52,0
7183,90.91,-202.28,0
7194,90.91,-202.19,0
7205,90.91,-202.72,0
7218,76.92,-202.92,0
7229,90.91,-202.79,0
7240,90.91,-202.68,0
7251,90.91,-201.81,0
7263,83.33,-201.94,0
7275,90.91,-202.49,0
7286,83.33,-202.04,0
7298,83.33,-202.48,0
7309,90.91,-202.51,0
7320,90.91,-202.13,0
7331,90.91,-201.99,0
7344,76.92,-201.82,0
7355,90.91,-202.89,0
7366,90.91,-203.12,0
7377,90.91,-203.18,0
7389,83.33,-203.16,0
7400,90.91,-203.18,0
7412,83.33,-203.33,0
7424,83.33,-202.37,0
7435,90.91,-202.01,0
7446,90.91,-202.85,0
7457,90.91,-202.64,0
7469,83.33,-202.54,0
7481,83.33,-202.88,0
7492,90.91,-203.18,0
7503,90.91,-202.68,0
7515,83.33,-202.49,0
7526,90.91,-202.75,0
7538,90.91,-203.15,0
7549,83.33,-203.06,0
7561,83.33,-202.21,0
7572,90.91,-202.46,0
7583,90.91,-202.74,0
7595,83.33,-202.53,0
7607,83.33,-202.57,0
7618,90.91,-202.44,0
7629,90.91,-202.47,0
7641,83.33,-202.63,0
7652,90.91,-202.90,0
7663,90.91,-202.61,0
7675,83.33,-202.89,0
7687,83.33,-202.50,0
7698,90.91,-202.63,0
7709,90.91,-202.88,0
7720,90.91,-203.00,0
7732,83.33,-203.07,0
7744,83.33,-203.23,0
7755,90.91,-203.30,0
7767,83.33,-202.97,0
7778,90.91,-203.02,0
7789,90.91,-203.01,0
7801,90.91,-202.78,0
7813,76.92,-202.45,0
7824,90.91,-202.89,0
7835,90.91,-202.57,0
7846,90.91,-202.29,0
7858,83.33,-202.87,0
7870,83.33,-203.31,0
7881,90.91,-202.31,0
7892,90.91,-202.07,0
7904,83.33,-202.37,0
7915,90.91,-202.54,0
7926,90.91,-203.28,0
7939,76.92,-203.05,0
7950,90.91,-202.41,0
7961,90.91,-201.94,0
7972,90.91,-202.63,0
7984,83.33,-203.43,0
7995,90.91,-202.89,0
8007,83.33,-202.56,0
8018,90.91,-202.57,0
8030,83.33,-202.90,0
8041,90.91,-202.66,0
8052,90.91,-202.99,0
8064,83.33,-202.76,0
8076,83.33,-203.12,0
8087,90.91,-202.21,0
8098,90.91,-202.60,0
8110,83.33,-202.82,0
8121,90.91,-202.51,0
8133,90.91,-202.21,0
8144,83.33,-202.26,0
8156,83.33,-202.44,0
8167,90.91,-202.27,0
8178,90.91,-202.20,0
8189,90.91,-202.28,0
8202,76.92,-202.54,0
8213,90.91,-202.77,0
8224,90.91,-202.87,0
8236,83.33,-203.11,0
8247,90.91,-203.24,0
8258,90.91,-202.91,0
8270,83.33,-202.51,0
8282,83.33,-202.97,0
8293,90.91,-203.08,0
8304,90.91,-202.78,0
8315,90.91,-202.73,0
8327,83.33,-202.49,0
8339,83.33,-202.79,0
8350,90.91,-202.59,0
8361,90.91,-203.03,0
8373,83.33,-203.17,0
8384,90.91,-202.73,0
8396,90.91,-203.25,0
8408,76.92,-203.12,0
8419,90.91,-202.90,0
8430,90.91,-202.91,0
8441,90.91,-203.13,0
8453,83.33,-202.75,0
8465,83.33,-202.40,0
8476,90.91,-202.54,0
8487,90.91,-202.88,0
8499,83.33,-202.89,0
8510,90.91,-202.79,0
8521,90.91,-202.66,0
8534,76.92,-202.34,0
8545,90.91,-202.33,0
8556,90.91,-202.73,0
8567,90.91,-202.68,0
8579,83.33,-202.80,0
8590,90.91,-203.01,0
8602,83.33,-202.44,0
8613,90.91,-202.55,0
8625,83.33,-202.56,0
8636,90.91,-202.00,0
8647,90.91,-201.65,0
8659,90.91,-202.27,0
8671,76.92,-202.74,0
8682,90.91,-202.48,0
8693,90.91,-202.10,0
8705,83.33,-202.79,0
8716,90.91,-202.93,0
8728,83.33,-203.05,0
8739,90.91,-202.84,0
8751,83.33,-202.43,0
8762,90.91,-202.72,0
8773,90.91,-202.98,0
8784,90.91,-202.60,0
8797,76.92,-202.36,0
8808,90.91,-203.18,0
8819,90.91,-203.08,0
8830,90.91,-202.61,0
8842,83.33,-202.22,0
8853,90.91,-202.43,0
8865,83.33,-202.32,0
8877,83.33,-202.18,0
8888,90.91,-202.10,0
8899,90.91,-202.20,0
8910,90.91,-202.66,0
8923,83.33,-202.66,0
8934,83.33,-202.35,0
8945,90.91,-202.96,0
8956,90.91,-203.15,0
8968,83.33,-202.78,0
8979,90.91,-203.24,0
8991,83.33,-202.68,0
9003,83.33,-203.26,0
9014,90.91,-203.05,0
9025,90.91,-202.85,0
9036,90.91,-202.70,0
9048,83.33,-202.79,0
9060,83.33,-202.80,0
9071,90.91,-202.81,0
9082,90.91,-202.46,0
9094,83.33,-202.52,0
9105,90.91,-202.49,0
9116,90.91,-202.33,0
9128,83.33,-202.78,0
9140,83.33,-203.04,0
9151,90.91,-202.78,0
9162,90.91,-202.67,0
9174,83.33,-203.13,0
9186,90.91,-202.85,0
9197,83.33,-202.15,0
9208,90.91,-202.47,0
9220,83.33,-202.99,0
9231,90.91,-203.09,0
9242,90.91,-203.07,0
9254,83.33,-203.03,0
9266,83.33,-203.31,0
9277,90.91,-202.64,0
9288,90.91,-202.36,0
9299,90.91,-203.36,0
9311,83.33,-202.88,0
9323,83.33,-202.89,0
9334,90.91,-202.89,0
9346,83.33,-203.33,0
9357,90.91,-203.76,0
9368,90.91,-203.82,0
9379,90.91,-203.27,0
9392,76.92,-202.64,0
9403,90.91,-202.74,0
9414,90.91,-203.07,0
9425,90.91,-203.24,0
9437,83.33,-202.91,0
9449,90.91,-202.79,0
9460,83.33,-202.48,0
9472,83.33,-202.50,0
9483,90.91,-202.34,0
9494,90.91,-202.40,0
9505,90.91,-202.93,0
9518,76.92,-203.11,0
9529,90.91,-202.83,0
9540,90.91,-203.11,0
9551,90.91,-203.17,0
9563,83.33,-202.46,0
9574,90.91,-202.55,0
9586,83.33,-202.73,0
9597,90.91,-202.75,0
9609,83.33,-202.51,0
9620,90.91,-202.88,0
9631,90.91,-202.76,0
9643,83.33,-202.60,0
9655,83.33,-202.77,0
9666,90.91,-202.68,0
9677,90.91,-202.24,0
9689,83.33,-201.97,0
9700,90.91,-202.03,0
9711,90.91,-202.10,0
9723,83.33,-202.34,0
9735,83.33,-202.79,0
9746,90.91,-202.69,0
9757,90.91,-202.71,0
9768,90.91,-203.17,0
9781,83.33,-201.97,0
9792,90.91,-202.86,0
9803,90.91,-203.30,0
9815,83.33,-203.23,0
9826,90.91,-202.54,0
9837,90.91,-202.56,0
9849,83.33,-202.34,0
9861,83.33,-202.48,0
9872,90.91,-203.00,0
9883,90.91,-203.36,0
9894,90.91,-202.85,0
9906,83.33,-202.69,0
9918,83.33,-202.74,0
9929,90.91,-202.68,0
9940,90.91,-202.53,0
9952,83.33,-202.71,0
9963,90.91,-202.48,0
9974,90.91,-203.11,0
9987,76.92,-202.99,0
9998,90.91,-201.93,0
10009,90.91,-202.84,0
10020,90.91,-203.36,0
10032,83.33,-203.18,0
10044,90.91,-203.10,0
10055,83.33,-202.81,0
10066,90.91,-202.75,0
10078,83.33,-202.59,0
10089,90.91,-202.28,0
10100,90.91,-202.59,0
10113,76.92,-202.76,0
10124,90.91,-202.90,0
10135,90.91,-202.62,0
10146,90.91,-202.71,0
10158,83.33,-202.82,0
10169,90.91,-202.79,0
10181,83.33,-202.90,0
10192,90.91,-202.82,0
10204,83.33,-203.07,0
10215,90.91,-203.28,0
10226,90.91,-203.05,0
10237,90.91,-203.37,0
10250,76.92,-202.70,0
10261,90.91,-202.88,0
10272,90.91,-202.26,0
10284,83.33,-202.20,0
10295,90.91,-202.77,0
10307,90.91,-202.60,0
10318,83.33,-202.42,0
10330,83.33,-202.76,0
10341,90.91,-202.77,0
10352,90.91,-203.03,0
10363,90.91,-203.37,0
10376,76.92,-203.40,0
10387,90.91,-202.93,0
10398,90.91,-202.65,0
10409,90.91,-203.14,0
10421,83.33,-202.91,0
10432,90.91,-202.95,0
10444,83.33,-202.69,0
10456,83.33,-202.18,0
10467,90.91,-202.45,0
10478,90.91,-203.47,0
10489,90.91,-203.33,0
10501,83.33,-202.73,0
10513,83.33,-202.52,0
10524,90.91,-202.92,0
10535,90.91,-202.34,0
10547,83.33,-202.39,0
10558,90.91,-203.15,0
10570,90.91,-202.54,0
10582,76.92,-202.76,0
10593,90.91,-202.80,0
10604,90.91,-203.35,0
10615,90.91,-203.32,0
10627,83.33,-203.15,0
10639,83.33,-202.81,0
10650,90.91,-202.61,0
10661,90.91,-202.95,0
10673,83.33,-202.55,0
10684,90.91,-202.16,0
10695,90.91,-202.60,0
10707,83.33,-202.46,0
10719,83.33,-202.29,0
10730,90.91,-202.57,0
10741,90.91,-202.46,0
10753,83.33,-203.28,0
10764,90.91,-202.95,0
10776,83.33,-203.28,0
10787,90.91,-203.22,0
10799,83.33,-202.72,0
10810,90.91,-202.10,0
10821,90.91,-202.35,0
10833,90.91,-202.58,0
10845,76.92,-202.34,0
10856,90.91,-202.13,0
10867,90.91,-202.38,0
10878,90.91,-202.83,0
10890,83.33,-202.80,0
10902,83.33,-203.00,0
10913,90.91,-203.48,0
10925,83.33,-203.34,0
10936,90.91,-202.58,0
10947,90.91,-202.01,0
10958,90.91,-202.46,0
10971,76.92,-202.44,0
10982,90.91,-202.53,0
10993,90.91,-202.33,0
11004,90.91,-202.30,0
11016,83.33,-202.89,0
11027,90.91,-203.46,0
11039,83.33,-203.52,0
11051,83.33,-203.24,0
11062,90.91,-203.38,0
11073,90.91,-203.28,0
11084,90.91,-202.50,0
11096,83.33,-202.55,0
11108,83.33,-202.43,0
11119,90.91,-202.49,0
11130,90.91,-202.63,0
11142,83.33,-202.48,0
11153,90.91,-202.31,0
11165,83.33,-202.19,0
11176,90.91,-201.81,0
11188,83.33,-202.06,0
11199,90.91,-202.15,0
11210,90.91,-202.36,0
11222,83.33,-202.29,0
11234,83.33,-202.72,0
11245,90.91,-203.15,0
11256,90.91,-203.02,0
11268,83.33,-202.50,0
11279,90.91,-202.44,0
11290,90.91,-202.39,0
11302,83.33,-202.85,0
11314,83.33,-203.27,0
11325,90.91,-203.10,0
11336,90.91,-203.25,0
11347,90.91,-202.93,0
11359,83.33,-203.28,0
11371,83.33,-202.77,0
11382,90.91,-202.63,0
11394,83.33,-202.72,0
11405,90.91,-202.33,0
11416,90.91,-202.51,0
11428,90.91,-202.56,0
11440,76.92,-202.54,0
11451,90.91,-202.58,0
11462,90.91,-203.02,0
11473,90.91,-202.78,0
11485,83.33,-202.83,0
11497,83.33,-202.97,0
11508,90.91,-202.79,0
11520,83.33,-202.20,0
11531,90.91,-202.35,0
11542,90.91,-202.22,0
11553,90.91,-202.54,0
11566,76.92,-202.97,0
11577,90.91,-202.76,0
11588,90.91,-202.86,0
11599,90.91,-203.33,0
11611,83.33,-202.95,0
11622,90.91,-203.07,0
11634,83.33,-203.28,0
11645,90.91,-202.77,0
11657,83.33,-202.47,0
11668,90.91,-202.27,0
11679,90.91,-202.24,0
11692,83.33,-202.44,0
11703,83.33,-201.97,0
11714,90.91,-202.31,0
11725,90.91,-202.83,0
11737,83.33,-202.98,0
11748,90.91,-203.10,0
11760,83.33,-203.21,0
11771,90.91,-203.42,0
11783,83.33,-202.89,0
11794,90.91,-202.69,0
11805,90.91,-202.39,0
11816,90.91,-202.82,0
11829,76.92,-202.55,0
11840,90.91,-202.62,0
11851,90.91,-202.93,0
11863,83.33,-202.91,0
11874,90.91,-202.53,0
11885,90.91,-202.79,0
11897,83.33,-202.98,0
11909,83.33,-203.04,0
11920,90.91,-203.23,0
11931,90.91,-202.37,0
11942,90.91,-202.60,0
11954,83.33,-203.50,0
11966,83.33,-202.81,0
11977,90.91,-202.46,0
11988,90.91,-202.72,0
12000,83.33,-202.65,0
12011,90.91,-202.85,0
12023,90.91,-203.11,0
12035,76.92,-202.87,0
12046,90.91,-202.60,0
12057,90.91,-202.97,0
12068,90.91,-202.78,0
12080,83.33,-202.08,0
12092,83.33,-202.03,0
12103,90.91,-202.15,0
12114,90.91,-202.63,0
12126,83.33,-202.32,0
12137,90.91,-202.26,0
12148,90.91,-203.01,0
12161,76.92,-202.93,0
12172,90.91,-203.06,0
12183,90.91,-203.50,0
12194,90.91,-202.90,0
12206,83.33,-202.10,0
12217,90.91,-202.06,0
12229,83.33,-202.20,0
12240,90.91,-202.23,0
12252,83.33,-202.56,0
12263,90.91,-202.55,0
12274,90.91,-202.76,0
12286,90.91,-203.16,0
12298,76.92,-202.89,0
12309,90.91,-202.94,0
12320,90.91,-203.22,0
12332,83.33,-202.78,0
12343,90.91,-203.05,0
12355,83.33,-203.10,0
12366,90.91,-203.37,0
12378,83.33,-202.87,0
12389,90.91,-203.38,0
12400,90.91,-203.23,0
12411,90.91,-202.68,0
12424,76.92,-202.25,0
12435,90.91,-202.92,0
12446,90.91,-202.81,0
12457,90.91,-202.11,0
12469,83.33,-202.29,0
12480,90.91,-203.09,0
12492,83.33,-202.74,0
12504,83.33,-202.94,0
12515,90.91,-202.49,0
12526,90.91,-202.80,0
12537,90.91,-202.82,0
12550,83.33,-202.81,0
12561,83.33,-203.14,0
12572,90.91,-202.90,0
12583,90.91,-202.95,0
12595,83.33,-203.40,0
12606,90.91,-203.21,0
12618,83.33,-202.78,0
12630,83.33,-202.57,0
12641,90.91,-202.61,0
12652,90.91,-202.51,0
12663,90.91,-202.38,0
12675,83.33,-202.76,0
12687,83.33,-202.27,0
12698,90.91,-202.49,0
12709,90.91,-202.48,0
12721,83.33,-202.87,0
12732,90.91,-203.20,0
12743,90.91,-202.93,0
12755,83.33,-203.57,0
12767,83.33,-202.86,0
12778,90.91,-202.88,0
12789,90.91,-202.76,0
12801,83.33,-202.36,0
12812,90.91,-202.81,0
12824,83.33,-202.97,0
12835,90.91,-202.74,0
12847,83.33,-202.77,0
12858,90.91,-203.57,0
12869,90.91,-202.90,0
12881,90.91,-203.02,0
12893,76.92,-203.19,0
12904,90.91,-203.22,0
12915,90.91,-202.97,0
12926,90.91,-202.47,0
12938,83.33,-202.72,0
12950,83.33,-202.97,0
12961,90.91,-202.69,0
12973,83.33,-202.64,0
12984,90.91,-202.14,0
12995,90.91,-202.96,0
13006,90.91,-203.71,0
13019,76.92,-204.17,0
13030,90.91,-203.31,0
13041,90.91,-202.97,0
13052,90.91,-202.11,0
13064,83.33,-202.08,0
13075,90.91,-202.49,0
13087,83.33,-202.52,0
13099,83.33,-202.22,0
13110,90.91,-203.07,0
13121,90.91,-202.79,0
13132,90.91,-202.35,0
13145,83.33,-202.38,0
13156,83.33,-202.98,0
13167,90.91,-203.44,0
13178,90.91,-203.77,0
13190,83.33,-203.10,0
13201,90.91,-202.48,0
13213,83.33,-202.53,0
13224,90.91,-202.35,0
13236,83.33,-202.16,0
13247,90.91,-202.52,0
13258,90.91,-202.88,0
13270,83.33,-202.60,0
13282,83.33,-203.18,0
13293,90.91,-203.11,0
13304,90.91,-203.35,0
13316,83.33,-203.76,0
13327,90.91,-203.30,0
13338,90.91,-202.78,0
13350,83.33,-202.84,0
13362,83.33,-202.76,0
13373,90.91,-202.70,0
13384,90.91,-202.73,0
13395,90.91,-202.59,0
13408,83.33,-202.35,0
13419,83.33,-202.61,0
13430,90.91,-202.56,0
13442,83.33,-203.19,0
13453,90.91,-202.66,0
13464,90.91,-202.58,0
13476,83.33,-202.56,0
13488,83.33,-202.66,0
13499,90.91,-202.75,0
13510,90.91,-202.60,0
13521,90.91,-202.61,0
13533,83.33,-202.58,0
13545,83.33,-202.69,0
13556,90.91,-202.52,0
13568,83.33,-202.28,0
13579,90.91,-202.78,0
13590,90.91,-203.23,0
13601,90.91,-203.21,0
13614,76.92,-203.16,0
13625,90.91,-203.06,0
13636,90.91,-203.09,0
13647,90.91,-203.17,0
13659,83.33,-202.69,0
13670,90.91,-202.23,0
13682,83.33,-202.49,0
13693,90.91,-202.51,0
13705,83.33,-202.69,0
13716,90.91,-203.03,0
13727,90.91,-202.90,0
13740,83.33,-202.88,0
13751,83.33,-202.97,0
13762,90.91,-202.87,0
13773,90.91,-202.67,0
13785,83.33,-202.58,0
13796,90.91,-202.60,0
13808,83.33,-202.66,0
13819,90.91,-202.42,0
13831,83.33,-202.53,0
13842,90.91,-203.00,0
13853,90.91,-202.90,0
13864,90.91,-202.91,0
13877,76.92,-203.03,0
13888,90.91,-202.91,0
13899,90.91,-202.87,0
13911,83.33,-202.82,0
13922,90.91,-202.74,0
13933,90.91,-202.91,0
13945,83.33,-202.72,0
13957,83.33,-202.44,0
13968,90.91,-202.48,0
13979,90.91,-202.49,0
13990,90.91,-202.76,0
14003,83.33,-203.05,0
14014,83.33,-203.42,0
14025,90.91,-203.00,0
14036,90.91,-203.09,0
14048,83.33,-203.63,0
14059,90.91,-203.27,0
14071,83.33,-203.01,0
14083,83.33,-202.72,0
14094,90.91,-202.63,0
14105,90.91,-202.49,0
14116,90.91,-203.11,0
14128,83.33,-203.45,0
14140,83.33,-203.14,0
14151,90.91,-202.72,0
14162,90.91,-203.05,0
14174,83.33,-203.14,0
14185,90.91,-203.37,0
14196,90.91,-202.67,0
14209,76.92,-202.86,0
14220,90.91,-202.70,0
14231,90.91,-202.39,0
14242,90.91,-202.48,0
14254,83.33,-202.93,0
14265,90.91,-203.03,0
14277,83.33,-202.97,0
14288,90.91,-203.23,0
14300,83.33,-203.77,0
14311,90.91,-203.22,0
14322,90.91,-203.32,0
14334,90.91,-202.99,0
14346,76.92,-202.50,0
14357,90.91,-202.14,0
14368,90.91,-202.42,0
14380,83.33,-202.92,0
14391,90.91,-202.92,0
14403,83.33,-202.45,0
14414,90.91,-202.70,0
14426,83.33,-202.52,0
14437,90.91,-203.15,0
14448,90.91,-203.44,0
14459,90.91,-202.96,0
14472,76.92,-202.50,0
14483,90.91,-202.32,0
14494,90.91,-202.65,0
14505,90.91,-202.70,0
14517,83.33,-202.83,0
14528,90.91,-202.95,0
14540,83.33,-202.59,0
14552,83.33,-202.52,0
14563,90.91,-202.41,0
14574,90.91,-202.93,0
14585,90.91,-203.21,0
14598,83.33,-203.54,0
14609,83.33,-203.02,0
14620,90.91,-202.45,0
14631,90.91,-202.97,0
14643,83.33,-202.69,0
14654,90.91,-203.01,0
14666,83.33,-202.85,0
14678,83.33,-202.74,0
14689,90.91,-202.87,0
14700,90.91,-203.20,0
14711,90.91,-203.35,0
14723,83.33,-203.06,0
14735,83.33,-203.07,0
14746,90.91,-203.19,0
14757,90.91,-202.81,0
14769,83.33,-202.28,0
14780,90.91,-202.34,0
14791,90.91,-203.19,0
14803,83.33,-203.28,0
14815,83.33,-203.28,0
14826,90.91,-203.36,0
14837,90.91,-203.44,0
14849,83.33,-203.18,0
14861,90.91,-203.49,0
14872,83.33,-203.29,0
14883,90.91,-202.77,0
14895,83.33,-202.39,0
14906,90.91,-202.88,0
14917,90.91,-202.81,0
14929,90.91,-202.61,0
14941,83.33,-202.27,0
14952,90.91,-202.64,0
14963,90.91,-202.57,0
14974,90.91,-202.01,0
14986,83.33,-202.83,0
14998,83.33,-203.04,0
15009,90.91,-203.23,0
15021,83.33,-203.53,0
15032,90.91,-203.22,0
15043,90.91,-203.18,0
15054,90.91,-203.15,0
15067,76.92,-202.90,0
15078,90.91,-202.74,0
15089,90.91,-202.30,0
15100,90.91,-202.79,0
15112,83.33,-203.04,0
15123,90.91,-202.26,0
15135,83.33,-202.78,0
15147,83.33,-202.75,0
15158,90.91,-203.39,0
15169,90.91,-203.62,0
15180,90.91,-203.53,0
15193,83.33,-202.92,0
15204,83.33,-202.63,0
15215,90.91,-202.59,0
15226,90.91,-202.36,0
15238,83.33,-202.27,0
15249,90.91,-202.76,0
15261,83.33,-203.16,0
15272,90.91,-203.07,0
15284,83.33,-203.19,0
15295,90.91,-203.10,0
15306,90.91,-203.01,0
15318,83.33,-203.06,0
15330,83.33,-203.20,0
15341,90.91,-202.58,0
15352,90.91,-202.06,0
15364,83.33,-201.98,0
15375,90.91,-202.63,0
15386,90.91,-202.38,0
15398,83.33,-202.68,0
15410,83.33,-202.82,0
15421,90.91,-203.04,0
15432,90.91,-203.39,0
15443,90.91,-203.79,0
15456,83.33,-203.64,0
15467,83.33,-202.69,0
15478,90.91,-202.00,0
15490,83.33,-202.61,0
15501,90.91,-202.13,0
15512,90.91,-201.89,0
15524,83.33,-202.59,0
15536,83.33,-202.43,0
15547,90.91,-203.02,0
15558,90.91,-203.76,0
15569,90.91,-203.82,0
15581,83.33,-203.24,0
15593,83.33,-202.70,0
15604,90.91,-202.72,0
15616,83.33,-203.33,0
15627,90.91,-202.88,0
15638,90.91,-203.07,0
15649,90.91,-202.76,0
15662,76.92,-202.64,0
15673,90.91,-202.86,0
15684,90.91,-203.15,0
15695,90.91,-203.08,0
15707,83.33,-203.01,0
15718,90.91,-203.04,0
15730,83.33,-203.11,0
15741,90.91,-203.54,0
15753,83.33,-203.23,0
15764,90.91,-202.57,0
15775,90.91,-202.31,0
15788,83.33,-202.11,0
15799,83.33,-202.30,0
15810,90.91,-202.44,0
15821,90.91,-202.70,0
15833,83.33,-203.00,0
15844,90.91,-203.62,0
15856,83.33,-203.65,0
15867,90.91,-203.32,0
15879,83.33,-203.53,0
15890,90.91,-203.18,0
15901,90.91,-202.66,0
15912,90.91,-202.61,0
15925,76.92,-202.03,0
15936,90.91,-201.87,0
15947,90.91,-202.08,0
15959,83.33,-202.57,0
15970,90.91,-202.62,0
15981,90.91,-203.04,0
15993,83.33,-203.51,0
16005,83.33,-203.31,0
16016,90.91,-203.35,0
16027,90.91,-202.89,0
16038,90.91,-202.46,0
16051,83.33,-202.60,0
16062,83.33,-202.57,0
16073,90.91,-202.72,0
16084,90.91,-202.89,0
16096,83.33,-202.98,0
16107,90.91,-202.91,0
16119,83.33,-202.48,0
16131,83.33,-203.35,0
16142,90.91,-203.39,0
16153,90.91,-203.15,0
16164,90.91,-202.77,0
16176,83.33,-202.60,0
16188,83.33,-202.23,0
16199,90.91,-201.93,0
16210,90.91,-202.27,0
16222,83.33,-202.83,0
16233,90.91,-203.22,0
16244,90.91,-203.09,0
16257,76.92,-202.90,0
16268,90.91,-203.43,0
16279,90.91,-203.37,0
16290,90.91,-202.92,0
16302,83.33,-203.11,0
16313,90.91,-203.15,0
16325,83.33,-202.38,0
16336,90.91,-202.20,0
16348,83.33,-201.96,0
16359,90.91,-201.99,0
16370,90.91,-201.94,0
16382,90.91,-202.49,0
16394,83.33,-203.23,0
16405,90.91,-202.86,0
16416,90.91,-203.31,0
16428,83.33,-203.94,0
16439,90.91,-203.34,0
16451,83.33,-202.38,0
16462,90.91,-202.11,0
16474,83.33,-202.25,0
16485,90.91,-202.26,0
16496,90.91,-202.04,0
16507,90.91,-201.94,0
16520,76.92,-202.78,0
16531,90.91,-203.07,0
16542,90.91,-202.93,0
16553,90.91,-203.19,0
16565,83.33,-203.63,0
16576,90.91,-203.52,0
16588,83.33,-203.64,0
16600,83.33,-202.90,0
16611,90.91,-202.77,0
16622,90.91,-202.88,0
16633,90.91,-202.73,0
16646,83.33,-202.63,0
16657,83.33,-202.48,0
16668,90.91,-202.72,0
16679,90.91,-203.22,0
16691,83.33,-203.53,0
16702,90.91,-203.73,0
16714,83.33,-203.69,0
16726,83.33,-203.32,0
16737,90.91,-203.33,0
16748,90.91,-203.23,0
16759,90.91,-202.41,0
16771,83.33,-201.73,0
16783,83.33,-201.94,0
16794,90.91,-202.65,0
16805,90.91,-203.11,0
16817,83.33,-203.05,0
16828,90.91,-203.02,0
16839,90.91,-203.72,0
16851,83.33,-204.39,0
16863,83.33,-203.82,0
16874,90.91,-202.97,0
16885,90.91,-202.86,0
16897,83.33,-202.82,0
16909,90.91,-201.98,0
16920,83.33,-202.38,0
16931,90.91,-202.50,0
16943,83.33,-202.14,0
16954,90.91,-203.19,0
16965,90.91,-203.80,0
16977,83.33,-202.59,0
16989,83.33,-202.80,0
17000,90.91,-203.35,0
17011,90.91,-203.66,0
17022,90.91,-202.52,0
17034,83.33,-202.15,0
17046,83.33,-202.56,0
17057,90.91,-202.37,0
17069,83.33,-202.36,0
17080,90.91,-202.45,0
17091,90.91,-203.36,0
17102,90.91,-204.01,0
17115,76.92,-204.05,0
17126,90.91,-203.49,0
17137,90.91,-203.41,0
17148,90.91,-203.07,0
17160,83.33,-202.62,0
17171,90.91,-202.66,0
17183,83.33,-202.36,0
17195,83.33,-202.21,0
17206,90.91,-201.97,0
17217,90.91,-202.25,0
17228,90.91,-202.84,0
17241,83.33,-202.78,0
17252,83.33,-202.95,0
17263,90.91,-203.55,0
17274,90.91,-203.86,0
17286,83.33,-203.76,0
17297,90.91,-202.80,0
17309,83.33,-202.83,0
17320,90.91,-202.90,0
17332,83.33,-202.38,0
17343,90.91,-202.50,0
17354,90.91,-202.22,0
17366,83.33,-202.93,0
17378,83.33,-203.46,0
17389,90.91,-203.64,0
17400,90.91,-203.42,0
17412,83.33,-203.65,0
17423,90.91,-203.66,0
17434,90.91,-202.98,0
17446,83.33,-202.57,0
17458,83.33,-202.34,0
17469,90.91,-202.28,0
17480,90.91,-202.66,0
17491,90.91,-202.27,0
17504,83.33,-201.85,0
17515,83.33,-202.47,0
17526,90.91,-202.86,0
17538,83.33,-203.58,0
17549,90.91,-203.56,0
17560,90.91,-203.16,0
17572,83.33,-203.08,0
17584,83.33,-203.21,0
17595,90.91,-203.31,0
17606,90.91,-202.69,0
17617,90.91,-202.45,0
17629,83.33,-202.27,0
17641,83.33,-202.34,0
17652,90.91,-202.43,0
17664,83.33,-202.71,0
17675,90.91,-202.92,0
17686,90.91,-203.14,0
17697,90.91,-203.54,0
17710,76.92,-203.69,0
17721,90.91,-203.25,0
17732,90.91,-202.72,0
17743,90.91,-202.90,0
17755,83.33,-202.65,0
17767,90.91,-202.07,0
17778,83.33,-202.27,0
17789,90.91,-201.70,0
17801,83.33,-202.26,0
17812,90.91,-202.92,0
17823,90.91,-203.34,0
17836,76.92,-203.79,0
17847,90.91,-203.59,0
17858,90.91,-203.92,0
17869,90.91,-203.39,0
17881,83.33,-203.79,0
17892,90.91,-203.00,0
17904,83.33,-202.56,0
17915,90.91,-202.88,0
17927,83.33,-202.75,0
17938,90.91,-202.52,0
17949,90.91,-202.51,0
17960,90.91,-203.16,0
17973,76.92,-203.23,0
17984,90.91,-203.25,0
17995,90.91,-203.51,0
18007,83.33,-203.12,0
18018,90.91,-202.84,0
18029,90.91,-202.63,0
18041,83.33,-202.26,0
18053,83.33,-202.41,0
18064,90.91,-202.40,0
18075,90.91,-202.27,0
18086,90.91,-202.23,0
18099,83.33,-202.39,0
18110,90.91,-202.33,0
18121,90.91,-202.94,0
18132,90.91,-202.99,0
18144,83.33,-202.59,0
18155,90.91,-202.61,0
18167,83.33,-203.02,0
18179,83.33,-202.42,0
18190,90.91,-202.85,0
18201,90.91,-202.55,0
18212,90.91,-202.54,0
18224,83.33,-203.23,0
18236,83.33,-203.34,0
18247,90.91,-202.91,0
18258,90.91,-203.00,0
18270,83.33,-203.79,0
18281,90.91,-203.49,0
18292,90.91,-202.95,0
18305,76.92,-202.34,0
18316,90.91,-202.57,0
18327,90.91,-202.64,0
18338,90.91,-202.28,0
18350,83.33,-201.86,0
18362,90.91,-201.69,0
18373,83.33,-202.74,0
18384,90.91,-203.17,0
18396,83.33,-203.46,0
18407,90.91,-203.06,0
18418,90.91,-203.15,0
18430,83.33,-203.50,0
18442,83.33,-203.74,0
18453,90.91,-202.45,0
18464,90.91,-202.34,0
18476,83.33,-202.15,0
18487,90.91,-201.95,0
18499,83.33,-202.36,0
18510,90.91,-202.65,0
18522,83.33,-202.76,0
18533,90.91,-203.40,0
18544,90.91,-203.10,0
18555,90.91,-202.84,0
18568,76.92,-203.04,0
18579,90.91,-202.97,0
18590,90.91,-202.78,0
18601,90.91,-202.16,0
18613,83.33,-202.17,0
18625,90.91,-203.11,0
18636,83.33,-202.75,0
18648,83.33,-202.41,0
18659,90.91,-202.56,0
18670,90.91,-202.67,0
18681,90.91,-202.91,0
18694,76.92,-203.06,0
18705,90.91,-203.10,0
18716,90.91,-202.95,0
18727,90.91,-202.82,0
18739,83.33,-202.96,0
18750,90.91,-202.93,0
18762,83.33,-202.52,0
18774,83.33,-202.82,0
18785,90.91,-202.63,0
18796,90.91,-202.81,0
18807,90.91,-203.13,0
18819,83.33,-203.15,0
18831,83.33,-203.33,0
18842,90.91,-203.25,0
18853,90.91,-202.40,0
18865,83.33,-203.15,0
18876,90.91,-202.94,0
18887,90.91,-202.81,0
18899,83.33,-202.34,0
18911,83.33,-202.41,0
18922,90.91,-202.08,0
18933,90.91,-202.30,0
18945,83.33,-202.50,0
18957,90.91,-203.26,0
18968,83.33,-203.57,0
18979,90.91,-203.52,0
18991,83.33,-203.39,0
19002,90.91,-203.18,0
19013,90.91,-203.20,0
19025,83.33,-203.41,0
19037,83.33,-202.34,0
19048,90.91,-202.43,0
19059,90.91,-202.61,0
19070,90.91,-202.38,0
19082,83.33,-202.92,0
19094,83.33,-202.84,0
19105,90.91,-202.92,0
19117,83.33,-203.16,0
19128,90.91,-203.28,0
19139,90.91,-203.00,0
19150,90.91,-202.40,0
19163,76.92,-202.17,0
19174,90.91,-202.46,0
19185,90.91,-202.59,0
19196,90.91,-202.49,0
19208,83.33,-202.50,0
19219,90.91,-202.51,0
19231,83.33,-202.80,0
19243,83.33,-202.73,0
19254,90.91,-203.34,0
19265,90.91,-204.34,0
19276,90.91,-203.97,0
19289,83.33,-203.61,0
19300,90.91,-203.32,0
19311,90.91,-202.98,0
19322,90.91,-202.72,0
19334,83.33,-202.27,0
19345,90.91,-202.03,0
19357,83.33,-202.46,0
19368,90.91,-203.52,0
19380,83.33,-203.45,0
19391,90.91,-202.99,0
19402,90.91,-203.16,0
19414,83.33,-202.85,0
19426,83.33,-202.84,0
19437,90.91,-202.87,0
19448,90.91,-203.03,0
19460,83.33,-202.71,0
19471,90.91,-202.62,0
19482,90.91,-202.42,0
19494,83.33,-202.50,0
19506,83.33,-202.30,0
19517,90.91,-202.63,0
19528,90.91,-203.38,0
19539,90.91,-204.06,0
19552,83.33,-203.62,0
19563,83.33,-203.09,0
19574,90.91,-202.64,0
19586,83.33,-202.86,0
19597,90.91,-203.17,0
19608,90.91,-202.36,0
19620,83.33,-201.93,0
19632,83.33,-202.48,0
19643,90.91,-203.05,0
19654,90.91,-202.71,0
19665,90.91,-202.58,0
19677,83.33,-202.67,0
19689,83.33,-202.88,0
19700,90.91,-203.32,0
19712,83.33,-203.19,0
19723,90.91,-202.62,0
19734,90.91,-202.83,0
19745,90.91,-202.55,0
19758,76.92,-202.29,0
19769,90.91,-202.20,0
19780,90.91,-202.04,0
19791,90.91,-202.38,0
19803,83.33,-203.39,0
19814,90.91,-202.79,0
19826,83.33,-202.73,0
19837,90.91,-203.52,0
19849,83.33,-203.24,0
19860,90.91,-202.42,0
19871,90.91,-202.55,0
19884,76.92,-202.77,0
19895,90.91,-202.67,0
19906,90.91,-202.29,0
19917,90.91,-202.17,0
19929,83.33,-202.61,0
19940,90.91,-202.74,0
19952,83.33,-203.68,0
19963,90.91,-203.97,0
19975,83.33,-203.38,0
19986,90.91,-202.88,0
19997,90.91,-202.82,0
20008,90.91,-202.84,0
20021,76.92,-202.51,0
20032,90.91,-202.36,0
20043,90.91,-202.52,0
20055,83.33,-202.16,0
20066,90.91,-202.35,0
20077,90.91,-202.93,0
20089,83.33,-202.63,0
20101,83.33,-203.25,0
20112,90.91,-203.68,0
20123,90.91,-203.08,0
20134,90.91,-203.18,0
20147,83.33,-202.96,0
20158,83.33,-202.47,0
20169,90.91,-202.42,0
20180,90.91,-202.49,0
20192,83.33,-202.89,0
20203,90.91,-203.13,0
20215,83.33,-203.25,0
20227,83.33,-203.14,0
20238,90.91,-203.01,0
20249,90.91,-203.40,0
20260,90.91,-203.23,0
20272,83.33,-203.20,0
20284,83.33,-203.20,0
20295,90.91,-203.01,0
20306,90.91,-202.53,0
20318,83.33,-202.49,0
20329,90.91,-202.51,0
20340,90.91,-202.53,0
20353,76.92,-202.81,0
20364,90.91,-203.27,0
20375,90.91,-203.30,0
20386,90.91,-203.01,0
20398,83.33,-202.57,0
20410,90.91,-203.02,0
20421,83.33,-202.96,0
20432,90.91,-202.71,0
20444,83.33,-202.21,0
20455,90.91,-202.10,0
20466,90.91,-202.33,0
20478,83.33,-203.02,0
20490,83.33,-203.31,0
20501,90.91,-202.95,0
20512,90.91,-202.90,0
20524,83.33,-203.02,0
20535,90.91,-203.20,0
20547,83.33,-203.23,0
20558,90.91,-203.01,0
20570,83.33,-202.90,0
20581,90.91,-202.93,0
20592,90.91,-202.90,0
20603,90.91,-202.47,0
20616,76.92,-202.33,0
20627,90.91,-202.82,0
20638,90.91,-202.87,0
20649,90.91,-203.39,0
20661,83.33,-202.91,0
20672,90.91,-203.03,0
20684,83.33,-203.04,0
20696,83.33,-203.04,0
20707,90.91,-203.17,0
20718,90.91,-202.49,0
20729,90.91,-201.94,0
20742,83.33,-202.45,0
20753,83.33,-202.89,0
20764,90.91,-202.89,0
20775,90.91,-203.15,0
20787,83.33,-202.91,0
20798,90.91,-203.36,0
20810,83.33,-203.47,0
20822,83.33,-203.69,0
20833,90.91,-202.85,0
20844,90.91,-203.28,0
20855,90.91,-202.97,0
20867,83.33,-203.34,0
20879,83.33,-202.73,0
20890,90.91,-202.58,0
20901,90.91,-202.82,0
20913,83.33,-202.89,0
20924,90.91,-203.35,0
20935,90.91,-203.77,0
20947,83.33,-203.49,0
20959,83.33,-203.39,0
20970,90.91,-203.00,0
20981,90.91,-202.40,0
20993,83.33,-202.87,0
21005,90.91,-203.31,0
21016,83.33,-202.92,0
21027,90.91,-202.87,0
21039,83.33,-202.83,0
21050,90.91,-202.35,0
21061,90.91,-202.86,0
21073,83.33,-202.86,0
21085,83.33,-203.27,0
21096,90.91,-203.42,0
21107,90.91,-203.10,0
21118,90.91,-203.44,0
21130,83.33,-203.05,0
21142,83.33,-202.99,0
21153,90.91,-202.31,0
21165,83.33,-202.23,0
21176,90.91,-202.33,0
21187,90.91,-202.24,0
21198,90.91,-202.11,0
21211,76.92,-202.72,0
21222,90.91,-202.64,0
21233,90.91,-202.82,0
21244,90.91,-203.23,0
21256,83.33,-203.62,0
21268,90.91,-202.94,0
21279,83.33,-202.99,0
21291,83.33,-202.77,0
21302,90.91,-202.83,0
21313,90.91,-202.19,0
21324,90.91,-202.58,0
21337,76.92,-202.76,0
21348,90.91,-203.19,0
21359,90.91,-203.54,0
21370,90.91,-203.19,0
21382,83.33,-203.18,0
21393,90.91,-203.09,0
21405,83.33,-203.01,0
21416,90.91,-202.66,0
21428,83.33,-202.54,0
21439,90.91,-203.01,0
21450,90.91,-203.13,0
21462,83.33,-202.58,0
21474,83.33,-202.05,0
21485,90.91,-202.38,0
21496,90.91,-202.42,0
21508,83.33,-203.21,0
21519,90.91,-203.92,0
21531,90.91,-203.64,0
21542,83.33,-203.42,0
21554,83.33,-203.42,0
21565,90.91,-203.37,0
21576,90.91,-203.32,0
21587,90.91,-202.62,0
21600,76.92,-202.56,0
21611,90.91,-202.63,0
21622,90.91,-202.65,0
21634,83.33,-202.97,0
21645,90.91,-202.95,0
21656,90.91,-202.78,0
21668,83.33,-203.14,0
21680,83.33,-203.11,0
21691,90.91,-202.67,0
21702,90.91,-202.68,0
21713,90.91,-202.09,0
21725,83.33,-202.49,0
21737,83.33,-203.31,0
21748,90.91,-202.83,0
21760,83.33,-202.70,0
21771,90.91,-202.85,0
21782,90.91,-202.68,0
21793,90.91,-203.62,0
21806,76.92,-203.59,0
21817,90.91,-203.71,0
21828,90.91,-203.23,0
21839,90.91,-202.92,0
21851,83.33,-202.53,0
21863,90.91,-202.42,0
21874,83.33,-202.55,0
21885,90.91,-202.43,0
21897,83.33,-202.28,0
21908,90.91,-202.44,0
21919,90.91,-202.87,0
21932,76.92,-203.40,0
21943,90.91,-203.50,0
21954,90.91,-203.73,0
21965,90.91,-203.16,0
21977,83.33,-202.65,0
21988,90.91,-203.00,0
22000,83.33,-202.55,0
22011,90.91,-202.22,0
22023,83.33,-202.18,0
22034,90.91,-201.93,0
22045,90.91,-201.89,0
22056,90.91,-202.93,0
22069,76.92,-203.19,0
22080,90.91,-203.02,0
22091,90.91,-202.87,0
22103,83.33,-203.13,0
22114,90.91,-203.75,0
22126,90.91,-203.43,0
22137,83.33,-203.03,0
22149,83.33,-203.33,0
22160,90.91,-202.83,0
22171,90.91,-202.61,0
22182,90.91,-202.59,0
22195,76.92,-202.63,0
22206,90.91,-203.53,0
22217,90.91,-203.63,0
22228,90.91,-203.22,0
22240,83.33,-203.34,0
22251,90.91,-203.20,0
22263,83.33,-203.30,0
22275,83.33,-203.27,0
22286,90.91,-202.71,0
22297,90.91,-202.86,0
22308,90.91,-202.59,0
22320,83.33,-202.49,0
22332,83.33,-202.12,0
22343,90.91,-203.01,0
22354,90.91,-203.33,0
22366,83.33,-202.90,0
22377,90.91,-203.02,0
22389,90.91,-203.22,0
22401,76.92,-203.19,0
22412,90.91,-203.20,0
22423,90.91,-202.71,0
22434,90.91,-202.09,0
22446,83.33,-201.98,0
22458,83.33,-202.03,0
22469,90.91,-202.65,0
22480,90.91,-203.17,0
22492,83.33,-202.89,0
22503,90.91,-203.62,0
22514,90.91,-203.36,0
22526,83.33,-203.42,0
22538,83.33,-202.97,0
22549,90.91,-202.77,0
22560,90.91,-202.27,0
22572,83.33,-202.30,0
22583,90.91,-202.67,0
22595,83.33,-202.48,0
22606,90.91,-202.83,0
22618,83.33,-202.81,0
22629,90.91,-202.92,0
22640,90.91,-202.88,0
22652,90.91,-203.27,0
22664,76.92,-203.06,0
22675,90.91,-202.88,0
22686,90.91,-203.03,0
22697,90.91,-202.97,0
22709,83.33,-202.69,0
22721,83.33,-202.65,0
22732,90.91,-202.30,0
22744,83.33,-201.96,0
22755,90.91,-202.78,0
22766,90.91,-203.43,0
22777,90.91,-203.84,0
22790,76.92,-203.43,0
22801,90.91,-203.18,0
22812,90.91,-202.81,0
22823,90.91,-202.56,0
22835,83.33,-202.82,0
22846,90.91,-203.31,0
22858,83.33,-203.05,0
22870,83.33,-202.67,0
22881,90.91,-202.73,0
22892,90.91,-202.80,0
22903,90.91,-202.92,0
22915,83.33,-203.28,0
22927,83.33,-203.54,0
22938,90.91,-203.55,0
22949,90.91,-203.47,0
22961,83.33,-203.70,0
22972,90.91,-203.15,0
22984,90.91,-202.89,0
22995,83.33,-202.36,0
23007,83.33,-202.53,0
23018,90.91,-202.27,0
23029,90.91,-202.06,0
23041,83.33,-202.55,0
23053,83.33,-202.89,0
23064,90.91,-203.24,0
23075,90.91,-203.56,0
23087,83.33,-203.67,0
23098,90.91,-203.21,0
23109,90.91,-202.96,0
23121,83.33,-202.86,0
23133,83.33,-202.73,0
23144,90.91,-202.71,0
23155,90.91,-202.91,0
23166,90.91,-203.29,0
23178,83.33,-203.00,0
23190,83.33,-202.78,0
23201,90.91,-202.93,0
23213,83.33,-203.21,0
23224,90.91,-203.05,0
23235,90.91,-202.79,0
23247,90.91,-203.14,0
23259,76.92,-203.23,0
23270,90.91,-202.87,0
23281,90.91,-202.67,0
23292,90.91,-202.89,0
23304,83.33,-203.08,0
23316,83.33,-203.39,0
23327,90.91,-203.58,0
23339,83.33,-203.40,0
23350,90.91,-203.15,0
23361,90.91,-203.28,0
23372,90.91,-202.94,0
23385,76.92,-202.91,0
23396,90.91,-202.44,0
23407,90.91,-202.26,0
23418,90.91,-202.89,0
23430,83.33,-202.60,0
23441,90.91,-202.80,0
23453,83.33,-202.73,0
23464,90.91,-202.71,0
23476,83.33,-203.47,0
23487,90.91,-203.37,0
23498,90.91,-203.24,0
23511,83.33,-203.20,0
23522,83.33,-203.25,0
23533,90.91,-202.58,0
23544,90.91,-203.08,0
23556,83.33,-203.21,0
23567,90.91,-202.95,0
23579,83.33,-202.97,0
23590,90.91,-203.19,0
23602,83.33,-202.64,0
23613,90.91,-203.73,0
23624,90.91,-203.58,0
23635,90.91,-203.84,0
23648,76.92,-203.63,0
23659,90.91,-202.66,0
23670,90.91,-202.85,0
23682,83.33,-203.12,0
23693,90.91,-202.62,0
23704,90.91,-202.52,0
23716,83.33,-202.22,0
23728,83.33,-202.49,0
23739,90.91,-202.84,0
23750,90.91,-203.41,0
23761,90.91,-203.37,0
23774,83.33,-203.55,0
23785,83.33,-203.30,0
23796,90.91,-202.89,0
23808,83.33,-202.86,0
23819,90.91,-202.58,0
23830,90.91,-202.81,0
23842,83.33,-202.67,0
23854,83.33,-202.61,0
23865,90.91,-202.87,0
23876,90.91,-203.05,0
23887,90.91,-203.11,0
23899,83.33,-203.55,0
23911,83.33,-203.73,0
23922,90.91,-202.72,0
23933,90.91,-202.89,0
23945,83.33,-203.66,0
23956,90.91,-203.07,0
23967,90.91,-202.68,0
23980,76.92,-202.35,0
23991,90.91,-202.83,0
24002,90.91,-202.85,0
24013,90.91,-202.40,0
24025,83.33,-202.96,0
24036,90.91,-203.72,0
24048,83.33,-203.32,0
24059,90.91,-203.32,0
24071,83.33,-203.47,0
24082,90.91,-203.00,0
24093,90.91,-202.92,0
24105,90.91,-202.45,0
24117,76.92,-202.25,0
24128,90.91,-202.28,0
24139,90.91,-202.63,0
24151,83.33,-202.46,0
24162,90.91,-202.37,0
24174,83.33,-203.10,0
24185,90.91,-202.87,0
24197,83.33,-202.85,0
24208,90.91,-203.53,0
24219,90.91,-202.76,0
24230,90.91,-202.64,0
24243,76.92,-202.35,0
24254,90.91,-201.94,0
24265,90.91,-201.78,0
24276,90.91,-202.33,0
24288,83.33,-202.43,0
24299,90.91,-202.66,0
24311,83.33,-202.69,0
24323,83.33,-203.33,0
24334,90.91,-203.48,0
24345,90.91,-203.48,0
24356,90.91,-203.59,0
24369,83.33,-203.40,0
24380,83.33,-202.51,0
24391,90.91,-202.30,0
24402,90.91,-201.96,0
24414,83.33,-202.14,0
24425,90.91,-202.72,0
24437,83.33,-203.09,0
24449,83.33,-203.46,0
24460,90.91,-203.62,0
24471,90.91,-203.75,0
24482,90.91,-203.83,0
24494,83.33,-203.53,0
24506,83.33,-203.21,0
24517,90.91,-202.57,0
24528,90.91,-202.19,0
24540,83.33,-202.36,0
24551,90.91,-203.25,0
24562,90.91,-203.04,0
24574,83.33,-203.14,0
24586,83.33,-203.38,0
24597,90.91,-203.22,0
24608,90.91,-203.12,0
24620,83.33,-203.71,0
24632,90.91,-203.68,0
24643,83.33,-203.46,0
24654,90.91,-202.85,0
24666,83.33,-202.27,0
24677,90.91,-202.02,0
24688,90.91,-202.83,0
24700,83.33,-202.56,0
24712,83.33,-202.60,0
24723,90.91,-203.21,0
24734,90.91,-203.20,0
24745,90.91,-203.26,0
24757,83.33,-203.13,0
24769,83.33,-203.32,0
24780,90.91,-203.26,0
24792,83.33,-202.44,0
24803,90.91,-202.26,0
24814,90.91,-202.42,0
24825,90.91,-202.44,0
24838,76.92,-202.15,0
24849,90.91,-202.26,0
24860,90.91,-202.74,0
24871,90.91,-202.60,0
24883,83.33,-202.93,0
24894,90.91,-203.21,0
24906,83.33,-203.71,0
24918,83.33,-203.26,0
24929,90.91,-202.60,0
24940,90.91,-202.39,0
24951,90.91,-202.60,0
24964,76.92,-202.66,0
24975,90.91,-202.70,0
24986,90.91,-203.11,0
24997,90.91,-203.47,0
25009,83.33,-203.07,0
25020,90.91,-202.68,0
25032,83.33,-203.57,0
25043,90.91,-203.85,0
25055,83.33,-203.15,0
25066,90.91,-203.38,0
25077,90.91,-202.87,0
25089,83.33,-202.19,0
25101,83.33,-202.16,0
25112,90.91,-202.37,0
25123,90.91,-202.46,0
25135,83.33,-202.55,0
25146,90.91,-203.04,0
25157,90.91,-203.36,0
25169,83.33,-203.42,0
25181,83.33,-203.71,0
25192,90.91,-203.63,0
25203,90.91,-203.80,0
25214,90.91,-203.29,0
25227,83.33,-202.80,0
25238,83.33,-202.40,0
25249,90.91,-202.38,0
25261,83.33,-202.68,0
25272,90.91,-203.43,0
25283,90.91,-203.48,0
25295,83.33,-202.87,0
25307,83.33,-203.57,0
25318,90.91,-204.15,0
25329,90.91,-203.55,0
25340,90.91,-203.49,0
25352,83.33,-203.24,0
25364,83.33,-202.67,0
25375,90.91,-202.50,0
25387,83.33,-202.29,0
25398,90.91,-202.76,0
25409,90.91,-202.54,0
25420,90.91,-202.59,0
25433,76.92,-202.90,0
25444,90.91,-202.91,0
25455,90.91,-203.32,0
25466,90.91,-203.70,0
25478,83.33,-203.69,0
25490,90.91,-203.41,0
25501,83.33,-202.94,0
25512,90.91,-202.36,0
25524,83.33,-202.26,0
25535,90.91,-202.59,0
25546,90.91,-202.80,0
25559,76.92,-202.41,0
25570,90.91,-202.87,0
25581,90.91,-203.20,0
25592,90.91,-203.57,0
25604,83.33,-203.59,0
25615,90.91,-203.50,0
25627,83.33,-203.55,0
25638,90.91,-203.31,0
25650,83.33,-202.84,0
25661,90.91,-202.61,0
25672,90.91,-202.30,0
25683,90.91,-202.32,0
25696,76.92,-202.67,0
25707,90.91,-202.78,0
25718,90.91,-202.93,0
25730,83.33,-203.47,0
25741,90.91,-203.26,0
25753,90.91,-203.07,0
25764,83.33,-203.20,0
25776,83.33,-203.08,0
25787,90.91,-202.98,0
25798,90.91,-203.09,0
25809,90.91,-203.20,0
25822,76.92,-203.06,0
25833,90.91,-202.93,0
25844,90.91,-203.02,0
25856,83.33,-203.60,0
25867,90.91,-203.42,0
25878,90.91,-203.37,0
25890,83.33,-203.39,0
25902,83.33,-203.69,0
25913,90.91,-203.89,0
25924,90.91,-203.07,0
25935,90.91,-202.80,0
25947,83.33,-203.22,0
25959,83.33,-203.05,0
25970,90.91,-202.71,0
25981,90.91,-202.34,0
25993,83.33,-202.60,0
26004,90.91,-202.71,0
26015,90.91,-202.77,0
26028,76.92,-203.41,0
26039,90.91,-203.03,0
26050,90.91,-202.73,0
26061,90.91,-203.10,0
26073,83.33,-202.74,0
26085,90.91,-203.06,0
26096,83.33,-202.34,0
26107,90.91,-202.70,0
26119,83.33,-202.53,0
26130,90.91,-202.75,0
26141,90.91,-202.89,0
26153,83.33,-202.84,0
26165,83.33,-202.90,0
26176,90.91,-203.40,0
26187,90.91,-203.28,0
26199,83.33,-203.05,0
26210,90.91,-202.96,0
26222,83.33,-202.47,0
26233,90.91,-202.55,0
26245,83.33,-203.19,0
26256,90.91,-202.72,0
26267,90.91,-202.06,0
26278,90.91,-202.41,0
26291,76.92,-202.97,0
26302,90.91,-202.74,0
26313,90.91,-203.25,0
26324,90.91,-203.21,0
26336,83.33,-202.97,0
26348,90.91,-203.07,0
26359,83.33,-203.20,0
26371,83.33,-202.58,0
26382,90.91,-202.58,0
26393,90.91,-202.18,0
26404,90.91,-202.50,0
26417,76.92,-203.72,0
26428,90.91,-203.12,0
26439,90.91,-202.89,0
26450,90.91,-203.46,0
26462,83.33,-203.73,0
26473,90.91,-203.60,0
26485,83.33,-203.32,0
26497,83.33,-202.66,0
26508,90.91,-202.90,0
26519,90.91,-203.25,0
26530,90.91,-203.04,0
26542,83.33,-203.00,0
26554,83.33,-202.99,0
26565,90.91,-203.05,0
26576,90.91,-203.44,0
26588,83.33,-203.11,0
26599,90.91,-203.46,0
26610,90.91,-203.74,0
26622,83.33,-203.57,0
26634,83.33,-202.90,0
26645,90.91,-202.82,0
26656,90.91,-202.94,0
26668,83.33,-202.57,0
26680,90.91,-202.74,0
26691,83.33,-202.63,0
26702,90.91,-202.51,0
26714,83.33,-202.24,0
26725,90.91,-202.74,0
26736,90.91,-202.80,0
26748,83.33,-202.96,0
26760,83.33,-203.33,0
26771,90.91,-203.52,0
26782,90.91,-203.08,0
26793,90.91,-202.84,0
26805,83.33,-203.21,0
26817,83.33,-202.97,0
26828,90.91,-202.48,0
26840,83.33,-202.69,0
26851,90.91,-202.59,0
26862,90.91,-202.52,0
26873,90.91,-202.96,0
26886,76.92,-203.05,0
26897,90.91,-203.11,0
26908,90.91,-203.14,0
26919,90.91,-203.25,0
26931,83.33,-203.24,0
26943,90.91,-202.55,0
26954,83.33,-202.44,0
26966,83.33,-202.82,0
26977,90.91,-202.92,0
26988,90.91,-202.80,0
26999,90.91,-202.65,0
27012,76.92,-202.65,0
27023,90.91,-203.27,0
27034,90.91,-203.32,0
27045,90.91,-203.49,0
27057,83.33,-203.53,0
27068,90.91,-202.83,0
27080,83.33,-202.71,0
27091,90.91,-203.33,0
27103,83.33,-202.71,0
27114,90.91,-202.27,0
27125,90.91,-202.53,0
27137,83.33,-202.72,0
27149,83.33,-202.74,0
27160,90.91,-203.10,0
27171,90.91,-203.42,0
27183,83.33,-203.15,0
27194,90.91,-203.35,0
27205,90.91,-203.28,0
27217,83.33,-202.83,0
27229,83.33,-202.70,0
27240,90.91,-202.37,0
27251,90.91,-201.85,0
27262,90.91,-201.87,0
27275,83.33,-202.42,0
27286,83.33,-203.15,0
27297,90.91,-203.74,0
27309,83.33,-203.77,0
27320,90.91,-203.23,0
27331,90.91,-203.30,0
27343,83.33,-202.77,0
27355,83.33,-203.31,0
27366,90.91,-203.50,0
27377,90.91,-202.49,0
27388,90.91,-202.17,0
27400,83.33,-201.93,0
27412,83.33,-202.47,0
27423,90.91,-202.38,0
27435,83.33,-202.57,0
27446,90.91,-203.42,0
27457,90.91,-203.09,0
27468,90.91,-203.20,0
27481,76.92,-203.30,0
27492,90.91,-203.50,0
27503,90.91,-202.82,0
27514,90.91,-202.71,0
27526,83.33,-202.88,0
27537,90.91,-202.35,0
27549,83.33,-202.47,0
27560,90.91,-202.49,0
27572,83.33,-203.02,0
27583,90.91,-203.37,0
27594,90.91,-203.56,0
27607,83.33,-204.00,0
27618,83.33,-204.09,0
27629,90.91,-203.46,0
27640,90.91,-203.25,0
27652,83.33,-202.76,0
27663,90.91,-202.33,0
27675,83.33,-202.40,0
27686,90.91,-202.36,0
27698,83.33,-202.34,0
27709,90.91,-202.83,0
27720,90.91,-202.96,0
27731,90.91,-203.36,0
27744,76.92,-203.36,0
27755,90.91,-203.40,0
27766,90.91,-203.52,0
27778,83.33,-203.45,0
27789,90.91,-202.63,0
27800,90.91,-202.32,0
27812,83.33,-202.67,0
27824,83.33,-202.55,0
27835,90.91,-203.01,0
27846,90.91,-202.79,0
27857,90.91,-202.76,0
27870,83.33,-203.30,0
27881,83.33,-202.85,0
27892,90.91,-203.36,0
27904,83.33,-203.73,0
27915,90.91,-203.45,0
27926,90.91,-203.59,0
27938,83.33,-203.08,0
27950,83.33,-202.83,0
27961,90.91,-202.39,0
27972,90.91,-202.56,0
27983,90.91,-203.00,0
27995,83.33,-203.21,0
28007,83.33,-202.91,0
28018,90.91,-203.31,0
28029,90.91,-203.58,0
28041,83.33,-203.55,0
28052,90.91,-202.95,0
28063,90.91,-203.48,0
28076,76.92,-203.48,0
28087,90.91,-202.76,0
28098,90.91,-202.07,0
28109,90.91,-201.55,0
28121,83.33,-201.69,0
28132,90.91,-202.50,0
28144,83.33,-203.02,0
28155,90.91,-203.28,0
28167,83.33,-203.48,0
28178,90.91,-203.64,0
28189,90.91,-203.44,0
28201,90.91,-203.19,0
28213,76.92,-202.93,0
28224,90.91,-202.30,0
28235,90.91,-202.26,0
28247,83.33,-202.79,0
28258,90.91,-203.16,0
28270,83.33,-203.24,0
28281,90.91,-202.95,0
28293,83.33,-203.27,0
28304,90.91,-202.99,0
28315,90.91,-203.06,0
28326,90.91,-202.93,0
28339,76.92,-203.34,0
28350,90.91,-203.09,0
28361,90.91,-203.45,0
28372,90.91,-202.84,0
28384,83.33,-202.26,0
28395,90.91,-202.17,0
28407,83.33,-202.16,0
28419,83.33,-203.29,0
28430,90.91,-203.79,0
28441,90.91,-203.53,0
28452,90.91,-203.41,0
28465,83.33,-204.12,0
28476,83.33,-203.67,0
28487,90.91,-203.11,0
28498,90.91,-203.10,0
28510,83.33,-203.60,0
28521,90.91,-203.33,0
28533,83.33,-202.43,0
28545,83.33,-202.42,0
28556,90.91,-203.10,0
28567,90.91,-203.66,0
28578,90.91,-203.01,0
28590,83.33,-203.15,0
28602,83.33,-203.41,0
28613,90.91,-202.98,0
28624,90.91,-203.44,0
28636,83.33,-202.94,0
28647,90.91,-203.23,0
28658,90.91,-203.48,0
28670,83.33,-202.91,0
28682,83.33,-202.19,0
28693,90.91,-202.34,0
28704,90.91,-202.27,0
28716,83.33,-202.97,0
28728,90.91,-203.65,0
28739,83.33,-204.01,0
28750,90.91,-203.75,0
28762,83.33,-203.98,0
28773,90.91,-203.78,0
28784,90.91,-202.78,0
28796,83.33,-202.48,0
28808,83.33,-202.52,0
28819,90.91,-202.48,0
28830,90.91,-203.27,0
28841,90.91,-203.31,0
28853,83.33,-202.84,0
28865,83.33,-202.78,0
28876,90.91,-203.60,0
28888,83.33,-203.52,0
28899,90.91,-203.04,0
28910,90.91,-202.87,0
28921,90.91,-202.40,0
28934,76.92,-202.26,0
28945,90.91,-202.58,0
28956,90.91,-202.90,0
28967,90.91,-202.84,0
28979,83.33,-202.84,0
28990,90.91,-202.55,0
29002,83.33,-202.40,0
29014,83.33,-203.28,0
29025,90.91,-203.56,0
29036,90.91,-203.31,0
29047,90.91,-203.40,0
29060,83.33,-203.18,0
29071,83.33,-202.62,0
29082,90.91,-202.76,0
29093,90.91,-202.36,0
29105,83.33,-202.20,0
29116,90.91,-202.37,0
29128,83.33,-202.45,0
29139,90.91,-202.76,0
29151,83.33,-203.28,0
29162,90.91,-203.19,0
29173,90.91,-202.69,0
29185,83.33,-202.81,0
29197,83.33,-202.91,0
29208,90.91,-202.86,0
29219,90.91,-202.31,0
29231,83.33,-201.97,0
29242,90.91,-201.88,0
29253,90.91,-202.16,0
29265,83.33,-202.38,0
29277,83.33,-202.69,0
29288,90.91,-202.98,0
29299,90.91,-203.21,0
29310,90.91,-202.93,0
29323,83.33,-202.96,0
29334,83.33,-203.13,0
29345,90.91,-203.44,0
29357,83.33,-203.73,0
29368,90.91,-203.56,0
29379,90.91,-202.64,0
29391,90.91,-203.25,0
29403,83.33,-203.28,0
29414,90.91,-203.06,0
29425,90.91,-203.67,0
29436,90.91,-203.41,0
29448,83.33,-203.22,0
29460,83.33,-203.41,0
29471,90.91,-203.77,0
29483,83.33,-203.65,0
29494,90.91,-203.01,0
29505,90.91,-202.83,0
29516,90.91,-202.27,0
29529,76.92,-202.46,0
29540,90.91,-202.76,0
29551,90.91,-203.39,0
29562,90.91,-203.15,0
29574,83.33,-203.59,0
29585,90.91,-203.21,0
29597,83.33,-202.83,0
29608,90.91,-203.42,0
29620,83.33,-203.21,0
29631,90.91,-203.19,0
29642,90.91,-203.26,0
29655,83.33,-203.41,0
29666,83.33,-203.10,0
29677,90.91,-202.55,0
29688,90.91,-202.55,0
29700,83.33,-203.09,0
29711,90.91,-203.40,0
29723,83.33,-203.78,0
29734,90.91,-203.51,0
29746,83.33,-203.14,0
29757,90.91,-203.20,0
29768,90.91,-203.27,0
29779,90.91,-202.59,0
29792,76.92,-202.52,0
29803,90.91,-202.69,0
29814,90.91,-202.55,0
29826,83.33,-202.64,0
29837,90.91,-202.65,0
29848,90.91,-203.04,0
29860,83.33,-203.71,0
29872,83.33,-203.53,0
29883,90.91,-203.59,0
29894,90.91,-203.72,0
29905,90.91,-203.18,0
29917,83.33,-202.47,0
29929,83.33,-203.22,0
29940,90.91,-202.89,0
29952,83.33,-202.37,0
29963,90.91,-202.28,0
29974,90.91,-202.63,0
29986,90.91,-202.64,0
29998,76.92,-202.73,0
30009,90.91,-203.11,0
30020,90.91,-203.95,0
30031,90.91,-203.75,0
30043,83.33,-203.43,0
30055,83.33,-203.49,0
30066,90.91,-202.74,0
30077,90.91,-202.42,0
30089,83.33,-202.54,0
30100,90.91,-202.73,0
30111,90.91,-203.09,0
30124,76.92,-203.89,0
30135,90.91,-203.24,0
30146,90.91,-202.89,0
30157,90.91,-202.64,0
30169,83.33,-202.94,0
30180,90.91,-203.05,0
30192,83.33,-203.64,0
30203,90.91,-202.75,0
30215,83.33,-202.57,0
30226,90.91,-202.34,0
30237,90.91,-202.29,0
30248,90.91,-202.49,0
30261,76.92,-202.97,0
30272,90.91,-203.33,0
30283,90.91,-203.70,0
30295,83.33,-203.59,0
30306,90.91,-203.13,0
30318,90.91,-203.17,0
30329,90.91,-203.10,0
30341,83.33,-202.81,0
30352,90.91,-202.52,0
30363,90.91,-202.14,0
30374,90.91,-202.70,0
30387,76.92,-202.82,0
30398,90.91,-202.79,0
30409,90.91,-202.53,0
30420,90.91,-203.31,0
30432,83.33,-203.37,0
30443,90.91,-203.07,0
30455,83.33,-203.07,0
30467,83.33,-203.04,0
30478,90.91,-202.83,0
30489,90.91,-202.78,0
30500,90.91,-202.52,0
30512,83.33,-202.29,0
30524,83.33,-202.63,0
30535,90.91,-203.19,0
30546,90.91,-203.57,0
30558,83.33,-203.68,0
30569,90.91,-203.58,0
30581,90.91,-203.01,0
30593,76.92,-203.07,0
30604,90.91,-203.54,0
30615,90.91,-203.39,0
30626,90.91,-203.19,0
30638,83.33,-203.40,0
30650,83.33,-203.57,0
30661,90.91,-202.64,0
30672,90.91,-202.86,0
30684,83.33,-202.86,0
30695,90.91,-202.99,0
30706,90.91,-202.93,0
30718,83.33,-203.05,0
30730,83.33,-203.15,0
30741,90.91,-202.81,0
30752,90.91,-203.78,0
30764,83.33,-203.51,0
30775,90.91,-202.98,0
30787,83.33,-202.91,0
30798,90.91,-202.69,0
30810,83.33,-202.39,0
30821,90.91,-202.52,0
30832,90.91,-203.18,0
30844,90.91,-203.14,0
30856,76.92,-203.34,0
30867,90.91,-203.38,0
30878,90.91,-203.65,0
30889,90.91,-203.57,0
30901,83.33,-203.78,0
30913,83.33,-203.23,0
30924,90.91,-203.02,0
30936,83.33,-202.52,0
30947,90.91,-202.76,0
30958,90.91,-202.33,0
30969,90.91,-203.09,0
30982,76.92,-203.19,0
30993,90.91,-203.48,0
31004,90.91,-203.96,0
31015,90.91,-204.11,0
31027,83.33,-204.00,0
31038,90.91,-203.98,0
31050,83.33,-203.28,0
31062,83.33,-203.11,0
31073,90.91,-202.21,0
31084,90.91,-202.25,0
31095,90.91,-202.82,0
31107,83.33,-203.00,0
31119,83.33,-203.21,0
31130,90.91,-203.05,0
31141,90.91,-203.22,0
31153,83.33,-203.23,0
31164,90.91,-203.50,0
31176,90.91,-203.42,0
31187,83.33,-203.30,0
31199,83.33,-203.01,0
31210,90.91,-202.45,0
31221,90.91,-202.53,0
31233,83.33,-202.65,0
31245,83.33,-202.93,0
31256,90.91,-203.33,0
31267,90.91,-203.33,0
31279,83.33,-203.21,0
31290,90.91,-203.18,0
31301,90.91,-203.15,0
31313,83.33,-202.75,0
31325,83.33,-203.25,0
31336,90.91,-203.14,0
31347,90.91,-202.75,0
31358,90.91,-202.93,0
31370,83.33,-202.74,0
31382,83.33,-202.57,0
31393,90.91,-202.51,0
31405,83.33,-202.39,0
31416,90.91,-202.35,0
31427,90.91,-203.13,0
31438,90.91,-203.79,0
31451,76.92,-203.34,0
31462,90.91,-203.50,0
31473,90.91,-203.34,0
31484,90.91,-202.24,0
31496,83.33,-202.52,0
31508,90.91,-202.51,0
31519,83.33,-202.48,0
31531,83.33,-202.63,0
31542,90.91,-202.94,0
31553,90.91,-203.27,0
31564,90.91,-203.26,0
31577,76.92,-203.52,0
31588,90.91,-203.76,0
31599,90.91,-203.52,0
31610,90.91,-203.82,0
31622,83.33,-203.37,0
31633,90.91,-203.10,0
31645,83.33,-202.86,0
31656,90.91,-202.77,0
31668,83.33,-202.91,0
31679,90.91,-202.51,0
31690,90.91,-202.68,0
31702,83.33,-203.26,0
31714,83.33,-203.47,0
31725,90.91,-203.14,0
31736,90.91,-203.47,0
31748,83.33,-203.24,0
31759,90.91,-203.36,0
31771,90.91,-202.80,0
31782,83.33,-202.05,0
31794,83.33,-202.16,0
31805,90.91,-202.69,0
31816,90.91,-202.82,0
31827,90.91,-203.26,0
31840,76.92,-203.58,0
31851,90.91,-203.51,0
31862,90.91,-203.16,0
31874,83.33,-202.96,0
31885,90.91,-203.37,0
31896,90.91,-203.43,0
31908,83.33,-203.32,0
31920,83.33,-202.97,0
31931,90.91,-202.53,0
31942,90.91,-202.86,0
31953,90.91,-202.89,0
31965,83.33,-203.44,0
31977,83.33,-203.49,0
31988,90.91,-203.00,0
32000,83.33,-203.21,0
32011,90.91,-203.58,0
32022,90.91,-204.23,0
32033,90.91,-203.58,0
32046,76.92,-203.28,0
32057,90.91,-202.93,0
32068,90.91,-202.92,0
32079,90.91,-202.63,0
32091,83.33,-202.40,0
32103,90.91,-202.80,0
32114,83.33,-203.10,0
32125,90.91,-203.53,0
32137,83.33,-203.93,0
32148,90.91,-203.35,0
32159,90.91,-202.87,0
32172,76.92,-203.20,0
32183,90.91,-202.95,0
32194,90.91,-203.02,0
32205,90.91,-203.19,0
32217,83.33,-202.51,0
32228,90.91,-202.43,0
32240,83.33,-202.41,0
32251,90.91,-203.20,0
32263,83.33,-203.64,0
32274,90.91,-203.27,0
32285,90.91,-203.21,0
32296,90.91,-203.84,0
32309,76.92,-204.06,0
32320,90.91,-203.39,0
32331,90.91,-203.31,0
32343,83.33,-202.85,0
32354,90.91,-201.96,0
32366,90.91,-202.40,0
32377,83.33,-202.64,0
32389,83.33,-202.89,0
32400,90.91,-203.33,0
32411,90.91,-203.77,0
32422,90.91,-203.77,0
32435,76.92,-203.74,0
32446,90.91,-203.32,0
32457,90.91,-203.20,0
32468,90.91,-203.00,0
32480,83.33,-202.71,0
32491,90.91,-202.98,0
32503,83.33,-203.19,0
32515,83.33,-203.11,0
32526,90.91,-203.05,0
32537,90.91,-202.87,0
32548,90.91,-202.78,0
32560,83.33,-203.26,0
32572,83.33,-203.55,0
32583,90.91,-203.11,0
32594,90.91,-203.38,0
32606,83.33,-203.32,0
32617,90.91,-203.18,0
32628,90.91,-202.66,0
32641,76.92,-202.11,0
32652,90.91,-202.12,0
32663,90.91,-202.43,0
32674,90.91,-202.73,0
32686,83.33,-203.23,0
32698,90.91,-203.26,0
32709,83.33,-203.46,0
32720,90.91,-203.57,0
32732,83.33,-203.73,0
32743,90.91,-203.34,0
32754,90.91,-203.45,0
32766,83.33,-203.07,0
32778,83.33,-202.73,0
32789,90.91,-202.52,0
32800,90.91,-203.20,0
32812,83.33,-202.98,0
32823,90.91,-202.78,0
32835,83.33,-203.00,0
32846,90.91,-203.74,0
32858,83.33,-203.83,0
32869,90.91,-203.64,0
32880,90.91,-203.57,0
32891,90.91,-203.50,0
32904,76.92,-203.20,0
32915,90.91,-202.79,0
32926,90.91,-202.66,0
32937,90.91,-202.76,0
32949,83.33,-202.89,0
32961,90.91,-203.05,0
32972,83.33,-202.85,0
32984,83.33,-203.16,0
32995,90.91,-203.65,0
33006,90.91,-203.85,0
33017,90.91,-203.66,0
33030,76.92,-203.54,0
33041,90.91,-203.13,0
33052,90.91,-202.72,0
33063,90.91,-202.70,0
33075,83.33,-202.86,0
33086,90.91,-202.86,0
33098,83.33,-202.84,0
33110,83.33,-203.08,0
33121,90.91,-203.56,0
33132,90.91,-203.45,0
33143,90.91,-203.11,0
33155,83.33,-202.80,0
33167,83.33,-202.76,0
33178,90.91,-202.77,0
33189,90.91,-202.80,0
33201,83.33,-202.73,0
33212,90.91,-203.05,0
33223,90.91,-203.03,0
33235,83.33,-203.15,0
33247,83.33,-203.24,0
33258,90.91,-203.18,0
33269,90.91,-202.98,0
33281,83.33,-202.95,0
33293,90.91,-202.90,0
33304,83.33,-203.39,0
33315,90.91,-202.85,0
33327,83.33,-203.31,0
33338,90.91,-202.92,0
33349,90.91,-203.06,0
33361,83.33,-202.91,0
33373,83.33,-203.15,0
33384,90.91,-203.11,0
33395,90.91,-203.21,0
33406,90.91,-203.61,0
33418,83.33,-203.59,0
33430,83.33,-203.17,0
33441,90.91,-202.82,0
33453,83.33,-202.82,0
33464,90.91,-202.71,0
33475,90.91,-202.76,0
33486,90.91,-202.81,0
33499,76.92,-202.88,0
33510,90.91,-202.56,0
33521,90.91,-203.13,0
33532,90.91,-203.05,0
33544,83.33,-203.09,0
33556,90.91,-203.63,0
33567,83.33,-203.66,0
33579,83.33,-203.72,0
33590,90.91,-203.48,0
33601,90.91,-203.45,0
33612,90.91,-203.19,0
33625,76.92,-202.59,0
33636,90.91,-202.62,0
33647,90.91,-202.59,0
33658,90.91,-202.85,0
33670,83.33,-202.84,0
33681,90.91,-202.99,0
33693,83.33,-203.07,0
33704,90.91,-202.87,0
33716,83.33,-202.85,0
33727,90.91,-203.21,0
33738,90.91,-203.50,0
33750,83.33,-202.99,0
33762,83.33,-203.25,0
33773,90.91,-202.80,0
33784,90.91,-202.26,0
33796,83.33,-202.65,0
33807,90.91,-203.05,0
33818,90.91,-203.18,0
33830,83.33,-203.29,0
33842,83.33,-203.34,0
33853,90.91,-203.35,0
33864,90.91,-203.59,0
33875,90.91,-203.37,0
33888,83.33,-203.12,0
33899,83.33,-202.98,0
33910,90.91,-202.80,0
33922,83.33,-202.68,0
33933,90.91,-203.03,0
33944,90.91,-203.38,0
33956,83.33,-203.40,0
33968,83.33,-203.19,0
33979,90.91,-203.21,0
33990,90.91,-203.22,0
34001,90.91,-203.23,0
34013,83.33,-203.34,0
34025,83.33,-203.38,0
34036,90.91,-203.18,0
34048,83.33,-202.84,0
34059,90.91,-203.14,0
34070,90.91,-203.19,0
34081,90.91,-203.35,0
34094,76.92,-203.33,0
34105,90.91,-203.71,0
34116,90.91,-203.48,0
34127,90.91,-203.00,0
34139,83.33,-202.81,0
34150,90.91,-203.10,0
34162,83.33,-202.73,0
34173,90.91,-203.35,0
34185,83.33,-203.51,0
34196,90.91,-203.16,0
34207,90.91,-202.72,0
34220,83.33,-202.65,0
34231,83.33,-202.76,0
34242,90.91,-202.94,0
34253,90.91,-202.97,0
34265,83.33,-202.80,0
34276,90.91,-203.23,0
34288,83.33,-203.27,0
34299,90.91,-203.44,0
34311,83.33,-203.46,0
34322,90.91,-203.38,0
34333,90.91,-203.03,0
34344,90.91,-202.80,0
34357,76.92,-202.60,0
34368,90.91,-202.98,0
34379,90.91,-203.26,0
34391,83.33,-202.59,0
34402,90.91,-202.65,0
34413,90.91,-202.94,0
34425,83.33,-203.07,0
34437,83.33,-203.06,0
34448,90.91,-203.03,0
34459,90.91,-202.77,0
34470,90.91,-203.04,0
34483,83.33,-203.17,0
34494,83.33,-202.55,0
34505,90.91,-203.15,0
34516,90.91,-203.22,0
34528,83.33,-202.91,0
34539,90.91,-203.21,0
34551,83.33,-203.23,0
34563,83.33,-202.93,0
34574,90.91,-202.80,0
34585,90.91,-202.80,0
34596,90.91,-202.81,0
34608,83.33,-202.87,0
34620,83.33,-202.63,0
34631,90.91,-202.49,0
34642,90.91,-202.76,0
34654,83.33,-202.97,0
34665,90.91,-203.42,0
34676,90.91,-203.39,0
34689,76.92,-202.81,0
34700,90.91,-203.36,0
34711,90.91,-203.52,0
34722,90.91,-202.78,0
34734,83.33,-202.85,0
34745,90.91,-203.25,0
34757,83.33,-202.83,0
34768,90.91,-203.16,0
34780,83.33,-202.92,0
34791,90.91,-202.41,0
34802,90.91,-203.30,0
34814,90.91,-203.71,0
34826,76.92,-203.64,0
34837,90.91,-202.96,0
34848,90.91,-202.87,0
34860,83.33,-203.84,0
34871,90.91,-203.06,0
34883,83.33,-202.54,0
34894,90.91,-202.86,0
34906,83.33,-203.43,0
34917,90.91,-202.89,0
34928,90.91,-202.91,0
34939,90.91,-203.48,0
34952,76.92,-203.08,0
34963,90.91,-203.43,0
34974,90.91,-203.58,0
34985,90.91,-203.59,0
34997,83.33,-203.04,0
35008,90.91,-203.07,0
35020,83.33,-202.85,0
35032,83.33,-202.58,0
35043,90.91,-202.54,0
35054,90.91,-202.64,0
35065,90.91,-202.95,0
35078,83.33,-203.05,0
35089,83.33,-202.83,0
35100,90.91,-203.17,0
35111,90.91,-203.25,0
35123,83.33,-203.15,0
35134,90.91,-203.52,0
35146,83.33,-203.38,0
35158,83.33,-202.96,0
35169,90.91,-203.70,0
35180,90.91,-203.18,0
35191,90.91,-202.60,0
35203,83.33,-202.91,0
35215,83.33,-203.07,0
35226,90.91,-202.72,0
35237,90.91,-202.89,0
35249,83.33,-203.41,0
35260,90.91,-203.21,0
35271,90.91,-203.73,0
35283,83.33,-204.25,0
35295,83.33,-204.26,0
35306,90.91,-203.35,0
35317,90.91,-202.97,0
35329,83.33,-202.54,0
35340,90.91,-202.56,0
35352,83.33,-202.63,0
35363,90.91,-202.43,0
35375,83.33,-203.03,0
35386,90.91,-203.49,0
35397,90.91,-203.21,0
35409,90.91,-203.11,0
35421,76.92,-203.31,0
35432,90.91,-203.54,0
35443,90.91,-203.19,0
35454,90.91,-202.76,0
35466,83.33,-202.63,0
35478,83.33,-202.27,0
35489,90.91,-202.84,0
35501,83.33,-203.05,0
35512,90.91,-203.40,0
35523,90.91,-202.91,0
35534,90.91,-203.10,0
35547,76.92,-203.43,0
35558,90.91,-203.39,0
35569,90.91,-203.21,0
35580,90.91,-203.77,0
35592,83.33,-203.71,0
35603,90.91,-203.31,0
35615,83.33,-202.72,0
35627,83.33,-202.49,0
35638,90.91,-202.77,0
35649,90.91,-202.99,0
35660,90.91,-202.93,0
35672,83.33,-202.71,0
35684,83.33,-202.81,0
35695,90.91,-203.35,0
35706,90.91,-203.37,0
35718,83.33,-202.87,0
35729,90.91,-203.07,0
35741,83.33,-202.94,0
35752,90.91,-202.43,0
35764,83.33,-202.54,0
35775,90.91,-202.79,0
35786,90.91,-202.90,0
35798,83.33,-202.84,0
35810,83.33,-202.73,0
35821,90.91,-203.41,0
35832,90.91,-203.36,0
35844,83.33,-203.45,0
35855,90.91,-204.17,0
35866,90.91,-203.71,0
35878,83.33,-203.11,0
35890,83.33,-202.84,0
35901,90.91,-203.26,0
35912,90.91,-203.24,0
35923,90.91,-202.91,0
35935,83.33,-202.69,0
35947,83.33,-203.12,0
35958,90.91,-203.12,0
35970,83.33,-203.08,0
35981,90.91,-203.34,0
35992,90.91,-203.37,0
36004,90.91,-203.79,0
36016,76.92,-203.31,0
36027,90.91,-203.12,0
36038,90.91,-202.52,0
36049,90.91,-202.51,0
36061,83.33,-202.04,0
36073,83.33,-202.55,0
36084,90.91,-202.53,0
36096,83.33,-202.44,0
36107,90.91,-202.68,0
36118,90.91,-203.25,0
36129,90.91,-203.59,0
36142,76.92,-203.48,0
36153,90.91,-203.37,0
36164,90.91,-203.37,0
36175,90.91,-203.02,0
36187,83.33,-202.50,0
36198,90.91,-202.42,0
36210,83.33,-202.41,0
36221,90.91,-202.96,0
36233,83.33,-203.21,0
36244,90.91,-203.57,0
36255,90.91,-203.69,0
36268,83.33,-203.98,0
36279,83.33,-203.89,0
36290,90.91,-204.80,0
36301,90.91,-204.01,0
36313,83.33,-203.53,0
36324,90.91,-202.64,0
36336,90.91,-202.25,0
36347,90.91,-202.22,0
36359,83.33,-202.11,0
36370,90.91,-202.78,0
36381,90.91,-203.08,0
36392,90.91,-203.15,0
36405,76.92,-203.06,0
36416,90.91,-203.19,0
36427,90.91,-203.71,0
36439,83.33,-204.00,0
36450,90.91,-203.74,0
36461,90.91,-203.02,0
36473,83.33,-202.66,0
36485,83.33,-202.17,0
36496,90.91,-201.86,0
36507,90.91,-202.37,0
36518,90.91,-202.66,0
36530,83.33,-202.87,0
36542,83.33,-202.90,0
36553,90.91,-204.08,0
36564,90.91,-203.86,0
36576,83.33,-204.06,0
36587,90.91,-203.78,0
36599,90.91,-203.83,0
36611,76.92,-203.16,0
36622,90.91,-202.60,0
36633,90.91,-202.60,0
36644,90.91,-202.80,0
36656,83.33,-203.06,0
36668,83.33,-202.88,0
36679,90.91,-202.87,0
36690,90.91,-203.43,0
36702,83.33,-203.50,0
36713,90.91,-203.33,0
36724,90.91,-203.30,0
36737,76.92,-203.04,0
36748,90.91,-203.15,0
36759,90.91,-202.81,0
36770,90.91,-202.64,0
36782,83.33,-202.58,0
36793,90.91,-202.41,0
36805,83.33,-202.50,0
36816,90.91,-203.00,0
36828,83.33,-202.79,0
36839,90.91,-203.11,0
36850,90.91,-203.52,0
36861,90.91,-203.60,0
36874,76.92,-203.97,0
36885,90.91,-203.66,0
36896,90.91,-203.34,0
36908,83.33,-202.44,0
36919,90.91,-201.93,0
36931,90.91,-202.48,0
36942,83.33,-202.39,0
36954,83.33,-202.65,0
36965,90.91,-203.22,0
36976,90.91,-203.56,0
36987,90.91,-203.63,0
37000,76.92,-203.51,0
37011,90.91,-203.28,0
37022,90.91,-203.10,0
37033,90.91,-203.15,0
37045,83.33,-203.00,0
37056,90.91,-202.32,0
37068,83.33,-202.15,0
37080,83.33,-202.10,0
37091,90.91,-202.48,0
37102,90.91,-203.10,0
37113,90.91,-203.34,0
37125,83.33,-204.21,0
37137,83.33,-204.23,0
37148,90.91,-203.79,0
37159,90.91,-203.74,0
37171,83.33,-203.50,0
37182,90.91,-202.71,0
37193,90.91,-201.90,0
37206,76.92,-201.69,0
37217,90.91,-202.63,0
37228,90.91,-202.64,0
37239,90.91,-203.44,0
37251,83.33,-203.29,0
37263,90.91,-203.54,0
37274,83.33,-204.00,0
37285,90.91,-203.95,0
37297,83.33,-204.62,0
37308,90.91,-203.84,0
37319,90.91,-202.66,0
37331,83.33,-202.49,0
37343,83.33,-202.15,0
37354,90.91,-202.36,0
37365,90.91,-202.88,0
37377,83.33,-203.49,0
37388,90.91,-203.53,0
37400,83.33,-203.10,0
37411,90.91,-203.16,0
37423,83.33,-204.14,0
37434,90.91,-204.34,0
37445,90.91,-204.16,0
37456,90.91,-203.48,0
37469,76.92,-203.02,0
37480,90.91,-202.38,0
37491,90.91,-202.35,0
37502,90.91,-202.92,0
37514,83.33,-202.22,0
37526,90.91,-202.43,0
37537,83.33,-202.84,0
37549,83.33,-202.68,0
37560,90.91,-204.16,0
37571,90.91,-204.45,0
37582,90.91,-204.45,0
37595,76.92,-203.48,0
37606,90.91,-202.80,0
37617,90.91,-203.23,0
37628,90.91,-202.50,0
37640,83.33,-202.78,0
37651,90.91,-203.31,0
37663,83.33,-202.69,0
37675,83.33,-203.01,0
37686,90.91,-204.01,0
37697,90.91,-204.10,0
37708,90.91,-204.16,0
37720,83.33,-204.28,0
37732,83.33,-203.95,0
37743,90.91,-203.47,0
37754,90.91,-202.60,0
37766,83.33,-202.27,0
37777,90.91,-202.26,0
37788,90.91,-202.06,0
37800,83.33,-202.35,0
37812,83.33,-202.98,0
37823,90.91,-203.82,0
37834,90.91,-204.50,0
37846,83.33,-203.82,0
37858,90.91,-203.60,0
37869,83.33,-203.29,0
37880,90.91,-203.04,0
37892,83.33,-202.53,0
37903,90.91,-202.24,0
37914,90.91,-202.20,0
37926,83.33,-202.36,0
37938,83.33,-202.35,0
37949,90.91,-203.00,0
37960,90.91,-203.67,0
