66,15.15,-193.43,0
77,90.91,-193.02,0
89,83.33,-192.59,0
100,90.91,-193.97,0
111,90.91,-194.38,0
123,83.33,-194.12,0
135,83.33,-193.01,0
146,90.91,-192.62,0
157,90.91,-192.90,0
168,90.91,-192.59,0
180,83.33,-192.84,0
192,83.33,-193.34,0
203,90.91,-194.41,0
215,83.33,-194.12,0
226,90.91,-193.30,0
237,90.91,-192.64,0
248,90.91,-192.22,0
261,76.92,-192.67,0
272,90.91,-193.34,0
283,90.91,-192.98,0
294,90.91,-193.25,0
306,83.33,-194.03,0
317,90.91,-193.39,0
329,83.33,-193.03,0
340,90.91,-191.75,0
352,83.33,-192.02,0
363,90.91,-193.07,0
374,90.91,-193.14,0
386,83.33,-193.18,0
398,83.33,-193.51,0
409,90.91,-194.41,0
420,90.91,-194.08,0
432,83.33,-192.61,0
443,90.91,-191.87,0
454,90.91,-192.11,0
466,83.33,-192.83,0
478,83.33,-193.00,0
489,90.91,-192.67,0
500,90.91,-193.32,0
512,83.33,-193.68,0
523,90.91,-193.61,0
535,83.33,-192.96,0
546,90.91,-192.13,0
558,83.33,-192.47,0
569,90.91,-193.00,0
580,90.91,-192.80,0
591,90.91,-193.17,0
604,76.92,-193.93,0
615,90.91,-193.89,0
626,90.91,-194.10,0
637,90.91,-193.44,0
649,83.33,-192.20,0
660,90.91,-192.85,0
672,83.33,-193.74,0
684,83.33,-193.09,0
695,90.91,-192.98,0
706,90.91,-193.83,0
717,90.91,-194.16,0
729,83.33,-194.00,0
741,83.33,-193.16,0
752,90.91,-192.20,0
763,90.91,-192.58,0
775,83.33,-193.20,0
786,90.91,-192.75,0
797,90.91,-192.84,0
809,83.33,-193.73,0
821,83.33,-194.71,0
832,90.91,-194.06,0
843,90.91,-192.74,0
855,83.33,-192.45,0
866,90.91,-193.52,0
878,83.33,-193.68,0
889,90.91,-193.63,0
901,83.33,-193.18,0
912,90.91,-193.90,0
923,90.91,-194.20,0
934,90.91,-193.75,0
947,76.92,-192.29,0
958,90.91,-192.27,0
969,90.91,-192.68,0
980,90.91,-193.03,0
992,83.33,-192.70,0
1003,90.91,-192.90,0
1015,83.33,-194.22,0
1027,83.33,-194.68,0
1038,90.91,-193.58,0
1049,90.91,-192.36,0
1060,90.91,-192.53,0
1072,83.33,-192.79,0
1084,83.33,-192.69,0
1095,90.91,-192.60,0
1106,90.91,-192.49,0
1118,83.33,-193.62,0
1129,90.91,-194.89,0
1140,90.91,-193.89,0
1153,83.33,-193.10,0
1164,83.33,-193.22,0
1175,90.91,-192.90,0
1186,90.91,-192.98,0
1198,83.33,-193.13,0
1209,90.91,-193.36,0
1221,90.91,-193.64,0
1232,83.33,-193.99,0
1244,83.33,-193.16,0
1255,90.91,-192.01,0
1266,90.91,-191.66,0
1277,90.91,-192.60,0
1290,83.33,-193.14,0
1301,83.33,-192.74,0
1312,90.91,-193.18,0
1324,83.33,-194.37,0
1335,90.91,-194.06,0
1346,90.91,-192.91,0
1358,83.33,-192.12,0
1370,83.33,-192.20,0
1381,90.91,-192.32,0
1392,90.91,-192.32,0
1403,90.91,-192.26,0
1415,83.33,-192.86,0
1427,90.91,-193.78,0
1438,83.33,-194.13,0
1449,90.91,-193.44,0
1461,83.33,-192.54,0
1472,90.91,-191.99,0
1483,90.91,-192.65,0
1496,83.33,-193.13,0
1507,83.33,-192.45,0
1518,90.91,-193.20,0
1529,90.91,-193.92,0
1541,83.33,-193.83,0
1552,90.91,-192.90,0
1564,90.91,-192.69,0
1575,83.33,-192.71,0
1587,83.33,-193.24,0
1598,90.91,-192.92,0
1609,90.91,-193.17,0
1620,90.91,-193.61,0
1633,83.33,-193.95,0
1644,83.33,-194.32,0
1655,90.91,-193.07,0
1667,83.33,-192.64,0
1678,90.91,-192.60,0
1689,90.91,-193.04,0
1701,90.91,-193.22,0
1713,76.92,-192.70,0
1724,90.91,-192.86,0
1735,90.91,-194.21,0
1746,90.91,-194.68,0
1758,83.33,-192.97,0
1770,90.91,-191.77,0
1781,83.33,-192.05,0
1793,83.33,-193.24,0
1804,90.91,-193.26,0
1815,90.91,-193.48,0
1826,90.91,-193.80,0
1839,83.33,-194.55,0
1850,83.33,-194.15,0
1861,90.91,-192.35,0
1872,90.91,-192.18,0
1884,83.33,-192.74,0
1895,90.91,-192.75,0
1907,90.91,-193.07,0
1918,83.33,-193.03,0
1930,83.33,-193.72,0
1941,90.91,-194.12,0
1952,90.91,-194.06,0
1964,83.33,-192.92,0
1976,90.91,-192.42,0
1987,83.33,-193.47,0
1998,90.91,-193.65,0
2010,83.33,-193.17,0
2021,90.91,-193.02,0
2032,90.91,-193.69,0
2044,90.91,-194.41,0
2056,76.92,-193.39,0
2067,90.91,-192.21,0
2078,90.91,-191.69,0
2089,90.91,-193.22,0
2101,83.33,-193.61,0
2113,90.91,-192.83,0
2124,83.33,-193.08,0
2136,83.33,-193.92,0
2147,90.91,-194.33,0
2158,90.91,-193.16,0
2169,90.91,-192.59,0
2182,83.33,-192.44,0
2193,83.33,-192.93,0
2204,90.91,-192.91,0
2215,90.91,-192.68,0
2227,83.33,-193.27,0
2238,90.91,-194.40,0
2250,90.91,-194.49,0
2262,76.92,-193.45,0
2273,90.91,-193.21,0
2284,90.91,-192.67,0
2295,90.91,-193.46,0
2307,83.33,-193.77,0
2319,90.91,-192.86,0
2330,83.33,-192.57,0
2341,90.91,-193.46,0
2353,83.33,-194.00,0
2364,90.91,-194.24,0
2375,90.91,-193.27,0
2387,90.91,-193.11,0
2399,76.92,-193.32,0
2410,90.91,-192.83,0
2421,90.91,-192.48,0
2433,83.33,-192.87,0
2444,90.91,-193.96,0
2456,90.91,-194.11,0
2467,83.33,-192.66,0
2479,83.33,-192.09,0
2490,90.91,-192.30,0
2501,90.91,-192.69,0
2512,90.91,-193.48,0
2525,83.33,-192.96,0
2536,83.33,-192.87,0
2547,90.91,-193.62,0
2558,90.91,-194.27,0
2570,83.33,-193.37,0
2581,90.91,-192.54,0
2593,90.91,-193.03,0
2605,76.92,-192.48,0
2616,90.91,-192.52,0
2627,90.91,-192.40,0
2638,90.91,-193.16,0
2650,83.33,-194.67,0
2662,90.91,-194.57,0
2673,83.33,-193.50,0
2684,90.91,-192.26,0
2696,83.33,-192.62,0
2707,90.91,-193.13,0
2718,90.91,-192.96,0
2731,90.91,-192.69,0
2742,76.92,-192.78,0
2753,90.91,-193.78,0
2764,90.91,-193.77,0
2776,83.33,-192.75,0
2787,90.91,-192.40,0
2799,90.91,-192.12,0
2810,83.33,-192.46,0
2822,83.33,-192.31,0
2833,90.91,-192.88,0
2844,90.91,-193.58,0
2855,90.91,-194.68,0
2868,83.33,-194.20,0
2879,83.33,-192.94,0
2890,90.91,-192.81,0
2902,83.33,-193.21,0
2913,90.91,-193.19,0
2924,90.91,-192.94,0
2936,90.91,-193.30,0
2948,76.92,-193.59,0
2959,90.91,-193.64,0
2970,90.91,-194.02,0
2981,90.91,-193.53,0
2993,83.33,-192.98,0
3005,90.91,-193.18,0
3016,83.33,-193.06,0
3027,90.91,-193.66,0
3039,83.33,-193.50,0
3050,90.91,-193.90,0
3061,90.91,-193.80,0
3074,83.33,-193.52,0
3085,83.33,-192.77,0
3096,90.91,-192.22,0
3107,90.91,-192.74,0
3119,83.33,-192.95,0
3130,90.91,-192.90,0
3142,90.91,-193.43,0
3153,83.33,-193.68,0
3165,83.33,-193.76,0
3176,90.91,-193.34,0
3187,90.91,-193.15,0
3198,90.91,-192.57,0
3211,83.33,-192.55,0
3222,83.33,-192.87,0
3233,90.91,-193.17,0
3245,83.33,-193.55,0
3256,90.91,-193.49,0
3267,90.91,-193.59,0
3279,90.91,-193.44,0
3291,76.92,-192.80,0
3302,90.91,-192.70,0
3313,90.91,-192.94,0
3324,90.91,-193.27,0
3336,83.33,-193.24,0
3348,90.91,-192.96,0
3359,83.33,-193.55,0
3371,83.33,-193.61,0
3382,90.91,-192.98,0
3393,90.91,-191.95,0
3404,90.91,-191.65,0
3417,83.33,-191.95,0
3428,83.33,-192.51,0
3439,90.91,-192.67,0
3450,90.91,-192.18,0
3462,83.33,-193.98,0
3473,90.91,-195.61,0
3485,90.91,-194.89,0
3496,83.33,-193.48,0
3508,83.33,-192.55,0
3519,90.91,-193.00,0
3530,90.91,-193.12,0
3542,83.33,-192.95,0
3554,90.91,-194.37,0
3565,83.33,-193.95,0
3576,90.91,-191.85,0
3588,83.33,-190.52,0
3599,90.91,-189.80,0
3610,90.91,-190.36,0
3622,90.91,-192.02,0
3634,76.92,-193.60,0
3645,90.91,-194.56,0
3656,90.91,-194.85,0
3667,90.91,-195.31,0
3679,83.33,-195.25,0
3691,90.91,-194.63,0
3702,83.33,-192.40,0
3714,83.33,-191.07,0
3725,90.91,-191.37,0
3736,90.91,-190.70,0
3747,90.91,-191.39,0
3760,83.33,-192.13,0
3771,83.33,-193.36,0
3782,90.91,-194.51,0
3793,90.91,-194.19,0
3805,83.33,-193.24,0
3816,90.91,-193.01,0
3828,90.91,-193.50,0
3840,76.92,-193.62,0
3851,90.91,-193.53,0
3862,90.91,-193.80,0
3873,90.91,-193.21,0
3885,83.33,-192.48,0
3897,90.91,-191.78,0
3908,83.33,-190.78,0
3919,90.91,-191.99,0
3931,83.33,-192.97,0
3942,90.91,-193.66,0
3953,90.91,-194.63,0
3965,90.91,-194.97,0
3977,76.92,-195.69,0
3988,90.91,-195.65,0
3999,90.91,-193.58,0
4011,83.33,-191.74,0
4022,90.91,-190.85,0
4034,90.91,-191.36,0
4045,83.33,-191.93,0
4057,83.33,-192.54,0
4068,90.91,-193.40,0
4079,90.91,-193.99,0
4090,90.91,-193.88,0
4103,83.33,-193.63,0
4114,83.33,-193.38,0
4125,90.91,-194.04,0
4136,90.91,-194.80,0
4148,83.33,-195.08,0
4159,90.91,-193.56,0
4171,90.91,-192.54,0
4183,76.92,-192.73,0
4194,90.91,-192.15,0
4205,90.91,-191.20,0
4216,90.91,-190.68,0
4228,83.33,-191.85,0
4240,90.91,-192.45,0
4251,83.33,-193.67,0
4262,90.91,-194.64,0
4274,83.33,-195.73,0
4285,90.91,-195.71,0
4296,90.91,-194.62,0
4308,90.91,-193.44,0
4320,76.92,-192.12,0
4331,90.91,-191.64,0
4342,90.91,-191.84,0
4354,83.33,-192.45,0
4365,90.91,-192.14,0
4377,90.91,-193.03,0
4388,83.33,-193.98,0
4400,83.33,-194.27,0
4411,90.91,-194.33,0
4422,90.91,-193.76,0
4433,90.91,-193.33,0
4446,83.33,-193.31,0
4457,83.33,-193.64,0
4468,90.91,-194.09,0
4480,83.33,-193.44,0
4491,90.91,-192.98,0
4502,90.91,-192.15,0
4514,90.91,-191.93,0
4526,76.92,-192.22,0
4537,90.91,-192.52,0
4548,90.91,-193.72,0
4559,90.91,-194.00,0
4571,83.33,-194.10,0
4583,90.91,-194.43,0
4594,83.33,-195.38,0
4605,90.91,-194.39,0
4617,83.33,-193.11,0
4628,90.91,-192.38,0
4639,90.91,-191.06,0
4652,83.33,-191.71,0
4663,83.33,-191.74,0
4674,90.91,-192.11,0
4685,90.91,-193.65,0
4697,83.33,-194.06,0
4708,90.91,-194.07,0
4720,90.91,-193.52,0
4731,83.33,-193.67,0
4743,83.33,-193.33,0
4754,90.91,-193.42,0
4765,90.91,-193.65,0
4776,90.91,-193.48,0
4789,83.33,-193.20,0
4800,83.33,-193.06,0
4811,90.91,-192.51,0
4823,83.33,-192.00,0
4834,90.91,-191.77,0
4845,90.91,-192.56,0
4857,90.91,-192.87,0
4869,76.92,-194.04,0
4880,90.91,-194.85,0
4891,90.91,-195.45,0
4902,90.91,-194.83,0
4914,83.33,-193.97,0
4926,90.91,-193.18,0
4937,83.33,-192.48,0
4948,90.91,-192.09,0
4960,83.33,-191.91,0
4971,90.91,-192.39,0
4982,90.91,-192.97,0
4995,83.33,-193.62,0
5006,83.33,-193.91,0
5017,90.91,-193.50,0
5028,90.91,-193.54,0
5040,83.33,-193.22,0
5051,90.91,-193.27,0
5062,90.91,-192.76,0
5074,83.33,-192.84,0
5086,83.33,-193.61,0
5097,90.91,-193.33,0
5108,90.91,-192.85,0
5120,83.33,-192.79,0
5131,90.91,-192.64,0
5143,83.33,-192.19,0
5154,90.91,-192.14,0
5166,83.33,-192.50,0
5177,90.91,-193.12,0
5188,90.91,-194.59,0
5199,90.91,-194.73,0
5212,76.92,-193.79,0
5223,90.91,-192.93,0
5234,90.91,-192.00,0
5245,90.91,-191.88,0
5257,83.33,-191.86,0
5268,90.91,-192.12,0
5280,83.33,-192.33,0
5292,83.33,-193.31,0
5303,90.91,-194.21,0
5314,90.91,-193.88,0
5325,90.91,-193.54,0
5337,83.33,-193.58,0
5349,83.33,-192.93,0
5360,90.91,-193.04,0
5371,90.91,-193.51,0
5383,83.33,-193.71,0
5394,90.91,-193.89,0
5405,90.91,-193.90,0
5417,83.33,-192.83,0
5429,83.33,-192.18,0
5440,90.91,-192.38,0
5451,90.91,-192.47,0
5463,83.33,-192.57,0
5474,90.91,-192.99,0
5486,83.33,-194.00,0
5497,90.91,-194.75,0
5509,83.33,-194.27,0
5520,90.91,-193.20,0
5531,90.91,-192.63,0
5542,90.91,-192.78,0
5555,76.92,-192.64,0
5566,90.91,-192.22,0
5577,90.91,-191.69,0
5588,90.91,-192.88,0
5600,83.33,-193.88,0
5611,90.91,-193.76,0
5623,83.33,-193.34,0
5635,83.33,-193.08,0
5646,90.91,-193.22,0
5657,90.91,-193.09,0
5668,90.91,-192.94,0
5680,83.33,-192.66,0
5692,83.33,-193.28,0
5703,90.91,-194.32,0
5714,90.91,-193.54,0
5726,83.33,-192.47,0
5737,90.91,-192.14,0
5748,90.91,-192.91,0
5761,76.92,-192.69,0
5772,90.91,-192.79,0
5783,90.91,-192.91,0
5794,90.91,-194.18,0
5806,83.33,-194.73,0
5817,90.91,-194.13,0
5829,83.33,-193.34,0
5840,90.91,-192.81,0
5852,83.33,-192.84,0
5863,90.91,-192.08,0
5874,90.91,-192.04,0
5885,90.91,-193.05,0
5898,76.92,-194.24,0
5909,90.91,-195.03,0
5920,90.91,-193.92,0
5932,83.33,-193.46,0
5943,90.91,-193.26,0
5954,90.91,-193.05,0
5966,83.33,-192.33,0
5978,83.33,-192.05,0
5989,90.91,-192.48,0
6000,90.91,-194.07,0
6011,90.91,-194.54,0
6023,83.33,-194.05,0
6035,83.33,-193.23,0
6046,90.91,-192.05,0
6057,90.91,-192.07,0
6069,83.33,-192.41,0
6080,90.91,-192.62,0
6091,90.91,-193.31,0
6104,76.92,-194.22,0
6115,90.91,-194.87,0
6126,90.91,-194.01,0
6137,90.91,-192.99,0
6149,83.33,-192.96,0
6160,90.91,-193.04,0
6172,83.33,-192.24,0
6183,90.91,-192.66,0
6195,83.33,-193.71,0
6206,90.91,-194.64,0
6217,90.91,-194.50,0
6228,90.91,-194.22,0
6241,76.92,-193.49,0
6252,90.91,-192.97,0
6263,90.91,-192.83,0
6275,83.33,-192.35,0
6286,90.91,-192.55,0
6297,90.91,-193.11,0
6309,83.33,-193.94,0
6321,83.33,-193.31,0
6332,90.91,-192.17,0
6343,90.91,-191.90,0
6354,90.91,-192.41,0
6366,83.33,-193.68,0
6378,83.33,-194.50,0
6389,90.91,-194.25,0
6401,83.33,-193.95,0
6412,90.91,-193.90,0
6423,90.91,-194.01,0
6434,90.91,-194.22,0
6447,76.92,-193.07,0
6458,90.91,-191.77,0
6469,90.91,-192.16,0
6480,90.91,-190.57,0
6492,83.33,-192.30,0
6503,90.91,-193.90,0
6515,83.33,-195.55,0
6526,90.91,-195.35,0
6538,83.33,-194.27,0
6549,90.91,-192.48,0
6560,90.91,-191.70,0
6572,83.33,-193.00,0
6584,83.33,-193.31,0
6595,90.91,-192.94,0
6606,90.91,-193.70,0
6618,83.33,-193.57,0
6629,90.91,-192.72,0
6640,90.91,-192.82,0
6652,83.33,-192.52,0
6664,83.33,-191.76,0
6675,90.91,-191.97,0
6686,90.91,-193.37,0
6697,90.91,-193.85,0
6709,83.33,-194.37,0
6721,83.33,-195.85,0
6732,90.91,-194.77,0
6744,83.33,-193.59,0
6755,90.91,-192.69,0
6766,90.91,-192.47,0
6777,90.91,-193.21,0
6790,76.92,-192.29,0
6801,90.91,-192.49,0
6812,90.91,-192.59,0
6823,90.91,-193.43,0
6835,83.33,-194.32,0
6846,90.91,-193.76,0
6858,83.33,-193.09,0
6870,83.33,-192.65,0
6881,90.91,-192.79,0
6892,90.91,-193.43,0
6903,90.91,-193.79,0
6915,83.33,-193.26,0
6927,83.33,-193.15,0
6938,90.91,-193.65,0
6949,90.91,-193.01,0
6961,83.33,-192.48,0
6972,90.91,-192.37,0
6983,90.91,-192.59,0
6995,83.33,-193.31,0
7007,83.33,-194.32,0
7018,90.91,-193.92,0
7029,90.91,-193.76,0
7041,83.33,-193.32,0
7052,90.91,-192.26,0
7064,83.33,-191.14,0
7075,90.91,-191.54,0
7087,83.33,-192.85,0
7098,90.91,-193.13,0
7109,90.91,-195.29,0
7120,90.91,-194.39,0
7133,76.92,-193.28,0
7144,90.91,-194.32,0
7155,90.91,-193.89,0
7166,90.91,-191.80,0
7178,83.33,-190.84,0
7189,90.91,-192.19,0
7201,83.33,-192.86,0
7213,83.33,-193.34,0
7224,90.91,-192.43,0
7235,90.91,-192.94,0
7246,90.91,-193.83,0
7258,83.33,-194.03,0
7270,83.33,-192.67,0
7281,90.91,-192.76,0
7292,90.91,-193.05,0
7304,83.33,-194.02,0
7315,90.91,-193.57,0
7326,90.91,-193.14,0
7339,76.92,-192.45,0
7350,90.91,-193.16,0
7361,90.91,-193.24,0
7372,90.91,-192.19,0
7384,83.33,-191.64,0
7395,90.91,-191.93,0
7407,83.33,-193.65,0
7418,90.91,-194.47,0
7430,83.33,-193.44,0
7441,90.91,-193.92,0
7452,90.91,-194.21,0
7463,90.91,-194.91,0
7476,76.92,-192.90,0
7487,90.91,-191.08,0
7498,90.91,-191.61,0
7510,83.33,-193.51,0
7521,90.91,-193.64,0
7532,90.91,-192.28,0
7544,83.33,-192.77,0
7556,83.33,-193.53,0
7567,90.91,-192.45,0
7578,90.91,-192.33,0
7589,90.91,-192.43,0
7601,83.33,-192.71,0
7613,83.33,-193.97,0
7624,90.91,-193.92,0
7635,90.91,-193.42,0
7647,83.33,-193.55,0
7658,90.91,-194.00,0
7669,90.91,-193.78,0
7682,76.92,-192.13,0
7693,90.91,-192.37,0
7704,90.91,-193.04,0
7715,90.91,-193.40,0
7727,83.33,-193.51,0
7738,90.91,-193.32,0
7750,83.33,-193.30,0
7761,90.91,-193.77,0
7773,83.33,-193.11,0
7784,90.91,-192.13,0
7795,90.91,-192.19,0
7806,90.91,-192.52,0
7819,76.92,-193.70,0
7830,90.91,-193.79,0
7841,90.91,-193.54,0
7853,83.33,-193.58,0
7864,90.91,-193.52,0
7875,90.91,-192.34,0
7887,83.33,-191.23,0
7899,83.33,-191.90,0
7910,90.91,-193.17,0
7921,90.91,-194.53,0
7932,90.91,-193.95,0
7944,83.33,-193.24,0
7956,83.33,-193.85,0
7967,90.91,-194.06,0
7979,83.33,-192.98,0
7990,90.91,-192.04,0
8001,90.91,-191.73,0
8012,90.91,-193.50,0
8025,76.92,-193.71,0
8036,90.91,-193.46,0
8047,90.91,-192.59,0
8058,90.91,-193.42,0
8070,83.33,-194.32,0
8081,90.91,-193.12,0
8093,83.33,-192.02,0
8104,90.91,-192.31,0
8116,83.33,-193.93,0
8127,90.91,-194.33,0
8138,90.91,-193.57,0
8150,83.33,-192.57,0
8162,83.33,-192.97,0
8173,90.91,-193.10,0
8184,90.91,-193.03,0
8196,83.33,-192.01,0
8207,90.91,-192.16,0
8218,90.91,-194.11,0
8230,83.33,-193.99,0
8242,83.33,-193.52,0
8253,90.91,-193.81,0
8264,90.91,-193.85,0
8275,90.91,-194.49,0
8287,83.33,-193.13,0
8299,83.33,-191.58,0
8310,90.91,-192.14,0
8322,83.33,-193.13,0
8333,90.91,-193.63,0
8344,90.91,-193.11,0
8355,90.91,-192.90,0
8368,76.92,-193.31,0
8379,90.91,-193.20,0
8390,90.91,-192.71,0
8401,90.91,-192.45,0
8413,83.33,-193.23,0
8424,90.91,-195.07,0
8436,83.33,-194.20,0
8448,83.33,-193.49,0
8459,90.91,-192.56,0
8470,90.91,-192.63,0
8481,90.91,-192.60,0
8493,83.33,-192.21,0
8505,83.33,-191.51,0
8516,90.91,-191.72,0
8527,90.91,-193.05,0
8539,83.33,-193.58,0
8550,90.91,-194.13,0
8561,90.91,-194.13,0
8573,83.33,-193.66,0
8585,83.33,-193.26,0
8596,90.91,-192.63,0
8607,90.91,-191.56,0
8619,83.33,-192.16,0
8630,90.91,-193.06,0
8642,83.33,-193.40,0
8653,90.91,-192.90,0
8665,83.33,-193.36,0
8676,90.91,-193.22,0
8687,90.91,-193.19,0
8698,90.91,-193.04,0
8711,76.92,-192.59,0
8722,90.91,-193.62,0
8733,90.91,-193.96,0
8744,90.91,-193.69,0
8756,83.33,-193.41,0
8767,90.91,-193.43,0
8779,83.33,-192.83,0
8791,83.33,-192.26,0
8802,90.91,-192.10,0
8813,90.91,-192.47,0
8824,90.91,-193.18,0
8836,83.33,-194.47,0
8848,83.33,-194.86,0
8859,90.91,-194.59,0
8870,90.91,-194.17,0
8882,83.33,-194.67,0
8893,90.91,-193.51,0
8904,90.91,-192.68,0
8916,83.33,-192.27,0
8928,83.33,-192.62,0
8939,90.91,-192.87,0
8950,90.91,-193.10,0
8962,83.33,-193.79,0
8973,90.91,-194.32,0
8985,83.33,-193.88,0
8996,90.91,-193.11,0
9008,83.33,-192.71,0
9019,90.91,-192.72,0
9030,90.91,-193.82,0
9041,90.91,-194.58,0
9054,76.92,-193.85,0
9065,90.91,-193.12,0
9076,90.91,-193.25,0
9088,83.33,-192.90,0
9099,90.91,-193.05,0
9110,90.91,-193.20,0
9122,83.33,-193.25,0
9134,83.33,-193.61,0
9145,90.91,-193.89,0
9156,90.91,-193.80,0
9167,90.91,-194.30,0
9179,83.33,-194.20,0
9191,83.33,-193.73,0
9202,90.91,-192.95,0
9213,90.91,-191.61,0
9225,83.33,-191.61,0
9236,90.91,-192.68,0
9248,90.91,-193.21,0
9260,76.92,-193.94,0
9271,90.91,-193.79,0
9282,90.91,-194.07,0
9293,90.91,-193.99,0
9305,83.33,-193.25,0
9317,90.91,-192.45,0
9328,83.33,-192.80,0
9339,90.91,-193.32,0
9351,83.33,-193.19,0
9362,90.91,-193.47,0
9373,90.91,-193.50,0
9385,90.91,-193.70,0
9397,76.92,-193.43,0
9408,90.91,-192.64,0
9419,90.91,-192.70,0
9431,83.33,-193.09,0
9442,90.91,-193.96,0
9454,90.91,-194.42,0
9465,83.33,-194.19,0
9477,83.33,-194.15,0
9488,90.91,-194.21,0
9499,90.91,-193.35,0
9510,90.91,-191.86,0
9522,83.33,-191.66,0
9534,83.33,-192.18,0
9545,90.91,-192.92,0
9556,90.91,-193.47,0
9568,83.33,-193.68,0
9579,90.91,-193.43,0
9591,90.91,-193.94,0
9603,76.92,-193.58,0
9614,90.91,-192.34,0
9625,90.91,-192.51,0
9636,90.91,-192.40,0
9648,83.33,-192.61,0
9660,90.91,-193.04,0
9671,83.33,-193.03,0
9682,90.91,-193.29,0
9694,83.33,-193.03,0
9705,90.91,-192.11,0
9716,90.91,-192.22,0
9729,83.33,-192.67,0
9740,83.33,-193.51,0
9751,90.91,-193.32,0
9762,90.91,-193.05,0
9774,83.33,-192.98,0
9785,90.91,-193.47,0
9797,90.91,-193.00,0
9808,83.33,-192.52,0
9820,83.33,-191.56,0
9831,90.91,-191.67,0
9842,90.91,-192.46,0
9853,90.91,-192.69,0
9866,83.33,-193.14,0
9877,83.33,-193.38,0
9888,90.91,-193.53,0
9900,83.33,-193.37,0
9911,90.91,-193.61,0
9922,90.91,-192.98,0
9934,90.91,-192.67,0
9946,76.92,-193.35,0
9957,90.91,-193.27,0
9968,90.91,-193.29,0
9979,90.91,-193.36,0
9991,83.33,-193.80,0
10003,90.91,-193.26,0
10014,83.33,-192.44,0
10025,90.91,-192.00,0
10037,83.33,-192.31,0
10048,90.91,-193.26,0
10059,90.91,-193.87,0
10072,83.33,-193.64,0
10083,83.33,-193.75,0
10094,90.91,-194.35,0
10105,90.91,-193.47,0
10117,83.33,-192.09,0
10128,90.91,-191.65,0
10140,90.91,-191.56,0
10151,83.33,-192.13,0
10163,83.33,-193.53,0
10174,90.91,-193.87,0
10185,90.91,-194.31,0
10196,90.91,-193.70,0
10209,83.33,-193.43,0
10220,83.33,-193.03,0
10231,90.91,-192.26,0
10243,83.33,-192.62,0
10254,90.91,-192.88,0
10265,90.91,-192.84,0
10277,90.91,-192.82,0
10289,76.92,-193.17,0
10300,90.91,-192.59,0
10311,90.91,-192.36,0
10322,90.91,-192.36,0
10334,83.33,-192.35,0
10346,90.91,-192.83,0
10357,83.33,-193.81,0
10369,83.33,-194.38,0
10380,90.91,-194.53,0
10391,90.91,-194.62,0
10402,90.91,-194.35,0
10415,83.33,-193.46,0
10426,83.33,-192.14,0
10437,90.91,-191.59,0
10448,90.91,-191.57,0
10460,83.33,-192.37,0
10471,90.91,-192.48,0
10483,90.91,-193.17,0
10494,83.33,-193.75,0
10506,83.33,-193.53,0
10517,90.91,-193.64,0
10528,90.91,-193.48,0
10540,83.33,-193.47,0
10552,90.91,-192.95,0
10563,83.33,-193.47,0
10574,90.91,-193.42,0
10586,83.33,-193.24,0
10597,90.91,-193.20,0
10608,90.91,-192.49,0
10620,90.91,-191.77,0
10632,76.92,-191.98,0
10643,90.91,-192.25,0
10654,90.91,-192.43,0
10665,90.91,-193.16,0
10677,83.33,-193.54,0
10689,90.91,-193.84,0
10700,83.33,-194.51,0
10712,83.33,-194.09,0
10723,90.91,-193.00,0
10734,90.91,-192.03,0
10745,90.91,-191.18,0
10758,83.33,-191.81,0
10769,83.33,-191.78,0
10780,90.91,-192.36,0
10791,90.91,-193.02,0
10803,83.33,-193.48,0
10814,90.91,-193.63,0
10826,90.91,-193.50,0
10838,76.92,-193.17,0
10849,90.91,-193.28,0
10860,90.91,-193.49,0
10871,90.91,-193.56,0
10883,83.33,-193.83,0
10895,90.91,-193.59,0
10906,83.33,-192.90,0
10917,90.91,-192.67,0
10929,83.33,-191.47,0
10940,90.91,-191.43,0
10951,90.91,-191.85,0
10963,90.91,-193.39,0
10975,76.92,-193.57,0
10986,90.91,-194.49,0
10997,90.91,-194.51,0
11009,83.33,-193.67,0
11020,90.91,-194.18,0
11032,90.91,-192.39,0
11043,83.33,-191.16,0
11055,83.33,-191.26,0
11066,90.91,-192.07,0
11077,90.91,-192.13,0
11088,90.91,-192.41,0
11101,83.33,-192.88,0
11112,83.33,-193.43,0
11123,90.91,-192.96,0
11134,90.91,-192.46,0
11146,83.33,-192.94,0
11157,90.91,-193.28,0
11169,90.91,-193.25,0
11181,76.92,-193.50,0
11192,90.91,-193.82,0
11203,90.91,-193.55,0
11214,90.91,-192.86,0
11226,83.33,-192.28,0
11238,90.91,-191.67,0
11249,83.33,-191.73,0
11260,90.91,-192.28,0
11272,83.33,-192.91,0
11283,90.91,-193.28,0
11294,90.91,-194.08,0
11307,90.91,-194.34,0
11318,76.92,-194.34,0
11329,90.91,-193.38,0
11340,90.91,-192.07,0
11352,83.33,-192.01,0
11363,90.91,-192.59,0
11375,90.91,-193.09,0
11386,83.33,-192.99,0
11398,83.33,-192.55,0
11409,90.91,-193.37,0
11420,90.91,-193.59,0
11431,90.91,-193.05,0
11444,83.33,-192.35,0
11455,83.33,-192.82,0
11466,90.91,-193.25,0
11478,83.33,-193.38,0
11489,90.91,-193.49,0
11500,90.91,-193.64,0
11512,90.91,-194.16,0
11524,76.92,-193.33,0
11535,90.91,-191.84,0
11546,90.91,-191.10,0
11557,90.91,-191.78,0
11569,83.33,-192.93,0
11581,90.91,-193.60,0
11592,83.33,-193.41,0
11603,90.91,-193.61,0
11615,83.33,-194.26,0
11626,90.91,-194.38,0
11637,90.91,-193.20,0
11650,83.33,-192.41,0
11661,83.33,-192.46,0
11672,90.91,-192.33,0
11683,90.91,-191.95,0
11695,83.33,-191.99,0
11706,90.91,-193.18,0
11718,90.91,-193.77,0
11729,83.33,-193.11,0
11741,83.33,-192.56,0
11752,90.91,-192.87,0
11763,90.91,-193.66,0
11774,90.91,-194.47,0
11787,83.33,-193.64,0
11798,83.33,-193.00,0
11809,90.91,-193.17,0
11821,83.33,-193.05,0
11832,90.91,-193.42,0
11843,90.91,-192.36,0
11855,90.91,-191.64,0
11867,76.92,-192.02,0
11878,90.91,-193.08,0
11889,90.91,-193.45,0
11900,90.91,-193.13,0
11912,83.33,-193.93,0
11924,90.91,-194.89,0
11935,83.33,-194.37,0
11947,83.33,-193.04,0
11958,90.91,-193.11,0
11969,90.91,-193.33,0
11980,90.91,-192.14,0
11993,83.33,-191.94,0
12004,83.33,-192.52,0
12015,90.91,-192.62,0
12026,90.91,-193.07,0
12038,83.33,-193.01,0
12049,90.91,-193.24,0
12061,90.91,-193.24,0
12072,83.33,-193.48,0
12084,83.33,-193.38,0
12095,90.91,-193.44,0
12106,90.91,-193.52,0
12118,83.33,-194.19,0
12130,90.91,-193.77,0
12141,83.33,-192.15,0
12152,90.91,-191.43,0
12164,83.33,-192.00,0
12175,90.91,-192.71,0
12186,90.91,-192.50,0
12198,90.91,-192.63,0
12210,76.92,-193.43,0
12221,90.91,-194.83,0
12232,90.91,-194.96,0
12243,90.91,-193.68,0
12255,83.33,-192.93,0
12267,90.91,-192.22,0
12278,83.33,-192.39,0
12290,83.33,-192.61,0
12301,90.91,-192.57,0
12312,90.91,-193.09,0
12323,90.91,-193.79,0
12336,83.33,-193.60,0
12347,83.33,-192.81,0
12358,90.91,-191.99,0
12369,90.91,-192.86,0
12381,83.33,-193.30,0
12392,90.91,-192.93,0
12404,83.33,-193.74,0
12416,83.33,-194.09,0
12427,90.91,-193.92,0
12438,90.91,-193.86,0
12449,90.91,-192.64,0
12461,83.33,-192.05,0
12473,83.33,-192.42,0
12484,90.91,-192.73,0
12495,90.91,-192.45,0
12507,83.33,-192.56,0
12518,90.91,-193.48,0
12529,90.91,-194.38,0
12541,83.33,-193.48,0
12553,83.33,-192.14,0
12564,90.91,-192.11,0
12575,90.91,-192.45,0
12587,83.33,-192.56,0
12598,90.91,-192.69,0
12610,83.33,-193.09,0
12621,90.91,-193.26,0
12633,83.33,-193.21,0
12644,90.91,-192.87,0
12655,90.91,-192.28,0
12666,90.91,-192.05,0
12679,76.92,-192.85,0
12690,90.91,-192.68,0
12701,90.91,-192.76,0
12712,90.91,-192.99,0
12724,83.33,-193.42,0
12735,90.91,-194.16,0
12747,83.33,-193.26,0
12759,83.33,-191.36,0
12770,90.91,-191.69,0
12781,90.91,-192.46,0
12792,90.91,-192.50,0
12804,83.33,-193.06,0
12816,83.33,-193.30,0
12827,90.91,-193.97,0
12838,90.91,-194.74,0
12850,83.33,-194.18,0
12861,90.91,-193.36,0
12872,90.91,-192.98,0
12884,83.33,-193.74,0
12896,83.33,-192.57,0
12907,90.91,-191.94,0
12918,90.91,-192.57,0
12930,83.33,-193.11,0
12941,90.91,-193.17,0
12953,83.33,-192.76,0
12964,90.91,-192.63,0
12976,83.33,-192.92,0
12987,90.91,-193.17,0
12998,90.91,-193.44,0
13009,90.91,-193.38,0
13022,76.92,-193.26,0
13033,90.91,-193.83,0
13044,90.91,-194.14,0
13056,83.33,-193.32,0
13067,90.91,-192.92,0
13078,90.91,-191.97,0
13090,83.33,-191.67,0
13102,83.33,-192.33,0
13113,90.91,-192.42,0
13124,90.91,-193.15,0
13135,90.91,-194.08,0
13147,83.33,-194.97,0
13159,83.33,-193.85,0
13170,90.91,-192.93,0
13181,90.91,-192.81,0
13193,83.33,-192.61,0
13204,90.91,-193.29,0
13215,90.91,-193.03,0
13228,76.92,-192.60,0
13239,90.91,-193.42,0
13250,90.91,-193.09,0
13261,90.91,-192.39,0
13273,83.33,-191.89,0
13284,90.91,-192.51,0
13296,83.33,-193.60,0
13307,90.91,-193.25,0
13319,83.33,-193.36,0
13330,90.91,-193.62,0
13341,90.91,-194.74,0
13352,90.91,-194.47,0
13365,76.92,-193.21,0
13376,90.91,-192.90,0
13387,90.91,-192.87,0
13399,83.33,-192.28,0
13410,90.91,-192.22,0
13421,90.91,-192.63,0
13433,83.33,-193.35,0
13445,83.33,-194.12,0
13456,90.91,-193.86,0
13467,90.91,-193.12,0
13478,90.91,-192.82,0
13490,83.33,-193.33,0
13502,83.33,-193.56,0
13513,90.91,-193.10,0
13524,90.91,-192.39,0
13536,83.33,-192.85,0
13547,90.91,-193.72,0
13558,90.91,-193.82,0
13571,76.92,-193.45,0
13582,90.91,-192.73,0
13593,90.91,-193.07,0
13604,90.91,-192.81,0
13616,83.33,-193.20,0
13627,90.91,-193.22,0
13639,83.33,-194.47,0
13650,90.91,-195.59,0
13662,83.33,-194.44,0
13673,90.91,-192.99,0
13684,90.91,-192.50,0
13696,83.33,-192.59,0
13708,83.33,-192.40,0
13719,90.91,-192.45,0
13730,90.91,-192.51,0
13742,83.33,-193.56,0
13753,90.91,-194.71,0
13764,90.91,-194.27,0
13776,83.33,-193.06,0
13788,83.33,-193.13,0
13799,90.91,-193.33,0
13810,90.91,-192.93,0
13821,90.91,-192.42,0
13833,83.33,-192.46,0
13845,83.33,-193.58,0
13856,90.91,-193.82,0
13868,83.33,-192.87,0
13879,90.91,-192.16,0
13890,90.91,-192.20,0
13901,90.91,-192.20,0
13914,76.92,-193.52,0
13925,90.91,-193.82,0
13936,90.91,-193.30,0
13947,90.91,-193.89,0
13959,83.33,-194.36,0
13970,90.91,-194.06,0
13982,83.33,-193.00,0
13993,90.91,-192.53,0
14005,83.33,-192.91,0
14016,90.91,-192.76,0
14027,90.91,-191.97,0
14039,83.33,-192.64,0
14051,83.33,-193.20,0
14062,90.91,-193.93,0
14073,90.91,-193.93,0
14085,83.33,-192.74,0
14096,90.91,-192.88,0
14107,90.91,-193.18,0
14119,83.33,-193.84,0
14131,83.33,-192.54,0
14142,90.91,-192.14,0
14153,90.91,-192.83,0
14164,90.91,-192.78,0
14176,83.33,-192.83,0
14188,83.33,-192.10,0
14199,90.91,-192.08,0
14211,83.33,-192.69,0
14222,90.91,-192.93,0
14233,90.91,-192.38,0
14244,90.91,-193.16,0
14257,76.92,-195.30,0
14268,90.91,-194.97,0
14279,90.91,-193.81,0
14290,90.91,-192.68,0
14302,83.33,-192.04,0
14313,90.91,-192.66,0
14325,83.33,-192.79,0
14337,83.33,-192.36,0
14348,90.91,-193.13,0
14359,90.91,-194.47,0
14370,90.91,-194.63,0
14382,83.33,-193.33,0
14394,83.33,-191.95,0
14405,90.91,-192.12,0
14416,90.91,-193.16,0
14428,83.33,-193.15,0
14439,90.91,-193.01,0
14450,90.91,-193.02,0
14462,83.33,-193.94,0
14474,83.33,-193.64,0
14485,90.91,-192.41,0
14496,90.91,-192.21,0
14508,83.33,-192.58,0
14519,90.91,-193.13,0
14531,83.33,-193.52,0
14542,90.91,-193.48,0
14554,83.33,-193.52,0
14565,90.91,-193.97,0
14576,90.91,-193.95,0
14587,90.91,-192.58,0
14600,76.92,-192.20,0
14611,90.91,-192.18,0
14622,90.91,-192.09,0
14633,90.91,-192.29,0
14645,83.33,-192.51,0
14656,90.91,-193.00,0
14668,83.33,-193.55,0
14680,83.33,-193.99,0
14691,90.91,-193.40,0
14702,90.91,-192.29,0
14713,90.91,-192.52,0
14725,83.33,-192.95,0
14737,83.33,-193.30,0
14748,90.91,-192.82,0
14759,90.91,-193.46,0
14771,83.33,-194.25,0
14782,90.91,-193.68,0
14793,90.91,-191.82,0
14806,76.92,-191.64,0
14817,90.91,-192.61,0
14828,90.91,-192.98,0
14839,90.91,-193.74,0
14851,83.33,-193.40,0
14862,90.91,-193.78,0
14874,83.33,-194.83,0
14885,90.91,-194.36,0
14897,83.33,-193.54,0
14908,90.91,-192.83,0
14919,90.91,-192.57,0
14930,90.91,-192.90,0
14943,76.92,-192.13,0
14954,90.91,-192.32,0
14965,90.91,-192.85,0
14977,83.33,-194.34,0
14988,90.91,-193.74,0
14999,90.91,-192.83,0
15011,83.33,-192.39,0
15023,83.33,-192.71,0
15034,90.91,-193.21,0
15045,90.91,-192.88,0
15056,90.91,-192.73,0
15068,83.33,-193.30,0
15080,83.33,-194.11,0
15091,90.91,-192.92,0
15102,90.91,-191.97,0
15114,83.33,-191.91,0
15125,90.91,-192.80,0
15136,90.91,-192.83,0
15149,76.92,-192.48,0
15160,90.91,-193.15,0
15171,90.91,-194.48,0
15182,90.91,-194.49,0
15194,83.33,-193.39,0
15205,90.91,-192.44,0
15217,83.33,-192.58,0
15228,90.91,-192.98,0
15240,83.33,-192.92,0
15251,90.91,-192.11,0
15262,90.91,-192.34,0
15273,90.91,-194.05,0
15286,76.92,-194.02,0
15297,90.91,-193.64,0
15308,90.91,-192.79,0
15320,83.33,-193.45,0
15331,90.91,-193.60,0
15342,90.91,-193.34,0
15354,83.33,-192.71,0
15366,83.33,-192.70,0
15377,90.91,-193.77,0
15388,90.91,-193.94,0
15399,90.91,-193.26,0
15411,83.33,-192.28,0
15423,83.33,-191.96,0
15434,90.91,-192.50,0
15446,83.33,-192.51,0
15457,90.91,-193.17,0
15468,90.91,-193.29,0
15479,90.91,-194.18,0
15492,76.92,-194.84,0
15503,90.91,-193.49,0
15514,90.91,-192.91,0
15525,90.91,-192.54,0
15537,83.33,-192.72,0
15548,90.91,-192.12,0
15560,83.33,-191.58,0
15571,90.91,-192.59,0
15583,83.33,-193.81,0
15594,90.91,-194.08,0
15605,90.91,-193.66,0
15617,83.33,-192.85,0
15629,83.33,-193.26,0
15640,90.91,-193.34,0
15651,90.91,-192.67,0
15663,83.33,-192.86,0
15674,90.91,-193.50,0
15685,90.91,-194.40,0
15697,83.33,-194.19,0
15709,83.33,-193.42,0
15720,90.91,-191.89,0
15731,90.91,-192.34,0
15742,90.91,-192.73,0
15754,83.33,-192.70,0
15766,83.33,-192.42,0
15777,90.91,-193.03,0
15789,83.33,-194.23,0
15800,90.91,-194.42,0
15811,90.91,-193.61,0
15822,90.91,-192.95,0
15835,76.92,-192.79,0
15846,90.91,-192.63,0
15857,90.91,-192.53,0
15868,90.91,-192.82,0
15880,83.33,-193.61,0
15891,90.91,-193.51,0
15903,83.33,-192.42,0
15915,83.33,-192.17,0
15926,90.91,-191.81,0
15937,90.91,-192.45,0
15948,90.91,-192.85,0
15960,83.33,-193.12,0
15972,83.33,-193.98,0
15983,90.91,-194.20,0
15994,90.91,-194.68,0
16006,83.33,-194.23,0
16017,90.91,-193.12,0
16028,90.91,-192.34,0
16040,83.33,-192.20,0
16052,83.33,-192.25,0
16063,90.91,-192.38,0
16074,90.91,-192.29,0
16086,83.33,-193.66,0
16097,90.91,-194.51,0
16109,83.33,-194.16,0
16120,90.91,-193.30,0
16132,83.33,-192.84,0
16143,90.91,-193.94,0
16154,90.91,-193.31,0
16165,90.91,-192.44,0
16178,76.92,-192.29,0
16189,90.91,-193.25,0
16200,90.91,-194.04,0
16211,90.91,-193.57,0
16223,83.33,-192.27,0
16234,90.91,-192.27,0
16246,83.33,-193.21,0
16258,83.33,-193.37,0
16269,90.91,-193.05,0
16280,90.91,-193.17,0
16291,90.91,-193.86,0
16303,83.33,-194.38,0
16315,83.33,-194.05,0
16326,90.91,-192.87,0
16337,90.91,-192.32,0
16349,83.33,-192.17,0
16360,90.91,-192.28,0
16371,90.91,-192.00,0
16384,76.92,-192.27,0
16395,90.91,-193.43,0
16406,90.91,-194.37,0
16417,90.91,-194.07,0
16429,83.33,-193.11,0
16440,90.91,-193.07,0
16452,83.33,-193.64,0
16463,90.91,-193.64,0
16475,83.33,-193.42,0
16486,90.91,-192.40,0
16497,90.91,-192.98,0
16508,90.91,-193.64,0
16521,76.92,-192.90,0
16532,90.91,-191.93,0
16543,90.91,-192.04,0
16555,83.33,-192.93,0
16566,90.91,-192.95,0
16577,90.91,-193.23,0
16589,83.33,-193.38,0
16601,83.33,-194.14,0
16612,90.91,-194.76,0
16623,90.91,-194.07,0
16634,90.91,-192.44,0
16646,83.33,-191.57,0
16658,83.33,-192.14,0
16669,90.91,-192.71,0
16680,90.91,-191.95,0
16692,83.33,-192.57,0
16703,90.91,-193.62,0
16714,90.91,-194.65,0
16727,76.92,-194.07,0
16738,90.91,-193.69,0
16749,90.91,-193.64,0
16760,90.91,-193.19,0
16772,83.33,-192.20,0
16783,90.91,-192.33,0
16795,83.33,-192.27,0
16806,90.91,-193.00,0
16818,83.33,-192.99,0
16829,90.91,-192.26,0
16840,90.91,-192.05,0
16851,90.91,-192.31,0
16864,76.92,-192.72,0
16875,90.91,-193.11,0
16886,90.91,-193.44,0
16898,83.33,-194.05,0
16909,90.91,-194.70,0
16920,90.91,-194.32,0
16932,83.33,-192.87,0
16944,83.33,-192.16,0
16955,90.91,-192.22,0
16966,90.91,-192.31,0
16977,90.91,-192.35,0
16989,83.33,-192.61,0
17001,83.33,-193.41,0
17012,90.91,-194.20,0
17024,83.33,-194.40,0
17035,90.91,-193.50,0
17046,90.91,-192.86,0
17057,90.91,-193.17,0
17070,76.92,-193.64,0
17081,90.91,-193.81,0
17092,90.91,-192.98,0
17103,90.91,-193.17,0
17115,83.33,-193.72,0
17126,90.91,-192.89,0
17138,83.33,-192.49,0
17149,90.91,-192.20,0
17161,83.33,-192.68,0
17172,90.91,-192.86,0
17183,90.91,-192.31,0
17195,83.33,-192.50,0
17207,83.33,-193.96,0
17218,90.91,-194.82,0
17229,90.91,-194.21,0
17241,83.33,-192.76,0
17252,90.91,-192.60,0
17263,90.91,-192.63,0
17275,83.33,-192.56,0
17287,83.33,-192.25,0
17298,90.91,-191.98,0
17309,90.91,-193.27,0
17320,90.91,-194.30,0
17332,83.33,-193.76,0
17344,83.33,-192.88,0
17355,90.91,-193.02,0
17367,83.33,-193.52,0
17378,90.91,-193.98,0
17389,90.91,-192.80,0
17400,90.91,-192.56,0
17413,76.92,-193.32,0
17424,90.91,-193.23,0
17435,90.91,-193.05,0
17446,90.91,-192.21,0
17458,83.33,-191.74,0
17469,90.91,-192.16,0
17481,83.33,-193.08,0
17492,90.91,-193.81,0
17504,83.33,-193.15,0
17515,90.91,-194.16,0
17526,90.91,-194.89,0
17538,83.33,-193.70,0
17550,83.33,-192.82,0
17561,90.91,-191.84,0
17572,90.91,-191.70,0
17584,83.33,-192.00,0
17595,90.91,-191.79,0
17606,90.91,-192.39,0
17618,83.33,-193.74,0
17630,83.33,-194.11,0
17641,90.91,-193.59,0
17652,90.91,-193.01,0
17664,83.33,-192.58,0
17675,90.91,-192.93,0
17687,83.33,-192.48,0
17698,90.91,-192.27,0
17710,83.33,-192.74,0
17721,90.91,-194.11,0
17732,90.91,-193.95,0
17743,90.91,-192.92,0
17756,76.92,-192.19,0
17767,90.91,-192.73,0
17778,90.91,-193.67,0
17789,90.91,-193.42,0
17801,83.33,-193.13,0
17812,90.91,-193.06,0
17824,83.33,-194.06,0
17836,83.33,-194.52,0
17847,90.91,-194.02,0
17858,90.91,-192.74,0
17869,90.91,-192.50,0
17881,83.33,-193.00,0
17893,83.33,-192.99,0
17904,90.91,-192.58,0
17915,90.91,-193.30,0
17927,83.33,-194.11,0
17938,90.91,-194.09,0
17949,90.91,-193.44,0
17961,83.33,-192.66,0
17973,83.33,-193.34,0
17984,90.91,-193.69,0
17995,90.91,-193.51,0
18007,83.33,-192.73,0
18018,90.91,-192.61,0
18030,83.33,-193.83,0
18041,90.91,-194.02,0
18053,83.33,-192.82,0
18064,90.91,-191.79,0
18075,90.91,-191.87,0
18086,90.91,-192.36,0
18099,76.92,-192.80,0
18110,90.91,-192.88,0
18121,90.91,-193.54,0
18132,90.91,-194.27,0
18144,83.33,-194.20,0
18155,90.91,-193.56,0
18167,83.33,-192.23,0
18179,83.33,-192.40,0
18190,90.91,-192.89,0
18201,90.91,-192.95,0
18212,90.91,-192.37,0
18224,83.33,-192.99,0
18236,83.33,-194.29,0
18247,90.91,-193.74,0
18258,90.91,-192.67,0
18270,83.33,-192.65,0
18281,90.91,-192.82,0
18292,90.91,-193.05,0
18305,76.92,-193.41,0
18316,90.91,-193.21,0
18327,90.91,-193.28,0
18338,90.91,-193.83,0
18350,83.33,-193.80,0
18361,90.91,-192.45,0
18373,83.33,-191.47,0
18384,90.91,-191.73,0
18396,83.33,-192.39,0
18407,90.91,-192.44,0
18418,90.91,-192.47,0
18429,90.91,-193.72,0
18442,76.92,-194.54,0
18453,90.91,-194.15,0
18464,90.91,-192.74,0
18476,83.33,-192.00,0
18487,90.91,-192.99,0
18498,90.91,-193.14,0
18510,83.33,-192.47,0
18522,83.33,-192.45,0
18533,90.91,-193.49,0
18544,90.91,-194.27,0
18555,90.91,-193.89,0
18567,83.33,-192.42,0
18579,83.33,-191.72,0
18590,90.91,-192.17,0
18601,90.91,-193.44,0
18613,83.33,-194.01,0
18624,90.91,-193.34,0
18635,90.91,-193.84,0
18648,76.92,-194.44,0
18659,90.91,-193.74,0
18670,90.91,-192.60,0
18681,90.91,-192.20,0
18693,83.33,-192.76,0
18704,90.91,-193.17,0
18716,83.33,-192.60,0
18727,90.91,-192.91,0
18739,83.33,-193.83,0
18750,90.91,-194.51,0
18761,90.91,-193.97,0
18772,90.91,-192.96,0
18785,76.92,-192.32,0
18796,90.91,-193.01,0
18807,90.91,-192.51,0
18819,83.33,-191.88,0
18830,90.91,-191.80,0
18841,90.91,-193.81,0
18853,83.33,-194.85,0
18865,83.33,-193.89,0
18876,90.91,-192.27,0
18887,90.91,-192.01,0
18898,90.91,-192.60,0
18910,83.33,-192.64,0
18922,83.33,-192.12,0
18933,90.91,-192.55,0
18945,83.33,-193.54,0
18956,90.91,-194.24,0
18967,90.91,-193.19,0
18978,90.91,-191.99,0
18991,76.92,-191.76,0
19002,90.91,-192.60,0
19013,90.91,-192.69,0
19024,90.91,-193.00,0
19036,83.33,-193.13,0
19047,90.91,-194.13,0
19059,83.33,-194.45,0
19070,90.91,-193.52,0
19082,83.33,-192.32,0
19093,90.91,-192.82,0
19104,90.91,-193.87,0
19116,83.33,-193.32,0
19128,83.33,-192.08,0
19139,90.91,-193.18,0
19150,90.91,-194.18,0
19162,83.33,-194.01,0
19173,90.91,-193.25,0
19184,90.91,-192.54,0
19196,83.33,-192.55,0
19208,83.33,-192.78,0
19219,90.91,-193.44,0
19230,90.91,-192.54,0
19241,90.91,-193.32,0
19253,83.33,-193.95,0
19265,83.33,-194.28,0
19276,90.91,-193.22,0
19288,83.33,-192.02,0
19299,90.91,-192.10,0
19310,90.91,-192.92,0
19321,90.91,-193.00,0
19334,76.92,-192.82,0
19345,90.91,-193.44,0
19356,90.91,-194.47,0
19367,90.91,-194.59,0
19379,83.33,-193.00,0
19390,90.91,-192.49,0
19402,83.33,-192.32,0
19414,83.33,-192.65,0
19425,90.91,-191.78,0
19436,90.91,-191.92,0
19447,90.91,-193.03,0
19459,83.33,-194.13,0
19471,83.33,-193.96,0
19482,90.91,-192.85,0
19493,90.91,-192.17,0
19505,83.33,-192.54,0
19516,90.91,-192.94,0
19527,90.91,-193.02,0
19539,83.33,-192.68,0
19551,83.33,-193.64,0
19562,90.91,-194.17,0
19573,90.91,-194.17,0
19585,83.33,-192.76,0
19596,90.91,-192.45,0
19608,83.33,-193.20,0
19619,90.91,-193.59,0
19631,83.33,-193.08,0
19642,90.91,-192.58,0
19653,90.91,-193.32,0
19664,90.91,-194.61,0
19677,76.92,-193.79,0
19688,90.91,-192.61,0
19699,90.91,-192.27,0
19710,90.91,-192.48,0
19722,83.33,-192.79,0
19733,90.91,-192.88,0
19745,83.33,-192.56,0
19757,83.33,-193.08,0
19768,90.91,-194.23,0
19779,90.91,-193.69,0
19790,90.91,-192.23,0
19802,83.33,-192.91,0
19814,83.33,-193.72,0
19825,90.91,-193.60,0
19836,90.91,-192.62,0
19848,83.33,-192.62,0
19859,90.91,-194.16,0
19870,90.91,-194.33,0
19883,76.92,-193.16,0
19894,90.91,-191.71,0
19905,90.91,-191.73,0
19916,90.91,-193.06,0
19928,83.33,-193.04,0
19939,90.91,-192.61,0
19951,83.33,-193.16,0
19962,90.91,-194.30,0
19974,83.33,-193.93,0
19985,90.91,-193.34,0
19996,90.91,-192.83,0
20007,90.91,-192.44,0
20020,83.33,-193.16,0
20031,83.33,-193.00,0
20042,90.91,-192.10,0
20054,83.33,-192.30,0
20065,90.91,-193.64,0
20076,90.91,-194.55,0
20088,90.91,-193.89,0
20100,76.92,-192.59,0
20111,90.91,-192.48,0
20122,90.91,-193.85,0
20133,90.91,-193.66,0
20145,83.33,-193.10,0
20157,90.91,-193.49,0
20168,83.33,-193.87,0
20179,90.91,-193.68,0
20191,83.33,-192.50,0
20202,90.91,-191.95,0
20213,90.91,-192.65,0
20226,83.33,-192.71,0
20237,83.33,-192.62,0
20248,90.91,-192.30,0
20259,90.91,-192.81,0
20271,83.33,-194.45,0
20282,90.91,-195.17,0
20294,90.91,-193.36,0
20305,83.33,-192.66,0
20317,83.33,-192.81,0
20328,90.91,-192.95,0
20339,90.91,-192.03,0
20350,90.91,-192.28,0
20363,83.33,-193.09,0
20374,83.33,-193.87,0
20385,90.91,-193.76,0
20397,83.33,-193.25,0
20408,90.91,-192.67,0
20419,90.91,-192.54,0
20431,90.91,-193.44,0
20443,76.92,-193.23,0
20454,90.91,-192.75,0
20465,90.91,-193.92,0
20476,90.91,-194.68,0
20488,83.33,-194.08,0
20500,90.91,-192.57,0
20511,83.33,-191.33,0
20523,83.33,-192.40,0
20534,90.91,-192.61,0
20545,90.91,-191.93,0
20556,90.91,-192.67,0
20569,83.33,-193.59,0
20580,83.33,-194.31,0
20591,90.91,-194.23,0
20602,90.91,-192.61,0
20614,83.33,-191.94,0
20625,90.91,-193.19,0
20637,90.91,-193.90,0
20648,83.33,-193.69,0
20660,83.33,-192.64,0
20671,90.91,-192.94,0
20682,90.91,-193.79,0
20694,83.33,-193.94,0
20705,90.91,-192.32,0
20717,83.33,-192.10,0
20728,90.91,-192.78,0
20740,83.33,-193.07,0
20751,90.91,-192.80,0
20762,90.91,-193.13,0
20773,90.91,-193.68,0
20786,76.92,-193.93,0
20797,90.91,-193.81,0
20808,90.91,-192.24,0
20819,90.91,-191.81,0
20831,83.33,-193.11,0
20842,90.91,-193.78,0
20854,83.33,-192.65,0
20866,83.33,-192.96,0
20877,90.91,-193.84,0
20888,90.91,-194.42,0
20899,90.91,-193.90,0
20911,83.33,-192.60,0
20923,83.33,-192.06,0
20934,90.91,-192.72,0
20945,90.91,-192.39,0
20957,83.33,-192.29,0
20968,90.91,-192.61,0
20979,90.91,-193.32,0
20992,76.92,-193.84,0
21003,90.91,-193.48,0
21014,90.91,-193.38,0
21025,90.91,-193.13,0
21037,83.33,-193.42,0
21048,90.91,-193.47,0
21060,83.33,-193.10,0
21071,90.91,-193.06,0
21083,83.33,-193.44,0
21094,90.91,-194.42,0
21105,90.91,-194.40,0
21116,90.91,-192.37,0
21129,76.92,-192.44,0
21140,90.91,-192.83,0
21151,90.91,-192.85,0
21163,83.33,-192.65,0
21174,90.91,-192.46,0
21185,90.91,-194.15,0
21197,83.33,-195.01,0
21209,83.33,-193.93,0
21220,90.91,-193.26,0
21231,90.91,-193.08,0
21242,90.91,-193.03,0
21254,83.33,-193.07,0
21266,83.33,-192.54,0
21277,90.91,-192.49,0
21288,90.91,-193.09,0
21300,83.33,-193.99,0
21311,90.91,-193.59,0
21322,90.91,-192.66,0
21335,76.92,-192.29,0
21346,90.91,-192.85,0
21357,90.91,-193.13,0
21368,90.91,-192.85,0
21380,83.33,-193.53,0
21391,90.91,-194.74,0
21403,83.33,-194.50,0
21414,90.91,-193.37,0
21426,83.33,-192.10,0
21437,90.91,-192.13,0
21448,90.91,-192.41,0
21459,90.91,-192.82,0
21472,76.92,-192.34,0
21483,90.91,-192.73,0
21494,90.91,-194.02,0
21506,83.33,-194.52,0
21517,90.91,-193.06,0
21528,90.91,-192.08,0
21540,83.33,-192.09,0
21552,83.33,-192.97,0
21563,90.91,-193.64,0
21574,90.91,-193.14,0
21585,90.91,-192.74,0
21597,83.33,-193.86,0
21609,83.33,-193.79,0
21620,90.91,-192.55,0
21632,83.33,-191.32,0
21643,90.91,-191.55,0
21654,90.91,-192.71,0
21665,90.91,-193.11,0
21678,76.92,-193.16,0
21689,90.91,-193.89,0
21700,90.91,-194.31,0
21711,90.91,-194.37,0
21723,83.33,-193.32,0
21734,90.91,-191.82,0
21746,83.33,-191.83,0
21757,90.91,-192.61,0
21769,83.33,-192.56,0
21780,90.91,-192.76,0
21791,90.91,-192.73,0
21803,83.33,-193.91,0
21815,83.33,-193.43,0
21826,90.91,-192.39,0
21837,90.91,-192.08,0
21849,83.33,-192.87,0
21860,90.91,-193.81,0
21871,90.91,-193.33,0
21883,83.33,-192.60,0
21895,83.33,-192.94,0
21906,90.91,-193.76,0
21917,90.91,-193.48,0
21928,90.91,-192.48,0
21940,83.33,-192.36,0
21952,83.33,-193.05,0
21963,90.91,-193.64,0
21975,83.33,-193.21,0
21986,90.91,-193.02,0
21997,90.91,-193.89,0
22008,90.91,-194.98,0
22021,76.92,-194.66,0
22032,90.91,-192.67,0
22043,90.91,-191.68,0
22054,90.91,-192.39,0
22066,83.33,-193.62,0
22077,90.91,-193.06,0
22089,83.33,-192.69,0
22100,90.91,-193.65,0
22112,83.33,-194.09,0
22123,90.91,-193.49,0
22134,90.91,-192.26,0
22146,83.33,-192.33,0
22158,83.33,-192.91,0
22169,90.91,-192.56,0
22180,90.91,-192.77,0
22192,83.33,-192.58,0
22203,90.91,-193.56,0
22214,90.91,-194.52,0
22226,83.33,-193.66,0
22238,83.33,-193.11,0
22249,90.91,-192.82,0
22260,90.91,-193.06,0
22272,83.33,-193.25,0
22283,90.91,-192.63,0
22295,83.33,-192.28,0
22306,90.91,-193.54,0
22318,83.33,-194.00,0
22329,90.91,-193.22,0
22340,90.91,-192.13,0
22351,90.91,-192.20,0
22364,76.92,-192.62,0
22375,90.91,-193.01,0
22386,90.91,-192.87,0
22397,90.91,-192.42,0
22409,83.33,-193.27,0
22420,90.91,-193.83,0
22432,83.33,-193.18,0
22444,83.33,-192.58,0
22455,90.91,-192.06,0
22466,90.91,-192.53,0
22477,90.91,-193.11,0
22489,83.33,-192.85,0
22501,83.33,-192.91,0
22512,90.91,-194.12,0
22523,90.91,-194.16,0
22535,83.33,-193.50,0
22546,90.91,-192.86,0
22557,90.91,-192.75,0
22569,83.33,-192.79,0
22581,83.33,-192.51,0
22592,90.91,-192.93,0
22603,90.91,-192.86,0
22615,83.33,-193.41,0
22626,90.91,-193.64,0
22638,83.33,-192.80,0
22649,90.91,-192.24,0
22661,83.33,-192.31,0
22672,90.91,-193.06,0
22683,90.91,-193.25,0
22694,90.91,-192.75,0
22707,76.92,-192.99,0
22718,90.91,-194.60,0
22729,90.91,-194.54,0
22740,90.91,-192.96,0
22752,83.33,-191.60,0
22763,90.91,-192.01,0
22775,83.33,-193.32,0
22787,83.33,-193.06,0
22798,90.91,-192.61,0
22809,90.91,-192.75,0
22820,90.91,-194.09,0
22832,83.33,-194.05,0
22844,83.33,-192.92,0
22855,90.91,-192.57,0
22866,90.91,-192.81,0
22878,83.33,-192.87,0
22889,90.91,-192.21,0
22900,90.91,-192.44,0
22913,76.92,-193.02,0
22924,90.91,-193.94,0
22935,90.91,-193.81,0
22946,90.91,-192.66,0
22958,83.33,-192.20,0
22969,90.91,-192.28,0
22981,83.33,-193.27,0
22992,90.91,-193.78,0
23004,83.33,-193.28,0
23015,90.91,-194.19,0
23026,90.91,-194.60,0
23037,90.91,-193.96,0
23050,76.92,-193.23,0
23061,90.91,-192.34,0
23072,90.91,-192.54,0
23084,83.33,-192.18,0
23095,90.91,-191.73,0
23106,90.91,-192.13,0
23118,83.33,-192.97,0
23130,83.33,-194.36,0
23141,90.91,-193.85,0
23152,90.91,-192.75,0
23163,90.91,-192.68,0
23175,83.33,-193.17,0
23187,83.33,-193.00,0
23198,90.91,-192.71,0
23209,90.91,-192.27,0
23221,83.33,-192.89,0
23232,90.91,-194.01,0
23243,90.91,-193.31,0
23256,76.92,-191.56,0
23267,90.91,-191.80,0
23278,90.91,-192.62,0
23289,90.91,-193.34,0
23301,83.33,-193.31,0
23312,90.91,-193.48,0
23324,83.33,-194.65,0
23335,90.91,-195.05,0
23347,83.33,-193.74,0
23358,90.91,-192.26,0
23369,90.91,-191.93,0
23380,90.91,-192.24,0
23393,76.92,-192.73,0
23404,90.91,-191.56,0
23415,90.91,-191.94,0
23427,83.33,-194.05,0
23438,90.91,-195.26,0
23449,90.91,-194.42,0
23461,83.33,-192.67,0
23473,83.33,-192.69,0
23484,90.91,-193.40,0
23495,90.91,-193.05,0
23506,90.91,-192.77,0
23518,83.33,-193.28,0
23530,83.33,-194.05,0
23541,90.91,-193.82,0
23553,83.33,-192.62,0
23564,90.91,-191.77,0
23575,90.91,-191.80,0
23586,90.91,-192.60,0
23599,76.92,-193.01,0
23610,90.91,-193.08,0
23621,90.91,-193.84,0
23632,90.91,-194.56,0
23644,83.33,-195.19,0
23655,90.91,-193.83,0
23667,83.33,-192.18,0
23678,90.91,-192.03,0
23690,83.33,-193.43,0
23701,90.91,-192.77,0
23712,90.91,-192.35,0
23724,83.33,-193.28,0
23736,83.33,-193.72,0
23747,90.91,-193.97,0
23758,90.91,-192.85,0
23770,83.33,-192.74,0
23781,90.91,-193.31,0
23792,90.91,-194.00,0
23804,83.33,-193.14,0
23816,83.33,-192.89,0
23827,90.91,-192.76,0
23838,90.91,-193.65,0
23849,90.91,-193.90,0
23861,83.33,-193.33,0
23873,83.33,-191.96,0
23884,90.91,-192.42,0
23896,83.33,-193.00,0
23907,90.91,-192.96,0
23918,90.91,-192.24,0
23929,90.91,-193.18,0
23942,76.92,-194.30,0
23953,90.91,-194.23,0
23964,90.91,-192.66,0
23975,90.91,-191.47,0
23987,83.33,-192.02,0
23998,90.91,-192.99,0
24010,83.33,-193.10,0
24022,83.33,-192.59,0
24033,90.91,-193.34,0
24044,90.91,-194.08,0
24055,90.91,-194.03,0
24067,83.33,-193.05,0
24079,83.33,-192.31,0
24090,90.91,-192.79,0
24101,90.91,-193.51,0
24113,83.33,-193.52,0
24124,90.91,-192.95,0
24135,90.91,-193.56,0
24147,83.33,-193.89,0
24159,83.33,-193.46,0
24170,90.91,-192.43,0
24181,90.91,-192.07,0
24193,83.33,-192.34,0
24204,90.91,-193.63,0
24216,83.33,-193.28,0
24227,90.91,-192.36,0
24239,83.33,-193.15,0
24250,90.91,-194.40,0
24261,90.91,-193.90,0
24272,90.91,-192.27,0
24285,76.92,-192.29,0
24296,90.91,-192.70,0
24307,90.91,-192.86,0
24318,90.91,-192.63,0
24330,83.33,-192.50,0
24341,90.91,-193.34,0
24353,83.33,-194.76,0
24365,83.33,-193.89,0
24376,90.91,-192.52,0
24387,90.91,-192.54,0
24398,90.91,-192.83,0
24410,83.33,-193.07,0
24422,83.33,-192.69,0
24433,90.91,-192.37,0
24444,90.91,-193.57,0
24456,83.33,-194.19,0
24467,90.91,-193.62,0
24478,90.91,-192.01,0
24491,76.92,-191.87,0
24502,90.91,-192.73,0
24513,90.91,-193.05,0
24524,90.91,-192.64,0
24536,83.33,-192.34,0
24547,90.91,-193.78,0
24559,83.33,-194.84,0
24570,90.91,-193.09,0
24582,83.33,-191.90,0
24593,90.91,-192.25,0
24604,90.91,-193.04,0
24615,90.91,-192.67,0
24628,76.92,-192.48,0
24639,90.91,-192.70,0
24650,90.91,-193.19,0
24662,83.33,-193.92,0
24673,90.91,-193.42,0
24684,90.91,-191.98,0
24696,83.33,-192.18,0
24708,83.33,-192.75,0
24719,90.91,-193.07,0
24730,90.91,-192.53,0
24741,90.91,-192.71,0
24753,83.33,-193.52,0
24765,83.33,-194.08,0
24776,90.91,-193.46,0
24787,90.91,-192.38,0
24799,83.33,-192.56,0
24810,90.91,-193.04,0
24821,90.91,-192.56,0
24834,76.92,-192.22,0
24845,90.91,-192.73,0
24856,90.91,-193.90,0
24867,90.91,-194.01,0
24879,83.33,-193.09,0
24890,90.91,-192.62,0
24902,83.33,-192.46,0
24913,90.91,-193.06,0
24925,83.33,-193.38,0
24936,90.91,-192.42,0
24947,90.91,-192.58,0
24958,90.91,-193.86,0
24971,76.92,-194.73,0
24982,90.91,-193.34,0
24993,90.91,-192.21,0
25005,83.33,-192.32,0
25016,90.91,-193.23,0
25027,90.91,-193.84,0
25039,83.33,-192.67,0
25051,83.33,-193.20,0
25062,90.91,-194.63,0
25073,90.91,-194.19,0
25084,90.91,-192.48,0
25096,83.33,-191.15,0
25108,83.33,-192.56,0
25119,90.91,-193.67,0
25131,83.33,-194.20,0
25142,90.91,-193.37,0
25153,90.91,-193.72,0
25164,90.91,-194.68,0
25177,76.92,-194.41,0
25188,90.91,-193.07,0
25199,90.91,-191.13,0
25210,90.91,-192.14,0
25222,83.33,-193.30,0
25233,90.91,-192.86,0
25245,83.33,-192.67,0
25256,90.91,-193.50,0
25268,83.33,-194.04,0
25279,90.91,-193.81,0
25290,90.91,-193.10,0
25302,83.33,-192.34,0
25314,83.33,-193.13,0
25325,90.91,-193.33,0
25336,90.91,-193.56,0
25348,83.33,-192.87,0
25359,90.91,-193.00,0
25370,90.91,-193.18,0
25382,83.33,-193.16,0
25394,83.33,-192.04,0
25405,90.91,-191.96,0
25416,90.91,-192.73,0
25427,90.91,-193.14,0
25439,83.33,-192.64,0
25451,83.33,-192.42,0
25462,90.91,-193.83,0
25474,83.33,-194.19,0
25485,90.91,-193.47,0
25496,90.91,-192.08,0
25507,90.91,-191.66,0
25520,76.92,-192.28,0
25531,90.91,-193.02,0
25542,90.91,-192.60,0
25553,90.91,-192.36,0
25565,83.33,-193.21,0
25576,90.91,-194.11,0
25588,83.33,-193.31,0
25600,83.33,-192.86,0
25611,90.91,-192.42,0
25622,90.91,-193.49,0
25633,90.91,-194.23,0
25645,83.33,-192.71,0
25657,83.33,-192.29,0
25668,90.91,-193.41,0
25679,90.91,-194.47,0
25691,83.33,-193.98,0
25702,90.91,-192.70,0
25713,90.91,-192.15,0
25725,83.33,-192.50,0
25737,83.33,-192.83,0
25748,90.91,-192.30,0
25759,90.91,-192.63,0
25771,83.33,-194.28,0
25782,90.91,-194.68,0
25794,83.33,-193.64,0
25805,90.91,-192.65,0
25817,83.33,-192.68,0
25828,90.91,-193.01,0
25839,90.91,-192.75,0
25850,90.91,-192.00,0
25863,76.92,-192.45,0
25874,90.91,-193.71,0
25885,90.91,-193.99,0
25896,90.91,-193.64,0
25908,83.33,-192.55,0
25919,90.91,-192.84,0
25931,83.33,-193.35,0
25943,83.33,-193.28,0
25954,90.91,-192.89,0
25965,90.91,-193.07,0
25976,90.91,-194.11,0
25988,83.33,-194.61,0
26000,83.33,-192.82,0
26011,90.91,-191.56,0
26022,90.91,-192.46,0
26034,83.33,-192.87,0
26045,90.91,-192.67,0
26056,90.91,-192.85,0
26068,83.33,-193.52,0
26080,83.33,-194.46,0
26091,90.91,-194.59,0
26102,90.91,-193.16,0
26114,83.33,-192.11,0
26125,90.91,-192.13,0
26137,83.33,-192.90,0
26148,90.91,-192.68,0
26160,83.33,-192.53,0
26171,90.91,-192.86,0
26182,90.91,-193.54,0
26193,90.91,-193.55,0
26206,76.92,-192.81,0
26217,90.91,-192.35,0
26228,90.91,-192.60,0
26240,83.33,-193.19,0
26251,90.91,-193.09,0
26262,90.91,-192.19,0
26274,83.33,-192.94,0
26286,83.33,-194.44,0
26297,90.91,-194.07,0
26308,90.91,-192.37,0
26319,90.91,-191.08,0
26331,83.33,-192.29,0
26343,83.33,-192.77,0
26354,90.91,-192.95,0
26365,90.91,-193.56,0
26377,83.33,-193.87,0
26388,90.91,-194.78,0
26399,90.91,-194.46,0
26412,76.92,-192.81,0
26423,90.91,-191.60,0
26434,90.91,-192.35,0
26445,90.91,-192.88,0
26457,83.33,-192.75,0
26468,90.91,-192.69,0
26480,83.33,-193.82,0
26491,90.91,-194.33,0
26503,83.33,-194.13,0
26514,90.91,-192.56,0
26525,90.91,-191.99,0
26536,90.91,-192.70,0
26549,76.92,-193.45,0
26560,90.91,-193.66,0
26571,90.91,-193.47,0
26583,83.33,-193.56,0
26594,90.91,-194.04,0
26605,90.91,-193.02,0
26617,83.33,-192.03,0
26629,83.33,-192.14,0
26640,90.91,-193.08,0
26651,90.91,-192.96,0
26662,90.91,-192.67,0
26674,83.33,-193.21,0
26686,83.33,-194.83,0
26697,90.91,-195.98,0
26708,90.91,-194.57,0
26720,83.33,-193.19,0
26731,90.91,-192.65,0
26742,90.91,-193.36,0
26755,76.92,-193.00,0
26766,90.91,-191.88,0
26777,90.91,-191.91,0
26788,90.91,-192.97,0
26800,83.33,-194.47,0
26811,90.91,-193.87,0
26823,83.33,-192.62,0
26834,90.91,-192.58,0
26846,83.33,-193.84,0
26857,90.91,-193.82,0
26868,90.91,-192.93,0
26880,83.33,-192.65,0
26892,83.33,-194.32,0
26903,90.91,-194.98,0
26914,90.91,-193.85,0
26926,83.33,-191.71,0
26937,90.91,-191.11,0
26948,90.91,-191.74,0
26960,83.33,-192.01,0
26972,83.33,-191.91,0
26983,90.91,-193.04,0
26994,90.91,-194.94,0
27005,90.91,-195.33,0
27017,83.33,-193.66,0
27029,83.33,-192.35,0
27040,90.91,-192.51,0
27052,83.33,-193.19,0
27063,90.91,-192.73,0
27074,90.91,-192.62,0
27085,90.91,-192.35,0
27098,76.92,-193.24,0
27109,90.91,-194.33,0
27120,90.91,-193.23,0
27131,90.91,-192.67,0
27143,83.33,-192.70,0
27154,90.91,-193.32,0
27166,83.33,-193.33,0
27177,90.91,-193.00,0
27189,83.33,-192.85,0
27200,90.91,-194.33,0
27211,90.91,-194.04,0
27223,83.33,-192.87,0
27235,83.33,-192.31,0
27246,90.91,-192.29,0
27257,90.91,-193.00,0
27269,83.33,-192.73,0
27280,90.91,-192.23,0
27291,90.91,-193.36,0
27303,83.33,-194.23,0
27315,83.33,-194.44,0
27326,90.91,-193.11,0
27337,90.91,-192.10,0
27348,90.91,-192.32,0
27360,83.33,-192.75,0
27372,83.33,-192.49,0
27383,90.91,-192.38,0
27395,83.33,-192.73,0
27406,90.91,-194.11,0
27417,90.91,-194.09,0
27428,90.91,-192.54,0
27441,76.92,-192.23,0
27452,90.91,-193.16,0
27463,90.91,-193.46,0
27474,90.91,-193.23,0
27486,83.33,-192.86,0
27497,90.91,-193.07,0
27509,83.33,-194.77,0
27521,83.33,-193.74,0
27532,90.91,-191.93,0
27543,90.91,-192.08,0
27554,90.91,-192.49,0
27566,83.33,-192.79,0
27578,83.33,-192.42,0
27589,90.91,-192.59,0
27600,90.91,-193.58,0
27612,83.33,-194.50,0
27623,90.91,-194.37,0
27634,90.91,-193.16,0
27646,83.33,-192.49,0
27658,83.33,-192.84,0
27669,90.91,-193.12,0
27680,90.91,-192.37,0
27692,83.33,-192.51,0
27703,90.91,-193.04,0
27715,83.33,-194.13,0
27726,90.91,-194.16,0
27738,83.33,-192.64,0
27749,90.91,-191.90,0
27760,90.91,-192.37,0
27771,90.91,-192.98,0
27784,76.92,-192.14,0
27795,90.91,-192.26,0
27806,90.91,-193.67,0
27817,90.91,-194.40,0
27829,83.33,-194.00,0
27840,90.91,-192.58,0
27852,83.33,-192.03,0
27864,83.33,-192.66,0
27875,90.91,-192.76,0
27886,90.91,-192.31,0
27897,90.91,-192.65,0
27909,83.33,-193.69,0
27921,83.33,-194.55,0
27932,90.91,-193.48,0
27943,90.91,-192.61,0
27955,83.33,-192.16,0
27966,90.91,-192.91,0
27977,90.91,-193.71,0
27990,76.92,-193.20,0
28001,90.91,-192.79,0
28012,90.91,-193.39,0
28023,90.91,-194.42,0
28035,83.33,-193.55,0
28046,90.91,-192.30,0
28058,83.33,-192.65,0
28069,90.91,-193.13,0
28081,83.33,-192.65,0
28092,90.91,-192.44,0
28103,90.91,-192.97,0
28114,90.91,-194.16,0
28127,76.92,-194.75,0
28138,90.91,-193.30,0
28149,90.91,-192.56,0
28161,83.33,-192.87,0
28172,90.91,-193.80,0
28183,90.91,-193.42,0
28195,83.33,-192.75,0
28207,83.33,-192.59,0
28218,90.91,-193.56,0
28229,90.91,-194.49,0
28240,90.91,-193.01,0
28252,83.33,-191.80,0
28264,83.33,-192.43,0
28275,90.91,-193.35,0
28286,90.91,-192.84,0
28298,83.33,-192.55,0
28309,90.91,-193.04,0
28320,90.91,-194.76,0
28333,76.92,-194.84,0
28344,90.91,-193.48,0
28355,90.91,-192.73,0
28366,90.91,-192.84,0
28378,83.33,-193.18,0
28389,90.91,-193.47,0
28401,83.33,-192.53,0
28412,90.91,-192.72,0
28424,83.33,-193.82,0
28435,90.91,-193.96,0
28446,90.91,-192.75,0
28457,90.91,-192.19,0
28470,76.92,-192.68,0
28481,90.91,-193.21,0
28492,90.91,-192.86,0
28504,83.33,-192.02,0
28515,90.91,-192.70,0
28526,90.91,-194.26,0
28538,83.33,-194.69,0
28550,83.33,-193.61,0
28561,90.91,-192.96,0
28572,90.91,-192.59,0
28583,90.91,-192.94,0
28595,83.33,-193.06,0
28607,83.33,-192.70,0
28618,90.91,-193.34,0
28630,83.33,-194.19,0
28641,90.91,-194.05,0
28652,90.91,-192.40,0
28663,90.91,-191.78,0
28676,76.92,-192.68,0
28687,90.91,-192.75,0
28698,90.91,-192.73,0
28709,90.91,-192.97,0
28721,83.33,-193.62,0
28732,90.91,-194.31,0
28744,83.33,-194.09,0
28755,90.91,-192.66,0
28767,83.33,-192.38,0
28778,90.91,-192.23,0
28789,90.91,-192.37,0
28801,83.33,-192.41,0
28813,83.33,-192.78,0
28824,90.91,-193.27,0
28835,90.91,-193.81,0
28847,83.33,-193.76,0
28858,90.91,-193.38,0
28869,90.91,-192.89,0
28881,83.33,-193.26,0
28893,83.33,-193.45,0
28904,90.91,-193.00,0
28915,90.91,-192.67,0
28926,90.91,-193.67,0
28938,83.33,-194.45,0
28950,83.33,-193.63,0
28961,90.91,-192.66,0
28973,83.33,-191.91,0
28984,90.91,-192.52,0
28995,90.91,-192.77,0
29006,90.91,-192.59,0
29019,76.92,-192.64,0
29030,90.91,-193.77,0
29041,90.91,-195.04,0
29052,90.91,-194.84,0
29064,83.33,-192.94,0
29075,90.91,-192.44,0
29087,83.33,-192.72,0
29099,83.33,-192.66,0
29110,90.91,-191.86,0
29121,90.91,-192.26,0
29132,90.91,-194.16,0
29144,83.33,-194.49,0
29156,83.33,-193.95,0
29167,90.91,-192.13,0
29178,90.91,-192.17,0
29190,83.33,-193.04,0
29201,90.91,-193.21,0
29212,90.91,-193.11,0
29224,83.33,-192.82,0
29236,83.33,-193.85,0
29247,90.91,-194.45,0
29258,90.91,-193.61,0
29270,83.33,-192.28,0
29281,90.91,-192.14,0
29293,83.33,-192.84,0
29304,90.91,-192.76,0
29316,83.33,-192.30,0
29327,90.91,-192.17,0
29338,90.91,-193.64,0
29349,90.91,-194.44,0
29362,76.92,-193.79,0
29373,90.91,-192.57,0
29384,90.91,-192.42,0
29395,90.91,-192.61,0
29407,83.33,-192.61,0
29418,90.91,-192.26,0
29430,83.33,-192.65,0
29442,83.33,-193.87,0
29453,90.91,-194.71,0
29464,90.91,-193.75,0
29475,90.91,-192.07,0
29487,83.33,-192.05,0
29499,83.33,-192.92,0
29510,90.91,-193.30,0
29521,90.91,-192.75,0
29533,83.33,-192.96,0
29544,90.91,-194.39,0
29555,90.91,-194.52,0
29568,76.92,-193.05,0
29579,90.91,-192.09,0
29590,90.91,-192.69,0
29601,90.91,-193.45,0
29613,83.33,-192.46,0
29624,90.91,-191.92,0
29636,83.33,-192.96,0
29647,90.91,-194.23,0
29659,83.33,-194.62,0
29670,90.91,-193.03,0
29681,90.91,-192.03,0
29692,90.91,-192.55,0
29705,76.92,-193.00,0
29716,90.91,-192.68,0
29727,90.91,-192.68,0
29739,83.33,-192.86,0
29750,90.91,-193.56,0
29761,90.91,-194.32,0
29773,83.33,-193.18,0
29785,83.33,-192.00,0
29796,90.91,-192.34,0
29807,90.91,-192.70,0
29818,90.91,-192.92,0
29830,83.33,-192.76,0
29842,83.33,-193.37,0
29853,90.91,-194.70,0
29864,90.91,-194.64,0
29876,83.33,-192.88,0
29887,90.91,-191.59,0
29898,90.91,-192.34,0
29911,76.92,-193.48,0
29922,90.91,-193.35,0
29933,90.91,-192.15,0
29944,90.91,-193.06,0
29956,83.33,-194.41,0
29967,90.91,-194.42,0
29979,83.33,-193.12,0
29990,90.91,-192.30,0
30002,83.33,-192.52,0
30013,90.91,-193.03,0
30024,90.91,-193.21,0
30035,90.91,-192.84,0
30048,76.92,-193.03,0
30059,90.91,-194.19,0
30070,90.91,-194.23,0
30082,83.33,-192.31,0
30093,90.91,-192.30,0
30104,90.91,-192.26,0
30116,83.33,-193.00,0
30128,83.33,-192.78,0
30139,90.91,-192.48,0
30150,90.91,-193.47,0
30161,90.91,-194.03,0
30173,83.33,-193.36,0
30185,83.33,-192.94,0
30196,90.91,-192.57,0
30208,83.33,-193.11,0
30219,90.91,-193.18,0
30230,90.91,-192.84,0
30241,90.91,-192.88,0
30254,76.92,-193.94,0
30265,90.91,-194.92,0
30276,90.91,-194.00,0
30287,90.91,-193.13,0
30299,83.33,-192.87,0
30310,90.91,-192.78,0
30322,83.33,-192.83,0
30333,90.91,-193.14,0
30345,83.33,-192.92,0
30356,90.91,-193.70,0
30367,90.91,-194.30,0
30379,83.33,-193.61,0
30391,83.33,-192.67,0
30402,90.91,-192.29,0
30413,90.91,-193.29,0
30425,83.33,-193.34,0
30436,90.91,-192.69,0
30447,90.91,-192.51,0
30459,83.33,-193.02,0
30471,83.33,-193.91,0
30482,90.91,-193.42,0
30493,90.91,-192.32,0
30504,90.91,-191.81,0
30516,83.33,-193.21,0
30528,83.33,-193.45,0
30539,90.91,-192.47,0
30551,83.33,-192.56,0
30562,90.91,-193.91,0
30573,90.91,-194.39,0
30584,90.91,-193.56,0
30597,76.92,-192.45,0
30608,90.91,-192.68,0
30619,90.91,-192.79,0
30630,90.91,-192.54,0
30642,83.33,-192.22,0
30653,90.91,-192.84,0
30665,83.33,-194.11,0
30676,90.91,-194.57,0
30688,83.33,-193.84,0
30699,90.91,-192.49,0
30710,90.91,-192.39,0
30722,83.33,-193.08,0
30734,83.33,-193.54,0
30745,90.91,-192.63,0
30756,90.91,-192.98,0
30768,83.33,-193.72,0
30779,90.91,-194.15,0
30790,90.91,-193.77,0
30802,83.33,-192.82,0
30814,83.33,-193.26,0
30825,90.91,-193.87,0
30836,90.91,-193.64,0
30848,83.33,-192.91,0
30859,90.91,-193.12,0
30871,83.33,-194.22,0
30882,90.91,-194.61,0
30894,83.33,-193.48,0
30905,90.91,-192.70,0
30916,90.91,-192.28,0
30927,90.91,-192.94,0
30940,76.92,-192.54,0
30951,90.91,-192.23,0
30962,90.91,-192.88,0
30973,90.91,-193.71,0
30985,83.33,-194.52,0
30996,90.91,-193.73,0
31008,83.33,-192.70,0
31020,83.33,-192.77,0
31031,90.91,-193.64,0
31042,90.91,-192.83,0
31053,90.91,-192.81,0
31065,83.33,-193.11,0
31077,83.33,-194.03,0
31088,90.91,-194.26,0
31099,90.91,-193.11,0
31111,83.33,-192.05,0
31122,90.91,-191.88,0
31133,90.91,-192.18,0
31145,83.33,-192.71,0
31157,83.33,-192.94,0
31168,90.91,-192.65,0
31179,90.91,-193.60,0
31191,83.33,-193.94,0
31202,90.91,-193.06,0
31214,83.33,-191.97,0
31225,90.91,-192.13,0
31237,83.33,-192.53,0
31248,90.91,-192.36,0
31259,90.91,-192.46,0
31270,90.91,-193.10,0
31283,76.92,-194.01,0
31294,90.91,-193.60,0
31305,90.91,-192.98,0
31316,90.91,-192.69,0
31328,83.33,-192.49,0
31339,90.91,-192.78,0
31351,83.33,-192.96,0
31363,83.33,-192.94,0
31374,90.91,-193.34,0
31385,90.91,-194.45,0
31396,90.91,-194.35,0
31408,83.33,-192.87,0
31420,83.33,-192.29,0
31431,90.91,-192.48,0
31442,90.91,-192.92,0
31454,83.33,-192.71,0
31465,90.91,-192.02,0
31476,90.91,-192.92,0
31489,76.92,-193.63,0
31500,90.91,-194.00,0
31511,90.91,-192.84,0
31522,90.91,-192.53,0
31534,83.33,-193.49,0
31545,90.91,-193.42,0
31557,83.33,-192.85,0
31568,90.91,-192.18,0
31580,83.33,-193.53,0
31591,90.91,-194.49,0
31602,90.91,-194.14,0
31613,90.91,-193.09,0
31626,76.92,-192.52,0
31637,90.91,-193.76,0
31648,90.91,-193.59,0
31660,83.33,-192.92,0
31671,90.91,-192.50,0
31682,90.91,-193.46,0
31694,83.33,-194.53,0
31706,83.33,-193.38,0
31717,90.91,-192.67,0
31728,90.91,-192.56,0
31739,90.91,-193.70,0
31751,83.33,-193.01,0
31763,83.33,-192.34,0
31774,90.91,-192.92,0
31785,90.91,-193.85,0
31797,83.33,-194.20,0
31808,90.91,-194.00,0
31819,90.91,-192.71,0
31832,76.92,-192.60,0
31843,90.91,-193.43,0
31854,90.91,-193.12,0
31865,90.91,-192.48,0
31877,83.33,-192.41,0
31888,90.91,-193.21,0
31900,83.33,-193.91,0
31911,90.91,-193.49,0
31923,83.33,-192.71,0
31934,90.91,-192.05,0
31945,90.91,-192.83,0
31956,90.91,-192.90,0
31969,76.92,-192.47,0
31980,90.91,-193.16,0
31991,90.91,-194.18,0
32003,83.33,-194.46,0
32014,90.91,-193.25,0
32025,90.91,-192.55,0
32037,83.33,-192.49,0
32049,83.33,-192.80,0
32060,90.91,-192.57,0
32071,90.91,-192.37,0
32082,90.91,-193.47,0
32094,83.33,-194.63,0
32106,83.33,-194.37,0
32117,90.91,-193.14,0
32129,83.33,-192.73,0
32140,90.91,-192.17,0
32151,90.91,-193.18,0
32162,90.91,-193.45,0
32175,76.92,-192.46,0
32186,90.91,-192.88,0
32197,90.91,-194.60,0
32208,90.91,-194.28,0
32220,83.33,-193.56,0
32231,90.91,-191.99,0
32243,83.33,-192.35,0
32254,90.91,-192.80,0
32266,83.33,-193.08,0
32277,90.91,-192.70,0
32288,90.91,-192.85,0
32300,83.33,-194.31,0
32312,83.33,-194.71,0
32323,90.91,-193.51,0
32334,90.91,-192.86,0
32346,83.33,-192.90,0
32357,90.91,-193.35,0
32368,90.91,-193.24,0
32380,83.33,-192.93,0
32392,83.33,-192.92,0
32403,90.91,-194.11,0
32414,90.91,-194.78,0
32425,90.91,-193.52,0
32437,83.33,-192.81,0
32449,83.33,-193.15,0
32460,90.91,-193.08,0
32472,83.33,-192.70,0
32483,90.91,-192.34,0
32494,90.91,-193.46,0
32505,90.91,-194.36,0
32518,76.92,-194.44,0
32529,90.91,-193.27,0
32540,90.91,-192.54,0
32551,90.91,-192.45,0
32563,83.33,-193.40,0
32574,90.91,-192.91,0
32586,83.33,-192.80,0
32598,83.33,-193.55,0
32609,90.91,-194.28,0
32620,90.91,-194.11,0
32631,90.91,-193.23,0
32643,83.33,-192.29,0
32655,83.33,-192.74,0
32666,90.91,-192.86,0
32677,90.91,-192.87,0
32689,83.33,-192.85,0
32700,90.91,-193.00,0
32711,90.91,-194.21,0
32723,83.33,-194.20,0
32735,83.33,-193.42,0
32746,90.91,-192.74,0
32757,90.91,-192.67,0
32769,83.33,-192.66,0
32780,90.91,-193.15,0
32792,83.33,-192.89,0
32803,90.91,-193.30,0
32815,83.33,-194.09,0
32826,90.91,-193.84,0
32837,90.91,-193.03,0
32848,90.91,-193.20,0
32861,76.92,-193.48,0
32872,90.91,-193.19,0
32883,90.91,-192.69,0
32894,90.91,-192.37,0
32906,83.33,-193.31,0
32917,90.91,-194.62,0
32929,83.33,-194.01,0
32941,83.33,-193.51,0
32952,90.91,-192.18,0
32963,90.91,-192.41,0
32974,90.91,-192.60,0
32986,83.33,-192.35,0
32998,83.33,-192.09,0
33009,90.91,-193.32,0
33020,90.91,-194.64,0
33032,83.33,-194.08,0
33043,90.91,-192.55,0
33054,90.91,-192.45,0
33067,76.92,-193.03,0
33078,90.91,-193.01,0
33089,90.91,-192.10,0
33100,90.91,-192.17,0
33112,83.33,-193.08,0
33124,90.91,-194.05,0
33135,83.33,-193.80,0
33146,90.91,-192.82,0
33158,83.33,-191.76,0
33169,90.91,-192.41,0
33180,90.91,-192.51,0
33192,90.91,-192.31,0
33204,76.92,-192.80,0
33215,90.91,-194.22,0
33226,90.91,-194.30,0
33238,83.33,-193.80,0
33249,90.91,-192.32,0
33261,90.91,-192.33,0
33272,83.33,-193.17,0
33284,83.33,-192.91,0
33295,90.91,-192.25,0
33306,90.91,-192.39,0
33317,90.91,-193.68,0
33330,83.33,-194.71,0
33341,83.33,-193.78,0
33352,90.91,-192.84,0
33363,90.91,-192.16,0
33375,83.33,-192.87,0
33386,90.91,-192.79,0
33398,90.91,-192.58,0
33410,76.92,-193.02,0
33421,90.91,-193.73,0
33432,90.91,-193.69,0
33443,90.91,-192.95,0
33455,83.33,-192.33,0
33467,90.91,-192.84,0
33478,83.33,-193.34,0
33489,90.91,-193.25,0
33501,83.33,-192.79,0
33512,90.91,-192.87,0
33523,90.91,-193.39,0
33536,90.91,-194.27,0
33547,76.92,-193.26,0
33558,90.91,-191.95,0
33569,90.91,-192.27,0
33581,83.33,-192.47,0
33592,90.91,-192.34,0
33604,90.91,-192.33,0
33615,83.33,-193.27,0
33627,83.33,-194.46,0
33638,90.91,-194.66,0
33649,90.91,-193.18,0
33660,90.91,-192.20,0
33673,83.33,-192.77,0
33684,83.33,-193.80,0
33695,90.91,-193.83,0
33707,83.33,-193.01,0
33718,90.91,-192.80,0
33729,90.91,-193.82,0
33741,90.91,-194.41,0
33753,76.92,-193.09,0
33764,90.91,-191.96,0
33775,90.91,-192.17,0
33786,90.91,-192.72,0
33798,83.33,-193.13,0
33810,90.91,-193.07,0
33821,83.33,-193.11,0
33832,90.91,-193.96,0
33844,83.33,-193.54,0
33855,90.91,-193.21,0
33866,90.91,-192.35,0
33879,83.33,-192.76,0
33890,83.33,-193.12,0
33901,90.91,-192.65,0
33912,90.91,-191.56,0
33924,83.33,-192.89,0
33935,90.91,-193.99,0
33947,90.91,-194.02,0
33958,83.33,-192.79,0
33970,83.33,-191.68,0
33981,90.91,-192.68,0
33992,90.91,-192.96,0
34003,90.91,-192.76,0
34016,83.33,-192.87,0
34027,83.33,-193.19,0
34038,90.91,-194.14,0
34050,83.33,-193.79,0
34061,90.91,-192.97,0
34072,90.91,-192.80,0
34084,90.91,-193.43,0
34096,76.92,-193.72,0
34107,90.91,-193.07,0
34118,90.91,-192.74,0
34129,90.91,-193.11,0
34141,83.33,-194.37,0
34153,90.91,-194.24,0
34164,83.33,-193.40,0
34176,83.33,-192.58,0
34187,90.91,-192.59,0
34198,90.91,-193.04,0
34209,90.91,-193.01,0
34222,83.33,-192.56,0
34233,83.33,-193.17,0
34244,90.91,-193.74,0
34255,90.91,-193.52,0
34267,83.33,-193.29,0
34278,90.91,-192.46,0
34290,90.91,-193.21,0
34301,83.33,-193.37,0
34313,83.33,-193.17,0
34324,90.91,-192.32,0
34335,90.91,-192.35,0
34347,83.33,-194.05,0
34359,90.91,-194.14,0
34370,90.91,-193.06,0
34381,90.91,-192.74,0
34393,83.33,-192.77,0
34404,90.91,-192.72,0
34415,90.91,-192.74,0
34427,83.33,-192.80,0
34439,83.33,-193.75,0
34450,90.91,-193.92,0
34461,90.91,-193.62,0
34472,90.91,-192.47,0
34484,83.33,-191.84,0
34496,83.33,-192.73,0
34507,90.91,-193.11,0
34519,83.33,-193.36,0
34530,90.91,-192.97,0
34541,90.91,-193.96,0
34552,90.91,-194.82,0
34565,76.92,-194.12,0
34576,90.91,-193.06,0
34587,90.91,-192.81,0
34598,90.91,-192.98,0
34610,83.33,-192.34,0
34621,90.91,-191.54,0
34633,83.33,-192.12,0
34644,90.91,-192.96,0
34656,83.33,-194.46,0
34667,90.91,-194.03,0
34678,90.91,-192.77,0
34690,83.33,-192.53,0
34702,83.33,-193.52,0
34713,90.91,-193.36,0
34724,90.91,-192.69,0
34736,83.33,-192.71,0
34747,90.91,-193.07,0
34758,90.91,-193.89,0
34770,83.33,-193.18,0
34782,83.33,-192.20,0
34793,90.91,-192.19,0
34804,90.91,-192.73,0
34816,83.33,-193.00,0
34827,90.91,-192.72,0
34839,83.33,-193.23,0
34850,90.91,-194.15,0
34862,83.33,-194.67,0
34873,90.91,-194.10,0
34884,90.91,-193.35,0
34895,90.91,-192.59,0
34908,76.92,-193.00,0
34919,90.91,-193.52,0
34930,90.91,-193.31,0
34941,90.91,-193.05,0
34953,83.33,-193.39,0
34964,90.91,-193.48,0
34976,83.33,-193.59,0
34988,83.33,-192.67,0
34999,90.91,-192.57,0
35010,90.91,-192.87,0
35021,90.91,-192.79,0
35033,83.33,-193.09,0
35045,83.33,-193.77,0
35056,90.91,-194.40,0
35067,90.91,-194.44,0
35079,83.33,-193.62,0
35090,90.91,-192.02,0
35101,90.91,-191.52,0
35113,83.33,-192.68,0
35125,83.33,-192.55,0
35136,90.91,-192.62,0
35147,90.91,-192.98,0
35159,83.33,-193.51,0
35170,90.91,-194.48,0
35182,83.33,-194.13,0
35193,90.91,-192.93,0
35205,83.33,-192.99,0
35216,90.91,-193.39,0
35227,90.91,-192.08,0
35238,90.91,-192.08,0
35251,76.92,-192.82,0
35262,90.91,-193.78,0
35273,90.91,-194.70,0
35284,90.91,-193.35,0
35296,83.33,-192.82,0
35307,90.91,-192.38,0
35319,83.33,-193.20,0
35331,83.33,-193.47,0
35342,90.91,-193.49,0
35353,90.91,-193.89,0
35364,90.91,-194.34,0
35376,83.33,-193.92,0
35388,83.33,-193.18,0
35399,90.91,-192.13,0
35410,90.91,-192.28,0
35422,83.33,-192.23,0
35433,90.91,-192.39,0
35444,90.91,-192.30,0
35457,76.92,-193.22,0
35468,90.91,-194.43,0
35479,90.91,-194.41,0
35490,90.91,-192.60,0
35502,83.33,-192.28,0
35513,90.91,-192.30,0
35525,83.33,-192.84,0
35536,90.91,-192.97,0
35548,83.33,-191.97,0
35559,90.91,-191.89,0
35570,90.91,-193.04,0
35581,90.91,-194.26,0
35594,76.92,-193.85,0
35605,90.91,-193.80,0
35616,90.91,-193.72,0
35628,83.33,-193.13,0
35639,90.91,-192.68,0
35650,90.91,-192.36,0
35662,83.33,-194.06,0
35674,83.33,-195.05,0
35685,90.91,-193.92,0
35696,90.91,-192.83,0
35707,90.91,-192.02,0
35719,83.33,-191.90,0
35731,83.33,-192.70,0
35742,90.91,-192.99,0
35753,90.91,-193.17,0
35765,83.33,-193.71,0
35776,90.91,-194.86,0
35787,90.91,-194.65,0
35800,76.92,-193.56,0
35811,90.91,-193.09,0
35822,90.91,-193.03,0
35833,90.91,-193.02,0
35845,83.33,-192.39,0
35856,90.91,-192.60,0
35868,83.33,-193.43,0
35879,90.91,-193.67,0
35891,83.33,-193.56,0
35902,90.91,-192.82,0
35913,90.91,-192.20,0
35924,90.91,-192.89,0
35937,76.92,-193.45,0
35948,90.91,-193.32,0
35959,90.91,-193.02,0
35971,83.33,-192.98,0
35982,90.91,-194.14,0
35993,90.91,-193.92,0
36005,83.33,-192.59,0
36017,83.33,-191.99,0
36028,90.91,-192.07,0
36039,90.91,-192.97,0
36050,90.91,-192.76,0
36062,83.33,-192.98,0
36074,83.33,-193.73,0
36085,90.91,-194.19,0
36097,83.33,-193.78,0
36108,90.91,-192.51,0
36119,90.91,-192.19,0
36130,90.91,-192.40,0
36143,76.92,-192.79,0
36154,90.91,-192.54,0
36165,90.91,-192.77,0
36176,90.91,-193.61,0
36188,83.33,-194.20,0
36199,90.91,-193.61,0
36211,83.33,-192.96,0
36222,90.91,-192.27,0
36234,83.33,-193.06,0
36245,90.91,-192.61,0
36256,90.91,-192.50,0
36268,83.33,-192.68,0
36280,83.33,-193.27,0
36291,90.91,-193.86,0
36302,90.91,-193.04,0
36314,83.33,-192.21,0
36325,90.91,-191.89,0
36336,90.91,-192.63,0
36348,83.33,-193.10,0
36360,83.33,-192.98,0
36371,90.91,-193.24,0
36382,90.91,-193.97,0
36393,90.91,-194.03,0
36405,83.33,-193.63,0
36417,83.33,-192.84,0
36428,90.91,-192.16,0
36440,83.33,-192.81,0
36451,90.91,-192.44,0
36462,90.91,-191.98,0
36473,90.91,-192.61,0
36486,76.92,-193.16,0
36497,90.91,-194.12,0
36508,90.91,-193.46,0
36519,90.91,-191.95,0
36531,83.33,-192.65,0
36542,90.91,-193.17,0
36554,83.33,-193.51,0
36566,83.33,-193.44,0
36577,90.91,-193.34,0
36588,90.91,-193.97,0
36599,90.91,-194.30,0
36611,83.33,-192.96,0
36623,83.33,-191.85,0
36634,90.91,-192.09,0
36645,90.91,-193.27,0
36657,83.33,-193.39,0
36668,90.91,-192.49,0
36679,90.91,-193.22,0
36691,83.33,-194.59,0
36703,83.33,-194.75,0
36714,90.91,-193.69,0
36725,90.91,-192.96,0
36737,83.33,-192.94,0
36748,90.91,-192.86,0
36760,83.33,-192.70,0
36771,90.91,-192.89,0
36783,83.33,-193.03,0
36794,90.91,-194.04,0
36805,90.91,-193.96,0
36816,90.91,-193.17,0
36829,76.92,-192.19,0
36840,90.91,-193.31,0
36851,90.91,-194.36,0
36862,90.91,-193.81,0
36874,83.33,-192.61,0
36885,90.91,-193.03,0
36897,83.33,-194.21,0
36909,83.33,-194.40,0
36920,90.91,-193.53,0
36931,90.91,-192.68,0
36942,90.91,-192.54,0
36954,83.33,-192.73,0
36966,83.33,-192.89,0
36977,90.91,-193.03,0
36988,90.91,-193.78,0
37000,83.33,-194.65,0
37011,90.91,-194.82,0
37022,90.91,-193.45,0
37035,76.92,-192.89,0
37046,90.91,-193.43,0
37057,90.91,-194.34,0
37068,90.91,-193.04,0
37080,83.33,-192.46,0
37091,90.91,-193.08,0
37103,83.33,-194.44,0
37114,90.91,-194.44,0
37126,83.33,-192.74,0
37137,90.91,-192.31,0
37148,90.91,-192.32,0
37159,90.91,-192.95,0
37172,76.92,-193.10,0
37183,90.91,-193.39,0
37194,90.91,-194.06,0
37206,83.33,-194.74,0
37217,90.91,-193.94,0
37228,90.91,-192.55,0
37240,83.33,-192.25,0
37252,83.33,-192.73,0
37263,90.91,-192.80,0
37274,90.91,-192.85,0
37285,90.91,-193.45,0
37297,83.33,-194.98,0
37309,83.33,-195.89,0
37320,90.91,-194.58,0
37331,90.91,-193.30,0
37343,83.33,-192.55,0
37354,90.91,-193.00,0
37365,90.91,-192.31,0
37378,76.92,-192.36,0
37389,90.91,-192.60,0
37400,90.91,-193.09,0
37411,90.91,-193.87,0
37423,83.33,-193.58,0
37434,90.91,-192.08,0
37446,83.33,-191.98,0
37457,90.91,-193.25,0
37469,83.33,-193.73,0
37480,90.91,-193.17,0
37491,90.91,-192.95,0
37502,90.91,-193.60,0
37515,76.92,-194.47,0
37526,90.91,-193.76,0
37537,90.91,-192.33,0
37549,83.33,-191.56,0
37560,90.91,-192.26,0
37571,90.91,-192.70,0
37583,83.33,-192.24,0
37595,83.33,-192.98,0
37606,90.91,-193.67,0
37617,90.91,-195.01,0
37628,90.91,-194.56,0
37640,83.33,-193.28,0
37652,83.33,-192.75,0
37663,90.91,-193.18,0
37675,83.33,-193.12,0
37686,90.91,-192.58,0
37697,90.91,-192.51,0
37708,90.91,-193.66,0
37721,76.92,-194.83,0
37732,90.91,-193.83,0
37743,90.91,-192.67,0
37754,90.91,-192.32,0
37766,83.33,-193.23,0
37777,90.91,-193.49,0
37789,83.33,-193.26,0
37800,90.91,-193.15,0
37812,83.33,-194.02,0
37823,90.91,-194.15,0
37834,90.91,-193.59,0
37846,83.33,-192.79,0
37858,83.33,-192.46,0
37869,90.91,-193.42,0
37880,90.91,-192.77,0
37892,83.33,-192.76,0
37903,90.91,-193.01,0
37914,90.91,-194.15,0
37926,83.33,-194.68,0
37938,83.33,-193.92,0
37949,90.91,-192.53,0
37960,90.91,-192.42,0
37971,90.91,-192.94,0
37983,83.33,-192.54,0
37995,83.33,-192.38,0
38006,90.91,-192.28,0
38018,83.33,-193.49,0
38029,90.91,-193.61,0
38040,90.91,-192.70,0
38051,90.91,-192.52,0
38064,76.92,-193.23,0
38075,90.91,-193.59,0
38086,90.91,-193.02,0
38097,90.91,-192.72,0
38109,83.33,-192.85,0
38120,90.91,-194.54,0
38132,83.33,-194.32,0
38144,83.33,-192.51,0
38155,90.91,-191.51,0
38166,90.91,-191.47,0
38177,90.91,-192.59,0
38189,83.33,-192.72,0
38201,83.33,-192.51,0
38212,90.91,-193.10,0
38223,90.91,-194.45,0
38235,83.33,-194.68,0
38246,90.91,-193.17,0
38257,90.91,-192.52,0
38269,83.33,-193.25,0
38281,83.33,-194.01,0
38292,90.91,-192.67,0
38303,90.91,-191.86,0
38315,83.33,-192.51,0
38326,90.91,-193.71,0
38338,83.33,-193.62,0
38349,90.91,-192.64,0
38361,83.33,-192.83,0
38372,90.91,-192.77,0
38383,90.91,-193.09,0
38394,90.91,-193.02,0
38407,76.92,-193.13,0
38418,90.91,-193.91,0
38429,90.91,-193.92,0
38440,90.91,-193.60,0
38452,83.33,-192.48,0
38463,90.91,-191.94,0
38475,83.33,-191.55,0
38487,83.33,-192.49,0
38498,90.91,-192.67,0
38509,90.91,-192.00,0
38520,90.91,-193.30,0
38532,83.33,-194.75,0
38544,83.33,-195.08,0
