66,15.15,-184.29,0
77,90.91,-187.42,0
89,83.33,-183.21,0
100,90.91,-178.06,0
111,90.91,-176.78,0
123,83.33,-181.44,0
135,83.33,-184.89,0
146,90.91,-181.29,0
157,90.91,-176.37,0
168,90.91,-175.45,0
180,83.33,-181.31,0
192,83.33,-186.43,0
203,90.91,-183.70,0
215,83.33,-178.79,0
226,90.91,-178.81,0
237,90.91,-183.10,0
248,90.91,-186.24,0
261,76.92,-182.82,0
272,90.91,-177.05,0
283,90.91,-175.52,0
294,90.91,-179.65,0
306,83.33,-183.81,0
318,90.91,-181.68,0
329,90.91,-176.40,0
340,90.91,-176.40,0
352,83.33,-182.90,0
363,90.91,-187.57,0
374,90.91,-185.36,0
387,76.92,-179.42,0
398,90.91,-176.71,0
409,90.91,-180.64,0
420,90.91,-184.44,0
432,83.33,-182.94,0
443,90.91,-176.75,0
455,83.33,-175.26,0
466,90.91,-179.35,0
478,83.33,-184.94,0
489,90.91,-185.12,0
500,90.91,-180.13,0
512,83.33,-178.19,0
524,83.33,-181.97,0
535,90.91,-186.09,0
546,90.91,-184.91,0
558,83.33,-179.36,0
569,90.91,-175.66,0
580,90.91,-177.77,0
592,83.33,-183.12,0
604,83.33,-183.79,0
615,90.91,-179.14,0
626,90.91,-175.86,0
637,90.91,-179.75,0
650,83.33,-186.11,0
661,83.33,-186.75,0
672,90.91,-180.95,0
684,83.33,-176.77,0
695,90.91,-178.83,0
706,90.91,-183.20,0
718,83.33,-184.04,0
730,83.33,-178.99,0
741,90.91,-174.81,0
752,90.91,-177.08,0
763,90.91,-183.77,0
775,83.33,-185.90,0
787,83.33,-181.65,0
798,90.91,-177.92,0
809,90.91,-180.86,0
821,83.33,-185.32,0
832,90.91,-186.63,0
843,90.91,-181.44,0
856,76.92,-175.93,0
867,90.91,-176.92,0
878,90.91,-182.09,0
889,90.91,-184.11,0
901,83.33,-180.63,0
912,90.91,-176.69,0
924,83.33,-178.00,0
935,90.91,-184.41,0
947,83.33,-187.20,0
958,90.91,-183.08,0
969,90.91,-177.62,0
980,90.91,-177.72,0
993,76.92,-181.79,0
1004,90.91,-184.03,0
1015,90.91,-180.55,0
1027,83.33,-175.55,0
1038,90.91,-176.14,0
1050,90.91,-182.04,0
1061,83.33,-185.71,0
1073,83.33,-183.71,0
1084,90.91,-178.74,0
1095,90.91,-178.31,0
1106,90.91,-183.33,0
1119,76.92,-187.16,0
1130,90.91,-183.24,0
1141,90.91,-176.87,0
1153,83.33,-175.35,0
1164,90.91,-179.86,0
1175,90.91,-184.20,0
1187,83.33,-182.25,0
1199,83.33,-177.41,0
1210,90.91,-176.19,0
1221,90.91,-180.99,0
1232,90.91,-185.96,0
1244,83.33,-184.69,0
1256,83.33,-179.07,0
1267,90.91,-176.78,0
1278,90.91,-180.24,0
1290,83.33,-185.31,0
1301,90.91,-183.45,0
1312,90.91,-177.39,0
1325,76.92,-174.97,0
1336,90.91,-179.82,0
1347,90.91,-185.38,0
1358,90.91,-185.00,0
1370,83.33,-179.79,0
1382,90.91,-177.17,0
1393,83.33,-180.62,0
1404,90.91,-185.61,0
1416,83.33,-185.04,0
1427,90.91,-178.85,0
1438,90.91,-175.45,0
1451,76.92,-178.23,0
1462,90.91,-183.68,0
1473,90.91,-184.10,0
1484,90.91,-179.25,0
1496,83.33,-176.52,0
1507,90.91,-179.42,0
1519,83.33,-185.04,0
1530,90.91,-185.60,0
1542,83.33,-179.98,0
1553,90.91,-176.75,0
1564,90.91,-179.30,0
1575,90.91,-184.50,0
1588,76.92,-185.08,0
1599,90.91,-179.60,0
1610,90.91,-175.53,0
1622,83.33,-177.42,0
1633,90.91,-183.69,0
1644,90.91,-185.47,0
1656,83.33,-180.96,0
1668,83.33,-177.00,0
1679,90.91,-179.12,0
1690,90.91,-184.47,0
1701,90.91,-185.83,0
1713,83.33,-181.36,0
1725,83.33,-176.34,0
1736,90.91,-177.60,0
1747,90.91,-182.98,0
1759,83.33,-184.79,0
1770,90.91,-180.84,0
1782,90.91,-176.18,0
1794,76.92,-177.82,0
1805,90.91,-183.40,0
1816,90.91,-186.07,0
1827,90.91,-182.73,0
1839,83.33,-177.58,0
1851,83.33,-177.97,0
1862,90.91,-182.98,0
1873,90.91,-185.24,0
1885,83.33,-181.44,0
1896,90.91,-176.51,0
1907,90.91,-176.82,0
1920,76.92,-182.69,0
1931,90.91,-186.63,0
1942,90.91,-183.06,0
1953,90.91,-177.51,0
1965,83.33,-176.97,0
1976,90.91,-182.27,0
1988,83.33,-186.35,0
1999,90.91,-182.65,0
2011,83.33,-177.34,0
2022,90.91,-176.17,0
2033,90.91,-181.51,0
2044,90.91,-185.85,0
2057,76.92,-183.33,0
2068,90.91,-177.48,0
2079,90.91,-176.32,0
2091,83.33,-181.17,0
2102,90.91,-185.71,0
2113,90.91,-183.70,0
2125,83.33,-177.88,0
2137,83.33,-175.48,0
2148,90.91,-179.81,0
2159,90.91,-184.43,0
2170,90.91,-183.31,0
2183,83.33,-178.63,0
2194,83.33,-176.51,0
2205,90.91,-181.16,0
2216,90.91,-185.92,0
2228,83.33,-184.74,0
2239,90.91,-179.70,0
2251,90.91,-177.24,0
2263,76.92,-180.76,0
2274,90.91,-185.46,0
2285,90.91,-184.57,0
2296,90.91,-178.79,0
2308,83.33,-175.55,0
2320,83.33,-178.30,0
2331,90.91,-184.03,0
2342,90.91,-184.21,0
2354,83.33,-179.62,0
2365,90.91,-176.26,0
2376,90.91,-179.48,0
2388,83.33,-184.78,0
2400,83.33,-185.49,0
2411,90.91,-180.06,0
2422,90.91,-176.58,0
2434,83.33,-179.13,0
2445,90.91,-184.32,0
2457,83.33,-184.60,0
2468,90.91,-179.59,0
2480,83.33,-175.80,0
2491,90.91,-177.85,0
2502,90.91,-184.01,0
2513,90.91,-185.31,0
2526,76.92,-181.03,0
2537,90.91,-176.92,0
2548,90.91,-178.50,0
2560,83.33,-183.77,0
2571,90.91,-185.92,0
2583,90.91,-180.95,0
2594,83.33,-175.89,0
2606,83.33,-177.19,0
2617,90.91,-182.84,0
2628,90.91,-185.15,0
2639,90.91,-181.44,0
2652,76.92,-177.06,0
2663,90.91,-177.70,0
2674,90.91,-183.71,0
2685,90.91,-186.62,0
2697,83.33,-183.06,0
2708,90.91,-178.01,0
2720,83.33,-177.83,0
2732,83.33,-183.18,0
2743,90.91,-185.85,0
2754,90.91,-181.83,0
2765,90.91,-176.40,0
2777,83.33,-176.40,0
2789,83.33,-181.54,0
2800,90.91,-185.02,0
2811,90.91,-182.49,0
2823,83.33,-177.21,0
2834,90.91,-177.28,0
2845,90.91,-182.26,0
2857,83.33,-186.11,0
2869,83.33,-183.75,0
2880,90.91,-177.96,0
2891,90.91,-176.37,0
2903,83.33,-180.38,0
2915,90.91,-184.84,0
2926,83.33,-182.48,0
2937,90.91,-177.13,0
2949,83.33,-176.37,0
2960,90.91,-180.77,0
2971,90.91,-186.18,0
2983,83.33,-184.67,0
2995,83.33,-179.61,0
3006,90.91,-177.05,0
3017,90.91,-181.26,0
3028,90.91,-185.44,0
3040,83.33,-183.34,0
3052,83.33,-178.21,0
3063,90.91,-175.85,0
3075,83.33,-179.28,0
3086,90.91,-184.47,0
3097,90.91,-184.10,0
3108,90.91,-179.96,0
3121,76.92,-177.24,0
3132,90.91,-180.55,0
3143,90.91,-185.90,0
3154,90.91,-185.40,0
3166,83.33,-180.16,0
3177,90.91,-176.53,0
3189,83.33,-179.34,0
3201,83.33,-183.86,0
3212,90.91,-184.17,0
3223,90.91,-179.25,0
3234,90.91,-176.31,0
3247,83.33,-179.19,0
3258,83.33,-184.85,0
3269,90.91,-185.96,0
3280,90.91,-181.07,0
3292,83.33,-177.80,0
3303,90.91,-180.39,0
3315,83.33,-185.75,0
3326,90.91,-186.47,0
3338,83.33,-180.72,0
3349,90.91,-175.41,0
3360,90.91,-177.36,0
3372,83.33,-182.82,0
3384,83.33,-185.13,0
3395,90.91,-182.06,0
3406,90.91,-177.33,0
3418,83.33,-178.72,0
3429,90.91,-184.92,0
3440,90.91,-187.44,0
3452,83.33,-182.54,0
3464,83.33,-177.05,0
3475,90.91,-177.64,0
3486,90.91,-182.13,0
3497,90.91,-184.69,0
3509,83.33,-181.27,0
3521,83.33,-176.32,0
3532,90.91,-177.31,0
3544,83.33,-183.11,0
3555,90.91,-186.90,0
3566,90.91,-184.00,0
3578,90.91,-178.44,0
3590,76.92,-177.86,0
3601,90.91,-182.52,0
3612,90.91,-186.08,0
3623,90.91,-182.38,0
3635,83.33,-176.58,0
3647,83.33,-175.78,0
3658,90.91,-181.03,0
3670,83.33,-185.25,0
3681,90.91,-183.05,0
3692,90.91,-178.34,0
3703,90.91,-177.45,0
3716,76.92,-182.16,0
3727,90.91,-186.48,0
3738,90.91,-183.62,0
3749,90.91,-177.92,0
3761,83.33,-176.16,0
3772,90.91,-180.22,0
3784,83.33,-184.46,0
3795,90.91,-182.27,0
3807,83.33,-177.14,0
3818,90.91,-176.23,0
3829,90.91,-180.91,0
3841,83.33,-185.09,0
3853,83.33,-184.23,0
3864,90.91,-179.07,0
3875,90.91,-177.25,0
3887,83.33,-180.63,0
3898,90.91,-185.32,0
3909,90.91,-183.40,0
3921,83.33,-177.85,0
3933,83.33,-175.30,0
3944,90.91,-179.38,0
3955,90.91,-184.88,0
3966,90.91,-184.66,0
3979,83.33,-179.54,0
3990,83.33,-176.42,0
4001,90.91,-179.83,0
4013,83.33,-185.36,0
4024,90.91,-184.73,0
4035,90.91,-179.29,0
4047,83.33,-175.91,0
4059,83.33,-178.60,0
4070,90.91,-184.70,0
4081,90.91,-185.22,0
4092,90.91,-179.92,0
4104,83.33,-176.21,0
4116,83.33,-179.22,0
4127,90.91,-184.58,0
4139,83.33,-185.29,0
4150,90.91,-180.13,0
4161,90.91,-176.50,0
4172,90.91,-178.70,0
4185,76.92,-183.43,0
4196,90.91,-185.16,0
4207,90.91,-180.79,0
4218,90.91,-176.62,0
4230,83.33,-178.36,0
4241,90.91,-183.43,0
4253,83.33,-185.86,0
4264,90.91,-182.13,0
4276,83.33,-176.55,0
4287,90.91,-178.13,0
4298,90.91,-183.71,0
4311,83.33,-185.72,0
4322,83.33,-181.44,0
4333,90.91,-176.54,0
4344,90.91,-176.97,0
4356,83.33,-182.44,0
4367,90.91,-186.43,0
4379,90.91,-182.74,0
4390,90.91,-177.56,0
4402,83.33,-178.09,0
4413,90.91,-183.27,0
4424,90.91,-186.19,0
4435,90.91,-183.16,0
4448,76.92,-177.42,0
4459,90.91,-176.60,0
4470,90.91,-181.05,0
4482,83.33,-184.77,0
4493,90.91,-182.41,0
4504,90.91,-177.19,0
4516,83.33,-177.09,0
4528,83.33,-181.90,0
4539,90.91,-186.43,0
4550,90.91,-184.86,0
4561,90.91,-178.85,0
4573,83.33,-177.05,0
4585,83.33,-181.20,0
4596,90.91,-185.43,0
4608,83.33,-182.87,0
4619,90.91,-177.92,0
4630,90.91,-175.48,0
4641,90.91,-179.98,0
4654,76.92,-185.30,0
4665,90.91,-184.86,0
4676,90.91,-179.19,0
4687,90.91,-177.09,0
4699,83.33,-181.00,0
4711,90.91,-186.39,0
4722,83.33,-184.97,0
4733,90.91,-178.63,0
4745,83.33,-175.89,0
4756,90.91,-179.40,0
4767,90.91,-184.81,0
4780,76.92,-184.03,0
4791,90.91,-178.69,0
4802,90.91,-175.93,0
4813,90.91,-180.10,0
4825,83.33,-185.63,0
4836,90.91,-185.45,0
4848,83.33,-179.84,0
4859,90.91,-176.56,0
4871,83.33,-179.76,0
4882,90.91,-185.15,0
4893,90.91,-184.97,0
4904,90.91,-179.41,0
4917,76.92,-175.41,0
4928,90.91,-178.58,0
4939,90.91,-183.95,0
4951,83.33,-185.41,0
4962,90.91,-180.67,0
4973,90.91,-176.56,0
4985,83.33,-178.66,0
4997,83.33,-183.78,0
5008,90.91,-185.15,0
5019,90.91,-180.02,0
5030,90.91,-175.87,0
5043,83.33,-177.85,0
5054,83.33,-183.83,0
5065,90.91,-185.83,0
5076,90.91,-182.15,0
5088,83.33,-177.73,0
5099,90.91,-178.66,0
5111,83.33,-184.02,0
5123,83.33,-185.66,0
5134,90.91,-181.64,0
5145,90.91,-176.60,0
5156,90.91,-176.91,0
5168,83.33,-182.08,0
5180,83.33,-184.59,0
5191,90.91,-181.52,0
5202,90.91,-176.99,0
5214,83.33,-177.03,0
5225,90.91,-182.45,0
5236,90.91,-186.17,0
5249,76.92,-183.14,0
5260,90.91,-176.89,0
5271,90.91,-176.61,0
5282,90.91,-181.65,0
5294,83.33,-185.50,0
5305,90.91,-182.68,0
5317,83.33,-177.30,0
5328,90.91,-176.39,0
5340,83.33,-180.89,0
5351,90.91,-185.54,0
5362,90.91,-183.63,0
5374,90.91,-178.78,0
5386,76.92,-177.58,0
5397,90.91,-181.25,0
5408,90.91,-185.52,0
5420,83.33,-183.78,0
5431,90.91,-178.03,0
5443,83.33,-176.05,0
5454,90.91,-180.40,0
5466,83.33,-184.99,0
5477,90.91,-184.15,0
5488,90.91,-179.24,0
5499,90.91,-177.06,0
5512,76.92,-180.62,0
5523,90.91,-185.30,0
5534,90.91,-184.20,0
5545,90.91,-179.14,0
5557,83.33,-176.29,0
5568,90.91,-179.66,0
5580,83.33,-185.18,0
5592,83.33,-184.58,0
5603,90.91,-179.32,0
5614,90.91,-176.51,0
5625,90.91,-179.37,0
5637,83.33,-184.51,0
5649,83.33,-184.39,0
5660,90.91,-179.18,0
5671,90.91,-175.88,0
5683,83.33,-178.88,0
5694,90.91,-184.43,0
5706,90.91,-185.55,0
5718,76.92,-180.51,0
5729,90.91,-176.69,0
5740,90.91,-178.45,0
5751,90.91,-184.31,0
5763,83.33,-185.55,0
5775,83.33,-181.53,0
5786,90.91,-177.19,0
5797,90.91,-178.50,0
5809,83.33,-183.86,0
5820,90.91,-186.24,0
5831,90.91,-181.87,0
5843,83.33,-177.56,0
5855,83.33,-178.45,0
5866,90.91,-183.34,0
5877,90.91,-186.09,0
5889,83.33,-181.81,0
5900,90.91,-176.17,0
5912,83.33,-177.09,0
5923,90.91,-182.30,0
5935,83.33,-185.48,0
5946,90.91,-181.91,0
5957,90.91,-177.10,0
5968,90.91,-177.59,0
5981,76.92,-183.31,0
5992,90.91,-186.27,0
6003,90.91,-182.61,0
6014,90.91,-177.54,0
6026,83.33,-177.66,0
6038,90.91,-182.39,0
6049,83.33,-186.31,0
6061,83.33,-183.37,0
6072,90.91,-177.66,0
6083,90.91,-177.12,0
6094,90.91,-182.35,0
6107,76.92,-186.14,0
6118,90.91,-183.90,0
6129,90.91,-178.30,0
6140,90.91,-176.71,0
6152,83.33,-181.15,0
6163,90.91,-184.99,0
6175,83.33,-183.31,0
6187,83.33,-177.93,0
6198,90.91,-176.59,0
6209,90.91,-181.16,0
6220,90.91,-185.42,0
6232,83.33,-184.05,0
6244,83.33,-178.37,0
6255,90.91,-176.51,0
6266,90.91,-180.51,0
6278,83.33,-185.29,0
6289,90.91,-184.06,0
6300,90.91,-178.65,0
6312,83.33,-176.32,0
6324,83.33,-179.95,0
6335,90.91,-185.21,0
6346,90.91,-184.22,0
6358,83.33,-179.21,0
6370,90.91,-176.82,0
6381,83.33,-180.33,0
6392,90.91,-185.43,0
6404,83.33,-184.90,0
6415,90.91,-179.62,0
6426,90.91,-175.59,0
6438,83.33,-178.59,0
6450,83.33,-184.49,0
6461,90.91,-185.00,0
6472,90.91,-179.84,0
6483,90.91,-175.66,0
6495,83.33,-178.87,0
6507,83.33,-184.75,0
6518,90.91,-185.79,0
6530,83.33,-180.95,0
6541,90.91,-176.38,0
6552,90.91,-178.04,0
6563,90.91,-183.36,0
6576,76.92,-185.45,0
6587,90.91,-180.91,0
6598,90.91,-176.17,0
6609,90.91,-177.84,0
6621,83.33,-184.06,0
6632,90.91,-186.51,0
6644,83.33,-181.96,0
6656,83.33,-177.79,0
6667,90.91,-178.83,0
6678,90.91,-184.04,0
6689,90.91,-186.25,0
6702,83.33,-182.25,0
6713,83.33,-176.74,0
6724,90.91,-177.36,0
6735,90.91,-182.04,0
6747,83.33,-184.75,0
6758,90.91,-181.92,0
6770,83.33,-177.38,0
6781,90.91,-177.86,0
6793,83.33,-182.91,0
6804,90.91,-186.48,0
6815,90.91,-183.77,0
6827,83.33,-179.11,0
6839,83.33,-178.11,0
6850,90.91,-182.55,0
6861,90.91,-185.30,0
6873,83.33,-182.00,0
6884,90.91,-176.81,0
6895,90.91,-175.77,0
6907,83.33,-180.70,0
6919,83.33,-185.76,0
6930,90.91,-184.18,0
6941,90.91,-178.93,0
6952,90.91,-177.67,0
6964,83.33,-181.84,0
6976,83.33,-186.86,0
6987,90.91,-184.17,0
6999,83.33,-178.10,0
7010,90.91,-175.78,0
7021,90.91,-179.83,0
7032,90.91,-184.37,0
7045,76.92,-182.99,0
7056,90.91,-177.99,0
7067,90.91,-176.00,0
7078,90.91,-180.24,0
7090,83.33,-184.97,0
7102,90.91,-184.64,0
7113,83.33,-180.05,0
7124,90.91,-176.95,0
7136,83.33,-180.09,0
7147,90.91,-185.26,0
7158,90.91,-184.15,0
7171,76.92,-178.40,0
7182,90.91,-175.30,0
7193,90.91,-179.13,0
7204,90.91,-184.30,0
7216,83.33,-184.61,0
7227,90.91,-179.64,0
7239,83.33,-176.48,0
7250,90.91,-180.03,0
7262,83.33,-185.16,0
7273,90.91,-185.41,0
7284,90.91,-179.50,0
7296,83.33,-175.44,0
7308,83.33,-178.37,0
7319,90.91,-183.64,0
7330,90.91,-184.59,0
7342,83.33,-179.92,0
7353,90.91,-176.18,0
7364,90.91,-178.34,0
7376,83.33,-184.35,0
7388,83.33,-186.40,0
7399,90.91,-181.47,0
7410,90.91,-176.89,0
7421,90.91,-178.39,0
7434,83.33,-183.77,0
7445,83.33,-185.66,0
7456,90.91,-180.82,0
7468,83.33,-176.08,0
7479,90.91,-177.42,0
7490,90.91,-183.40,0
7502,83.33,-185.58,0
7514,83.33,-181.96,0
7525,90.91,-176.95,0
7536,90.91,-177.34,0
7547,90.91,-182.68,0
7559,83.33,-185.67,0
7571,83.33,-182.49,0
7582,90.91,-176.99,0
7593,90.91,-176.75,0
7605,83.33,-181.72,0
7616,90.91,-185.29,0
7627,90.91,-183.13,0
7640,76.92,-178.04,0
7651,90.91,-178.06,0
7662,90.91,-183.26,0
7673,90.91,-186.74,0
7685,83.33,-184.00,0
7696,90.91,-178.04,0
7708,83.33,-176.62,0
7719,90.91,-181.42,0
7731,83.33,-185.66,0
7742,90.91,-182.66,0
7753,90.91,-177.27,0
7766,90.91,-176.00,0
7777,76.92,-180.99,0
7788,90.91,-185.81,0
7799,90.91,-184.03,0
7811,83.33,-178.80,0
7822,90.91,-176.93,0
7834,83.33,-181.05,0
7845,90.91,-185.50,0
7857,83.33,-183.08,0
7868,90.91,-178.02,0
7879,90.91,-175.79,0
7890,90.91,-179.57,0
7903,76.92,-184.40,0
7914,90.91,-183.70,0
7925,90.91,-178.48,0
7937,83.33,-176.29,0
7948,90.91,-180.18,0
7959,90.91,-185.36,0
7971,83.33,-185.37,0
7983,83.33,-179.69,0
7994,90.91,-176.79,0
8005,90.91,-179.84,0
8016,90.91,-184.95,0
8028,83.33,-184.45,0
8040,83.33,-178.03,0
8051,90.91,-174.62,0
8062,90.91,-178.11,0
8074,83.33,-184.18,0
8085,90.91,-184.80,0
8097,90.91,-179.90,0
8109,76.92,-176.99,0
8120,90.91,-179.73,0
8131,90.91,-184.52,0
8142,90.91,-185.32,0
8154,83.33,-180.28,0
8166,83.33,-176.20,0
8177,90.91,-177.58,0
8188,90.91,-183.08,0
8200,83.33,-184.63,0
8211,90.91,-180.06,0
8222,90.91,-175.73,0
8235,76.92,-177.96,0
8246,90.91,-183.53,0
8257,90.91,-185.23,0
8268,90.91,-181.33,0
8280,83.33,-176.41,0
8291,90.91,-178.02,0
8303,83.33,-183.90,0
8314,90.91,-186.09,0
8326,83.33,-181.65,0
8337,90.91,-176.43,0
8348,90.91,-177.09,0
8359,90.91,-182.68,0
8372,76.92,-185.85,0
8383,90.91,-182.29,0
8394,90.91,-177.27,0
8406,83.33,-177.57,0
8417,90.91,-182.86,0
8429,90.91,-186.57,0
8440,83.33,-182.67,0
8452,83.33,-176.90,0
8463,90.91,-176.51,0
8474,90.91,-182.13,0
8485,90.91,-184.90,0
8498,76.92,-181.49,0
8509,90.91,-176.54,0
8520,90.91,-176.66,0
8531,90.91,-182.34,0
8543,83.33,-186.27,0
8554,90.91,-183.69,0
8566,83.33,-177.96,0
8578,83.33,-176.89,0
8589,90.91,-181.50,0
8600,90.91,-185.36,0
8611,90.91,-182.86,0
8623,83.33,-177.22,0
8635,83.33,-176.04,0
8646,90.91,-181.01,0
8657,90.91,-185.99,0
8669,83.33,-184.33,0
8680,90.91,-178.64,0
8691,90.91,-177.19,0
8704,76.92,-181.67,0
8715,90.91,-185.84,0
8726,90.91,-183.95,0
8737,90.91,-178.70,0
8749,83.33,-176.17,0
8761,90.91,-180.56,0
8772,83.33,-185.79,0
8783,90.91,-183.78,0
8795,83.33,-178.69,0
8806,90.91,-176.42,0
8817,90.91,-180.57,0
8829,83.33,-186.32,0
8841,83.33,-185.61,0
8852,90.91,-179.75,0
8863,90.91,-176.73,0
8875,83.33,-179.58,0
8886,90.91,-185.32,0
8898,83.33,-183.89,0
8909,90.91,-178.09,0
8921,83.33,-174.79,0
8932,90.91,-178.48,0
8943,90.91,-184.16,0
8954,90.91,-184.22,0
8967,76.92,-179.80,0
8978,90.91,-176.45,0
8989,90.91,-180.11,0
9000,90.91,-185.68,0
9012,83.33,-186.11,0
9023,90.91,-181.12,0
9035,83.33,-175.93,0
9047,83.33,-177.91,0
9058,90.91,-183.32,0
9069,90.91,-184.77,0
9080,90.91,-180.34,0
9093,83.33,-176.68,0
9104,83.33,-178.46,0
9115,90.91,-183.80,0
9126,90.91,-185.89,0
9138,83.33,-180.88,0
9149,90.91,-176.60,0
9161,83.33,-177.61,0
9172,90.91,-183.23,0
9184,83.33,-185.14,0
9195,90.91,-180.08,0
9206,90.91,-175.61,0
9218,83.33,-176.82,0
9230,83.33,-182.70,0
9241,90.91,-185.06,0
9252,90.91,-181.61,0
9264,83.33,-176.80,0
9275,90.91,-177.25,0
9286,90.91,-183.07,0
9298,83.33,-186.88,0
9310,83.33,-182.46,0
9321,90.91,-176.27,0
9332,90.91,-175.98,0
9344,83.33,-181.18,0
9355,90.91,-184.41,0
9367,83.33,-180.97,0
9378,90.91,-176.11,0
9390,83.33,-176.65,0
9401,90.91,-181.98,0
9412,90.91,-186.39,0
9424,90.91,-183.68,0
9436,76.92,-177.90,0
9447,90.91,-177.75,0
9458,90.91,-181.62,0
9469,90.91,-185.34,0
9481,83.33,-182.13,0
9493,83.33,-176.34,0
9504,90.91,-175.19,0
9516,83.33,-179.82,0
9527,90.91,-184.78,0
9538,90.91,-183.17,0
9549,90.91,-178.30,0
9562,76.92,-177.53,0
9573,90.91,-182.10,0
9584,90.91,-186.51,0
9595,90.91,-184.38,0
9607,83.33,-178.17,0
9618,90.91,-175.64,0
9630,83.33,-179.49,0
9641,90.91,-183.98,0
9653,83.33,-182.73,0
9664,90.91,-177.79,0
9675,90.91,-175.96,0
9687,83.33,-180.33,0
9699,83.33,-185.71,0
9710,90.91,-185.88,0
9721,90.91,-180.23,0
9733,83.33,-177.67,0
9744,90.91,-181.11,0
9756,90.91,-185.62,0
9767,83.33,-184.86,0
9779,83.33,-178.35,0
9790,90.91,-174.99,0
9801,90.91,-177.63,0
9812,90.91,-183.37,0
9825,76.92,-185.16,0
9836,90.91,-180.58,0
9847,90.91,-177.88,0
9859,83.33,-181.07,0
9870,90.91,-186.85,0
9881,90.91,-186.79,0
9893,83.33,-181.26,0
9905,83.33,-176.12,0
9916,90.91,-177.98,0
9927,90.91,-184.07,0
9938,90.91,-184.64,0
9950,83.33,-179.63,0
9962,83.33,-175.95,0
9973,90.91,-179.02,0
9985,83.33,-185.78,0
9996,90.91,-187.23,0
10007,90.91,-182.15,0
10018,90.91,-177.30,0
10031,76.92,-178.75,0
10042,90.91,-184.23,0
10053,90.91,-185.64,0
10064,90.91,-181.28,0
10076,83.33,-176.35,0
10088,90.91,-177.57,0
10099,83.33,-183.07,0
10110,90.91,-185.77,0
10122,83.33,-182.33,0
10133,90.91,-178.19,0
10144,90.91,-178.38,0
10157,76.92,-182.93,0
10168,90.91,-185.92,0
10179,90.91,-182.90,0
10190,90.91,-177.11,0
10202,83.33,-176.58,0
10213,90.91,-181.64,0
10225,83.33,-184.84,0
10236,90.91,-181.35,0
10248,83.33,-176.32,0
10259,90.91,-177.04,0
10270,90.91,-182.44,0
10281,90.91,-187.13,0
10294,76.92,-184.76,0
10305,90.91,-179.07,0
10316,90.91,-177.77,0
10328,83.33,-181.85,0
10339,90.91,-185.30,0
10350,90.91,-182.36,0
10362,83.33,-176.81,0
10374,83.33,-175.96,0
10385,90.91,-180.51,0
10396,90.91,-184.81,0
10407,90.91,-183.17,0
10419,83.33,-178.20,0
10431,83.33,-178.02,0
10442,90.91,-182.22,0
10454,83.33,-186.53,0
10465,90.91,-185.13,0
10476,90.91,-178.78,0
10488,90.91,-176.18,0
10500,76.92,-180.34,0
10511,90.91,-185.35,0
10522,90.91,-184.05,0
10533,90.91,-178.38,0
10545,83.33,-176.39,0
10557,83.33,-180.65,0
10568,90.91,-186.22,0
10579,90.91,-185.49,0
10591,83.33,-180.06,0
10602,90.91,-177.34,0
10613,90.91,-180.75,0
10626,76.92,-185.59,0
10637,90.91,-185.22,0
10648,90.91,-179.37,0
10659,90.91,-176.09,0
10671,83.33,-179.65,0
10682,90.91,-185.07,0
10694,83.33,-185.06,0
10705,90.91,-179.51,0
10717,83.33,-176.27,0
10728,90.91,-180.54,0
10739,90.91,-185.45,0
10750,90.91,-185.59,0
10763,76.92,-179.72,0
10774,90.91,-175.16,0
10785,90.91,-177.71,0
10797,83.33,-182.85,0
10808,90.91,-184.00,0
10820,90.91,-179.56,0
10831,83.33,-176.24,0
10843,83.33,-178.73,0
10854,90.91,-185.03,0
10865,90.91,-185.96,0
10876,90.91,-181.05,0
10889,76.92,-177.11,0
10900,90.91,-178.79,0
10911,90.91,-183.95,0
10923,83.33,-184.43,0
10934,90.91,-180.21,0
10945,90.91,-174.95,0
10957,83.33,-176.14,0
10969,83.33,-182.17,0
10980,90.91,-185.24,0
10991,90.91,-181.91,0
11002,90.91,-177.32,0
11014,83.33,-178.42,0
11026,83.33,-183.79,0
11037,90.91,-186.44,0
11048,90.91,-182.01,0
11060,83.33,-176.31,0
11071,90.91,-176.23,0
11082,90.91,-181.11,0
11095,76.92,-184.39,0
11106,90.91,-180.99,0
11117,90.91,-176.09,0
11128,90.91,-177.30,0
11140,83.33,-182.53,0
11152,90.91,-186.20,0
11163,83.33,-183.48,0
11174,90.91,-177.87,0
11186,83.33,-177.72,0
11197,90.91,-182.94,0
11208,90.91,-185.82,0
11220,83.33,-181.88,0
11232,83.33,-176.58,0
11243,90.91,-175.03,0
11254,90.91,-180.60,0
11266,83.33,-185.59,0
11277,90.91,-184.29,0
11289,83.33,-179.23,0
11300,90.91,-177.70,0
11312,83.33,-182.16,0
11323,90.91,-186.95,0
11334,90.91,-184.31,0
11345,90.91,-178.16,0
11358,76.92,-175.58,0
11369,90.91,-179.44,0
11380,90.91,-183.71,0
11392,83.33,-182.58,0
11403,90.91,-177.45,0
11414,90.91,-175.87,0
11426,83.33,-180.46,0
11438,83.33,-186.35,0
11449,90.91,-185.77,0
11460,90.91,-179.73,0
11471,90.91,-177.15,0
11484,83.33,-180.16,0
11495,83.33,-184.73,0
11506,90.91,-183.58,0
11517,90.91,-177.77,0
11529,83.33,-174.54,0
11540,90.91,-177.67,0
11552,83.33,-183.83,0
11564,83.33,-184.64,0
11575,90.91,-180.62,0
11586,90.91,-177.25,0
11597,90.91,-180.03,0
11609,83.33,-185.34,0
11621,83.33,-185.09,0
11632,90.91,-180.29,0
11643,90.91,-175.26,0
11655,83.33,-177.16,0
11666,90.91,-181.95,0
11677,90.91,-183.51,0
11689,83.33,-179.78,0
11701,83.33,-176.34,0
11712,90.91,-179.54,0
11723,90.91,-185.47,0
11735,83.33,-187.21,0
11746,90.91,-182.48,0
11758,83.33,-176.95,0
11769,90.91,-177.59,0
11781,83.33,-182.66,0
11792,90.91,-184.27,0
11803,90.91,-179.19,0
11814,90.91,-175.55,0
11827,76.92,-177.22,0
11838,90.91,-182.73,0
11849,90.91,-185.93,0
11860,90.91,-183.09,0
11872,83.33,-178.24,0
11884,90.91,-179.36,0
11895,83.33,-184.83,0
11907,83.33,-187.17,0
11918,90.91,-181.90,0
11929,90.91,-176.07,0
11940,90.91,-175.96,0
11953,76.92,-181.64,0
11964,90.91,-184.74,0
11975,90.91,-181.72,0
11986,90.91,-177.59,0
11998,83.33,-177.60,0
12009,90.91,-183.24,0
12021,83.33,-187.28,0
12033,83.33,-183.96,0
12044,90.91,-178.15,0
12055,90.91,-177.13,0
12066,90.91,-180.89,0
12078,83.33,-185.03,0
12090,83.33,-182.23,0
12101,90.91,-176.90,0
12112,90.91,-176.06,0
12124,83.33,-181.35,0
12135,90.91,-186.10,0
12147,90.91,-184.78,0
12158,83.33,-179.75,0
12170,83.33,-177.94,0
12181,90.91,-181.47,0
12192,90.91,-185.52,0
12204,83.33,-183.19,0
12216,83.33,-177.43,0
12227,90.91,-175.52,0
12238,90.91,-179.37,0
12250,83.33,-184.17,0
12261,90.91,-183.80,0
12272,90.91,-179.39,0
12284,83.33,-177.41,0
12296,83.33,-181.31,0
12307,90.91,-186.05,0
12318,90.91,-184.79,0
12329,90.91,-178.61,0
12341,83.33,-175.04,0
12353,83.33,-178.83,0
12364,90.91,-183.66,0
12376,83.33,-183.33,0
12387,90.91,-178.32,0
12398,90.91,-175.88,0
12409,90.91,-179.78,0
12422,76.92,-185.95,0
12433,90.91,-187.13,0
12444,90.91,-181.69,0
12455,90.91,-177.24,0
12467,83.33,-179.61,0
12479,90.91,-184.41,0
12490,83.33,-184.44,0
12502,83.33,-179.04,0
12513,90.91,-174.54,0
12524,90.91,-177.43,0
12535,90.91,-183.56,0
12548,76.92,-185.10,0
12559,90.91,-181.02,0
12570,90.91,-177.36,0
12581,90.91,-179.87,0
12593,83.33,-185.61,0
12604,90.91,-186.79,0
12616,83.33,-181.25,0
12627,90.91,-176.79,0
12639,83.33,-177.74,0
12650,90.91,-182.45,0
12661,90.91,-184.05,0
12673,83.33,-180.10,0
12685,83.33,-176.28,0
12696,90.91,-177.66,0
12707,90.91,-184.15,0
12719,83.33,-187.25,0
12730,90.91,-183.74,0
12741,90.91,-178.40,0
12753,83.33,-178.19,0
12765,83.33,-182.80,0
12776,90.91,-185.73,0
12787,90.91,-181.45,0
12798,90.91,-175.34,0
12811,83.33,-175.12,0
12822,83.33,-180.78,0
12833,90.91,-185.22,0
12845,83.33,-182.56,0
12856,90.91,-178.13,0
12867,90.91,-178.04,0
12879,83.33,-182.93,0
12891,83.33,-186.80,0
12902,90.91,-183.13,0
12913,90.91,-176.91,0
12924,90.91,-175.29,0
12936,83.33,-179.75,0
12948,83.33,-184.08,0
12959,90.91,-182.67,0
12971,83.33,-177.53,0
12982,90.91,-176.24,0
12993,90.91,-181.20,0
13004,90.91,-186.27,0
13017,76.92,-184.47,0
13028,90.91,-178.83,0
13039,90.91,-176.67,0
13050,90.91,-180.23,0
13062,83.33,-184.52,0
13073,90.91,-182.88,0
13085,83.33,-177.21,0
13096,90.91,-175.36,0
13108,83.33,-179.81,0
13119,90.91,-184.68,0
13130,90.91,-184.24,0
13143,83.33,-179.31,0
13154,83.33,-177.86,0
13165,90.91,-181.60,0
13176,90.91,-186.41,0
13188,83.33,-184.98,0
13199,90.91,-179.05,0
13211,83.33,-175.65,0
13222,90.91,-178.77,0
13234,83.33,-184.03,0
13245,90.91,-183.77,0
13256,90.91,-179.06,0
13267,90.91,-176.04,0
13280,76.92,-179.81,0
13291,90.91,-186.09,0
13302,90.91,-186.85,0
13314,83.33,-181.49,0
13325,90.91,-177.26,0
13336,90.91,-179.47,0
13348,83.33,-184.53,0
13360,83.33,-184.45,0
13371,90.91,-179.00,0
13382,90.91,-174.66,0
13393,90.91,-176.99,0
13405,83.33,-183.26,0
13417,83.33,-184.95,0
13428,90.91,-181.27,0
13440,83.33,-177.21,0
13451,90.91,-179.48,0
13462,90.91,-185.01,0
13474,90.91,-186.35,0
13486,76.92,-181.29,0
13497,90.91,-176.16,0
13508,90.91,-177.38,0
13519,90.91,-182.84,0
13531,83.33,-185.25,0
13543,90.91,-181.06,0
13554,83.33,-176.28,0
13565,90.91,-177.93,0
13577,83.33,-184.02,0
13588,90.91,-187.17,0
13599,90.91,-183.29,0
13612,76.92,-177.62,0
13623,90.91,-177.41,0
13634,90.91,-182.48,0
13645,90.91,-185.77,0
13657,83.33,-182.07,0
13668,90.91,-176.41,0
13680,83.33,-175.99,0
13691,90.91,-181.43,0
13703,83.33,-185.34,0
13714,90.91,-182.61,0
13725,90.91,-178.40,0
13736,90.91,-178.08,0
13749,76.92,-183.16,0
13760,90.91,-186.88,0
13771,90.91,-183.77,0
13783,83.33,-177.76,0
13794,90.91,-176.32,0
13805,90.91,-180.59,0
13817,83.33,-184.78,0
13829,83.33,-182.58,0
13840,90.91,-176.78,0
13851,90.91,-176.49,0
13862,90.91,-181.94,0
13875,83.33,-186.59,0
13886,83.33,-184.87,0
13897,90.91,-178.99,0
13908,90.91,-176.82,0
13920,83.33,-181.10,0
13931,90.91,-185.43,0
13943,83.33,-184.25,0
13955,83.33,-178.19,0
13966,90.91,-175.72,0
13977,90.91,-180.02,0
13988,90.91,-185.56,0
14000,83.33,-185.12,0
14012,83.33,-180.34,0
14023,90.91,-177.37,0
14034,90.91,-180.58,0
14046,83.33,-186.39,0
14057,90.91,-185.50,0
14068,90.91,-179.72,0
14081,76.92,-175.88,0
14092,90.91,-178.14,0
14103,90.91,-183.64,0
14114,90.91,-184.57,0
14126,83.33,-179.66,0
14137,90.91,-176.05,0
14149,83.33,-179.58,0
14160,90.91,-186.16,0
14172,83.33,-186.64,0
14183,90.91,-181.45,0
14194,90.91,-177.19,0
14206,90.91,-179.10,0
14218,76.92,-184.00,0
14229,90.91,-185.24,0
14240,90.91,-179.25,0
14252,83.33,-175.36,0
14263,90.91,-177.67,0
14275,83.33,-183.52,0
14286,90.91,-185.69,0
14298,83.33,-181.34,0
14309,90.91,-177.64,0
14320,90.91,-179.53,0
14331,90.91,-184.70,0
14344,76.92,-186.56,0
14355,90.91,-181.33,0
14366,90.91,-175.70,0
14377,90.91,-176.93,0
14389,83.33,-182.37,0
14400,90.91,-185.20,0
14412,83.33,-181.33,0
14424,83.33,-177.15,0
14435,90.91,-177.92,0
14446,90.91,-183.53,0
14457,90.91,-186.46,0
14469,83.33,-183.12,0
14481,83.33,-177.59,0
14492,90.91,-177.36,0
14503,90.91,-182.39,0
14515,83.33,-184.96,0
14526,90.91,-181.33,0
14538,90.91,-175.90,0
14550,76.92,-175.68,0
14561,90.91,-181.71,0
14572,90.91,-185.88,0
14583,90.91,-184.47,0
14595,83.33,-179.14,0
14607,83.33,-178.48,0
14618,90.91,-182.29,0
14629,90.91,-186.21,0
14641,83.33,-182.96,0
14652,90.91,-176.26,0
14663,90.91,-175.00,0
14675,83.33,-179.97,0
14687,83.33,-185.05,0
14698,90.91,-182.90,0
14709,90.91,-177.64,0
14721,83.33,-176.63,0
14732,90.91,-182.32,0
14744,83.33,-186.88,0
14755,90.91,-185.29,0
14767,83.33,-179.34,0
14778,90.91,-176.93,0
14789,90.91,-180.32,0
14800,90.91,-184.57,0
14813,76.92,-183.29,0
14824,90.91,-177.96,0
14835,90.91,-174.90,0
14846,90.91,-179.81,0
14858,83.33,-185.45,0
14870,90.91,-185.60,0
14881,83.33,-180.09,0
14893,83.33,-177.36,0
14904,90.91,-180.86,0
14915,90.91,-185.59,0
14926,90.91,-184.81,0
14939,76.92,-178.81,0
14950,90.91,-174.85,0
14961,90.91,-177.39,0
14972,90.91,-183.06,0
14984,83.33,-184.10,0
14995,90.91,-179.84,0
15007,83.33,-177.21,0
15019,83.33,-181.07,0
15030,90.91,-186.37,0
15041,90.91,-186.51,0
15052,90.91,-180.78,0
15064,83.33,-176.89,0
15076,83.33,-178.33,0
15087,90.91,-183.73,0
15098,90.91,-184.73,0
15110,83.33,-179.41,0
15121,90.91,-175.44,0
15132,90.91,-177.39,0
15144,83.33,-183.36,0
15156,83.33,-185.75,0
15167,90.91,-181.66,0
15178,90.91,-177.55,0
15190,83.33,-178.63,0
15202,90.91,-183.42,0
15213,83.33,-185.20,0
15224,90.91,-180.71,0
15236,83.33,-175.89,0
15247,90.91,-176.90,0
15258,90.91,-182.50,0
15270,83.33,-185.25,0
15282,83.33,-182.05,0
15293,90.91,-177.51,0
15304,90.91,-177.92,0
15315,90.91,-183.24,0
15327,83.33,-186.30,0
15339,83.33,-182.01,0
15350,90.91,-176.43,0
15362,83.33,-176.00,0
15373,90.91,-180.94,0
15384,90.91,-184.74,0
15395,90.91,-182.57,0
15408,76.92,-177.21,0
15419,90.91,-176.95,0
15430,90.91,-182.85,0
15441,90.91,-186.69,0
15453,83.33,-184.30,0
15464,90.91,-178.39,0
15476,83.33,-176.01,0
15488,83.33,-180.88,0
15499,90.91,-185.27,0
15510,90.91,-183.18,0
15521,90.91,-177.37,0
15534,83.33,-175.19,0
15545,83.33,-180.65,0
15556,90.91,-185.82,0
15567,90.91,-184.26,0
15579,83.33,-178.73,0
15590,90.91,-177.30,0
15602,83.33,-181.63,0
15613,90.91,-185.88,0
15625,83.33,-184.01,0
15636,90.91,-178.00,0
15647,90.91,-175.68,0
15659,83.33,-179.84,0
15671,83.33,-184.88,0
15682,90.91,-183.97,0
15693,90.91,-179.44,0
15705,83.33,-177.32,0
15716,90.91,-181.02,0
15727,90.91,-186.58,0
15739,83.33,-186.11,0
15751,83.33,-180.35,0
15762,90.91,-176.58,0
15773,90.91,-178.78,0
15784,90.91,-183.45,0
15796,83.33,-183.52,0
15808,83.33,-178.46,0
15819,90.91,-176.22,0
15831,83.33,-179.69,0
15842,90.91,-185.31,0
15853,90.91,-186.20,0
15865,90.91,-181.80,0
15877,76.92,-177.50,0
15888,90.91,-180.28,0
15899,90.91,-184.91,0
15910,90.91,-185.54,0
15922,83.33,-180.09,0
15934,83.33,-175.76,0
15945,90.91,-177.44,0
15956,90.91,-183.26,0
15968,83.33,-184.98,0
15979,90.91,-181.01,0
15990,90.91,-177.06,0
16003,76.92,-178.98,0
16014,90.91,-184.15,0
16025,90.91,-186.65,0
16036,90.91,-182.21,0
16048,83.33,-176.74,0
16059,90.91,-177.25,0
16071,83.33,-182.84,0
16082,90.91,-185.18,0
16094,83.33,-181.44,0
16105,90.91,-176.06,0
16116,90.91,-176.56,0
16128,83.33,-182.18,0
16140,83.33,-186.22,0
16151,90.91,-183.85,0
16162,90.91,-178.87,0
16174,83.33,-178.13,0
16185,90.91,-183.06,0
16197,90.91,-186.64,0
16208,83.33,-183.30,0
16220,83.33,-177.79,0
16231,90.91,-176.57,0
16242,90.91,-181.15,0
16253,90.91,-184.72,0
16266,76.92,-182.50,0
16277,90.91,-177.27,0
16288,90.91,-177.16,0
16300,83.33,-183.02,0
16311,90.91,-187.23,0
16322,90.91,-184.82,0
16334,83.33,-178.55,0
16346,83.33,-176.72,0
16357,90.91,-180.65,0
16368,90.91,-184.80,0
16379,90.91,-182.38,0
16391,83.33,-176.89,0
16403,83.33,-175.45,0
16414,90.91,-179.68,0
16425,90.91,-185.55,0
16437,83.33,-184.74,0
16448,90.91,-179.46,0
16459,90.91,-177.39,0
16472,76.92,-180.91,0
16483,90.91,-185.70,0
16494,90.91,-184.02,0
16505,90.91,-177.59,0
16517,83.33,-175.29,0
16529,90.91,-178.74,0
16540,83.33,-184.25,0
16551,90.91,-184.22,0
16563,83.33,-178.88,0
16574,90.91,-176.25,0
16585,90.91,-179.51,0
16598,76.92,-184.86,0
16609,90.91,-185.33,0
16620,90.91,-179.35,0
16631,90.91,-175.55,0
16643,83.33,-178.26,0
16654,90.91,-183.25,0
16666,83.33,-183.75,0
16677,90.91,-178.19,0
16689,83.33,-175.08,0
16700,90.91,-177.23,0
16711,90.91,-182.98,0
16722,90.91,-185.14,0
16735,76.92,-181.78,0
16746,90.91,-178.30,0
16757,90.91,-179.57,0
16769,83.33,-184.72,0
16780,90.91,-185.51,0
16791,90.91,-179.86,0
16803,83.33,-175.02,0
16815,83.33,-176.82,0
16826,90.91,-182.81,0
16837,90.91,-184.88,0
16848,90.91,-180.62,0
16860,83.33,-176.64,0
16872,83.33,-177.93,0
16883,90.91,-184.29,0
16894,90.91,-186.85,0
16906,83.33,-182.19,0
16917,90.91,-176.35,0
16929,90.91,-176.86,0
16941,76.92,-181.69,0
16952,90.91,-184.56,0
16963,90.91,-181.37,0
16974,90.91,-176.50,0
16986,83.33,-176.88,0
16998,83.33,-182.19,0
17009,90.91,-186.15,0
17020,90.91,-183.34,0
17032,83.33,-178.37,0
17043,90.91,-178.18,0
17054,90.91,-182.47,0
17067,76.92,-186.21,0
17078,90.91,-182.73,0
17089,90.91,-176.55,0
17100,90.91,-175.49,0
17112,83.33,-180.75,0
17123,90.91,-184.29,0
17135,83.33,-181.79,0
17146,90.91,-178.06,0
17158,83.33,-176.99,0
17169,90.91,-182.13,0
17180,90.91,-186.96,0
17191,90.91,-184.93,0
17204,76.92,-179.63,0
17215,90.91,-177.02,0
17226,90.91,-180.49,0
17238,83.33,-184.71,0
17249,90.91,-183.03,0
17261,90.91,-177.54,0
17272,83.33,-176.05,0
17284,83.33,-180.14,0
17295,90.91,-185.55,0
17306,90.91,-185.62,0
17317,90.91,-180.31,0
17330,76.92,-178.36,0
17341,90.91,-181.08,0
17352,90.91,-185.02,0
17363,90.91,-183.78,0
17375,83.33,-177.41,0
17386,90.91,-174.60,0
17398,83.33,-178.22,0
17410,83.33,-183.96,0
17421,90.91,-184.27,0
17432,90.91,-179.78,0
17443,90.91,-176.83,0
17455,83.33,-181.02,0
17467,83.33,-186.52,0
17478,90.91,-186.21,0
17489,90.91,-180.63,0
17501,83.33,-175.97,0
17512,90.91,-178.00,0
17523,90.91,-183.86,0
17536,76.92,-183.84,0
17547,90.91,-178.23,0
17558,90.91,-174.54,0
17569,90.91,-177.05,0
17581,83.33,-183.14,0
17593,90.91,-185.73,0
17604,83.33,-181.73,0
17615,90.91,-177.56,0
17627,83.33,-178.63,0
17638,90.91,-184.46,0
17649,90.91,-185.62,0
17661,83.33,-180.52,0
17673,83.33,-175.44,0
17684,90.91,-177.30,0
17695,90.91,-182.50,0
17707,83.33,-185.37,0
17718,90.91,-181.06,0
17730,83.33,-177.08,0
17741,90.91,-178.27,0
17753,83.33,-183.96,0
17764,90.91,-186.22,0
17775,90.91,-182.16,0
17786,90.91,-176.76,0
17799,76.92,-177.57,0
17810,90.91,-182.46,0
17821,90.91,-184.81,0
17832,90.91,-180.60,0
17844,83.33,-176.09,0
17855,90.91,-176.26,0
17867,83.33,-181.78,0
17879,83.33,-185.97,0
17890,90.91,-183.36,0
17901,90.91,-178.05,0
17912,90.91,-177.67,0
17925,83.33,-182.75,0
17936,83.33,-185.86,0
17947,90.91,-182.11,0
17958,90.91,-176.54,0
17970,83.33,-175.50,0
17981,90.91,-180.23,0
17993,83.33,-184.56,0
18004,90.91,-182.02,0
18016,83.33,-177.06,0
18027,90.91,-177.04,0
18038,90.91,-182.58,0
18050,83.33,-187.55,0
18062,83.33,-185.44,0
18073,90.91,-178.46,0
18084,90.91,-176.25,0
18096,83.33,-180.31,0
18107,90.91,-184.66,0
18118,90.91,-182.88,0
18130,83.33,-177.05,0
18142,83.33,-174.88,0
18153,90.91,-179.81,0
18164,90.91,-185.30,0
18176,83.33,-185.00,0
18187,90.91,-180.21,0
18199,83.33,-177.96,0
18210,90.91,-181.02,0
18222,83.33,-185.71,0
18233,90.91,-184.44,0
18244,90.91,-178.62,0
18256,90.91,-174.65,0
18268,76.92,-177.82,0
18279,90.91,-183.40,0
18290,90.91,-184.34,0
18301,90.91,-178.87,0
18313,83.33,-176.43,0
18325,90.91,-179.93,0
18336,83.33,-186.54,0
18348,83.33,-187.36,0
18359,90.91,-181.88,0
18370,90.91,-177.89,0
18381,90.91,-179.55,0
18394,76.92,-184.23,0
18405,90.91,-184.34,0
18416,90.91,-179.56,0
18427,90.91,-174.94,0
18439,83.33,-177.27,0
18450,90.91,-183.57,0
18462,83.33,-186.25,0
18473,90.91,-182.78,0
18485,83.33,-178.79,0
18496,90.91,-180.30,0
18507,90.91,-185.26,0
18519,83.33,-186.42,0
18531,83.33,-181.08,0
18542,90.91,-175.49,0
18553,90.91,-176.30,0
18565,83.33,-181.60,0
18576,90.91,-184.12,0
18587,90.91,-180.99,0
18599,83.33,-176.76,0
18611,83.33,-178.25,0
18622,90.91,-184.23,0
18633,90.91,-187.73,0
18644,90.91,-183.58,0
18657,83.33,-177.38,0
18668,83.33,-176.87,0
18679,90.91,-181.70,0
18691,83.33,-184.18,0
18702,90.91,-180.68,0
18713,90.91,-175.18,0
18725,83.33,-175.82,0
18737,83.33,-182.10,0
18748,90.91,-186.16,0
18759,90.91,-184.05,0
18770,90.91,-179.12,0
18782,83.33,-178.81,0
18794,83.33,-183.13,0
18805,90.91,-186.24,0
18817,83.33,-183.03,0
18828,90.91,-176.60,0
18839,90.91,-174.82,0
18850,90.91,-178.67,0
18863,76.92,-183.58,0
18874,90.91,-181.69,0
18885,90.91,-177.75,0
18896,90.91,-176.84,0
18908,83.33,-182.41,0
18919,90.91,-187.90,0
18931,83.33,-185.97,0
18942,90.91,-179.36,0
18954,83.33,-176.68,0
18965,90.91,-180.15,0
18976,90.91,-183.88,0
18989,83.33,-182.02,0
19000,83.33,-176.07,0
19011,90.91,-173.95,0
19022,90.91,-179.27,0
19034,83.33,-186.23,0
19045,90.91,-185.93,0
19057,83.33,-180.79,0
19068,90.91,-178.25,0
19080,83.33,-181.15,0
19091,90.91,-185.85,0
19102,90.91,-184.52,0
19113,90.91,-178.09,0
19126,76.92,-174.45,0
19137,90.91,-177.50,0
19148,90.91,-182.81,0
19160,83.33,-183.11,0
19171,90.91,-178.93,0
19182,90.91,-176.24,0
19194,83.33,-180.11,0
19206,83.33,-186.14,0
19217,90.91,-186.24,0
19228,90.91,-180.62,0
19239,90.91,-176.13,0
19251,83.33,-177.33,0
19263,83.33,-182.20,0
19274,90.91,-183.24,0
19286,83.33,-179.10,0
19297,90.91,-175.64,0
19308,90.91,-177.64,0
19320,90.91,-183.45,0
19332,76.92,-186.60,0
19343,90.91,-182.71,0
19354,90.91,-178.24,0
19365,90.91,-179.64,0
19377,83.33,-184.47,0
19389,83.33,-185.01,0
19400,90.91,-180.10,0
19411,90.91,-175.59,0
19423,83.33,-175.88,0
19434,90.91,-180.85,0
19445,90.91,-183.76,0
19458,76.92,-180.96,0
19469,90.91,-177.65,0
19480,90.91,-178.52,0
19491,90.91,-184.09,0
19503,83.33,-187.29,0
19514,90.91,-183.40,0
19526,83.33,-177.07,0
19537,90.91,-176.56,0
19549,83.33,-181.44,0
19560,90.91,-184.11,0
19571,90.91,-180.66,0
19582,90.91,-175.42,0
19595,76.92,-175.58,0
19606,90.91,-181.87,0
19617,90.91,-186.93,0
19629,83.33,-184.80,0
19640,90.91,-179.35,0
19652,90.91,-178.10,0
19663,83.33,-182.01,0
19675,83.33,-186.21,0
19686,90.91,-183.43,0
19697,90.91,-176.67,0
19708,90.91,-174.71,0
19721,76.92,-178.84,0
19732,90.91,-183.84,0
19743,90.91,-182.91,0
19755,83.33,-178.06,0
19766,90.91,-177.37,0
19777,90.91,-181.55,0
19789,83.33,-186.89,0
19801,83.33,-184.98,0
19812,90.91,-178.53,0
19823,90.91,-175.29,0
19834,90.91,-178.71,0
19846,83.33,-183.07,0
19858,83.33,-181.58,0
19869,90.91,-177.16,0
19880,90.91,-175.10,0
19892,83.33,-179.95,0
19903,90.91,-186.58,0
19914,90.91,-187.12,0
19927,76.92,-181.52,0
19938,90.91,-177.93,0
19949,90.91,-180.54,0
19960,90.91,-184.39,0
19972,83.33,-183.98,0
19984,90.91,-178.61,0
19995,83.33,-174.21,0
20006,90.91,-177.11,0
20018,83.33,-182.69,0
20029,90.91,-184.94,0
20040,90.91,-180.87,0
20052,83.33,-177.78,0
20064,83.33,-180.11,0
20075,90.91,-185.92,0
20086,90.91,-186.89,0
20098,83.33,-181.03,0
20109,90.91,-175.69,0
20121,83.33,-177.17,0
20132,90.91,-181.60,0
20144,83.33,-183.13,0
20155,90.91,-178.64,0
20166,90.91,-174.96,0
20177,90.91,-177.44,0
20190,76.92,-183.58,0
20201,90.91,-187.04,0
20212,90.91,-183.32,0
20224,83.33,-178.56,0
20235,90.91,-179.49,0
20246,90.91,-184.50,0
20258,83.33,-185.06,0
20270,83.33,-179.78,0
20281,90.91,-174.15,0
20292,90.91,-174.68,0
20303,90.91,-181.16,0
20315,83.33,-184.69,0
20327,83.33,-182.19,0
20338,90.91,-177.91,0
20349,90.91,-178.40,0
20361,83.33,-184.18,0
20372,90.91,-187.18,0
20384,90.91,-183.46,0
20396,76.92,-176.86,0
20407,90.91,-175.48,0
20418,90.91,-179.62,0
20429,90.91,-183.10,0
20441,83.33,-180.86,0
20453,83.33,-176.60,0
20464,90.91,-176.95,0
20475,90.91,-182.43,0
20487,83.33,-187.37,0
20498,90.91,-185.45,0
20509,90.91,-180.09,0
20521,83.33,-178.35,0
20533,83.33,-181.51,0
20544,90.91,-185.23,0
20555,90.91,-182.05,0
20567,83.33,-176.15,0
20578,90.91,-174.33,0
20590,83.33,-179.45,0
20601,90.91,-184.94,0
20613,83.33,-184.61,0
20624,90.91,-180.80,0
20635,90.91,-179.13,0
20646,90.91,-182.79,0
20659,76.92,-187.49,0
20670,90.91,-186.02,0
20681,90.91,-179.32,0
20692,90.91,-175.11,0
20704,83.33,-177.70,0
20715,90.91,-182.52,0
20727,83.33,-182.61,0
20739,83.33,-177.20,0
20750,90.91,-174.91,0
20761,90.91,-180.12,0
20772,90.91,-186.08,0
20785,83.33,-186.50,0
20796,83.33,-181.74,0
20807,90.91,-178.90,0
20818,90.91,-180.51,0
20830,83.33,-184.26,0
20841,90.91,-183.34,0
20853,83.33,-177.95,0
20865,83.33,-173.88,0
20876,90.91,-176.35,0
20887,90.91,-182.42,0
20898,90.91,-184.86,0
20910,83.33,-181.50,0
20922,83.33,-177.61,0
20933,90.91,-179.93,0
20944,90.91,-185.67,0
20956,83.33,-186.37,0
20967,90.91,-180.87,0
20978,90.91,-175.55,0
20990,83.33,-176.17,0
21002,83.33,-182.37,0
21013,90.91,-184.30,0
21024,90.91,-180.10,0
21036,83.33,-176.33,0
21047,90.91,-178.94,0
21059,83.33,-185.18,0
21070,90.91,-187.43,0
21082,83.33,-184.21,0
21093,90.91,-178.47,0
21104,90.91,-178.20,0
21116,90.91,-183.21,0
21128,83.33,-185.82,0
21139,90.91,-181.54,0
21150,90.91,-175.36,0
21161,90.91,-175.72,0
21173,83.33,-180.83,0
21185,83.33,-184.78,0
21196,90.91,-182.44,0
21208,83.33,-177.99,0
21219,90.91,-178.11,0
21230,90.91,-183.16,0
21241,90.91,-186.74,0
21254,76.92,-183.37,0
21265,90.91,-177.66,0
21276,90.91,-176.65,0
21287,90.91,-180.37,0
21299,83.33,-184.00,0
21310,90.91,-182.10,0
21322,83.33,-176.86,0
21334,83.33,-176.28,0
21345,90.91,-182.12,0
21356,90.91,-186.99,0
21367,90.91,-185.30,0
21379,83.33,-180.25,0
21391,83.33,-176.94,0
21402,90.91,-180.59,0
21413,90.91,-184.86,0
21425,83.33,-182.60,0
21436,90.91,-177.01,0
21448,90.91,-175.17,0
21459,83.33,-179.48,0
21471,83.33,-184.96,0
21482,90.91,-184.71,0
21493,90.91,-179.90,0
21505,83.33,-178.48,0
21517,83.33,-181.56,0
21528,90.91,-185.82,0
21539,90.91,-185.24,0
21551,83.33,-178.71,0
21562,90.91,-175.55,0
21573,90.91,-178.24,0
21585,83.33,-183.23,0
21597,83.33,-183.89,0
21608,90.91,-179.56,0
21619,90.91,-176.88,0
21630,90.91,-180.29,0
21642,83.33,-186.50,0
21654,83.33,-186.80,0
21665,90.91,-181.45,0
21677,83.33,-176.91,0
21688,90.91,-179.37,0
21699,90.91,-184.31,0
21710,90.91,-184.51,0
21723,76.92,-179.62,0
21734,90.91,-175.68,0
21745,90.91,-178.17,0
21756,90.91,-183.64,0
21768,83.33,-185.93,0
21780,90.91,-181.79,0
21791,83.33,-177.66,0
21803,83.33,-178.89,0
21814,90.91,-184.54,0
21825,90.91,-186.44,0
21836,90.91,-181.11,0
21849,76.92,-175.90,0
21860,90.91,-177.42,0
21871,90.91,-182.30,0
21882,90.91,-184.88,0
21894,83.33,-180.77,0
21905,90.91,-176.25,0
21917,83.33,-177.46,0
21928,90.91,-183.36,0
21940,83.33,-186.39,0
21951,90.91,-182.69,0
21962,90.91,-176.68,0
21974,83.33,-177.02,0
21986,83.33,-182.55,0
21997,90.91,-185.28,0
22008,90.91,-181.89,0
22020,83.33,-176.52,0
22031,90.91,-176.84,0
22042,90.91,-182.12,0
22054,83.33,-186.73,0
22066,83.33,-184.02,0
22077,90.91,-178.12,0
22088,90.91,-177.53,0
22099,90.91,-182.39,0
22112,83.33,-186.45,0
22123,83.33,-183.99,0
22134,90.91,-178.00,0
22146,83.33,-176.82,0
22157,90.91,-181.65,0
22168,90.91,-185.55,0
22180,83.33,-183.40,0
22192,83.33,-178.13,0
22203,90.91,-177.04,0
22214,90.91,-181.28,0
22225,90.91,-186.33,0
22237,83.33,-184.71,0
22249,83.33,-179.30,0
22260,90.91,-176.22,0
22272,83.33,-180.34,0
22283,90.91,-184.89,0
22294,90.91,-183.23,0
22305,90.91,-178.27,0
22318,76.92,-176.23,0
22329,90.91,-180.40,0
22340,90.91,-185.63,0
22351,90.91,-185.09,0
22363,83.33,-179.90,0
22374,90.91,-177.55,0
22386,83.33,-179.65,0
22397,90.91,-184.94,0
22409,83.33,-184.62,0
22420,90.91,-178.91,0
22431,90.91,-175.55,0
22444,83.33,-178.90,0
22455,83.33,-184.55,0
22466,90.91,-185.34,0
22477,90.91,-180.64,0
22489,83.33,-177.38,0
22500,90.91,-179.89,0
22512,83.33,-184.69,0
22523,90.91,-184.89,0
22535,83.33,-179.37,0
22546,90.91,-174.98,0
22557,90.91,-177.23,0
22568,90.91,-183.55,0
22581,76.92,-184.92,0
22592,90.91,-180.11,0
22603,90.91,-176.40,0
22615,83.33,-178.29,0
22626,90.91,-184.42,0
22637,90.91,-186.17,0
22649,83.33,-181.51,0
22661,83.33,-176.84,0
22672,90.91,-178.30,0
22683,90.91,-183.59,0
22694,90.91,-185.35,0
22707,83.33,-180.64,0
22718,83.33,-175.60,0
22729,90.91,-176.49,0
22740,90.91,-182.69,0
22752,83.33,-185.73,0
22763,90.91,-182.72,0
22775,83.33,-177.87,0
22787,83.33,-178.43,0
22798,90.91,-183.14,0
22809,90.91,-185.95,0
22820,90.91,-182.27,0
22832,83.33,-176.48,0
22844,83.33,-176.52,0
22855,90.91,-181.57,0
22866,90.91,-185.36,0
22878,83.33,-182.13,0
22889,90.91,-177.58,0
22900,90.91,-177.41,0
22913,76.92,-182.85,0
22924,90.91,-186.42,0
22935,90.91,-183.95,0
22946,90.91,-178.90,0
22958,83.33,-177.18,0
22969,90.91,-181.49,0
22981,83.33,-185.30,0
22992,90.91,-182.75,0
23004,83.33,-177.03,0
23015,90.91,-175.61,0
23026,90.91,-180.61,0
23038,90.91,-185.42,0
23050,76.92,-183.84,0
23061,90.91,-179.05,0
23072,90.91,-177.48,0
23084,83.33,-181.80,0
23095,90.91,-186.13,0
23107,83.33,-184.12,0
23118,90.91,-177.53,0
23130,83.33,-175.61,0
23141,90.91,-179.01,0
23152,90.91,-183.92,0
23163,90.91,-183.92,0
23176,76.92,-179.04,0
23187,90.91,-176.71,0
23198,90.91,-180.56,0
23209,90.91,-185.93,0
23221,83.33,-185.04,0
23232,90.91,-179.75,0
23244,83.33,-176.58,0
23256,83.33,-179.47,0
23267,90.91,-183.75,0
23278,90.91,-183.56,0
23289,90.91,-178.61,0
23301,83.33,-175.71,0
23313,83.33,-178.80,0
23324,90.91,-184.78,0
23335,90.91,-185.50,0
23347,83.33,-180.98,0
23358,90.91,-177.30,0
23369,90.91,-179.44,0
23382,76.92,-184.26,0
23393,90.91,-184.92,0
23404,90.91,-180.12,0
23415,90.91,-175.97,0
23427,83.33,-178.00,0
23439,90.91,-183.12,0
23450,83.33,-184.58,0
23461,90.91,-181.02,0
23473,83.33,-176.70,0
23484,90.91,-179.34,0
23495,90.91,-185.01,0
23507,83.33,-186.82,0
23519,83.33,-181.96,0
23530,90.91,-176.83,0
23541,90.91,-177.70,0
23553,83.33,-182.85,0
23564,90.91,-184.60,0
23576,83.33,-179.77,0
23587,90.91,-175.64,0
23599,83.33,-176.80,0
23610,90.91,-182.96,0
23621,90.91,-186.26,0
23632,90.91,-182.56,0
23645,76.92,-178.00,0
23656,90.91,-178.37,0
23667,90.91,-183.57,0
23678,90.91,-185.85,0
23690,83.33,-181.94,0
23702,90.91,-176.74,0
23713,83.33,-175.78,0
23725,83.33,-181.09,0
23736,90.91,-185.06,0
23747,90.91,-182.97,0
23758,90.91,-178.35,0
23771,83.33,-178.30,0
23782,83.33,-183.07,0
23793,90.91,-186.17,0
23804,90.91,-183.64,0
23816,83.33,-177.99,0
23827,90.91,-176.28,0
23839,83.33,-179.90,0
23851,83.33,-184.16,0
23862,90.91,-182.93,0
23873,90.91,-177.81,0
23884,90.91,-176.86,0
23896,83.33,-181.97,0
23908,83.33,-186.46,0
23919,90.91,-184.76,0
23930,90.91,-179.08,0
23942,83.33,-176.67,0
23953,90.91,-180.50,0
23964,90.91,-185.17,0
23976,83.33,-183.70,0
23988,83.33,-178.06,0
23999,90.91,-175.93,0
24010,90.91,-179.25,0
24022,83.33,-185.03,0
24033,90.91,-184.48,0
24045,83.33,-179.20,0
24056,90.91,-177.13,0
24068,83.33,-180.48,0
24079,90.91,-185.12,0
24090,90.91,-184.67,0
24102,90.91,-178.80,0
24114,76.92,-175.24,0
24125,90.91,-178.40,0
24136,90.91,-183.72,0
24147,90.91,-184.30,0
24159,83.33,-179.97,0
24171,83.33,-177.09,0
24182,90.91,-180.11,0
24194,83.33,-186.29,0
24205,90.91,-187.25,0
24216,90.91,-181.80,0
24227,90.91,-176.91,0
24240,76.92,-178.99,0
24251,90.91,-183.85,0
24262,90.91,-184.45,0
24273,90.91,-179.17,0
24285,83.33,-175.42,0
24296,90.91,-176.80,0
24308,83.33,-183.34,0
24320,83.33,-186.00,0
24331,90.91,-181.93,0
24342,90.91,-178.27,0
24353,90.91,-179.39,0
24365,83.33,-184.89,0
24377,83.33,-186.11,0
24388,90.91,-181.30,0
24399,90.91,-175.76,0
24411,83.33,-176.59,0
24422,90.91,-181.85,0
24433,90.91,-184.57,0
24445,83.33,-180.67,0
24457,83.33,-176.88,0
24468,90.91,-177.83,0
24479,90.91,-183.65,0
24491,83.33,-187.15,0
24503,90.91,-183.89,0
24514,83.33,-178.58,0
24525,90.91,-178.18,0
24537,83.33,-182.75,0
24548,90.91,-185.45,0
24559,90.91,-181.63,0
24571,83.33,-175.76,0
24583,83.33,-175.78,0
24594,90.91,-181.03,0
24605,90.91,-185.45,0
24616,90.91,-183.28,0
24628,83.33,-177.87,0
24640,83.33,-177.38,0
24651,90.91,-182.55,0
24663,83.33,-186.81,0
24674,90.91,-183.06,0
24685,90.91,-177.22,0
24696,90.91,-175.86,0
24709,76.92,-179.71,0
24720,90.91,-183.52,0
24731,90.91,-181.96,0
24742,90.91,-177.41,0
24754,83.33,-177.12,0
24765,90.91,-182.13,0
24777,83.33,-186.30,0
24788,90.91,-184.81,0
24800,83.33,-179.68,0
24811,90.91,-176.24,0
24822,90.91,-179.91,0
24835,83.33,-184.28,0
24846,83.33,-182.95,0
24857,90.91,-177.65,0
24868,90.91,-175.46,0
24880,83.33,-179.41,0
24891,90.91,-185.03,0
24903,83.33,-184.91,0
24914,90.91,-180.01,0
24926,83.33,-177.53,0
24937,90.91,-180.65,0
24948,90.91,-185.87,0
24960,83.33,-185.60,0
24972,83.33,-179.11,0
24983,90.91,-175.25,0
24994,90.91,-177.37,0
25006,83.33,-182.75,0
25017,90.91,-183.68,0
25028,90.91,-179.66,0
25040,83.33,-176.36,0
25052,83.33,-179.45,0
25063,90.91,-185.85,0
25074,90.91,-187.15,0
25085,90.91,-182.03,0
25097,83.33,-176.90,0
25109,83.33,-178.41,0
25120,90.91,-183.49,0
25132,83.33,-184.27,0
25143,90.91,-179.61,0
25154,90.91,-174.67,0
25165,90.91,-176.85,0
25178,76.92,-182.73,0
25189,90.91,-186.25,0
25200,90.91,-182.43,0
25211,90.91,-177.46,0
25223,83.33,-178.05,0
25235,90.91,-183.66,0
25246,83.33,-186.15,0
25257,90.91,-181.03,0
25269,83.33,-175.77,0
25280,90.91,-176.15,0
25291,90.91,-180.89,0
25304,76.92,-183.44,0
25315,90.91,-180.60,0
25326,90.91,-176.84,0
25337,90.91,-177.71,0
25349,83.33,-183.38,0
25360,90.91,-186.64,0
25372,83.33,-183.05,0
25383,90.91,-177.83,0
25395,83.33,-177.05,0
25406,90.91,-181.36,0
25417,90.91,-184.17,0
25428,90.91,-180.61,0
25441,76.92,-175.69,0
25452,90.91,-176.14,0
25463,90.91,-181.40,0
25475,83.33,-185.94,0
25486,90.91,-184.59,0
25497,90.91,-179.35,0
25509,83.33,-178.00,0
25521,83.33,-182.14,0
25532,90.91,-186.58,0
25543,90.91,-184.08,0
25554,90.91,-177.35,0
25567,83.33,-175.02,0
25578,83.33,-178.44,0
25589,90.91,-183.52,0
25601,83.33,-182.87,0
25612,90.91,-178.66,0
25623,90.91,-177.39,0
25635,83.33,-181.26,0
25647,83.33,-186.82,0
25658,90.91,-185.56,0
25669,90.91,-180.46,0
25680,90.91,-176.69,0
25692,83.33,-179.61,0
25704,83.33,-184.10,0
25715,90.91,-183.24,0
25726,90.91,-177.39,0
25738,83.33,-174.81,0
25749,90.91,-179.72,0
25760,90.91,-185.91,0
25773,76.92,-185.95,0
25784,90.91,-180.60,0
25795,90.91,-177.78,0
25806,90.91,-180.77,0
25818,83.33,-185.53,0
25829,90.91,-185.08,0
25841,83.33,-178.62,0
25852,90.91,-174.00,0
25864,83.33,-176.81,0
25875,90.91,-182.86,0
25886,90.91,-184.23,0
25899,90.91,-180.17,0
25910,76.92,-177.32,0
25921,90.91,-180.02,0
25932,90.91,-185.74,0
25944,83.33,-187.16,0
25955,90.91,-182.19,0
25967,83.33,-176.46,0
25978,90.91,-177.21,0
25990,83.33,-181.57,0
26001,90.91,-183.40,0
26012,90.91,-179.09,0
26023,90.91,-175.50,0
26036,76.92,-178.13,0
26047,90.91,-184.80,0
26058,90.91,-187.24,0
26070,83.33,-183.64,0
26081,90.91,-178.71,0
26092,90.91,-179.49,0
26104,83.33,-184.25,0
26116,83.33,-185.58,0
26127,90.91,-181.04,0
26138,90.91,-175.62,0
26149,90.91,-176.29,0
26161,83.33,-181.87,0
26173,83.33,-185.59,0
26184,90.91,-183.51,0
26195,90.91,-178.50,0
26207,83.33,-178.98,0
26218,90.91,-184.03,0
26229,90.91,-187.51,0
26242,76.92,-184.29,0
26253,90.91,-178.12,0
26264,90.91,-176.19,0
26275,90.91,-179.78,0
26287,83.33,-183.53,0
26299,90.91,-181.93,0
26310,83.33,-176.91,0
26321,90.91,-176.62,0
26333,83.33,-181.94,0
26344,90.91,-186.96,0
26355,90.91,-185.14,0
26368,76.92,-179.99,0
26379,90.91,-178.03,0
26390,90.91,-181.10,0
26401,90.91,-185.13,0
26413,83.33,-182.92,0
26424,90.91,-176.37,0
26436,83.33,-174.17,0
26447,90.91,-179.16,0
26459,83.33,-184.38,0
26470,90.91,-184.15,0
26481,90.91,-179.19,0
26492,90.91,-177.16,0
26505,76.92,-181.67,0
26516,90.91,-186.75,0
26527,90.91,-185.05,0
26539,83.33,-178.57,0
26550,90.91,-175.33,0
26561,90.91,-178.32,0
26573,83.33,-182.99,0
26585,83.33,-183.14,0
26596,90.91,-178.24,0
26607,90.91,-175.66,0
26618,90.91,-180.15,0
26631,83.33,-186.32,0
26642,83.33,-186.79,0
26653,90.91,-180.85,0
26664,90.91,-176.50,0
26676,83.33,-178.59,0
26687,90.91,-183.61,0
26699,83.33,-184.15,0
26711,83.33,-178.94,0
26722,90.91,-175.16,0
26733,90.91,-176.79,0
26744,90.91,-182.64,0
26756,83.33,-185.05,0
26768,83.33,-181.70,0
26779,90.91,-177.71,0
26790,90.91,-179.86,0
26802,83.33,-185.08,0
26813,90.91,-186.38,0
26824,90.91,-181.40,0
26836,83.33,-176.09,0
26848,83.33,-177.39,0
26859,90.91,-182.77,0
26870,90.91,-184.87,0
26882,83.33,-180.71,0
26893,90.91,-176.05,0
26905,83.33,-177.72,0
26916,90.91,-183.48,0
26928,83.33,-186.31,0
26939,90.91,-183.38,0
26950,90.91,-179.17,0
26962,90.91,-178.55,0
26974,76.92,-182.88,0
26985,90.91,-185.65,0
26996,90.91,-181.94,0
27008,83.33,-175.92,0
27019,90.91,-175.36,0
27031,83.33,-181.65,0
27042,90.91,-185.82,0
27054,83.33,-182.91,0
27065,90.91,-178.67,0
27076,90.91,-178.48,0
27087,90.91,-183.22,0
27100,76.92,-186.61,0
27111,90.91,-183.29,0
27122,90.91,-177.13,0
27133,90.91,-175.44,0
27145,83.33,-179.91,0
27156,90.91,-184.22,0
27168,83.33,-182.43,0
27180,83.33,-177.49,0
27191,90.91,-176.75,0
27202,90.91,-182.06,0
27213,90.91,-186.84,0
27225,83.33,-185.39,0
27237,83.33,-179.40,0
27248,90.91,-177.16,0
27259,90.91,-180.70,0
27271,83.33,-185.13,0
27282,90.91,-183.92,0
27293,90.91,-178.30,0
27305,83.33,-175.38,0
27317,83.33,-179.30,0
27328,90.91,-185.11,0
27339,90.91,-184.62,0
27351,83.33,-179.24,0
27363,90.91,-176.94,0
27374,83.33,-180.14,0
27385,90.91,-185.25,0
27397,83.33,-184.84,0
27408,90.91,-179.32,0
27419,90.91,-175.68,0
27431,83.33,-177.95,0
27443,83.33,-183.52,0
27454,90.91,-183.83,0
27465,90.91,-178.72,0
27476,90.91,-176.40,0
27488,83.33,-179.86,0
27500,83.33,-185.54,0
27511,90.91,-186.31,0
27523,83.33,-181.84,0
27534,90.91,-177.40,0
27545,90.91,-178.96,0
27556,90.91,-183.16,0
27569,76.92,-184.53,0
27580,90.91,-179.67,0
27591,90.91,-175.32,0
27602,90.91,-177.43,0
27614,83.33,-183.12,0
27625,90.91,-186.12,0
27637,83.33,-181.94,0
27649,83.33,-177.62,0
27660,90.91,-178.54,0
27671,90.91,-183.36,0
27682,90.91,-185.78,0
27695,83.33,-181.07,0
27706,83.33,-175.67,0
27717,90.91,-176.31,0
27728,90.91,-181.91,0
27740,83.33,-185.18,0
27751,90.91,-182.13,0
27763,83.33,-176.83,0
27774,90.91,-177.96,0
27786,83.33,-183.58,0
27797,90.91,-186.73,0
27808,90.91,-182.89,0
27820,83.33,-176.89,0
27832,83.33,-176.45,0
27843,90.91,-181.59,0
27854,90.91,-185.45,0
27866,83.33,-182.21,0
27877,90.91,-177.08,0
27888,90.91,-176.82,0
27900,83.33,-181.82,0
27912,83.33,-186.09,0
27923,90.91,-184.65,0
27934,90.91,-179.18,0
27945,90.91,-177.51,0
27957,83.33,-181.54,0
27969,83.33,-185.32,0
27980,90.91,-182.86,0
27992,83.33,-176.93,0
28003,90.91,-175.12,0
28014,90.91,-178.85,0
28026,90.91,-183.65,0
28038,76.92,-183.45,0
28049,90.91,-178.68,0
28060,90.91,-176.83,0
28071,90.91,-181.07,0
28083,83.33,-186.26,0
28095,83.33,-184.95,0
28106,90.91,-179.23,0
28118,83.33,-176.04,0
28129,90.91,-179.45,0
28140,90.91,-184.20,0
28151,90.91,-183.23,0
28164,76.92,-178.20,0
28175,90.91,-175.17,0
28186,90.91,-179.29,0
28197,90.91,-185.06,0
28209,83.33,-185.67,0
28220,90.91,-180.79,0
28232,83.33,-176.41,0
28243,90.91,-179.33,0
28255,83.33,-184.42,0
28266,90.91,-184.85,0
28277,90.91,-179.40,0
28289,83.33,-175.16,0
28301,83.33,-177.17,0
28312,90.91,-183.38,0
28323,90.91,-185.43,0
28335,83.33,-181.21,0
28346,90.91,-177.28,0
28358,90.91,-179.31,0
28369,83.33,-184.28,0
28381,83.33,-186.27,0
28392,90.91,-181.65,0
28403,90.91,-176.89,0
28414,90.91,-177.46,0
28427,76.92,-181.77,0
28438,90.91,-184.41,0
28449,90.91,-180.41,0
28461,83.33,-175.60,0
28472,90.91,-177.01,0
28483,90.91,-183.90,0
28495,83.33,-187.28,0
28507,83.33,-183.75,0
28518,90.91,-178.46,0
28529,90.91,-177.91,0
28540,90.91,-182.46,0
28552,83.33,-184.84,0
28564,83.33,-181.32,0
28575,90.91,-176.08,0
28587,83.33,-175.30,0
28598,90.91,-180.65,0
28609,90.91,-185.01,0
28620,90.91,-183.66,0
28633,76.92,-178.29,0
28644,90.91,-177.71,0
28655,90.91,-182.87,0
28666,90.91,-187.15,0
28678,83.33,-183.82,0
28690,90.91,-177.92,0
28701,83.33,-175.95,0
28712,90.91,-180.48,0
28724,83.33,-184.95,0
28735,90.91,-182.74,0
28746,90.91,-176.98,0
28759,76.92,-175.94,0
28770,90.91,-180.99,0
28781,90.91,-186.09,0
28792,90.91,-185.32,0
28804,83.33,-180.16,0
28815,90.91,-176.92,0
28827,83.33,-180.36,0
28838,90.91,-184.79,0
28850,83.33,-183.92,0
28861,90.91,-177.74,0
28872,90.91,-174.77,0
28883,90.91,-178.62,0
28896,76.92,-183.92,0
28907,90.91,-184.62,0
28918,90.91,-180.19,0
28930,83.33,-177.71,0
28941,90.91,-181.10,0
28952,90.91,-186.06,0
28964,83.33,-186.16,0
28976,83.33,-180.68,0
28987,90.91,-175.73,0
28998,90.91,-177.35,0
29009,90.91,-182.77,0
29022,83.33,-183.71,0
29033,83.33,-179.58,0
29044,90.91,-176.87,0
29056,83.33,-179.65,0
29067,90.91,-185.97,0
29078,90.91,-186.93,0
29090,83.33,-182.47,0
29102,83.33,-177.25,0
29113,90.91,-178.41,0
29124,90.91,-183.40,0
29135,90.91,-184.52,0
29147,83.33,-179.34,0
29159,83.33,-174.86,0
29170,90.91,-177.57,0
29181,90.91,-183.53,0
29193,83.33,-186.79,0
29204,90.91,-183.02,0
29215,90.91,-177.98,0
29228,76.92,-178.40,0
29239,90.91,-183.59,0
29250,90.91,-186.21,0
29261,90.91,-182.04,0
29273,83.33,-176.58,0
29284,90.91,-176.56,0
29296,83.33,-181.53,0
29307,90.91,-184.99,0
29319,83.33,-182.18,0
29330,90.91,-177.40,0
29341,90.91,-177.49,0
29353,90.91,-182.19,0
29365,76.92,-186.22,0
29376,90.91,-183.73,0
29387,90.91,-178.35,0
29399,83.33,-177.32,0
29410,90.91,-181.15,0
29422,83.33,-184.91,0
29433,90.91,-182.90,0
29445,83.33,-177.54,0
29456,90.91,-176.40,0
29467,90.91,-181.36,0
29478,90.91,-185.37,0
29491,76.92,-183.91,0
29502,90.91,-178.84,0
29513,90.91,-177.23,0
29524,90.91,-181.53,0
29536,83.33,-186.17,0
29547,90.91,-184.56,0
29559,83.33,-178.80,0
29571,83.33,-175.32,0
29582,90.91,-179.26,0
29593,90.91,-184.29,0
29604,90.91,-183.68,0
29616,83.33,-178.84,0
29628,83.33,-176.89,0
29639,90.91,-180.23,0
29650,90.91,-185.65,0
29662,83.33,-186.17,0
29673,90.91,-180.20,0
29685,90.91,-176.23,0
29697,76.92,-178.27,0
29708,90.91,-183.52,0
29719,90.91,-184.29,0
29730,90.91,-179.25,0
29742,83.33,-175.36,0
29754,90.91,-178.08,0
29765,90.91,-184.30,0
29776,90.91,-185.62,0
29788,83.33,-180.91,0
29799,90.91,-177.12,0
29810,90.91,-177.70,0
29822,83.33,-183.37,0
29834,83.33,-185.62,0
29845,90.91,-180.82,0
29856,90.91,-175.64,0
29868,83.33,-176.73,0
29879,90.91,-182.87,0
29891,83.33,-185.24,0
29902,90.91,-181.32,0
29914,83.33,-176.33,0
29925,90.91,-178.42,0
29936,90.91,-184.30,0
29947,90.91,-186.20,0
29960,76.92,-182.02,0
29971,90.91,-176.71,0
29982,90.91,-177.56,0
29993,90.91,-182.10,0
30005,83.33,-185.21,0
30016,90.91,-181.81,0
30028,83.33,-176.64,0
30040,83.33,-177.27,0
30051,90.91,-182.43,0
30062,90.91,-186.69,0
30073,90.91,-184.14,0
30086,83.33,-178.83,0
30097,83.33,-177.35,0
30108,90.91,-181.14,0
30119,90.91,-185.06,0
30131,83.33,-182.27,0
30142,90.91,-176.73,0
30154,83.33,-176.07,0
30166,83.33,-180.87,0
30177,90.91,-185.07,0
30188,90.91,-183.59,0
30199,90.91,-178.45,0
30211,83.33,-177.20,0
30223,83.33,-181.67,0
30234,90.91,-185.96,0
30245,90.91,-184.47,0
30257,83.33,-178.76,0
30268,90.91,-176.26,0
30279,90.91,-179.97,0
30291,83.33,-184.48,0
30303,83.33,-183.64,0
30314,90.91,-178.40,0
30325,90.91,-176.49,0
30337,83.33,-180.49,0
30348,90.91,-186.07,0
30360,83.33,-185.93,0
30371,90.91,-180.85,0
30383,83.33,-177.52,0
30394,90.91,-180.19,0
30405,90.91,-184.86,0
30416,90.91,-184.22,0
30429,76.92,-179.19,0
30440,90.91,-175.56,0
30451,90.91,-178.63,0
30462,90.91,-183.95,0
30474,83.33,-185.36,0
30486,90.91,-181.35,0
30497,83.33,-177.75,0
30509,83.33,-180.55,0
30520,90.91,-186.19,0
30531,90.91,-186.48,0
30542,90.91,-181.26,0
30555,76.92,-176.61,0
30566,90.91,-177.79,0
30577,90.91,-183.26,0
30588,90.91,-184.93,0
30600,83.33,-180.68,0
30611,90.91,-176.52,0
30623,83.33,-179.11,0
30635,83.33,-184.45,0
30646,90.91,-186.54,0
30657,90.91,-182.39,0
30668,90.91,-177.15,0
30680,83.33,-178.33,0
30692,83.33,-183.42,0
30703,90.91,-185.62,0
30714,90.91,-181.51,0
30726,83.33,-176.11,0
30737,90.91,-176.40,0
30748,90.91,-181.60,0
30760,83.33,-185.46,0
30772,83.33,-182.45,0
30783,90.91,-177.75,0
30794,90.91,-177.66,0
30806,83.33,-182.55,0
30818,90.91,-186.58,0
30829,83.33,-182.77,0
30840,90.91,-177.93,0
30852,83.33,-177.15,0
30863,90.91,-181.75,0
30874,90.91,-185.39,0
30886,83.33,-182.66,0
30898,83.33,-177.41,0
30909,90.91,-176.58,0
30920,90.91,-181.07,0
30931,90.91,-186.17,0
30943,83.33,-184.30,0
30955,83.33,-178.64,0
30966,90.91,-177.17,0
30978,83.33,-180.96,0
30989,90.91,-185.03,0
31000,90.91,-183.46,0
31011,90.91,-177.91,0
31024,76.92,-176.52,0
31035,90.91,-180.08,0
31046,90.91,-185.16,0
31057,90.91,-184.61,0
31069,83.33,-179.02,0
31080,90.91,-176.94,0
31092,83.33,-180.61,0
31104,83.33,-185.60,0
31115,90.91,-184.59,0
31126,90.91,-178.81,0
31137,90.91,-175.13,0
31150,83.33,-178.71,0
31161,83.33,-184.24,0
31172,90.91,-183.83,0
31183,90.91,-179.12,0
31195,83.33,-175.98,0
31206,90.91,-178.90,0
31218,83.33,-184.82,0
31229,90.91,-185.39,0
31241,83.33,-180.57,0
31252,90.91,-176.72,0
31263,90.91,-179.13,0
31275,83.33,-184.03,0
31287,83.33,-184.94,0
31298,90.91,-179.66,0
31309,90.91,-175.82,0
31321,83.33,-177.69,0
31332,90.91,-183.64,0
31343,90.91,-185.11,0
31355,83.33,-180.49,0
31367,83.33,-177.25,0
31378,90.91,-178.84,0
31389,90.91,-183.58,0
31400,90.91,-185.82,0
31412,83.33,-181.86,0
31424,83.33,-176.82,0
31435,90.91,-177.78,0
31447,83.33,-182.62,0
31458,90.91,-185.03,0
31469,90.91,-181.54,0
31481,90.91,-177.65,0
31493,76.92,-177.58,0
31504,90.91,-182.77,0
31515,90.91,-185.78,0
31526,90.91,-182.50,0
31538,83.33,-177.58,0
31550,83.33,-177.29,0
31561,90.91,-182.69,0
31572,90.91,-186.23,0
31584,83.33,-183.76,0
31595,90.91,-178.14,0
31606,90.91,-176.85,0
31619,76.92,-181.34,0
31630,90.91,-185.17,0
31641,90.91,-183.24,0
31652,90.91,-177.95,0
31664,83.33,-176.30,0
31675,90.91,-181.21,0
31687,83.33,-186.28,0
31698,90.91,-184.30,0
31710,83.33,-178.90,0
31721,90.91,-177.65,0
31732,90.91,-181.31,0
31744,83.33,-185.59,0
31756,83.33,-183.88,0
31767,90.91,-178.37,0
31778,90.91,-176.09,0
31790,83.33,-180.17,0
31801,90.91,-186.12,0
31813,90.91,-184.91,0
31824,83.33,-179.66,0
31836,83.33,-177.06,0
31847,90.91,-181.06,0
31858,90.91,-186.13,0
31869,90.91,-185.24,0
31882,76.92,-180.01,0
31893,90.91,-176.45,0
31904,90.91,-179.85,0
31916,83.33,-185.08,0
31927,90.91,-184.74,0
31938,90.91,-179.10,0
31950,83.33,-176.23,0
31962,83.33,-179.04,0
31973,90.91,-184.29,0
31984,90.91,-185.07,0
31995,90.91,-180.28,0
32007,83.33,-177.51,0
32019,83.33,-179.73,0
32030,90.91,-185.32,0
32041,90.91,-185.84,0
32053,83.33,-180.17,0
32064,90.91,-176.11,0
32075,90.91,-178.39,0
32088,76.92,-183.71,0
32099,90.91,-185.48,0
32110,90.91,-181.28,0
32121,90.91,-178.15,0
32133,83.33,-179.22,0
32145,90.91,-184.63,0
32156,83.33,-186.29,0
32167,90.91,-181.84,0
32179,83.33,-176.67,0
32190,90.91,-177.77,0
32201,90.91,-183.17,0
32214,76.92,-184.48,0
32225,90.91,-181.25,0
32236,90.91,-177.56,0
32247,90.91,-177.68,0
32259,83.33,-183.11,0
32270,90.91,-186.59,0
32282,83.33,-182.87,0
32293,90.91,-177.83,0
32305,83.33,-178.11,0
32316,90.91,-183.01,0
32327,90.91,-185.99,0
32338,90.91,-182.44,0
32351,76.92,-177.06,0
32362,90.91,-176.96,0
32373,90.91,-181.19,0
32385,83.33,-185.07,0
32396,90.91,-183.18,0
32407,90.91,-178.15,0
32419,83.33,-178.32,0
32431,83.33,-183.22,0
32442,90.91,-187.24,0
32453,90.91,-184.02,0
32464,90.91,-178.12,0
32477,83.33,-175.90,0
32488,83.33,-180.24,0
32499,90.91,-184.93,0
32510,90.91,-182.75,0
32522,83.33,-177.53,0
32533,90.91,-176.08,0
32545,90.91,-181.02,0
32557,76.92,-186.60,0
32568,90.91,-185.16,0
32579,90.91,-179.70,0
32590,90.91,-177.00,0
32602,83.33,-180.72,0
32614,83.33,-184.54,0
32625,90.91,-183.75,0
32636,90.91,-177.99,0
32648,83.33,-175.42,0
32659,90.91,-178.82,0
32670,90.91,-184.18,0
32683,76.92,-184.39,0
32694,90.91,-179.32,0
32705,90.91,-177.04,0
32716,90.91,-180.49,0
32728,83.33,-185.02,0
32739,90.91,-185.42,0
32751,83.33,-179.81,0
32762,90.91,-176.11,0
32774,83.33,-179.00,0
32785,90.91,-184.31,0
32796,90.91,-184.95,0
32807,90.91,-180.10,0
32820,76.92,-176.05,0
32831,90.91,-178.48,0
32842,90.91,-184.14,0
32854,83.33,-185.60,0
32865,90.91,-181.12,0
32877,90.91,-176.81,0
32888,83.33,-177.95,0
32900,83.33,-183.70,0
32911,90.91,-185.55,0
32922,90.91,-180.69,0
32933,90.91,-176.08,0
32946,76.92,-177.60,0
32957,90.91,-183.03,0
32968,90.91,-185.92,0
32979,90.91,-182.45,0
32991,83.33,-177.79,0
33002,90.91,-177.74,0
33014,83.33,-182.85,0
33026,83.33,-185.59,0
33037,90.91,-181.58,0
33048,90.91,-176.75,0
33059,90.91,-176.73,0
33071,83.33,-182.13,0
33083,83.33,-185.55,0
33094,90.91,-182.47,0
33105,90.91,-176.98,0
33117,83.33,-176.72,0
33128,90.91,-182.08,0
33139,90.91,-185.62,0
33152,76.92,-183.19,0
33163,90.91,-177.72,0
33174,90.91,-177.04,0
33185,90.91,-181.50,0
33197,83.33,-185.35,0
33209,90.91,-183.10,0
33220,83.33,-177.42,0
33231,90.91,-175.96,0
33243,83.33,-180.74,0
33254,90.91,-185.67,0
33265,90.91,-184.62,0
33277,83.33,-178.88,0
33289,83.33,-177.27,0
33300,90.91,-181.00,0
33311,90.91,-185.61,0
33323,83.33,-183.69,0
33334,90.91,-177.55,0
33346,83.33,-175.94,0
33357,90.91,-180.11,0
33369,83.33,-185.38,0
33380,90.91,-184.83,0
33391,90.91,-179.30,0
33402,90.91,-177.08,0
33415,76.92,-181.04,0
33426,90.91,-186.41,0
33437,90.91,-185.14,0
33448,90.91,-179.13,0
33460,83.33,-175.61,0
33471,90.91,-178.52,0
33483,83.33,-183.66,0
33495,83.33,-183.97,0
33506,90.91,-179.57,0
33517,90.91,-176.38,0
33528,90.91,-179.80,0
33541,83.33,-184.65,0
33552,83.33,-185.58,0
33563,90.91,-181.47,0
33574,90.91,-177.40,0
33586,83.33,-178.53,0
33597,90.91,-183.91,0
33609,83.33,-184.84,0
33620,90.91,-180.66,0
33632,83.33,-175.64,0
33643,90.91,-177.72,0
33654,90.91,-183.40,0
33666,83.33,-185.72,0
33678,83.33,-181.29,0
33689,90.91,-177.34,0
33700,90.91,-178.61,0
33712,83.33,-183.53,0
33723,90.91,-185.73,0
33734,90.91,-181.69,0
33746,83.33,-176.89,0
33758,83.33,-177.45,0
33769,90.91,-182.84,0
33780,90.91,-186.21,0
33792,83.33,-182.17,0
33803,90.91,-177.20,0
33815,83.33,-178.04,0
33826,90.91,-183.20,0
33838,83.33,-186.71,0
33849,90.91,-182.88,0
33860,90.91,-177.52,0
33872,90.91,-177.25,0
33884,76.92,-182.73,0
33895,90.91,-185.99,0
33906,90.91,-182.53,0
33917,90.91,-176.74,0
33929,83.33,-175.69,0
33941,90.91,-181.23,0
33952,83.33,-185.64,0
33964,83.33,-183.77,0
33975,90.91,-178.26,0
33986,90.91,-176.63,0
33997,90.91,-180.89,0
34010,76.92,-185.15,0
34021,90.91,-183.85,0
34032,90.91,-179.00,0
34043,90.91,-176.58,0
34055,83.33,-180.53,0
34066,90.91,-185.53,0
34078,83.33,-184.31,0
34089,90.91,-178.85,0
34101,83.33,-176.85,0
34112,90.91,-179.92,0
34123,90.91,-184.58,0
34135,83.33,-183.59,0
34147,83.33,-177.96,0
34158,90.91,-175.23,0
34169,90.91,-179.55,0
34181,83.33,-185.83,0
34192,90.91,-185.22,0
34203,90.91,-180.33,0
34215,83.33,-176.67,0
34227,83.33,-179.37,0
34238,90.91,-184.87,0
34249,90.91,-185.15,0
34260,90.91,-181.10,0
34273,83.33,-176.74,0
34284,83.33,-178.88,0
34295,90.91,-184.35,0
34307,83.33,-185.38,0
34318,90.91,-180.69,0
34329,90.91,-176.70,0
34341,83.33,-178.59,0
34353,83.33,-183.35,0
34364,90.91,-185.61,0
34375,90.91,-180.58,0
34386,90.91,-176.59,0
34398,83.33,-178.30,0
34410,83.33,-183.61,0
34421,90.91,-186.29,0
34433,83.33,-181.75,0
34444,90.91,-176.49,0
34455,90.91,-177.39,0
34466,90.91,-182.76,0
34479,76.92,-185.82,0
34490,90.91,-182.29,0
34501,90.91,-177.23,0
34512,90.91,-177.37,0
34524,83.33,-183.00,0
34535,90.91,-185.69,0
34547,83.33,-182.58,0
34558,90.91,-176.66,0
34570,83.33,-177.05,0
34581,90.91,-182.68,0
34592,90.91,-185.70,0
34604,83.33,-182.38,0
34616,83.33,-177.48,0
34627,90.91,-176.81,0
34638,90.91,-182.01,0
34650,83.33,-185.48,0
34661,90.91,-183.14,0
34673,90.91,-178.81,0
34684,83.33,-177.34,0
34696,83.33,-181.58,0
34707,90.91,-185.51,0
34718,90.91,-183.44,0
34729,90.91,-177.91,0
34742,76.92,-176.85,0
34753,90.91,-180.77,0
34764,90.91,-185.44,0
34776,83.33,-183.31,0
34787,90.91,-178.78,0
34798,90.91,-177.73,0
34810,83.33,-181.14,0
34822,83.33,-186.41,0
34833,90.91,-184.31,0
34844,90.91,-179.43,0
34855,90.91,-176.54,0
34867,83.33,-180.01,0
34879,83.33,-184.35,0
34890,90.91,-183.76,0
34902,83.33,-179.49,0
34913,90.91,-177.07,0
34924,90.91,-180.00,0
34935,90.91,-185.15,0
34948,76.92,-185.32,0
34959,90.91,-180.41,0
34970,90.91,-177.17,0
34981,90.91,-179.17,0
34993,83.33,-184.17,0
35004,90.91,-185.42,0
35016,83.33,-180.29,0
35027,90.91,-176.18,0
35039,83.33,-177.82,0
35050,90.91,-183.40,0
35061,90.91,-185.28,0
35074,83.33,-180.61,0
35085,83.33,-177.00,0
35096,90.91,-178.72,0
35107,90.91,-184.17,0
35119,83.33,-186.01,0
35130,90.91,-181.20,0
35142,83.33,-175.36,0
35153,90.91,-176.70,0
35165,83.33,-182.38,0
35176,90.91,-185.19,0
35187,90.91,-181.16,0
35198,90.91,-176.03,0
35211,76.92,-176.62,0
35222,90.91,-182.84,0
35233,90.91,-186.15,0
35245,83.33,-183.01,0
35256,90.91,-177.38,0
35267,90.91,-177.00,0
35279,83.33,-182.50,0
35291,83.33,-184.95,0
35302,90.91,-181.74,0
35313,90.91,-176.04,0
35324,90.91,-176.01,0
35336,83.33,-181.35,0
35348,83.33,-185.60,0
35359,90.91,-182.21,0
35371,83.33,-177.52,0
35382,90.91,-177.59,0
35393,90.91,-182.12,0
35405,90.91,-186.68,0
35417,76.92,-182.77,0
35428,90.91,-177.12,0
35439,90.91,-176.19,0
35450,90.91,-181.00,0
35462,83.33,-185.05,0
35474,83.33,-182.56,0
35485,90.91,-177.28,0
35496,90.91,-176.08,0
35508,83.33,-180.81,0
35519,90.91,-185.73,0
35530,90.91,-184.32,0
35543,76.92,-178.91,0
35554,90.91,-176.93,0
35565,90.91,-180.40,0
35576,90.91,-184.82,0
35588,83.33,-183.73,0
35599,90.91,-179.00,0
35611,83.33,-176.20,0
35622,90.91,-179.82,0
35634,83.33,-184.90,0
35645,90.91,-185.42,0
35656,90.91,-179.87,0
35667,90.91,-176.40,0
35680,76.92,-179.47,0
35691,90.91,-184.66,0
35702,90.91,-184.89,0
35714,83.33,-179.41,0
35725,90.91,-176.00,0
35736,90.91,-179.00,0
35748,83.33,-183.96,0
35760,83.33,-184.42,0
35771,90.91,-179.64,0
35782,90.91,-176.42,0
35793,90.91,-179.02,0
35806,83.33,-184.86,0
35817,83.33,-185.72,0
35828,90.91,-181.05,0
35840,83.33,-176.76,0
35851,90.91,-178.83,0
35862,90.91,-183.77,0
35874,83.33,-185.21,0
35886,83.33,-181.13,0
35897,90.91,-176.35,0
35908,90.91,-177.69,0
35919,90.91,-183.16,0
35931,83.33,-186.16,0
35943,83.33,-182.12,0
35954,90.91,-177.30,0
35965,90.91,-177.83,0
35977,83.33,-183.70,0
35988,90.91,-186.03,0
35999,90.91,-181.79,0
36012,76.92,-175.96,0
36023,90.91,-177.39,0
36034,90.91,-182.30,0
36045,90.91,-185.42,0
36057,83.33,-181.71,0
36068,90.91,-176.93,0
36080,83.33,-177.13,0
36091,90.91,-182.08,0
36103,83.33,-186.02,0
36114,90.91,-183.09,0
36125,90.91,-177.69,0
36137,90.91,-177.18,0
36149,76.92,-181.62,0
36160,90.91,-185.17,0
36171,90.91,-182.54,0
36183,83.33,-177.32,0
36194,90.91,-176.60,0
36206,83.33,-181.69,0
36217,90.91,-186.14,0
36229,83.33,-183.74,0
36240,90.91,-178.19,0
36251,90.91,-176.67,0
36262,90.91,-181.46,0
36275,76.92,-184.97,0
36286,90.91,-182.25,0
36297,90.91,-177.04,0
36308,90.91,-175.93,0
36320,83.33,-180.11,0
36331,90.91,-185.23,0
36343,83.33,-184.33,0
36355,83.33,-178.40,0
36366,90.91,-176.73,0
36377,90.91,-180.84,0
36388,90.91,-185.16,0
36400,83.33,-184.00,0
36412,83.33,-178.47,0
36423,90.91,-175.69,0
36434,90.91,-179.56,0
36446,83.33,-184.94,0
36457,90.91,-184.79,0
36469,90.91,-179.88,0
36481,76.92,-177.12,0
36492,90.91,-181.08,0
36503,90.91,-186.09,0
36514,90.91,-185.68,0
36526,83.33,-179.79,0
36538,83.33,-176.95,0
36549,90.91,-179.63,0
36560,90.91,-184.83,0
36572,83.33,-184.58,0
36583,90.91,-179.37,0
36594,90.91,-175.98,0
36606,83.33,-178.63,0
36618,83.33,-184.72,0
36629,90.91,-185.84,0
36640,90.91,-181.46,0
36652,83.33,-177.46,0
36663,90.91,-179.29,0
36675,83.33,-184.40,0
36686,90.91,-185.50,0
36698,83.33,-180.12,0
36709,90.91,-175.62,0
